Time	POS_X	POS_Y	POS_Z	B_X	B_Y	B_Z
2008-01-14T18:52:14	4475.69	-3085.05	18.50	13.46	10.29	11.78
2008-01-14T18:52:16	4470.58	-3073.19	17.87	13.52	10.30	11.67
2008-01-14T18:52:18	4465.44	-3061.29	17.23	13.63	10.31	11.51
2008-01-14T18:52:20	4460.35	-3049.48	16.60	13.79	10.31	11.33
2008-01-14T18:52:22	4455.23	-3037.62	15.96	14.02	10.31	11.11
2008-01-14T18:52:24	4450.11	-3025.75	15.33	14.00	10.35	10.92
2008-01-14T18:52:26	4444.99	-3013.89	14.69	13.88	10.48	10.75
2008-01-14T18:52:28	4439.86	-3002.03	14.06	13.78	10.68	10.57
2008-01-14T18:52:30	4434.73	-2990.16	13.42	13.69	10.97	10.37
2008-01-14T18:52:32	4429.60	-2978.29	12.79	13.63	11.33	10.17
2008-01-14T18:52:34	4424.47	-2966.42	12.15	13.95	11.44	10.09
2008-01-14T18:52:36	4419.33	-2954.55	11.52	14.31	11.48	10.03
2008-01-14T18:52:38	4414.19	-2942.67	10.88	14.69	11.43	10.10
2008-01-14T18:52:40	4409.05	-2930.80	10.25	15.00	11.40	10.12
2008-01-14T18:52:42	4403.91	-2918.92	9.61	15.23	11.38	10.11
2008-01-14T18:52:44	4398.76	-2907.04	8.98	15.23	10.83	10.14
2008-01-14T18:52:46	4393.62	-2895.16	8.34	15.20	10.30	10.21
2008-01-14T18:52:48	4388.46	-2883.28	7.71	15.15	9.79	10.31
2008-01-14T18:52:50	4383.31	-2871.39	7.07	15.07	9.29	10.43
2008-01-14T18:52:52	4378.15	-2859.51	6.44	15.11	8.89	10.65
2008-01-14T18:52:54	4372.99	-2847.62	5.80	15.66	8.72	11.07
2008-01-14T18:52:56	4367.83	-2835.73	5.17	16.29	8.51	11.42
2008-01-14T18:52:58	4362.67	-2823.84	4.53	16.99	8.24	11.72
2008-01-14T18:53:00	4357.50	-2811.95	3.90	17.47	7.89	11.94
2008-01-14T18:53:02	4352.33	-2800.05	3.26	17.64	7.58	12.17
2008-01-14T18:53:04	4347.16	-2788.15	2.63	17.56	7.26	12.42
2008-01-14T18:53:06	4341.98	-2776.26	1.99	17.56	6.87	12.63
2008-01-14T18:53:08	4336.80	-2764.35	1.36	17.64	6.40	12.80
2008-01-14T18:53:10	4331.62	-2752.45	0.72	17.80	5.84	12.92
2008-01-14T18:53:12	4326.44	-2740.55	0.09	17.97	5.56	13.17
2008-01-14T18:53:14	4321.25	-2728.64	-0.55	18.17	5.52	13.56
2008-01-14T18:53:16	4316.06	-2716.74	-1.19	18.43	5.51	14.03
2008-01-14T18:53:18	4310.87	-2704.83	-1.82	18.77	5.52	14.59
2008-01-14T18:53:20	4305.68	-2692.91	-2.45	19.18	5.57	15.23
2008-01-14T18:53:22	4300.48	-2681.00	-3.09	19.08	5.48	16.17
2008-01-14T18:53:24	4295.28	-2669.08	-3.73	18.90	5.22	17.11
2008-01-14T18:53:26	4290.08	-2657.17	-4.36	18.70	4.88	17.99
2008-01-14T18:53:28	4284.87	-2645.25	-4.99	18.49	4.46	18.83
2008-01-14T18:53:30	4279.66	-2633.33	-5.63	18.28	3.97	19.62
2008-01-14T18:53:32	4274.45	-2621.41	-6.27	17.90	3.58	20.34
2008-01-14T18:53:34	4269.23	-2609.48	-6.90	17.63	3.15	21.00
2008-01-14T18:53:36	4264.01	-2597.56	-7.54	17.46	2.71	21.61
2008-01-14T18:53:38	4258.79	-2585.63	-8.17	17.38	2.23	22.17
2008-01-14T18:53:40	4253.57	-2573.70	-8.81	17.38	1.79	22.74
2008-01-14T18:53:42	4248.34	-2561.77	-9.44	17.28	1.58	23.53
2008-01-14T18:53:44	4243.11	-2549.83	-10.08	17.13	1.49	24.58
2008-01-14T18:53:46	4237.88	-2537.90	-10.71	16.96	1.32	25.61
2008-01-14T18:53:48	4232.64	-2525.96	-11.35	16.78	1.07	26.63
2008-01-14T18:53:50	4227.40	-2514.02	-11.98	16.73	0.77	27.46
2008-01-14T18:53:52	4222.16	-2502.08	-12.62	16.84	0.48	28.13
2008-01-14T18:53:54	4216.92	-2490.13	-13.25	16.90	0.20	28.86
2008-01-14T18:53:56	4211.67	-2478.19	-13.89	16.90	-0.05	29.63
2008-01-14T18:53:58	4206.42	-2466.24	-14.52	16.86	-0.29	30.47
2008-01-14T18:54:00	4201.16	-2454.30	-15.16	16.67	-0.54	31.29
2008-01-14T18:54:02	4195.90	-2442.34	-15.79	16.48	-0.76	32.08
2008-01-14T18:54:04	4190.64	-2430.39	-16.43	16.36	-0.94	32.86
2008-01-14T18:54:06	4185.38	-2418.44	-17.06	16.25	-1.01	33.63
2008-01-14T18:54:08	4180.11	-2406.48	-17.70	16.05	-1.05	34.41
2008-01-14T18:54:10	4174.84	-2394.52	-18.33	15.59	-1.22	34.90
2008-01-14T18:54:12	4169.56	-2382.56	-18.97	15.15	-1.45	35.22
2008-01-14T18:54:14	4164.29	-2370.60	-19.60	14.77	-1.72	35.41
2008-01-14T18:54:16	4159.01	-2358.64	-20.24	14.47	-2.02	35.47
2008-01-14T18:54:18	4153.72	-2346.67	-20.87	14.19	-2.32	35.34
2008-01-14T18:54:20	4148.43	-2334.70	-21.51	13.49	-2.33	34.57
2008-01-14T18:54:22	4143.14	-2322.73	-22.14	12.84	-2.38	33.77
2008-01-14T18:54:24	4137.85	-2310.76	-22.77	12.23	-2.48	32.94
2008-01-14T18:54:26	4132.55	-2298.79	-23.41	11.61	-2.62	32.10
2008-01-14T18:54:28	4127.25	-2286.81	-24.05	10.94	-2.88	31.59
2008-01-14T18:54:30	4121.95	-2274.83	-24.68	10.32	-3.31	31.66
2008-01-14T18:54:32	4116.64	-2262.85	-25.32	9.78	-3.77	31.70
2008-01-14T18:54:34	4111.33	-2250.87	-25.95	9.34	-4.27	31.70
2008-01-14T18:54:36	4106.01	-2238.89	-26.58	8.99	-4.80	31.66
2008-01-14T18:54:38	4100.70	-2226.91	-27.22	9.14	-5.15	31.71
2008-01-14T18:54:40	4095.37	-2214.92	-27.86	9.62	-5.32	31.84
2008-01-14T18:54:42	4090.05	-2202.93	-28.49	10.06	-5.48	31.94
2008-01-14T18:54:44	4084.72	-2190.94	-29.12	10.46	-5.63	32.02
2008-01-14T18:54:46	4079.39	-2178.94	-29.76	10.81	-5.77	32.07
2008-01-14T18:54:48	4074.05	-2166.95	-30.39	10.53	-5.71	31.77
2008-01-14T18:54:50	4068.71	-2154.95	-31.03	10.03	-5.46	31.30
2008-01-14T18:54:52	4063.37	-2142.95	-31.66	9.51	-5.15	30.70
2008-01-14T18:54:54	4058.03	-2130.95	-32.30	8.97	-4.80	29.98
2008-01-14T18:54:56	4052.67	-2118.95	-32.93	8.41	-4.38	29.12
2008-01-14T18:54:58	4047.32	-2106.94	-33.56	8.00	-4.18	28.70
2008-01-14T18:55:00	4041.96	-2094.94	-34.20	7.54	-4.04	28.39
2008-01-14T18:55:02	4036.60	-2082.93	-34.83	7.04	-3.96	28.19
2008-01-14T18:55:04	4031.24	-2070.92	-35.47	6.48	-3.95	28.07
2008-01-14T18:55:06	4025.87	-2058.90	-36.10	5.96	-3.96	28.07
2008-01-14T18:55:08	4020.49	-2046.89	-36.74	5.80	-3.90	28.20
2008-01-14T18:55:10	4015.12	-2034.87	-37.37	5.76	-3.90	28.42
2008-01-14T18:55:12	4009.74	-2022.85	-38.01	5.73	-3.91	28.63
2008-01-14T18:55:14	4004.35	-2010.83	-38.64	5.70	-3.91	28.81
2008-01-14T18:55:16	3998.96	-1998.81	-39.27	5.69	-3.87	28.83
2008-01-14T18:55:18	3993.57	-1986.78	-39.91	5.70	-3.76	28.70
2008-01-14T18:55:20	3988.18	-1974.76	-40.54	5.71	-3.66	28.56
2008-01-14T18:55:22	3982.78	-1962.73	-41.18	5.72	-3.55	28.41
2008-01-14T18:55:24	3977.37	-1950.70	-41.81	5.72	-3.44	28.25
2008-01-14T18:55:26	3971.97	-1938.67	-42.44	5.38	-3.30	27.99
2008-01-14T18:55:28	3966.55	-1926.63	-43.08	4.93	-3.23	27.72
2008-01-14T18:55:30	3961.14	-1914.59	-43.71	4.53	-3.24	27.53
2008-01-14T18:55:32	3955.72	-1902.55	-44.34	4.29	-3.22	27.46
2008-01-14T18:55:34	3950.29	-1890.51	-44.98	4.13	-3.10	27.34
2008-01-14T18:55:36	3944.87	-1878.47	-45.61	4.33	-2.74	26.95
2008-01-14T18:55:38	3939.43	-1866.43	-46.25	4.49	-2.46	26.47
2008-01-14T18:55:40	3934.00	-1854.38	-46.88	4.59	-2.25	25.92
2008-01-14T18:55:42	3928.56	-1842.33	-47.51	4.62	-2.12	25.28
2008-01-14T18:55:44	3923.11	-1830.28	-48.15	4.52	-2.14	24.67
2008-01-14T18:55:46	3917.66	-1818.23	-48.78	4.15	-2.39	24.38
2008-01-14T18:55:48	3912.21	-1806.17	-49.41	3.76	-2.66	24.09
2008-01-14T18:55:50	3906.75	-1794.11	-50.05	3.36	-2.95	23.78
2008-01-14T18:55:52	3901.29	-1782.06	-50.68	3.02	-3.18	23.49
2008-01-14T18:55:54	3895.82	-1770.00	-51.31	2.68	-3.28	23.43
2008-01-14T18:55:56	3890.35	-1757.93	-51.95	2.26	-3.33	23.64
2008-01-14T18:55:58	3884.88	-1745.87	-52.58	1.84	-3.40	23.85
2008-01-14T18:56:00	3879.40	-1733.80	-53.21	1.41	-3.51	24.08
2008-01-14T18:56:02	3873.91	-1721.73	-53.85	0.98	-3.64	24.32
2008-01-14T18:56:04	3868.43	-1709.66	-54.48	0.87	-3.77	24.82
2008-01-14T18:56:06	3862.94	-1697.59	-55.11	0.90	-3.84	25.48
2008-01-14T18:56:08	3857.44	-1685.51	-55.74	0.97	-3.86	26.22
2008-01-14T18:56:10	3851.94	-1673.43	-56.38	1.08	-3.83	27.06
2008-01-14T18:56:12	3846.43	-1661.36	-57.01	1.19	-3.74	27.85
2008-01-14T18:56:14	3840.92	-1649.28	-57.64	1.26	-3.73	27.82
2008-01-14T18:56:16	3835.41	-1637.19	-58.27	1.36	-3.70	27.65
2008-01-14T18:56:18	3829.89	-1625.11	-58.91	1.49	-3.66	27.34
2008-01-14T18:56:20	3824.36	-1613.02	-59.54	1.65	-3.60	26.90
2008-01-14T18:56:22	3818.83	-1600.93	-60.17	1.72	-3.56	26.36
2008-01-14T18:56:24	3813.30	-1588.84	-60.80	1.45	-3.62	25.98
2008-01-14T18:56:26	3807.76	-1576.75	-61.44	1.11	-3.74	25.69
2008-01-14T18:56:28	3802.22	-1564.65	-62.07	0.71	-3.90	25.48
2008-01-14T18:56:30	3796.67	-1552.55	-62.70	0.24	-4.11	25.35
2008-01-14T18:56:32	3791.12	-1540.45	-63.33	-0.07	-4.43	25.58
2008-01-14T18:56:34	3785.56	-1528.36	-63.96	-0.13	-4.74	26.28
2008-01-14T18:56:36	3780.00	-1516.25	-64.60	-0.17	-5.01	26.98
2008-01-14T18:56:38	3774.43	-1504.15	-65.23	-0.20	-5.24	27.68
2008-01-14T18:56:40	3768.86	-1492.04	-65.86	-0.21	-5.43	28.39
2008-01-14T18:56:42	3763.28	-1479.93	-66.49	-0.09	-5.56	28.64
2008-01-14T18:56:44	3757.70	-1467.82	-67.12	0.14	-5.63	28.75
2008-01-14T18:56:46	3752.11	-1455.71	-67.75	0.45	-5.66	28.82
2008-01-14T18:56:48	3746.52	-1443.59	-68.38	0.85	-5.65	28.86
2008-01-14T18:56:50	3740.92	-1431.47	-69.02	1.27	-5.61	28.83
2008-01-14T18:56:52	3735.32	-1419.36	-69.65	1.24	-5.83	28.56
2008-01-14T18:56:54	3729.71	-1407.24	-70.28	1.12	-6.04	28.20
2008-01-14T18:56:56	3724.10	-1395.11	-70.91	1.00	-6.19	27.85
2008-01-14T18:56:58	3718.48	-1382.99	-71.54	0.90	-6.26	27.52
2008-01-14T18:57:00	3712.86	-1370.86	-72.17	1.05	-6.18	27.40
2008-01-14T18:57:02	3707.23	-1358.73	-72.80	1.56	-5.97	27.59
2008-01-14T18:57:04	3701.60	-1346.60	-73.43	2.08	-5.82	27.78
2008-01-14T18:57:06	3695.96	-1334.47	-74.06	2.59	-5.74	27.95
2008-01-14T18:57:08	3690.31	-1322.33	-74.69	3.11	-5.71	28.12
2008-01-14T18:57:10	3684.67	-1310.20	-75.32	3.62	-5.51	28.28
2008-01-14T18:57:12	3679.01	-1298.06	-75.95	4.13	-5.23	28.46
2008-01-14T18:57:14	3673.35	-1285.92	-76.58	4.60	-4.97	28.75
2008-01-14T18:57:16	3667.69	-1273.78	-77.21	4.99	-4.73	29.11
2008-01-14T18:57:18	3662.02	-1261.63	-77.84	5.32	-4.51	29.46
2008-01-14T18:57:20	3656.34	-1249.48	-78.47	5.78	-4.12	29.56
2008-01-14T18:57:22	3650.66	-1237.34	-79.10	6.26	-3.74	29.61
2008-01-14T18:57:24	3644.97	-1225.19	-79.73	6.78	-3.38	29.64
2008-01-14T18:57:26	3639.27	-1213.03	-80.36	7.31	-3.04	29.66
2008-01-14T18:57:28	3633.58	-1200.88	-80.99	7.75	-2.72	29.58
2008-01-14T18:57:30	3627.87	-1188.72	-81.62	7.84	-2.43	29.32
2008-01-14T18:57:32	3622.16	-1176.56	-82.25	7.88	-2.12	29.11
2008-01-14T18:57:34	3616.45	-1164.40	-82.87	7.94	-1.83	29.00
2008-01-14T18:57:36	3610.72	-1152.24	-83.50	8.03	-1.57	28.95
2008-01-14T18:57:38	3605.00	-1140.08	-84.13	8.29	-1.18	28.84
2008-01-14T18:57:40	3599.26	-1127.91	-84.76	8.69	-0.63	28.70
2008-01-14T18:57:42	3593.52	-1115.75	-85.39	9.10	-0.02	28.59
2008-01-14T18:57:44	3587.78	-1103.58	-86.01	9.52	0.65	28.51
2008-01-14T18:57:46	3582.03	-1091.40	-86.64	9.94	1.40	28.47
2008-01-14T18:57:48	3576.27	-1079.23	-87.27	10.18	1.84	28.80
2008-01-14T18:57:50	3570.51	-1067.06	-87.90	10.40	2.20	29.18
2008-01-14T18:57:52	3564.74	-1054.88	-88.53	10.64	2.53	29.54
2008-01-14T18:57:54	3558.96	-1042.70	-89.15	10.81	2.69	29.79
2008-01-14T18:57:56	3553.18	-1030.52	-89.78	10.89	2.63	29.96
2008-01-14T18:57:58	3547.40	-1018.34	-90.41	10.85	2.18	30.38
2008-01-14T18:58:00	3541.60	-1006.16	-91.03	10.93	1.74	30.74
2008-01-14T18:58:02	3535.80	-993.97	-91.66	11.13	1.33	31.05
2008-01-14T18:58:04	3530.00	-981.78	-92.29	11.45	0.95	31.31
2008-01-14T18:58:06	3524.18	-969.59	-92.91	11.81	0.86	31.52
2008-01-14T18:58:08	3518.37	-957.40	-93.54	12.09	1.11	31.87
2008-01-14T18:58:10	3512.54	-945.21	-94.16	12.35	1.40	32.44
2008-01-14T18:58:12	3506.71	-933.01	-94.79	12.60	1.72	33.23
2008-01-14T18:58:14	3500.87	-920.82	-95.42	12.66	2.15	34.12
2008-01-14T18:58:16	3495.03	-908.62	-96.04	12.94	2.74	35.06
2008-01-14T18:58:18	3489.18	-896.42	-96.67	13.30	3.40	36.02
2008-01-14T18:58:20	3483.32	-884.22	-97.29	13.66	4.08	36.94
2008-01-14T18:58:22	3477.46	-872.02	-97.92	14.03	4.76	37.84
2008-01-14T18:58:24	3471.59	-859.81	-98.54	14.41	5.42	38.62
2008-01-14T18:58:26	3465.71	-847.60	-99.17	14.91	5.81	38.43
2008-01-14T18:58:28	3459.83	-835.39	-99.79	15.44	6.12	38.32
2008-01-14T18:58:30	3453.94	-823.19	-100.42	15.99	6.35	38.28
2008-01-14T18:58:32	3448.04	-810.98	-101.04	16.55	6.52	38.33
2008-01-14T18:58:34	3442.14	-798.76	-101.66	16.93	6.56	38.11
2008-01-14T18:58:36	3436.23	-786.55	-102.28	17.17	6.49	37.79
2008-01-14T18:58:38	3430.31	-774.33	-102.91	17.42	6.44	37.65
2008-01-14T18:58:40	3424.38	-762.11	-103.53	17.70	6.42	37.69
2008-01-14T18:58:42	3418.45	-749.89	-104.15	18.00	6.42	37.90
2008-01-14T18:58:44	3412.52	-737.67	-104.78	18.34	6.75	38.47
2008-01-14T18:58:46	3406.57	-725.45	-105.40	18.79	7.05	39.05
2008-01-14T18:58:48	3400.62	-713.22	-106.02	19.35	7.18	39.53
2008-01-14T18:58:50	3394.66	-701.00	-106.65	20.02	7.12	39.93
2008-01-14T18:58:52	3388.69	-688.77	-107.26	20.75	6.94	40.17
2008-01-14T18:58:54	3382.72	-676.54	-107.89	21.01	6.97	40.48
2008-01-14T18:58:56	3376.74	-664.31	-108.51	21.32	7.04	40.94
2008-01-14T18:58:58	3370.75	-652.08	-109.13	21.68	7.16	41.53
2008-01-14T18:59:00	3364.75	-639.85	-109.75	22.09	7.31	42.27
2008-01-14T18:59:02	3358.75	-627.61	-110.37	22.55	7.55	43.04
2008-01-14T18:59:04	3352.74	-615.38	-110.99	22.94	7.93	43.60
2008-01-14T18:59:06	3346.72	-603.14	-111.61	23.20	8.32	44.06
2008-01-14T18:59:08	3340.70	-590.90	-112.23	23.32	8.71	44.43
2008-01-14T18:59:10	3334.67	-578.66	-112.85	23.32	9.10	44.68
2008-01-14T18:59:12	3328.63	-566.42	-113.47	23.34	9.16	45.21
2008-01-14T18:59:14	3322.58	-554.18	-114.09	23.37	9.22	45.55
2008-01-14T18:59:16	3316.52	-541.94	-114.71	23.36	9.45	45.63
2008-01-14T18:59:18	3310.46	-529.69	-115.33	23.31	9.85	45.43
2008-01-14T18:59:20	3304.39	-517.44	-115.95	23.21	10.42	44.99
2008-01-14T18:59:22	3298.31	-505.19	-116.56	23.42	11.14	45.50
2008-01-14T18:59:24	3292.23	-492.95	-117.18	23.72	11.88	45.98
2008-01-14T18:59:26	3286.13	-480.70	-117.80	24.09	12.61	46.46
2008-01-14T18:59:28	3280.03	-468.45	-118.42	24.52	13.33	46.90
2008-01-14T18:59:30	3273.92	-456.19	-119.03	24.69	13.71	47.26
2008-01-14T18:59:32	3267.80	-443.94	-119.65	24.48	13.53	47.64
2008-01-14T18:59:34	3261.68	-431.68	-120.27	24.48	13.39	48.16
2008-01-14T18:59:36	3255.55	-419.43	-120.88	24.70	13.29	48.83
2008-01-14T18:59:38	3249.41	-407.17	-121.50	25.13	13.24	49.65
2008-01-14T18:59:40	3243.26	-394.91	-122.11	25.84	13.46	50.88
2008-01-14T18:59:42	3237.10	-382.65	-122.73	26.71	13.82	52.17
2008-01-14T18:59:44	3230.93	-370.39	-123.34	27.68	14.22	53.38
2008-01-14T18:59:46	3224.76	-358.13	-123.96	28.76	14.65	54.53
2008-01-14T18:59:48	3218.58	-345.87	-124.57	29.86	15.09	55.64
2008-01-14T18:59:50	3212.39	-333.61	-125.19	29.57	15.42	57.26
2008-01-14T18:59:52	3206.19	-321.35	-125.80	29.26	15.61	58.61
2008-01-14T18:59:54	3199.98	-309.08	-126.41	28.93	15.67	59.70
2008-01-14T18:59:56	3193.76	-296.81	-127.03	28.59	15.60	60.54
2008-01-14T18:59:58	3187.54	-284.55	-127.64	28.07	15.40	60.89
2008-01-14T19:00:00	3181.31	-272.28	-128.25	27.33	15.09	60.84
2008-01-14T19:00:02	3175.07	-260.01	-128.86	26.76	14.70	60.89
2008-01-14T19:00:04	3168.82	-247.75	-129.47	26.36	14.22	61.06
2008-01-14T19:00:06	3162.56	-235.48	-130.09	26.14	13.67	61.35
2008-01-14T19:00:08	3156.29	-223.21	-130.70	26.58	13.50	61.09
2008-01-14T19:00:10	3150.02	-210.94	-131.31	27.14	13.48	60.62
2008-01-14T19:00:12	3143.73	-198.66	-131.92	27.63	13.52	60.10
2008-01-14T19:00:14	3137.44	-186.39	-132.53	28.06	13.61	59.53
2008-01-14T19:00:16	3131.13	-174.12	-133.14	28.42	13.75	58.94
2008-01-14T19:00:18	3124.83	-161.85	-133.74	28.60	13.23	59.25
2008-01-14T19:00:20	3118.51	-149.57	-134.35	28.55	12.64	59.64
2008-01-14T19:00:22	3112.18	-137.30	-134.96	28.30	11.99	60.12
2008-01-14T19:00:24	3105.84	-125.03	-135.57	27.83	11.28	60.69
2008-01-14T19:00:26	3099.49	-112.75	-136.17	27.37	11.03	61.31
2008-01-14T19:00:28	3093.14	-100.48	-136.78	26.95	10.90	61.47
2008-01-14T19:00:30	3086.77	-88.20	-137.39	26.56	10.69	61.50
2008-01-14T19:00:32	3080.40	-75.93	-137.99	26.20	10.40	61.40
2008-01-14T19:00:34	3074.01	-63.65	-138.60	25.85	10.03	61.15
2008-01-14T19:00:36	3067.62	-51.37	-139.21	25.62	9.93	60.62
2008-01-14T19:00:38	3061.22	-39.10	-139.81	25.52	9.94	60.18
2008-01-14T19:00:40	3054.81	-26.82	-140.42	25.50	9.93	59.94
2008-01-14T19:00:42	3048.39	-14.54	-141.02	25.57	9.89	59.90
2008-01-14T19:00:44	3041.96	-2.27	-141.62	25.57	9.62	59.99
2008-01-14T19:00:46	3035.52	10.01	-142.23	25.67	8.96	60.85
2008-01-14T19:00:48	3029.07	22.28	-142.83	25.74	8.51	61.79
2008-01-14T19:00:50	3022.61	34.56	-143.43	25.77	8.29	62.80
2008-01-14T19:00:52	3016.14	46.84	-144.03	25.75	8.28	63.85
2008-01-14T19:00:54	3009.66	59.11	-144.63	25.96	8.57	64.68
2008-01-14T19:00:56	3003.18	71.39	-145.24	26.65	8.95	65.12
2008-01-14T19:00:58	2996.68	83.67	-145.84	27.38	9.19	65.55
2008-01-14T19:01:00	2990.17	95.94	-146.44	28.16	9.29	65.98
2008-01-14T19:01:02	2983.66	108.22	-147.03	28.85	9.33	66.17
2008-01-14T19:01:04	2977.13	120.49	-147.63	29.38	9.11	66.40
2008-01-14T19:01:06	2970.60	132.77	-148.23	29.84	8.94	66.82
2008-01-14T19:01:08	2964.05	145.04	-148.83	30.25	8.95	67.41
2008-01-14T19:01:10	2957.49	157.31	-149.43	30.61	9.17	68.19
2008-01-14T19:01:12	2950.93	169.59	-150.03	30.95	9.61	69.14
2008-01-14T19:01:14	2944.35	181.86	-150.62	31.53	10.17	69.89
2008-01-14T19:01:16	2937.76	194.13	-151.22	32.21	10.59	70.71
2008-01-14T19:01:18	2931.17	206.40	-151.81	32.98	10.89	71.47
2008-01-14T19:01:20	2924.56	218.67	-152.41	33.78	11.26	71.94
2008-01-14T19:01:22	2917.95	230.94	-153.00	34.30	11.85	72.10
2008-01-14T19:01:24	2911.32	243.21	-153.60	34.42	12.54	71.91
2008-01-14T19:01:26	2904.68	255.48	-154.19	34.62	13.26	71.69
2008-01-14T19:01:28	2898.04	267.75	-154.78	34.90	14.01	71.45
2008-01-14T19:01:30	2891.38	280.02	-155.37	35.27	14.78	71.17
2008-01-14T19:01:32	2884.71	292.28	-155.96	36.25	15.17	71.77
2008-01-14T19:01:34	2878.04	304.55	-156.56	37.54	15.50	72.79
2008-01-14T19:01:36	2871.35	316.81	-157.15	38.89	15.98	74.60
2008-01-14T19:01:38	2864.65	329.07	-157.74	40.04	16.48	76.60
2008-01-14T19:01:40	2857.94	341.33	-158.33	40.96	16.92	78.44
2008-01-14T19:01:42	2851.22	353.59	-158.91	41.87	17.12	79.75
2008-01-14T19:01:44	2844.49	365.85	-159.50	42.78	17.37	80.74
2008-01-14T19:01:46	2837.75	378.11	-160.09	43.71	17.68	81.40
2008-01-14T19:01:48	2831.00	390.37	-160.68	44.65	18.05	81.71
2008-01-14T19:01:50	2824.24	402.62	-161.26	45.65	18.92	81.98
2008-01-14T19:01:52	2817.47	414.87	-161.85	46.91	20.30	82.70
2008-01-14T19:01:54	2810.68	427.12	-162.44	48.59	21.44	84.18
2008-01-14T19:01:56	2803.89	439.37	-163.02	50.15	22.71	85.71
2008-01-14T19:01:58	2797.08	451.62	-163.60	51.55	24.10	87.27
2008-01-14T19:02:00	2790.27	463.87	-164.19	51.92	24.38	88.77
2008-01-14T19:02:02	2783.44	476.11	-164.77	52.04	24.11	89.93
2008-01-14T19:02:04	2776.61	488.36	-165.35	52.21	23.61	90.73
2008-01-14T19:02:06	2769.76	500.60	-165.93	52.44	22.90	91.15
2008-01-14T19:02:08	2762.90	512.84	-166.51	52.82	22.11	91.24
2008-01-14T19:02:10	2756.03	525.07	-167.09	53.78	22.80	91.92
2008-01-14T19:02:12	2749.15	537.31	-167.67	54.66	23.42	92.62
2008-01-14T19:02:14	2742.26	549.54	-168.25	55.48	23.90	93.27
2008-01-14T19:02:16	2735.36	561.77	-168.83	56.24	24.25	93.87
2008-01-14T19:02:18	2728.45	574.00	-169.41	56.69	24.36	94.48
2008-01-14T19:02:20	2721.52	586.23	-169.99	56.83	24.45	95.34
2008-01-14T19:02:22	2714.59	598.45	-170.56	57.06	24.78	96.49
2008-01-14T19:02:24	2707.64	610.67	-171.13	57.39	25.37	97.93
2008-01-14T19:02:26	2700.69	622.89	-171.71	57.86	26.01	99.38
2008-01-14T19:02:28	2693.72	635.11	-172.28	58.46	26.16	100.16
2008-01-14T19:02:30	2686.74	647.32	-172.86	59.00	26.18	100.81
2008-01-14T19:02:32	2679.75	659.53	-173.43	59.41	26.23	101.45
2008-01-14T19:02:34	2672.75	671.74	-174.00	59.69	26.29	102.07
2008-01-14T19:02:36	2665.74	683.95	-174.57	59.85	26.37	102.66
2008-01-14T19:02:38	2658.71	696.15	-175.14	60.23	26.66	102.81
2008-01-14T19:02:40	2651.68	708.35	-175.71	60.75	27.11	103.02
2008-01-14T19:02:42	2644.63	720.55	-176.28	61.55	27.66	103.50
2008-01-14T19:02:44	2637.58	732.74	-176.85	62.56	28.06	104.46
2008-01-14T19:02:46	2630.51	744.93	-177.41	63.21	28.39	105.51
2008-01-14T19:02:48	2623.43	757.12	-177.98	63.46	28.80	106.55
2008-01-14T19:02:50	2616.34	769.31	-178.55	63.74	29.31	107.61
2008-01-14T19:02:52	2609.24	781.49	-179.11	64.05	29.94	108.69
2008-01-14T19:02:54	2602.12	793.66	-179.68	64.39	30.67	109.77
2008-01-14T19:02:56	2595.00	805.84	-180.24	64.74	31.25	110.01
2008-01-14T19:02:58	2587.86	818.01	-180.80	64.87	31.53	109.46
2008-01-14T19:03:00	2580.71	830.18	-181.37	64.81	31.62	108.70
2008-01-14T19:03:02	2573.56	842.34	-181.93	64.54	31.74	108.24
2008-01-14T19:03:04	2566.39	854.50	-182.49	64.08	31.88	108.07
2008-01-14T19:03:06	2559.21	866.65	-183.05	63.98	31.97	108.89
2008-01-14T19:03:08	2552.02	878.81	-183.61	63.85	32.21	109.70
2008-01-14T19:03:10	2544.81	890.96	-184.16	63.67	32.62	110.46
2008-01-14T19:03:12	2537.60	903.10	-184.72	63.45	33.19	111.17
2008-01-14T19:03:14	2530.37	915.24	-185.28	63.79	33.50	111.48
2008-01-14T19:03:16	2523.13	927.38	-185.83	65.38	32.87	110.96
2008-01-14T19:03:18	2515.88	939.51	-186.38	66.71	32.43	110.65
2008-01-14T19:03:20	2508.62	951.64	-186.94	67.81	32.17	110.55
2008-01-14T19:03:22	2501.35	963.76	-187.49	68.65	32.11	110.68
2008-01-14T19:03:24	2494.07	975.88	-188.04	68.94	32.47	111.56
2008-01-14T19:03:26	2486.77	988.00	-188.59	68.93	33.01	112.93
2008-01-14T19:03:28	2479.47	1000.11	-189.14	68.94	33.49	114.26
2008-01-14T19:03:30	2472.15	1012.21	-189.70	68.94	34.10	115.46
2008-01-14T19:03:32	2464.83	1024.31	-190.24	68.82	35.00	116.34
2008-01-14T19:03:34	2457.49	1036.41	-190.79	68.68	35.84	116.63
2008-01-14T19:03:36	2450.14	1048.50	-191.34	68.49	36.48	116.87
2008-01-14T19:03:38	2442.77	1060.59	-191.88	68.22	36.94	117.16
2008-01-14T19:03:40	2435.40	1072.67	-192.43	67.87	37.22	117.47
2008-01-14T19:03:42	2428.02	1084.75	-192.97	67.52	37.37	117.83
2008-01-14T19:03:44	2420.62	1096.82	-193.52	68.10	37.95	118.41
2008-01-14T19:03:46	2413.22	1108.89	-194.06	69.08	38.57	118.99
2008-01-14T19:03:48	2405.80	1120.95	-194.60	70.12	39.23	119.33
2008-01-14T19:03:50	2398.37	1133.01	-195.14	71.11	39.90	119.44
2008-01-14T19:03:52	2390.93	1145.06	-195.68	71.84	40.64	119.57
2008-01-14T19:03:54	2383.47	1157.11	-196.22	72.31	41.46	120.28
2008-01-14T19:03:56	2376.01	1169.15	-196.76	72.97	42.26	121.26
2008-01-14T19:03:58	2368.54	1181.18	-197.29	73.81	43.04	122.50
2008-01-14T19:04:00	2361.05	1193.21	-197.83	74.84	43.80	124.02
2008-01-14T19:04:02	2353.56	1205.24	-198.36	74.78	44.36	125.16
2008-01-14T19:04:04	2346.05	1217.26	-198.90	74.12	44.75	125.63
2008-01-14T19:04:06	2338.54	1229.27	-199.43	73.22	45.00	125.72
2008-01-14T19:04:08	2331.00	1241.28	-199.96	72.08	45.11	125.45
2008-01-14T19:04:10	2323.46	1253.28	-200.49	70.69	45.10	124.82
2008-01-14T19:04:12	2315.91	1265.27	-201.02	70.23	45.25	124.23
2008-01-14T19:04:14	2308.35	1277.26	-201.55	70.08	45.56	123.84
2008-01-14T19:04:16	2300.78	1289.24	-202.08	70.42	46.10	123.93
2008-01-14T19:04:18	2293.19	1301.22	-202.61	71.11	46.76	124.55
2008-01-14T19:04:20	2285.60	1313.19	-203.13	71.63	47.34	125.31
2008-01-14T19:04:22	2277.99	1325.16	-203.66	72.12	47.65	126.16
2008-01-14T19:04:24	2270.38	1337.12	-204.18	72.54	48.02	126.98
2008-01-14T19:04:26	2262.75	1349.07	-204.71	72.90	48.47	127.76
2008-01-14T19:04:28	2255.11	1361.01	-205.23	73.20	48.99	128.51
2008-01-14T19:04:30	2247.46	1372.95	-205.75	73.37	49.36	128.95
2008-01-14T19:04:32	2239.80	1384.89	-206.27	73.33	49.41	128.20
2008-01-14T19:04:34	2232.13	1396.81	-206.79	73.44	49.55	127.51
2008-01-14T19:04:36	2224.45	1408.73	-207.31	73.72	49.78	126.93
2008-01-14T19:04:38	2216.76	1420.64	-207.83	74.17	50.10	126.46
2008-01-14T19:04:40	2209.06	1432.55	-208.34	74.22	50.65	126.16
2008-01-14T19:04:42	2201.35	1444.45	-208.86	73.73	51.33	126.05
2008-01-14T19:04:44	2193.62	1456.34	-209.37	73.23	51.95	126.09
2008-01-14T19:04:46	2185.89	1468.23	-209.89	72.51	52.41	126.26
2008-01-14T19:04:48	2178.14	1480.10	-210.40	71.58	52.78	126.53
2008-01-14T19:04:50	2170.39	1491.98	-210.91	71.11	53.36	127.08
2008-01-14T19:04:52	2162.63	1503.84	-211.42	71.00	53.96	127.64
2008-01-14T19:04:54	2154.85	1515.70	-211.93	71.08	54.49	128.09
2008-01-14T19:04:56	2147.07	1527.55	-212.44	71.34	54.95	128.44
2008-01-14T19:04:58	2139.27	1539.39	-212.95	71.77	55.33	128.67
2008-01-14T19:05:00	2131.47	1551.23	-213.46	71.77	55.75	128.89
2008-01-14T19:05:02	2123.65	1563.05	-213.96	71.34	56.27	129.05
2008-01-14T19:05:04	2115.82	1574.87	-214.46	71.06	56.74	129.30
2008-01-14T19:05:06	2107.99	1586.69	-214.97	70.93	57.15	129.64
2008-01-14T19:05:08	2100.14	1598.49	-215.47	70.97	57.51	130.08
2008-01-14T19:05:10	2092.29	1610.29	-215.97	70.99	57.57	130.00
2008-01-14T19:05:12	2084.42	1622.08	-216.47	70.86	57.77	130.01
2008-01-14T19:05:14	2076.55	1633.86	-216.97	70.57	58.11	130.14
2008-01-14T19:05:16	2068.66	1645.64	-217.47	70.06	58.26	130.10
2008-01-14T19:05:18	2060.77	1657.40	-217.97	69.54	58.21	130.07
2008-01-14T19:05:20	2052.86	1669.16	-218.46	69.01	58.04	129.98
2008-01-14T19:05:22	2044.95	1680.92	-218.96	68.55	57.95	129.83
2008-01-14T19:05:24	2037.03	1692.66	-219.45	68.18	57.95	129.61
2008-01-14T19:05:26	2029.09	1704.40	-219.95	67.87	58.05	129.33
2008-01-14T19:05:28	2021.15	1716.13	-220.44	67.68	58.22	129.14
2008-01-14T19:05:30	2013.20	1727.84	-220.93	67.57	58.62	129.34
2008-01-14T19:05:32	2005.24	1739.55	-221.42	67.46	59.14	129.47
2008-01-14T19:05:34	1997.27	1751.26	-221.91	67.37	59.61	129.51
2008-01-14T19:05:36	1989.29	1762.95	-222.40	67.30	60.03	129.47
2008-01-14T19:05:38	1981.30	1774.64	-222.88	67.21	60.44	129.31
2008-01-14T19:05:40	1973.30	1786.32	-223.37	67.08	60.84	129.20
2008-01-14T19:05:42	1965.29	1797.99	-223.86	66.98	61.17	129.25
2008-01-14T19:05:44	1957.28	1809.66	-224.34	66.72	61.37	129.48
2008-01-14T19:05:46	1949.25	1821.31	-224.82	66.28	61.48	129.80
2008-01-14T19:05:48	1941.22	1832.96	-225.30	65.76	61.63	129.84
2008-01-14T19:05:50	1933.17	1844.59	-225.78	65.27	61.74	129.66
2008-01-14T19:05:52	1925.12	1856.23	-226.26	64.98	61.80	129.58
2008-01-14T19:05:54	1917.06	1867.84	-226.74	64.89	61.81	129.61
2008-01-14T19:05:56	1908.99	1879.46	-227.22	65.01	61.77	129.74
2008-01-14T19:05:58	1900.92	1891.06	-227.70	64.69	61.85	129.39
2008-01-14T19:06:00	1892.83	1902.66	-228.17	63.79	62.11	128.51
2008-01-14T19:06:02	1884.73	1914.24	-228.65	63.01	62.33	127.75
2008-01-14T19:06:04	1876.63	1925.82	-229.12	62.36	62.48	127.11
2008-01-14T19:06:06	1868.52	1937.39	-229.59	61.84	62.58	126.58
2008-01-14T19:06:08	1860.40	1948.95	-230.07	61.05	62.77	126.79
2008-01-14T19:06:10	1852.27	1960.51	-230.54	59.85	62.99	127.39
2008-01-14T19:06:12	1844.13	1972.05	-231.00	58.46	63.09	127.91
2008-01-14T19:06:14	1835.99	1983.58	-231.47	57.28	62.95	128.03
2008-01-14T19:06:16	1827.84	1995.11	-231.94	56.23	62.77	128.01
2008-01-14T19:06:18	1819.68	2006.63	-232.41	55.98	62.74	127.45
2008-01-14T19:06:20	1811.51	2018.14	-232.87	56.04	62.96	126.88
2008-01-14T19:06:22	1803.33	2029.64	-233.34	56.09	63.36	126.53
2008-01-14T19:06:24	1795.15	2041.13	-233.80	56.14	63.96	126.41
2008-01-14T19:06:26	1786.96	2052.61	-234.26	56.08	64.62	126.45
2008-01-14T19:06:28	1778.76	2064.08	-234.72	55.75	64.58	126.63
2008-01-14T19:06:30	1770.55	2075.55	-235.18	55.36	64.34	126.70
2008-01-14T19:06:32	1762.33	2087.01	-235.64	54.91	64.05	126.59
2008-01-14T19:06:34	1754.11	2098.45	-236.10	54.40	63.74	126.30
2008-01-14T19:06:36	1745.88	2109.89	-236.56	53.83	63.40	125.84
2008-01-14T19:06:38	1737.65	2121.32	-237.01	53.51	63.02	125.16
2008-01-14T19:06:40	1729.40	2132.74	-237.47	53.48	62.83	124.66
2008-01-14T19:06:42	1721.15	2144.15	-237.92	53.39	62.91	124.40
2008-01-14T19:06:44	1712.89	2155.55	-238.38	53.27	62.95	124.21
2008-01-14T19:06:46	1704.63	2166.95	-238.83	53.12	62.94	124.09
2008-01-14T19:06:48	1696.35	2178.33	-239.28	52.37	62.80	123.86
2008-01-14T19:06:50	1688.07	2189.71	-239.73	51.44	62.48	123.52
2008-01-14T19:06:52	1679.79	2201.07	-240.18	50.60	62.00	123.14
2008-01-14T19:06:54	1671.49	2212.43	-240.63	49.80	61.45	122.66
2008-01-14T19:06:56	1663.19	2223.78	-241.08	48.97	61.08	122.24
2008-01-14T19:06:58	1654.88	2235.12	-241.52	48.25	61.30	122.03
2008-01-14T19:07:00	1646.57	2246.45	-241.97	47.60	61.65	121.84
2008-01-14T19:07:02	1638.25	2257.77	-242.41	46.95	61.85	121.62
2008-01-14T19:07:04	1629.92	2269.08	-242.86	46.30	61.91	121.37
2008-01-14T19:07:06	1621.59	2280.38	-243.30	45.66	61.82	121.09
2008-01-14T19:07:08	1613.25	2291.68	-243.74	45.32	61.40	120.61
2008-01-14T19:07:10	1604.91	2302.96	-244.18	45.16	60.98	120.04
2008-01-14T19:07:12	1596.55	2314.24	-244.62	44.96	60.75	119.50
2008-01-14T19:07:14	1588.19	2325.51	-245.06	44.72	60.70	118.98
2008-01-14T19:07:16	1579.83	2336.77	-245.50	44.45	60.83	118.47
2008-01-14T19:07:18	1571.46	2348.01	-245.93	44.13	60.98	118.23
2008-01-14T19:07:20	1563.08	2359.26	-246.37	43.80	60.80	118.21
2008-01-14T19:07:22	1554.70	2370.49	-246.80	43.18	60.36	118.28
2008-01-14T19:07:24	1546.31	2381.71	-247.24	42.38	59.87	118.17
2008-01-14T19:07:26	1537.91	2392.92	-247.67	41.51	59.37	117.81
2008-01-14T19:07:28	1529.51	2404.12	-248.10	40.74	59.15	117.32
2008-01-14T19:07:30	1521.11	2415.32	-248.53	40.24	59.25	116.99
2008-01-14T19:07:32	1512.70	2426.50	-248.96	39.88	59.38	116.76
2008-01-14T19:07:34	1504.28	2437.68	-249.39	39.68	59.52	116.62
2008-01-14T19:07:36	1495.85	2448.85	-249.82	39.67	59.58	116.55
2008-01-14T19:07:38	1487.43	2460.01	-250.25	39.40	59.40	116.29
2008-01-14T19:07:40	1478.99	2471.16	-250.68	38.92	58.96	115.93
2008-01-14T19:07:42	1470.55	2482.30	-251.10	38.52	58.62	115.63
2008-01-14T19:07:44	1462.11	2493.43	-251.52	38.22	58.37	115.37
2008-01-14T19:07:46	1453.66	2504.56	-251.95	37.99	58.22	115.15
2008-01-14T19:07:48	1445.20	2515.67	-252.37	37.78	58.26	115.03
2008-01-14T19:07:50	1436.75	2526.77	-252.79	37.17	58.56	115.09
2008-01-14T19:07:52	1428.28	2537.87	-253.22	36.55	58.65	115.03
2008-01-14T19:07:54	1419.81	2548.96	-253.64	35.89	58.55	114.86
2008-01-14T19:07:56	1411.34	2560.03	-254.06	35.21	58.25	114.55
2008-01-14T19:07:58	1402.86	2571.10	-254.47	34.52	57.74	114.10
2008-01-14T19:08:00	1394.37	2582.16	-254.89	34.11	56.97	113.31
2008-01-14T19:08:02	1385.88	2593.21	-255.31	33.77	56.32	112.49
2008-01-14T19:08:04	1377.39	2604.26	-255.72	33.30	55.81	111.55
2008-01-14T19:08:06	1368.89	2615.29	-256.14	32.79	55.35	110.65
2008-01-14T19:08:08	1360.39	2626.32	-256.55	32.24	54.92	109.80
2008-01-14T19:08:10	1351.88	2637.34	-256.97	31.72	54.88	109.28
2008-01-14T19:08:12	1343.36	2648.34	-257.38	31.28	54.92	108.93
2008-01-14T19:08:14	1334.85	2659.34	-257.79	30.90	54.99	108.71
2008-01-14T19:08:16	1326.33	2670.33	-258.20	30.59	55.15	108.76
2008-01-14T19:08:18	1317.80	2681.31	-258.61	30.16	55.29	108.85
2008-01-14T19:08:20	1309.27	2692.28	-259.02	29.63	55.15	108.80
2008-01-14T19:08:22	1300.74	2703.25	-259.43	29.10	54.91	108.63
2008-01-14T19:08:24	1292.20	2714.20	-259.83	28.56	54.67	108.36
2008-01-14T19:08:26	1283.66	2725.15	-260.24	28.01	54.44	108.01
2008-01-14T19:08:28	1275.11	2736.09	-260.64	27.45	54.20	107.57
2008-01-14T19:08:30	1266.56	2747.02	-261.05	27.08	53.72	106.72
2008-01-14T19:08:32	1258.01	2757.93	-261.45	26.79	53.47	105.98
2008-01-14T19:08:34	1249.45	2768.85	-261.86	26.48	53.33	105.41
2008-01-14T19:08:36	1240.89	2779.75	-262.26	26.12	53.31	105.03
2008-01-14T19:08:38	1232.32	2790.65	-262.66	25.74	53.40	104.83
2008-01-14T19:08:40	1223.75	2801.53	-263.06	25.31	53.46	104.71
2008-01-14T19:08:42	1215.18	2812.41	-263.46	24.89	52.91	104.18
2008-01-14T19:08:44	1206.60	2823.28	-263.86	24.53	52.29	103.47
2008-01-14T19:08:46	1198.02	2834.14	-264.26	24.14	51.79	102.76
2008-01-14T19:08:48	1189.44	2844.99	-264.65	23.72	51.40	102.03
2008-01-14T19:08:50	1180.85	2855.83	-265.05	23.26	51.13	101.30
2008-01-14T19:08:52	1172.26	2866.67	-265.45	22.79	51.10	101.18
2008-01-14T19:08:54	1163.66	2877.50	-265.84	22.30	51.08	101.02
2008-01-14T19:08:56	1155.07	2888.32	-266.24	21.99	50.82	100.84
2008-01-14T19:08:58	1146.43	2899.16	-266.63	21.93	50.47	100.58
2008-01-14T19:09:00	1137.86	2909.93	-267.02	21.98	50.18	100.18
2008-01-14T19:09:02	1129.25	2920.72	-267.41	22.27	50.03	99.89
2008-01-14T19:09:04	1120.64	2931.51	-267.81	22.46	49.96	99.65
2008-01-14T19:09:06	1112.03	2942.28	-268.20	22.41	49.91	99.35
2008-01-14T19:09:08	1103.41	2953.05	-268.59	22.14	49.91	98.99
2008-01-14T19:09:10	1094.79	2963.81	-268.98	21.82	49.72	98.49
2008-01-14T19:09:12	1086.17	2974.57	-269.36	21.69	49.46	98.17
2008-01-14T19:09:14	1077.55	2985.31	-269.75	21.79	49.13	98.13
2008-01-14T19:09:16	1068.92	2996.05	-270.14	21.95	48.82	97.93
2008-01-14T19:09:18	1060.28	3006.78	-270.52	22.18	48.53	97.56
2008-01-14T19:09:20	1051.65	3017.50	-270.91	22.48	48.26	97.03
2008-01-14T19:09:22	1043.01	3028.21	-271.29	22.63	48.02	96.61
2008-01-14T19:09:24	1034.37	3038.92	-271.68	21.85	47.72	96.67
2008-01-14T19:09:26	1025.73	3049.61	-272.06	21.18	47.39	96.65
2008-01-14T19:09:28	1017.09	3060.30	-272.44	20.64	47.03	96.55
2008-01-14T19:09:30	1008.44	3070.98	-272.82	20.23	46.63	96.38
2008-01-14T19:09:32	999.79	3081.65	-273.20	19.96	46.20	96.13
2008-01-14T19:09:34	991.14	3092.32	-273.58	19.65	45.80	95.46
2008-01-14T19:09:36	982.48	3102.97	-273.97	19.20	45.55	94.85
2008-01-14T19:09:38	973.82	3113.62	-274.34	18.70	45.27	94.45
2008-01-14T19:09:40	965.16	3124.26	-274.72	18.16	44.87	94.17
2008-01-14T19:09:42	956.50	3134.90	-275.10	17.60	44.37	94.03
2008-01-14T19:09:44	947.84	3145.52	-275.48	17.18	43.91	94.12
2008-01-14T19:09:46	939.17	3156.14	-275.85	17.19	43.77	94.36
2008-01-14T19:09:48	930.50	3166.75	-276.23	17.22	43.67	94.29
2008-01-14T19:09:50	921.83	3177.36	-276.60	17.37	43.75	93.69
2008-01-14T19:09:52	913.15	3187.95	-276.98	17.50	43.71	92.93
2008-01-14T19:09:54	904.48	3198.54	-277.35	17.61	43.54	91.99
2008-01-14T19:09:56	895.80	3209.12	-277.72	17.71	43.23	91.59
2008-01-14T19:09:58	887.12	3219.69	-278.10	17.80	42.79	91.27
2008-01-14T19:10:00	878.44	3230.25	-278.47	17.87	42.25	90.99
2008-01-14T19:10:02	869.76	3240.81	-278.84	17.92	41.66	91.03
2008-01-14T19:10:04	861.07	3251.36	-279.21	17.98	41.17	91.23
2008-01-14T19:10:06	852.38	3261.91	-279.58	18.13	40.92	91.30
2008-01-14T19:10:08	843.69	3272.44	-279.95	18.30	40.78	91.31
2008-01-14T19:10:10	835.00	3282.97	-280.32	18.38	40.49	91.28
2008-01-14T19:10:12	826.31	3293.49	-280.68	18.36	40.05	91.20
2008-01-14T19:10:14	817.61	3304.00	-281.05	18.24	39.46	91.10
2008-01-14T19:10:16	808.91	3314.51	-281.42	18.17	39.44	90.78
2008-01-14T19:10:18	800.21	3325.01	-281.78	17.79	39.61	90.56
2008-01-14T19:10:20	791.51	3335.50	-282.15	17.60	39.83	90.25
2008-01-14T19:10:22	782.81	3345.98	-282.51	17.62	40.11	89.86
2008-01-14T19:10:24	774.11	3356.46	-282.88	17.84	40.46	89.37
2008-01-14T19:10:26	765.40	3366.93	-283.24	18.28	40.87	88.80
2008-01-14T19:10:28	756.69	3377.39	-283.60	18.65	40.96	88.63
2008-01-14T19:10:30	747.98	3387.85	-283.96	18.70	40.66	89.00
2008-01-14T19:10:32	739.28	3398.30	-284.33	18.71	40.39	89.24
2008-01-14T19:10:34	730.56	3408.74	-284.69	18.70	40.15	89.36
2008-01-14T19:10:36	721.85	3419.17	-285.05	18.64	39.92	89.36
2008-01-14T19:10:38	713.14	3429.60	-285.41	18.52	39.66	89.25
2008-01-14T19:10:40	704.42	3440.02	-285.77	18.14	38.99	89.20
2008-01-14T19:10:42	695.70	3450.44	-286.13	17.31	38.03	88.58
2008-01-14T19:10:44	686.98	3460.84	-286.49	16.66	37.13	87.84
2008-01-14T19:10:46	678.26	3471.24	-286.84	16.31	36.35	87.11
2008-01-14T19:10:48	669.54	3481.64	-287.20	16.28	35.70	86.38
2008-01-14T19:10:50	660.82	3492.03	-287.56	16.64	35.43	86.38
2008-01-14T19:10:52	652.09	3502.41	-287.91	17.19	35.48	86.95
2008-01-14T19:10:54	643.37	3512.78	-288.27	17.84	35.77	87.91
2008-01-14T19:10:56	634.64	3523.15	-288.62	18.38	36.18	89.32
2008-01-14T19:10:58	625.92	3533.50	-288.98	18.77	36.33	90.37
2008-01-14T19:11:00	617.19	3543.86	-289.33	18.98	36.20	90.97
2008-01-14T19:11:02	608.46	3554.20	-289.68	18.91	35.70	90.54
2008-01-14T19:11:04	599.73	3564.54	-290.04	18.93	35.19	89.83
2008-01-14T19:11:06	591.00	3574.88	-290.39	19.03	34.65	88.82
2008-01-14T19:11:08	582.26	3585.20	-290.74	19.17	34.09	87.92
2008-01-14T19:11:10	573.53	3595.53	-291.09	19.33	33.70	87.37
2008-01-14T19:11:12	564.79	3605.84	-291.44	19.51	33.60	87.36
2008-01-14T19:11:14	556.06	3616.15	-291.79	19.76	33.56	87.59
2008-01-14T19:11:16	547.32	3626.45	-292.14	20.10	33.44	87.81
2008-01-14T19:11:18	538.59	3636.74	-292.49	20.53	33.25	88.03
2008-01-14T19:11:20	529.85	3647.03	-292.84	21.03	32.97	88.16
2008-01-14T19:11:22	521.11	3657.31	-293.19	21.34	32.57	87.87
2008-01-14T19:11:24	512.37	3667.59	-293.53	21.30	32.61	87.76
2008-01-14T19:11:26	503.63	3677.86	-293.88	21.35	32.80	87.76
2008-01-14T19:11:28	494.88	3688.12	-294.22	21.49	33.13	87.87
2008-01-14T19:11:30	486.14	3698.38	-294.57	21.70	33.61	88.09
2008-01-14T19:11:32	477.40	3708.63	-294.92	21.99	34.22	88.40
2008-01-14T19:11:34	468.65	3718.87	-295.26	22.21	34.10	88.58
2008-01-14T19:11:36	459.91	3729.11	-295.61	22.34	33.25	88.43
2008-01-14T19:11:38	451.16	3739.35	-295.95	22.39	32.40	88.07
2008-01-14T19:11:40	442.42	3749.57	-296.29	22.38	31.53	87.51
2008-01-14T19:11:42	433.67	3759.79	-296.64	22.30	30.67	86.76
2008-01-14T19:11:44	424.92	3770.01	-296.98	22.14	29.79	85.82
2008-01-14T19:11:46	416.17	3780.21	-297.32	21.81	28.83	84.61
2008-01-14T19:11:48	407.42	3790.42	-297.66	21.32	27.93	83.51
2008-01-14T19:11:50	398.67	3800.61	-298.00	20.71	26.94	82.43
2008-01-14T19:11:52	389.92	3810.80	-298.34	19.97	25.85	81.38
2008-01-14T19:11:54	381.17	3820.99	-298.68	19.12	24.67	80.35
2008-01-14T19:11:56	372.42	3831.17	-299.02	18.28	23.47	79.30
2008-01-14T19:11:58	363.67	3841.34	-299.36	17.88	22.60	78.18
2008-01-14T19:12:00	354.92	3851.51	-299.70	17.87	21.94	77.47
2008-01-14T19:12:02	346.16	3861.67	-300.04	17.89	21.18	76.96
2008-01-14T19:12:04	337.41	3871.82	-300.38	17.70	20.18	76.29
2008-01-14T19:12:06	328.66	3881.97	-300.72	17.29	18.96	75.46
2008-01-14T19:12:08	319.90	3892.12	-301.05	16.42	17.86	74.96
2008-01-14T19:12:10	311.15	3902.26	-301.39	15.41	17.11	74.88
2008-01-14T19:12:12	302.39	3912.39	-301.73	14.47	16.60	74.97
2008-01-14T19:12:14	293.64	3922.52	-302.06	13.20	16.44	74.84
2008-01-14T19:12:16	284.88	3932.64	-302.40	11.99	16.23	74.72
2008-01-14T19:12:18	276.12	3942.75	-302.73	10.86	15.97	74.61
2008-01-14T19:12:20	267.37	3952.87	-303.07	10.10	15.64	74.89
2008-01-14T19:12:22	258.61	3962.97	-303.40	9.51	15.39	75.36
2008-01-14T19:12:24	249.85	3973.07	-303.73	9.08	15.22	76.00
2008-01-14T19:12:26	241.09	3983.16	-304.07	9.11	15.11	76.77
2008-01-14T19:12:28	232.34	3993.25	-304.40	9.47	15.04	77.64
2008-01-14T19:12:30	223.58	4003.33	-304.73	9.67	14.95	78.51
2008-01-14T19:12:32	214.82	4013.41	-305.06	9.58	14.64	79.15
2008-01-14T19:12:34	206.06	4023.49	-305.39	9.50	14.31	79.87
2008-01-14T19:12:36	197.30	4033.55	-305.72	9.43	13.95	80.66
2008-01-14T19:12:38	188.54	4043.61	-306.06	9.36	13.55	81.53
2008-01-14T19:12:40	179.78	4053.67	-306.39	8.79	13.17	81.96
2008-01-14T19:12:42	171.02	4063.72	-306.72	8.14	13.06	81.57
2008-01-14T19:12:44	162.26	4073.77	-307.04	7.66	13.12	80.80
2008-01-14T19:12:46	153.50	4083.81	-307.37	7.39	13.18	80.12
2008-01-14T19:12:48	144.74	4093.84	-307.70	7.33	13.23	79.51
2008-01-14T19:12:50	135.98	4103.88	-308.03	7.49	13.27	78.99
2008-01-14T19:12:52	127.22	4113.90	-308.36	7.65	13.39	78.72
2008-01-14T19:12:54	118.46	4123.92	-308.69	6.89	13.33	78.21
2008-01-14T19:12:56	109.70	4133.94	-309.01	6.26	13.29	77.48
2008-01-14T19:12:58	100.94	4143.94	-309.34	5.81	13.28	76.56
2008-01-14T19:13:00	92.18	4153.95	-309.67	5.54	13.29	75.45
2008-01-14T19:13:02	83.42	4163.95	-309.99	5.44	13.33	74.13
2008-01-14T19:13:04	74.66	4173.95	-310.32	5.56	13.35	72.66
2008-01-14T19:13:06	65.90	4183.94	-310.64	5.50	13.56	70.96
2008-01-14T19:13:08	57.14	4193.92	-310.97	5.39	13.76	69.37
2008-01-14T19:13:10	48.38	4203.90	-311.29	5.25	13.93	67.92
2008-01-14T19:13:12	39.62	4213.88	-311.61	5.10	14.06	66.61
2008-01-14T19:13:14	30.85	4223.84	-311.94	4.92	14.16	65.43
2008-01-14T19:13:16	22.09	4233.81	-312.26	4.90	14.27	64.45
2008-01-14T19:13:18	13.33	4243.77	-312.59	5.17	14.22	63.58
2008-01-14T19:13:20	4.57	4253.73	-312.91	5.36	13.93	62.57
2008-01-14T19:13:22	-4.19	4263.68	-313.23	5.29	13.49	61.24
2008-01-14T19:13:24	-12.95	4273.62	-313.55	4.95	12.88	59.58
2008-01-14T19:13:26	-21.71	4283.57	-313.87	4.35	12.12	57.60
2008-01-14T19:13:28	-30.47	4293.50	-314.20	3.38	11.18	55.44
2008-01-14T19:13:30	-39.23	4303.44	-314.52	2.41	10.22	53.51
2008-01-14T19:13:32	-47.99	4313.36	-314.84	1.81	9.25	52.39
2008-01-14T19:13:34	-56.75	4323.28	-315.16	1.42	8.50	51.43
2008-01-14T19:13:36	-65.51	4333.20	-315.48	1.17	8.00	50.51
2008-01-14T19:13:38	-74.28	4343.11	-315.80	1.07	7.74	49.65
2008-01-14T19:13:40	-83.04	4353.02	-316.12	1.15	7.54	48.99
2008-01-14T19:13:42	-91.80	4362.93	-316.43	1.07	7.23	48.09
2008-01-14T19:13:44	-100.55	4372.83	-316.75	0.87	6.81	46.86
2008-01-14T19:13:46	-109.32	4382.72	-317.07	0.71	6.36	45.36
2008-01-14T19:13:48	-118.08	4392.61	-317.39	0.60	5.97	43.79
2008-01-14T19:13:50	-126.84	4402.50	-317.71	0.53	5.69	42.15
2008-01-14T19:13:52	-135.59	4412.38	-318.02	0.29	5.62	40.62
2008-01-14T19:13:54	-144.35	4422.26	-318.34	-0.06	5.51	39.16
2008-01-14T19:13:56	-153.11	4432.13	-318.66	-0.53	5.35	37.77
2008-01-14T19:13:58	-161.87	4442.00	-318.97	-0.84	5.32	36.57
2008-01-14T19:14:00	-170.63	4451.86	-319.29	-1.01	5.30	35.47
2008-01-14T19:14:02	-179.39	4461.72	-319.61	-1.05	5.36	34.52
2008-01-14T19:14:04	-188.15	4471.58	-319.92	-0.99	5.54	33.50
2008-01-14T19:14:06	-196.90	4481.43	-320.24	-0.91	5.74	32.16
2008-01-14T19:14:08	-205.66	4491.27	-320.55	-0.83	5.95	30.52
2008-01-14T19:14:10	-214.42	4501.12	-320.86	-0.76	6.16	28.73
2008-01-14T19:14:12	-223.18	4510.95	-321.18	-0.81	6.28	27.25
2008-01-14T19:14:14	-231.93	4520.79	-321.49	-0.76	6.38	26.56
2008-01-14T19:14:16	-240.69	4530.62	-321.81	-0.62	6.52	26.35
2008-01-14T19:14:18	-249.45	4540.44	-322.12	-0.42	6.70	26.06
2008-01-14T19:14:20	-258.20	4550.26	-322.43	-0.17	6.90	25.67
2008-01-14T19:14:22	-266.96	4560.08	-322.75	0.15	7.14	25.19
2008-01-14T19:14:24	-275.72	4569.89	-323.06	0.28	7.07	25.04
2008-01-14T19:14:26	-284.47	4579.70	-323.37	0.22	6.69	25.17
2008-01-14T19:14:28	-293.22	4589.51	-323.68	0.12	6.26	25.16
2008-01-14T19:14:30	-301.98	4599.31	-323.99	0.02	5.85	24.95
2008-01-14T19:14:32	-310.73	4609.10	-324.30	-0.08	5.44	24.52
2008-01-14T19:14:34	-319.49	4618.90	-324.62	-0.19	5.04	23.88
2008-01-14T19:14:36	-328.24	4628.68	-324.93	-0.32	4.66	23.04
2008-01-14T19:14:38	-337.00	4638.47	-325.23	-0.41	4.41	22.19
2008-01-14T19:14:40	-345.75	4648.25	-325.54	-0.47	4.21	21.43
2008-01-14T19:14:42	-354.50	4658.03	-325.85	-0.52	4.06	20.76
2008-01-14T19:14:44	-363.25	4667.80	-326.16	-0.55	3.96	20.19
2008-01-14T19:14:46	-372.01	4677.57	-326.47	-0.55	3.91	19.72
2008-01-14T19:14:48	-380.76	4687.33	-326.78	-0.54	3.90	19.38
2008-01-14T19:14:50	-389.51	4697.09	-327.09	-0.39	3.92	19.32
2008-01-14T19:14:52	-398.26	4706.85	-327.40	-0.25	3.93	19.11
2008-01-14T19:14:54	-407.01	4716.60	-327.71	-0.18	3.95	18.80
2008-01-14T19:14:56	-415.76	4726.35	-328.01	-0.17	3.96	18.36
2008-01-14T19:14:58	-424.51	4736.09	-328.32	-0.23	3.97	17.82
2008-01-14T19:15:00	-433.26	4745.84	-328.63	-0.40	3.97	17.25
2008-01-14T19:15:02	-442.01	4755.57	-328.93	-0.80	3.91	17.08
2008-01-14T19:15:04	-450.76	4765.31	-329.24	-1.19	3.72	17.04
2008-01-14T19:15:06	-459.51	4775.04	-329.55	-1.54	3.55	16.86
2008-01-14T19:15:08	-468.26	4784.76	-329.85	-1.83	3.41	16.53
2008-01-14T19:15:10	-477.00	4794.49	-330.16	-2.07	3.30	16.06
2008-01-14T19:15:12	-485.75	4804.20	-330.47	-2.21	3.19	15.53
2008-01-14T19:15:14	-494.50	4813.92	-330.77	-2.21	3.05	15.16
2008-01-14T19:15:16	-503.25	4823.63	-331.08	-2.15	3.03	15.12
2008-01-14T19:15:18	-511.99	4833.34	-331.38	-2.06	3.10	15.17
2008-01-14T19:15:20	-520.74	4843.04	-331.69	-1.92	3.21	15.12
2008-01-14T19:15:22	-529.48	4852.74	-331.99	-1.75	3.34	14.96
2008-01-14T19:15:24	-538.22	4862.44	-332.29	-1.59	3.48	14.90
2008-01-14T19:15:26	-546.97	4872.13	-332.60	-1.47	3.58	15.06
2008-01-14T19:15:28	-555.71	4881.82	-332.90	-1.35	3.62	15.23
2008-01-14T19:15:30	-564.45	4891.51	-333.20	-1.38	3.72	15.50
2008-01-14T19:15:32	-573.20	4901.19	-333.51	-1.43	3.78	15.56
2008-01-14T19:15:34	-581.94	4910.87	-333.81	-1.50	3.83	15.42
2008-01-14T19:15:36	-590.68	4920.54	-334.11	-1.57	3.99	15.20
2008-01-14T19:15:38	-599.43	4930.22	-334.42	-1.57	4.26	15.10
2008-01-14T19:15:40	-608.17	4939.88	-334.72	-1.54	4.51	15.07
2008-01-14T19:15:42	-616.91	4949.55	-335.02	-1.44	4.75	15.27
2008-01-14T19:15:44	-625.65	4959.21	-335.32	-1.30	5.02	15.63
2008-01-14T19:15:46	-634.39	4968.87	-335.62	-1.14	5.34	15.99
2008-01-14T19:15:48	-643.12	4978.52	-335.92	-1.08	5.60	16.31
2008-01-14T19:15:50	-651.86	4988.17	-336.23	-1.10	5.76	16.59
2008-01-14T19:15:52	-660.60	4997.82	-336.53	-1.15	5.90	16.83
2008-01-14T19:15:54	-669.34	5007.47	-336.83	-1.22	6.01	17.05
2008-01-14T19:15:56	-678.08	5017.11	-337.13	-1.23	5.82	16.99
2008-01-14T19:15:58	-686.81	5026.75	-337.43	-1.24	5.61	16.91
2008-01-14T19:16:00	-695.55	5036.38	-337.73	-1.29	5.55	16.75
2008-01-14T19:16:02	-704.28	5046.01	-338.03	-1.38	5.66	16.64
2008-01-14T19:16:04	-713.02	5055.64	-338.33	-1.49	5.89	16.62
2008-01-14T19:16:06	-721.75	5065.26	-338.63	-1.62	6.24	16.70
2008-01-14T19:16:08	-730.49	5074.88	-338.92	-1.69	6.70	16.84
2008-01-14T19:16:10	-739.22	5084.50	-339.22	-1.62	7.14	16.95
2008-01-14T19:16:12	-747.96	5094.12	-339.52	-1.48	7.23	16.85
2008-01-14T19:16:14	-756.69	5103.73	-339.82	-1.36	7.19	16.67
2008-01-14T19:16:16	-765.42	5113.34	-340.12	-1.29	7.12	16.47
2008-01-14T19:16:18	-774.15	5122.94	-340.42	-1.26	7.01	16.25
2008-01-14T19:16:20	-782.88	5132.54	-340.71	-1.28	6.87	16.00
2008-01-14T19:16:22	-791.61	5142.14	-341.01	-1.48	6.69	15.71
2008-01-14T19:16:24	-800.34	5151.74	-341.31	-1.59	6.38	15.50
2008-01-14T19:16:26	-809.07	5161.33	-341.60	-1.72	6.03	15.31
2008-01-14T19:16:28	-817.80	5170.92	-341.90	-1.87	5.64	15.13
2008-01-14T19:16:30	-826.53	5180.51	-342.20	-2.05	5.22	14.98
2008-01-14T19:16:32	-835.26	5190.09	-342.50	-2.25	4.77	14.83
2008-01-14T19:16:34	-843.98	5199.67	-342.79	-2.51	4.30	14.74
2008-01-14T19:16:36	-852.71	5209.25	-343.09	-2.74	4.00	14.61
2008-01-14T19:16:38	-861.44	5218.82	-343.38	-2.92	3.75	14.52
2008-01-14T19:16:40	-870.16	5228.39	-343.68	-3.05	3.55	14.47
2008-01-14T19:16:42	-878.89	5237.96	-343.97	-3.14	3.38	14.48
2008-01-14T19:16:44	-887.61	5247.52	-344.27	-3.18	3.24	14.53
2008-01-14T19:16:46	-896.34	5257.08	-344.56	-3.18	3.15	14.64
2008-01-14T19:16:48	-905.06	5266.64	-344.86	-3.53	3.26	14.40
2008-01-14T19:16:50	-913.78	5276.20	-345.15	-3.97	3.40	14.02
2008-01-14T19:16:52	-922.51	5285.75	-345.45	-4.42	3.52	13.55
2008-01-14T19:16:54	-931.23	5295.30	-345.74	-4.89	3.63	13.01
2008-01-14T19:16:56	-939.95	5304.85	-346.04	-5.36	3.72	12.40
2008-01-14T19:16:58	-948.67	5314.39	-346.33	-5.84	3.80	11.71
2008-01-14T19:17:00	-957.39	5323.93	-346.62	-6.17	3.84	11.42
2008-01-14T19:17:02	-966.11	5333.47	-346.92	-6.34	3.79	11.44
