Time	POS_X	POS_Y	POS_Z	B_X	B_Y	B_Z
2008-01-14T18:52:14	4475.69	-3085.05	18.50	63.53	-13.79	-4.32
2008-01-14T18:52:16	4470.58	-3073.19	17.87	64.15	-13.46	-4.25
2008-01-14T18:52:18	4465.44	-3061.29	17.23	64.87	-13.18	-4.22
2008-01-14T18:52:20	4460.35	-3049.48	16.60	65.67	-12.95	-4.23
2008-01-14T18:52:22	4455.23	-3037.62	15.96	66.54	-12.76	-4.26
2008-01-14T18:52:24	4450.11	-3025.75	15.33	67.15	-12.60	-4.20
2008-01-14T18:52:26	4444.99	-3013.89	14.69	67.66	-12.39	-3.99
2008-01-14T18:52:28	4439.86	-3002.03	14.06	68.23	-12.15	-3.66
2008-01-14T18:52:30	4434.73	-2990.16	13.42	68.85	-11.87	-3.22
2008-01-14T18:52:32	4429.60	-2978.29	12.79	69.55	-11.54	-2.66
2008-01-14T18:52:34	4424.47	-2966.42	12.15	70.05	-11.44	-2.16
2008-01-14T18:52:36	4419.33	-2954.55	11.52	70.45	-11.44	-1.66
2008-01-14T18:52:38	4414.19	-2942.67	10.88	70.66	-11.47	-1.36
2008-01-14T18:52:40	4409.05	-2930.80	10.25	70.85	-11.59	-1.07
2008-01-14T18:52:42	4403.91	-2918.92	9.61	71.00	-11.79	-0.81
2008-01-14T18:52:44	4398.76	-2907.04	8.98	70.94	-12.02	-1.07
2008-01-14T18:52:46	4393.62	-2895.16	8.34	70.98	-12.11	-1.34
2008-01-14T18:52:48	4388.46	-2883.28	7.71	71.12	-12.06	-1.64
2008-01-14T18:52:50	4383.31	-2871.39	7.07	71.38	-11.86	-1.95
2008-01-14T18:52:52	4378.15	-2859.51	6.44	71.74	-11.55	-2.15
2008-01-14T18:52:54	4372.99	-2847.62	5.80	72.16	-11.35	-1.86
2008-01-14T18:52:56	4367.83	-2835.73	5.17	72.56	-11.23	-1.47
2008-01-14T18:52:58	4362.67	-2823.84	4.53	72.94	-11.20	-0.99
2008-01-14T18:53:00	4357.50	-2811.95	3.90	73.14	-11.36	-0.52
2008-01-14T18:53:02	4352.33	-2800.05	3.26	73.10	-11.34	-0.20
2008-01-14T18:53:04	4347.16	-2788.15	2.63	72.88	-10.97	0.01
2008-01-14T18:53:06	4341.98	-2776.26	1.99	72.80	-10.56	0.27
2008-01-14T18:53:08	4336.80	-2764.35	1.36	72.88	-10.11	0.60
2008-01-14T18:53:10	4331.62	-2752.45	0.72	73.12	-9.62	0.99
2008-01-14T18:53:12	4326.44	-2740.55	0.09	73.69	-9.34	1.32
2008-01-14T18:53:14	4321.25	-2728.64	-0.55	74.25	-9.25	1.57
2008-01-14T18:53:16	4316.06	-2716.74	-1.19	74.62	-9.20	1.78
2008-01-14T18:53:18	4310.87	-2704.83	-1.82	74.80	-9.19	1.97
2008-01-14T18:53:20	4305.68	-2692.91	-2.45	74.79	-9.22	2.14
2008-01-14T18:53:22	4300.48	-2681.00	-3.09	75.04	-9.60	1.84
2008-01-14T18:53:24	4295.28	-2669.08	-3.73	75.45	-9.92	1.50
2008-01-14T18:53:26	4290.08	-2657.17	-4.36	75.94	-10.10	1.22
2008-01-14T18:53:28	4284.87	-2645.25	-4.99	76.52	-10.16	1.01
2008-01-14T18:53:30	4279.66	-2633.33	-5.63	77.18	-10.09	0.85
2008-01-14T18:53:32	4274.45	-2621.41	-6.27	77.78	-10.16	0.94
2008-01-14T18:53:34	4269.23	-2609.48	-6.90	78.34	-10.29	1.08
2008-01-14T18:53:36	4264.01	-2597.56	-7.54	78.85	-10.47	1.27
2008-01-14T18:53:38	4258.79	-2585.63	-8.17	79.32	-10.70	1.52
2008-01-14T18:53:40	4253.57	-2573.70	-8.81	79.83	-10.93	1.80
2008-01-14T18:53:42	4248.34	-2561.77	-9.44	80.56	-11.03	2.03
2008-01-14T18:53:44	4243.11	-2549.83	-10.08	81.28	-11.08	2.19
2008-01-14T18:53:46	4237.88	-2537.90	-10.71	82.04	-11.16	2.35
2008-01-14T18:53:48	4232.64	-2525.96	-11.35	82.82	-11.29	2.52
2008-01-14T18:53:50	4227.40	-2514.02	-11.98	83.26	-11.30	2.54
2008-01-14T18:53:52	4222.16	-2502.08	-12.62	83.21	-11.12	2.36
2008-01-14T18:53:54	4216.92	-2490.13	-13.25	83.17	-10.95	2.17
2008-01-14T18:53:56	4211.67	-2478.19	-13.89	83.15	-10.78	1.97
2008-01-14T18:53:58	4206.42	-2466.24	-14.52	83.13	-10.61	1.76
2008-01-14T18:54:00	4201.16	-2454.30	-15.16	83.08	-10.53	1.79
2008-01-14T18:54:02	4195.90	-2442.34	-15.79	83.00	-10.51	1.96
2008-01-14T18:54:04	4190.64	-2430.39	-16.43	82.90	-10.51	2.14
2008-01-14T18:54:06	4185.38	-2418.44	-17.06	82.76	-10.55	2.34
2008-01-14T18:54:08	4180.11	-2406.48	-17.70	82.64	-10.59	2.54
2008-01-14T18:54:10	4174.84	-2394.52	-18.33	82.73	-10.60	2.75
2008-01-14T18:54:12	4169.56	-2382.56	-18.97	82.84	-10.60	2.97
2008-01-14T18:54:14	4164.29	-2370.60	-19.60	82.95	-10.59	3.21
2008-01-14T18:54:16	4159.01	-2358.64	-20.24	83.06	-10.57	3.45
2008-01-14T18:54:18	4153.72	-2346.67	-20.87	83.18	-10.55	3.70
2008-01-14T18:54:20	4148.43	-2334.70	-21.51	83.26	-10.51	3.90
2008-01-14T18:54:22	4143.14	-2322.73	-22.14	83.37	-10.48	4.08
2008-01-14T18:54:24	4137.85	-2310.76	-22.77	83.48	-10.46	4.26
2008-01-14T18:54:26	4132.55	-2298.79	-23.41	83.59	-10.45	4.43
2008-01-14T18:54:28	4127.25	-2286.81	-24.05	83.65	-10.42	4.59
2008-01-14T18:54:30	4121.95	-2274.83	-24.68	83.64	-10.35	4.73
2008-01-14T18:54:32	4116.64	-2262.85	-25.32	83.64	-10.28	4.89
2008-01-14T18:54:34	4111.33	-2250.87	-25.95	83.65	-10.21	5.07
2008-01-14T18:54:36	4106.01	-2238.89	-26.58	83.67	-10.14	5.26
2008-01-14T18:54:38	4100.70	-2226.91	-27.22	83.68	-10.08	5.46
2008-01-14T18:54:40	4095.37	-2214.92	-27.86	83.68	-10.04	5.67
2008-01-14T18:54:42	4090.05	-2202.93	-28.49	83.69	-9.99	5.88
2008-01-14T18:54:44	4084.72	-2190.94	-29.12	83.71	-9.94	6.10
2008-01-14T18:54:46	4079.39	-2178.94	-29.76	83.74	-9.90	6.31
2008-01-14T18:54:48	4074.05	-2166.95	-30.39	83.79	-9.87	6.56
2008-01-14T18:54:50	4068.71	-2154.95	-31.03	83.84	-9.85	6.82
2008-01-14T18:54:52	4063.37	-2142.95	-31.66	83.90	-9.84	7.08
2008-01-14T18:54:54	4058.03	-2130.95	-32.30	83.96	-9.82	7.36
2008-01-14T18:54:56	4052.67	-2118.95	-32.93	84.04	-9.80	7.64
2008-01-14T18:54:58	4047.32	-2106.94	-33.56	84.17	-9.78	7.87
2008-01-14T18:55:00	4041.96	-2094.94	-34.20	84.30	-9.76	8.10
2008-01-14T18:55:02	4036.60	-2082.93	-34.83	84.44	-9.75	8.33
2008-01-14T18:55:04	4031.24	-2070.92	-35.47	84.57	-9.75	8.55
2008-01-14T18:55:06	4025.87	-2058.90	-36.10	84.71	-9.75	8.78
2008-01-14T18:55:08	4020.49	-2046.89	-36.74	84.86	-9.71	8.98
2008-01-14T18:55:10	4015.12	-2034.87	-37.37	85.00	-9.67	9.18
2008-01-14T18:55:12	4009.74	-2022.85	-38.01	85.16	-9.62	9.37
2008-01-14T18:55:14	4004.35	-2010.83	-38.64	85.32	-9.58	9.57
2008-01-14T18:55:16	3998.96	-1998.81	-39.27	85.49	-9.57	9.86
2008-01-14T18:55:18	3993.57	-1986.78	-39.91	85.67	-9.61	10.23
2008-01-14T18:55:20	3988.18	-1974.76	-40.54	85.86	-9.63	10.60
2008-01-14T18:55:22	3982.78	-1962.73	-41.18	86.05	-9.66	10.95
2008-01-14T18:55:24	3977.37	-1950.70	-41.81	86.24	-9.67	11.30
2008-01-14T18:55:26	3971.97	-1938.67	-42.44	86.28	-9.68	11.58
2008-01-14T18:55:28	3966.55	-1926.63	-43.08	86.25	-9.69	11.84
2008-01-14T18:55:30	3961.14	-1914.59	-43.71	86.22	-9.73	12.12
2008-01-14T18:55:32	3955.72	-1902.55	-44.34	86.21	-9.76	12.40
2008-01-14T18:55:34	3950.29	-1890.51	-44.98	86.21	-9.80	12.69
2008-01-14T18:55:36	3944.87	-1878.47	-45.61	86.22	-9.66	12.82
2008-01-14T18:55:38	3939.43	-1866.43	-46.25	86.20	-9.51	12.94
2008-01-14T18:55:40	3934.00	-1854.38	-46.88	86.17	-9.34	13.06
2008-01-14T18:55:42	3928.56	-1842.33	-47.51	86.12	-9.17	13.18
2008-01-14T18:55:44	3923.11	-1830.28	-48.15	86.23	-9.07	13.34
2008-01-14T18:55:46	3917.66	-1818.23	-48.78	87.05	-9.26	13.62
2008-01-14T18:55:48	3912.21	-1806.17	-49.41	87.93	-9.47	13.89
2008-01-14T18:55:50	3906.75	-1794.11	-50.05	88.86	-9.70	14.13
2008-01-14T18:55:52	3901.29	-1782.06	-50.68	89.74	-9.93	14.44
2008-01-14T18:55:54	3895.82	-1770.00	-51.31	89.96	-9.71	14.72
2008-01-14T18:55:56	3890.35	-1757.93	-51.95	89.61	-9.10	14.93
2008-01-14T18:55:58	3884.88	-1745.87	-52.58	89.38	-8.62	15.16
2008-01-14T18:56:00	3879.40	-1733.80	-53.21	89.28	-8.25	15.41
2008-01-14T18:56:02	3873.91	-1721.73	-53.85	89.29	-8.02	15.67
2008-01-14T18:56:04	3868.43	-1709.66	-54.48	88.28	-7.86	15.51
2008-01-14T18:56:06	3862.94	-1697.59	-55.11	86.77	-7.56	15.22
2008-01-14T18:56:08	3857.44	-1685.51	-55.74	85.14	-7.10	14.97
2008-01-14T18:56:10	3851.94	-1673.43	-56.38	83.38	-6.47	14.74
2008-01-14T18:56:12	3846.43	-1661.36	-57.01	81.50	-5.68	14.49
2008-01-14T18:56:14	3840.92	-1649.28	-57.64	78.78	-5.08	12.42
2008-01-14T18:56:16	3835.41	-1637.19	-58.27	75.86	-4.39	10.49
2008-01-14T18:56:18	3829.89	-1625.11	-58.91	72.75	-3.61	8.72
2008-01-14T18:56:20	3824.36	-1613.02	-59.54	69.42	-2.75	7.10
2008-01-14T18:56:22	3818.83	-1600.93	-60.17	65.62	-1.85	5.61
2008-01-14T18:56:24	3813.30	-1588.84	-60.80	61.29	-1.10	4.02
2008-01-14T18:56:26	3807.76	-1576.75	-61.44	57.28	-0.42	2.21
2008-01-14T18:56:28	3802.22	-1564.65	-62.07	53.59	0.17	0.18
2008-01-14T18:56:30	3796.67	-1552.55	-62.70	50.20	0.66	-2.08
2008-01-14T18:56:32	3791.12	-1540.45	-63.33	46.34	1.04	-2.85
2008-01-14T18:56:34	3785.56	-1528.36	-63.96	41.94	1.38	-1.76
2008-01-14T18:56:36	3780.00	-1516.25	-64.60	37.45	1.64	-0.83
2008-01-14T18:56:38	3774.43	-1504.15	-65.23	32.88	1.83	-0.07
2008-01-14T18:56:40	3768.86	-1492.04	-65.86	28.25	1.94	0.52
2008-01-14T18:56:42	3763.28	-1479.93	-66.49	23.45	2.28	1.92
2008-01-14T18:56:44	3757.70	-1467.82	-67.12	18.63	2.70	3.52
2008-01-14T18:56:46	3752.11	-1455.71	-67.75	13.79	3.14	5.12
2008-01-14T18:56:48	3746.52	-1443.59	-68.38	8.95	3.59	6.72
2008-01-14T18:56:50	3740.92	-1431.47	-69.02	4.14	4.02	8.35
2008-01-14T18:56:52	3735.32	-1419.36	-69.65	-0.29	3.99	10.40
2008-01-14T18:56:54	3729.71	-1407.24	-70.28	-4.72	3.96	12.50
2008-01-14T18:56:56	3724.10	-1395.11	-70.91	-9.25	3.94	14.59
2008-01-14T18:56:58	3718.48	-1382.99	-71.54	-13.86	3.92	16.66
2008-01-14T18:57:00	3712.86	-1370.86	-72.17	-17.99	3.90	18.31
2008-01-14T18:57:02	3707.23	-1358.73	-72.80	-21.19	3.90	19.31
2008-01-14T18:57:04	3701.60	-1346.60	-73.43	-24.37	3.91	20.33
2008-01-14T18:57:06	3695.96	-1334.47	-74.06	-27.52	3.93	21.37
2008-01-14T18:57:08	3690.31	-1322.33	-74.69	-30.64	3.97	22.43
2008-01-14T18:57:10	3684.67	-1310.20	-75.32	-32.90	3.96	22.94
2008-01-14T18:57:12	3679.01	-1298.06	-75.95	-34.65	3.95	23.20
2008-01-14T18:57:14	3673.35	-1285.92	-76.58	-36.34	4.04	23.33
2008-01-14T18:57:16	3667.69	-1273.78	-77.21	-38.07	4.19	23.35
2008-01-14T18:57:18	3662.02	-1261.63	-77.84	-39.85	4.31	23.36
2008-01-14T18:57:20	3656.34	-1249.48	-78.47	-41.41	4.70	23.23
2008-01-14T18:57:22	3650.66	-1237.34	-79.10	-42.81	5.01	23.07
2008-01-14T18:57:24	3644.97	-1225.19	-79.73	-44.07	5.26	22.89
2008-01-14T18:57:26	3639.27	-1213.03	-80.36	-45.19	5.43	22.71
2008-01-14T18:57:28	3633.58	-1200.88	-80.99	-45.97	5.52	22.34
2008-01-14T18:57:30	3627.87	-1188.72	-81.62	-46.04	5.53	21.35
2008-01-14T18:57:32	3622.16	-1176.56	-82.25	-46.08	5.54	20.24
2008-01-14T18:57:34	3616.45	-1164.40	-82.87	-46.09	5.58	19.08
2008-01-14T18:57:36	3610.72	-1152.24	-83.50	-46.08	5.63	17.98
2008-01-14T18:57:38	3605.00	-1140.08	-84.13	-45.67	5.73	17.01
2008-01-14T18:57:40	3599.26	-1127.91	-84.76	-45.00	5.92	16.16
2008-01-14T18:57:42	3593.52	-1115.75	-85.39	-44.41	6.14	15.30
2008-01-14T18:57:44	3587.78	-1103.58	-86.01	-43.91	6.40	14.45
2008-01-14T18:57:46	3582.03	-1091.40	-86.64	-43.48	6.69	13.59
2008-01-14T18:57:48	3576.27	-1079.23	-87.27	-42.38	6.97	12.68
2008-01-14T18:57:50	3570.51	-1067.06	-87.90	-41.10	7.25	11.70
2008-01-14T18:57:52	3564.74	-1054.88	-88.53	-39.79	7.53	10.65
2008-01-14T18:57:54	3558.96	-1042.70	-89.15	-38.40	7.80	9.71
2008-01-14T18:57:56	3553.18	-1030.52	-89.78	-37.06	8.09	9.07
2008-01-14T18:57:58	3547.40	-1018.34	-90.41	-36.06	8.42	9.00
2008-01-14T18:58:00	3541.60	-1006.16	-91.03	-35.14	8.75	8.92
2008-01-14T18:58:02	3535.80	-993.97	-91.66	-34.28	9.07	8.82
2008-01-14T18:58:04	3530.00	-981.78	-92.29	-33.47	9.39	8.70
2008-01-14T18:58:06	3524.18	-969.59	-92.91	-32.30	9.43	8.42
2008-01-14T18:58:08	3518.37	-957.40	-93.54	-30.57	9.04	7.82
2008-01-14T18:58:10	3512.54	-945.21	-94.16	-28.75	8.57	7.05
2008-01-14T18:58:12	3506.71	-933.01	-94.79	-26.85	8.01	6.09
2008-01-14T18:58:14	3500.87	-920.82	-95.42	-25.00	7.58	5.08
2008-01-14T18:58:16	3495.03	-908.62	-96.04	-23.06	7.75	4.80
2008-01-14T18:58:18	3489.18	-896.42	-96.67	-21.01	8.04	4.81
2008-01-14T18:58:20	3483.32	-884.22	-97.29	-18.91	8.28	4.90
2008-01-14T18:58:22	3477.46	-872.02	-97.92	-16.75	8.48	5.08
2008-01-14T18:58:24	3471.59	-859.81	-98.54	-14.57	8.64	5.30
2008-01-14T18:58:26	3465.71	-847.60	-99.17	-12.77	8.73	5.14
2008-01-14T18:58:28	3459.83	-835.39	-99.79	-10.98	8.80	4.93
2008-01-14T18:58:30	3453.94	-823.19	-100.42	-9.20	8.87	4.65
2008-01-14T18:58:32	3448.04	-810.98	-101.04	-7.41	8.92	4.33
2008-01-14T18:58:34	3442.14	-798.76	-101.66	-5.42	9.02	3.99
2008-01-14T18:58:36	3436.23	-786.55	-102.28	-3.11	9.14	3.70
2008-01-14T18:58:38	3430.31	-774.33	-102.91	-0.94	9.26	3.48
2008-01-14T18:58:40	3424.38	-762.11	-103.53	1.08	9.39	3.33
2008-01-14T18:58:42	3418.45	-749.89	-104.15	2.96	9.52	3.24
2008-01-14T18:58:44	3412.52	-737.67	-104.78	4.67	9.47	3.06
2008-01-14T18:58:46	3406.57	-725.45	-105.40	6.43	9.33	2.82
2008-01-14T18:58:48	3400.62	-713.22	-106.02	8.28	9.16	2.56
2008-01-14T18:58:50	3394.66	-701.00	-106.65	10.23	8.98	2.29
2008-01-14T18:58:52	3388.69	-688.77	-107.26	12.37	8.75	2.00
2008-01-14T18:58:54	3382.72	-676.54	-107.89	15.06	8.65	1.94
2008-01-14T18:58:56	3376.74	-664.31	-108.51	17.71	8.63	1.91
2008-01-14T18:58:58	3370.75	-652.08	-109.13	20.33	8.66	1.91
2008-01-14T18:59:00	3364.75	-639.85	-109.75	22.90	8.77	1.96
2008-01-14T18:59:02	3358.75	-627.61	-110.37	25.39	9.03	2.15
2008-01-14T18:59:04	3352.74	-615.38	-110.99	27.86	9.54	2.50
2008-01-14T18:59:06	3346.72	-603.14	-111.61	30.41	10.16	2.77
2008-01-14T18:59:08	3340.70	-590.90	-112.23	33.06	10.90	2.95
2008-01-14T18:59:10	3334.67	-578.66	-112.85	35.81	11.76	3.04
2008-01-14T18:59:12	3328.63	-566.42	-113.47	38.86	12.48	4.31
2008-01-14T18:59:14	3322.58	-554.18	-114.09	41.94	13.18	6.06
2008-01-14T18:59:16	3316.52	-541.94	-114.71	44.87	13.91	7.80
2008-01-14T18:59:18	3310.46	-529.69	-115.33	47.66	14.65	9.53
2008-01-14T18:59:20	3304.39	-517.44	-115.95	50.32	15.39	11.24
2008-01-14T18:59:22	3298.31	-505.19	-116.56	53.14	14.60	12.20
2008-01-14T18:59:24	3292.23	-492.95	-117.18	55.97	13.89	13.23
2008-01-14T18:59:26	3286.13	-480.70	-117.80	58.77	13.26	14.29
2008-01-14T18:59:28	3280.03	-468.45	-118.42	61.55	12.73	15.43
2008-01-14T18:59:30	3273.92	-456.19	-119.03	64.07	12.55	16.43
2008-01-14T18:59:32	3267.80	-443.94	-119.65	66.12	12.83	17.05
2008-01-14T18:59:34	3261.68	-431.68	-120.27	68.19	13.05	17.66
2008-01-14T18:59:36	3255.55	-419.43	-120.88	70.29	13.19	18.24
2008-01-14T18:59:38	3249.41	-407.17	-121.50	72.42	13.26	18.80
2008-01-14T18:59:40	3243.26	-394.91	-122.11	73.65	13.05	19.22
2008-01-14T18:59:42	3237.10	-382.65	-122.73	74.44	12.71	19.68
2008-01-14T18:59:44	3230.93	-370.39	-123.34	75.22	12.35	20.27
2008-01-14T18:59:46	3224.76	-358.13	-123.96	76.01	11.97	20.99
2008-01-14T18:59:48	3218.58	-345.87	-124.57	76.79	11.59	21.81
2008-01-14T18:59:50	3212.39	-333.61	-125.19	76.95	11.89	21.90
2008-01-14T18:59:52	3206.19	-321.35	-125.80	77.11	12.04	22.09
2008-01-14T18:59:54	3199.98	-309.08	-126.41	77.28	12.04	22.36
2008-01-14T18:59:56	3193.76	-296.81	-127.03	77.44	11.89	22.72
2008-01-14T18:59:58	3187.54	-284.55	-127.64	77.77	11.69	23.32
2008-01-14T19:00:00	3181.31	-272.28	-128.25	78.36	11.72	24.18
2008-01-14T19:00:02	3175.07	-260.01	-128.86	78.88	11.91	24.98
2008-01-14T19:00:04	3168.82	-247.75	-129.47	79.34	12.25	25.71
2008-01-14T19:00:06	3162.56	-235.48	-130.09	79.74	12.73	26.37
2008-01-14T19:00:08	3156.29	-223.21	-130.70	80.47	12.27	27.19
2008-01-14T19:00:10	3150.02	-210.94	-131.31	81.22	11.51	28.10
2008-01-14T19:00:12	3143.73	-198.66	-131.92	81.83	10.84	29.04
2008-01-14T19:00:14	3137.44	-186.39	-132.53	82.31	10.26	30.03
2008-01-14T19:00:16	3131.13	-174.12	-133.14	82.66	9.78	31.04
2008-01-14T19:00:18	3124.83	-161.85	-133.74	82.83	9.44	31.62
2008-01-14T19:00:20	3118.51	-149.57	-134.35	83.04	8.99	32.21
2008-01-14T19:00:22	3112.18	-137.30	-134.96	83.29	8.45	32.83
2008-01-14T19:00:24	3105.84	-125.03	-135.57	83.58	7.80	33.46
2008-01-14T19:00:26	3099.49	-112.75	-136.17	83.87	7.36	34.15
2008-01-14T19:00:28	3093.14	-100.48	-136.78	84.13	7.03	34.73
2008-01-14T19:00:30	3086.77	-88.20	-137.39	84.44	6.62	35.35
2008-01-14T19:00:32	3080.40	-75.93	-137.99	84.80	6.13	36.00
2008-01-14T19:00:34	3074.01	-63.65	-138.60	85.20	5.56	36.68
2008-01-14T19:00:36	3067.62	-51.37	-139.21	85.51	5.36	37.56
2008-01-14T19:00:38	3061.22	-39.10	-139.81	85.85	5.28	38.45
2008-01-14T19:00:40	3054.81	-26.82	-140.42	86.29	5.15	39.28
2008-01-14T19:00:42	3048.39	-14.54	-141.02	86.83	4.96	40.04
2008-01-14T19:00:44	3041.96	-2.27	-141.62	87.31	5.02	40.79
2008-01-14T19:00:46	3035.52	10.01	-142.23	87.51	4.91	41.57
2008-01-14T19:00:48	3029.07	22.28	-142.83	87.71	4.72	42.32
2008-01-14T19:00:50	3022.61	34.56	-143.43	87.93	4.46	43.05
2008-01-14T19:00:52	3016.14	46.84	-144.03	88.14	4.13	43.75
2008-01-14T19:00:54	3009.66	59.11	-144.63	88.51	3.66	44.41
2008-01-14T19:00:56	3003.18	71.39	-145.24	89.14	3.09	45.05
2008-01-14T19:00:58	2996.68	83.67	-145.84	89.80	2.53	45.64
2008-01-14T19:01:00	2990.17	95.94	-146.44	90.50	2.00	46.20
2008-01-14T19:01:02	2983.66	108.22	-147.03	91.12	1.89	46.78
2008-01-14T19:01:04	2977.13	120.49	-147.63	91.38	2.08	47.19
2008-01-14T19:01:06	2970.60	132.77	-148.23	91.59	2.26	47.60
2008-01-14T19:01:08	2964.05	145.04	-148.83	91.90	2.32	48.06
2008-01-14T19:01:10	2957.49	157.31	-149.43	92.28	2.25	48.59
2008-01-14T19:01:12	2950.93	169.59	-150.03	92.76	2.08	49.15
2008-01-14T19:01:14	2944.35	181.86	-150.62	93.55	2.13	49.48
2008-01-14T19:01:16	2937.76	194.13	-151.22	94.39	2.17	49.72
2008-01-14T19:01:18	2931.17	206.40	-151.81	95.13	2.29	49.89
2008-01-14T19:01:20	2924.56	218.67	-152.41	95.53	2.60	50.12
2008-01-14T19:01:22	2917.95	230.94	-153.00	95.71	2.87	50.46
2008-01-14T19:01:24	2911.32	243.21	-153.60	95.73	3.06	50.87
2008-01-14T19:01:26	2904.68	255.48	-154.19	95.90	3.12	51.31
2008-01-14T19:01:28	2898.04	267.75	-154.78	96.20	3.06	51.76
2008-01-14T19:01:30	2891.38	280.02	-155.37	96.62	2.87	52.23
2008-01-14T19:01:32	2884.71	292.28	-155.96	97.08	2.85	52.84
2008-01-14T19:01:34	2878.04	304.55	-156.56	97.57	2.89	53.46
2008-01-14T19:01:36	2871.35	316.81	-157.15	98.09	3.06	54.12
2008-01-14T19:01:38	2864.65	329.07	-157.74	98.63	3.18	54.77
2008-01-14T19:01:40	2857.94	341.33	-158.33	99.16	3.15	55.33
2008-01-14T19:01:42	2851.22	353.59	-158.91	99.36	3.13	55.43
2008-01-14T19:01:44	2844.49	365.85	-159.50	99.48	3.13	55.44
2008-01-14T19:01:46	2837.75	378.11	-160.09	99.55	3.17	55.36
2008-01-14T19:01:48	2831.00	390.37	-160.68	99.56	3.25	55.19
2008-01-14T19:01:50	2824.24	402.62	-161.26	99.44	3.61	55.14
2008-01-14T19:01:52	2817.47	414.87	-161.85	99.18	4.39	55.42
2008-01-14T19:01:54	2810.68	427.12	-162.44	99.03	5.28	55.91
2008-01-14T19:01:56	2803.89	439.37	-163.02	99.05	6.13	56.33
2008-01-14T19:01:58	2797.08	451.62	-163.60	99.21	6.94	56.70
2008-01-14T19:02:00	2790.27	463.87	-164.19	99.44	7.34	57.22
2008-01-14T19:02:02	2783.44	476.11	-164.77	99.59	7.57	57.73
2008-01-14T19:02:04	2776.61	488.36	-165.35	99.67	7.76	58.14
2008-01-14T19:02:06	2769.76	500.60	-165.93	99.68	7.90	58.45
2008-01-14T19:02:08	2762.90	512.84	-166.51	99.63	8.00	58.70
2008-01-14T19:02:10	2756.03	525.07	-167.09	99.57	8.12	59.71
2008-01-14T19:02:12	2749.15	537.31	-167.67	99.62	8.28	60.80
2008-01-14T19:02:14	2742.26	549.54	-168.25	99.80	8.48	61.90
2008-01-14T19:02:16	2735.36	561.77	-168.83	100.12	8.73	63.01
2008-01-14T19:02:18	2728.45	574.00	-169.41	100.50	8.92	64.05
2008-01-14T19:02:20	2721.52	586.23	-169.99	100.71	9.02	64.91
2008-01-14T19:02:22	2714.59	598.45	-170.56	100.80	9.19	65.76
2008-01-14T19:02:24	2707.64	610.67	-171.13	100.76	9.41	66.59
2008-01-14T19:02:26	2700.69	622.89	-171.71	100.47	9.74	67.25
2008-01-14T19:02:28	2693.72	635.11	-172.28	100.06	9.89	67.86
2008-01-14T19:02:30	2686.74	647.32	-172.86	99.56	9.98	68.60
2008-01-14T19:02:32	2679.75	659.53	-173.43	98.99	10.09	69.45
2008-01-14T19:02:34	2672.75	671.74	-174.00	98.33	10.23	70.43
2008-01-14T19:02:36	2665.74	683.95	-174.57	97.63	10.38	71.48
2008-01-14T19:02:38	2658.71	696.15	-175.14	97.88	10.51	71.56
2008-01-14T19:02:40	2651.68	708.35	-175.71	98.36	10.83	71.75
2008-01-14T19:02:42	2644.63	720.55	-176.28	98.92	11.41	71.74
2008-01-14T19:02:44	2637.58	732.74	-176.85	99.23	12.29	71.19
2008-01-14T19:02:46	2630.51	744.93	-177.41	99.16	13.20	70.65
2008-01-14T19:02:48	2623.43	757.12	-177.98	98.48	13.82	70.29
2008-01-14T19:02:50	2616.34	769.31	-178.55	97.68	14.25	70.09
2008-01-14T19:02:52	2609.24	781.49	-179.11	96.78	14.50	70.04
2008-01-14T19:02:54	2602.12	793.66	-179.68	95.77	14.55	70.14
2008-01-14T19:02:56	2595.00	805.84	-180.24	95.04	14.56	70.57
2008-01-14T19:02:58	2587.86	818.01	-180.80	94.74	14.55	70.97
2008-01-14T19:03:00	2580.71	830.18	-181.37	94.75	14.70	71.35
2008-01-14T19:03:02	2573.56	842.34	-181.93	94.95	15.01	71.80
2008-01-14T19:03:04	2566.39	854.50	-182.49	95.35	15.49	72.34
2008-01-14T19:03:06	2559.21	866.65	-183.05	95.89	16.19	73.56
2008-01-14T19:03:08	2552.02	878.81	-183.61	96.33	16.66	74.70
2008-01-14T19:03:10	2544.81	890.96	-184.16	96.66	16.91	75.74
2008-01-14T19:03:12	2537.60	903.10	-184.72	96.89	16.94	76.69
2008-01-14T19:03:14	2530.37	915.24	-185.28	96.55	16.65	77.02
2008-01-14T19:03:16	2523.13	927.38	-185.83	95.34	16.28	76.18
2008-01-14T19:03:18	2515.88	939.51	-186.38	94.44	16.24	75.69
2008-01-14T19:03:20	2508.62	951.64	-186.94	93.85	16.51	75.55
2008-01-14T19:03:22	2501.35	963.76	-187.49	93.57	17.09	75.75
2008-01-14T19:03:24	2494.07	975.88	-188.04	94.02	17.83	76.42
2008-01-14T19:03:26	2486.77	988.00	-188.59	94.98	18.41	77.35
2008-01-14T19:03:28	2479.47	1000.11	-189.14	96.08	18.82	78.36
2008-01-14T19:03:30	2472.15	1012.21	-189.70	97.21	19.02	79.16
2008-01-14T19:03:32	2464.83	1024.31	-190.24	98.09	19.14	79.56
2008-01-14T19:03:34	2457.49	1036.41	-190.79	97.39	19.59	78.86
2008-01-14T19:03:36	2450.14	1048.50	-191.34	96.46	19.96	77.94
2008-01-14T19:03:38	2442.77	1060.59	-191.88	95.65	20.16	77.01
2008-01-14T19:03:40	2435.40	1072.67	-192.43	94.96	20.20	76.07
2008-01-14T19:03:42	2428.02	1084.75	-192.97	94.37	20.13	75.20
2008-01-14T19:03:44	2420.62	1096.82	-193.52	93.67	20.61	75.19
2008-01-14T19:03:46	2413.22	1108.89	-194.06	93.03	21.28	75.82
2008-01-14T19:03:48	2405.80	1120.95	-194.60	92.59	21.98	76.77
2008-01-14T19:03:50	2398.37	1133.01	-195.14	92.30	22.66	77.79
2008-01-14T19:03:52	2390.93	1145.06	-195.68	92.29	23.16	78.90
2008-01-14T19:03:54	2383.47	1157.11	-196.22	92.42	23.33	80.06
2008-01-14T19:03:56	2376.01	1169.15	-196.76	92.37	23.51	81.25
2008-01-14T19:03:58	2368.54	1181.18	-197.29	92.14	23.68	82.50
2008-01-14T19:04:00	2361.05	1193.21	-197.83	91.75	23.85	83.78
2008-01-14T19:04:02	2353.56	1205.24	-198.36	91.28	24.17	84.23
2008-01-14T19:04:04	2346.05	1217.26	-198.90	90.59	24.60	84.68
2008-01-14T19:04:06	2338.54	1229.27	-199.43	90.02	25.07	85.22
2008-01-14T19:04:08	2331.00	1241.28	-199.96	89.56	25.58	85.84
2008-01-14T19:04:10	2323.46	1253.28	-200.49	89.21	26.12	86.51
2008-01-14T19:04:12	2315.91	1265.27	-201.02	89.70	26.59	86.90
2008-01-14T19:04:14	2308.35	1277.26	-201.55	90.13	27.17	87.29
2008-01-14T19:04:16	2300.78	1289.24	-202.08	90.24	27.82	87.68
2008-01-14T19:04:18	2293.19	1301.22	-202.61	90.17	28.28	87.87
2008-01-14T19:04:20	2285.60	1313.19	-203.13	90.05	28.50	87.91
2008-01-14T19:04:22	2277.99	1325.16	-203.66	89.48	28.36	88.13
2008-01-14T19:04:24	2270.38	1337.12	-204.18	88.86	28.31	88.47
2008-01-14T19:04:26	2262.75	1349.07	-204.71	88.19	28.36	88.95
2008-01-14T19:04:28	2255.11	1361.01	-205.23	87.47	28.51	89.58
2008-01-14T19:04:30	2247.46	1372.95	-205.75	86.88	28.79	90.18
2008-01-14T19:04:32	2239.80	1384.89	-206.27	86.81	29.15	90.47
2008-01-14T19:04:34	2232.13	1396.81	-206.79	86.52	29.30	90.62
2008-01-14T19:04:36	2224.45	1408.73	-207.31	86.00	29.25	90.60
2008-01-14T19:04:38	2216.76	1420.64	-207.83	85.26	28.98	90.43
2008-01-14T19:04:40	2209.06	1432.55	-208.34	84.43	28.71	90.16
2008-01-14T19:04:42	2201.35	1444.45	-208.86	83.71	28.66	89.91
2008-01-14T19:04:44	2193.62	1456.34	-209.37	83.08	28.68	89.67
2008-01-14T19:04:46	2185.89	1468.23	-209.89	82.67	29.08	89.43
2008-01-14T19:04:48	2178.14	1480.10	-210.40	82.31	29.73	88.94
2008-01-14T19:04:50	2170.39	1491.98	-210.91	82.06	30.39	88.34
2008-01-14T19:04:52	2162.63	1503.84	-211.42	81.86	31.20	87.80
2008-01-14T19:04:54	2154.85	1515.70	-211.93	81.65	32.18	87.27
2008-01-14T19:04:56	2147.07	1527.55	-212.44	81.44	33.32	86.76
2008-01-14T19:04:58	2139.27	1539.39	-212.95	81.23	34.63	86.29
2008-01-14T19:05:00	2131.47	1551.23	-213.46	80.76	35.31	86.00
2008-01-14T19:05:02	2123.65	1563.05	-213.96	80.33	35.44	86.34
2008-01-14T19:05:04	2115.82	1574.87	-214.46	79.76	35.39	86.74
2008-01-14T19:05:06	2107.99	1586.69	-214.97	79.03	35.17	87.20
2008-01-14T19:05:08	2100.14	1598.49	-215.47	78.16	34.80	87.73
2008-01-14T19:05:10	2092.29	1610.29	-215.97	77.16	35.04	87.97
2008-01-14T19:05:12	2084.42	1622.08	-216.47	76.06	35.50	88.08
2008-01-14T19:05:14	2076.55	1633.86	-216.97	74.85	36.20	88.05
2008-01-14T19:05:16	2068.66	1645.64	-217.47	73.78	36.77	87.86
2008-01-14T19:05:18	2060.77	1657.40	-217.97	72.81	37.13	87.39
2008-01-14T19:05:20	2052.86	1669.16	-218.46	72.45	37.39	86.75
2008-01-14T19:05:22	2044.95	1680.92	-218.96	72.30	37.73	86.49
2008-01-14T19:05:24	2037.03	1692.66	-219.45	72.39	38.16	86.59
2008-01-14T19:05:26	2029.09	1704.40	-219.95	72.70	38.69	87.09
2008-01-14T19:05:28	2021.15	1716.13	-220.44	72.89	39.14	87.89
2008-01-14T19:05:30	2013.20	1727.84	-220.93	71.80	39.13	88.03
2008-01-14T19:05:32	2005.24	1739.55	-221.42	70.51	39.06	87.96
2008-01-14T19:05:34	1997.27	1751.26	-221.91	69.25	38.92	87.97
2008-01-14T19:05:36	1989.29	1762.95	-222.40	68.02	38.73	88.06
2008-01-14T19:05:38	1981.30	1774.64	-222.88	67.06	38.82	88.18
2008-01-14T19:05:40	1973.30	1786.32	-223.37	66.65	39.46	88.40
2008-01-14T19:05:42	1965.29	1797.99	-223.86	66.49	40.16	88.79
2008-01-14T19:05:44	1957.28	1809.66	-224.34	66.60	40.74	89.06
2008-01-14T19:05:46	1949.25	1821.31	-224.82	66.75	40.93	88.99
2008-01-14T19:05:48	1941.22	1832.96	-225.30	67.05	40.92	88.72
2008-01-14T19:05:50	1933.17	1844.59	-225.78	67.25	40.95	88.36
2008-01-14T19:05:52	1925.12	1856.23	-226.26	67.05	41.05	88.08
2008-01-14T19:05:54	1917.06	1867.84	-226.74	66.46	41.21	87.87
2008-01-14T19:05:56	1908.99	1879.46	-227.22	65.48	41.46	87.77
2008-01-14T19:05:58	1900.92	1891.06	-227.70	64.14	41.53	87.80
2008-01-14T19:06:00	1892.83	1902.66	-228.17	63.00	41.63	87.96
2008-01-14T19:06:02	1884.73	1914.24	-228.65	61.72	41.79	88.14
2008-01-14T19:06:04	1876.63	1925.82	-229.12	60.29	42.00	88.32
2008-01-14T19:06:06	1868.52	1937.39	-229.59	58.70	42.25	88.51
2008-01-14T19:06:08	1860.40	1948.95	-230.07	58.38	42.74	88.69
2008-01-14T19:06:10	1852.27	1960.51	-230.54	58.98	43.53	88.83
2008-01-14T19:06:12	1844.13	1972.05	-231.00	59.90	44.58	88.93
2008-01-14T19:06:14	1835.99	1983.58	-231.47	60.70	45.69	88.89
2008-01-14T19:06:16	1827.84	1995.11	-231.94	60.86	46.63	88.68
2008-01-14T19:06:18	1819.68	2006.63	-232.41	60.74	47.50	88.69
2008-01-14T19:06:20	1811.51	2018.14	-232.87	60.62	48.18	88.75
2008-01-14T19:06:22	1803.33	2029.64	-233.34	60.45	48.59	88.71
2008-01-14T19:06:24	1795.15	2041.13	-233.80	60.22	48.74	88.57
2008-01-14T19:06:26	1786.96	2052.61	-234.26	59.90	48.54	88.23
2008-01-14T19:06:28	1778.76	2064.08	-234.72	58.93	47.51	87.62
2008-01-14T19:06:30	1770.55	2075.55	-235.18	57.84	46.43	87.20
2008-01-14T19:06:32	1762.33	2087.01	-235.64	56.80	45.53	87.02
2008-01-14T19:06:34	1754.11	2098.45	-236.10	55.83	44.81	87.06
2008-01-14T19:06:36	1745.88	2109.89	-236.56	54.93	44.25	87.33
2008-01-14T19:06:38	1737.65	2121.32	-237.01	53.96	43.64	87.13
2008-01-14T19:06:40	1729.40	2132.74	-237.47	53.16	43.09	86.65
2008-01-14T19:06:42	1721.15	2144.15	-237.92	52.75	42.85	86.06
2008-01-14T19:06:44	1712.89	2155.55	-238.38	52.52	42.94	85.32
2008-01-14T19:06:46	1704.63	2166.95	-238.83	52.44	43.34	84.43
2008-01-14T19:06:48	1696.35	2178.33	-239.28	52.60	43.85	83.81
2008-01-14T19:06:50	1688.07	2189.71	-239.73	52.58	44.14	83.10
2008-01-14T19:06:52	1679.79	2201.07	-240.18	52.31	44.23	82.13
2008-01-14T19:06:54	1671.49	2212.43	-240.63	51.85	44.17	81.43
2008-01-14T19:06:56	1663.19	2223.78	-241.08	51.31	44.23	81.60
2008-01-14T19:06:58	1654.88	2235.12	-241.52	51.15	44.67	82.51
2008-01-14T19:07:00	1646.57	2246.45	-241.97	51.15	45.15	83.51
2008-01-14T19:07:02	1638.25	2257.77	-242.41	51.10	45.55	84.31
2008-01-14T19:07:04	1629.92	2269.08	-242.86	51.02	45.87	84.92
2008-01-14T19:07:06	1621.59	2280.38	-243.30	50.90	46.12	85.33
2008-01-14T19:07:08	1613.25	2291.68	-243.74	50.56	45.78	84.87
2008-01-14T19:07:10	1604.91	2302.96	-244.18	50.15	45.17	84.07
2008-01-14T19:07:12	1596.55	2314.24	-244.62	49.78	44.69	83.45
2008-01-14T19:07:14	1588.19	2325.51	-245.06	49.45	44.33	82.99
2008-01-14T19:07:16	1579.83	2336.77	-245.50	49.16	44.11	82.70
2008-01-14T19:07:18	1571.46	2348.01	-245.93	48.79	44.14	82.69
2008-01-14T19:07:20	1563.08	2359.26	-246.37	48.38	44.24	82.83
2008-01-14T19:07:22	1554.70	2370.49	-246.80	47.93	44.10	82.64
2008-01-14T19:07:24	1546.31	2381.71	-247.24	47.46	43.84	82.28
2008-01-14T19:07:26	1537.91	2392.92	-247.67	47.03	43.53	81.89
2008-01-14T19:07:28	1529.51	2404.12	-248.10	46.83	43.38	81.37
2008-01-14T19:07:30	1521.11	2415.32	-248.53	46.96	43.55	80.82
2008-01-14T19:07:32	1512.70	2426.50	-248.96	47.24	43.86	80.42
2008-01-14T19:07:34	1504.28	2437.68	-249.39	47.65	44.30	80.17
2008-01-14T19:07:36	1495.85	2448.85	-249.82	47.69	44.62	79.75
2008-01-14T19:07:38	1487.43	2460.01	-250.25	47.18	44.73	79.53
2008-01-14T19:07:40	1478.99	2471.16	-250.68	45.86	44.60	79.60
2008-01-14T19:07:42	1470.55	2482.30	-251.10	44.55	44.34	79.63
2008-01-14T19:07:44	1462.11	2493.43	-251.52	43.26	43.95	79.63
2008-01-14T19:07:46	1453.66	2504.56	-251.95	42.00	43.43	79.59
2008-01-14T19:07:48	1445.20	2515.67	-252.37	41.00	42.89	79.55
2008-01-14T19:07:50	1436.75	2526.77	-252.79	40.97	42.85	79.58
2008-01-14T19:07:52	1428.28	2537.87	-253.22	40.77	42.66	79.37
2008-01-14T19:07:54	1419.81	2548.96	-253.64	40.39	42.32	78.94
2008-01-14T19:07:56	1411.34	2560.03	-254.06	39.85	41.82	78.27
2008-01-14T19:07:58	1402.86	2571.10	-254.47	39.15	41.18	77.39
2008-01-14T19:08:00	1394.37	2582.16	-254.89	38.78	40.62	76.84
2008-01-14T19:08:02	1385.88	2593.21	-255.31	38.60	40.21	76.50
2008-01-14T19:08:04	1377.39	2604.26	-255.72	38.63	39.87	76.47
2008-01-14T19:08:06	1368.89	2615.29	-256.14	38.42	39.57	76.38
2008-01-14T19:08:08	1360.39	2626.32	-256.55	37.97	39.30	76.21
2008-01-14T19:08:10	1351.88	2637.34	-256.97	37.68	39.37	76.66
2008-01-14T19:08:12	1343.36	2648.34	-257.38	37.39	39.66	77.17
2008-01-14T19:08:14	1334.85	2659.34	-257.79	37.06	40.14	77.68
2008-01-14T19:08:16	1326.33	2670.33	-258.20	36.87	40.35	78.10
2008-01-14T19:08:18	1317.80	2681.31	-258.61	36.69	40.24	78.26
2008-01-14T19:08:20	1309.27	2692.28	-259.02	36.47	39.60	77.68
2008-01-14T19:08:22	1300.74	2703.25	-259.43	36.19	38.83	76.86
2008-01-14T19:08:24	1292.20	2714.20	-259.83	35.80	38.19	76.07
2008-01-14T19:08:26	1283.66	2725.15	-260.24	35.31	37.67	75.31
2008-01-14T19:08:28	1275.11	2736.09	-260.64	34.70	37.29	74.58
2008-01-14T19:08:30	1266.56	2747.02	-261.05	34.81	37.35	74.71
2008-01-14T19:08:32	1258.01	2757.93	-261.45	34.87	37.31	74.91
2008-01-14T19:08:34	1249.45	2768.85	-261.86	34.64	37.15	74.95
2008-01-14T19:08:36	1240.89	2779.75	-262.26	34.11	36.87	74.83
2008-01-14T19:08:38	1232.32	2790.65	-262.66	33.28	36.47	74.54
2008-01-14T19:08:40	1223.75	2801.53	-263.06	32.32	36.01	74.14
2008-01-14T19:08:42	1215.18	2812.41	-263.46	32.01	35.72	73.95
2008-01-14T19:08:44	1206.60	2823.28	-263.86	32.16	35.60	73.84
2008-01-14T19:08:46	1198.02	2834.14	-264.26	32.43	35.64	73.70
2008-01-14T19:08:48	1189.44	2844.99	-264.65	32.80	35.84	73.54
2008-01-14T19:08:50	1180.85	2855.83	-265.05	33.27	36.20	73.35
2008-01-14T19:08:52	1172.26	2866.67	-265.45	33.41	36.37	73.59
2008-01-14T19:08:54	1163.66	2877.50	-265.84	33.25	36.24	73.69
2008-01-14T19:08:56	1155.07	2888.32	-266.24	32.86	35.85	73.88
2008-01-14T19:08:58	1146.43	2899.16	-266.63	32.61	35.40	74.19
2008-01-14T19:09:00	1137.86	2909.93	-267.02	32.57	34.94	74.49
2008-01-14T19:09:02	1129.25	2920.72	-267.41	32.46	34.56	74.47
2008-01-14T19:09:04	1120.64	2931.51	-267.81	32.25	34.12	74.08
2008-01-14T19:09:06	1112.03	2942.28	-268.20	32.05	33.57	73.43
2008-01-14T19:09:08	1103.41	2953.05	-268.59	31.86	32.89	72.52
2008-01-14T19:09:10	1094.79	2963.81	-268.98	31.19	32.77	71.55
2008-01-14T19:09:12	1086.17	2974.57	-269.36	30.74	32.99	71.15
2008-01-14T19:09:14	1077.55	2985.31	-269.75	30.58	33.72	71.77
2008-01-14T19:09:16	1068.92	2996.05	-270.14	30.55	34.38	72.59
2008-01-14T19:09:18	1060.28	3006.78	-270.52	30.66	34.98	73.61
2008-01-14T19:09:20	1051.65	3017.50	-270.91	30.91	35.51	74.83
2008-01-14T19:09:22	1043.01	3028.21	-271.29	31.03	35.77	75.81
2008-01-14T19:09:24	1034.37	3038.92	-271.68	30.28	34.99	74.57
2008-01-14T19:09:26	1025.73	3049.61	-272.06	29.62	34.30	73.57
2008-01-14T19:09:28	1017.09	3060.30	-272.44	29.03	33.69	72.79
2008-01-14T19:09:30	1008.44	3070.98	-272.82	28.52	33.18	72.24
2008-01-14T19:09:32	999.79	3081.65	-273.20	28.07	32.77	71.93
2008-01-14T19:09:34	991.14	3092.32	-273.58	27.68	32.54	71.91
2008-01-14T19:09:36	982.48	3102.97	-273.97	27.54	32.45	72.04
2008-01-14T19:09:38	973.82	3113.62	-274.34	27.35	32.40	72.03
2008-01-14T19:09:40	965.16	3124.26	-274.72	27.04	32.37	71.86
2008-01-14T19:09:42	956.50	3134.90	-275.10	26.61	32.34	71.52
2008-01-14T19:09:44	947.84	3145.52	-275.48	26.20	32.44	71.08
2008-01-14T19:09:46	939.17	3156.14	-275.85	26.14	32.90	70.74
2008-01-14T19:09:48	930.50	3166.75	-276.23	26.17	33.43	70.36
2008-01-14T19:09:50	921.83	3177.36	-276.60	26.49	33.41	69.79
2008-01-14T19:09:52	913.15	3187.95	-276.98	26.65	33.42	69.46
2008-01-14T19:09:54	904.48	3198.54	-277.35	26.65	33.45	69.37
2008-01-14T19:09:56	895.80	3209.12	-277.72	26.58	32.76	69.22
2008-01-14T19:09:58	887.12	3219.69	-278.10	26.51	32.03	69.13
2008-01-14T19:10:00	878.44	3230.25	-278.47	26.43	31.32	69.13
2008-01-14T19:10:02	869.76	3240.81	-278.84	26.30	30.54	69.16
2008-01-14T19:10:04	861.07	3251.36	-279.21	26.15	29.77	69.12
2008-01-14T19:10:06	852.38	3261.91	-279.58	26.15	29.41	69.02
2008-01-14T19:10:08	843.69	3272.44	-279.95	26.34	29.45	68.88
2008-01-14T19:10:10	835.00	3282.97	-280.32	26.60	29.58	68.70
2008-01-14T19:10:12	826.31	3293.49	-280.68	26.93	29.81	68.50
2008-01-14T19:10:14	817.61	3304.00	-281.05	27.33	30.14	68.26
2008-01-14T19:10:16	808.91	3314.51	-281.42	27.82	30.17	68.33
2008-01-14T19:10:18	800.21	3325.01	-281.78	27.84	29.29	68.13
2008-01-14T19:10:20	791.51	3335.50	-282.15	27.86	28.32	68.00
2008-01-14T19:10:22	782.81	3345.98	-282.51	27.90	27.26	67.95
2008-01-14T19:10:24	774.11	3356.46	-282.88	27.95	26.13	67.99
2008-01-14T19:10:26	765.40	3366.93	-283.24	28.01	24.90	68.12
2008-01-14T19:10:28	756.69	3377.39	-283.60	27.96	24.67	68.02
2008-01-14T19:10:30	747.98	3387.85	-283.96	27.81	25.42	67.65
2008-01-14T19:10:32	739.28	3398.30	-284.33	27.67	26.12	67.42
2008-01-14T19:10:34	730.56	3408.74	-284.69	27.53	26.78	67.33
2008-01-14T19:10:36	721.85	3419.17	-285.05	27.40	27.38	67.38
2008-01-14T19:10:38	713.14	3429.60	-285.41	27.23	27.83	67.54
2008-01-14T19:10:40	704.42	3440.02	-285.77	26.81	27.58	67.49
2008-01-14T19:10:42	695.70	3450.44	-286.13	26.43	26.55	66.68
2008-01-14T19:10:44	686.98	3460.84	-286.49	26.01	25.49	65.66
2008-01-14T19:10:46	678.26	3471.24	-286.84	25.55	24.58	64.60
2008-01-14T19:10:48	669.54	3481.64	-287.20	25.04	23.80	63.48
2008-01-14T19:10:50	660.82	3492.03	-287.56	24.55	23.28	62.72
2008-01-14T19:10:52	652.09	3502.41	-287.91	23.97	22.89	62.20
2008-01-14T19:10:54	643.37	3512.78	-288.27	23.39	22.61	62.01
2008-01-14T19:10:56	634.64	3523.15	-288.62	23.26	22.57	62.65
2008-01-14T19:10:58	625.92	3533.50	-288.98	23.34	22.64	63.35
2008-01-14T19:11:00	617.19	3543.86	-289.33	23.65	22.75	64.12
2008-01-14T19:11:02	608.46	3554.20	-289.68	24.07	22.45	65.00
2008-01-14T19:11:04	599.73	3564.54	-290.04	24.46	22.09	65.66
2008-01-14T19:11:06	591.00	3574.88	-290.39	24.82	21.67	66.10
2008-01-14T19:11:08	582.26	3585.20	-290.74	24.71	21.08	66.26
2008-01-14T19:11:10	573.53	3595.53	-291.09	24.45	20.39	66.25
2008-01-14T19:11:12	564.79	3605.84	-291.44	23.98	19.86	66.31
2008-01-14T19:11:14	556.06	3616.15	-291.79	23.31	19.49	66.45
2008-01-14T19:11:16	547.32	3626.45	-292.14	22.58	19.11	66.55
2008-01-14T19:11:18	538.59	3636.74	-292.49	21.79	18.73	66.62
2008-01-14T19:11:20	529.85	3647.03	-292.84	20.95	18.36	66.56
2008-01-14T19:11:22	521.11	3657.31	-293.19	20.02	18.05	65.98
2008-01-14T19:11:24	512.37	3667.59	-293.53	19.02	17.51	65.11
2008-01-14T19:11:26	503.63	3677.86	-293.88	18.20	17.09	64.43
2008-01-14T19:11:28	494.88	3688.12	-294.22	17.57	16.78	63.94
2008-01-14T19:11:30	486.14	3698.38	-294.57	17.12	16.59	63.63
2008-01-14T19:11:32	477.40	3708.63	-294.92	16.86	16.51	63.51
2008-01-14T19:11:34	468.65	3718.87	-295.26	16.56	16.30	63.11
2008-01-14T19:11:36	459.91	3729.11	-295.61	16.03	16.13	62.37
2008-01-14T19:11:38	451.16	3739.35	-295.95	15.47	16.07	61.75
2008-01-14T19:11:40	442.42	3749.57	-296.29	14.87	16.14	61.25
2008-01-14T19:11:42	433.67	3759.79	-296.64	14.25	16.32	60.87
2008-01-14T19:11:44	424.92	3770.01	-296.98	13.61	16.63	60.59
2008-01-14T19:11:46	416.17	3780.21	-297.32	12.62	16.31	60.13
2008-01-14T19:11:48	407.42	3790.42	-297.66	11.57	15.45	59.67
2008-01-14T19:11:50	398.67	3800.61	-298.00	10.53	14.57	58.99
2008-01-14T19:11:52	389.92	3810.80	-298.34	9.52	13.69	58.10
2008-01-14T19:11:54	381.17	3820.99	-298.68	8.51	12.78	57.00
2008-01-14T19:11:56	372.42	3831.17	-299.02	7.77	11.88	55.72
2008-01-14T19:11:58	363.67	3841.34	-299.36	7.74	11.19	54.43
2008-01-14T19:12:00	354.92	3851.51	-299.70	7.69	10.71	53.41
2008-01-14T19:12:02	346.16	3861.67	-300.04	7.60	10.38	52.61
2008-01-14T19:12:04	337.41	3871.82	-300.38	7.40	10.11	51.81
2008-01-14T19:12:06	328.66	3881.97	-300.72	7.10	9.88	50.98
2008-01-14T19:12:08	319.90	3892.12	-301.05	6.62	9.34	50.23
2008-01-14T19:12:10	311.15	3902.26	-301.39	6.09	8.59	49.29
2008-01-14T19:12:12	302.39	3912.39	-301.73	5.58	7.83	48.09
2008-01-14T19:12:14	293.64	3922.52	-302.06	5.28	7.49	46.76
2008-01-14T19:12:16	284.88	3932.64	-302.40	4.80	7.16	45.41
2008-01-14T19:12:18	276.12	3942.75	-302.73	4.15	6.84	44.03
2008-01-14T19:12:20	267.37	3952.87	-303.07	4.03	6.82	42.46
2008-01-14T19:12:22	258.61	3962.97	-303.40	3.97	6.70	40.76
2008-01-14T19:12:24	249.85	3973.07	-303.73	3.94	6.50	38.93
2008-01-14T19:12:26	241.09	3983.16	-304.07	3.90	6.10	36.75
2008-01-14T19:12:28	232.34	3993.25	-304.40	3.85	5.57	34.45
2008-01-14T19:12:30	223.58	4003.33	-304.73	3.67	5.01	32.43
2008-01-14T19:12:32	214.82	4013.41	-305.06	3.11	4.42	30.95
2008-01-14T19:12:34	206.06	4023.49	-305.39	2.51	3.85	29.67
2008-01-14T19:12:36	197.30	4033.55	-305.72	1.88	3.31	28.61
2008-01-14T19:12:38	188.54	4043.61	-306.06	1.20	2.79	27.76
2008-01-14T19:12:40	179.78	4053.67	-306.39	0.65	2.12	26.72
2008-01-14T19:12:42	171.02	4063.72	-306.72	0.50	1.54	25.24
2008-01-14T19:12:44	162.26	4073.77	-307.04	0.53	1.09	23.50
2008-01-14T19:12:46	153.50	4083.81	-307.37	0.54	0.71	21.73
2008-01-14T19:12:48	144.74	4093.84	-307.70	0.55	0.38	19.94
2008-01-14T19:12:50	135.98	4103.88	-308.03	0.54	0.12	18.12
2008-01-14T19:12:52	127.22	4113.90	-308.36	0.50	-0.04	16.46
2008-01-14T19:12:54	118.46	4123.92	-308.69	0.59	-0.16	15.44
2008-01-14T19:12:56	109.70	4133.94	-309.01	0.75	-0.26	14.39
2008-01-14T19:12:58	100.94	4143.94	-309.34	0.97	-0.33	13.27
2008-01-14T19:13:00	92.18	4153.95	-309.67	1.25	-0.39	12.08
2008-01-14T19:13:02	83.42	4163.95	-309.99	1.59	-0.42	10.83
2008-01-14T19:13:04	74.66	4173.95	-310.32	2.00	-0.47	9.56
2008-01-14T19:13:06	65.90	4183.94	-310.64	2.42	-0.64	8.42
2008-01-14T19:13:08	57.14	4193.92	-310.97	2.78	-0.78	7.29
2008-01-14T19:13:10	48.38	4203.90	-311.29	3.10	-0.90	6.16
2008-01-14T19:13:12	39.62	4213.88	-311.61	3.37	-1.00	5.03
2008-01-14T19:13:14	30.85	4223.84	-311.94	3.60	-1.08	3.91
2008-01-14T19:13:16	22.09	4233.81	-312.26	3.83	-1.16	2.90
2008-01-14T19:13:18	13.33	4243.77	-312.59	4.10	-1.28	2.01
2008-01-14T19:13:20	4.57	4253.73	-312.91	4.41	-1.41	1.12
2008-01-14T19:13:22	-4.19	4263.68	-313.23	4.72	-1.52	0.22
2008-01-14T19:13:24	-12.95	4273.62	-313.55	5.06	-1.62	-0.70
2008-01-14T19:13:26	-21.71	4283.57	-313.87	5.42	-1.71	-1.63
2008-01-14T19:13:28	-30.47	4293.50	-314.20	5.74	-1.77	-2.42
2008-01-14T19:13:30	-39.23	4303.44	-314.52	6.06	-1.82	-3.16
2008-01-14T19:13:32	-47.99	4313.36	-314.84	6.37	-1.94	-3.91
2008-01-14T19:13:34	-56.75	4323.28	-315.16	6.63	-2.08	-4.63
2008-01-14T19:13:36	-65.51	4333.20	-315.48	6.84	-2.25	-5.32
2008-01-14T19:13:38	-74.28	4343.11	-315.80	6.99	-2.43	-5.98
2008-01-14T19:13:40	-83.04	4353.02	-316.12	6.96	-2.64	-6.51
2008-01-14T19:13:42	-91.80	4362.93	-316.43	6.88	-2.84	-7.04
2008-01-14T19:13:44	-100.55	4372.83	-316.75	6.79	-3.05	-7.57
2008-01-14T19:13:46	-109.32	4382.72	-317.07	6.73	-3.24	-8.10
2008-01-14T19:13:48	-118.08	4392.61	-317.39	6.67	-3.39	-8.65
2008-01-14T19:13:50	-126.84	4402.50	-317.71	6.63	-3.50	-9.20
2008-01-14T19:13:52	-135.59	4412.38	-318.02	6.66	-3.61	-9.62
2008-01-14T19:13:54	-144.35	4422.26	-318.34	6.66	-3.70	-10.02
2008-01-14T19:13:56	-153.11	4432.13	-318.66	6.62	-3.77	-10.39
2008-01-14T19:13:58	-161.87	4442.00	-318.97	6.53	-3.86	-10.74
2008-01-14T19:14:00	-170.63	4451.86	-319.29	6.41	-3.98	-11.08
2008-01-14T19:14:02	-179.39	4461.72	-319.61	6.23	-4.09	-11.41
2008-01-14T19:14:04	-188.15	4471.58	-319.92	6.04	-4.24	-11.74
2008-01-14T19:14:06	-196.90	4481.43	-320.24	5.89	-4.47	-12.07
2008-01-14T19:14:08	-205.66	4491.27	-320.55	5.75	-4.77	-12.42
2008-01-14T19:14:10	-214.42	4501.12	-320.86	5.67	-5.11	-12.72
2008-01-14T19:14:12	-223.18	4510.95	-321.18	5.71	-5.35	-12.81
2008-01-14T19:14:14	-231.93	4520.79	-321.49	6.00	-5.42	-12.76
2008-01-14T19:14:16	-240.69	4530.62	-321.81	6.42	-5.39	-12.68
2008-01-14T19:14:18	-249.45	4540.44	-322.12	6.82	-5.35	-12.63
2008-01-14T19:14:20	-258.20	4550.26	-322.43	7.21	-5.31	-12.59
2008-01-14T19:14:22	-266.96	4560.08	-322.75	7.59	-5.25	-12.56
2008-01-14T19:14:24	-275.72	4569.89	-323.06	7.88	-5.17	-12.67
2008-01-14T19:14:26	-284.47	4579.70	-323.37	7.85	-5.22	-12.87
2008-01-14T19:14:28	-293.22	4589.51	-323.68	7.75	-5.32	-13.10
2008-01-14T19:14:30	-301.98	4599.31	-323.99	7.66	-5.42	-13.36
2008-01-14T19:14:32	-310.73	4609.10	-324.30	7.58	-5.52	-13.66
2008-01-14T19:14:34	-319.49	4618.90	-324.62	7.50	-5.63	-13.99
2008-01-14T19:14:36	-328.24	4628.68	-324.93	7.41	-5.75	-14.34
2008-01-14T19:14:38	-337.00	4638.47	-325.23	7.39	-5.75	-14.52
2008-01-14T19:14:40	-345.75	4648.25	-325.54	7.47	-5.77	-14.69
2008-01-14T19:14:42	-354.50	4658.03	-325.85	7.64	-5.82	-14.86
2008-01-14T19:14:44	-363.25	4667.80	-326.16	7.91	-5.89	-15.02
2008-01-14T19:14:46	-372.01	4677.57	-326.47	8.26	-5.99	-15.19
2008-01-14T19:14:48	-380.76	4687.33	-326.78	8.70	-6.10	-15.34
2008-01-14T19:14:50	-389.51	4697.09	-327.09	8.84	-5.95	-15.36
2008-01-14T19:14:52	-398.26	4706.85	-327.40	8.92	-5.74	-15.38
2008-01-14T19:14:54	-407.01	4716.60	-327.71	9.00	-5.57	-15.45
2008-01-14T19:14:56	-415.76	4726.35	-328.01	9.08	-5.44	-15.58
2008-01-14T19:14:58	-424.51	4736.09	-328.32	9.15	-5.33	-15.76
2008-01-14T19:15:00	-433.26	4745.84	-328.63	9.19	-5.24	-15.94
2008-01-14T19:15:02	-442.01	4755.57	-328.93	9.10	-5.06	-15.90
2008-01-14T19:15:04	-450.76	4765.31	-329.24	9.15	-4.83	-15.75
2008-01-14T19:15:06	-459.51	4775.04	-329.55	9.20	-4.64	-15.67
2008-01-14T19:15:08	-468.26	4784.76	-329.85	9.26	-4.51	-15.66
2008-01-14T19:15:10	-477.00	4794.49	-330.16	9.32	-4.41	-15.73
2008-01-14T19:15:12	-485.75	4804.20	-330.47	9.44	-4.44	-15.71
2008-01-14T19:15:14	-494.50	4813.92	-330.77	9.64	-4.64	-15.44
2008-01-14T19:15:16	-503.25	4823.63	-331.08	9.87	-4.99	-15.05
2008-01-14T19:15:18	-511.99	4833.34	-331.38	10.09	-5.37	-14.61
2008-01-14T19:15:20	-520.74	4843.04	-331.69	10.27	-5.67	-14.19
2008-01-14T19:15:22	-529.48	4852.74	-331.99	10.40	-5.91	-13.79
2008-01-14T19:15:24	-538.22	4862.44	-332.29	10.61	-6.05	-13.51
2008-01-14T19:15:26	-546.97	4872.13	-332.60	11.02	-6.08	-13.42
2008-01-14T19:15:28	-555.71	4881.82	-332.90	11.47	-6.04	-13.41
2008-01-14T19:15:30	-564.45	4891.51	-333.20	12.01	-5.83	-13.37
2008-01-14T19:15:32	-573.20	4901.19	-333.51	12.53	-5.60	-13.26
2008-01-14T19:15:34	-581.94	4910.87	-333.81	13.03	-5.34	-13.09
2008-01-14T19:15:36	-590.68	4920.54	-334.11	13.50	-5.17	-12.84
2008-01-14T19:15:38	-599.43	4930.22	-334.42	13.93	-5.12	-12.57
2008-01-14T19:15:40	-608.17	4939.88	-334.72	14.35	-5.09	-12.31
2008-01-14T19:15:42	-616.91	4949.55	-335.02	14.69	-5.16	-11.99
2008-01-14T19:15:44	-625.65	4959.21	-335.32	14.90	-5.23	-11.61
2008-01-14T19:15:46	-634.39	4968.87	-335.62	15.01	-5.20	-11.20
2008-01-14T19:15:48	-643.12	4978.52	-335.92	14.96	-5.04	-10.86
2008-01-14T19:15:50	-651.86	4988.17	-336.23	14.85	-4.89	-10.61
2008-01-14T19:15:52	-660.60	4997.82	-336.53	14.74	-4.79	-10.40
2008-01-14T19:15:54	-669.34	5007.47	-336.83	14.63	-4.74	-10.24
2008-01-14T19:15:56	-678.08	5017.11	-337.13	14.59	-4.67	-10.19
2008-01-14T19:15:58	-686.81	5026.75	-337.43	14.50	-4.55	-10.12
2008-01-14T19:16:00	-695.55	5036.38	-337.73	14.49	-4.24	-10.10
2008-01-14T19:16:02	-704.28	5046.01	-338.03	14.62	-3.88	-10.09
2008-01-14T19:16:04	-713.02	5055.64	-338.33	14.84	-3.54	-10.05
2008-01-14T19:16:06	-721.75	5065.26	-338.63	15.16	-3.21	-10.00
2008-01-14T19:16:08	-730.49	5074.88	-338.92	15.61	-2.97	-10.02
2008-01-14T19:16:10	-739.22	5084.50	-339.22	16.10	-2.90	-10.16
2008-01-14T19:16:12	-747.96	5094.12	-339.52	16.25	-2.99	-10.18
2008-01-14T19:16:14	-756.69	5103.73	-339.82	16.22	-3.11	-10.14
2008-01-14T19:16:16	-765.42	5113.34	-340.12	16.09	-3.22	-10.10
2008-01-14T19:16:18	-774.15	5122.94	-340.42	15.84	-3.32	-10.04
2008-01-14T19:16:20	-782.88	5132.54	-340.71	15.49	-3.42	-9.96
2008-01-14T19:16:22	-791.61	5142.14	-341.01	14.97	-3.43	-9.94
2008-01-14T19:16:24	-800.34	5151.74	-341.31	14.57	-3.37	-10.23
2008-01-14T19:16:26	-809.07	5161.33	-341.60	14.27	-3.32	-10.56
2008-01-14T19:16:28	-817.80	5170.92	-341.90	14.06	-3.30	-10.88
2008-01-14T19:16:30	-826.53	5180.51	-342.20	13.93	-3.31	-11.17
2008-01-14T19:16:32	-835.26	5190.09	-342.50	13.89	-3.35	-11.45
2008-01-14T19:16:34	-843.98	5199.67	-342.79	13.94	-3.34	-11.59
2008-01-14T19:16:36	-852.71	5209.25	-343.09	13.79	-3.21	-11.15
2008-01-14T19:16:38	-861.44	5218.82	-343.38	13.57	-3.09	-10.77
2008-01-14T19:16:40	-870.16	5228.39	-343.68	13.29	-2.99	-10.48
2008-01-14T19:16:42	-878.89	5237.96	-343.97	12.96	-2.91	-10.31
2008-01-14T19:16:44	-887.61	5247.52	-344.27	12.57	-2.84	-10.25
2008-01-14T19:16:46	-896.34	5257.08	-344.56	12.14	-2.79	-10.30
2008-01-14T19:16:48	-905.06	5266.64	-344.86	12.19	-2.69	-10.35
2008-01-14T19:16:50	-913.78	5276.20	-345.15	12.35	-2.57	-10.35
2008-01-14T19:16:52	-922.51	5285.75	-345.45	12.50	-2.43	-10.35
2008-01-14T19:16:54	-931.23	5295.30	-345.74	12.64	-2.27	-10.34
2008-01-14T19:16:56	-939.95	5304.85	-346.04	12.78	-2.08	-10.31
2008-01-14T19:16:58	-948.67	5314.39	-346.33	12.92	-1.87	-10.28
2008-01-14T19:17:00	-957.39	5323.93	-346.62	12.80	-2.00	-10.57
2008-01-14T19:17:02	-966.11	5333.47	-346.92	12.67	-2.49	-11.00
