Time	POS_X	POS_Y	POS_Z	B_X	B_Y	B_Z
2008-01-14T18:52:14	4475.69	-3085.05	18.50	15.80	-11.89	17.77
2008-01-14T18:52:16	4470.58	-3073.19	17.87	15.47	-12.31	17.75
2008-01-14T18:52:18	4465.44	-3061.29	17.23	15.11	-12.70	17.73
2008-01-14T18:52:20	4460.35	-3049.48	16.60	14.70	-13.06	17.69
2008-01-14T18:52:22	4455.23	-3037.62	15.96	14.26	-13.38	17.65
2008-01-14T18:52:24	4450.11	-3025.75	15.33	14.00	-13.55	17.88
2008-01-14T18:52:26	4444.99	-3013.89	14.69	13.85	-13.68	18.23
2008-01-14T18:52:28	4439.86	-3002.03	14.06	13.70	-13.84	18.57
2008-01-14T18:52:30	4434.73	-2990.16	13.42	13.56	-14.01	18.90
2008-01-14T18:52:32	4429.60	-2978.29	12.79	13.42	-14.20	19.21
2008-01-14T18:52:34	4424.47	-2966.42	12.15	12.83	-14.38	19.34
2008-01-14T18:52:36	4419.33	-2954.55	11.52	12.12	-14.53	19.42
2008-01-14T18:52:38	4414.19	-2942.67	10.88	11.41	-14.64	19.53
2008-01-14T18:52:40	4409.05	-2930.80	10.25	10.73	-14.78	19.65
2008-01-14T18:52:42	4403.91	-2918.92	9.61	10.08	-14.96	19.77
2008-01-14T18:52:44	4398.76	-2907.04	8.98	9.48	-15.25	20.07
2008-01-14T18:52:46	4393.62	-2895.16	8.34	8.88	-15.51	20.35
2008-01-14T18:52:48	4388.46	-2883.28	7.71	8.30	-15.73	20.60
2008-01-14T18:52:50	4383.31	-2871.39	7.07	7.73	-15.91	20.83
2008-01-14T18:52:52	4378.15	-2859.51	6.44	7.36	-16.05	21.00
2008-01-14T18:52:54	4372.99	-2847.62	5.80	7.62	-16.11	21.07
2008-01-14T18:52:56	4367.83	-2835.73	5.17	7.93	-16.14	21.13
2008-01-14T18:52:58	4362.67	-2823.84	4.53	8.28	-16.14	21.20
2008-01-14T18:53:00	4357.50	-2811.95	3.90	8.56	-15.98	21.20
2008-01-14T18:53:02	4352.33	-2800.05	3.26	8.76	-15.79	21.22
2008-01-14T18:53:04	4347.16	-2788.15	2.63	8.92	-15.51	21.32
2008-01-14T18:53:06	4341.98	-2776.26	1.99	9.09	-15.24	21.44
2008-01-14T18:53:08	4336.80	-2764.35	1.36	9.29	-14.96	21.58
2008-01-14T18:53:10	4331.62	-2752.45	0.72	9.51	-14.69	21.73
2008-01-14T18:53:12	4326.44	-2740.55	0.09	9.79	-14.67	21.81
2008-01-14T18:53:14	4321.25	-2728.64	-0.55	10.11	-14.86	21.80
2008-01-14T18:53:16	4316.06	-2716.74	-1.19	10.43	-15.12	21.73
2008-01-14T18:53:18	4310.87	-2704.83	-1.82	10.77	-15.45	21.60
2008-01-14T18:53:20	4305.68	-2692.91	-2.45	11.11	-15.85	21.42
2008-01-14T18:53:22	4300.48	-2681.00	-3.09	11.24	-16.08	21.27
2008-01-14T18:53:24	4295.28	-2669.08	-3.73	11.36	-16.30	21.17
2008-01-14T18:53:26	4290.08	-2657.17	-4.36	11.49	-16.57	21.13
2008-01-14T18:53:28	4284.87	-2645.25	-4.99	11.65	-16.88	21.13
2008-01-14T18:53:30	4279.66	-2633.33	-5.63	11.81	-17.23	21.18
2008-01-14T18:53:32	4274.45	-2621.41	-6.27	11.75	-17.36	21.38
2008-01-14T18:53:34	4269.23	-2609.48	-6.90	11.71	-17.48	21.57
2008-01-14T18:53:36	4264.01	-2597.56	-7.54	11.72	-17.60	21.73
2008-01-14T18:53:38	4258.79	-2585.63	-8.17	11.76	-17.73	21.88
2008-01-14T18:53:40	4253.57	-2573.70	-8.81	11.84	-17.79	21.84
2008-01-14T18:53:42	4248.34	-2561.77	-9.44	11.93	-17.64	21.20
2008-01-14T18:53:44	4243.11	-2549.83	-10.08	12.04	-17.53	20.47
2008-01-14T18:53:46	4237.88	-2537.90	-10.71	12.15	-17.53	19.79
2008-01-14T18:53:48	4232.64	-2525.96	-11.35	12.25	-17.63	19.17
2008-01-14T18:53:50	4227.40	-2514.02	-11.98	12.40	-17.82	18.93
2008-01-14T18:53:52	4222.16	-2502.08	-12.62	12.58	-17.95	19.13
2008-01-14T18:53:54	4216.92	-2490.13	-13.25	12.70	-18.02	19.32
2008-01-14T18:53:56	4211.67	-2478.19	-13.89	12.75	-18.01	19.49
2008-01-14T18:53:58	4206.42	-2466.24	-14.52	12.75	-17.94	19.65
2008-01-14T18:54:00	4201.16	-2454.30	-15.16	12.89	-18.03	19.72
2008-01-14T18:54:02	4195.90	-2442.34	-15.79	13.18	-18.22	19.72
2008-01-14T18:54:04	4190.64	-2430.39	-16.43	13.54	-18.40	19.71
2008-01-14T18:54:06	4185.38	-2418.44	-17.06	13.94	-18.43	19.72
2008-01-14T18:54:08	4180.11	-2406.48	-17.70	14.32	-18.41	19.69
2008-01-14T18:54:10	4174.84	-2394.52	-18.33	14.67	-18.19	19.71
2008-01-14T18:54:12	4169.56	-2382.56	-18.97	15.01	-17.96	19.70
2008-01-14T18:54:14	4164.29	-2370.60	-19.60	15.35	-17.75	19.64
2008-01-14T18:54:16	4159.01	-2358.64	-20.24	15.68	-17.57	19.53
2008-01-14T18:54:18	4153.72	-2346.67	-20.87	15.95	-17.43	19.35
2008-01-14T18:54:20	4148.43	-2334.70	-21.51	15.71	-17.57	18.96
2008-01-14T18:54:22	4143.14	-2322.73	-22.14	15.45	-17.70	18.59
2008-01-14T18:54:24	4137.85	-2310.76	-22.77	15.19	-17.84	18.23
2008-01-14T18:54:26	4132.55	-2298.79	-23.41	14.92	-17.99	17.91
2008-01-14T18:54:28	4127.25	-2286.81	-24.05	14.76	-18.14	17.80
2008-01-14T18:54:30	4121.95	-2274.83	-24.68	14.71	-18.27	17.89
2008-01-14T18:54:32	4116.64	-2262.85	-25.32	14.67	-18.39	17.97
2008-01-14T18:54:34	4111.33	-2250.87	-25.95	14.62	-18.51	18.05
2008-01-14T18:54:36	4106.01	-2238.89	-26.58	14.57	-18.63	18.13
2008-01-14T18:54:38	4100.70	-2226.91	-27.22	14.65	-18.80	18.29
2008-01-14T18:54:40	4095.37	-2214.92	-27.86	14.87	-19.08	18.54
2008-01-14T18:54:42	4090.05	-2202.93	-28.49	15.11	-19.40	18.77
2008-01-14T18:54:44	4084.72	-2190.94	-29.12	15.37	-19.76	19.01
2008-01-14T18:54:46	4079.39	-2178.94	-29.76	15.65	-20.18	19.24
2008-01-14T18:54:48	4074.05	-2166.95	-30.39	15.67	-20.28	19.21
2008-01-14T18:54:50	4068.71	-2154.95	-31.03	15.56	-20.28	19.08
2008-01-14T18:54:52	4063.37	-2142.95	-31.66	15.46	-20.32	19.02
2008-01-14T18:54:54	4058.03	-2130.95	-32.30	15.36	-20.42	19.02
2008-01-14T18:54:56	4052.67	-2118.95	-32.93	15.27	-20.56	19.09
2008-01-14T18:54:58	4047.32	-2106.94	-33.56	15.26	-20.72	19.12
2008-01-14T18:55:00	4041.96	-2094.94	-34.20	15.33	-20.83	19.19
2008-01-14T18:55:02	4036.60	-2082.93	-34.83	15.47	-20.90	19.29
2008-01-14T18:55:04	4031.24	-2070.92	-35.47	15.68	-20.93	19.41
2008-01-14T18:55:06	4025.87	-2058.90	-36.10	15.97	-20.91	19.54
2008-01-14T18:55:08	4020.49	-2046.89	-36.74	16.33	-20.80	19.64
2008-01-14T18:55:10	4015.12	-2034.87	-37.37	16.64	-20.56	19.67
2008-01-14T18:55:12	4009.74	-2022.85	-38.01	16.98	-20.38	19.70
2008-01-14T18:55:14	4004.35	-2010.83	-38.64	17.36	-20.28	19.74
2008-01-14T18:55:16	3998.96	-1998.81	-39.27	17.54	-20.24	19.64
2008-01-14T18:55:18	3993.57	-1986.78	-39.91	17.46	-20.26	19.37
2008-01-14T18:55:20	3988.18	-1974.76	-40.54	17.35	-20.33	19.11
2008-01-14T18:55:22	3982.78	-1962.73	-41.18	17.22	-20.47	18.88
2008-01-14T18:55:24	3977.37	-1950.70	-41.81	17.06	-20.67	18.67
2008-01-14T18:55:26	3971.97	-1938.67	-42.44	16.70	-20.95	18.83
2008-01-14T18:55:28	3966.55	-1926.63	-43.08	16.24	-21.29	19.21
2008-01-14T18:55:30	3961.14	-1914.59	-43.71	15.74	-21.60	19.68
2008-01-14T18:55:32	3955.72	-1902.55	-44.34	15.30	-21.74	20.25
2008-01-14T18:55:34	3950.29	-1890.51	-44.98	14.94	-21.88	20.86
2008-01-14T18:55:36	3944.87	-1878.47	-45.61	15.12	-21.86	21.43
2008-01-14T18:55:38	3939.43	-1866.43	-46.25	15.34	-21.81	21.89
2008-01-14T18:55:40	3934.00	-1854.38	-46.88	15.58	-21.73	22.23
2008-01-14T18:55:42	3928.56	-1842.33	-47.51	15.85	-21.63	22.45
2008-01-14T18:55:44	3923.11	-1830.28	-48.15	16.15	-21.52	22.44
2008-01-14T18:55:46	3917.66	-1818.23	-48.78	16.46	-21.46	21.94
2008-01-14T18:55:48	3912.21	-1806.17	-49.41	16.74	-21.39	21.40
2008-01-14T18:55:50	3906.75	-1794.11	-50.05	16.99	-21.30	20.80
2008-01-14T18:55:52	3901.29	-1782.06	-50.68	16.99	-21.16	20.39
2008-01-14T18:55:54	3895.82	-1770.00	-51.31	16.89	-21.02	20.51
2008-01-14T18:55:56	3890.35	-1757.93	-51.95	16.87	-20.98	21.11
2008-01-14T18:55:58	3884.88	-1745.87	-52.58	16.94	-21.01	21.78
2008-01-14T18:56:00	3879.40	-1733.80	-53.21	17.12	-21.13	22.53
2008-01-14T18:56:02	3873.91	-1721.73	-53.85	17.40	-21.33	23.35
2008-01-14T18:56:04	3868.43	-1709.66	-54.48	17.56	-21.39	23.91
2008-01-14T18:56:06	3862.94	-1697.59	-55.11	17.72	-21.34	24.34
2008-01-14T18:56:08	3857.44	-1685.51	-55.74	17.97	-21.24	24.75
2008-01-14T18:56:10	3851.94	-1673.43	-56.38	18.31	-21.10	25.16
2008-01-14T18:56:12	3846.43	-1661.36	-57.01	18.65	-20.90	25.40
2008-01-14T18:56:14	3840.92	-1649.28	-57.64	18.24	-20.86	25.06
2008-01-14T18:56:16	3835.41	-1637.19	-58.27	17.85	-20.86	24.75
2008-01-14T18:56:18	3829.89	-1625.11	-58.91	17.48	-20.88	24.48
2008-01-14T18:56:20	3824.36	-1613.02	-59.54	17.13	-20.93	24.24
2008-01-14T18:56:22	3818.83	-1600.93	-60.17	16.80	-20.91	24.09
2008-01-14T18:56:24	3813.30	-1588.84	-60.80	16.51	-20.53	24.15
2008-01-14T18:56:26	3807.76	-1576.75	-61.44	16.25	-20.05	24.28
2008-01-14T18:56:28	3802.22	-1564.65	-62.07	16.01	-19.46	24.47
2008-01-14T18:56:30	3796.67	-1552.55	-62.70	15.80	-18.76	24.72
2008-01-14T18:56:32	3791.12	-1540.45	-63.33	15.67	-18.35	25.17
2008-01-14T18:56:34	3785.56	-1528.36	-63.96	15.59	-18.37	25.66
2008-01-14T18:56:36	3780.00	-1516.25	-64.60	15.49	-18.36	26.08
2008-01-14T18:56:38	3774.43	-1504.15	-65.23	15.36	-18.33	26.42
2008-01-14T18:56:40	3768.86	-1492.04	-65.86	15.21	-18.26	26.69
2008-01-14T18:56:42	3763.28	-1479.93	-66.49	14.91	-17.77	26.83
2008-01-14T18:56:44	3757.70	-1467.82	-67.12	14.55	-17.16	27.07
2008-01-14T18:56:46	3752.11	-1455.71	-67.75	14.15	-16.52	27.43
2008-01-14T18:56:48	3746.52	-1443.59	-68.38	13.71	-15.85	27.90
2008-01-14T18:56:50	3740.92	-1431.47	-69.02	13.23	-15.20	28.46
2008-01-14T18:56:52	3735.32	-1419.36	-69.65	12.61	-14.93	28.74
2008-01-14T18:56:54	3729.71	-1407.24	-70.28	12.09	-14.82	29.03
2008-01-14T18:56:56	3724.10	-1395.11	-70.91	11.65	-14.73	29.34
2008-01-14T18:56:58	3718.48	-1382.99	-71.54	11.27	-14.57	29.66
2008-01-14T18:57:00	3712.86	-1370.86	-72.17	11.04	-14.35	29.90
2008-01-14T18:57:02	3707.23	-1358.73	-72.80	10.97	-14.09	29.99
2008-01-14T18:57:04	3701.60	-1346.60	-73.43	10.87	-13.85	30.10
2008-01-14T18:57:06	3695.96	-1334.47	-74.06	10.75	-13.61	30.21
2008-01-14T18:57:08	3690.31	-1322.33	-74.69	10.60	-13.38	30.34
2008-01-14T18:57:10	3684.67	-1310.20	-75.32	10.40	-13.18	30.42
2008-01-14T18:57:12	3679.01	-1298.06	-75.95	10.14	-12.95	30.46
2008-01-14T18:57:14	3673.35	-1285.92	-76.58	9.79	-12.73	30.45
2008-01-14T18:57:16	3667.69	-1273.78	-77.21	9.37	-12.52	30.56
2008-01-14T18:57:18	3662.02	-1261.63	-77.84	8.89	-12.28	30.83
2008-01-14T18:57:20	3656.34	-1249.48	-78.47	8.04	-12.51	31.20
2008-01-14T18:57:22	3650.66	-1237.34	-79.10	7.12	-12.70	31.60
2008-01-14T18:57:24	3644.97	-1225.19	-79.73	6.15	-12.85	32.03
2008-01-14T18:57:26	3639.27	-1213.03	-80.36	5.14	-12.94	32.48
2008-01-14T18:57:28	3633.58	-1200.88	-80.99	4.22	-13.00	32.92
2008-01-14T18:57:30	3627.87	-1188.72	-81.62	3.70	-13.07	33.07
2008-01-14T18:57:32	3622.16	-1176.56	-82.25	3.20	-13.14	32.98
2008-01-14T18:57:34	3616.45	-1164.40	-82.87	2.66	-13.38	32.63
2008-01-14T18:57:36	3610.72	-1152.24	-83.50	2.00	-13.72	32.21
2008-01-14T18:57:38	3605.00	-1140.08	-84.13	1.35	-14.25	32.02
2008-01-14T18:57:40	3599.26	-1127.91	-84.76	0.76	-14.97	32.05
2008-01-14T18:57:42	3593.52	-1115.75	-85.39	0.18	-15.63	32.12
2008-01-14T18:57:44	3587.78	-1103.58	-86.01	-0.39	-16.23	32.22
2008-01-14T18:57:46	3582.03	-1091.40	-86.64	-0.94	-16.76	32.33
2008-01-14T18:57:48	3576.27	-1079.23	-87.27	-1.36	-17.32	32.47
2008-01-14T18:57:50	3570.51	-1067.06	-87.90	-1.74	-17.83	32.65
2008-01-14T18:57:52	3564.74	-1054.88	-88.53	-2.12	-18.26	32.87
2008-01-14T18:57:54	3558.96	-1042.70	-89.15	-2.30	-18.64	33.05
2008-01-14T18:57:56	3553.18	-1030.52	-89.78	-2.26	-18.89	33.24
2008-01-14T18:57:58	3547.40	-1018.34	-90.41	-1.94	-18.90	33.53
2008-01-14T18:58:00	3541.60	-1006.16	-91.03	-1.60	-18.92	34.01
2008-01-14T18:58:02	3535.80	-993.97	-91.66	-1.24	-18.95	34.66
2008-01-14T18:58:04	3530.00	-981.78	-92.29	-0.85	-18.98	35.50
2008-01-14T18:58:06	3524.18	-969.59	-92.91	-0.44	-18.88	36.09
2008-01-14T18:58:08	3518.37	-957.40	-93.54	0.00	-18.56	36.10
2008-01-14T18:58:10	3512.54	-945.21	-94.16	0.48	-18.13	35.95
2008-01-14T18:58:12	3506.71	-933.01	-94.79	0.99	-17.59	35.64
2008-01-14T18:58:14	3500.87	-920.82	-95.42	1.49	-17.01	35.21
2008-01-14T18:58:16	3495.03	-908.62	-96.04	2.03	-16.92	35.00
2008-01-14T18:58:18	3489.18	-896.42	-96.67	2.57	-16.92	34.87
2008-01-14T18:58:20	3483.32	-884.22	-97.29	3.10	-16.85	34.78
2008-01-14T18:58:22	3477.46	-872.02	-97.92	3.62	-16.72	34.71
2008-01-14T18:58:24	3471.59	-859.81	-98.54	4.16	-16.46	34.71
2008-01-14T18:58:26	3465.71	-847.60	-99.17	5.16	-15.52	35.12
2008-01-14T18:58:28	3459.83	-835.39	-99.79	6.23	-14.42	35.44
2008-01-14T18:58:30	3453.94	-823.19	-100.42	7.36	-13.15	35.67
2008-01-14T18:58:32	3448.04	-810.98	-101.04	8.54	-11.72	35.79
2008-01-14T18:58:34	3442.14	-798.76	-101.66	10.14	-10.67	35.56
2008-01-14T18:58:36	3436.23	-786.55	-102.28	11.77	-9.92	34.78
2008-01-14T18:58:38	3430.31	-774.33	-102.91	13.29	-9.22	34.01
2008-01-14T18:58:40	3424.38	-762.11	-103.53	14.69	-8.56	33.25
2008-01-14T18:58:42	3418.45	-749.89	-104.15	15.96	-7.96	32.51
2008-01-14T18:58:44	3412.52	-737.67	-104.78	17.47	-7.51	32.29
2008-01-14T18:58:46	3406.57	-725.45	-105.40	19.05	-7.00	32.15
2008-01-14T18:58:48	3400.62	-713.22	-106.02	20.57	-6.35	31.89
2008-01-14T18:58:50	3394.66	-701.00	-106.65	22.02	-5.56	31.51
2008-01-14T18:58:52	3388.69	-688.77	-107.26	23.42	-4.85	31.20
2008-01-14T18:58:54	3382.72	-676.54	-107.89	24.58	-4.96	31.79
2008-01-14T18:58:56	3376.74	-664.31	-108.51	25.65	-5.11	32.39
2008-01-14T18:58:58	3370.75	-652.08	-109.13	26.66	-5.30	33.01
2008-01-14T18:59:00	3364.75	-639.85	-109.75	27.59	-5.53	33.66
2008-01-14T18:59:02	3358.75	-627.61	-110.37	28.25	-5.73	34.33
2008-01-14T18:59:04	3352.74	-615.38	-110.99	28.44	-5.76	34.96
2008-01-14T18:59:06	3346.72	-603.14	-111.61	28.53	-5.72	35.53
2008-01-14T18:59:08	3340.70	-590.90	-112.23	28.50	-5.59	36.03
2008-01-14T18:59:10	3334.67	-578.66	-112.85	28.36	-5.37	36.46
2008-01-14T18:59:12	3328.63	-566.42	-113.47	28.67	-5.32	37.04
2008-01-14T18:59:14	3322.58	-554.18	-114.09	28.97	-5.39	37.64
2008-01-14T18:59:16	3316.52	-541.94	-114.71	29.07	-5.45	38.18
2008-01-14T18:59:18	3310.46	-529.69	-115.33	28.95	-5.49	38.67
2008-01-14T18:59:20	3304.39	-517.44	-115.95	28.64	-5.50	39.10
2008-01-14T18:59:22	3298.31	-505.19	-116.56	28.54	-5.43	39.31
2008-01-14T18:59:24	3292.23	-492.95	-117.18	28.41	-5.34	39.34
2008-01-14T18:59:26	3286.13	-480.70	-117.80	28.30	-5.25	39.14
2008-01-14T18:59:28	3280.03	-468.45	-118.42	28.16	-5.16	38.78
2008-01-14T18:59:30	3273.92	-456.19	-119.03	28.35	-5.43	38.21
2008-01-14T18:59:32	3267.80	-443.94	-119.65	29.06	-6.24	37.53
2008-01-14T18:59:34	3261.68	-431.68	-120.27	29.72	-6.93	36.91
2008-01-14T18:59:36	3255.55	-419.43	-120.88	30.35	-7.53	36.35
2008-01-14T18:59:38	3249.41	-407.17	-121.50	30.93	-8.01	35.87
2008-01-14T18:59:40	3243.26	-394.91	-122.11	30.77	-8.75	35.73
2008-01-14T18:59:42	3237.10	-382.65	-122.73	30.23	-9.68	35.95
2008-01-14T18:59:44	3230.93	-370.39	-123.34	29.64	-10.64	36.46
2008-01-14T18:59:46	3224.76	-358.13	-123.96	28.99	-11.62	37.23
2008-01-14T18:59:48	3218.58	-345.87	-124.57	28.30	-12.63	38.22
2008-01-14T18:59:50	3212.39	-333.61	-125.19	27.96	-13.14	38.72
2008-01-14T18:59:52	3206.19	-321.35	-125.80	27.42	-13.60	39.27
2008-01-14T18:59:54	3199.98	-309.08	-126.41	26.71	-14.01	39.85
2008-01-14T18:59:56	3193.76	-296.81	-127.03	25.81	-14.36	40.46
2008-01-14T18:59:58	3187.54	-284.55	-127.64	24.84	-14.66	40.74
2008-01-14T19:00:00	3181.31	-272.28	-128.25	24.14	-15.05	40.36
2008-01-14T19:00:02	3175.07	-260.01	-128.86	23.64	-15.57	39.92
2008-01-14T19:00:04	3168.82	-247.75	-129.47	23.31	-16.21	39.44
2008-01-14T19:00:06	3162.56	-235.48	-130.09	23.16	-16.98	38.91
2008-01-14T19:00:08	3156.29	-223.21	-130.70	22.88	-17.39	38.82
2008-01-14T19:00:10	3150.02	-210.94	-131.31	22.51	-17.66	39.00
2008-01-14T19:00:12	3143.73	-198.66	-131.92	22.12	-17.91	39.31
2008-01-14T19:00:14	3137.44	-186.39	-132.53	21.71	-18.14	39.72
2008-01-14T19:00:16	3131.13	-174.12	-133.14	21.34	-18.34	40.29
2008-01-14T19:00:18	3124.83	-161.85	-133.74	22.23	-18.74	42.74
2008-01-14T19:00:20	3118.51	-149.57	-134.35	23.02	-19.06	45.06
2008-01-14T19:00:22	3112.18	-137.30	-134.96	23.69	-19.30	47.26
2008-01-14T19:00:24	3105.84	-125.03	-135.57	24.25	-19.48	49.36
2008-01-14T19:00:26	3099.49	-112.75	-136.17	25.20	-20.37	52.30
2008-01-14T19:00:28	3093.14	-100.48	-136.78	26.34	-21.71	55.59
2008-01-14T19:00:30	3086.77	-88.20	-137.39	27.45	-22.77	58.71
2008-01-14T19:00:32	3080.40	-75.93	-137.99	28.56	-23.56	61.67
2008-01-14T19:00:34	3074.01	-63.65	-138.60	29.69	-24.08	64.46
2008-01-14T19:00:36	3067.62	-51.37	-139.21	29.93	-24.38	66.24
2008-01-14T19:00:38	3061.22	-39.10	-139.81	29.88	-24.76	67.63
2008-01-14T19:00:40	3054.81	-26.82	-140.42	29.91	-25.28	68.97
2008-01-14T19:00:42	3048.39	-14.54	-141.02	30.03	-25.92	70.27
2008-01-14T19:00:44	3041.96	-2.27	-141.62	30.82	-26.84	71.30
2008-01-14T19:00:46	3035.52	10.01	-142.23	32.03	-26.21	71.55
2008-01-14T19:00:48	3029.07	22.28	-142.83	32.82	-25.60	71.64
2008-01-14T19:00:50	3022.61	34.56	-143.43	33.19	-25.03	71.57
2008-01-14T19:00:52	3016.14	46.84	-144.03	33.14	-24.49	71.35
2008-01-14T19:00:54	3009.66	59.11	-144.63	32.48	-23.83	70.84
2008-01-14T19:00:56	3003.18	71.39	-145.24	31.34	-22.96	70.04
2008-01-14T19:00:58	2996.68	83.67	-145.84	30.09	-22.11	69.22
2008-01-14T19:01:00	2990.17	95.94	-146.44	28.75	-21.25	68.38
2008-01-14T19:01:02	2983.66	108.22	-147.03	27.62	-19.97	68.10
2008-01-14T19:01:04	2977.13	120.49	-147.63	26.83	-18.46	67.74
2008-01-14T19:01:06	2970.60	132.77	-148.23	26.23	-17.13	67.26
2008-01-14T19:01:08	2964.05	145.04	-148.83	25.68	-16.10	66.65
2008-01-14T19:01:10	2957.49	157.31	-149.43	25.19	-15.37	65.90
2008-01-14T19:01:12	2950.93	169.59	-150.03	24.82	-14.94	65.01
2008-01-14T19:01:14	2944.35	181.86	-150.62	25.27	-14.56	64.09
2008-01-14T19:01:16	2937.76	194.13	-151.22	25.88	-14.10	63.29
2008-01-14T19:01:18	2931.17	206.40	-151.81	26.58	-13.49	62.61
2008-01-14T19:01:20	2924.56	218.67	-152.41	27.14	-12.70	62.04
2008-01-14T19:01:22	2917.95	230.94	-153.00	27.27	-12.20	61.62
2008-01-14T19:01:24	2911.32	243.21	-153.60	26.88	-12.09	61.32
2008-01-14T19:01:26	2904.68	255.48	-154.19	26.46	-12.07	61.07
2008-01-14T19:01:28	2898.04	267.75	-154.78	26.01	-12.13	60.86
2008-01-14T19:01:30	2891.38	280.02	-155.37	25.53	-12.28	60.71
2008-01-14T19:01:32	2884.71	292.28	-155.96	25.84	-12.03	61.58
2008-01-14T19:01:34	2878.04	304.55	-156.56	26.49	-11.42	62.73
2008-01-14T19:01:36	2871.35	316.81	-157.15	27.53	-10.34	63.83
2008-01-14T19:01:38	2864.65	329.07	-157.74	28.68	-9.21	64.75
2008-01-14T19:01:40	2857.94	341.33	-158.33	29.75	-8.28	65.45
2008-01-14T19:01:42	2851.22	353.59	-158.91	30.43	-8.09	66.03
2008-01-14T19:01:44	2844.49	365.85	-159.50	31.25	-7.87	66.73
2008-01-14T19:01:46	2837.75	378.11	-160.09	32.24	-7.63	67.55
2008-01-14T19:01:48	2831.00	390.37	-160.68	33.40	-7.36	68.50
2008-01-14T19:01:50	2824.24	402.62	-161.26	34.51	-6.61	69.30
2008-01-14T19:01:52	2817.47	414.87	-161.85	35.32	-4.95	69.63
2008-01-14T19:01:54	2810.68	427.12	-162.44	36.25	-2.72	69.78
2008-01-14T19:01:56	2803.89	439.37	-163.02	37.03	-0.61	70.03
2008-01-14T19:01:58	2797.08	451.62	-163.60	37.65	1.36	70.36
2008-01-14T19:02:00	2790.27	463.87	-164.19	38.58	2.36	71.84
2008-01-14T19:02:02	2783.44	476.11	-164.77	39.64	3.30	74.10
2008-01-14T19:02:04	2776.61	488.36	-165.35	40.69	4.49	76.85
2008-01-14T19:02:06	2769.76	500.60	-165.93	41.74	5.95	80.12
2008-01-14T19:02:08	2762.90	512.84	-166.51	42.77	7.65	83.57
2008-01-14T19:02:10	2756.03	525.07	-167.09	43.15	9.27	83.41
2008-01-14T19:02:12	2749.15	537.31	-167.67	43.59	10.99	83.42
2008-01-14T19:02:14	2742.26	549.54	-168.25	44.19	12.75	83.71
2008-01-14T19:02:16	2735.36	561.77	-168.83	44.94	14.57	84.30
2008-01-14T19:02:18	2728.45	574.00	-169.41	45.73	16.89	85.44
2008-01-14T19:02:20	2721.52	586.23	-169.99	46.52	19.72	87.35
2008-01-14T19:02:22	2714.59	598.45	-170.56	47.50	22.36	89.73
2008-01-14T19:02:24	2707.64	610.67	-171.13	48.70	24.81	92.59
2008-01-14T19:02:26	2700.69	622.89	-171.71	49.59	26.08	95.06
2008-01-14T19:02:28	2693.72	635.11	-172.28	49.56	26.32	95.94
2008-01-14T19:02:30	2686.74	647.32	-172.86	49.25	26.38	96.33
2008-01-14T19:02:32	2679.75	659.53	-173.43	48.77	26.25	96.52
2008-01-14T19:02:34	2672.75	671.74	-174.00	48.12	25.91	96.53
2008-01-14T19:02:36	2665.74	683.95	-174.57	47.41	25.27	96.38
2008-01-14T19:02:38	2658.71	696.15	-175.14	48.82	23.62	97.26
2008-01-14T19:02:40	2651.68	708.35	-175.71	50.72	22.18	98.81
2008-01-14T19:02:42	2644.63	720.55	-176.28	53.02	21.04	100.81
2008-01-14T19:02:44	2637.58	732.74	-176.85	55.15	20.39	102.66
2008-01-14T19:02:46	2630.51	744.93	-177.41	56.01	20.14	103.68
2008-01-14T19:02:48	2623.43	757.12	-177.98	55.15	20.05	103.40
2008-01-14T19:02:50	2616.34	769.31	-178.55	54.34	19.80	103.34
2008-01-14T19:02:52	2609.24	781.49	-179.11	53.58	19.41	103.48
2008-01-14T19:02:54	2602.12	793.66	-179.68	52.86	18.89	103.82
2008-01-14T19:02:56	2595.00	805.84	-180.24	53.05	18.61	105.56
2008-01-14T19:02:58	2587.86	818.01	-180.80	53.70	18.96	107.78
2008-01-14T19:03:00	2580.71	830.18	-181.37	54.34	19.79	108.90
2008-01-14T19:03:02	2573.56	842.34	-181.93	54.77	20.62	109.57
2008-01-14T19:03:04	2566.39	854.50	-182.49	55.00	21.44	109.78
2008-01-14T19:03:06	2559.21	866.65	-183.05	55.54	21.34	109.32
2008-01-14T19:03:08	2552.02	878.81	-183.61	56.44	21.28	109.07
2008-01-14T19:03:10	2544.81	890.96	-184.16	57.67	21.32	109.04
2008-01-14T19:03:12	2537.60	903.10	-184.72	59.22	21.47	109.23
2008-01-14T19:03:14	2530.37	915.24	-185.28	60.53	21.72	109.59
2008-01-14T19:03:16	2523.13	927.38	-185.83	60.41	22.25	109.83
2008-01-14T19:03:18	2515.88	939.51	-186.38	60.03	22.97	110.14
2008-01-14T19:03:20	2508.62	951.64	-186.94	59.39	23.89	110.51
2008-01-14T19:03:22	2501.35	963.76	-187.49	58.49	25.00	110.92
2008-01-14T19:03:24	2494.07	975.88	-188.04	57.89	25.78	111.38
2008-01-14T19:03:26	2486.77	988.00	-188.59	57.93	26.23	111.84
2008-01-14T19:03:28	2479.47	1000.11	-189.14	58.28	26.73	112.28
2008-01-14T19:03:30	2472.15	1012.21	-189.70	59.22	26.98	112.91
2008-01-14T19:03:32	2464.83	1024.31	-190.24	60.40	26.97	113.75
2008-01-14T19:03:34	2457.49	1036.41	-190.79	61.11	26.66	115.30
2008-01-14T19:03:36	2450.14	1048.50	-191.34	61.70	26.22	117.00
2008-01-14T19:03:38	2442.77	1060.59	-191.88	62.23	25.71	118.69
2008-01-14T19:03:40	2435.40	1072.67	-192.43	62.70	25.10	120.36
2008-01-14T19:03:42	2428.02	1084.75	-192.97	63.14	24.52	121.89
2008-01-14T19:03:44	2420.62	1096.82	-193.52	64.00	25.12	122.25
2008-01-14T19:03:46	2413.22	1108.89	-194.06	65.00	26.10	122.44
2008-01-14T19:03:48	2405.80	1120.95	-194.60	66.04	27.12	122.66
2008-01-14T19:03:50	2398.37	1133.01	-195.14	67.07	28.08	122.94
2008-01-14T19:03:52	2390.93	1145.06	-195.68	67.75	28.72	123.11
2008-01-14T19:03:54	2383.47	1157.11	-196.22	67.76	28.77	123.02
2008-01-14T19:03:56	2376.01	1169.15	-196.76	67.78	28.72	122.95
2008-01-14T19:03:58	2368.54	1181.18	-197.29	67.80	28.56	122.89
2008-01-14T19:04:00	2361.05	1193.21	-197.83	67.82	28.29	122.83
2008-01-14T19:04:02	2353.56	1205.24	-198.36	67.92	28.79	122.54
2008-01-14T19:04:04	2346.05	1217.26	-198.90	68.05	29.44	122.29
2008-01-14T19:04:06	2338.54	1229.27	-199.43	68.08	29.98	122.14
2008-01-14T19:04:08	2331.00	1241.28	-199.96	68.00	30.39	122.09
2008-01-14T19:04:10	2323.46	1253.28	-200.49	67.83	30.67	122.14
2008-01-14T19:04:12	2315.91	1265.27	-201.02	67.58	30.75	122.50
2008-01-14T19:04:14	2308.35	1277.26	-201.55	67.37	30.77	123.02
2008-01-14T19:04:16	2300.78	1289.24	-202.08	67.15	30.83	123.51
2008-01-14T19:04:18	2293.19	1301.22	-202.61	66.86	31.04	123.80
2008-01-14T19:04:20	2285.60	1313.19	-203.13	66.57	31.32	124.08
2008-01-14T19:04:22	2277.99	1325.16	-203.66	66.66	31.52	124.05
2008-01-14T19:04:24	2270.38	1337.12	-204.18	66.76	31.74	124.12
2008-01-14T19:04:26	2262.75	1349.07	-204.71	66.86	31.97	124.29
2008-01-14T19:04:28	2255.11	1361.01	-205.23	66.96	32.22	124.55
2008-01-14T19:04:30	2247.46	1372.95	-205.75	66.97	32.46	124.89
2008-01-14T19:04:32	2239.80	1384.89	-206.27	66.74	32.56	125.02
2008-01-14T19:04:34	2232.13	1396.81	-206.79	66.52	32.71	125.17
2008-01-14T19:04:36	2224.45	1408.73	-207.31	66.32	32.91	125.36
2008-01-14T19:04:38	2216.76	1420.64	-207.83	66.14	33.17	125.60
2008-01-14T19:04:40	2209.06	1432.55	-208.34	66.21	33.61	125.86
2008-01-14T19:04:42	2201.35	1444.45	-208.86	66.55	34.16	126.14
2008-01-14T19:04:44	2193.62	1456.34	-209.37	66.90	34.68	126.49
2008-01-14T19:04:46	2185.89	1468.23	-209.89	67.19	35.20	126.81
2008-01-14T19:04:48	2178.14	1480.10	-210.40	67.39	35.72	127.09
2008-01-14T19:04:50	2170.39	1491.98	-210.91	67.28	36.10	126.93
2008-01-14T19:04:52	2162.63	1503.84	-211.42	67.11	36.44	126.59
2008-01-14T19:04:54	2154.85	1515.70	-211.93	67.00	36.81	126.33
2008-01-14T19:04:56	2147.07	1527.55	-212.44	66.98	37.20	126.12
2008-01-14T19:04:58	2139.27	1539.39	-212.95	67.03	37.62	125.98
2008-01-14T19:05:00	2131.47	1551.23	-213.46	66.63	37.96	126.15
2008-01-14T19:05:02	2123.65	1563.05	-213.96	66.12	38.19	126.15
2008-01-14T19:05:04	2115.82	1574.87	-214.46	65.75	38.39	126.13
2008-01-14T19:05:06	2107.99	1586.69	-214.97	65.54	38.56	126.06
2008-01-14T19:05:08	2100.14	1598.49	-215.47	65.49	38.71	125.96
2008-01-14T19:05:10	2092.29	1610.29	-215.97	65.51	38.78	125.98
2008-01-14T19:05:12	2084.42	1622.08	-216.47	65.35	38.81	125.91
2008-01-14T19:05:14	2076.55	1633.86	-216.97	65.01	38.78	125.75
2008-01-14T19:05:16	2068.66	1645.64	-217.47	64.44	38.76	125.61
2008-01-14T19:05:18	2060.77	1657.40	-217.97	64.03	38.78	125.52
2008-01-14T19:05:20	2052.86	1669.16	-218.46	64.07	39.23	125.51
2008-01-14T19:05:22	2044.95	1680.92	-218.96	64.10	39.61	125.56
2008-01-14T19:05:24	2037.03	1692.66	-219.45	64.12	39.93	125.66
2008-01-14T19:05:26	2029.09	1704.40	-219.95	64.13	40.18	125.81
2008-01-14T19:05:28	2021.15	1716.13	-220.44	64.04	40.20	125.82
2008-01-14T19:05:30	2013.20	1727.84	-220.93	63.57	40.02	125.23
2008-01-14T19:05:32	2005.24	1739.55	-221.42	63.06	40.06	124.71
2008-01-14T19:05:34	1997.27	1751.26	-221.91	62.59	40.18	124.35
2008-01-14T19:05:36	1989.29	1762.95	-222.40	62.17	40.40	124.15
2008-01-14T19:05:38	1981.30	1774.64	-222.88	61.81	40.75	124.07
2008-01-14T19:05:40	1973.30	1786.32	-223.37	61.60	41.13	124.01
2008-01-14T19:05:42	1965.29	1797.99	-223.86	61.53	41.45	123.98
2008-01-14T19:05:44	1957.28	1809.66	-224.34	61.53	41.59	123.89
2008-01-14T19:05:46	1949.25	1821.31	-224.82	61.37	41.55	123.66
2008-01-14T19:05:48	1941.22	1832.96	-225.30	61.03	41.58	123.48
2008-01-14T19:05:50	1933.17	1844.59	-225.78	60.41	41.68	123.37
2008-01-14T19:05:52	1925.12	1856.23	-226.26	59.54	41.71	123.28
2008-01-14T19:05:54	1917.06	1867.84	-226.74	58.39	41.67	123.21
2008-01-14T19:05:56	1908.99	1879.46	-227.22	56.99	41.56	123.17
2008-01-14T19:05:58	1900.92	1891.06	-227.70	56.03	41.26	122.97
2008-01-14T19:06:00	1892.83	1902.66	-228.17	55.82	41.00	122.55
2008-01-14T19:06:02	1884.73	1914.24	-228.65	55.53	40.85	122.19
2008-01-14T19:06:04	1876.63	1925.82	-229.12	55.17	40.81	121.88
2008-01-14T19:06:06	1868.52	1937.39	-229.59	54.73	40.88	121.63
2008-01-14T19:06:08	1860.40	1948.95	-230.07	54.04	40.89	121.28
2008-01-14T19:06:10	1852.27	1960.51	-230.54	53.19	40.87	121.22
2008-01-14T19:06:12	1844.13	1972.05	-231.00	52.30	40.89	121.43
2008-01-14T19:06:14	1835.99	1983.58	-231.47	51.45	40.98	121.43
2008-01-14T19:06:16	1827.84	1995.11	-231.94	50.71	41.29	121.48
2008-01-14T19:06:18	1819.68	2006.63	-232.41	50.41	41.49	121.11
2008-01-14T19:06:20	1811.51	2018.14	-232.87	50.27	41.41	120.63
2008-01-14T19:06:22	1803.33	2029.64	-233.34	50.13	41.14	120.26
2008-01-14T19:06:24	1795.15	2041.13	-233.80	50.01	40.67	120.01
2008-01-14T19:06:26	1786.96	2052.61	-234.26	49.80	40.08	119.76
2008-01-14T19:06:28	1778.76	2064.08	-234.72	49.00	40.30	118.97
2008-01-14T19:06:30	1770.55	2075.55	-235.18	48.16	40.83	118.19
2008-01-14T19:06:32	1762.33	2087.01	-235.64	47.45	41.39	117.58
2008-01-14T19:06:34	1754.11	2098.45	-236.10	46.86	41.98	117.12
2008-01-14T19:06:36	1745.88	2109.89	-236.56	46.37	42.58	116.81
2008-01-14T19:06:38	1737.65	2121.32	-237.01	46.26	42.87	116.60
2008-01-14T19:06:40	1729.40	2132.74	-237.47	46.20	42.86	116.20
2008-01-14T19:06:42	1721.15	2144.15	-237.92	45.85	42.61	115.60
2008-01-14T19:06:44	1712.89	2155.55	-238.38	45.34	42.41	114.95
2008-01-14T19:06:46	1704.63	2166.95	-238.83	44.66	42.26	114.25
2008-01-14T19:06:48	1696.35	2178.33	-239.28	43.89	42.19	114.08
2008-01-14T19:06:50	1688.07	2189.71	-239.73	43.18	42.17	114.06
2008-01-14T19:06:52	1679.79	2201.07	-240.18	42.52	42.18	113.94
2008-01-14T19:06:54	1671.49	2212.43	-240.63	42.09	42.39	113.92
2008-01-14T19:06:56	1663.19	2223.78	-241.08	41.84	42.81	113.95
2008-01-14T19:06:58	1654.88	2235.12	-241.52	41.71	42.95	113.98
2008-01-14T19:07:00	1646.57	2246.45	-241.97	41.59	42.91	114.05
2008-01-14T19:07:02	1638.25	2257.77	-242.41	41.38	42.81	114.08
2008-01-14T19:07:04	1629.92	2269.08	-242.86	41.09	42.65	114.08
2008-01-14T19:07:06	1621.59	2280.38	-243.30	40.72	42.44	114.05
2008-01-14T19:07:08	1613.25	2291.68	-243.74	40.42	42.43	113.65
2008-01-14T19:07:10	1604.91	2302.96	-244.18	40.27	42.51	113.05
2008-01-14T19:07:12	1596.55	2314.24	-244.62	40.21	42.48	112.50
2008-01-14T19:07:14	1588.19	2325.51	-245.06	40.24	42.38	111.99
2008-01-14T19:07:16	1579.83	2336.77	-245.50	40.36	42.19	111.53
2008-01-14T19:07:18	1571.46	2348.01	-245.93	40.33	42.20	111.19
2008-01-14T19:07:20	1563.08	2359.26	-246.37	40.14	42.41	111.01
2008-01-14T19:07:22	1554.70	2370.49	-246.80	39.64	42.69	111.04
2008-01-14T19:07:24	1546.31	2381.71	-247.24	38.97	42.90	111.05
2008-01-14T19:07:26	1537.91	2392.92	-247.67	38.28	43.03	110.98
2008-01-14T19:07:28	1529.51	2404.12	-248.10	37.43	42.97	110.98
2008-01-14T19:07:30	1521.11	2415.32	-248.53	36.45	42.62	111.07
2008-01-14T19:07:32	1512.70	2426.50	-248.96	35.55	42.11	111.05
2008-01-14T19:07:34	1504.28	2437.68	-249.39	34.72	41.43	110.91
2008-01-14T19:07:36	1495.85	2448.85	-249.82	34.10	40.91	110.48
2008-01-14T19:07:38	1487.43	2460.01	-250.25	33.71	40.77	109.73
2008-01-14T19:07:40	1478.99	2471.16	-250.68	33.80	41.20	109.00
2008-01-14T19:07:42	1470.55	2482.30	-251.10	33.80	41.67	108.50
2008-01-14T19:07:44	1462.11	2493.43	-251.52	33.72	42.19	108.22
2008-01-14T19:07:46	1453.66	2504.56	-251.95	33.56	42.74	108.18
2008-01-14T19:07:48	1445.20	2515.67	-252.37	33.29	43.18	108.40
2008-01-14T19:07:50	1436.75	2526.77	-252.79	33.02	42.87	108.76
2008-01-14T19:07:52	1428.28	2537.87	-253.22	32.81	42.43	108.95
2008-01-14T19:07:54	1419.81	2548.96	-253.64	32.66	41.88	108.99
2008-01-14T19:07:56	1411.34	2560.03	-254.06	32.57	41.20	108.88
2008-01-14T19:07:58	1402.86	2571.10	-254.47	32.53	40.42	108.61
2008-01-14T19:08:00	1394.37	2582.16	-254.89	32.56	40.02	107.71
2008-01-14T19:08:02	1385.88	2593.21	-255.31	32.51	39.87	106.95
2008-01-14T19:08:04	1377.39	2604.26	-255.72	32.31	40.03	106.46
2008-01-14T19:08:06	1368.89	2615.29	-256.14	32.13	40.21	106.27
2008-01-14T19:08:08	1360.39	2626.32	-256.55	31.96	40.40	106.36
2008-01-14T19:08:10	1351.88	2637.34	-256.97	31.48	40.14	106.33
2008-01-14T19:08:12	1343.36	2648.34	-257.38	30.87	39.77	106.06
2008-01-14T19:08:14	1334.85	2659.34	-257.79	30.16	39.36	105.60
2008-01-14T19:08:16	1326.33	2670.33	-258.20	29.52	38.91	104.61
2008-01-14T19:08:18	1317.80	2681.31	-258.61	29.00	38.57	103.54
2008-01-14T19:08:20	1309.27	2692.28	-259.02	28.88	38.48	102.95
2008-01-14T19:08:22	1300.74	2703.25	-259.43	28.95	38.38	102.73
2008-01-14T19:08:24	1292.20	2714.20	-259.83	29.03	38.16	102.73
2008-01-14T19:08:26	1283.66	2725.15	-260.24	29.13	37.82	102.93
2008-01-14T19:08:28	1275.11	2736.09	-260.64	29.25	37.34	103.33
2008-01-14T19:08:30	1266.56	2747.02	-261.05	28.79	36.86	102.90
2008-01-14T19:08:32	1258.01	2757.93	-261.45	28.20	36.66	102.24
2008-01-14T19:08:34	1249.45	2768.85	-261.86	27.76	36.67	101.60
2008-01-14T19:08:36	1240.89	2779.75	-262.26	27.47	36.89	101.00
2008-01-14T19:08:38	1232.32	2790.65	-262.66	27.35	37.33	100.44
2008-01-14T19:08:40	1223.75	2801.53	-263.06	27.33	37.85	99.92
2008-01-14T19:08:42	1215.18	2812.41	-263.46	27.06	37.63	99.47
2008-01-14T19:08:44	1206.60	2823.28	-263.86	26.67	36.86	99.05
2008-01-14T19:08:46	1198.02	2834.14	-264.26	26.39	36.01	98.59
2008-01-14T19:08:48	1189.44	2844.99	-264.65	26.23	35.11	98.08
2008-01-14T19:08:50	1180.85	2855.83	-265.05	26.17	34.14	97.53
2008-01-14T19:08:52	1172.26	2866.67	-265.45	26.15	33.79	97.35
2008-01-14T19:08:54	1163.66	2877.50	-265.84	26.17	33.46	97.29
2008-01-14T19:08:56	1155.07	2888.32	-266.24	26.03	33.50	97.43
2008-01-14T19:08:58	1146.43	2899.16	-266.63	25.85	33.77	97.77
2008-01-14T19:09:00	1137.86	2909.93	-267.02	25.80	34.02	98.27
2008-01-14T19:09:02	1129.25	2920.72	-267.41	25.53	33.90	98.48
2008-01-14T19:09:04	1120.64	2931.51	-267.81	25.11	33.52	98.46
2008-01-14T19:09:06	1112.03	2942.28	-268.20	24.71	33.06	98.43
2008-01-14T19:09:08	1103.41	2953.05	-268.59	24.32	32.51	98.39
2008-01-14T19:09:10	1094.79	2963.81	-268.98	24.09	32.04	97.46
2008-01-14T19:09:12	1086.17	2974.57	-269.36	24.15	31.93	96.53
2008-01-14T19:09:14	1077.55	2985.31	-269.75	24.39	32.09	95.76
2008-01-14T19:09:16	1068.92	2996.05	-270.14	24.50	32.12	95.01
2008-01-14T19:09:18	1060.28	3006.78	-270.52	24.48	32.04	94.26
2008-01-14T19:09:20	1051.65	3017.50	-270.91	24.33	31.84	93.51
2008-01-14T19:09:22	1043.01	3028.21	-271.29	24.04	31.51	92.95
2008-01-14T19:09:24	1034.37	3038.92	-271.68	23.39	31.15	92.93
2008-01-14T19:09:26	1025.73	3049.61	-272.06	22.68	30.90	92.91
2008-01-14T19:09:28	1017.09	3060.30	-272.44	21.88	30.77	92.88
2008-01-14T19:09:30	1008.44	3070.98	-272.82	21.02	30.75	92.84
2008-01-14T19:09:32	999.79	3081.65	-273.20	20.08	30.84	92.78
2008-01-14T19:09:34	991.14	3092.32	-273.58	19.66	30.71	92.38
2008-01-14T19:09:36	982.48	3102.97	-273.97	19.90	30.13	91.31
2008-01-14T19:09:38	973.82	3113.62	-274.34	20.21	29.57	90.41
2008-01-14T19:09:40	965.16	3124.26	-274.72	20.49	29.15	89.89
2008-01-14T19:09:42	956.50	3134.90	-275.10	20.72	28.85	89.74
2008-01-14T19:09:44	947.84	3145.52	-275.48	20.82	28.78	89.83
2008-01-14T19:09:46	939.17	3156.14	-275.85	20.71	28.94	89.85
2008-01-14T19:09:48	930.50	3166.75	-276.23	20.60	29.00	89.98
2008-01-14T19:09:50	921.83	3177.36	-276.60	20.41	28.85	89.80
2008-01-14T19:09:52	913.15	3187.95	-276.98	20.24	28.69	89.56
2008-01-14T19:09:54	904.48	3198.54	-277.35	20.09	28.50	89.26
2008-01-14T19:09:56	895.80	3209.12	-277.72	19.77	28.28	88.30
2008-01-14T19:09:58	887.12	3219.69	-278.10	19.30	27.88	87.39
2008-01-14T19:10:00	878.44	3230.25	-278.47	18.68	27.29	86.60
2008-01-14T19:10:02	869.76	3240.81	-278.84	17.83	26.57	86.21
2008-01-14T19:10:04	861.07	3251.36	-279.21	16.99	25.76	86.02
2008-01-14T19:10:06	852.38	3261.91	-279.58	16.57	24.93	86.08
2008-01-14T19:10:08	843.69	3272.44	-279.95	16.67	24.32	86.26
2008-01-14T19:10:10	835.00	3282.97	-280.32	17.02	23.89	86.16
2008-01-14T19:10:12	826.31	3293.49	-280.68	17.63	23.64	85.78
2008-01-14T19:10:14	817.61	3304.00	-281.05	18.52	23.57	85.13
2008-01-14T19:10:16	808.91	3314.51	-281.42	18.90	23.95	84.91
2008-01-14T19:10:18	800.21	3325.01	-281.78	18.39	23.98	85.18
2008-01-14T19:10:20	791.51	3335.50	-282.15	17.90	23.87	85.45
2008-01-14T19:10:22	782.81	3345.98	-282.51	17.42	23.62	85.71
2008-01-14T19:10:24	774.11	3356.46	-282.88	16.95	23.22	85.97
2008-01-14T19:10:26	765.40	3366.93	-283.24	16.50	22.66	86.21
2008-01-14T19:10:28	756.69	3377.39	-283.60	16.07	22.49	86.01
2008-01-14T19:10:30	747.98	3387.85	-283.96	15.77	22.69	85.50
2008-01-14T19:10:32	739.28	3398.30	-284.33	15.55	22.82	85.31
2008-01-14T19:10:34	730.56	3408.74	-284.69	15.42	22.87	85.44
2008-01-14T19:10:36	721.85	3419.17	-285.05	15.41	22.85	85.89
2008-01-14T19:10:38	713.14	3429.60	-285.41	15.49	22.75	86.57
2008-01-14T19:10:40	704.42	3440.02	-285.77	15.55	22.54	86.65
2008-01-14T19:10:42	695.70	3450.44	-286.13	15.42	22.24	85.64
2008-01-14T19:10:44	686.98	3460.84	-286.49	15.14	21.92	84.56
2008-01-14T19:10:46	678.26	3471.24	-286.84	14.75	21.61	83.69
2008-01-14T19:10:48	669.54	3481.64	-287.20	14.26	21.32	83.04
2008-01-14T19:10:50	660.82	3492.03	-287.56	13.74	21.19	82.44
2008-01-14T19:10:52	652.09	3502.41	-287.91	13.22	21.29	81.74
2008-01-14T19:10:54	643.37	3512.78	-288.27	12.75	21.53	81.12
2008-01-14T19:10:56	634.64	3523.15	-288.62	12.53	21.73	80.94
2008-01-14T19:10:58	625.92	3533.50	-288.98	12.44	21.96	80.70
2008-01-14T19:11:00	617.19	3543.86	-289.33	12.47	22.11	80.45
2008-01-14T19:11:02	608.46	3554.20	-289.68	12.45	21.59	80.40
2008-01-14T19:11:04	599.73	3564.54	-290.04	12.31	21.10	80.27
2008-01-14T19:11:06	591.00	3574.88	-290.39	12.07	20.64	80.06
2008-01-14T19:11:08	582.26	3585.20	-290.74	11.60	20.39	79.99
2008-01-14T19:11:10	573.53	3595.53	-291.09	11.03	20.28	79.75
2008-01-14T19:11:12	564.79	3605.84	-291.44	10.76	20.04	79.76
2008-01-14T19:11:14	556.06	3616.15	-291.79	10.68	19.60	79.94
2008-01-14T19:11:16	547.32	3626.45	-292.14	10.54	19.09	79.93
2008-01-14T19:11:18	538.59	3636.74	-292.49	10.33	18.51	79.74
2008-01-14T19:11:20	529.85	3647.03	-292.84	10.15	17.84	79.46
2008-01-14T19:11:22	521.11	3657.31	-293.19	10.33	17.19	79.61
2008-01-14T19:11:24	512.37	3667.59	-293.53	10.27	17.59	79.95
2008-01-14T19:11:26	503.63	3677.86	-293.88	10.17	17.90	80.18
2008-01-14T19:11:28	494.88	3688.12	-294.22	10.03	18.10	80.29
2008-01-14T19:11:30	486.14	3698.38	-294.57	9.85	18.20	80.30
2008-01-14T19:11:32	477.40	3708.63	-294.92	9.62	18.20	80.20
2008-01-14T19:11:34	468.65	3718.87	-295.26	9.28	18.12	80.17
2008-01-14T19:11:36	459.91	3729.11	-295.61	8.93	18.03	80.20
2008-01-14T19:11:38	451.16	3739.35	-295.95	8.63	17.90	80.11
2008-01-14T19:11:40	442.42	3749.57	-296.29	8.37	17.74	79.89
2008-01-14T19:11:42	433.67	3759.79	-296.64	8.16	17.54	79.56
2008-01-14T19:11:44	424.92	3770.01	-296.98	8.00	17.30	79.12
2008-01-14T19:11:46	416.17	3780.21	-297.32	7.64	16.92	78.50
2008-01-14T19:11:48	407.42	3790.42	-297.66	7.20	17.01	78.18
2008-01-14T19:11:50	398.67	3800.61	-298.00	6.92	17.08	77.86
2008-01-14T19:11:52	389.92	3810.80	-298.34	6.82	17.13	77.53
2008-01-14T19:11:54	381.17	3820.99	-298.68	6.89	17.16	77.20
2008-01-14T19:11:56	372.42	3831.17	-299.02	7.12	17.23	76.94
2008-01-14T19:11:58	363.67	3841.34	-299.36	7.29	17.50	76.83
2008-01-14T19:12:00	354.92	3851.51	-299.70	7.29	17.67	76.65
2008-01-14T19:12:02	346.16	3861.67	-300.04	7.24	17.76	76.42
2008-01-14T19:12:04	337.41	3871.82	-300.38	7.26	17.86	76.11
2008-01-14T19:12:06	328.66	3881.97	-300.72	7.35	17.99	75.73
2008-01-14T19:12:08	319.90	3892.12	-301.05	7.34	18.07	75.73
2008-01-14T19:12:10	311.15	3902.26	-301.39	7.19	18.11	75.99
2008-01-14T19:12:12	302.39	3912.39	-301.73	6.99	18.15	76.25
2008-01-14T19:12:14	293.64	3922.52	-302.06	6.69	17.95	76.71
2008-01-14T19:12:16	284.88	3932.64	-302.40	6.50	17.70	76.92
2008-01-14T19:12:18	276.12	3942.75	-302.73	6.43	17.41	76.89
2008-01-14T19:12:20	267.37	3952.87	-303.07	6.39	17.37	76.67
2008-01-14T19:12:22	258.61	3962.97	-303.40	6.45	17.41	76.43
2008-01-14T19:12:24	249.85	3973.07	-303.73	6.62	17.51	76.18
2008-01-14T19:12:26	241.09	3983.16	-304.07	6.81	17.73	76.04
2008-01-14T19:12:28	232.34	3993.25	-304.40	6.98	17.95	75.97
2008-01-14T19:12:30	223.58	4003.33	-304.73	7.11	17.88	75.87
2008-01-14T19:12:32	214.82	4013.41	-305.06	7.00	17.46	75.77
2008-01-14T19:12:34	206.06	4023.49	-305.39	6.77	17.09	75.67
2008-01-14T19:12:36	197.30	4033.55	-305.72	6.41	16.78	75.54
2008-01-14T19:12:38	188.54	4043.61	-306.06	5.93	16.51	75.40
2008-01-14T19:12:40	179.78	4053.67	-306.39	5.38	16.50	75.69
2008-01-14T19:12:42	171.02	4063.72	-306.72	5.04	16.81	76.22
2008-01-14T19:12:44	162.26	4073.77	-307.04	4.75	17.20	76.78
2008-01-14T19:12:46	153.50	4083.81	-307.37	4.37	17.50	77.17
2008-01-14T19:12:48	144.74	4093.84	-307.70	3.90	17.74	77.41
2008-01-14T19:12:50	135.98	4103.88	-308.03	3.34	17.91	77.49
2008-01-14T19:12:52	127.22	4113.90	-308.36	3.01	18.14	77.66
2008-01-14T19:12:54	118.46	4123.92	-308.69	3.19	18.70	78.73
2008-01-14T19:12:56	109.70	4133.94	-309.01	3.44	19.21	79.86
2008-01-14T19:12:58	100.94	4143.94	-309.34	3.76	19.69	81.00
2008-01-14T19:13:00	92.18	4153.95	-309.67	4.15	20.12	82.15
2008-01-14T19:13:02	83.42	4163.95	-309.99	4.60	20.51	83.32
2008-01-14T19:13:04	74.66	4173.95	-310.32	4.96	20.82	84.30
2008-01-14T19:13:06	65.90	4183.94	-310.64	4.04	20.75	84.27
2008-01-14T19:13:08	57.14	4193.92	-310.97	3.19	20.64	84.19
2008-01-14T19:13:10	48.38	4203.90	-311.29	2.49	20.52	84.07
2008-01-14T19:13:12	39.62	4213.88	-311.61	1.94	20.41	83.94
2008-01-14T19:13:14	30.85	4223.84	-311.94	1.53	20.31	83.79
2008-01-14T19:13:16	22.09	4233.81	-312.26	1.39	20.17	83.56
2008-01-14T19:13:18	13.33	4243.77	-312.59	1.29	19.89	83.13
2008-01-14T19:13:20	4.57	4253.73	-312.91	0.92	19.39	82.45
2008-01-14T19:13:22	-4.19	4263.68	-313.23	0.45	18.73	81.74
2008-01-14T19:13:24	-12.95	4273.62	-313.55	-0.13	17.90	80.99
2008-01-14T19:13:26	-21.71	4283.57	-313.87	-0.80	16.91	80.22
2008-01-14T19:13:28	-30.47	4293.50	-314.20	-1.89	15.72	78.82
2008-01-14T19:13:30	-39.23	4303.44	-314.52	-3.05	14.61	77.30
2008-01-14T19:13:32	-47.99	4313.36	-314.84	-4.18	13.45	74.97
2008-01-14T19:13:34	-56.75	4323.28	-315.16	-5.27	12.39	72.41
2008-01-14T19:13:36	-65.51	4333.20	-315.48	-6.31	11.43	69.77
2008-01-14T19:13:38	-74.28	4343.11	-315.80	-7.31	10.59	67.05
2008-01-14T19:13:40	-83.04	4353.02	-316.12	-7.28	9.63	64.02
2008-01-14T19:13:42	-91.80	4362.93	-316.43	-7.07	8.70	61.08
2008-01-14T19:13:44	-100.55	4372.83	-316.75	-6.54	7.64	58.25
2008-01-14T19:13:46	-109.32	4382.72	-317.07	-5.73	6.37	55.45
2008-01-14T19:13:48	-118.08	4392.61	-317.39	-5.08	5.28	52.65
2008-01-14T19:13:50	-126.84	4402.50	-317.71	-4.63	4.39	49.90
2008-01-14T19:13:52	-135.59	4412.38	-318.02	-4.36	3.87	47.41
2008-01-14T19:13:54	-144.35	4422.26	-318.34	-3.93	3.72	45.03
2008-01-14T19:13:56	-153.11	4432.13	-318.66	-3.34	3.95	42.75
2008-01-14T19:13:58	-161.87	4442.00	-318.97	-2.79	4.02	40.69
2008-01-14T19:14:00	-170.63	4451.86	-319.29	-2.23	4.04	38.75
2008-01-14T19:14:02	-179.39	4461.72	-319.61	-1.88	3.75	37.19
2008-01-14T19:14:04	-188.15	4471.58	-319.92	-1.98	2.96	36.05
2008-01-14T19:14:06	-196.90	4481.43	-320.24	-2.18	2.16	34.85
2008-01-14T19:14:08	-205.66	4491.27	-320.55	-2.50	1.36	33.57
2008-01-14T19:14:10	-214.42	4501.12	-320.86	-2.96	0.58	32.21
2008-01-14T19:14:12	-223.18	4510.95	-321.18	-3.49	-0.11	30.73
2008-01-14T19:14:14	-231.93	4520.79	-321.49	-3.63	-0.53	29.11
2008-01-14T19:14:16	-240.69	4530.62	-321.81	-3.53	-0.77	27.51
2008-01-14T19:14:18	-249.45	4540.44	-322.12	-3.40	-0.97	26.02
2008-01-14T19:14:20	-258.20	4550.26	-322.43	-3.24	-1.14	24.65
2008-01-14T19:14:22	-266.96	4560.08	-322.75	-3.05	-1.26	23.38
2008-01-14T19:14:24	-275.72	4569.89	-323.06	-2.79	-1.39	22.33
2008-01-14T19:14:26	-284.47	4579.70	-323.37	-2.65	-1.78	21.80
2008-01-14T19:14:28	-293.22	4589.51	-323.68	-2.51	-2.15	21.45
2008-01-14T19:14:30	-301.98	4599.31	-323.99	-2.32	-2.42	21.17
2008-01-14T19:14:32	-310.73	4609.10	-324.30	-2.09	-2.59	20.97
2008-01-14T19:14:34	-319.49	4618.90	-324.62	-1.81	-2.66	20.85
2008-01-14T19:14:36	-328.24	4628.68	-324.93	-1.54	-2.64	20.73
2008-01-14T19:14:38	-337.00	4638.47	-325.23	-1.40	-2.46	19.97
2008-01-14T19:14:40	-345.75	4648.25	-325.54	-1.19	-2.23	19.23
2008-01-14T19:14:42	-354.50	4658.03	-325.85	-0.93	-1.95	18.54
2008-01-14T19:14:44	-363.25	4667.80	-326.16	-0.62	-1.64	17.90
2008-01-14T19:14:46	-372.01	4677.57	-326.47	-0.25	-1.28	17.30
2008-01-14T19:14:48	-380.76	4687.33	-326.78	0.16	-0.93	16.78
2008-01-14T19:14:50	-389.51	4697.09	-327.09	0.40	-1.10	16.52
2008-01-14T19:14:52	-398.26	4706.85	-327.40	0.58	-1.34	16.24
2008-01-14T19:14:54	-407.01	4716.60	-327.71	0.74	-1.56	15.95
2008-01-14T19:14:56	-415.76	4726.35	-328.01	0.87	-1.77	15.65
2008-01-14T19:14:58	-424.51	4736.09	-328.32	0.99	-1.97	15.35
2008-01-14T19:15:00	-433.26	4745.84	-328.63	1.08	-2.12	15.03
2008-01-14T19:15:02	-442.01	4755.57	-328.93	1.20	-2.15	14.74
2008-01-14T19:15:04	-450.76	4765.31	-329.24	1.40	-2.20	14.54
2008-01-14T19:15:06	-459.51	4775.04	-329.55	1.67	-2.19	14.34
2008-01-14T19:15:08	-468.26	4784.76	-329.85	2.03	-2.15	14.13
2008-01-14T19:15:10	-477.00	4794.49	-330.16	2.48	-2.05	13.92
2008-01-14T19:15:12	-485.75	4804.20	-330.47	2.92	-1.96	13.72
2008-01-14T19:15:14	-494.50	4813.92	-330.77	3.22	-1.95	13.52
2008-01-14T19:15:16	-503.25	4823.63	-331.08	3.39	-1.93	13.27
2008-01-14T19:15:18	-511.99	4833.34	-331.38	3.50	-1.84	13.00
2008-01-14T19:15:20	-520.74	4843.04	-331.69	3.64	-1.69	12.75
2008-01-14T19:15:22	-529.48	4852.74	-331.99	3.83	-1.46	12.50
2008-01-14T19:15:24	-538.22	4862.44	-332.29	4.02	-1.17	12.38
2008-01-14T19:15:26	-546.97	4872.13	-332.60	4.23	-0.89	12.46
2008-01-14T19:15:28	-555.71	4881.82	-332.90	4.46	-0.67	12.65
2008-01-14T19:15:30	-564.45	4891.51	-333.20	4.46	-0.65	13.05
2008-01-14T19:15:32	-573.20	4901.19	-333.51	4.49	-0.65	13.42
2008-01-14T19:15:34	-581.94	4910.87	-333.81	4.54	-0.65	13.75
2008-01-14T19:15:36	-590.68	4920.54	-334.11	4.54	-0.66	13.99
2008-01-14T19:15:38	-599.43	4930.22	-334.42	4.55	-0.73	14.18
2008-01-14T19:15:40	-608.17	4939.88	-334.72	4.59	-0.85	14.38
2008-01-14T19:15:42	-616.91	4949.55	-335.02	4.67	-1.06	14.45
2008-01-14T19:15:44	-625.65	4959.21	-335.32	4.74	-1.31	14.36
2008-01-14T19:15:46	-634.39	4968.87	-335.62	4.81	-1.59	14.22
2008-01-14T19:15:48	-643.12	4978.52	-335.92	4.87	-1.85	13.96
2008-01-14T19:15:50	-651.86	4988.17	-336.23	4.96	-2.08	13.68
2008-01-14T19:15:52	-660.60	4997.82	-336.53	5.09	-2.30	13.45
2008-01-14T19:15:54	-669.34	5007.47	-336.83	5.28	-2.51	13.27
2008-01-14T19:15:56	-678.08	5017.11	-337.13	5.47	-2.41	13.10
2008-01-14T19:15:58	-686.81	5026.75	-337.43	5.63	-2.26	12.95
2008-01-14T19:16:00	-695.55	5036.38	-337.73	5.67	-2.07	12.86
2008-01-14T19:16:02	-704.28	5046.01	-338.03	5.66	-1.93	12.85
2008-01-14T19:16:04	-713.02	5055.64	-338.33	5.65	-1.86	12.93
2008-01-14T19:16:06	-721.75	5065.26	-338.63	5.62	-1.87	13.08
2008-01-14T19:16:08	-730.49	5074.88	-338.92	5.51	-1.92	13.31
2008-01-14T19:16:10	-739.22	5084.50	-339.22	5.26	-1.98	13.56
2008-01-14T19:16:12	-747.96	5094.12	-339.52	4.87	-1.97	13.70
2008-01-14T19:16:14	-756.69	5103.73	-339.82	4.45	-1.96	13.82
2008-01-14T19:16:16	-765.42	5113.34	-340.12	4.07	-1.96	13.96
2008-01-14T19:16:18	-774.15	5122.94	-340.42	3.72	-1.97	14.11
2008-01-14T19:16:20	-782.88	5132.54	-340.71	3.41	-2.01	14.27
2008-01-14T19:16:22	-791.61	5142.14	-341.01	3.16	-2.00	14.22
2008-01-14T19:16:24	-800.34	5151.74	-341.31	3.06	-2.00	14.05
2008-01-14T19:16:26	-809.07	5161.33	-341.60	2.99	-2.02	13.95
2008-01-14T19:16:28	-817.80	5170.92	-341.90	2.92	-2.06	13.93
2008-01-14T19:16:30	-826.53	5180.51	-342.20	2.85	-2.11	13.99
2008-01-14T19:16:32	-835.26	5190.09	-342.50	2.77	-2.17	14.12
2008-01-14T19:16:34	-843.98	5199.67	-342.79	2.75	-2.22	14.35
2008-01-14T19:16:36	-852.71	5209.25	-343.09	2.88	-2.14	14.70
2008-01-14T19:16:38	-861.44	5218.82	-343.38	3.05	-2.06	15.05
2008-01-14T19:16:40	-870.16	5228.39	-343.68	3.26	-1.97	15.39
2008-01-14T19:16:42	-878.89	5237.96	-343.97	3.50	-1.89	15.72
2008-01-14T19:16:44	-887.61	5247.52	-344.27	3.78	-1.80	16.05
2008-01-14T19:16:46	-896.34	5257.08	-344.56	4.09	-1.72	16.37
2008-01-14T19:16:48	-905.06	5266.64	-344.86	4.18	-1.73	15.99
2008-01-14T19:16:50	-913.78	5276.20	-345.15	4.28	-1.77	15.55
2008-01-14T19:16:52	-922.51	5285.75	-345.45	4.43	-1.82	15.17
2008-01-14T19:16:54	-931.23	5295.30	-345.74	4.65	-1.87	14.87
2008-01-14T19:16:56	-939.95	5304.85	-346.04	4.93	-1.92	14.63
2008-01-14T19:16:58	-948.67	5314.39	-346.33	5.26	-1.97	14.46
2008-01-14T19:17:00	-957.39	5323.93	-346.62	5.42	-1.81	14.43
2008-01-14T19:17:02	-966.11	5333.47	-346.92	5.36	-1.58	14.46
