Time	POS_X	POS_Y	POS_Z	B_X	B_Y	B_Z
2008-01-14T18:52:14	4475.69	-3085.05	18.50	71.73	-2.17	-5.77
2008-01-14T18:52:16	4470.58	-3073.19	17.87	72.31	-2.49	-5.00
2008-01-14T18:52:18	4465.44	-3061.29	17.23	72.87	-2.79	-4.27
2008-01-14T18:52:20	4460.35	-3049.48	16.60	73.42	-3.08	-3.60
2008-01-14T18:52:22	4455.23	-3037.62	15.96	73.96	-3.35	-2.97
2008-01-14T18:52:24	4450.11	-3025.75	15.33	74.64	-3.71	-2.82
2008-01-14T18:52:26	4444.99	-3013.89	14.69	75.34	-4.12	-2.82
2008-01-14T18:52:28	4439.86	-3002.03	14.06	76.00	-4.53	-2.74
2008-01-14T18:52:30	4434.73	-2990.16	13.42	76.60	-4.94	-2.57
2008-01-14T18:52:32	4429.60	-2978.29	12.79	77.16	-5.35	-2.31
2008-01-14T18:52:34	4424.47	-2966.42	12.15	77.01	-5.69	-2.22
2008-01-14T18:52:36	4419.33	-2954.55	11.52	76.80	-5.99	-2.17
2008-01-14T18:52:38	4414.19	-2942.67	10.88	76.65	-6.31	-2.16
2008-01-14T18:52:40	4409.05	-2930.80	10.25	76.56	-6.61	-2.20
2008-01-14T18:52:42	4403.91	-2918.92	9.61	76.54	-6.89	-2.27
2008-01-14T18:52:44	4398.76	-2907.04	8.98	76.66	-7.03	-2.17
2008-01-14T18:52:46	4393.62	-2895.16	8.34	76.78	-7.15	-2.05
2008-01-14T18:52:48	4388.46	-2883.28	7.71	76.89	-7.24	-1.93
2008-01-14T18:52:50	4383.31	-2871.39	7.07	76.99	-7.31	-1.80
2008-01-14T18:52:52	4378.15	-2859.51	6.44	77.01	-7.36	-1.68
2008-01-14T18:52:54	4372.99	-2847.62	5.80	76.76	-7.50	-1.59
2008-01-14T18:52:56	4367.83	-2835.73	5.17	76.48	-7.65	-1.47
2008-01-14T18:52:58	4362.67	-2823.84	4.53	76.16	-7.83	-1.31
2008-01-14T18:53:00	4357.50	-2811.95	3.90	75.90	-7.99	-1.16
2008-01-14T18:53:02	4352.33	-2800.05	3.26	75.80	-8.07	-1.08
2008-01-14T18:53:04	4347.16	-2788.15	2.63	75.87	-8.02	-1.06
2008-01-14T18:53:06	4341.98	-2776.26	1.99	75.94	-7.97	-1.05
2008-01-14T18:53:08	4336.80	-2764.35	1.36	75.99	-7.92	-1.03
2008-01-14T18:53:10	4331.62	-2752.45	0.72	76.02	-7.87	-1.02
2008-01-14T18:53:12	4326.44	-2740.55	0.09	76.03	-7.93	-1.01
2008-01-14T18:53:14	4321.25	-2728.64	-0.55	76.02	-8.06	-0.98
2008-01-14T18:53:16	4316.06	-2716.74	-1.19	76.00	-8.18	-0.95
2008-01-14T18:53:18	4310.87	-2704.83	-1.82	75.96	-8.30	-0.92
2008-01-14T18:53:20	4305.68	-2692.91	-2.45	75.91	-8.40	-0.88
2008-01-14T18:53:22	4300.48	-2681.00	-3.09	75.73	-8.50	-0.93
2008-01-14T18:53:24	4295.28	-2669.08	-3.73	75.49	-8.59	-0.93
2008-01-14T18:53:26	4290.08	-2657.17	-4.36	75.25	-8.67	-0.88
2008-01-14T18:53:28	4284.87	-2645.25	-4.99	75.00	-8.76	-0.77
2008-01-14T18:53:30	4279.66	-2633.33	-5.63	74.75	-8.86	-0.60
2008-01-14T18:53:32	4274.45	-2621.41	-6.27	74.87	-9.18	-0.30
2008-01-14T18:53:34	4269.23	-2609.48	-6.90	74.97	-9.44	-0.04
2008-01-14T18:53:36	4264.01	-2597.56	-7.54	75.07	-9.63	0.19
2008-01-14T18:53:38	4258.79	-2585.63	-8.17	75.17	-9.77	0.38
2008-01-14T18:53:40	4253.57	-2573.70	-8.81	75.27	-9.86	0.50
2008-01-14T18:53:42	4248.34	-2561.77	-9.44	75.43	-9.95	0.52
2008-01-14T18:53:44	4243.11	-2549.83	-10.08	75.56	-10.09	0.58
2008-01-14T18:53:46	4237.88	-2537.90	-10.71	75.67	-10.24	0.63
2008-01-14T18:53:48	4232.64	-2525.96	-11.35	75.75	-10.40	0.67
2008-01-14T18:53:50	4227.40	-2514.02	-11.98	75.80	-10.49	0.74
2008-01-14T18:53:52	4222.16	-2502.08	-12.62	75.87	-10.48	0.83
2008-01-14T18:53:54	4216.92	-2490.13	-13.25	75.96	-10.48	0.89
2008-01-14T18:53:56	4211.67	-2478.19	-13.89	76.08	-10.48	0.93
2008-01-14T18:53:58	4206.42	-2466.24	-14.52	76.22	-10.48	0.93
2008-01-14T18:54:00	4201.16	-2454.30	-15.16	76.37	-10.60	0.98
2008-01-14T18:54:02	4195.90	-2442.34	-15.79	76.52	-10.79	1.07
2008-01-14T18:54:04	4190.64	-2430.39	-16.43	76.67	-10.98	1.18
2008-01-14T18:54:06	4185.38	-2418.44	-17.06	76.78	-11.18	1.33
2008-01-14T18:54:08	4180.11	-2406.48	-17.70	76.93	-11.39	1.46
2008-01-14T18:54:10	4174.84	-2394.52	-18.33	77.04	-11.46	1.55
2008-01-14T18:54:12	4169.56	-2382.56	-18.97	77.15	-11.51	1.63
2008-01-14T18:54:14	4164.29	-2370.60	-19.60	77.28	-11.56	1.70
2008-01-14T18:54:16	4159.01	-2358.64	-20.24	77.42	-11.62	1.77
2008-01-14T18:54:18	4153.72	-2346.67	-20.87	77.56	-11.69	1.84
2008-01-14T18:54:20	4148.43	-2334.70	-21.51	77.66	-11.85	2.03
2008-01-14T18:54:22	4143.14	-2322.73	-22.14	77.77	-12.01	2.23
2008-01-14T18:54:24	4137.85	-2310.76	-22.77	77.88	-12.17	2.44
2008-01-14T18:54:26	4132.55	-2298.79	-23.41	77.98	-12.33	2.65
2008-01-14T18:54:28	4127.25	-2286.81	-24.05	78.02	-12.45	2.77
2008-01-14T18:54:30	4121.95	-2274.83	-24.68	78.00	-12.50	2.75
2008-01-14T18:54:32	4116.64	-2262.85	-25.32	77.97	-12.56	2.73
2008-01-14T18:54:34	4111.33	-2250.87	-25.95	77.93	-12.62	2.72
2008-01-14T18:54:36	4106.01	-2238.89	-26.58	77.89	-12.69	2.71
2008-01-14T18:54:38	4100.70	-2226.91	-27.22	77.87	-12.78	2.74
2008-01-14T18:54:40	4095.37	-2214.92	-27.86	77.86	-12.88	2.81
2008-01-14T18:54:42	4090.05	-2202.93	-28.49	77.88	-12.98	2.89
2008-01-14T18:54:44	4084.72	-2190.94	-29.12	77.90	-13.08	2.97
2008-01-14T18:54:46	4079.39	-2178.94	-29.76	77.94	-13.19	3.07
2008-01-14T18:54:48	4074.05	-2166.95	-30.39	77.94	-13.23	3.16
2008-01-14T18:54:50	4068.71	-2154.95	-31.03	77.93	-13.26	3.25
2008-01-14T18:54:52	4063.37	-2142.95	-31.66	77.92	-13.29	3.33
2008-01-14T18:54:54	4058.03	-2130.95	-32.30	77.90	-13.33	3.40
2008-01-14T18:54:56	4052.67	-2118.95	-32.93	77.89	-13.37	3.47
2008-01-14T18:54:58	4047.32	-2106.94	-33.56	77.93	-13.45	3.55
2008-01-14T18:55:00	4041.96	-2094.94	-34.20	77.97	-13.53	3.62
2008-01-14T18:55:02	4036.60	-2082.93	-34.83	78.01	-13.60	3.70
2008-01-14T18:55:04	4031.24	-2070.92	-35.47	78.06	-13.68	3.78
2008-01-14T18:55:06	4025.87	-2058.90	-36.10	78.10	-13.74	3.87
2008-01-14T18:55:08	4020.49	-2046.89	-36.74	78.15	-13.81	3.94
2008-01-14T18:55:10	4015.12	-2034.87	-37.37	78.20	-13.88	4.03
2008-01-14T18:55:12	4009.74	-2022.85	-38.01	78.24	-13.96	4.12
2008-01-14T18:55:14	4004.35	-2010.83	-38.64	78.27	-14.03	4.21
2008-01-14T18:55:16	3998.96	-1998.81	-39.27	78.31	-14.11	4.32
2008-01-14T18:55:18	3993.57	-1986.78	-39.91	78.36	-14.20	4.44
2008-01-14T18:55:20	3988.18	-1974.76	-40.54	78.42	-14.28	4.55
2008-01-14T18:55:22	3982.78	-1962.73	-41.18	78.49	-14.36	4.67
2008-01-14T18:55:24	3977.37	-1950.70	-41.81	78.56	-14.43	4.78
2008-01-14T18:55:26	3971.97	-1938.67	-42.44	78.59	-14.51	4.90
2008-01-14T18:55:28	3966.55	-1926.63	-43.08	78.60	-14.58	5.02
2008-01-14T18:55:30	3961.14	-1914.59	-43.71	78.62	-14.65	5.15
2008-01-14T18:55:32	3955.72	-1902.55	-44.34	78.63	-14.72	5.28
2008-01-14T18:55:34	3950.29	-1890.51	-44.98	78.64	-14.79	5.41
2008-01-14T18:55:36	3944.87	-1878.47	-45.61	78.65	-14.87	5.55
2008-01-14T18:55:38	3939.43	-1866.43	-46.25	78.66	-14.95	5.68
2008-01-14T18:55:40	3934.00	-1854.38	-46.88	78.66	-15.03	5.80
2008-01-14T18:55:42	3928.56	-1842.33	-47.51	78.67	-15.12	5.93
2008-01-14T18:55:44	3923.11	-1830.28	-48.15	78.68	-15.21	6.03
2008-01-14T18:55:46	3917.66	-1818.23	-48.78	78.68	-15.29	6.10
2008-01-14T18:55:48	3912.21	-1806.17	-49.41	78.69	-15.36	6.17
2008-01-14T18:55:50	3906.75	-1794.11	-50.05	78.70	-15.42	6.25
2008-01-14T18:55:52	3901.29	-1782.06	-50.68	78.69	-15.49	6.34
2008-01-14T18:55:54	3895.82	-1770.00	-51.31	78.71	-15.54	6.44
2008-01-14T18:55:56	3890.35	-1757.93	-51.95	78.75	-15.58	6.55
2008-01-14T18:55:58	3884.88	-1745.87	-52.58	78.78	-15.62	6.67
2008-01-14T18:56:00	3879.40	-1733.80	-53.21	78.82	-15.66	6.79
2008-01-14T18:56:02	3873.91	-1721.73	-53.85	78.85	-15.69	6.92
2008-01-14T18:56:04	3868.43	-1709.66	-54.48	78.89	-15.73	7.03
2008-01-14T18:56:06	3862.94	-1697.59	-55.11	78.93	-15.77	7.14
2008-01-14T18:56:08	3857.44	-1685.51	-55.74	78.98	-15.81	7.26
2008-01-14T18:56:10	3851.94	-1673.43	-56.38	79.03	-15.86	7.37
2008-01-14T18:56:12	3846.43	-1661.36	-57.01	79.08	-15.90	7.48
2008-01-14T18:56:14	3840.92	-1649.28	-57.64	79.15	-15.94	7.62
2008-01-14T18:56:16	3835.41	-1637.19	-58.27	79.22	-15.98	7.76
2008-01-14T18:56:18	3829.89	-1625.11	-58.91	79.29	-16.02	7.89
2008-01-14T18:56:20	3824.36	-1613.02	-59.54	79.36	-16.05	8.02
2008-01-14T18:56:22	3818.83	-1600.93	-60.17	79.43	-16.09	8.13
2008-01-14T18:56:24	3813.30	-1588.84	-60.80	79.49	-16.16	8.23
2008-01-14T18:56:26	3807.76	-1576.75	-61.44	79.55	-16.23	8.33
2008-01-14T18:56:28	3802.22	-1564.65	-62.07	79.61	-16.30	8.45
2008-01-14T18:56:30	3796.67	-1552.55	-62.70	79.67	-16.37	8.57
2008-01-14T18:56:32	3791.12	-1540.45	-63.33	79.70	-16.42	8.67
2008-01-14T18:56:34	3785.56	-1528.36	-63.96	79.73	-16.46	8.75
2008-01-14T18:56:36	3780.00	-1516.25	-64.60	79.75	-16.51	8.84
2008-01-14T18:56:38	3774.43	-1504.15	-65.23	79.76	-16.57	8.92
2008-01-14T18:56:40	3768.86	-1492.04	-65.86	79.77	-16.63	9.00
2008-01-14T18:56:42	3763.28	-1479.93	-66.49	79.80	-16.67	9.11
2008-01-14T18:56:44	3757.70	-1467.82	-67.12	79.82	-16.71	9.21
2008-01-14T18:56:46	3752.11	-1455.71	-67.75	79.84	-16.74	9.32
2008-01-14T18:56:48	3746.52	-1443.59	-68.38	79.85	-16.77	9.44
2008-01-14T18:56:50	3740.92	-1431.47	-69.02	79.87	-16.80	9.55
2008-01-14T18:56:52	3735.32	-1419.36	-69.65	79.87	-16.84	9.69
2008-01-14T18:56:54	3729.71	-1407.24	-70.28	79.88	-16.87	9.84
2008-01-14T18:56:56	3724.10	-1395.11	-70.91	79.90	-16.91	10.00
2008-01-14T18:56:58	3718.48	-1382.99	-71.54	79.91	-16.96	10.16
2008-01-14T18:57:00	3712.86	-1370.86	-72.17	79.90	-16.99	10.31
2008-01-14T18:57:02	3707.23	-1358.73	-72.80	79.87	-17.01	10.45
2008-01-14T18:57:04	3701.60	-1346.60	-73.43	79.84	-17.03	10.59
2008-01-14T18:57:06	3695.96	-1334.47	-74.06	79.80	-17.05	10.74
2008-01-14T18:57:08	3690.31	-1322.33	-74.69	79.76	-17.08	10.89
2008-01-14T18:57:10	3684.67	-1310.20	-75.32	79.71	-17.11	11.04
2008-01-14T18:57:12	3679.01	-1298.06	-75.95	79.65	-17.13	11.19
2008-01-14T18:57:14	3673.35	-1285.92	-76.58	79.60	-17.14	11.35
2008-01-14T18:57:16	3667.69	-1273.78	-77.21	79.56	-17.15	11.52
2008-01-14T18:57:18	3662.02	-1261.63	-77.84	79.52	-17.15	11.68
2008-01-14T18:57:20	3656.34	-1249.48	-78.47	79.43	-17.21	11.83
2008-01-14T18:57:22	3650.66	-1237.34	-79.10	79.35	-17.26	11.99
2008-01-14T18:57:24	3644.97	-1225.19	-79.73	79.27	-17.32	12.16
2008-01-14T18:57:26	3639.27	-1213.03	-80.36	79.19	-17.37	12.33
2008-01-14T18:57:28	3633.58	-1200.88	-80.99	79.12	-17.42	12.50
2008-01-14T18:57:30	3627.87	-1188.72	-81.62	79.03	-17.45	12.67
2008-01-14T18:57:32	3622.16	-1176.56	-82.25	78.94	-17.48	12.83
2008-01-14T18:57:34	3616.45	-1164.40	-82.87	78.84	-17.51	13.01
2008-01-14T18:57:36	3610.72	-1152.24	-83.50	78.72	-17.53	13.18
2008-01-14T18:57:38	3605.00	-1140.08	-84.13	78.61	-17.56	13.33
2008-01-14T18:57:40	3599.26	-1127.91	-84.76	78.51	-17.61	13.46
2008-01-14T18:57:42	3593.52	-1115.75	-85.39	78.41	-17.65	13.59
2008-01-14T18:57:44	3587.78	-1103.58	-86.01	78.33	-17.70	13.74
2008-01-14T18:57:46	3582.03	-1091.40	-86.64	78.25	-17.75	13.89
2008-01-14T18:57:48	3576.27	-1079.23	-87.27	78.18	-17.77	14.00
2008-01-14T18:57:50	3570.51	-1067.06	-87.90	78.11	-17.79	14.11
2008-01-14T18:57:52	3564.74	-1054.88	-88.53	78.03	-17.80	14.22
2008-01-14T18:57:54	3558.96	-1042.70	-89.15	77.93	-17.82	14.34
2008-01-14T18:57:56	3553.18	-1030.52	-89.78	77.84	-17.86	14.48
2008-01-14T18:57:58	3547.40	-1018.34	-90.41	77.81	-17.96	14.64
2008-01-14T18:58:00	3541.60	-1006.16	-91.03	77.78	-18.05	14.79
2008-01-14T18:58:02	3535.80	-993.97	-91.66	77.74	-18.13	14.95
2008-01-14T18:58:04	3530.00	-981.78	-92.29	77.69	-18.19	15.09
2008-01-14T18:58:06	3524.18	-969.59	-92.91	77.65	-18.26	15.23
2008-01-14T18:58:08	3518.37	-957.40	-93.54	77.62	-18.33	15.36
2008-01-14T18:58:10	3512.54	-945.21	-94.16	77.59	-18.42	15.50
2008-01-14T18:58:12	3506.71	-933.01	-94.79	77.56	-18.51	15.65
2008-01-14T18:58:14	3500.87	-920.82	-95.42	77.55	-18.61	15.81
2008-01-14T18:58:16	3495.03	-908.62	-96.04	77.59	-18.63	15.96
2008-01-14T18:58:18	3489.18	-896.42	-96.67	77.64	-18.63	16.09
2008-01-14T18:58:20	3483.32	-884.22	-97.29	77.66	-18.64	16.22
2008-01-14T18:58:22	3477.46	-872.02	-97.92	77.65	-18.66	16.36
2008-01-14T18:58:24	3471.59	-859.81	-98.54	77.62	-18.68	16.49
2008-01-14T18:58:26	3465.71	-847.60	-99.17	77.63	-18.65	16.63
2008-01-14T18:58:28	3459.83	-835.39	-99.79	77.65	-18.61	16.78
2008-01-14T18:58:30	3453.94	-823.19	-100.42	77.68	-18.55	16.93
2008-01-14T18:58:32	3448.04	-810.98	-101.04	77.73	-18.48	17.10
2008-01-14T18:58:34	3442.14	-798.76	-101.66	77.77	-18.36	17.34
2008-01-14T18:58:36	3436.23	-786.55	-102.28	77.76	-18.20	17.59
2008-01-14T18:58:38	3430.31	-774.33	-102.91	77.76	-18.06	17.84
2008-01-14T18:58:40	3424.38	-762.11	-103.53	77.77	-17.93	18.09
2008-01-14T18:58:42	3418.45	-749.89	-104.15	77.78	-17.82	18.34
2008-01-14T18:58:44	3412.52	-737.67	-104.78	77.81	-17.75	18.63
2008-01-14T18:58:46	3406.57	-725.45	-105.40	77.89	-17.70	18.94
2008-01-14T18:58:48	3400.62	-713.22	-106.02	78.01	-17.65	19.26
2008-01-14T18:58:50	3394.66	-701.00	-106.65	78.17	-17.60	19.59
2008-01-14T18:58:52	3388.69	-688.77	-107.26	78.34	-17.55	19.92
2008-01-14T18:58:54	3382.72	-676.54	-107.89	78.33	-17.60	20.15
2008-01-14T18:58:56	3376.74	-664.31	-108.51	78.27	-17.68	20.38
2008-01-14T18:58:58	3370.75	-652.08	-109.13	78.19	-17.79	20.63
2008-01-14T18:59:00	3364.75	-639.85	-109.75	78.06	-17.92	20.88
2008-01-14T18:59:02	3358.75	-627.61	-110.37	77.97	-18.08	21.12
2008-01-14T18:59:04	3352.74	-615.38	-110.99	78.00	-18.28	21.30
2008-01-14T18:59:06	3346.72	-603.14	-111.61	78.04	-18.50	21.46
2008-01-14T18:59:08	3340.70	-590.90	-112.23	78.08	-18.74	21.60
2008-01-14T18:59:10	3334.67	-578.66	-112.85	78.11	-19.00	21.72
2008-01-14T18:59:12	3328.63	-566.42	-113.47	77.63	-19.07	21.11
2008-01-14T18:59:14	3322.58	-554.18	-114.09	76.93	-19.19	20.25
2008-01-14T18:59:16	3316.52	-541.94	-114.71	76.21	-19.47	19.50
2008-01-14T18:59:18	3310.46	-529.69	-115.33	75.46	-19.87	18.87
2008-01-14T18:59:20	3304.39	-517.44	-115.95	74.68	-20.35	18.37
2008-01-14T18:59:22	3298.31	-505.19	-116.56	74.02	-19.20	19.14
2008-01-14T18:59:24	3292.23	-492.95	-117.18	73.39	-18.11	19.74
2008-01-14T18:59:26	3286.13	-480.70	-117.80	72.83	-17.10	20.19
2008-01-14T18:59:28	3280.03	-468.45	-118.42	72.29	-16.17	20.46
2008-01-14T18:59:30	3273.92	-456.19	-119.03	72.16	-15.36	21.25
2008-01-14T18:59:32	3267.80	-443.94	-119.65	72.67	-14.64	22.96
2008-01-14T18:59:34	3261.68	-431.68	-120.27	73.05	-13.82	24.25
2008-01-14T18:59:36	3255.55	-419.43	-120.88	73.32	-12.90	25.15
2008-01-14T18:59:38	3249.41	-407.17	-121.50	73.47	-11.88	25.66
2008-01-14T18:59:40	3243.26	-394.91	-122.11	73.86	-11.34	25.97
2008-01-14T18:59:42	3237.10	-382.65	-122.73	74.12	-10.74	26.42
2008-01-14T18:59:44	3230.93	-370.39	-123.34	74.04	-9.79	26.98
2008-01-14T18:59:46	3224.76	-358.13	-123.96	73.66	-8.48	27.66
2008-01-14T18:59:48	3218.58	-345.87	-124.57	73.08	-6.93	28.45
2008-01-14T18:59:50	3212.39	-333.61	-125.19	73.83	-7.24	28.22
2008-01-14T18:59:52	3206.19	-321.35	-125.80	74.12	-7.15	27.89
2008-01-14T18:59:54	3199.98	-309.08	-126.41	73.98	-6.67	27.46
2008-01-14T18:59:56	3193.76	-296.81	-127.03	73.41	-5.80	26.95
2008-01-14T18:59:58	3187.54	-284.55	-127.64	72.73	-4.79	26.39
2008-01-14T19:00:00	3181.31	-272.28	-128.25	72.48	-4.16	26.09
2008-01-14T19:00:02	3175.07	-260.01	-128.86	72.28	-3.57	26.13
2008-01-14T19:00:04	3168.82	-247.75	-129.47	72.11	-3.03	26.49
2008-01-14T19:00:06	3162.56	-235.48	-130.09	71.99	-2.52	27.18
2008-01-14T19:00:08	3156.29	-223.21	-130.70	72.37	-1.74	27.80
2008-01-14T19:00:10	3150.02	-210.94	-131.31	72.78	-0.72	28.45
2008-01-14T19:00:12	3143.73	-198.66	-131.92	73.14	0.18	29.14
2008-01-14T19:00:14	3137.44	-186.39	-132.53	73.44	0.96	29.87
2008-01-14T19:00:16	3131.13	-174.12	-133.14	73.66	1.61	30.65
2008-01-14T19:00:18	3124.83	-161.85	-133.74	73.10	1.68	31.69
2008-01-14T19:00:20	3118.51	-149.57	-134.35	72.51	1.91	32.63
2008-01-14T19:00:22	3112.18	-137.30	-134.96	71.91	2.30	33.48
2008-01-14T19:00:24	3105.84	-125.03	-135.57	71.29	2.83	34.25
2008-01-14T19:00:26	3099.49	-112.75	-136.17	71.32	2.73	36.22
2008-01-14T19:00:28	3093.14	-100.48	-136.78	71.96	1.81	39.17
2008-01-14T19:00:30	3086.77	-88.20	-137.39	72.57	0.94	41.95
2008-01-14T19:00:32	3080.40	-75.93	-137.99	73.13	0.10	44.55
2008-01-14T19:00:34	3074.01	-63.65	-138.60	73.64	-0.70	46.97
2008-01-14T19:00:36	3067.62	-51.37	-139.21	75.13	-1.44	48.00
2008-01-14T19:00:38	3061.22	-39.10	-139.81	76.95	-1.99	48.44
2008-01-14T19:00:40	3054.81	-26.82	-140.42	78.68	-2.36	48.79
2008-01-14T19:00:42	3048.39	-14.54	-141.02	80.33	-2.54	49.07
2008-01-14T19:00:44	3041.96	-2.27	-141.62	81.77	-2.49	49.17
2008-01-14T19:00:46	3035.52	10.01	-142.23	82.30	-2.23	49.38
2008-01-14T19:00:48	3029.07	22.28	-142.83	82.88	-1.99	49.75
2008-01-14T19:00:50	3022.61	34.56	-143.43	83.51	-1.78	50.27
2008-01-14T19:00:52	3016.14	46.84	-144.03	84.18	-1.59	50.95
2008-01-14T19:00:54	3009.66	59.11	-144.63	84.36	-1.46	51.72
2008-01-14T19:00:56	3003.18	71.39	-145.24	83.76	-1.39	52.48
2008-01-14T19:00:58	2996.68	83.67	-145.84	83.27	-1.38	53.29
2008-01-14T19:01:00	2990.17	95.94	-146.44	82.88	-1.42	54.15
2008-01-14T19:01:02	2983.66	108.22	-147.03	82.65	-1.53	54.93
2008-01-14T19:01:04	2977.13	120.49	-147.63	82.59	-1.49	55.24
2008-01-14T19:01:06	2970.60	132.77	-148.23	82.58	-1.38	55.37
2008-01-14T19:01:08	2964.05	145.04	-148.83	82.60	-1.25	55.49
2008-01-14T19:01:10	2957.49	157.31	-149.43	82.64	-1.10	55.60
2008-01-14T19:01:12	2950.93	169.59	-150.03	82.74	-0.93	55.71
2008-01-14T19:01:14	2944.35	181.86	-150.62	83.31	-0.90	56.27
2008-01-14T19:01:16	2937.76	194.13	-151.22	83.85	-0.86	56.86
2008-01-14T19:01:18	2931.17	206.40	-151.81	84.38	-0.80	57.48
2008-01-14T19:01:20	2924.56	218.67	-152.41	84.97	-0.70	58.12
2008-01-14T19:01:22	2917.95	230.94	-153.00	85.47	-0.58	58.73
2008-01-14T19:01:24	2911.32	243.21	-153.60	85.76	-0.45	59.22
2008-01-14T19:01:26	2904.68	255.48	-154.19	86.04	-0.34	59.67
2008-01-14T19:01:28	2898.04	267.75	-154.78	86.29	-0.25	60.09
2008-01-14T19:01:30	2891.38	280.02	-155.37	86.54	-0.18	60.47
2008-01-14T19:01:32	2884.71	292.28	-155.96	86.86	-0.03	60.91
2008-01-14T19:01:34	2878.04	304.55	-156.56	87.25	0.21	61.39
2008-01-14T19:01:36	2871.35	316.81	-157.15	87.72	0.45	61.88
2008-01-14T19:01:38	2864.65	329.07	-157.74	88.18	0.63	62.37
2008-01-14T19:01:40	2857.94	341.33	-158.33	88.62	0.76	62.87
2008-01-14T19:01:42	2851.22	353.59	-158.91	88.92	1.14	63.53
2008-01-14T19:01:44	2844.49	365.85	-159.50	89.11	1.61	64.20
2008-01-14T19:01:46	2837.75	378.11	-160.09	89.20	2.17	64.87
2008-01-14T19:01:48	2831.00	390.37	-160.68	89.21	2.81	65.56
2008-01-14T19:01:50	2824.24	402.62	-161.26	89.31	3.38	66.32
2008-01-14T19:01:52	2817.47	414.87	-161.85	89.75	3.73	67.23
2008-01-14T19:01:54	2810.68	427.12	-162.44	90.38	3.96	68.11
2008-01-14T19:01:56	2803.89	439.37	-163.02	90.91	4.32	68.92
2008-01-14T19:01:58	2797.08	451.62	-163.60	91.34	4.82	69.68
2008-01-14T19:02:00	2790.27	463.87	-164.19	91.52	5.24	70.05
2008-01-14T19:02:02	2783.44	476.11	-164.77	91.57	5.69	70.39
2008-01-14T19:02:04	2776.61	488.36	-165.35	91.57	6.24	70.85
2008-01-14T19:02:06	2769.76	500.60	-165.93	91.52	6.89	71.43
2008-01-14T19:02:08	2762.90	512.84	-166.51	91.47	7.58	72.10
2008-01-14T19:02:10	2756.03	525.07	-167.09	91.79	7.46	72.23
2008-01-14T19:02:12	2749.15	537.31	-167.67	91.95	7.21	72.32
2008-01-14T19:02:14	2742.26	549.54	-168.25	91.99	6.89	72.43
2008-01-14T19:02:16	2735.36	561.77	-168.83	91.90	6.52	72.60
2008-01-14T19:02:18	2728.45	574.00	-169.41	91.75	6.30	72.88
2008-01-14T19:02:20	2721.52	586.23	-169.99	91.74	6.48	73.33
2008-01-14T19:02:22	2714.59	598.45	-170.56	91.79	6.79	73.89
2008-01-14T19:02:24	2707.64	610.67	-171.13	91.90	7.25	74.57
2008-01-14T19:02:26	2700.69	622.89	-171.71	92.10	7.69	75.25
2008-01-14T19:02:28	2693.72	635.11	-172.28	91.95	7.84	75.29
2008-01-14T19:02:30	2686.74	647.32	-172.86	91.68	8.02	74.99
2008-01-14T19:02:32	2679.75	659.53	-173.43	91.38	8.33	74.56
2008-01-14T19:02:34	2672.75	671.74	-174.00	91.06	8.78	74.00
2008-01-14T19:02:36	2665.74	683.95	-174.57	90.70	9.34	73.36
2008-01-14T19:02:38	2658.71	696.15	-175.14	90.13	9.52	74.07
2008-01-14T19:02:40	2651.68	708.35	-175.71	89.53	9.63	75.08
2008-01-14T19:02:42	2644.63	720.55	-176.28	89.23	9.60	76.34
2008-01-14T19:02:44	2637.58	732.74	-176.85	89.35	9.48	77.48
2008-01-14T19:02:46	2630.51	744.93	-177.41	89.14	9.43	77.63
2008-01-14T19:02:48	2623.43	757.12	-177.98	88.59	9.47	76.65
2008-01-14T19:02:50	2616.34	769.31	-178.55	88.08	9.60	76.06
2008-01-14T19:02:52	2609.24	781.49	-179.11	87.60	9.81	75.84
2008-01-14T19:02:54	2602.12	793.66	-179.68	87.14	10.10	75.98
2008-01-14T19:02:56	2595.00	805.84	-180.24	87.13	10.31	77.04
2008-01-14T19:02:58	2587.86	818.01	-180.80	87.31	10.48	78.28
2008-01-14T19:03:00	2580.71	830.18	-181.37	87.65	10.64	79.19
2008-01-14T19:03:02	2573.56	842.34	-181.93	87.96	10.85	79.90
2008-01-14T19:03:04	2566.39	854.50	-182.49	88.23	11.12	80.41
2008-01-14T19:03:06	2559.21	866.65	-183.05	89.14	11.67	80.47
2008-01-14T19:03:08	2552.02	878.81	-183.61	89.85	12.38	80.57
2008-01-14T19:03:10	2544.81	890.96	-184.16	90.35	13.22	80.73
2008-01-14T19:03:12	2537.60	903.10	-184.72	90.63	14.20	80.92
2008-01-14T19:03:14	2530.37	915.24	-185.28	91.04	15.20	81.55
2008-01-14T19:03:16	2523.13	927.38	-185.83	92.23	16.00	83.13
2008-01-14T19:03:18	2515.88	939.51	-186.38	93.38	16.82	84.62
2008-01-14T19:03:20	2508.62	951.64	-186.94	94.51	17.68	86.02
2008-01-14T19:03:22	2501.35	963.76	-187.49	95.63	18.55	87.35
2008-01-14T19:03:24	2494.07	975.88	-188.04	95.99	19.20	87.50
2008-01-14T19:03:26	2486.77	988.00	-188.59	95.63	19.61	86.67
2008-01-14T19:03:28	2479.47	1000.11	-189.14	95.19	19.97	85.77
2008-01-14T19:03:30	2472.15	1012.21	-189.70	94.62	20.39	84.94
2008-01-14T19:03:32	2464.83	1024.31	-190.24	94.06	20.98	84.74
2008-01-14T19:03:34	2457.49	1036.41	-190.79	93.95	22.03	85.79
2008-01-14T19:03:36	2450.14	1048.50	-191.34	93.85	23.24	86.83
2008-01-14T19:03:38	2442.77	1060.59	-191.88	93.67	24.53	87.65
2008-01-14T19:03:40	2435.40	1072.67	-192.43	93.44	25.90	88.27
2008-01-14T19:03:42	2428.02	1084.75	-192.97	93.18	27.28	88.68
2008-01-14T19:03:44	2420.62	1096.82	-193.52	93.13	27.75	89.10
2008-01-14T19:03:46	2413.22	1108.89	-194.06	93.16	27.97	89.18
2008-01-14T19:03:48	2405.80	1120.95	-194.60	93.11	28.31	89.26
2008-01-14T19:03:50	2398.37	1133.01	-195.14	92.94	28.86	89.50
2008-01-14T19:03:52	2390.93	1145.06	-195.68	92.77	29.63	89.81
2008-01-14T19:03:54	2383.47	1157.11	-196.22	92.75	30.48	90.11
2008-01-14T19:03:56	2376.01	1169.15	-196.76	92.72	31.34	90.58
2008-01-14T19:03:58	2368.54	1181.18	-197.29	92.65	32.22	91.22
2008-01-14T19:04:00	2361.05	1193.21	-197.83	92.57	33.10	92.01
2008-01-14T19:04:02	2353.56	1205.24	-198.36	92.56	32.99	92.17
2008-01-14T19:04:04	2346.05	1217.26	-198.90	92.28	32.61	92.25
2008-01-14T19:04:06	2338.54	1229.27	-199.43	91.88	32.36	92.50
2008-01-14T19:04:08	2331.00	1241.28	-199.96	91.37	32.24	92.93
2008-01-14T19:04:10	2323.46	1253.28	-200.49	90.75	32.26	93.55
2008-01-14T19:04:12	2315.91	1265.27	-201.02	90.57	32.88	94.01
2008-01-14T19:04:14	2308.35	1277.26	-201.55	90.50	33.63	94.33
2008-01-14T19:04:16	2300.78	1289.24	-202.08	90.51	34.36	94.43
2008-01-14T19:04:18	2293.19	1301.22	-202.61	90.70	34.95	94.32
2008-01-14T19:04:20	2285.60	1313.19	-203.13	90.99	35.42	94.14
2008-01-14T19:04:22	2277.99	1325.16	-203.66	90.50	35.70	93.79
2008-01-14T19:04:24	2270.38	1337.12	-204.18	90.08	36.01	93.67
2008-01-14T19:04:26	2262.75	1349.07	-204.71	89.72	36.37	93.77
2008-01-14T19:04:28	2255.11	1361.01	-205.23	89.43	36.75	94.09
2008-01-14T19:04:30	2247.46	1372.95	-205.75	89.08	37.40	94.64
2008-01-14T19:04:32	2239.80	1384.89	-206.27	88.56	38.62	94.99
2008-01-14T19:04:34	2232.13	1396.81	-206.79	87.99	39.71	95.20
2008-01-14T19:04:36	2224.45	1408.73	-207.31	87.36	40.67	95.30
2008-01-14T19:04:38	2216.76	1420.64	-207.83	86.66	41.48	95.30
2008-01-14T19:04:40	2209.06	1432.55	-208.34	86.26	41.94	95.27
2008-01-14T19:04:42	2201.35	1444.45	-208.86	85.99	42.27	95.31
2008-01-14T19:04:44	2193.62	1456.34	-209.37	85.41	42.81	95.36
2008-01-14T19:04:46	2185.89	1468.23	-209.89	84.75	43.53	95.72
2008-01-14T19:04:48	2178.14	1480.10	-210.40	84.32	44.24	96.42
2008-01-14T19:04:50	2170.39	1491.98	-210.91	84.42	44.78	97.20
2008-01-14T19:04:52	2162.63	1503.84	-211.42	84.44	45.19	97.87
2008-01-14T19:04:54	2154.85	1515.70	-211.93	84.07	45.54	98.36
2008-01-14T19:04:56	2147.07	1527.55	-212.44	83.32	45.83	98.68
2008-01-14T19:04:58	2139.27	1539.39	-212.95	82.17	46.07	98.81
2008-01-14T19:05:00	2131.47	1551.23	-213.46	81.56	46.32	98.10
2008-01-14T19:05:02	2123.65	1563.05	-213.96	81.74	46.69	97.58
2008-01-14T19:05:04	2115.82	1574.87	-214.46	81.78	47.18	97.37
2008-01-14T19:05:06	2107.99	1586.69	-214.97	81.66	47.78	97.47
2008-01-14T19:05:08	2100.14	1598.49	-215.47	81.40	48.50	97.91
2008-01-14T19:05:10	2092.29	1610.29	-215.97	80.93	49.18	99.18
2008-01-14T19:05:12	2084.42	1622.08	-216.47	80.25	49.86	100.42
2008-01-14T19:05:14	2076.55	1633.86	-216.97	79.34	50.54	101.64
2008-01-14T19:05:16	2068.66	1645.64	-217.47	78.65	51.04	101.96
2008-01-14T19:05:18	2060.77	1657.40	-217.97	78.02	51.40	101.64
2008-01-14T19:05:20	2052.86	1669.16	-218.46	77.80	51.11	100.49
2008-01-14T19:05:22	2044.95	1680.92	-218.96	77.54	50.84	99.26
2008-01-14T19:05:24	2037.03	1692.66	-219.45	77.25	50.61	97.95
2008-01-14T19:05:26	2029.09	1704.40	-219.95	76.90	50.41	96.53
2008-01-14T19:05:28	2021.15	1716.13	-220.44	76.52	50.31	95.46
2008-01-14T19:05:30	2013.20	1727.84	-220.93	76.15	50.37	96.06
2008-01-14T19:05:32	2005.24	1739.55	-221.42	75.90	50.52	96.96
2008-01-14T19:05:34	1997.27	1751.26	-221.91	75.84	50.78	97.81
2008-01-14T19:05:36	1989.29	1762.95	-222.40	75.99	51.17	98.63
2008-01-14T19:05:38	1981.30	1774.64	-222.88	76.23	51.69	99.02
2008-01-14T19:05:40	1973.30	1786.32	-223.37	76.27	52.23	98.81
2008-01-14T19:05:42	1965.29	1797.99	-223.86	76.16	52.71	98.55
2008-01-14T19:05:44	1957.28	1809.66	-224.34	75.71	53.27	98.28
2008-01-14T19:05:46	1949.25	1821.31	-224.82	75.01	54.03	98.24
2008-01-14T19:05:48	1941.22	1832.96	-225.30	74.11	54.67	98.78
2008-01-14T19:05:50	1933.17	1844.59	-225.78	73.20	54.98	99.62
2008-01-14T19:05:52	1925.12	1856.23	-226.26	72.57	55.13	100.45
2008-01-14T19:05:54	1917.06	1867.84	-226.74	72.21	55.10	101.26
2008-01-14T19:05:56	1908.99	1879.46	-227.22	72.12	54.90	102.06
2008-01-14T19:05:58	1900.92	1891.06	-227.70	71.74	55.07	101.87
2008-01-14T19:06:00	1892.83	1902.66	-228.17	70.75	55.53	100.73
2008-01-14T19:06:02	1884.73	1914.24	-228.65	69.82	55.99	99.70
2008-01-14T19:06:04	1876.63	1925.82	-229.12	68.95	56.44	98.77
2008-01-14T19:06:06	1868.52	1937.39	-229.59	68.16	56.90	97.94
2008-01-14T19:06:08	1860.40	1948.95	-230.07	67.86	57.19	97.45
2008-01-14T19:06:10	1852.27	1960.51	-230.54	67.79	57.51	97.05
2008-01-14T19:06:12	1844.13	1972.05	-231.00	67.85	57.86	96.64
2008-01-14T19:06:14	1835.99	1983.58	-231.47	68.09	57.93	96.25
2008-01-14T19:06:16	1827.84	1995.11	-231.94	68.08	57.85	95.77
2008-01-14T19:06:18	1819.68	2006.63	-232.41	67.70	57.51	95.39
2008-01-14T19:06:20	1811.51	2018.14	-232.87	67.18	57.16	95.22
2008-01-14T19:06:22	1803.33	2029.64	-233.34	66.61	56.86	95.21
2008-01-14T19:06:24	1795.15	2041.13	-233.80	66.00	56.63	95.35
2008-01-14T19:06:26	1786.96	2052.61	-234.26	65.38	56.54	95.79
2008-01-14T19:06:28	1778.76	2064.08	-234.72	64.78	57.05	96.05
2008-01-14T19:06:30	1770.55	2075.55	-235.18	64.04	57.69	96.09
2008-01-14T19:06:32	1762.33	2087.01	-235.64	63.17	58.27	96.11
2008-01-14T19:06:34	1754.11	2098.45	-236.10	62.15	58.79	96.13
2008-01-14T19:06:36	1745.88	2109.89	-236.56	60.98	59.26	96.14
2008-01-14T19:06:38	1737.65	2121.32	-237.01	59.96	58.84	96.40
2008-01-14T19:06:40	1729.40	2132.74	-237.47	59.09	57.99	96.30
2008-01-14T19:06:42	1721.15	2144.15	-237.92	58.69	57.38	96.04
2008-01-14T19:06:44	1712.89	2155.55	-238.38	58.26	57.19	95.85
2008-01-14T19:06:46	1704.63	2166.95	-238.83	57.81	57.39	95.71
2008-01-14T19:06:48	1696.35	2178.33	-239.28	57.93	57.64	95.62
2008-01-14T19:06:50	1688.07	2189.71	-239.73	58.26	57.78	95.33
2008-01-14T19:06:52	1679.79	2201.07	-240.18	58.55	57.87	94.77
2008-01-14T19:06:54	1671.49	2212.43	-240.63	58.53	57.63	94.21
2008-01-14T19:06:56	1663.19	2223.78	-241.08	57.82	56.98	93.98
2008-01-14T19:06:58	1654.88	2235.12	-241.52	56.83	56.60	94.46
2008-01-14T19:07:00	1646.57	2246.45	-241.97	56.00	56.48	95.17
2008-01-14T19:07:02	1638.25	2257.77	-242.41	55.33	56.54	95.82
2008-01-14T19:07:04	1629.92	2269.08	-242.86	54.81	56.75	96.39
2008-01-14T19:07:06	1621.59	2280.38	-243.30	54.44	57.11	96.88
2008-01-14T19:07:08	1613.25	2291.68	-243.74	54.55	57.10	96.46
2008-01-14T19:07:10	1604.91	2302.96	-244.18	54.83	56.80	95.62
2008-01-14T19:07:12	1596.55	2314.24	-244.62	54.99	56.52	94.98
2008-01-14T19:07:14	1588.19	2325.51	-245.06	55.04	56.24	94.54
2008-01-14T19:07:16	1579.83	2336.77	-245.50	54.97	55.98	94.31
2008-01-14T19:07:18	1571.46	2348.01	-245.93	54.52	55.76	94.18
2008-01-14T19:07:20	1563.08	2359.26	-246.37	53.89	55.55	94.13
2008-01-14T19:07:22	1554.70	2370.49	-246.80	53.15	55.31	93.89
2008-01-14T19:07:24	1546.31	2381.71	-247.24	52.31	55.19	93.48
2008-01-14T19:07:26	1537.91	2392.92	-247.67	51.42	55.22	93.02
2008-01-14T19:07:28	1529.51	2404.12	-248.10	50.61	55.30	92.54
2008-01-14T19:07:30	1521.11	2415.32	-248.53	50.14	55.16	92.14
2008-01-14T19:07:32	1512.70	2426.50	-248.96	49.95	54.84	91.86
2008-01-14T19:07:34	1504.28	2437.68	-249.39	50.02	54.34	91.69
2008-01-14T19:07:36	1495.85	2448.85	-249.82	49.91	53.68	91.44
2008-01-14T19:07:38	1487.43	2460.01	-250.25	49.47	53.19	91.14
2008-01-14T19:07:40	1478.99	2471.16	-250.68	48.81	52.91	90.99
2008-01-14T19:07:42	1470.55	2482.30	-251.10	48.26	52.51	90.75
2008-01-14T19:07:44	1462.11	2493.43	-251.52	47.80	51.98	90.43
2008-01-14T19:07:46	1453.66	2504.56	-251.95	47.43	51.33	90.02
2008-01-14T19:07:48	1445.20	2515.67	-252.37	47.12	50.81	89.60
2008-01-14T19:07:50	1436.75	2526.77	-252.79	46.77	51.28	89.59
2008-01-14T19:07:52	1428.28	2537.87	-253.22	46.25	51.58	89.59
2008-01-14T19:07:54	1419.81	2548.96	-253.64	45.59	51.72	89.61
2008-01-14T19:07:56	1411.34	2560.03	-254.06	44.77	51.69	89.62
2008-01-14T19:07:58	1402.86	2571.10	-254.47	43.82	51.49	89.62
2008-01-14T19:08:00	1394.37	2582.16	-254.89	43.17	50.96	89.32
2008-01-14T19:08:02	1385.88	2593.21	-255.31	42.58	50.27	89.05
2008-01-14T19:08:04	1377.39	2604.26	-255.72	42.16	49.58	89.11
2008-01-14T19:08:06	1368.89	2615.29	-256.14	41.84	48.99	89.15
2008-01-14T19:08:08	1360.39	2626.32	-256.55	41.60	48.52	89.16
2008-01-14T19:08:10	1351.88	2637.34	-256.97	41.44	48.20	89.05
2008-01-14T19:08:12	1343.36	2648.34	-257.38	41.36	47.90	88.82
2008-01-14T19:08:14	1334.85	2659.34	-257.79	41.34	47.60	88.49
2008-01-14T19:08:16	1326.33	2670.33	-258.20	41.11	47.56	87.90
2008-01-14T19:08:18	1317.80	2681.31	-258.61	40.67	47.79	87.28
2008-01-14T19:08:20	1309.27	2692.28	-259.02	40.13	47.88	86.85
2008-01-14T19:08:22	1300.74	2703.25	-259.43	39.55	47.67	86.68
2008-01-14T19:08:24	1292.20	2714.20	-259.83	38.94	47.26	86.71
2008-01-14T19:08:26	1283.66	2725.15	-260.24	38.29	46.63	86.95
2008-01-14T19:08:28	1275.11	2736.09	-260.64	37.60	45.77	87.38
2008-01-14T19:08:30	1266.56	2747.02	-261.05	37.40	45.58	87.24
2008-01-14T19:08:32	1258.01	2757.93	-261.45	37.57	45.86	86.92
2008-01-14T19:08:34	1249.45	2768.85	-261.86	37.82	46.06	86.58
2008-01-14T19:08:36	1240.89	2779.75	-262.26	38.16	46.17	86.23
2008-01-14T19:08:38	1232.32	2790.65	-262.66	38.59	46.20	85.87
2008-01-14T19:08:40	1223.75	2801.53	-263.06	38.90	46.11	85.49
2008-01-14T19:08:42	1215.18	2812.41	-263.46	38.28	45.89	85.15
2008-01-14T19:08:44	1206.60	2823.28	-263.86	37.39	45.56	85.01
2008-01-14T19:08:46	1198.02	2834.14	-264.26	36.68	45.23	84.95
2008-01-14T19:08:48	1189.44	2844.99	-264.65	36.12	44.89	84.97
2008-01-14T19:08:50	1180.85	2855.83	-265.05	35.74	44.55	85.07
2008-01-14T19:08:52	1172.26	2866.67	-265.45	35.53	44.26	85.14
2008-01-14T19:08:54	1163.66	2877.50	-265.84	35.31	43.86	85.10
2008-01-14T19:08:56	1155.07	2888.32	-266.24	34.92	43.37	84.86
2008-01-14T19:08:58	1146.43	2899.16	-266.63	34.46	42.88	84.54
2008-01-14T19:09:00	1137.86	2909.93	-267.02	34.06	42.42	84.22
2008-01-14T19:09:02	1129.25	2920.72	-267.41	33.36	41.98	83.67
2008-01-14T19:09:04	1120.64	2931.51	-267.81	32.50	41.52	83.01
2008-01-14T19:09:06	1112.03	2942.28	-268.20	31.68	41.03	82.34
2008-01-14T19:09:08	1103.41	2953.05	-268.59	30.87	40.50	81.67
2008-01-14T19:09:10	1094.79	2963.81	-268.98	30.43	40.57	81.16
2008-01-14T19:09:12	1086.17	2974.57	-269.36	30.29	40.87	80.92
2008-01-14T19:09:14	1077.55	2985.31	-269.75	30.39	41.38	80.91
2008-01-14T19:09:16	1068.92	2996.05	-270.14	30.51	41.88	80.89
2008-01-14T19:09:18	1060.28	3006.78	-270.52	30.64	42.38	80.85
2008-01-14T19:09:20	1051.65	3017.50	-270.91	30.77	42.88	80.79
2008-01-14T19:09:22	1043.01	3028.21	-271.29	30.73	43.05	80.61
2008-01-14T19:09:24	1034.37	3038.92	-271.68	30.19	42.20	80.04
2008-01-14T19:09:26	1025.73	3049.61	-272.06	29.75	41.37	79.58
2008-01-14T19:09:28	1017.09	3060.30	-272.44	29.41	40.57	79.22
2008-01-14T19:09:30	1008.44	3070.98	-272.82	29.16	39.80	78.96
2008-01-14T19:09:32	999.79	3081.65	-273.20	29.01	39.07	78.82
2008-01-14T19:09:34	991.14	3092.32	-273.58	28.85	38.46	78.75
2008-01-14T19:09:36	982.48	3102.97	-273.97	28.49	38.11	78.66
2008-01-14T19:09:38	973.82	3113.62	-274.34	28.07	37.88	78.66
2008-01-14T19:09:40	965.16	3124.26	-274.72	27.66	37.72	78.76
2008-01-14T19:09:42	956.50	3134.90	-275.10	27.24	37.64	78.94
2008-01-14T19:09:44	947.84	3145.52	-275.48	26.89	37.56	79.14
2008-01-14T19:09:46	939.17	3156.14	-275.85	26.63	37.25	79.18
2008-01-14T19:09:48	930.50	3166.75	-276.23	26.30	36.78	79.05
2008-01-14T19:09:50	921.83	3177.36	-276.60	26.00	36.45	78.44
2008-01-14T19:09:52	913.15	3187.95	-276.98	25.68	36.26	77.86
2008-01-14T19:09:54	904.48	3198.54	-277.35	25.33	36.21	77.32
2008-01-14T19:09:56	895.80	3209.12	-277.72	25.46	36.21	77.16
2008-01-14T19:09:58	887.12	3219.69	-278.10	25.64	36.21	77.18
2008-01-14T19:10:00	878.44	3230.25	-278.47	25.83	36.21	77.34
2008-01-14T19:10:02	869.76	3240.81	-278.84	26.02	35.85	77.39
2008-01-14T19:10:04	861.07	3251.36	-279.21	26.06	35.22	77.20
2008-01-14T19:10:06	852.38	3261.91	-279.58	25.88	34.60	76.76
2008-01-14T19:10:08	843.69	3272.44	-279.95	25.64	34.04	76.10
2008-01-14T19:10:10	835.00	3282.97	-280.32	25.36	33.59	75.49
2008-01-14T19:10:12	826.31	3293.49	-280.68	25.04	33.24	74.94
2008-01-14T19:10:14	817.61	3304.00	-281.05	24.68	33.01	74.43
2008-01-14T19:10:16	808.91	3314.51	-281.42	24.59	32.95	74.22
2008-01-14T19:10:18	800.21	3325.01	-281.78	24.58	32.72	74.15
2008-01-14T19:10:20	791.51	3335.50	-282.15	24.55	32.49	74.02
2008-01-14T19:10:22	782.81	3345.98	-282.51	24.52	32.26	73.82
2008-01-14T19:10:24	774.11	3356.46	-282.88	24.48	32.03	73.55
2008-01-14T19:10:26	765.40	3366.93	-283.24	24.44	31.81	73.22
2008-01-14T19:10:28	756.69	3377.39	-283.60	24.67	31.39	72.73
2008-01-14T19:10:30	747.98	3387.85	-283.96	25.03	30.74	72.18
2008-01-14T19:10:32	739.28	3398.30	-284.33	25.31	30.02	71.76
2008-01-14T19:10:34	730.56	3408.74	-284.69	25.51	29.24	71.48
2008-01-14T19:10:36	721.85	3419.17	-285.05	25.63	28.40	71.34
2008-01-14T19:10:38	713.14	3429.60	-285.41	25.61	27.57	71.30
2008-01-14T19:10:40	704.42	3440.02	-285.77	25.10	27.19	71.07
2008-01-14T19:10:42	695.70	3450.44	-286.13	24.68	27.09	70.92
2008-01-14T19:10:44	686.98	3460.84	-286.49	24.44	26.95	70.72
2008-01-14T19:10:46	678.26	3471.24	-286.84	24.36	26.69	70.40
2008-01-14T19:10:48	669.54	3481.64	-287.20	24.45	26.32	69.96
2008-01-14T19:10:50	660.82	3492.03	-287.56	24.48	25.89	69.87
2008-01-14T19:10:52	652.09	3502.41	-287.91	24.39	25.52	70.03
2008-01-14T19:10:54	643.37	3512.78	-288.27	24.21	25.14	70.14
2008-01-14T19:10:56	634.64	3523.15	-288.62	23.83	24.70	70.07
2008-01-14T19:10:58	625.92	3533.50	-288.98	23.48	24.30	70.09
2008-01-14T19:11:00	617.19	3543.86	-289.33	23.17	23.95	70.16
2008-01-14T19:11:02	608.46	3554.20	-289.68	23.04	23.58	70.01
2008-01-14T19:11:04	599.73	3564.54	-290.04	23.15	23.21	70.12
2008-01-14T19:11:06	591.00	3574.88	-290.39	23.48	22.86	70.48
2008-01-14T19:11:08	582.26	3585.20	-290.74	23.52	22.51	70.83
2008-01-14T19:11:10	573.53	3595.53	-291.09	23.25	22.17	71.26
2008-01-14T19:11:12	564.79	3605.84	-291.44	22.55	21.80	71.41
2008-01-14T19:11:14	556.06	3616.15	-291.79	21.76	21.39	71.32
2008-01-14T19:11:16	547.32	3626.45	-292.14	21.16	20.96	71.30
2008-01-14T19:11:18	538.59	3636.74	-292.49	20.76	20.52	71.35
2008-01-14T19:11:20	529.85	3647.03	-292.84	20.53	20.07	71.35
2008-01-14T19:11:22	521.11	3657.31	-293.19	20.33	19.60	70.76
2008-01-14T19:11:24	512.37	3667.59	-293.53	19.98	19.48	70.28
2008-01-14T19:11:26	503.63	3677.86	-293.88	19.74	19.42	69.87
2008-01-14T19:11:28	494.88	3688.12	-294.22	19.62	19.42	69.54
2008-01-14T19:11:30	486.14	3698.38	-294.57	19.63	19.48	69.29
2008-01-14T19:11:32	477.40	3708.63	-294.92	19.76	19.61	69.11
2008-01-14T19:11:34	468.65	3718.87	-295.26	19.36	19.33	68.99
2008-01-14T19:11:36	459.91	3729.11	-295.61	18.51	18.65	68.79
2008-01-14T19:11:38	451.16	3739.35	-295.95	17.78	18.03	68.56
2008-01-14T19:11:40	442.42	3749.57	-296.29	17.14	17.47	68.28
2008-01-14T19:11:42	433.67	3759.79	-296.64	16.61	16.96	67.98
2008-01-14T19:11:44	424.92	3770.01	-296.98	16.18	16.50	67.63
2008-01-14T19:11:46	416.17	3780.21	-297.32	16.14	16.16	67.24
2008-01-14T19:11:48	407.42	3790.42	-297.66	15.97	15.80	66.86
2008-01-14T19:11:50	398.67	3800.61	-298.00	15.74	15.50	66.58
2008-01-14T19:11:52	389.92	3810.80	-298.34	15.43	15.25	66.38
2008-01-14T19:11:54	381.17	3820.99	-298.68	15.06	15.06	66.27
2008-01-14T19:11:56	372.42	3831.17	-299.02	14.57	14.78	66.16
2008-01-14T19:11:58	363.67	3841.34	-299.36	13.91	14.02	65.73
2008-01-14T19:12:00	354.92	3851.51	-299.70	13.43	13.62	65.31
2008-01-14T19:12:02	346.16	3861.67	-300.04	13.12	13.81	65.05
2008-01-14T19:12:04	337.41	3871.82	-300.38	12.81	14.28	64.82
2008-01-14T19:12:06	328.66	3881.97	-300.72	12.51	15.05	64.61
2008-01-14T19:12:08	319.90	3892.12	-301.05	12.29	16.07	64.37
2008-01-14T19:12:10	311.15	3902.26	-301.39	12.07	16.98	64.00
2008-01-14T19:12:12	302.39	3912.39	-301.73	11.78	17.68	63.55
2008-01-14T19:12:14	293.64	3922.52	-302.06	11.56	17.51	63.13
2008-01-14T19:12:16	284.88	3932.64	-302.40	11.23	17.40	62.63
2008-01-14T19:12:18	276.12	3942.75	-302.73	10.77	17.35	62.04
2008-01-14T19:12:20	267.37	3952.87	-303.07	10.12	17.31	60.99
2008-01-14T19:12:22	258.61	3962.97	-303.40	9.30	17.38	59.93
2008-01-14T19:12:24	249.85	3973.07	-303.73	8.32	17.58	58.88
2008-01-14T19:12:26	241.09	3983.16	-304.07	7.30	17.36	57.63
2008-01-14T19:12:28	232.34	3993.25	-304.40	6.28	16.55	56.15
2008-01-14T19:12:30	223.58	4003.33	-304.73	5.31	15.50	54.41
2008-01-14T19:12:32	214.82	4013.41	-305.06	4.71	14.20	52.08
2008-01-14T19:12:34	206.06	4023.49	-305.39	4.27	13.17	49.57
2008-01-14T19:12:36	197.30	4033.55	-305.72	4.00	12.42	46.87
2008-01-14T19:12:38	188.54	4043.61	-306.06	3.89	11.95	43.97
2008-01-14T19:12:40	179.78	4053.67	-306.39	4.16	11.69	41.39
2008-01-14T19:12:42	171.02	4063.72	-306.72	4.56	11.40	39.34
2008-01-14T19:12:44	162.26	4073.77	-307.04	4.90	11.04	37.57
2008-01-14T19:12:46	153.50	4083.81	-307.37	5.16	10.58	35.87
2008-01-14T19:12:48	144.74	4093.84	-307.70	5.33	10.02	34.22
2008-01-14T19:12:50	135.98	4103.88	-308.03	5.43	9.36	32.64
2008-01-14T19:12:52	127.22	4113.90	-308.36	5.36	8.56	31.23
2008-01-14T19:12:54	118.46	4123.92	-308.69	4.90	7.78	30.35
2008-01-14T19:12:56	109.70	4133.94	-309.01	4.39	7.03	29.30
2008-01-14T19:12:58	100.94	4143.94	-309.34	3.83	6.31	28.06
2008-01-14T19:13:00	92.18	4153.95	-309.67	3.22	5.60	26.62
2008-01-14T19:13:02	83.42	4163.95	-309.99	2.57	4.90	24.99
2008-01-14T19:13:04	74.66	4173.95	-310.32	1.93	4.21	23.25
2008-01-14T19:13:06	65.90	4183.94	-310.64	1.65	3.59	21.35
2008-01-14T19:13:08	57.14	4193.92	-310.97	1.50	3.03	19.49
2008-01-14T19:13:10	48.38	4203.90	-311.29	1.47	2.52	17.71
2008-01-14T19:13:12	39.62	4213.88	-311.61	1.55	2.06	16.02
2008-01-14T19:13:14	30.85	4223.84	-311.94	1.75	1.66	14.41
2008-01-14T19:13:16	22.09	4233.81	-312.26	2.05	1.25	12.95
2008-01-14T19:13:18	13.33	4243.77	-312.59	2.31	0.77	11.56
2008-01-14T19:13:20	4.57	4253.73	-312.91	2.47	0.28	10.15
2008-01-14T19:13:22	-4.19	4263.68	-313.23	2.62	-0.14	8.78
2008-01-14T19:13:24	-12.95	4273.62	-313.55	2.75	-0.50	7.45
2008-01-14T19:13:26	-21.71	4283.57	-313.87	2.87	-0.79	6.17
2008-01-14T19:13:28	-30.47	4293.50	-314.20	3.10	-0.94	5.10
2008-01-14T19:13:30	-39.23	4303.44	-314.52	3.38	-1.06	4.10
2008-01-14T19:13:32	-47.99	4313.36	-314.84	3.69	-1.19	3.09
2008-01-14T19:13:34	-56.75	4323.28	-315.16	4.00	-1.33	2.06
2008-01-14T19:13:36	-65.51	4333.20	-315.48	4.29	-1.46	1.02
2008-01-14T19:13:38	-74.28	4343.11	-315.80	4.57	-1.59	-0.04
2008-01-14T19:13:40	-83.04	4353.02	-316.12	4.68	-1.68	-1.02
2008-01-14T19:13:42	-91.80	4362.93	-316.43	4.78	-1.78	-2.00
2008-01-14T19:13:44	-100.55	4372.83	-316.75	4.89	-1.91	-2.96
2008-01-14T19:13:46	-109.32	4382.72	-317.07	5.02	-2.10	-3.86
2008-01-14T19:13:48	-118.08	4392.61	-317.39	5.17	-2.30	-4.74
2008-01-14T19:13:50	-126.84	4402.50	-317.71	5.32	-2.50	-5.57
2008-01-14T19:13:52	-135.59	4412.38	-318.02	5.40	-2.62	-6.24
2008-01-14T19:13:54	-144.35	4422.26	-318.34	5.45	-2.73	-6.91
2008-01-14T19:13:56	-153.11	4432.13	-318.66	5.50	-2.85	-7.60
2008-01-14T19:13:58	-161.87	4442.00	-318.97	5.52	-2.95	-8.24
2008-01-14T19:14:00	-170.63	4451.86	-319.29	5.52	-3.05	-8.84
2008-01-14T19:14:02	-179.39	4461.72	-319.61	5.53	-3.21	-9.37
2008-01-14T19:14:04	-188.15	4471.58	-319.92	5.57	-3.45	-9.81
2008-01-14T19:14:06	-196.90	4481.43	-320.24	5.60	-3.73	-10.21
2008-01-14T19:14:08	-205.66	4491.27	-320.55	5.63	-4.06	-10.58
2008-01-14T19:14:10	-214.42	4501.12	-320.86	5.65	-4.40	-10.90
2008-01-14T19:14:12	-223.18	4510.95	-321.18	5.68	-4.61	-11.15
2008-01-14T19:14:14	-231.93	4520.79	-321.49	5.79	-4.75	-11.41
2008-01-14T19:14:16	-240.69	4530.62	-321.81	5.98	-4.88	-11.75
2008-01-14T19:14:18	-249.45	4540.44	-322.12	6.20	-5.04	-12.14
2008-01-14T19:14:20	-258.20	4550.26	-322.43	6.45	-5.22	-12.58
2008-01-14T19:14:22	-266.96	4560.08	-322.75	6.73	-5.43	-13.07
2008-01-14T19:14:24	-275.72	4569.89	-323.06	6.92	-5.60	-13.68
2008-01-14T19:14:26	-284.47	4579.70	-323.37	6.87	-5.40	-14.31
2008-01-14T19:14:28	-293.22	4589.51	-323.68	6.78	-5.09	-14.87
2008-01-14T19:14:30	-301.98	4599.31	-323.99	6.71	-4.76	-15.34
2008-01-14T19:14:32	-310.73	4609.10	-324.30	6.65	-4.41	-15.74
2008-01-14T19:14:34	-319.49	4618.90	-324.62	6.60	-4.05	-16.06
2008-01-14T19:14:36	-328.24	4628.68	-324.93	6.60	-3.67	-16.28
2008-01-14T19:14:38	-337.00	4638.47	-325.23	6.75	-3.63	-16.05
2008-01-14T19:14:40	-345.75	4648.25	-325.54	6.88	-3.56	-15.79
2008-01-14T19:14:42	-354.50	4658.03	-325.85	6.97	-3.45	-15.54
2008-01-14T19:14:44	-363.25	4667.80	-326.16	7.04	-3.30	-15.29
2008-01-14T19:14:46	-372.01	4677.57	-326.47	7.08	-3.10	-15.04
2008-01-14T19:14:48	-380.76	4687.33	-326.78	7.11	-2.88	-14.79
2008-01-14T19:14:50	-389.51	4697.09	-327.09	7.48	-2.90	-14.54
2008-01-14T19:14:52	-398.26	4706.85	-327.40	7.87	-3.02	-14.37
2008-01-14T19:14:54	-407.01	4716.60	-327.71	8.27	-3.16	-14.28
2008-01-14T19:14:56	-415.76	4726.35	-328.01	8.67	-3.33	-14.25
2008-01-14T19:14:58	-424.51	4736.09	-328.32	9.07	-3.52	-14.28
2008-01-14T19:15:00	-433.26	4745.84	-328.63	9.43	-3.69	-14.34
2008-01-14T19:15:02	-442.01	4755.57	-328.93	9.64	-3.63	-14.20
2008-01-14T19:15:04	-450.76	4765.31	-329.24	9.81	-3.50	-13.89
2008-01-14T19:15:06	-459.51	4775.04	-329.55	9.98	-3.39	-13.68
2008-01-14T19:15:08	-468.26	4784.76	-329.85	10.15	-3.28	-13.56
2008-01-14T19:15:10	-477.00	4794.49	-330.16	10.33	-3.18	-13.56
2008-01-14T19:15:12	-485.75	4804.20	-330.47	10.51	-3.11	-13.71
2008-01-14T19:15:14	-494.50	4813.92	-330.77	10.69	-3.11	-13.98
2008-01-14T19:15:16	-503.25	4823.63	-331.08	10.90	-3.04	-14.20
2008-01-14T19:15:18	-511.99	4833.34	-331.38	11.10	-2.93	-14.34
2008-01-14T19:15:20	-520.74	4843.04	-331.69	11.27	-2.82	-14.40
2008-01-14T19:15:22	-529.48	4852.74	-331.99	11.41	-2.71	-14.36
2008-01-14T19:15:24	-538.22	4862.44	-332.29	11.58	-2.52	-14.22
2008-01-14T19:15:26	-546.97	4872.13	-332.60	11.82	-2.22	-14.11
2008-01-14T19:15:28	-555.71	4881.82	-332.90	12.09	-1.92	-14.10
2008-01-14T19:15:30	-564.45	4891.51	-333.20	12.36	-1.61	-14.24
2008-01-14T19:15:32	-573.20	4901.19	-333.51	12.57	-1.37	-14.45
2008-01-14T19:15:34	-581.94	4910.87	-333.81	12.72	-1.18	-14.73
2008-01-14T19:15:36	-590.68	4920.54	-334.11	12.67	-1.15	-14.87
2008-01-14T19:15:38	-599.43	4930.22	-334.42	12.48	-1.19	-14.79
2008-01-14T19:15:40	-608.17	4939.88	-334.72	12.27	-1.24	-14.64
2008-01-14T19:15:42	-616.91	4949.55	-335.02	12.09	-1.42	-14.26
2008-01-14T19:15:44	-625.65	4959.21	-335.32	11.99	-1.70	-13.71
2008-01-14T19:15:46	-634.39	4968.87	-335.62	11.94	-1.95	-13.17
2008-01-14T19:15:48	-643.12	4978.52	-335.92	11.95	-2.11	-12.78
2008-01-14T19:15:50	-651.86	4988.17	-336.23	12.00	-2.16	-12.55
2008-01-14T19:15:52	-660.60	4997.82	-336.53	12.04	-2.14	-12.41
2008-01-14T19:15:54	-669.34	5007.47	-336.83	12.08	-2.02	-12.36
2008-01-14T19:15:56	-678.08	5017.11	-337.13	12.25	-2.00	-12.31
2008-01-14T19:15:58	-686.81	5026.75	-337.43	12.41	-2.00	-12.21
2008-01-14T19:16:00	-695.55	5036.38	-337.73	12.57	-2.07	-12.08
2008-01-14T19:16:02	-704.28	5046.01	-338.03	12.70	-2.13	-11.95
2008-01-14T19:16:04	-713.02	5055.64	-338.33	12.81	-2.15	-11.84
2008-01-14T19:16:06	-721.75	5065.26	-338.63	12.89	-2.12	-11.74
2008-01-14T19:16:08	-730.49	5074.88	-338.92	12.96	-2.14	-11.66
2008-01-14T19:16:10	-739.22	5084.50	-339.22	13.09	-2.29	-11.59
2008-01-14T19:16:12	-747.96	5094.12	-339.52	13.18	-2.63	-11.55
2008-01-14T19:16:14	-756.69	5103.73	-339.82	13.17	-2.95	-11.53
2008-01-14T19:16:16	-765.42	5113.34	-340.12	13.04	-3.18	-11.52
2008-01-14T19:16:18	-774.15	5122.94	-340.42	12.78	-3.33	-11.51
2008-01-14T19:16:20	-782.88	5132.54	-340.71	12.41	-3.38	-11.51
2008-01-14T19:16:22	-791.61	5142.14	-341.01	12.13	-3.36	-11.57
2008-01-14T19:16:24	-800.34	5151.74	-341.31	12.25	-3.57	-11.51
2008-01-14T19:16:26	-809.07	5161.33	-341.60	12.38	-3.82	-11.44
2008-01-14T19:16:28	-817.80	5170.92	-341.90	12.41	-4.07	-11.39
2008-01-14T19:16:30	-826.53	5180.51	-342.20	12.35	-4.31	-11.34
2008-01-14T19:16:32	-835.26	5190.09	-342.50	12.19	-4.54	-11.30
2008-01-14T19:16:34	-843.98	5199.67	-342.79	11.96	-4.82	-11.34
2008-01-14T19:16:36	-852.71	5209.25	-343.09	11.82	-5.27	-11.51
2008-01-14T19:16:38	-861.44	5218.82	-343.38	11.72	-5.67	-11.60
2008-01-14T19:16:40	-870.16	5228.39	-343.68	11.68	-5.98	-11.60
2008-01-14T19:16:42	-878.89	5237.96	-343.97	11.68	-6.23	-11.51
2008-01-14T19:16:44	-887.61	5247.52	-344.27	11.74	-6.40	-11.32
2008-01-14T19:16:46	-896.34	5257.08	-344.56	11.85	-6.49	-11.04
2008-01-14T19:16:48	-905.06	5266.64	-344.86	12.12	-6.18	-11.06
2008-01-14T19:16:50	-913.78	5276.20	-345.15	12.43	-5.84	-11.18
2008-01-14T19:16:52	-922.51	5285.75	-345.45	12.76	-5.58	-11.34
2008-01-14T19:16:54	-931.23	5295.30	-345.74	13.12	-5.41	-11.52
2008-01-14T19:16:56	-939.95	5304.85	-346.04	13.50	-5.31	-11.73
2008-01-14T19:16:58	-948.67	5314.39	-346.33	13.89	-5.29	-11.96
2008-01-14T19:17:00	-957.39	5323.93	-346.62	13.92	-5.11	-12.06
2008-01-14T19:17:02	-966.11	5333.47	-346.92	13.57	-4.91	-12.07
