Time	POS_X	POS_Y	POS_Z	B_X	B_Y	B_Z
2008-01-14T18:52:14	4475.69	-3085.05	18.50	42.72	1.54	3.31
2008-01-14T18:52:16	4470.58	-3073.19	17.87	43.24	1.83	3.72
2008-01-14T18:52:18	4465.44	-3061.29	17.23	43.81	2.08	4.18
2008-01-14T18:52:20	4460.35	-3049.48	16.60	44.43	2.31	4.71
2008-01-14T18:52:22	4455.23	-3037.62	15.96	45.10	2.51	5.30
2008-01-14T18:52:24	4450.11	-3025.75	15.33	45.06	2.49	5.71
2008-01-14T18:52:26	4444.99	-3013.89	14.69	44.77	2.26	5.90
2008-01-14T18:52:28	4439.86	-3002.03	14.06	44.61	1.85	5.94
2008-01-14T18:52:30	4434.73	-2990.16	13.42	44.58	1.29	5.83
2008-01-14T18:52:32	4429.60	-2978.29	12.79	44.68	0.54	5.57
2008-01-14T18:52:34	4424.47	-2966.42	12.15	43.63	0.26	5.18
2008-01-14T18:52:36	4419.33	-2954.55	11.52	42.32	0.20	4.72
2008-01-14T18:52:38	4414.19	-2942.67	10.88	41.05	0.44	4.17
2008-01-14T18:52:40	4409.05	-2930.80	10.25	40.01	0.69	3.61
2008-01-14T18:52:42	4403.91	-2918.92	9.61	39.20	0.94	3.06
2008-01-14T18:52:44	4398.76	-2907.04	8.98	38.29	0.94	2.69
2008-01-14T18:52:46	4393.62	-2895.16	8.34	37.29	0.88	2.34
2008-01-14T18:52:48	4388.46	-2883.28	7.71	36.19	0.76	2.02
2008-01-14T18:52:50	4383.31	-2871.39	7.07	35.00	0.57	1.73
2008-01-14T18:52:52	4378.15	-2859.51	6.44	33.54	0.36	1.54
2008-01-14T18:52:54	4372.99	-2847.62	5.80	31.49	0.30	1.63
2008-01-14T18:52:56	4367.83	-2835.73	5.17	29.35	0.28	1.79
2008-01-14T18:52:58	4362.67	-2823.84	4.53	27.16	0.29	2.03
2008-01-14T18:53:00	4357.50	-2811.95	3.90	25.52	0.22	2.33
2008-01-14T18:53:02	4352.33	-2800.05	3.26	24.14	0.14	2.45
2008-01-14T18:53:04	4347.16	-2788.15	2.63	22.87	0.03	2.44
2008-01-14T18:53:06	4341.98	-2776.26	1.99	21.51	0.01	2.42
2008-01-14T18:53:08	4336.80	-2764.35	1.36	20.08	0.06	2.39
2008-01-14T18:53:10	4331.62	-2752.45	0.72	18.54	0.20	2.36
2008-01-14T18:53:12	4326.44	-2740.55	0.09	17.00	0.41	2.35
2008-01-14T18:53:14	4321.25	-2728.64	-0.55	15.51	0.66	2.36
2008-01-14T18:53:16	4316.06	-2716.74	-1.19	14.04	0.96	2.38
2008-01-14T18:53:18	4310.87	-2704.83	-1.82	12.59	1.29	2.43
2008-01-14T18:53:20	4305.68	-2692.91	-2.45	11.16	1.67	2.49
2008-01-14T18:53:22	4300.48	-2681.00	-3.09	9.84	1.73	2.66
2008-01-14T18:53:24	4295.28	-2669.08	-3.73	8.61	1.75	2.81
2008-01-14T18:53:26	4290.08	-2657.17	-4.36	7.47	1.76	2.92
2008-01-14T18:53:28	4284.87	-2645.25	-4.99	6.40	1.78	3.00
2008-01-14T18:53:30	4279.66	-2633.33	-5.63	5.44	1.81	3.04
2008-01-14T18:53:32	4274.45	-2621.41	-6.27	5.17	1.76	3.01
2008-01-14T18:53:34	4269.23	-2609.48	-6.90	4.84	1.73	2.99
2008-01-14T18:53:36	4264.01	-2597.56	-7.54	4.44	1.72	2.98
2008-01-14T18:53:38	4258.79	-2585.63	-8.17	3.98	1.72	2.97
2008-01-14T18:53:40	4253.57	-2573.70	-8.81	3.75	1.65	2.98
2008-01-14T18:53:42	4248.34	-2561.77	-9.44	4.54	1.28	3.02
2008-01-14T18:53:44	4243.11	-2549.83	-10.08	5.42	0.83	3.04
2008-01-14T18:53:46	4237.88	-2537.90	-10.71	6.26	0.43	3.05
2008-01-14T18:53:48	4232.64	-2525.96	-11.35	7.04	0.08	3.05
2008-01-14T18:53:50	4227.40	-2514.02	-11.98	8.06	-0.21	2.91
2008-01-14T18:53:52	4222.16	-2502.08	-12.62	9.41	-0.50	2.60
2008-01-14T18:53:54	4216.92	-2490.13	-13.25	10.72	-0.83	2.29
2008-01-14T18:53:56	4211.67	-2478.19	-13.89	11.99	-1.19	1.96
2008-01-14T18:53:58	4206.42	-2466.24	-14.52	13.21	-1.60	1.62
2008-01-14T18:54:00	4201.16	-2454.30	-15.16	14.84	-2.14	1.48
2008-01-14T18:54:02	4195.90	-2442.34	-15.79	16.75	-2.75	1.54
2008-01-14T18:54:04	4190.64	-2430.39	-16.43	18.70	-3.37	1.68
2008-01-14T18:54:06	4185.38	-2418.44	-17.06	20.55	-3.83	1.86
2008-01-14T18:54:08	4180.11	-2406.48	-17.70	22.33	-4.26	2.02
2008-01-14T18:54:10	4174.84	-2394.52	-18.33	23.82	-4.47	2.07
2008-01-14T18:54:12	4169.56	-2382.56	-18.97	25.21	-4.80	2.06
2008-01-14T18:54:14	4164.29	-2370.60	-19.60	26.53	-5.27	1.99
2008-01-14T18:54:16	4159.01	-2358.64	-20.24	27.78	-5.89	1.86
2008-01-14T18:54:18	4153.72	-2346.67	-20.87	28.92	-6.62	1.62
2008-01-14T18:54:20	4148.43	-2334.70	-21.51	29.64	-7.05	0.85
2008-01-14T18:54:22	4143.14	-2322.73	-22.14	30.39	-7.41	-0.02
2008-01-14T18:54:24	4137.85	-2310.76	-22.77	31.18	-7.70	-0.99
2008-01-14T18:54:26	4132.55	-2298.79	-23.41	32.14	-7.85	-2.06
2008-01-14T18:54:28	4127.25	-2286.81	-24.05	33.84	-7.79	-3.00
2008-01-14T18:54:30	4121.95	-2274.83	-24.68	36.19	-7.58	-3.46
2008-01-14T18:54:32	4116.64	-2262.85	-25.32	38.39	-7.38	-3.79
2008-01-14T18:54:34	4111.33	-2250.87	-25.95	40.45	-7.19	-3.97
2008-01-14T18:54:36	4106.01	-2238.89	-26.58	42.36	-7.03	-4.00
2008-01-14T18:54:38	4100.70	-2226.91	-27.22	44.01	-6.97	-4.11
2008-01-14T18:54:40	4095.37	-2214.92	-27.86	45.43	-6.98	-4.36
2008-01-14T18:54:42	4090.05	-2202.93	-28.49	46.73	-7.02	-4.57
2008-01-14T18:54:44	4084.72	-2190.94	-29.12	47.90	-7.07	-4.73
2008-01-14T18:54:46	4079.39	-2178.94	-29.76	48.95	-7.13	-4.85
2008-01-14T18:54:48	4074.05	-2166.95	-30.39	50.13	-7.55	-4.49
2008-01-14T18:54:50	4068.71	-2154.95	-31.03	51.51	-8.00	-4.05
2008-01-14T18:54:52	4063.37	-2142.95	-31.66	52.90	-8.36	-3.67
2008-01-14T18:54:54	4058.03	-2130.95	-32.30	54.32	-8.61	-3.38
2008-01-14T18:54:56	4052.67	-2118.95	-32.93	55.76	-8.77	-3.16
2008-01-14T18:54:58	4047.32	-2106.94	-33.56	57.17	-8.76	-3.23
2008-01-14T18:55:00	4041.96	-2094.94	-34.20	58.52	-8.85	-3.36
2008-01-14T18:55:02	4036.60	-2082.93	-34.83	59.83	-9.05	-3.54
2008-01-14T18:55:04	4031.24	-2070.92	-35.47	61.09	-9.35	-3.79
2008-01-14T18:55:06	4025.87	-2058.90	-36.10	62.29	-9.73	-4.13
2008-01-14T18:55:08	4020.49	-2046.89	-36.74	63.35	-10.04	-4.60
2008-01-14T18:55:10	4015.12	-2034.87	-37.37	64.19	-10.41	-4.94
2008-01-14T18:55:12	4009.74	-2022.85	-38.01	65.11	-10.78	-5.20
2008-01-14T18:55:14	4004.35	-2010.83	-38.64	66.12	-11.14	-5.39
2008-01-14T18:55:16	3998.96	-1998.81	-39.27	67.36	-11.33	-5.72
2008-01-14T18:55:18	3993.57	-1986.78	-39.91	68.76	-11.31	-6.31
2008-01-14T18:55:20	3988.18	-1974.76	-40.54	70.20	-11.24	-6.96
2008-01-14T18:55:22	3982.78	-1962.73	-41.18	71.65	-11.12	-7.67
2008-01-14T18:55:24	3977.37	-1950.70	-41.81	73.12	-10.95	-8.44
2008-01-14T18:55:26	3971.97	-1938.67	-42.44	73.95	-10.80	-8.20
2008-01-14T18:55:28	3966.55	-1926.63	-43.08	74.53	-10.65	-7.52
2008-01-14T18:55:30	3961.14	-1914.59	-43.71	75.06	-10.45	-6.75
2008-01-14T18:55:32	3955.72	-1902.55	-44.34	75.42	-10.19	-5.98
2008-01-14T18:55:34	3950.29	-1890.51	-44.98	75.72	-9.88	-5.33
2008-01-14T18:55:36	3944.87	-1878.47	-45.61	76.34	-9.98	-5.03
2008-01-14T18:55:38	3939.43	-1866.43	-46.25	76.96	-10.12	-4.67
2008-01-14T18:55:40	3934.00	-1854.38	-46.88	77.57	-10.29	-4.24
2008-01-14T18:55:42	3928.56	-1842.33	-47.51	78.17	-10.47	-3.72
2008-01-14T18:55:44	3923.11	-1830.28	-48.15	78.67	-10.54	-3.25
2008-01-14T18:55:46	3917.66	-1818.23	-48.78	78.92	-10.19	-3.28
2008-01-14T18:55:48	3912.21	-1806.17	-49.41	79.19	-9.79	-3.38
2008-01-14T18:55:50	3906.75	-1794.11	-50.05	79.48	-9.36	-3.53
2008-01-14T18:55:52	3901.29	-1782.06	-50.68	79.78	-8.98	-3.83
2008-01-14T18:55:54	3895.82	-1770.00	-51.31	79.73	-8.74	-3.86
2008-01-14T18:55:56	3890.35	-1757.93	-51.95	79.35	-8.52	-3.55
2008-01-14T18:55:58	3884.88	-1745.87	-52.58	79.01	-8.27	-3.23
2008-01-14T18:56:00	3879.40	-1733.80	-53.21	78.71	-7.97	-2.92
2008-01-14T18:56:02	3873.91	-1721.73	-53.85	78.44	-7.63	-2.60
2008-01-14T18:56:04	3868.43	-1709.66	-54.48	78.38	-7.44	-2.35
2008-01-14T18:56:06	3862.94	-1697.59	-55.11	78.29	-7.31	-2.08
2008-01-14T18:56:08	3857.44	-1685.51	-55.74	78.11	-7.16	-1.75
2008-01-14T18:56:10	3851.94	-1673.43	-56.38	77.83	-6.99	-1.36
2008-01-14T18:56:12	3846.43	-1661.36	-57.01	77.48	-6.87	-0.98
2008-01-14T18:56:14	3840.92	-1649.28	-57.64	77.35	-7.06	-1.19
2008-01-14T18:56:16	3835.41	-1637.19	-58.27	77.29	-7.22	-1.36
2008-01-14T18:56:18	3829.89	-1625.11	-58.91	77.30	-7.36	-1.48
2008-01-14T18:56:20	3824.36	-1613.02	-59.54	77.40	-7.47	-1.55
2008-01-14T18:56:22	3818.83	-1600.93	-60.17	77.50	-7.49	-1.54
2008-01-14T18:56:24	3813.30	-1588.84	-60.80	77.39	-7.38	-1.43
2008-01-14T18:56:26	3807.76	-1576.75	-61.44	77.29	-7.24	-1.25
2008-01-14T18:56:28	3802.22	-1564.65	-62.07	77.19	-7.08	-1.00
2008-01-14T18:56:30	3796.67	-1552.55	-62.70	77.09	-6.91	-0.69
2008-01-14T18:56:32	3791.12	-1540.45	-63.33	77.09	-6.61	-0.17
2008-01-14T18:56:34	3785.56	-1528.36	-63.96	77.00	-6.30	0.33
2008-01-14T18:56:36	3780.00	-1516.25	-64.60	76.91	-5.99	0.82
2008-01-14T18:56:38	3774.43	-1504.15	-65.23	76.81	-5.69	1.32
2008-01-14T18:56:40	3768.86	-1492.04	-65.86	76.71	-5.39	1.82
2008-01-14T18:56:42	3763.28	-1479.93	-66.49	76.94	-5.27	2.23
2008-01-14T18:56:44	3757.70	-1467.82	-67.12	77.21	-5.16	2.64
2008-01-14T18:56:46	3752.11	-1455.71	-67.75	77.45	-5.00	3.08
2008-01-14T18:56:48	3746.52	-1443.59	-68.38	77.66	-4.79	3.54
2008-01-14T18:56:50	3740.92	-1431.47	-69.02	77.80	-4.57	3.96
2008-01-14T18:56:52	3735.32	-1419.36	-69.65	77.66	-4.55	3.77
2008-01-14T18:56:54	3729.71	-1407.24	-70.28	77.65	-4.61	3.58
2008-01-14T18:56:56	3724.10	-1395.11	-70.91	77.71	-4.70	3.43
2008-01-14T18:56:58	3718.48	-1382.99	-71.54	77.78	-4.79	3.33
2008-01-14T18:57:00	3712.86	-1370.86	-72.17	77.71	-4.88	3.27
2008-01-14T18:57:02	3707.23	-1358.73	-72.80	77.38	-4.99	3.25
2008-01-14T18:57:04	3701.60	-1346.60	-73.43	77.03	-5.11	3.25
2008-01-14T18:57:06	3695.96	-1334.47	-74.06	76.68	-5.21	3.28
2008-01-14T18:57:08	3690.31	-1322.33	-74.69	76.32	-5.32	3.33
2008-01-14T18:57:10	3684.67	-1310.20	-75.32	76.20	-5.29	3.71
2008-01-14T18:57:12	3679.01	-1298.06	-75.95	76.22	-5.17	4.23
2008-01-14T18:57:14	3673.35	-1285.92	-76.58	76.24	-5.07	4.76
2008-01-14T18:57:16	3667.69	-1273.78	-77.21	76.26	-4.99	5.29
2008-01-14T18:57:18	3662.02	-1261.63	-77.84	76.29	-4.93	5.81
2008-01-14T18:57:20	3656.34	-1249.48	-78.47	76.25	-5.06	6.32
2008-01-14T18:57:22	3650.66	-1237.34	-79.10	76.20	-5.17	6.82
2008-01-14T18:57:24	3644.97	-1225.19	-79.73	76.15	-5.26	7.30
2008-01-14T18:57:26	3639.27	-1213.03	-80.36	76.10	-5.32	7.77
2008-01-14T18:57:28	3633.58	-1200.88	-80.99	76.08	-5.33	8.20
2008-01-14T18:57:30	3627.87	-1188.72	-81.62	76.16	-5.26	8.56
2008-01-14T18:57:32	3622.16	-1176.56	-82.25	76.24	-5.18	8.93
2008-01-14T18:57:34	3616.45	-1164.40	-82.87	76.33	-5.11	9.30
2008-01-14T18:57:36	3610.72	-1152.24	-83.50	76.41	-5.04	9.66
2008-01-14T18:57:38	3605.00	-1140.08	-84.13	76.50	-5.00	9.98
2008-01-14T18:57:40	3599.26	-1127.91	-84.76	76.61	-4.99	10.28
2008-01-14T18:57:42	3593.52	-1115.75	-85.39	76.72	-4.97	10.59
2008-01-14T18:57:44	3587.78	-1103.58	-86.01	76.83	-4.96	10.91
2008-01-14T18:57:46	3582.03	-1091.40	-86.64	76.94	-4.96	11.23
2008-01-14T18:57:48	3576.27	-1079.23	-87.27	77.00	-4.96	11.57
2008-01-14T18:57:50	3570.51	-1067.06	-87.90	77.07	-4.96	11.92
2008-01-14T18:57:52	3564.74	-1054.88	-88.53	77.14	-4.96	12.28
2008-01-14T18:57:54	3558.96	-1042.70	-89.15	77.22	-4.94	12.65
2008-01-14T18:57:56	3553.18	-1030.52	-89.78	77.28	-4.89	13.03
2008-01-14T18:57:58	3547.40	-1018.34	-90.41	77.30	-4.82	13.41
2008-01-14T18:58:00	3541.60	-1006.16	-91.03	77.32	-4.75	13.80
2008-01-14T18:58:02	3535.80	-993.97	-91.66	77.35	-4.69	14.19
2008-01-14T18:58:04	3530.00	-981.78	-92.29	77.39	-4.63	14.59
2008-01-14T18:58:06	3524.18	-969.59	-92.91	77.45	-4.58	15.00
2008-01-14T18:58:08	3518.37	-957.40	-93.54	77.52	-4.54	15.41
2008-01-14T18:58:10	3512.54	-945.21	-94.16	77.59	-4.51	15.83
2008-01-14T18:58:12	3506.71	-933.01	-94.79	77.67	-4.47	16.24
2008-01-14T18:58:14	3500.87	-920.82	-95.42	77.72	-4.44	16.69
2008-01-14T18:58:16	3495.03	-908.62	-96.04	77.75	-4.42	17.15
2008-01-14T18:58:18	3489.18	-896.42	-96.67	77.77	-4.39	17.62
2008-01-14T18:58:20	3483.32	-884.22	-97.29	77.80	-4.37	18.09
2008-01-14T18:58:22	3477.46	-872.02	-97.92	77.83	-4.35	18.56
2008-01-14T18:58:24	3471.59	-859.81	-98.54	77.88	-4.33	19.03
2008-01-14T18:58:26	3465.71	-847.60	-99.17	77.94	-4.34	19.47
2008-01-14T18:58:28	3459.83	-835.39	-99.79	78.02	-4.34	19.90
2008-01-14T18:58:30	3453.94	-823.19	-100.42	78.10	-4.34	20.33
2008-01-14T18:58:32	3448.04	-810.98	-101.04	78.19	-4.32	20.76
2008-01-14T18:58:34	3442.14	-798.76	-101.66	78.23	-4.35	21.24
2008-01-14T18:58:36	3436.23	-786.55	-102.28	78.27	-4.40	21.72
2008-01-14T18:58:38	3430.31	-774.33	-102.91	78.31	-4.45	22.21
2008-01-14T18:58:40	3424.38	-762.11	-103.53	78.38	-4.49	22.70
2008-01-14T18:58:42	3418.45	-749.89	-104.15	78.45	-4.54	23.19
2008-01-14T18:58:44	3412.52	-737.67	-104.78	78.51	-4.56	23.63
2008-01-14T18:58:46	3406.57	-725.45	-105.40	78.56	-4.57	24.04
2008-01-14T18:58:48	3400.62	-713.22	-106.02	78.62	-4.56	24.44
2008-01-14T18:58:50	3394.66	-701.00	-106.65	78.70	-4.55	24.83
2008-01-14T18:58:52	3388.69	-688.77	-107.26	78.78	-4.55	25.23
2008-01-14T18:58:54	3382.72	-676.54	-107.89	78.81	-4.59	25.66
2008-01-14T18:58:56	3376.74	-664.31	-108.51	78.87	-4.62	26.10
2008-01-14T18:58:58	3370.75	-652.08	-109.13	78.95	-4.64	26.54
2008-01-14T18:59:00	3364.75	-639.85	-109.75	79.05	-4.65	26.99
2008-01-14T18:59:02	3358.75	-627.61	-110.37	79.17	-4.66	27.43
2008-01-14T18:59:04	3352.74	-615.38	-110.99	79.26	-4.66	27.86
2008-01-14T18:59:06	3346.72	-603.14	-111.61	79.37	-4.66	28.28
2008-01-14T18:59:08	3340.70	-590.90	-112.23	79.48	-4.65	28.69
2008-01-14T18:59:10	3334.67	-578.66	-112.85	79.59	-4.63	29.09
2008-01-14T18:59:12	3328.63	-566.42	-113.47	79.64	-4.62	29.55
2008-01-14T18:59:14	3322.58	-554.18	-114.09	79.68	-4.61	30.02
2008-01-14T18:59:16	3316.52	-541.94	-114.71	79.75	-4.59	30.49
2008-01-14T18:59:18	3310.46	-529.69	-115.33	79.84	-4.56	30.95
2008-01-14T18:59:20	3304.39	-517.44	-115.95	79.96	-4.52	31.41
2008-01-14T18:59:22	3298.31	-505.19	-116.56	80.04	-4.53	31.84
2008-01-14T18:59:24	3292.23	-492.95	-117.18	80.09	-4.55	32.26
2008-01-14T18:59:26	3286.13	-480.70	-117.80	80.12	-4.59	32.65
2008-01-14T18:59:28	3280.03	-468.45	-118.42	80.12	-4.63	33.03
2008-01-14T18:59:30	3273.92	-456.19	-119.03	80.14	-4.65	33.43
2008-01-14T18:59:32	3267.80	-443.94	-119.65	80.25	-4.63	33.88
2008-01-14T18:59:34	3261.68	-431.68	-120.27	80.37	-4.61	34.33
2008-01-14T18:59:36	3255.55	-419.43	-120.88	80.51	-4.57	34.78
2008-01-14T18:59:38	3249.41	-407.17	-121.50	80.67	-4.53	35.23
2008-01-14T18:59:40	3243.26	-394.91	-122.11	80.80	-4.49	35.64
2008-01-14T18:59:42	3237.10	-382.65	-122.73	80.91	-4.43	36.01
2008-01-14T18:59:44	3230.93	-370.39	-123.34	81.03	-4.36	36.38
2008-01-14T18:59:46	3224.76	-358.13	-123.96	81.14	-4.26	36.74
2008-01-14T18:59:48	3218.58	-345.87	-124.57	81.24	-4.15	37.09
2008-01-14T18:59:50	3212.39	-333.61	-125.19	81.19	-4.14	37.47
2008-01-14T18:59:52	3206.19	-321.35	-125.80	81.16	-4.12	37.84
2008-01-14T18:59:54	3199.98	-309.08	-126.41	81.15	-4.08	38.22
2008-01-14T18:59:56	3193.76	-296.81	-127.03	81.15	-4.02	38.59
2008-01-14T18:59:58	3187.54	-284.55	-127.64	81.18	-3.96	38.96
2008-01-14T19:00:00	3181.31	-272.28	-128.25	81.25	-3.88	39.31
2008-01-14T19:00:02	3175.07	-260.01	-128.86	81.34	-3.79	39.66
2008-01-14T19:00:04	3168.82	-247.75	-129.47	81.45	-3.68	40.00
2008-01-14T19:00:06	3162.56	-235.48	-130.09	81.60	-3.55	40.34
2008-01-14T19:00:08	3156.29	-223.21	-130.70	81.76	-3.35	40.68
2008-01-14T19:00:10	3150.02	-210.94	-131.31	81.92	-3.10	41.04
2008-01-14T19:00:12	3143.73	-198.66	-131.92	82.07	-2.82	41.41
2008-01-14T19:00:14	3137.44	-186.39	-132.53	82.22	-2.53	41.79
2008-01-14T19:00:16	3131.13	-174.12	-133.14	82.37	-2.21	42.19
2008-01-14T19:00:18	3124.83	-161.85	-133.74	82.46	-1.88	42.66
2008-01-14T19:00:20	3118.51	-149.57	-134.35	82.55	-1.55	43.15
2008-01-14T19:00:22	3112.18	-137.30	-134.96	82.64	-1.22	43.66
2008-01-14T19:00:24	3105.84	-125.03	-135.57	82.74	-0.89	44.18
2008-01-14T19:00:26	3099.49	-112.75	-136.17	83.00	-0.59	44.78
2008-01-14T19:00:28	3093.14	-100.48	-136.78	83.28	-0.30	45.36
2008-01-14T19:00:30	3086.77	-88.20	-137.39	83.54	-0.02	45.92
2008-01-14T19:00:32	3080.40	-75.93	-137.99	83.78	0.26	46.47
2008-01-14T19:00:34	3074.01	-63.65	-138.60	84.00	0.54	47.02
2008-01-14T19:00:36	3067.62	-51.37	-139.21	84.24	0.86	47.67
2008-01-14T19:00:38	3061.22	-39.10	-139.81	84.50	1.22	48.38
2008-01-14T19:00:40	3054.81	-26.82	-140.42	84.77	1.61	49.10
2008-01-14T19:00:42	3048.39	-14.54	-141.02	85.05	2.02	49.82
2008-01-14T19:00:44	3041.96	-2.27	-141.62	85.31	2.41	50.54
2008-01-14T19:00:46	3035.52	10.01	-142.23	85.42	2.61	51.10
2008-01-14T19:00:48	3029.07	22.28	-142.83	85.47	2.78	51.63
2008-01-14T19:00:50	3022.61	34.56	-143.43	85.47	2.94	52.14
2008-01-14T19:00:52	3016.14	46.84	-144.03	85.41	3.07	52.62
2008-01-14T19:00:54	3009.66	59.11	-144.63	85.38	3.20	53.11
2008-01-14T19:00:56	3003.18	71.39	-145.24	85.48	3.36	53.65
2008-01-14T19:00:58	2996.68	83.67	-145.84	85.62	3.53	54.23
2008-01-14T19:01:00	2990.17	95.94	-146.44	85.81	3.71	54.84
2008-01-14T19:01:02	2983.66	108.22	-147.03	86.36	3.95	55.43
2008-01-14T19:01:04	2977.13	120.49	-147.63	86.74	4.23	55.89
2008-01-14T19:01:06	2970.60	132.77	-148.23	86.99	4.52	56.36
2008-01-14T19:01:08	2964.05	145.04	-148.83	87.17	4.82	56.88
2008-01-14T19:01:10	2957.49	157.31	-149.43	87.27	5.13	57.44
2008-01-14T19:01:12	2950.93	169.59	-150.03	87.32	5.44	58.04
2008-01-14T19:01:14	2944.35	181.86	-150.62	87.64	5.64	58.61
2008-01-14T19:01:16	2937.76	194.13	-151.22	88.00	5.80	59.18
2008-01-14T19:01:18	2931.17	206.40	-151.81	88.38	5.93	59.79
2008-01-14T19:01:20	2924.56	218.67	-152.41	88.71	6.15	60.46
2008-01-14T19:01:22	2917.95	230.94	-153.00	88.88	6.43	60.98
2008-01-14T19:01:24	2911.32	243.21	-153.60	88.89	6.71	61.27
2008-01-14T19:01:26	2904.68	255.48	-154.19	88.94	7.00	61.57
2008-01-14T19:01:28	2898.04	267.75	-154.78	89.02	7.30	61.89
2008-01-14T19:01:30	2891.38	280.02	-155.37	89.13	7.61	62.21
2008-01-14T19:01:32	2884.71	292.28	-155.96	89.44	7.94	62.83
2008-01-14T19:01:34	2878.04	304.55	-156.56	89.82	8.24	63.52
2008-01-14T19:01:36	2871.35	316.81	-157.15	90.13	8.55	64.24
2008-01-14T19:01:38	2864.65	329.07	-157.74	90.41	8.74	65.11
2008-01-14T19:01:40	2857.94	341.33	-158.33	90.69	8.82	66.09
2008-01-14T19:01:42	2851.22	353.59	-158.91	91.03	9.19	66.85
2008-01-14T19:01:44	2844.49	365.85	-159.50	91.49	9.56	67.42
2008-01-14T19:01:46	2837.75	378.11	-160.09	92.07	9.95	67.78
2008-01-14T19:01:48	2831.00	390.37	-160.68	92.78	10.35	67.93
2008-01-14T19:01:50	2824.24	402.62	-161.26	93.28	10.77	68.05
2008-01-14T19:01:52	2817.47	414.87	-161.85	93.29	11.23	68.37
2008-01-14T19:01:54	2810.68	427.12	-162.44	93.30	11.67	68.83
2008-01-14T19:01:56	2803.89	439.37	-163.02	93.44	12.11	69.25
2008-01-14T19:01:58	2797.08	451.62	-163.60	93.73	12.57	69.64
2008-01-14T19:02:00	2790.27	463.87	-164.19	94.39	12.68	70.25
2008-01-14T19:02:02	2783.44	476.11	-164.77	95.18	12.78	70.98
2008-01-14T19:02:04	2776.61	488.36	-165.35	96.01	13.01	71.75
2008-01-14T19:02:06	2769.76	500.60	-165.93	96.90	13.35	72.58
2008-01-14T19:02:08	2762.90	512.84	-166.51	97.82	13.78	73.39
2008-01-14T19:02:10	2756.03	525.07	-167.09	97.64	14.10	73.42
2008-01-14T19:02:12	2749.15	537.31	-167.67	97.37	14.39	73.52
2008-01-14T19:02:14	2742.26	549.54	-168.25	97.23	14.64	73.80
2008-01-14T19:02:16	2735.36	561.77	-168.83	97.24	14.84	74.23
2008-01-14T19:02:18	2728.45	574.00	-169.41	97.24	15.11	74.78
2008-01-14T19:02:20	2721.52	586.23	-169.99	97.13	15.46	75.24
2008-01-14T19:02:22	2714.59	598.45	-170.56	97.15	15.74	75.63
2008-01-14T19:02:24	2707.64	610.67	-171.13	97.31	15.96	75.95
2008-01-14T19:02:26	2700.69	622.89	-171.71	97.57	16.13	76.08
2008-01-14T19:02:28	2693.72	635.11	-172.28	97.78	16.60	76.17
2008-01-14T19:02:30	2686.74	647.32	-172.86	98.01	17.12	76.31
2008-01-14T19:02:32	2679.75	659.53	-173.43	98.31	17.57	76.49
2008-01-14T19:02:34	2672.75	671.74	-174.00	98.70	17.94	76.71
2008-01-14T19:02:36	2665.74	683.95	-174.57	99.12	18.25	76.94
2008-01-14T19:02:38	2658.71	696.15	-175.14	98.37	18.80	76.88
2008-01-14T19:02:40	2651.68	708.35	-175.71	97.34	19.42	76.68
2008-01-14T19:02:42	2644.63	720.55	-176.28	96.20	20.06	76.43
2008-01-14T19:02:44	2637.58	732.74	-176.85	95.44	20.54	76.30
2008-01-14T19:02:46	2630.51	744.93	-177.41	95.31	20.82	76.48
2008-01-14T19:02:48	2623.43	757.12	-177.98	95.79	20.95	77.15
2008-01-14T19:02:50	2616.34	769.31	-178.55	96.11	21.08	77.80
2008-01-14T19:02:52	2609.24	781.49	-179.11	96.27	21.22	78.42
2008-01-14T19:02:54	2602.12	793.66	-179.68	96.28	21.36	79.02
2008-01-14T19:02:56	2595.00	805.84	-180.24	96.22	21.49	79.51
2008-01-14T19:02:58	2587.86	818.01	-180.80	96.03	21.59	80.13
2008-01-14T19:03:00	2580.71	830.18	-181.37	95.71	21.65	80.84
2008-01-14T19:03:02	2573.56	842.34	-181.93	95.40	21.70	81.39
2008-01-14T19:03:04	2566.39	854.50	-182.49	95.11	21.73	81.77
2008-01-14T19:03:06	2559.21	866.65	-183.05	94.65	21.16	81.46
2008-01-14T19:03:08	2552.02	878.81	-183.61	94.20	20.57	81.05
2008-01-14T19:03:10	2544.81	890.96	-184.16	93.76	20.00	80.57
2008-01-14T19:03:12	2537.60	903.10	-184.72	93.31	19.43	80.01
2008-01-14T19:03:14	2530.37	915.24	-185.28	92.95	19.36	79.62
2008-01-14T19:03:16	2523.13	927.38	-185.83	92.86	20.30	79.76
2008-01-14T19:03:18	2515.88	939.51	-186.38	92.80	21.05	79.96
2008-01-14T19:03:20	2508.62	951.64	-186.94	92.78	21.61	80.22
2008-01-14T19:03:22	2501.35	963.76	-187.49	92.79	21.98	80.54
2008-01-14T19:03:24	2494.07	975.88	-188.04	92.40	22.10	80.76
2008-01-14T19:03:26	2486.77	988.00	-188.59	91.77	22.04	80.65
2008-01-14T19:03:28	2479.47	1000.11	-189.14	91.32	21.91	80.24
2008-01-14T19:03:30	2472.15	1012.21	-189.70	90.96	21.99	79.70
2008-01-14T19:03:32	2464.83	1024.31	-190.24	90.55	22.33	79.34
2008-01-14T19:03:34	2457.49	1036.41	-190.79	90.21	23.46	79.97
2008-01-14T19:03:36	2450.14	1048.50	-191.34	90.01	24.74	80.85
2008-01-14T19:03:38	2442.77	1060.59	-191.88	89.91	25.99	81.82
2008-01-14T19:03:40	2435.40	1072.67	-192.43	89.95	27.20	82.85
2008-01-14T19:03:42	2428.02	1084.75	-192.97	90.11	28.27	83.86
2008-01-14T19:03:44	2420.62	1096.82	-193.52	90.28	28.32	83.85
2008-01-14T19:03:46	2413.22	1108.89	-194.06	90.19	28.55	83.94
2008-01-14T19:03:48	2405.80	1120.95	-194.60	89.97	28.97	84.31
2008-01-14T19:03:50	2398.37	1133.01	-195.14	89.69	29.49	84.94
2008-01-14T19:03:52	2390.93	1145.06	-195.68	89.41	30.33	85.76
2008-01-14T19:03:54	2383.47	1157.11	-196.22	89.12	31.37	86.31
2008-01-14T19:03:56	2376.01	1169.15	-196.76	88.75	32.07	86.53
2008-01-14T19:03:58	2368.54	1181.18	-197.29	88.29	32.45	86.44
2008-01-14T19:04:00	2361.05	1193.21	-197.83	87.74	32.53	86.04
2008-01-14T19:04:02	2353.56	1205.24	-198.36	87.90	33.20	86.43
2008-01-14T19:04:04	2346.05	1217.26	-198.90	87.96	33.91	87.24
2008-01-14T19:04:06	2338.54	1229.27	-199.43	87.83	34.66	88.03
2008-01-14T19:04:08	2331.00	1241.28	-199.96	87.52	35.44	88.82
2008-01-14T19:04:10	2323.46	1253.28	-200.49	87.02	36.25	89.57
2008-01-14T19:04:12	2315.91	1265.27	-201.02	87.23	37.22	90.38
2008-01-14T19:04:14	2308.35	1277.26	-201.55	87.63	38.34	91.22
2008-01-14T19:04:16	2300.78	1289.24	-202.08	88.08	39.47	91.89
2008-01-14T19:04:18	2293.19	1301.22	-202.61	88.38	40.61	92.38
2008-01-14T19:04:20	2285.60	1313.19	-203.13	88.41	41.80	92.87
2008-01-14T19:04:22	2277.99	1325.16	-203.66	87.62	41.97	92.39
2008-01-14T19:04:24	2270.38	1337.12	-204.18	86.53	42.16	91.98
2008-01-14T19:04:26	2262.75	1349.07	-204.71	85.13	42.37	91.62
2008-01-14T19:04:28	2255.11	1361.01	-205.23	83.41	42.58	91.30
2008-01-14T19:04:30	2247.46	1372.95	-205.75	81.97	42.86	91.16
2008-01-14T19:04:32	2239.80	1384.89	-206.27	83.06	42.75	91.49
2008-01-14T19:04:34	2232.13	1396.81	-206.79	83.81	42.88	91.84
2008-01-14T19:04:36	2224.45	1408.73	-207.31	84.13	43.33	92.24
2008-01-14T19:04:38	2216.76	1420.64	-207.83	84.05	44.09	92.68
2008-01-14T19:04:40	2209.06	1432.55	-208.34	83.70	45.07	93.21
2008-01-14T19:04:42	2201.35	1444.45	-208.86	83.65	46.03	93.91
2008-01-14T19:04:44	2193.62	1456.34	-209.37	83.97	47.04	94.79
2008-01-14T19:04:46	2185.89	1468.23	-209.89	84.58	47.85	95.66
2008-01-14T19:04:48	2178.14	1480.10	-210.40	84.91	48.32	96.06
2008-01-14T19:04:50	2170.39	1491.98	-210.91	84.58	48.40	96.36
2008-01-14T19:04:52	2162.63	1503.84	-211.42	84.01	48.48	96.85
2008-01-14T19:04:54	2154.85	1515.70	-211.93	83.42	48.71	97.43
2008-01-14T19:04:56	2147.07	1527.55	-212.44	82.82	49.11	98.13
2008-01-14T19:04:58	2139.27	1539.39	-212.95	82.22	49.67	98.94
2008-01-14T19:05:00	2131.47	1551.23	-213.46	81.54	49.66	97.92
2008-01-14T19:05:02	2123.65	1563.05	-213.96	81.10	49.38	96.50
2008-01-14T19:05:04	2115.82	1574.87	-214.46	80.60	49.21	95.31
2008-01-14T19:05:06	2107.99	1586.69	-214.97	80.06	49.18	94.37
2008-01-14T19:05:08	2100.14	1598.49	-215.47	79.48	49.30	93.71
2008-01-14T19:05:10	2092.29	1610.29	-215.97	78.99	50.65	94.44
2008-01-14T19:05:12	2084.42	1622.08	-216.47	78.56	51.98	95.08
2008-01-14T19:05:14	2076.55	1633.86	-216.97	78.20	53.30	95.63
2008-01-14T19:05:16	2068.66	1645.64	-217.47	77.58	54.20	95.86
2008-01-14T19:05:18	2060.77	1657.40	-217.97	76.87	54.66	95.62
2008-01-14T19:05:20	2052.86	1669.16	-218.46	76.41	53.95	94.91
2008-01-14T19:05:22	2044.95	1680.92	-218.96	75.94	53.37	94.38
2008-01-14T19:05:24	2037.03	1692.66	-219.45	75.44	52.90	94.03
2008-01-14T19:05:26	2029.09	1704.40	-219.95	74.93	52.55	93.88
2008-01-14T19:05:28	2021.15	1716.13	-220.44	74.34	52.64	94.20
2008-01-14T19:05:30	2013.20	1727.84	-220.93	73.69	53.72	95.28
2008-01-14T19:05:32	2005.24	1739.55	-221.42	73.19	54.86	96.23
2008-01-14T19:05:34	1997.27	1751.26	-221.91	72.82	55.97	96.94
2008-01-14T19:05:36	1989.29	1762.95	-222.40	72.56	57.04	97.42
2008-01-14T19:05:38	1981.30	1774.64	-222.88	72.19	57.53	97.30
2008-01-14T19:05:40	1973.30	1786.32	-223.37	71.45	57.07	96.65
2008-01-14T19:05:42	1965.29	1797.99	-223.86	70.68	56.39	96.12
2008-01-14T19:05:44	1957.28	1809.66	-224.34	70.04	55.80	95.88
2008-01-14T19:05:46	1949.25	1821.31	-224.82	69.64	55.85	95.97
2008-01-14T19:05:48	1941.22	1832.96	-225.30	69.33	56.61	96.41
2008-01-14T19:05:50	1933.17	1844.59	-225.78	68.96	57.42	96.74
2008-01-14T19:05:52	1925.12	1856.23	-226.26	68.44	57.84	96.58
2008-01-14T19:05:54	1917.06	1867.84	-226.74	67.77	57.84	95.90
2008-01-14T19:05:56	1908.99	1879.46	-227.22	66.94	57.42	94.70
2008-01-14T19:05:58	1900.92	1891.06	-227.70	66.29	57.31	94.40
2008-01-14T19:06:00	1892.83	1902.66	-228.17	65.87	57.78	95.43
2008-01-14T19:06:02	1884.73	1914.24	-228.65	65.32	58.29	96.43
2008-01-14T19:06:04	1876.63	1925.82	-229.12	64.64	58.85	97.38
2008-01-14T19:06:06	1868.52	1937.39	-229.59	63.83	59.45	98.27
2008-01-14T19:06:08	1860.40	1948.95	-230.07	63.49	59.61	98.29
2008-01-14T19:06:10	1852.27	1960.51	-230.54	63.28	59.53	97.67
2008-01-14T19:06:12	1844.13	1972.05	-231.00	63.09	59.44	96.81
2008-01-14T19:06:14	1835.99	1983.58	-231.47	63.38	59.32	95.93
2008-01-14T19:06:16	1827.84	1995.11	-231.94	63.77	59.21	95.28
2008-01-14T19:06:18	1819.68	2006.63	-232.41	63.93	59.14	95.20
2008-01-14T19:06:20	1811.51	2018.14	-232.87	63.69	59.10	95.07
2008-01-14T19:06:22	1803.33	2029.64	-233.34	63.11	59.10	94.66
2008-01-14T19:06:24	1795.15	2041.13	-233.80	62.22	59.12	93.96
2008-01-14T19:06:26	1786.96	2052.61	-234.26	61.04	59.07	93.26
2008-01-14T19:06:28	1778.76	2064.08	-234.72	60.35	59.33	93.99
2008-01-14T19:06:30	1770.55	2075.55	-235.18	59.93	59.79	94.75
2008-01-14T19:06:32	1762.33	2087.01	-235.64	59.61	60.28	95.20
2008-01-14T19:06:34	1754.11	2098.45	-236.10	59.39	60.78	95.36
2008-01-14T19:06:36	1745.88	2109.89	-236.56	59.27	61.29	95.23
2008-01-14T19:06:38	1737.65	2121.32	-237.01	59.00	60.81	94.69
2008-01-14T19:06:40	1729.40	2132.74	-237.47	58.43	59.81	93.97
2008-01-14T19:06:42	1721.15	2144.15	-237.92	57.68	59.11	93.29
2008-01-14T19:06:44	1712.89	2155.55	-238.38	57.07	58.77	92.73
2008-01-14T19:06:46	1704.63	2166.95	-238.83	56.59	58.78	92.29
2008-01-14T19:06:48	1696.35	2178.33	-239.28	55.85	59.14	92.63
2008-01-14T19:06:50	1688.07	2189.71	-239.73	54.74	59.28	93.20
2008-01-14T19:06:52	1679.79	2201.07	-240.18	53.39	59.12	93.69
2008-01-14T19:06:54	1671.49	2212.43	-240.63	52.01	58.70	94.11
2008-01-14T19:06:56	1663.19	2223.78	-241.08	50.87	58.30	94.24
2008-01-14T19:06:58	1654.88	2235.12	-241.52	50.51	58.20	93.94
2008-01-14T19:07:00	1646.57	2246.45	-241.97	50.42	58.27	93.55
2008-01-14T19:07:02	1638.25	2257.77	-242.41	50.26	58.39	93.14
2008-01-14T19:07:04	1629.92	2269.08	-242.86	50.03	58.57	92.72
2008-01-14T19:07:06	1621.59	2280.38	-243.30	49.74	58.84	92.29
2008-01-14T19:07:08	1613.25	2291.68	-243.74	49.82	59.10	92.11
2008-01-14T19:07:10	1604.91	2302.96	-244.18	50.01	59.37	92.12
2008-01-14T19:07:12	1596.55	2314.24	-244.62	50.02	59.72	92.17
2008-01-14T19:07:14	1588.19	2325.51	-245.06	49.86	60.14	92.27
2008-01-14T19:07:16	1579.83	2336.77	-245.50	49.53	60.63	92.40
2008-01-14T19:07:18	1571.46	2348.01	-245.93	48.79	60.79	92.20
2008-01-14T19:07:20	1563.08	2359.26	-246.37	47.85	60.45	91.77
2008-01-14T19:07:22	1554.70	2370.49	-246.80	47.15	59.68	91.64
2008-01-14T19:07:24	1546.31	2381.71	-247.24	46.46	58.96	91.62
2008-01-14T19:07:26	1537.91	2392.92	-247.67	45.71	58.43	91.63
2008-01-14T19:07:28	1529.51	2404.12	-248.10	44.90	58.20	91.72
2008-01-14T19:07:30	1521.11	2415.32	-248.53	44.13	58.08	91.84
2008-01-14T19:07:32	1512.70	2426.50	-248.96	43.42	57.85	91.86
2008-01-14T19:07:34	1504.28	2437.68	-249.39	42.75	57.52	91.79
2008-01-14T19:07:36	1495.85	2448.85	-249.82	42.26	57.31	91.39
2008-01-14T19:07:38	1487.43	2460.01	-250.25	41.80	57.21	90.75
2008-01-14T19:07:40	1478.99	2471.16	-250.68	41.43	57.04	89.97
2008-01-14T19:07:42	1470.55	2482.30	-251.10	40.98	56.74	89.18
2008-01-14T19:07:44	1462.11	2493.43	-251.52	40.45	56.29	88.39
2008-01-14T19:07:46	1453.66	2504.56	-251.95	39.84	55.70	87.61
2008-01-14T19:07:48	1445.20	2515.67	-252.37	39.33	55.29	87.12
2008-01-14T19:07:50	1436.75	2526.77	-252.79	39.46	56.00	87.95
2008-01-14T19:07:52	1428.28	2537.87	-253.22	39.36	56.58	88.53
2008-01-14T19:07:54	1419.81	2548.96	-253.64	39.04	57.02	88.89
2008-01-14T19:07:56	1411.34	2560.03	-254.06	38.52	57.34	89.01
2008-01-14T19:07:58	1402.86	2571.10	-254.47	37.80	57.50	88.90
2008-01-14T19:08:00	1394.37	2582.16	-254.89	37.16	57.19	88.79
2008-01-14T19:08:02	1385.88	2593.21	-255.31	36.70	56.94	88.69
2008-01-14T19:08:04	1377.39	2604.26	-255.72	36.42	56.64	88.47
2008-01-14T19:08:06	1368.89	2615.29	-256.14	36.00	56.36	88.22
2008-01-14T19:08:08	1360.39	2626.32	-256.55	35.47	56.13	87.95
2008-01-14T19:08:10	1351.88	2637.34	-256.97	35.14	55.91	87.55
2008-01-14T19:08:12	1343.36	2648.34	-257.38	34.96	55.79	87.17
2008-01-14T19:08:14	1334.85	2659.34	-257.79	34.89	55.76	86.84
2008-01-14T19:08:16	1326.33	2670.33	-258.20	34.78	55.82	86.42
2008-01-14T19:08:18	1317.80	2681.31	-258.61	34.55	55.91	85.93
2008-01-14T19:08:20	1309.27	2692.28	-259.02	34.26	55.68	85.45
2008-01-14T19:08:22	1300.74	2703.25	-259.43	33.98	55.18	84.97
2008-01-14T19:08:24	1292.20	2714.20	-259.83	33.71	54.58	84.47
2008-01-14T19:08:26	1283.66	2725.15	-260.24	33.45	53.86	83.95
2008-01-14T19:08:28	1275.11	2736.09	-260.64	33.20	53.03	83.40
2008-01-14T19:08:30	1266.56	2747.02	-261.05	32.82	52.10	83.53
2008-01-14T19:08:32	1258.01	2757.93	-261.45	32.32	51.49	83.85
2008-01-14T19:08:34	1249.45	2768.85	-261.86	31.81	50.96	84.00
2008-01-14T19:08:36	1240.89	2779.75	-262.26	31.28	50.51	83.98
2008-01-14T19:08:38	1232.32	2790.65	-262.66	30.73	50.14	83.78
2008-01-14T19:08:40	1223.75	2801.53	-263.06	30.23	49.88	83.40
2008-01-14T19:08:42	1215.18	2812.41	-263.46	30.11	49.72	82.93
2008-01-14T19:08:44	1206.60	2823.28	-263.86	30.14	49.60	82.42
2008-01-14T19:08:46	1198.02	2834.14	-264.26	30.03	49.47	81.76
2008-01-14T19:08:48	1189.44	2844.99	-264.65	29.79	49.32	80.96
2008-01-14T19:08:50	1180.85	2855.83	-265.05	29.42	49.16	80.03
2008-01-14T19:08:52	1172.26	2866.67	-265.45	29.24	49.01	79.59
2008-01-14T19:08:54	1163.66	2877.50	-265.84	29.08	48.95	79.19
2008-01-14T19:08:56	1155.07	2888.32	-266.24	29.05	48.95	79.13
2008-01-14T19:08:58	1146.43	2899.16	-266.63	28.99	48.86	79.15
2008-01-14T19:09:00	1137.86	2909.93	-267.02	28.83	48.68	79.05
2008-01-14T19:09:02	1129.25	2920.72	-267.41	28.52	48.26	79.15
2008-01-14T19:09:04	1120.64	2931.51	-267.81	28.04	47.74	79.59
2008-01-14T19:09:06	1112.03	2942.28	-268.20	27.42	47.22	80.23
2008-01-14T19:09:08	1103.41	2953.05	-268.59	26.67	46.69	81.09
2008-01-14T19:09:10	1094.79	2963.81	-268.98	25.98	46.07	81.84
2008-01-14T19:09:12	1086.17	2974.57	-269.36	25.47	45.38	82.01
2008-01-14T19:09:14	1077.55	2985.31	-269.75	25.29	44.65	81.53
2008-01-14T19:09:16	1068.92	2996.05	-270.14	25.20	44.06	81.18
2008-01-14T19:09:18	1060.28	3006.78	-270.52	25.23	43.59	80.93
2008-01-14T19:09:20	1051.65	3017.50	-270.91	25.38	43.26	80.81
2008-01-14T19:09:22	1043.01	3028.21	-271.29	25.53	43.11	80.68
2008-01-14T19:09:24	1034.37	3038.92	-271.68	25.20	43.09	80.14
2008-01-14T19:09:26	1025.73	3049.61	-272.06	24.86	43.02	79.70
2008-01-14T19:09:28	1017.09	3060.30	-272.44	24.50	42.88	79.37
2008-01-14T19:09:30	1008.44	3070.98	-272.82	24.12	42.67	79.16
2008-01-14T19:09:32	999.79	3081.65	-273.20	23.72	42.40	79.06
2008-01-14T19:09:34	991.14	3092.32	-273.58	23.50	42.46	78.89
2008-01-14T19:09:36	982.48	3102.97	-273.97	23.63	42.79	78.23
2008-01-14T19:09:38	973.82	3113.62	-274.34	23.79	42.96	77.56
2008-01-14T19:09:40	965.16	3124.26	-274.72	23.88	42.96	77.00
2008-01-14T19:09:42	956.50	3134.90	-275.10	23.89	42.79	76.57
2008-01-14T19:09:44	947.84	3145.52	-275.48	23.73	42.33	76.35
2008-01-14T19:09:46	939.17	3156.14	-275.85	23.35	41.66	76.37
2008-01-14T19:09:48	930.50	3166.75	-276.23	22.94	41.11	76.41
2008-01-14T19:09:50	921.83	3177.36	-276.60	22.09	40.61	76.30
2008-01-14T19:09:52	913.15	3187.95	-276.98	21.21	40.26	76.11
2008-01-14T19:09:54	904.48	3198.54	-277.35	20.32	40.07	75.86
2008-01-14T19:09:56	895.80	3209.12	-277.72	19.94	39.77	75.34
2008-01-14T19:09:58	887.12	3219.69	-278.10	19.55	39.44	74.64
2008-01-14T19:10:00	878.44	3230.25	-278.47	19.08	39.11	73.77
2008-01-14T19:10:02	869.76	3240.81	-278.84	18.96	38.62	73.00
2008-01-14T19:10:04	861.07	3251.36	-279.21	19.05	38.04	72.41
2008-01-14T19:10:06	852.38	3261.91	-279.58	19.06	37.41	72.22
2008-01-14T19:10:08	843.69	3272.44	-279.95	19.10	36.83	72.46
2008-01-14T19:10:10	835.00	3282.97	-280.32	19.10	36.45	72.72
2008-01-14T19:10:12	826.31	3293.49	-280.68	19.04	36.27	73.01
2008-01-14T19:10:14	817.61	3304.00	-281.05	18.93	36.29	73.32
2008-01-14T19:10:16	808.91	3314.51	-281.42	18.83	35.92	73.67
2008-01-14T19:10:18	800.21	3325.01	-281.78	18.97	35.62	73.67
2008-01-14T19:10:20	791.51	3335.50	-282.15	19.14	35.29	73.73
2008-01-14T19:10:22	782.81	3345.98	-282.51	19.33	34.93	73.87
2008-01-14T19:10:24	774.11	3356.46	-282.88	19.54	34.53	74.09
2008-01-14T19:10:26	765.40	3366.93	-283.24	19.78	34.11	74.39
2008-01-14T19:10:28	756.69	3377.39	-283.60	19.84	34.20	74.15
2008-01-14T19:10:30	747.98	3387.85	-283.96	19.70	34.79	73.34
2008-01-14T19:10:32	739.28	3398.30	-284.33	19.52	35.16	72.62
2008-01-14T19:10:34	730.56	3408.74	-284.69	19.28	35.31	71.98
2008-01-14T19:10:36	721.85	3419.17	-285.05	18.99	35.24	71.43
2008-01-14T19:10:38	713.14	3429.60	-285.41	18.68	34.94	70.96
2008-01-14T19:10:40	704.42	3440.02	-285.77	18.61	34.55	70.52
2008-01-14T19:10:42	695.70	3450.44	-286.13	18.65	33.91	70.01
2008-01-14T19:10:44	686.98	3460.84	-286.49	18.67	33.39	69.65
2008-01-14T19:10:46	678.26	3471.24	-286.84	18.63	33.05	69.46
2008-01-14T19:10:48	669.54	3481.64	-287.20	18.54	32.88	69.45
2008-01-14T19:10:50	660.82	3492.03	-287.56	18.61	32.63	69.59
2008-01-14T19:10:52	652.09	3502.41	-287.91	18.88	32.27	69.70
2008-01-14T19:10:54	643.37	3512.78	-288.27	19.16	31.86	69.71
2008-01-14T19:10:56	634.64	3523.15	-288.62	19.13	31.22	69.56
2008-01-14T19:10:58	625.92	3533.50	-288.98	18.89	30.62	69.44
2008-01-14T19:11:00	617.19	3543.86	-289.33	18.42	30.03	69.32
2008-01-14T19:11:02	608.46	3554.20	-289.68	17.78	29.30	69.18
2008-01-14T19:11:04	599.73	3564.54	-290.04	17.30	28.50	69.02
2008-01-14T19:11:06	591.00	3574.88	-290.39	16.98	27.64	68.84
2008-01-14T19:11:08	582.26	3585.20	-290.74	17.24	27.34	69.01
2008-01-14T19:11:10	573.53	3595.53	-291.09	17.68	27.35	69.42
2008-01-14T19:11:12	564.79	3605.84	-291.44	17.82	27.73	69.89
2008-01-14T19:11:14	556.06	3616.15	-291.79	17.67	28.19	70.20
2008-01-14T19:11:16	547.32	3626.45	-292.14	17.44	28.43	70.33
2008-01-14T19:11:18	538.59	3636.74	-292.49	17.14	28.47	70.29
2008-01-14T19:11:20	529.85	3647.03	-292.84	16.76	28.31	70.18
2008-01-14T19:11:22	521.11	3657.31	-293.19	16.49	28.15	70.63
2008-01-14T19:11:24	512.37	3667.59	-293.53	16.88	28.53	71.43
2008-01-14T19:11:26	503.63	3677.86	-293.88	17.31	28.82	71.93
2008-01-14T19:11:28	494.88	3688.12	-294.22	17.80	29.02	72.13
2008-01-14T19:11:30	486.14	3698.38	-294.57	18.34	29.13	72.04
2008-01-14T19:11:32	477.40	3708.63	-294.92	18.92	29.14	71.65
2008-01-14T19:11:34	468.65	3718.87	-295.26	19.02	29.30	71.36
2008-01-14T19:11:36	459.91	3729.11	-295.61	18.78	29.52	71.35
2008-01-14T19:11:38	451.16	3739.35	-295.95	18.65	29.69	71.20
2008-01-14T19:11:40	442.42	3749.57	-296.29	18.61	29.81	70.89
2008-01-14T19:11:42	433.67	3759.79	-296.64	18.67	29.88	70.43
2008-01-14T19:11:44	424.92	3770.01	-296.98	18.83	29.88	69.82
2008-01-14T19:11:46	416.17	3780.21	-297.32	18.28	29.67	69.00
2008-01-14T19:11:48	407.42	3790.42	-297.66	17.19	29.20	68.39
2008-01-14T19:11:50	398.67	3800.61	-298.00	16.29	28.82	67.63
2008-01-14T19:11:52	389.92	3810.80	-298.34	15.58	28.50	66.73
2008-01-14T19:11:54	381.17	3820.99	-298.68	15.05	28.27	65.68
2008-01-14T19:11:56	372.42	3831.17	-299.02	14.71	28.07	64.29
2008-01-14T19:11:58	363.67	3841.34	-299.36	14.40	27.82	62.10
2008-01-14T19:12:00	354.92	3851.51	-299.70	14.26	27.36	59.98
2008-01-14T19:12:02	346.16	3861.67	-300.04	14.17	26.59	57.96
2008-01-14T19:12:04	337.41	3871.82	-300.38	13.98	25.63	55.84
2008-01-14T19:12:06	328.66	3881.97	-300.72	13.67	24.47	53.62
2008-01-14T19:12:08	319.90	3892.12	-301.05	13.20	23.48	52.13
2008-01-14T19:12:10	311.15	3902.26	-301.39	12.66	22.73	51.02
2008-01-14T19:12:12	302.39	3912.39	-301.73	12.10	22.05	49.84
2008-01-14T19:12:14	293.64	3922.52	-302.06	11.64	21.13	49.25
2008-01-14T19:12:16	284.88	3932.64	-302.40	11.22	20.06	48.45
2008-01-14T19:12:18	276.12	3942.75	-302.73	10.84	18.84	47.44
2008-01-14T19:12:20	267.37	3952.87	-303.07	10.35	17.66	46.68
2008-01-14T19:12:22	258.61	3962.97	-303.40	9.69	16.63	45.91
2008-01-14T19:12:24	249.85	3973.07	-303.73	8.87	15.74	45.12
2008-01-14T19:12:26	241.09	3983.16	-304.07	7.95	15.16	43.85
2008-01-14T19:12:28	232.34	3993.25	-304.40	7.13	14.73	41.98
2008-01-14T19:12:30	223.58	4003.33	-304.73	6.39	14.21	39.84
2008-01-14T19:12:32	214.82	4013.41	-305.06	5.67	13.75	37.59
2008-01-14T19:12:34	206.06	4023.49	-305.39	5.09	13.34	35.62
2008-01-14T19:12:36	197.30	4033.55	-305.72	4.66	12.97	33.90
2008-01-14T19:12:38	188.54	4043.61	-306.06	4.37	12.66	32.45
2008-01-14T19:12:40	179.78	4053.67	-306.39	4.07	12.33	31.27
2008-01-14T19:12:42	171.02	4063.72	-306.72	3.84	11.83	30.04
2008-01-14T19:12:44	162.26	4073.77	-307.04	3.58	11.28	28.78
2008-01-14T19:12:46	153.50	4083.81	-307.37	3.27	10.73	27.52
2008-01-14T19:12:48	144.74	4093.84	-307.70	2.91	10.19	26.27
2008-01-14T19:12:50	135.98	4103.88	-308.03	2.52	9.64	25.02
2008-01-14T19:12:52	127.22	4113.90	-308.36	1.94	9.00	23.66
2008-01-14T19:12:54	118.46	4123.92	-308.69	1.43	8.39	21.83
2008-01-14T19:12:56	109.70	4133.94	-309.01	0.91	7.84	20.03
2008-01-14T19:12:58	100.94	4143.94	-309.34	0.39	7.36	18.30
2008-01-14T19:13:00	92.18	4153.95	-309.67	-0.15	6.93	16.63
2008-01-14T19:13:02	83.42	4163.95	-309.99	-0.71	6.57	15.02
2008-01-14T19:13:04	74.66	4173.95	-310.32	-1.25	6.23	13.49
2008-01-14T19:13:06	65.90	4183.94	-310.64	-1.51	5.82	12.02
2008-01-14T19:13:08	57.14	4193.92	-310.97	-1.76	5.42	10.57
2008-01-14T19:13:10	48.38	4203.90	-311.29	-2.02	5.00	9.16
2008-01-14T19:13:12	39.62	4213.88	-311.61	-2.28	4.59	7.79
2008-01-14T19:13:14	30.85	4223.84	-311.94	-2.55	4.16	6.45
2008-01-14T19:13:16	22.09	4233.81	-312.26	-2.81	3.81	5.24
2008-01-14T19:13:18	13.33	4243.77	-312.59	-3.02	3.66	4.08
2008-01-14T19:13:20	4.57	4253.73	-312.91	-3.18	3.62	2.89
2008-01-14T19:13:22	-4.19	4263.68	-313.23	-3.33	3.58	1.72
2008-01-14T19:13:24	-12.95	4273.62	-313.55	-3.46	3.52	0.58
2008-01-14T19:13:26	-21.71	4283.57	-313.87	-3.58	3.46	-0.55
2008-01-14T19:13:28	-30.47	4293.50	-314.20	-3.79	3.40	-1.48
2008-01-14T19:13:30	-39.23	4303.44	-314.52	-4.04	3.31	-2.32
2008-01-14T19:13:32	-47.99	4313.36	-314.84	-4.30	3.11	-3.15
2008-01-14T19:13:34	-56.75	4323.28	-315.16	-4.57	2.88	-3.93
2008-01-14T19:13:36	-65.51	4333.20	-315.48	-4.86	2.61	-4.67
2008-01-14T19:13:38	-74.28	4343.11	-315.80	-5.15	2.32	-5.36
2008-01-14T19:13:40	-83.04	4353.02	-316.12	-5.51	2.16	-6.04
2008-01-14T19:13:42	-91.80	4362.93	-316.43	-5.89	2.03	-6.72
2008-01-14T19:13:44	-100.55	4372.83	-316.75	-6.29	1.92	-7.40
2008-01-14T19:13:46	-109.32	4382.72	-317.07	-6.67	1.82	-8.05
2008-01-14T19:13:48	-118.08	4392.61	-317.39	-7.07	1.69	-8.63
2008-01-14T19:13:50	-126.84	4402.50	-317.71	-7.46	1.51	-9.15
2008-01-14T19:13:52	-135.59	4412.38	-318.02	-7.82	1.27	-9.62
2008-01-14T19:13:54	-144.35	4422.26	-318.34	-8.20	1.05	-10.12
2008-01-14T19:13:56	-153.11	4432.13	-318.66	-8.61	0.85	-10.64
2008-01-14T19:13:58	-161.87	4442.00	-318.97	-9.01	0.56	-11.12
2008-01-14T19:14:00	-170.63	4451.86	-319.29	-9.39	0.27	-11.56
2008-01-14T19:14:02	-179.39	4461.72	-319.61	-9.64	0.04	-11.88
2008-01-14T19:14:04	-188.15	4471.58	-319.92	-9.73	-0.11	-12.06
2008-01-14T19:14:06	-196.90	4481.43	-320.24	-9.78	-0.24	-12.26
2008-01-14T19:14:08	-205.66	4491.27	-320.55	-9.80	-0.34	-12.49
2008-01-14T19:14:10	-214.42	4501.12	-320.86	-9.77	-0.37	-12.67
2008-01-14T19:14:12	-223.18	4510.95	-321.18	-9.73	-0.29	-12.64
2008-01-14T19:14:14	-231.93	4520.79	-321.49	-9.60	-0.18	-12.48
2008-01-14T19:14:16	-240.69	4530.62	-321.81	-9.40	-0.07	-12.27
2008-01-14T19:14:18	-249.45	4540.44	-322.12	-9.19	0.01	-12.09
2008-01-14T19:14:20	-258.20	4550.26	-322.43	-8.95	0.07	-11.94
2008-01-14T19:14:22	-266.96	4560.08	-322.75	-8.70	0.09	-11.81
2008-01-14T19:14:24	-275.72	4569.89	-323.06	-8.56	0.14	-11.89
2008-01-14T19:14:26	-284.47	4579.70	-323.37	-8.61	0.24	-12.16
2008-01-14T19:14:28	-293.22	4589.51	-323.68	-8.65	0.27	-12.43
2008-01-14T19:14:30	-301.98	4599.31	-323.99	-8.66	0.21	-12.69
2008-01-14T19:14:32	-310.73	4609.10	-324.30	-8.63	0.07	-12.93
2008-01-14T19:14:34	-319.49	4618.90	-324.62	-8.57	-0.16	-13.14
2008-01-14T19:14:36	-328.24	4628.68	-324.93	-8.50	-0.43	-13.33
2008-01-14T19:14:38	-337.00	4638.47	-325.23	-8.92	-0.40	-13.10
2008-01-14T19:14:40	-345.75	4648.25	-325.54	-9.32	-0.36	-12.88
2008-01-14T19:14:42	-354.50	4658.03	-325.85	-9.68	-0.35	-12.69
2008-01-14T19:14:44	-363.25	4667.80	-326.16	-9.99	-0.35	-12.52
2008-01-14T19:14:46	-372.01	4677.57	-326.47	-10.27	-0.36	-12.39
2008-01-14T19:14:48	-380.76	4687.33	-326.78	-10.50	-0.41	-12.31
2008-01-14T19:14:50	-389.51	4697.09	-327.09	-10.52	-0.50	-12.32
2008-01-14T19:14:52	-398.26	4706.85	-327.40	-10.50	-0.53	-12.27
2008-01-14T19:14:54	-407.01	4716.60	-327.71	-10.50	-0.55	-12.21
2008-01-14T19:14:56	-415.76	4726.35	-328.01	-10.53	-0.54	-12.13
2008-01-14T19:14:58	-424.51	4736.09	-328.32	-10.60	-0.50	-12.05
2008-01-14T19:15:00	-433.26	4745.84	-328.63	-10.62	-0.41	-12.00
2008-01-14T19:15:02	-442.01	4755.57	-328.93	-10.43	-0.15	-12.14
2008-01-14T19:15:04	-450.76	4765.31	-329.24	-10.29	0.19	-12.21
2008-01-14T19:15:06	-459.51	4775.04	-329.55	-10.19	0.57	-12.22
2008-01-14T19:15:08	-468.26	4784.76	-329.85	-10.13	0.99	-12.16
2008-01-14T19:15:10	-477.00	4794.49	-330.16	-10.11	1.44	-12.05
2008-01-14T19:15:12	-485.75	4804.20	-330.47	-10.18	1.91	-11.78
2008-01-14T19:15:14	-494.50	4813.92	-330.77	-10.35	2.38	-11.32
2008-01-14T19:15:16	-503.25	4823.63	-331.08	-10.40	2.76	-10.87
2008-01-14T19:15:18	-511.99	4833.34	-331.38	-10.36	3.05	-10.43
2008-01-14T19:15:20	-520.74	4843.04	-331.69	-10.32	3.31	-10.00
2008-01-14T19:15:22	-529.48	4852.74	-331.99	-10.28	3.53	-9.58
2008-01-14T19:15:24	-538.22	4862.44	-332.29	-10.27	3.63	-9.24
2008-01-14T19:15:26	-546.97	4872.13	-332.60	-10.40	3.62	-9.04
2008-01-14T19:15:28	-555.71	4881.82	-332.90	-10.66	3.59	-8.92
2008-01-14T19:15:30	-564.45	4891.51	-333.20	-11.03	3.26	-8.91
2008-01-14T19:15:32	-573.20	4901.19	-333.51	-11.37	2.99	-8.93
2008-01-14T19:15:34	-581.94	4910.87	-333.81	-11.66	2.79	-8.98
2008-01-14T19:15:36	-590.68	4920.54	-334.11	-11.70	2.65	-9.04
2008-01-14T19:15:38	-599.43	4930.22	-334.42	-11.53	2.56	-9.14
2008-01-14T19:15:40	-608.17	4939.88	-334.72	-11.32	2.52	-9.30
2008-01-14T19:15:42	-616.91	4949.55	-335.02	-11.07	2.53	-9.38
2008-01-14T19:15:44	-625.65	4959.21	-335.32	-10.87	2.56	-9.37
2008-01-14T19:15:46	-634.39	4968.87	-335.62	-10.76	2.57	-9.37
2008-01-14T19:15:48	-643.12	4978.52	-335.92	-10.83	2.61	-9.23
2008-01-14T19:15:50	-651.86	4988.17	-336.23	-10.94	2.71	-8.97
2008-01-14T19:15:52	-660.60	4997.82	-336.53	-11.01	2.86	-8.67
2008-01-14T19:15:54	-669.34	5007.47	-336.83	-11.04	3.06	-8.34
2008-01-14T19:15:56	-678.08	5017.11	-337.13	-11.01	3.63	-7.93
2008-01-14T19:15:58	-686.81	5026.75	-337.43	-10.89	4.18	-7.53
2008-01-14T19:16:00	-695.55	5036.38	-337.73	-10.69	4.68	-7.12
2008-01-14T19:16:02	-704.28	5046.01	-338.03	-10.52	5.13	-6.72
2008-01-14T19:16:04	-713.02	5055.64	-338.33	-10.37	5.54	-6.33
2008-01-14T19:16:06	-721.75	5065.26	-338.63	-10.26	5.89	-5.96
2008-01-14T19:16:08	-730.49	5074.88	-338.92	-10.18	6.16	-5.68
2008-01-14T19:16:10	-739.22	5084.50	-339.22	-10.13	6.32	-5.56
2008-01-14T19:16:12	-747.96	5094.12	-339.52	-10.03	6.45	-5.67
2008-01-14T19:16:14	-756.69	5103.73	-339.82	-9.91	6.59	-5.80
2008-01-14T19:16:16	-765.42	5113.34	-340.12	-9.79	6.73	-5.86
2008-01-14T19:16:18	-774.15	5122.94	-340.42	-9.64	6.86	-5.86
2008-01-14T19:16:20	-782.88	5132.54	-340.71	-9.49	6.99	-5.80
2008-01-14T19:16:22	-791.61	5142.14	-341.01	-9.34	7.17	-5.74
2008-01-14T19:16:24	-800.34	5151.74	-341.31	-9.35	7.34	-5.74
2008-01-14T19:16:26	-809.07	5161.33	-341.60	-9.38	7.49	-5.80
2008-01-14T19:16:28	-817.80	5170.92	-341.90	-9.40	7.63	-5.88
2008-01-14T19:16:30	-826.53	5180.51	-342.20	-9.40	7.74	-5.99
2008-01-14T19:16:32	-835.26	5190.09	-342.50	-9.39	7.83	-6.14
2008-01-14T19:16:34	-843.98	5199.67	-342.79	-9.33	7.93	-6.33
2008-01-14T19:16:36	-852.71	5209.25	-343.09	-9.08	8.16	-6.29
2008-01-14T19:16:38	-861.44	5218.82	-343.38	-8.78	8.41	-6.17
2008-01-14T19:16:40	-870.16	5228.39	-343.68	-8.41	8.63	-6.00
2008-01-14T19:16:42	-878.89	5237.96	-343.97	-8.00	8.84	-5.80
2008-01-14T19:16:44	-887.61	5247.52	-344.27	-7.52	9.03	-5.55
2008-01-14T19:16:46	-896.34	5257.08	-344.56	-6.98	9.20	-5.25
2008-01-14T19:16:48	-905.06	5266.64	-344.86	-7.12	9.31	-5.18
2008-01-14T19:16:50	-913.78	5276.20	-345.15	-7.44	9.33	-5.19
2008-01-14T19:16:52	-922.51	5285.75	-345.45	-7.77	9.28	-5.23
2008-01-14T19:16:54	-931.23	5295.30	-345.74	-8.11	9.15	-5.32
2008-01-14T19:16:56	-939.95	5304.85	-346.04	-8.45	8.94	-5.44
2008-01-14T19:16:58	-948.67	5314.39	-346.33	-8.81	8.65	-5.60
2008-01-14T19:17:00	-957.39	5323.93	-346.62	-9.27	8.34	-5.71
2008-01-14T19:17:02	-966.11	5333.47	-346.92	-9.65	8.23	-5.77
