Time	POS_X	POS_Y	POS_Z	B_X	B_Y	B_Z
2008-01-14T18:52:14	4475.69	-3085.05	18.50	8.05	14.31	4.92
2008-01-14T18:52:16	4470.58	-3073.19	17.87	7.89	14.44	5.44
2008-01-14T18:52:18	4465.44	-3061.29	17.23	7.71	14.57	5.96
2008-01-14T18:52:20	4460.35	-3049.48	16.60	7.53	14.71	6.46
2008-01-14T18:52:22	4455.23	-3037.62	15.96	7.33	14.84	6.95
2008-01-14T18:52:24	4450.11	-3025.75	15.33	7.09	15.02	7.53
2008-01-14T18:52:26	4444.99	-3013.89	14.69	6.87	15.23	8.10
2008-01-14T18:52:28	4439.86	-3002.03	14.06	6.71	15.48	8.62
2008-01-14T18:52:30	4434.73	-2990.16	13.42	6.61	15.77	9.09
2008-01-14T18:52:32	4429.60	-2978.29	12.79	6.57	16.09	9.50
2008-01-14T18:52:34	4424.47	-2966.42	12.15	6.41	16.44	10.28
2008-01-14T18:52:36	4419.33	-2954.55	11.52	6.23	16.77	11.14
2008-01-14T18:52:38	4414.19	-2942.67	10.88	6.03	17.04	12.14
2008-01-14T18:52:40	4409.05	-2930.80	10.25	5.89	17.32	13.13
2008-01-14T18:52:42	4403.91	-2918.92	9.61	5.84	17.63	14.11
2008-01-14T18:52:44	4398.76	-2907.04	8.98	5.88	18.35	15.37
2008-01-14T18:52:46	4393.62	-2895.16	8.34	5.89	19.06	16.63
2008-01-14T18:52:48	4388.46	-2883.28	7.71	5.88	19.75	17.90
2008-01-14T18:52:50	4383.31	-2871.39	7.07	5.84	20.42	19.17
2008-01-14T18:52:52	4378.15	-2859.51	6.44	5.87	20.99	20.38
2008-01-14T18:52:54	4372.99	-2847.62	5.80	6.24	21.29	21.35
2008-01-14T18:52:56	4367.83	-2835.73	5.17	6.65	21.58	22.30
2008-01-14T18:52:58	4362.67	-2823.84	4.53	7.11	21.88	23.23
2008-01-14T18:53:00	4357.50	-2811.95	3.90	7.55	22.34	23.97
2008-01-14T18:53:02	4352.33	-2800.05	3.26	7.69	22.89	24.72
2008-01-14T18:53:04	4347.16	-2788.15	2.63	7.48	23.47	25.53
2008-01-14T18:53:06	4341.98	-2776.26	1.99	7.31	24.04	26.41
2008-01-14T18:53:08	4336.80	-2764.35	1.36	7.20	24.59	27.35
2008-01-14T18:53:10	4331.62	-2752.45	0.72	7.13	25.12	28.34
2008-01-14T18:53:12	4326.44	-2740.55	0.09	7.54	26.02	29.09
2008-01-14T18:53:14	4321.25	-2728.64	-0.55	8.18	27.13	29.69
2008-01-14T18:53:16	4316.06	-2716.74	-1.19	8.80	28.23	30.33
2008-01-14T18:53:18	4310.87	-2704.83	-1.82	9.39	29.31	31.00
2008-01-14T18:53:20	4305.68	-2692.91	-2.45	9.96	30.37	31.71
2008-01-14T18:53:22	4300.48	-2681.00	-3.09	10.13	31.58	32.17
2008-01-14T18:53:24	4295.28	-2669.08	-3.73	10.07	32.79	32.51
2008-01-14T18:53:26	4290.08	-2657.17	-4.36	9.91	33.94	32.74
2008-01-14T18:53:28	4284.87	-2645.25	-4.99	9.65	35.03	32.84
2008-01-14T18:53:30	4279.66	-2633.33	-5.63	9.29	36.04	32.82
2008-01-14T18:53:32	4274.45	-2621.41	-6.27	8.92	35.80	32.49
2008-01-14T18:53:34	4269.23	-2609.48	-6.90	8.54	35.68	32.11
2008-01-14T18:53:36	4264.01	-2597.56	-7.54	8.16	35.66	31.69
2008-01-14T18:53:38	4258.79	-2585.63	-8.17	7.77	35.76	31.23
2008-01-14T18:53:40	4253.57	-2573.70	-8.81	7.49	36.10	30.98
2008-01-14T18:53:42	4248.34	-2561.77	-9.44	7.62	36.87	31.64
2008-01-14T18:53:44	4243.11	-2549.83	-10.08	7.98	37.43	32.77
2008-01-14T18:53:46	4237.88	-2537.90	-10.71	8.19	38.11	33.71
2008-01-14T18:53:48	4232.64	-2525.96	-11.35	8.25	38.91	34.45
2008-01-14T18:53:50	4227.40	-2514.02	-11.98	8.21	39.83	34.86
2008-01-14T18:53:52	4222.16	-2502.08	-12.62	8.14	40.80	35.01
2008-01-14T18:53:54	4216.92	-2490.13	-13.25	7.97	41.74	35.14
2008-01-14T18:53:56	4211.67	-2478.19	-13.89	7.72	42.67	35.24
2008-01-14T18:53:58	4206.42	-2466.24	-14.52	7.37	43.60	35.33
2008-01-14T18:54:00	4201.16	-2454.30	-15.16	6.85	44.17	35.27
2008-01-14T18:54:02	4195.90	-2442.34	-15.79	6.31	44.54	35.31
2008-01-14T18:54:04	4190.64	-2430.39	-16.43	5.80	44.87	35.52
2008-01-14T18:54:06	4185.38	-2418.44	-17.06	5.33	45.00	35.67
2008-01-14T18:54:08	4180.11	-2406.48	-17.70	4.81	45.11	35.80
2008-01-14T18:54:10	4174.84	-2394.52	-18.33	4.12	45.39	35.01
2008-01-14T18:54:12	4169.56	-2382.56	-18.97	3.35	45.80	34.11
2008-01-14T18:54:14	4164.29	-2370.60	-19.60	2.52	46.33	33.24
2008-01-14T18:54:16	4159.01	-2358.64	-20.24	1.62	46.98	32.39
2008-01-14T18:54:18	4153.72	-2346.67	-20.87	0.69	47.70	31.63
2008-01-14T18:54:20	4148.43	-2334.70	-21.51	0.17	47.86	31.57
2008-01-14T18:54:22	4143.14	-2322.73	-22.14	-0.29	47.92	31.54
2008-01-14T18:54:24	4137.85	-2310.76	-22.77	-0.67	47.89	31.55
2008-01-14T18:54:26	4132.55	-2298.79	-23.41	-0.95	47.73	31.54
2008-01-14T18:54:28	4127.25	-2286.81	-24.05	-1.27	47.56	31.40
2008-01-14T18:54:30	4121.95	-2274.83	-24.68	-1.76	47.52	31.16
2008-01-14T18:54:32	4116.64	-2262.85	-25.32	-2.22	47.47	30.85
2008-01-14T18:54:34	4111.33	-2250.87	-25.95	-2.65	47.40	30.46
2008-01-14T18:54:36	4106.01	-2238.89	-26.58	-3.05	47.33	30.01
2008-01-14T18:54:38	4100.70	-2226.91	-27.22	-3.77	47.07	29.34
2008-01-14T18:54:40	4095.37	-2214.92	-27.86	-4.79	46.60	28.57
2008-01-14T18:54:42	4090.05	-2202.93	-28.49	-5.83	46.07	27.83
2008-01-14T18:54:44	4084.72	-2190.94	-29.12	-6.88	45.47	27.13
2008-01-14T18:54:46	4079.39	-2178.94	-29.76	-7.95	44.80	26.45
2008-01-14T18:54:48	4074.05	-2166.95	-30.39	-8.63	44.51	26.29
2008-01-14T18:54:50	4068.71	-2154.95	-31.03	-9.18	44.46	26.28
2008-01-14T18:54:52	4063.37	-2142.95	-31.66	-9.69	44.41	26.21
2008-01-14T18:54:54	4058.03	-2130.95	-32.30	-10.16	44.37	26.09
2008-01-14T18:54:56	4052.67	-2118.95	-32.93	-10.60	44.34	25.93
2008-01-14T18:54:58	4047.32	-2106.94	-33.56	-11.00	43.94	25.27
2008-01-14T18:55:00	4041.96	-2094.94	-34.20	-11.37	43.48	24.65
2008-01-14T18:55:02	4036.60	-2082.93	-34.83	-11.71	42.97	24.09
2008-01-14T18:55:04	4031.24	-2070.92	-35.47	-12.04	42.41	23.60
2008-01-14T18:55:06	4025.87	-2058.90	-36.10	-12.31	41.94	23.18
2008-01-14T18:55:08	4020.49	-2046.89	-36.74	-12.47	41.85	22.80
2008-01-14T18:55:10	4015.12	-2034.87	-37.37	-12.83	41.84	22.52
2008-01-14T18:55:12	4009.74	-2022.85	-38.01	-13.12	41.83	22.26
2008-01-14T18:55:14	4004.35	-2010.83	-38.64	-13.28	41.79	22.02
2008-01-14T18:55:16	3998.96	-1998.81	-39.27	-13.41	41.52	21.78
2008-01-14T18:55:18	3993.57	-1986.78	-39.91	-13.60	41.01	21.57
2008-01-14T18:55:20	3988.18	-1974.76	-40.54	-13.82	40.52	21.41
2008-01-14T18:55:22	3982.78	-1962.73	-41.18	-14.05	40.03	21.29
2008-01-14T18:55:24	3977.37	-1950.70	-41.81	-14.29	39.55	21.21
2008-01-14T18:55:26	3971.97	-1938.67	-42.44	-15.13	39.09	21.15
2008-01-14T18:55:28	3966.55	-1926.63	-43.08	-16.24	38.60	21.07
2008-01-14T18:55:30	3961.14	-1914.59	-43.71	-17.32	37.94	20.92
2008-01-14T18:55:32	3955.72	-1902.55	-44.34	-18.20	36.98	20.60
2008-01-14T18:55:34	3950.29	-1890.51	-44.98	-19.02	36.01	20.18
2008-01-14T18:55:36	3944.87	-1878.47	-45.61	-19.38	35.59	19.84
2008-01-14T18:55:38	3939.43	-1866.43	-46.25	-19.75	35.32	19.51
2008-01-14T18:55:40	3934.00	-1854.38	-46.88	-20.17	35.19	19.17
2008-01-14T18:55:42	3928.56	-1842.33	-47.51	-20.63	35.22	18.82
2008-01-14T18:55:44	3923.11	-1830.28	-48.15	-20.95	35.31	18.50
2008-01-14T18:55:46	3917.66	-1818.23	-48.78	-20.66	35.15	18.36
2008-01-14T18:55:48	3912.21	-1806.17	-49.41	-20.39	34.99	18.28
2008-01-14T18:55:50	3906.75	-1794.11	-50.05	-20.15	34.83	18.25
2008-01-14T18:55:52	3901.29	-1782.06	-50.68	-19.86	34.45	18.51
2008-01-14T18:55:54	3895.82	-1770.00	-51.31	-19.52	33.81	19.01
2008-01-14T18:55:56	3890.35	-1757.93	-51.95	-19.14	33.04	19.60
2008-01-14T18:55:58	3884.88	-1745.87	-52.58	-18.76	32.36	20.18
2008-01-14T18:56:00	3879.40	-1733.80	-53.21	-18.37	31.74	20.77
2008-01-14T18:56:02	3873.91	-1721.73	-53.85	-17.97	31.20	21.36
2008-01-14T18:56:04	3868.43	-1709.66	-54.48	-18.06	30.90	21.68
2008-01-14T18:56:06	3862.94	-1697.59	-55.11	-18.28	30.68	21.75
2008-01-14T18:56:08	3857.44	-1685.51	-55.74	-18.47	30.48	21.64
2008-01-14T18:56:10	3851.94	-1673.43	-56.38	-18.60	30.30	21.34
2008-01-14T18:56:12	3846.43	-1661.36	-57.01	-18.75	30.18	20.89
2008-01-14T18:56:14	3840.92	-1649.28	-57.64	-19.12	29.96	20.84
2008-01-14T18:56:16	3835.41	-1637.19	-58.27	-19.48	29.69	20.79
2008-01-14T18:56:18	3829.89	-1625.11	-58.91	-19.84	29.35	20.76
2008-01-14T18:56:20	3824.36	-1613.02	-59.54	-20.18	28.94	20.74
2008-01-14T18:56:22	3818.83	-1600.93	-60.17	-20.37	28.38	20.63
2008-01-14T18:56:24	3813.30	-1588.84	-60.80	-20.11	27.64	20.28
2008-01-14T18:56:26	3807.76	-1576.75	-61.44	-19.84	26.96	19.93
2008-01-14T18:56:28	3802.22	-1564.65	-62.07	-19.57	26.34	19.59
2008-01-14T18:56:30	3796.67	-1552.55	-62.70	-19.30	25.78	19.26
2008-01-14T18:56:32	3791.12	-1540.45	-63.33	-18.72	25.75	19.08
2008-01-14T18:56:34	3785.56	-1528.36	-63.96	-18.06	26.23	19.16
2008-01-14T18:56:36	3780.00	-1516.25	-64.60	-17.55	26.56	19.25
2008-01-14T18:56:38	3774.43	-1504.15	-65.23	-17.18	26.74	19.33
2008-01-14T18:56:40	3768.86	-1492.04	-65.86	-16.94	26.80	19.42
2008-01-14T18:56:42	3763.28	-1479.93	-66.49	-17.19	26.03	19.31
2008-01-14T18:56:44	3757.70	-1467.82	-67.12	-17.44	25.09	19.06
2008-01-14T18:56:46	3752.11	-1455.71	-67.75	-17.62	24.16	18.70
2008-01-14T18:56:48	3746.52	-1443.59	-68.38	-17.71	23.23	18.26
2008-01-14T18:56:50	3740.92	-1431.47	-69.02	-17.72	22.38	17.77
2008-01-14T18:56:52	3735.32	-1419.36	-69.65	-17.45	22.33	17.74
2008-01-14T18:56:54	3729.71	-1407.24	-70.28	-16.97	22.38	17.76
2008-01-14T18:56:56	3724.10	-1395.11	-70.91	-16.47	22.50	17.86
2008-01-14T18:56:58	3718.48	-1382.99	-71.54	-15.98	22.66	18.02
2008-01-14T18:57:00	3712.86	-1370.86	-72.17	-15.67	22.80	18.21
2008-01-14T18:57:02	3707.23	-1358.73	-72.80	-15.63	22.89	18.38
2008-01-14T18:57:04	3701.60	-1346.60	-73.43	-15.64	23.02	18.57
2008-01-14T18:57:06	3695.96	-1334.47	-74.06	-15.68	23.18	18.76
2008-01-14T18:57:08	3690.31	-1322.33	-74.69	-15.76	23.37	18.96
2008-01-14T18:57:10	3684.67	-1310.20	-75.32	-15.58	23.32	19.22
2008-01-14T18:57:12	3679.01	-1298.06	-75.95	-15.25	23.12	19.47
2008-01-14T18:57:14	3673.35	-1285.92	-76.58	-14.87	22.70	19.56
2008-01-14T18:57:16	3667.69	-1273.78	-77.21	-14.53	22.17	19.56
2008-01-14T18:57:18	3662.02	-1261.63	-77.84	-14.29	21.68	19.56
2008-01-14T18:57:20	3656.34	-1249.48	-78.47	-14.04	20.88	19.32
2008-01-14T18:57:22	3650.66	-1237.34	-79.10	-13.80	20.14	19.13
2008-01-14T18:57:24	3644.97	-1225.19	-79.73	-13.57	19.48	18.98
2008-01-14T18:57:26	3639.27	-1213.03	-80.36	-13.35	18.91	18.88
2008-01-14T18:57:28	3633.58	-1200.88	-80.99	-13.08	18.46	18.86
2008-01-14T18:57:30	3627.87	-1188.72	-81.62	-12.55	18.20	18.95
2008-01-14T18:57:32	3622.16	-1176.56	-82.25	-11.94	17.90	19.01
2008-01-14T18:57:34	3616.45	-1164.40	-82.87	-11.25	17.63	18.98
2008-01-14T18:57:36	3610.72	-1152.24	-83.50	-10.59	17.39	18.80
2008-01-14T18:57:38	3605.00	-1140.08	-84.13	-10.15	17.15	18.38
2008-01-14T18:57:40	3599.26	-1127.91	-84.76	-9.87	16.94	17.89
2008-01-14T18:57:42	3593.52	-1115.75	-85.39	-9.61	16.73	17.47
2008-01-14T18:57:44	3587.78	-1103.58	-86.01	-9.38	16.53	17.12
2008-01-14T18:57:46	3582.03	-1091.40	-86.64	-9.18	16.33	16.84
2008-01-14T18:57:48	3576.27	-1079.23	-87.27	-8.77	16.03	16.76
2008-01-14T18:57:50	3570.51	-1067.06	-87.90	-8.30	15.70	16.71
2008-01-14T18:57:52	3564.74	-1054.88	-88.53	-7.78	15.37	16.64
2008-01-14T18:57:54	3558.96	-1042.70	-89.15	-7.11	15.07	16.60
2008-01-14T18:57:56	3553.18	-1030.52	-89.78	-6.32	14.88	16.62
2008-01-14T18:57:58	3547.40	-1018.34	-90.41	-5.70	14.94	16.80
2008-01-14T18:58:00	3541.60	-1006.16	-91.03	-5.15	14.96	16.97
2008-01-14T18:58:02	3535.80	-993.97	-91.66	-4.66	14.94	17.11
2008-01-14T18:58:04	3530.00	-981.78	-92.29	-4.23	14.88	17.23
2008-01-14T18:58:06	3524.18	-969.59	-92.91	-3.85	14.65	17.24
2008-01-14T18:58:08	3518.37	-957.40	-93.54	-3.54	14.25	17.12
2008-01-14T18:58:10	3512.54	-945.21	-94.16	-3.31	13.89	17.00
2008-01-14T18:58:12	3506.71	-933.01	-94.79	-3.16	13.56	16.87
2008-01-14T18:58:14	3500.87	-920.82	-95.42	-3.02	13.31	16.77
2008-01-14T18:58:16	3495.03	-908.62	-96.04	-2.42	13.24	16.86
2008-01-14T18:58:18	3489.18	-896.42	-96.67	-1.71	13.17	17.00
2008-01-14T18:58:20	3483.32	-884.22	-97.29	-1.02	13.08	17.17
2008-01-14T18:58:22	3477.46	-872.02	-97.92	-0.36	12.95	17.36
2008-01-14T18:58:24	3471.59	-859.81	-98.54	0.27	12.80	17.57
2008-01-14T18:58:26	3465.71	-847.60	-99.17	0.77	12.67	17.74
2008-01-14T18:58:28	3459.83	-835.39	-99.79	1.27	12.50	17.89
2008-01-14T18:58:30	3453.94	-823.19	-100.42	1.76	12.31	18.01
2008-01-14T18:58:32	3448.04	-810.98	-101.04	2.26	12.09	18.13
2008-01-14T18:58:34	3442.14	-798.76	-101.66	2.61	12.02	18.28
2008-01-14T18:58:36	3436.23	-786.55	-102.28	2.83	12.06	18.32
2008-01-14T18:58:38	3430.31	-774.33	-102.91	3.02	12.15	18.32
2008-01-14T18:58:40	3424.38	-762.11	-103.53	3.18	12.27	18.30
2008-01-14T18:58:42	3418.45	-749.89	-104.15	3.31	12.45	18.24
2008-01-14T18:58:44	3412.52	-737.67	-104.78	3.54	12.61	18.36
2008-01-14T18:58:46	3406.57	-725.45	-105.40	3.82	12.74	18.51
2008-01-14T18:58:48	3400.62	-713.22	-106.02	4.11	12.86	18.61
2008-01-14T18:58:50	3394.66	-701.00	-106.65	4.40	12.95	18.66
2008-01-14T18:58:52	3388.69	-688.77	-107.26	4.78	13.02	18.70
2008-01-14T18:58:54	3382.72	-676.54	-107.89	5.57	13.08	19.51
2008-01-14T18:58:56	3376.74	-664.31	-108.51	6.30	13.18	20.27
2008-01-14T18:58:58	3370.75	-652.08	-109.13	6.96	13.30	20.98
2008-01-14T18:59:00	3364.75	-639.85	-109.75	7.55	13.46	21.63
2008-01-14T18:59:02	3358.75	-627.61	-110.37	8.28	13.66	22.20
2008-01-14T18:59:04	3352.74	-615.38	-110.99	9.28	13.91	22.75
2008-01-14T18:59:06	3346.72	-603.14	-111.61	10.22	14.18	23.35
2008-01-14T18:59:08	3340.70	-590.90	-112.23	11.08	14.49	24.02
2008-01-14T18:59:10	3334.67	-578.66	-112.85	11.86	14.82	24.75
2008-01-14T18:59:12	3328.63	-566.42	-113.47	12.88	14.55	24.83
2008-01-14T18:59:14	3322.58	-554.18	-114.09	13.87	14.13	24.66
2008-01-14T18:59:16	3316.52	-541.94	-114.71	14.72	13.79	24.53
2008-01-14T18:59:18	3310.46	-529.69	-115.33	15.41	13.53	24.45
2008-01-14T18:59:20	3304.39	-517.44	-115.95	15.95	13.36	24.41
2008-01-14T18:59:22	3298.31	-505.19	-116.56	16.67	13.39	24.72
2008-01-14T18:59:24	3292.23	-492.95	-117.18	17.48	13.49	25.08
2008-01-14T18:59:26	3286.13	-480.70	-117.80	18.37	13.66	25.52
2008-01-14T18:59:28	3280.03	-468.45	-118.42	19.33	13.88	26.03
2008-01-14T18:59:30	3273.92	-456.19	-119.03	20.65	13.99	26.59
2008-01-14T18:59:32	3267.80	-443.94	-119.65	22.44	13.87	27.20
2008-01-14T18:59:34	3261.68	-431.68	-120.27	24.12	13.86	27.90
2008-01-14T18:59:36	3255.55	-419.43	-120.88	25.70	13.95	28.69
2008-01-14T18:59:38	3249.41	-407.17	-121.50	27.16	14.14	29.57
2008-01-14T18:59:40	3243.26	-394.91	-122.11	28.22	14.31	30.24
2008-01-14T18:59:42	3237.10	-382.65	-122.73	29.00	14.34	30.80
2008-01-14T18:59:44	3230.93	-370.39	-123.34	29.65	14.25	31.37
2008-01-14T18:59:46	3224.76	-358.13	-123.96	30.16	14.03	31.95
2008-01-14T18:59:48	3218.58	-345.87	-124.57	30.58	13.74	32.49
2008-01-14T18:59:50	3212.39	-333.61	-125.19	31.52	14.04	32.04
2008-01-14T18:59:52	3206.19	-321.35	-125.80	32.40	14.38	31.84
2008-01-14T18:59:54	3199.98	-309.08	-126.41	33.23	14.75	31.90
2008-01-14T18:59:56	3193.76	-296.81	-127.03	34.00	15.16	32.22
2008-01-14T18:59:58	3187.54	-284.55	-127.64	34.99	15.58	32.95
2008-01-14T19:00:00	3181.31	-272.28	-128.25	36.61	15.90	33.98
2008-01-14T19:00:02	3175.07	-260.01	-128.86	38.43	16.17	34.89
2008-01-14T19:00:04	3168.82	-247.75	-129.47	40.43	16.38	35.70
2008-01-14T19:00:06	3162.56	-235.48	-130.09	42.61	16.55	36.40
2008-01-14T19:00:08	3156.29	-223.21	-130.70	43.43	16.52	37.57
2008-01-14T19:00:10	3150.02	-210.94	-131.31	43.92	16.40	38.77
2008-01-14T19:00:12	3143.73	-198.66	-131.92	44.51	16.30	39.80
2008-01-14T19:00:14	3137.44	-186.39	-132.53	45.22	16.20	40.69
2008-01-14T19:00:16	3131.13	-174.12	-133.14	46.02	16.15	41.41
2008-01-14T19:00:18	3124.83	-161.85	-133.74	46.11	16.63	41.78
2008-01-14T19:00:20	3118.51	-149.57	-134.35	46.43	16.92	42.30
2008-01-14T19:00:22	3112.18	-137.30	-134.96	46.96	17.02	42.95
2008-01-14T19:00:24	3105.84	-125.03	-135.57	47.70	16.93	43.75
2008-01-14T19:00:26	3099.49	-112.75	-136.17	48.62	17.26	44.92
2008-01-14T19:00:28	3093.14	-100.48	-136.78	49.47	18.24	46.23
2008-01-14T19:00:30	3086.77	-88.20	-137.39	50.15	19.12	47.44
2008-01-14T19:00:32	3080.40	-75.93	-137.99	50.66	19.92	48.56
2008-01-14T19:00:34	3074.01	-63.65	-138.60	51.00	20.60	49.59
2008-01-14T19:00:36	3067.62	-51.37	-139.21	51.41	20.52	50.50
2008-01-14T19:00:38	3061.22	-39.10	-139.81	51.82	20.14	51.36
2008-01-14T19:00:40	3054.81	-26.82	-140.42	52.14	19.73	52.17
2008-01-14T19:00:42	3048.39	-14.54	-141.02	52.38	19.32	52.95
2008-01-14T19:00:44	3041.96	-2.27	-141.62	53.13	19.05	53.39
2008-01-14T19:00:46	3035.52	10.01	-142.23	53.45	18.76	53.15
2008-01-14T19:00:48	3029.07	22.28	-142.83	53.70	18.45	52.89
2008-01-14T19:00:50	3022.61	34.56	-143.43	53.88	18.13	52.62
2008-01-14T19:00:52	3016.14	46.84	-144.03	53.98	17.79	52.34
2008-01-14T19:00:54	3009.66	59.11	-144.63	54.17	17.61	52.31
2008-01-14T19:00:56	3003.18	71.39	-145.24	54.45	17.70	52.78
2008-01-14T19:00:58	2996.68	83.67	-145.84	54.50	17.82	53.36
2008-01-14T19:01:00	2990.17	95.94	-146.44	54.37	17.98	54.08
2008-01-14T19:01:02	2983.66	108.22	-147.03	55.00	17.99	55.31
2008-01-14T19:01:04	2977.13	120.49	-147.63	56.55	17.88	56.25
2008-01-14T19:01:06	2970.60	132.77	-148.23	58.15	17.88	57.03
2008-01-14T19:01:08	2964.05	145.04	-148.83	59.50	18.07	57.75
2008-01-14T19:01:10	2957.49	157.31	-149.43	60.59	18.44	58.41
2008-01-14T19:01:12	2950.93	169.59	-150.03	61.42	18.96	59.02
2008-01-14T19:01:14	2944.35	181.86	-150.62	62.32	19.06	59.39
2008-01-14T19:01:16	2937.76	194.13	-151.22	63.21	19.13	59.74
2008-01-14T19:01:18	2931.17	206.40	-151.81	64.12	19.01	60.15
2008-01-14T19:01:20	2924.56	218.67	-152.41	65.25	18.44	60.82
2008-01-14T19:01:22	2917.95	230.94	-153.00	66.31	17.99	61.57
2008-01-14T19:01:24	2911.32	243.21	-153.60	67.02	17.82	62.32
2008-01-14T19:01:26	2904.68	255.48	-154.19	67.65	17.63	62.99
2008-01-14T19:01:28	2898.04	267.75	-154.78	68.19	17.43	63.58
2008-01-14T19:01:30	2891.38	280.02	-155.37	68.67	17.23	64.09
2008-01-14T19:01:32	2884.71	292.28	-155.96	68.99	17.07	64.76
2008-01-14T19:01:34	2878.04	304.55	-156.56	69.14	17.06	65.47
2008-01-14T19:01:36	2871.35	316.81	-157.15	69.27	17.22	66.06
2008-01-14T19:01:38	2864.65	329.07	-157.74	69.32	17.47	66.57
2008-01-14T19:01:40	2857.94	341.33	-158.33	69.25	17.72	66.99
2008-01-14T19:01:42	2851.22	353.59	-158.91	69.45	17.54	67.25
2008-01-14T19:01:44	2844.49	365.85	-159.50	69.75	17.25	67.69
2008-01-14T19:01:46	2837.75	378.11	-160.09	70.16	16.85	68.33
2008-01-14T19:01:48	2831.00	390.37	-160.68	70.67	16.34	69.15
2008-01-14T19:01:50	2824.24	402.62	-161.26	71.18	16.10	69.84
2008-01-14T19:01:52	2817.47	414.87	-161.85	71.51	16.40	69.91
2008-01-14T19:01:54	2810.68	427.12	-162.44	72.00	16.99	69.79
2008-01-14T19:01:56	2803.89	439.37	-163.02	72.46	17.45	69.64
2008-01-14T19:01:58	2797.08	451.62	-163.60	72.87	17.80	69.46
2008-01-14T19:02:00	2790.27	463.87	-164.19	73.63	17.77	69.82
2008-01-14T19:02:02	2783.44	476.11	-164.77	74.71	17.83	70.34
2008-01-14T19:02:04	2776.61	488.36	-165.35	76.00	18.09	70.86
2008-01-14T19:02:06	2769.76	500.60	-165.93	77.53	18.57	71.40
2008-01-14T19:02:08	2762.90	512.84	-166.51	79.22	19.21	72.03
2008-01-14T19:02:10	2756.03	525.07	-167.09	79.41	19.24	73.35
2008-01-14T19:02:12	2749.15	537.31	-167.67	79.50	19.35	74.68
2008-01-14T19:02:14	2742.26	549.54	-168.25	79.69	19.60	75.98
2008-01-14T19:02:16	2735.36	561.77	-168.83	80.00	20.00	77.26
2008-01-14T19:02:18	2728.45	574.00	-169.41	80.41	20.34	78.30
2008-01-14T19:02:20	2721.52	586.23	-169.99	80.87	20.47	79.06
2008-01-14T19:02:22	2714.59	598.45	-170.56	81.42	20.61	79.86
2008-01-14T19:02:24	2707.64	610.67	-171.13	82.06	20.78	80.68
2008-01-14T19:02:26	2700.69	622.89	-171.71	82.87	20.89	81.28
2008-01-14T19:02:28	2693.72	635.11	-172.28	83.54	21.37	81.86
2008-01-14T19:02:30	2686.74	647.32	-172.86	83.93	22.09	82.60
2008-01-14T19:02:32	2679.75	659.53	-173.43	84.05	22.90	83.43
2008-01-14T19:02:34	2672.75	671.74	-174.00	83.91	23.79	84.35
2008-01-14T19:02:36	2665.74	683.95	-174.57	83.53	24.75	85.28
2008-01-14T19:02:38	2658.71	696.15	-175.14	83.88	25.54	84.92
2008-01-14T19:02:40	2651.68	708.35	-175.71	84.46	26.36	84.83
2008-01-14T19:02:42	2644.63	720.55	-176.28	85.42	27.08	85.10
2008-01-14T19:02:44	2637.58	732.74	-176.85	86.49	27.50	85.71
2008-01-14T19:02:46	2630.51	744.93	-177.41	87.34	27.83	86.24
2008-01-14T19:02:48	2623.43	757.12	-177.98	88.06	28.25	86.30
2008-01-14T19:02:50	2616.34	769.31	-178.55	88.52	28.71	86.21
2008-01-14T19:02:52	2609.24	781.49	-179.11	88.71	29.21	85.97
2008-01-14T19:02:54	2602.12	793.66	-179.68	88.63	29.75	85.58
2008-01-14T19:02:56	2595.00	805.84	-180.24	88.07	29.97	85.50
2008-01-14T19:02:58	2587.86	818.01	-180.80	87.73	29.88	85.80
2008-01-14T19:03:00	2580.71	830.18	-181.37	88.08	30.22	86.39
2008-01-14T19:03:02	2573.56	842.34	-181.93	88.15	30.87	86.75
2008-01-14T19:03:04	2566.39	854.50	-182.49	87.95	31.82	86.90
2008-01-14T19:03:06	2559.21	866.65	-183.05	87.90	33.17	88.24
2008-01-14T19:03:08	2552.02	878.81	-183.61	87.92	34.27	89.69
2008-01-14T19:03:10	2544.81	890.96	-184.16	88.01	35.12	91.19
2008-01-14T19:03:12	2537.60	903.10	-184.72	88.17	35.72	92.76
2008-01-14T19:03:14	2530.37	915.24	-185.28	88.21	36.46	93.84
2008-01-14T19:03:16	2523.13	927.38	-185.83	88.08	37.76	93.61
2008-01-14T19:03:18	2515.88	939.51	-186.38	88.24	38.69	93.56
2008-01-14T19:03:20	2508.62	951.64	-186.94	88.69	39.25	93.68
2008-01-14T19:03:22	2501.35	963.76	-187.49	89.41	39.45	93.96
2008-01-14T19:03:24	2494.07	975.88	-188.04	89.78	39.31	94.19
2008-01-14T19:03:26	2486.77	988.00	-188.59	89.66	39.04	94.12
2008-01-14T19:03:28	2479.47	1000.11	-189.14	89.51	38.69	93.86
2008-01-14T19:03:30	2472.15	1012.21	-189.70	88.87	38.66	93.41
2008-01-14T19:03:32	2464.83	1024.31	-190.24	87.60	39.21	92.99
2008-01-14T19:03:34	2457.49	1036.41	-190.79	87.17	40.20	93.44
2008-01-14T19:03:36	2450.14	1048.50	-191.34	86.94	41.05	94.19
2008-01-14T19:03:38	2442.77	1060.59	-191.88	86.68	41.71	95.07
2008-01-14T19:03:40	2435.40	1072.67	-192.43	86.38	42.16	96.05
2008-01-14T19:03:42	2428.02	1084.75	-192.97	86.12	42.45	97.04
2008-01-14T19:03:44	2420.62	1096.82	-193.52	86.98	42.90	97.09
2008-01-14T19:03:46	2413.22	1108.89	-194.06	88.57	43.59	97.09
2008-01-14T19:03:48	2405.80	1120.95	-194.60	90.09	44.42	97.26
2008-01-14T19:03:50	2398.37	1133.01	-195.14	91.29	45.23	97.64
2008-01-14T19:03:52	2390.93	1145.06	-195.68	91.85	46.23	98.35
2008-01-14T19:03:54	2383.47	1157.11	-196.22	91.60	47.47	99.49
2008-01-14T19:03:56	2376.01	1169.15	-196.76	91.20	48.54	100.77
2008-01-14T19:03:58	2368.54	1181.18	-197.29	90.66	49.45	102.20
2008-01-14T19:04:00	2361.05	1193.21	-197.83	90.00	50.22	103.74
2008-01-14T19:04:02	2353.56	1205.24	-198.36	89.70	51.27	103.17
2008-01-14T19:04:04	2346.05	1217.26	-198.90	89.66	52.36	102.35
2008-01-14T19:04:06	2338.54	1229.27	-199.43	89.82	53.40	101.93
2008-01-14T19:04:08	2331.00	1241.28	-199.96	90.17	54.40	101.92
2008-01-14T19:04:10	2323.46	1253.28	-200.49	90.71	55.36	102.34
2008-01-14T19:04:12	2315.91	1265.27	-201.02	91.75	55.60	102.92
2008-01-14T19:04:14	2308.35	1277.26	-201.55	92.73	55.76	103.49
2008-01-14T19:04:16	2300.78	1289.24	-202.08	93.46	55.99	103.96
2008-01-14T19:04:18	2293.19	1301.22	-202.61	93.76	56.13	104.32
2008-01-14T19:04:20	2285.60	1313.19	-203.13	93.62	56.18	104.71
2008-01-14T19:04:22	2277.99	1325.16	-203.66	92.85	56.72	105.24
2008-01-14T19:04:24	2270.38	1337.12	-204.18	92.39	57.57	105.85
2008-01-14T19:04:26	2262.75	1349.07	-204.71	92.23	58.73	106.51
2008-01-14T19:04:28	2255.11	1361.01	-205.23	92.37	60.18	107.24
2008-01-14T19:04:30	2247.46	1372.95	-205.75	92.75	61.60	107.75
2008-01-14T19:04:32	2239.80	1384.89	-206.27	92.91	61.80	107.33
2008-01-14T19:04:34	2232.13	1396.81	-206.79	92.77	62.02	107.02
2008-01-14T19:04:36	2224.45	1408.73	-207.31	92.32	62.29	106.83
2008-01-14T19:04:38	2216.76	1420.64	-207.83	91.56	62.61	106.75
2008-01-14T19:04:40	2209.06	1432.55	-208.34	90.85	63.21	107.07
2008-01-14T19:04:42	2201.35	1444.45	-208.86	90.44	64.21	107.77
2008-01-14T19:04:44	2193.62	1456.34	-209.37	90.05	65.39	108.52
2008-01-14T19:04:46	2185.89	1468.23	-209.89	89.88	66.54	109.02
2008-01-14T19:04:48	2178.14	1480.10	-210.40	89.76	67.47	108.98
2008-01-14T19:04:50	2170.39	1491.98	-210.91	89.71	67.68	108.64
2008-01-14T19:04:52	2162.63	1503.84	-211.42	89.77	67.52	108.44
2008-01-14T19:04:54	2154.85	1515.70	-211.93	89.83	67.30	108.47
2008-01-14T19:04:56	2147.07	1527.55	-212.44	89.89	67.05	108.74
2008-01-14T19:04:58	2139.27	1539.39	-212.95	89.94	66.74	109.27
2008-01-14T19:05:00	2131.47	1551.23	-213.46	90.11	67.32	109.91
2008-01-14T19:05:02	2123.65	1563.05	-213.96	90.58	68.08	110.44
2008-01-14T19:05:04	2115.82	1574.87	-214.46	90.89	68.65	110.68
2008-01-14T19:05:06	2107.99	1586.69	-214.97	91.00	69.01	110.64
2008-01-14T19:05:08	2100.14	1598.49	-215.47	90.91	69.17	110.34
2008-01-14T19:05:10	2092.29	1610.29	-215.97	89.77	68.87	110.07
2008-01-14T19:05:12	2084.42	1622.08	-216.47	88.40	68.76	109.84
2008-01-14T19:05:14	2076.55	1633.86	-216.97	86.82	68.84	109.64
2008-01-14T19:05:16	2068.66	1645.64	-217.47	85.51	69.19	109.87
2008-01-14T19:05:18	2060.77	1657.40	-217.97	84.61	69.55	110.21
2008-01-14T19:05:20	2052.86	1669.16	-218.46	84.82	69.79	110.73
2008-01-14T19:05:22	2044.95	1680.92	-218.96	85.02	70.02	111.17
2008-01-14T19:05:24	2037.03	1692.66	-219.45	85.19	70.24	111.51
2008-01-14T19:05:26	2029.09	1704.40	-219.95	85.33	70.44	111.77
2008-01-14T19:05:28	2021.15	1716.13	-220.44	85.49	70.53	111.78
2008-01-14T19:05:30	2013.20	1727.84	-220.93	85.58	70.45	111.05
2008-01-14T19:05:32	2005.24	1739.55	-221.42	85.61	70.43	110.39
2008-01-14T19:05:34	1997.27	1751.26	-221.91	85.60	70.39	109.97
2008-01-14T19:05:36	1989.29	1762.95	-222.40	85.58	70.33	109.77
2008-01-14T19:05:38	1981.30	1774.64	-222.88	85.16	70.53	109.77
2008-01-14T19:05:40	1973.30	1786.32	-223.37	84.12	71.11	109.76
2008-01-14T19:05:42	1965.29	1797.99	-223.86	82.95	71.69	109.67
2008-01-14T19:05:44	1957.28	1809.66	-224.34	81.66	72.27	109.72
2008-01-14T19:05:46	1949.25	1821.31	-224.82	80.35	72.85	109.99
2008-01-14T19:05:48	1941.22	1832.96	-225.30	79.59	73.18	110.36
2008-01-14T19:05:50	1933.17	1844.59	-225.78	79.39	73.33	110.79
2008-01-14T19:05:52	1925.12	1856.23	-226.26	79.22	73.52	111.17
2008-01-14T19:05:54	1917.06	1867.84	-226.74	79.09	73.75	111.48
2008-01-14T19:05:56	1908.99	1879.46	-227.22	78.99	74.02	111.75
2008-01-14T19:05:58	1900.92	1891.06	-227.70	78.63	74.19	111.76
2008-01-14T19:06:00	1892.83	1902.66	-228.17	78.08	74.26	111.68
2008-01-14T19:06:02	1884.73	1914.24	-228.65	77.71	74.31	111.88
2008-01-14T19:06:04	1876.63	1925.82	-229.12	77.51	74.32	112.36
2008-01-14T19:06:06	1868.52	1937.39	-229.59	77.48	74.29	113.13
2008-01-14T19:06:08	1860.40	1948.95	-230.07	77.14	74.49	113.46
2008-01-14T19:06:10	1852.27	1960.51	-230.54	76.48	74.60	113.25
2008-01-14T19:06:12	1844.13	1972.05	-231.00	75.65	74.50	112.51
2008-01-14T19:06:14	1835.99	1983.58	-231.47	74.70	74.57	111.24
2008-01-14T19:06:16	1827.84	1995.11	-231.94	73.89	74.84	110.32
2008-01-14T19:06:18	1819.68	2006.63	-232.41	73.13	75.40	110.02
2008-01-14T19:06:20	1811.51	2018.14	-232.87	72.37	75.96	110.00
2008-01-14T19:06:22	1803.33	2029.64	-233.34	71.61	76.42	110.08
2008-01-14T19:06:24	1795.15	2041.13	-233.80	70.85	76.78	110.28
2008-01-14T19:06:26	1786.96	2052.61	-234.26	70.04	77.02	110.53
2008-01-14T19:06:28	1778.76	2064.08	-234.72	69.48	76.38	109.95
2008-01-14T19:06:30	1770.55	2075.55	-235.18	69.03	75.54	109.25
2008-01-14T19:06:32	1762.33	2087.01	-235.64	68.55	74.82	108.75
2008-01-14T19:06:34	1754.11	2098.45	-236.10	68.04	74.21	108.42
2008-01-14T19:06:36	1745.88	2109.89	-236.56	67.49	73.72	108.28
2008-01-14T19:06:38	1737.65	2121.32	-237.01	66.99	74.20	108.56
2008-01-14T19:06:40	1729.40	2132.74	-237.47	66.69	75.01	109.01
2008-01-14T19:06:42	1721.15	2144.15	-237.92	66.28	75.65	109.34
2008-01-14T19:06:44	1712.89	2155.55	-238.38	65.67	76.14	109.56
2008-01-14T19:06:46	1704.63	2166.95	-238.83	64.86	76.49	109.68
2008-01-14T19:06:48	1696.35	2178.33	-239.28	63.80	76.08	109.58
2008-01-14T19:06:50	1688.07	2189.71	-239.73	62.68	75.35	109.39
2008-01-14T19:06:52	1679.79	2201.07	-240.18	61.54	74.57	109.19
2008-01-14T19:06:54	1671.49	2212.43	-240.63	60.61	73.86	108.86
2008-01-14T19:06:56	1663.19	2223.78	-241.08	60.05	73.50	108.44
2008-01-14T19:06:58	1654.88	2235.12	-241.52	60.00	73.74	107.93
2008-01-14T19:07:00	1646.57	2246.45	-241.97	59.98	74.07	107.23
2008-01-14T19:07:02	1638.25	2257.77	-242.41	59.73	74.27	106.39
2008-01-14T19:07:04	1629.92	2269.08	-242.86	59.24	74.35	105.42
2008-01-14T19:07:06	1621.59	2280.38	-243.30	58.51	74.33	104.31
2008-01-14T19:07:08	1613.25	2291.68	-243.74	58.25	74.35	104.06
2008-01-14T19:07:10	1604.91	2302.96	-244.18	58.20	74.41	104.32
2008-01-14T19:07:12	1596.55	2314.24	-244.62	57.94	74.42	104.49
2008-01-14T19:07:14	1588.19	2325.51	-245.06	57.45	74.40	104.56
2008-01-14T19:07:16	1579.83	2336.77	-245.50	56.76	74.33	104.55
2008-01-14T19:07:18	1571.46	2348.01	-245.93	55.78	74.08	104.46
2008-01-14T19:07:20	1563.08	2359.26	-246.37	54.60	73.73	104.51
2008-01-14T19:07:22	1554.70	2370.49	-246.80	53.67	73.24	104.67
2008-01-14T19:07:24	1546.31	2381.71	-247.24	52.77	72.68	104.56
2008-01-14T19:07:26	1537.91	2392.92	-247.67	51.74	72.12	104.14
2008-01-14T19:07:28	1529.51	2404.12	-248.10	50.99	71.71	103.60
2008-01-14T19:07:30	1521.11	2415.32	-248.53	50.72	71.60	103.28
2008-01-14T19:07:32	1512.70	2426.50	-248.96	50.53	71.72	103.12
2008-01-14T19:07:34	1504.28	2437.68	-249.39	50.42	72.05	103.11
2008-01-14T19:07:36	1495.85	2448.85	-249.82	50.46	72.28	103.26
2008-01-14T19:07:38	1487.43	2460.01	-250.25	50.40	72.25	103.08
2008-01-14T19:07:40	1478.99	2471.16	-250.68	50.04	71.74	102.48
2008-01-14T19:07:42	1470.55	2482.30	-251.10	49.64	71.13	101.86
2008-01-14T19:07:44	1462.11	2493.43	-251.52	49.20	70.43	101.21
2008-01-14T19:07:46	1453.66	2504.56	-251.95	48.72	69.62	100.54
2008-01-14T19:07:48	1445.20	2515.67	-252.37	48.21	68.91	99.94
2008-01-14T19:07:50	1436.75	2526.77	-252.79	47.57	68.87	99.76
2008-01-14T19:07:52	1428.28	2537.87	-253.22	46.89	68.79	99.58
2008-01-14T19:07:54	1419.81	2548.96	-253.64	46.15	68.67	99.40
2008-01-14T19:07:56	1411.34	2560.03	-254.06	45.37	68.51	99.23
2008-01-14T19:07:58	1402.86	2571.10	-254.47	44.53	68.29	99.06
2008-01-14T19:08:00	1394.37	2582.16	-254.89	43.69	67.48	98.87
2008-01-14T19:08:02	1385.88	2593.21	-255.31	43.02	66.74	98.83
2008-01-14T19:08:04	1377.39	2604.26	-255.72	42.41	66.22	98.88
2008-01-14T19:08:06	1368.89	2615.29	-256.14	41.73	65.78	98.84
2008-01-14T19:08:08	1360.39	2626.32	-256.55	40.99	65.44	98.70
2008-01-14T19:08:10	1351.88	2637.34	-256.97	40.82	65.65	98.77
2008-01-14T19:08:12	1343.36	2648.34	-257.38	40.67	65.76	98.68
2008-01-14T19:08:14	1334.85	2659.34	-257.79	40.44	65.71	98.39
2008-01-14T19:08:16	1326.33	2670.33	-258.20	40.52	65.54	98.04
2008-01-14T19:08:18	1317.80	2681.31	-258.61	40.74	65.28	97.67
2008-01-14T19:08:20	1309.27	2692.28	-259.02	40.67	64.90	97.02
2008-01-14T19:08:22	1300.74	2703.25	-259.43	40.42	64.39	96.35
2008-01-14T19:08:24	1292.20	2714.20	-259.83	40.11	63.77	95.79
2008-01-14T19:08:26	1283.66	2725.15	-260.24	39.73	63.03	95.34
2008-01-14T19:08:28	1275.11	2736.09	-260.64	39.29	62.18	95.02
2008-01-14T19:08:30	1266.56	2747.02	-261.05	38.56	61.79	94.85
2008-01-14T19:08:32	1258.01	2757.93	-261.45	37.69	61.62	94.74
2008-01-14T19:08:34	1249.45	2768.85	-261.86	36.86	61.50	94.60
2008-01-14T19:08:36	1240.89	2779.75	-262.26	36.08	61.42	94.45
2008-01-14T19:08:38	1232.32	2790.65	-262.66	35.35	61.38	94.28
2008-01-14T19:08:40	1223.75	2801.53	-263.06	34.81	61.38	94.10
2008-01-14T19:08:42	1215.18	2812.41	-263.46	34.85	61.40	93.78
2008-01-14T19:08:44	1206.60	2823.28	-263.86	34.90	61.21	93.10
2008-01-14T19:08:46	1198.02	2834.14	-264.26	34.74	60.91	92.44
2008-01-14T19:08:48	1189.44	2844.99	-264.65	34.36	60.51	91.79
2008-01-14T19:08:50	1180.85	2855.83	-265.05	33.76	59.98	91.14
2008-01-14T19:08:52	1172.26	2866.67	-265.45	33.23	59.28	90.58
2008-01-14T19:08:54	1163.66	2877.50	-265.84	32.67	58.65	90.05
2008-01-14T19:08:56	1155.07	2888.32	-266.24	32.22	58.22	89.88
2008-01-14T19:08:58	1146.43	2899.16	-266.63	31.96	57.96	89.96
2008-01-14T19:09:00	1137.86	2909.93	-267.02	31.81	57.81	90.12
2008-01-14T19:09:02	1129.25	2920.72	-267.41	31.69	57.72	90.26
2008-01-14T19:09:04	1120.64	2931.51	-267.81	31.36	57.63	90.34
2008-01-14T19:09:06	1112.03	2942.28	-268.20	30.80	57.57	90.36
2008-01-14T19:09:08	1103.41	2953.05	-268.59	30.00	57.52	90.33
2008-01-14T19:09:10	1094.79	2963.81	-268.98	29.40	57.25	89.91
2008-01-14T19:09:12	1086.17	2974.57	-269.36	29.14	57.03	89.49
2008-01-14T19:09:14	1077.55	2985.31	-269.75	29.21	56.69	89.05
2008-01-14T19:09:16	1068.92	2996.05	-270.14	29.19	56.35	88.68
2008-01-14T19:09:18	1060.28	3006.78	-270.52	29.08	56.01	88.38
2008-01-14T19:09:20	1051.65	3017.50	-270.91	28.88	55.68	88.15
2008-01-14T19:09:22	1043.01	3028.21	-271.29	28.53	55.20	87.87
2008-01-14T19:09:24	1034.37	3038.92	-271.68	28.21	54.58	87.69
2008-01-14T19:09:26	1025.73	3049.61	-272.06	27.93	54.06	87.62
2008-01-14T19:09:28	1017.09	3060.30	-272.44	27.71	53.64	87.65
2008-01-14T19:09:30	1008.44	3070.98	-272.82	27.52	53.34	87.80
2008-01-14T19:09:32	999.79	3081.65	-273.20	27.38	53.15	88.07
2008-01-14T19:09:34	991.14	3092.32	-273.58	27.19	52.85	88.09
2008-01-14T19:09:36	982.48	3102.97	-273.97	26.87	52.40	87.70
2008-01-14T19:09:38	973.82	3113.62	-274.34	26.42	51.96	87.29
2008-01-14T19:09:40	965.16	3124.26	-274.72	25.87	51.53	86.95
2008-01-14T19:09:42	956.50	3134.90	-275.10	25.22	51.12	86.70
2008-01-14T19:09:44	947.84	3145.52	-275.48	24.57	50.82	86.48
2008-01-14T19:09:46	939.17	3156.14	-275.85	24.20	50.80	86.20
2008-01-14T19:09:48	930.50	3166.75	-276.23	23.97	50.86	86.01
2008-01-14T19:09:50	921.83	3177.36	-276.60	24.18	50.73	85.90
2008-01-14T19:09:52	913.15	3187.95	-276.98	24.43	50.59	85.92
2008-01-14T19:09:54	904.48	3198.54	-277.35	24.72	50.43	86.09
2008-01-14T19:09:56	895.80	3209.12	-277.72	24.67	49.86	86.05
2008-01-14T19:09:58	887.12	3219.69	-278.10	24.55	49.35	85.92
2008-01-14T19:10:00	878.44	3230.25	-278.47	24.38	48.96	85.72
2008-01-14T19:10:02	869.76	3240.81	-278.84	24.07	48.50	85.29
2008-01-14T19:10:04	861.07	3251.36	-279.21	23.73	47.82	84.75
2008-01-14T19:10:06	852.38	3261.91	-279.58	23.48	47.21	84.31
2008-01-14T19:10:08	843.69	3272.44	-279.95	23.21	46.73	83.87
2008-01-14T19:10:10	835.00	3282.97	-280.32	22.90	46.22	83.32
2008-01-14T19:10:12	826.31	3293.49	-280.68	22.56	45.69	82.65
2008-01-14T19:10:14	817.61	3304.00	-281.05	22.18	45.13	81.87
2008-01-14T19:10:16	808.91	3314.51	-281.42	21.73	45.41	81.73
2008-01-14T19:10:18	800.21	3325.01	-281.78	21.39	45.58	82.07
2008-01-14T19:10:20	791.51	3335.50	-282.15	21.13	45.59	82.35
2008-01-14T19:10:22	782.81	3345.98	-282.51	20.95	45.45	82.55
2008-01-14T19:10:24	774.11	3356.46	-282.88	20.84	45.15	82.68
2008-01-14T19:10:26	765.40	3366.93	-283.24	20.81	44.69	82.73
2008-01-14T19:10:28	756.69	3377.39	-283.60	20.83	44.20	82.57
2008-01-14T19:10:30	747.98	3387.85	-283.96	20.82	43.76	82.16
2008-01-14T19:10:32	739.28	3398.30	-284.33	20.86	43.41	81.78
2008-01-14T19:10:34	730.56	3408.74	-284.69	20.94	43.16	81.41
2008-01-14T19:10:36	721.85	3419.17	-285.05	21.07	42.99	81.06
2008-01-14T19:10:38	713.14	3429.60	-285.41	21.22	42.89	80.70
2008-01-14T19:10:40	704.42	3440.02	-285.77	21.11	42.53	80.29
2008-01-14T19:10:42	695.70	3450.44	-286.13	20.83	42.06	80.13
2008-01-14T19:10:44	686.98	3460.84	-286.49	20.52	41.55	80.01
2008-01-14T19:10:46	678.26	3471.24	-286.84	20.20	41.01	79.88
2008-01-14T19:10:48	669.54	3481.64	-287.20	19.87	40.43	79.76
2008-01-14T19:10:50	660.82	3492.03	-287.56	19.64	40.11	79.88
2008-01-14T19:10:52	652.09	3502.41	-287.91	19.46	40.00	80.12
2008-01-14T19:10:54	643.37	3512.78	-288.27	19.31	39.93	80.31
2008-01-14T19:10:56	634.64	3523.15	-288.62	19.40	39.81	80.39
2008-01-14T19:10:58	625.92	3533.50	-288.98	19.55	39.59	80.32
2008-01-14T19:11:00	617.19	3543.86	-289.33	19.76	39.28	80.12
2008-01-14T19:11:02	608.46	3554.20	-289.68	19.93	39.15	79.97
2008-01-14T19:11:04	599.73	3564.54	-290.04	20.07	39.11	79.87
2008-01-14T19:11:06	591.00	3574.88	-290.39	20.15	39.16	79.80
2008-01-14T19:11:08	582.26	3585.20	-290.74	20.05	39.10	79.75
2008-01-14T19:11:10	573.53	3595.53	-291.09	19.91	38.88	79.71
2008-01-14T19:11:12	564.79	3605.84	-291.44	19.69	38.40	79.71
2008-01-14T19:11:14	556.06	3616.15	-291.79	19.31	37.86	79.78
2008-01-14T19:11:16	547.32	3626.45	-292.14	18.81	37.39	79.91
2008-01-14T19:11:18	538.59	3636.74	-292.49	18.18	36.99	80.09
2008-01-14T19:11:20	529.85	3647.03	-292.84	17.44	36.65	80.29
2008-01-14T19:11:22	521.11	3657.31	-293.19	16.81	36.22	80.31
2008-01-14T19:11:24	512.37	3667.59	-293.53	16.61	35.71	79.96
2008-01-14T19:11:26	503.63	3677.86	-293.88	16.45	35.29	79.68
2008-01-14T19:11:28	494.88	3688.12	-294.22	16.35	34.97	79.48
2008-01-14T19:11:30	486.14	3698.38	-294.57	16.30	34.74	79.35
2008-01-14T19:11:32	477.40	3708.63	-294.92	16.29	34.61	79.31
2008-01-14T19:11:34	468.65	3718.87	-295.26	16.21	34.41	79.20
2008-01-14T19:11:36	459.91	3729.11	-295.61	16.10	34.06	78.92
2008-01-14T19:11:38	451.16	3739.35	-295.95	16.07	33.74	78.59
2008-01-14T19:11:40	442.42	3749.57	-296.29	16.13	33.47	78.19
2008-01-14T19:11:42	433.67	3759.79	-296.64	16.27	33.23	77.73
2008-01-14T19:11:44	424.92	3770.01	-296.98	16.48	33.03	77.22
2008-01-14T19:11:46	416.17	3780.21	-297.32	16.82	33.18	77.42
2008-01-14T19:11:48	407.42	3790.42	-297.66	17.06	33.34	78.00
2008-01-14T19:11:50	398.67	3800.61	-298.00	17.32	33.52	78.44
2008-01-14T19:11:52	389.92	3810.80	-298.34	17.61	33.71	78.75
2008-01-14T19:11:54	381.17	3820.99	-298.68	17.92	33.91	78.93
2008-01-14T19:11:56	372.42	3831.17	-299.02	18.23	34.03	78.89
2008-01-14T19:11:58	363.67	3841.34	-299.36	18.50	33.86	78.44
2008-01-14T19:12:00	354.92	3851.51	-299.70	18.81	33.51	77.85
2008-01-14T19:12:02	346.16	3861.67	-300.04	19.10	33.05	77.28
2008-01-14T19:12:04	337.41	3871.82	-300.38	19.33	32.66	76.79
2008-01-14T19:12:06	328.66	3881.97	-300.72	19.49	32.35	76.39
2008-01-14T19:12:08	319.90	3892.12	-301.05	19.21	31.95	76.29
2008-01-14T19:12:10	311.15	3902.26	-301.39	18.66	31.50	76.44
2008-01-14T19:12:12	302.39	3912.39	-301.73	18.06	31.08	76.69
2008-01-14T19:12:14	293.64	3922.52	-302.06	17.58	30.23	76.52
2008-01-14T19:12:16	284.88	3932.64	-302.40	17.25	29.25	76.00
2008-01-14T19:12:18	276.12	3942.75	-302.73	17.05	28.13	75.14
2008-01-14T19:12:20	267.37	3952.87	-303.07	16.69	26.97	73.81
2008-01-14T19:12:22	258.61	3962.97	-303.40	16.41	25.79	72.71
2008-01-14T19:12:24	249.85	3973.07	-303.73	16.22	24.60	71.84
2008-01-14T19:12:26	241.09	3983.16	-304.07	15.75	23.64	71.19
2008-01-14T19:12:28	232.34	3993.25	-304.40	14.88	22.83	70.39
2008-01-14T19:12:30	223.58	4003.33	-304.73	13.90	22.23	69.24
2008-01-14T19:12:32	214.82	4013.41	-305.06	12.86	22.18	67.67
2008-01-14T19:12:34	206.06	4023.49	-305.39	12.00	21.89	65.96
2008-01-14T19:12:36	197.30	4033.55	-305.72	11.32	21.37	64.10
2008-01-14T19:12:38	188.54	4043.61	-306.06	10.83	20.64	62.09
2008-01-14T19:12:40	179.78	4053.67	-306.39	10.17	20.24	60.92
2008-01-14T19:12:42	171.02	4063.72	-306.72	9.22	19.72	60.24
2008-01-14T19:12:44	162.26	4073.77	-307.04	8.06	19.15	59.84
2008-01-14T19:12:46	153.50	4083.81	-307.37	6.84	18.52	59.44
2008-01-14T19:12:48	144.74	4093.84	-307.70	5.57	17.83	59.04
2008-01-14T19:12:50	135.98	4103.88	-308.03	4.25	17.10	58.64
2008-01-14T19:12:52	127.22	4113.90	-308.36	2.98	16.60	57.87
2008-01-14T19:12:54	118.46	4123.92	-308.69	1.94	16.37	56.27
2008-01-14T19:12:56	109.70	4133.94	-309.01	0.88	16.18	54.73
2008-01-14T19:12:58	100.94	4143.94	-309.34	-0.20	16.01	53.26
2008-01-14T19:13:00	92.18	4153.95	-309.67	-1.32	15.89	51.88
2008-01-14T19:13:02	83.42	4163.95	-309.99	-2.46	15.82	50.57
2008-01-14T19:13:04	74.66	4173.95	-310.32	-3.56	15.68	49.20
2008-01-14T19:13:06	65.90	4183.94	-310.64	-4.05	14.83	47.36
2008-01-14T19:13:08	57.14	4193.92	-310.97	-4.35	14.06	45.94
2008-01-14T19:13:10	48.38	4203.90	-311.29	-4.49	13.43	44.96
2008-01-14T19:13:12	39.62	4213.88	-311.61	-4.47	12.94	44.41
2008-01-14T19:13:14	30.85	4223.84	-311.94	-4.29	12.58	44.30
2008-01-14T19:13:16	22.09	4233.81	-312.26	-3.92	12.14	44.16
2008-01-14T19:13:18	13.33	4243.77	-312.59	-3.81	11.32	43.34
2008-01-14T19:13:20	4.57	4253.73	-312.91	-4.13	10.41	41.93
2008-01-14T19:13:22	-4.19	4263.68	-313.23	-4.36	9.71	40.44
2008-01-14T19:13:24	-12.95	4273.62	-313.55	-4.51	9.20	38.88
2008-01-14T19:13:26	-21.71	4283.57	-313.87	-4.57	8.88	37.22
2008-01-14T19:13:28	-30.47	4293.50	-314.20	-4.54	8.63	35.84
2008-01-14T19:13:30	-39.23	4303.44	-314.52	-4.45	8.25	34.74
2008-01-14T19:13:32	-47.99	4313.36	-314.84	-4.07	7.59	33.84
2008-01-14T19:13:34	-56.75	4323.28	-315.16	-3.71	6.92	32.92
2008-01-14T19:13:36	-65.51	4333.20	-315.48	-3.41	6.28	31.97
2008-01-14T19:13:38	-74.28	4343.11	-315.80	-3.18	5.67	30.99
2008-01-14T19:13:40	-83.04	4353.02	-316.12	-3.70	5.44	29.79
2008-01-14T19:13:42	-91.80	4362.93	-316.43	-4.32	5.16	28.51
2008-01-14T19:13:44	-100.55	4372.83	-316.75	-5.04	4.87	27.27
2008-01-14T19:13:46	-109.32	4382.72	-317.07	-5.74	4.63	26.37
2008-01-14T19:13:48	-118.08	4392.61	-317.39	-6.36	4.37	25.66
2008-01-14T19:13:50	-126.84	4402.50	-317.71	-6.78	4.16	25.24
2008-01-14T19:13:52	-135.59	4412.38	-318.02	-6.63	4.18	25.33
2008-01-14T19:13:54	-144.35	4422.26	-318.34	-6.43	4.13	25.44
2008-01-14T19:13:56	-153.11	4432.13	-318.66	-6.20	4.02	25.58
2008-01-14T19:13:58	-161.87	4442.00	-318.97	-5.91	4.07	25.46
2008-01-14T19:14:00	-170.63	4451.86	-319.29	-5.62	4.21	25.15
2008-01-14T19:14:02	-179.39	4461.72	-319.61	-5.34	4.42	24.64
2008-01-14T19:14:04	-188.15	4471.58	-319.92	-5.11	4.64	24.00
2008-01-14T19:14:06	-196.90	4481.43	-320.24	-4.91	4.82	23.32
2008-01-14T19:14:08	-205.66	4491.27	-320.55	-4.74	4.94	22.61
2008-01-14T19:14:10	-214.42	4501.12	-320.86	-4.60	4.98	21.89
2008-01-14T19:14:12	-223.18	4510.95	-321.18	-4.48	4.92	21.34
2008-01-14T19:14:14	-231.93	4520.79	-321.49	-4.40	4.89	21.16
2008-01-14T19:14:16	-240.69	4530.62	-321.81	-4.32	4.88	21.11
2008-01-14T19:14:18	-249.45	4540.44	-322.12	-4.18	4.86	21.04
2008-01-14T19:14:20	-258.20	4550.26	-322.43	-3.96	4.84	20.94
2008-01-14T19:14:22	-266.96	4560.08	-322.75	-3.67	4.80	20.81
2008-01-14T19:14:24	-275.72	4569.89	-323.06	-3.45	4.84	20.64
2008-01-14T19:14:26	-284.47	4579.70	-323.37	-3.44	4.88	20.33
2008-01-14T19:14:28	-293.22	4589.51	-323.68	-3.46	4.91	20.02
2008-01-14T19:14:30	-301.98	4599.31	-323.99	-3.47	4.94	19.73
2008-01-14T19:14:32	-310.73	4609.10	-324.30	-3.45	4.96	19.46
2008-01-14T19:14:34	-319.49	4618.90	-324.62	-3.43	4.98	19.22
2008-01-14T19:14:36	-328.24	4628.68	-324.93	-3.41	4.96	19.03
2008-01-14T19:14:38	-337.00	4638.47	-325.23	-3.62	4.75	19.04
2008-01-14T19:14:40	-345.75	4648.25	-325.54	-3.81	4.58	18.99
2008-01-14T19:14:42	-354.50	4658.03	-325.85	-3.98	4.44	18.86
2008-01-14T19:14:44	-363.25	4667.80	-326.16	-4.12	4.35	18.67
2008-01-14T19:14:46	-372.01	4677.57	-326.47	-4.24	4.29	18.40
2008-01-14T19:14:48	-380.76	4687.33	-326.78	-4.34	4.27	18.07
2008-01-14T19:14:50	-389.51	4697.09	-327.09	-4.47	4.13	17.86
2008-01-14T19:14:52	-398.26	4706.85	-327.40	-4.63	3.95	17.63
2008-01-14T19:14:54	-407.01	4716.60	-327.71	-4.83	3.82	17.42
2008-01-14T19:14:56	-415.76	4726.35	-328.01	-5.07	3.73	17.22
2008-01-14T19:14:58	-424.51	4736.09	-328.32	-5.36	3.69	17.03
2008-01-14T19:15:00	-433.26	4745.84	-328.63	-5.64	3.68	16.88
2008-01-14T19:15:02	-442.01	4755.57	-328.93	-5.73	3.67	16.84
2008-01-14T19:15:04	-450.76	4765.31	-329.24	-5.79	3.68	16.83
2008-01-14T19:15:06	-459.51	4775.04	-329.55	-5.87	3.72	16.79
2008-01-14T19:15:08	-468.26	4784.76	-329.85	-5.96	3.77	16.72
2008-01-14T19:15:10	-477.00	4794.49	-330.16	-6.07	3.84	16.62
2008-01-14T19:15:12	-485.75	4804.20	-330.47	-6.20	3.99	16.39
2008-01-14T19:15:14	-494.50	4813.92	-330.77	-6.32	4.29	15.96
2008-01-14T19:15:16	-503.25	4823.63	-331.08	-6.34	4.59	15.52
2008-01-14T19:15:18	-511.99	4833.34	-331.38	-6.30	4.87	15.14
2008-01-14T19:15:20	-520.74	4843.04	-331.69	-6.25	5.13	14.78
2008-01-14T19:15:22	-529.48	4852.74	-331.99	-6.18	5.35	14.46
2008-01-14T19:15:24	-538.22	4862.44	-332.29	-6.17	5.47	14.32
2008-01-14T19:15:26	-546.97	4872.13	-332.60	-6.29	5.50	14.35
2008-01-14T19:15:28	-555.71	4881.82	-332.90	-6.45	5.59	14.35
2008-01-14T19:15:30	-564.45	4891.51	-333.20	-6.61	5.76	14.50
2008-01-14T19:15:32	-573.20	4901.19	-333.51	-6.83	5.91	14.60
2008-01-14T19:15:34	-581.94	4910.87	-333.81	-7.12	6.02	14.64
2008-01-14T19:15:36	-590.68	4920.54	-334.11	-7.13	6.18	14.75
2008-01-14T19:15:38	-599.43	4930.22	-334.42	-6.87	6.41	14.96
2008-01-14T19:15:40	-608.17	4939.88	-334.72	-6.60	6.65	15.22
2008-01-14T19:15:42	-616.91	4949.55	-335.02	-6.24	6.89	15.48
2008-01-14T19:15:44	-625.65	4959.21	-335.32	-5.79	7.14	15.64
2008-01-14T19:15:46	-634.39	4968.87	-335.62	-5.32	7.37	15.72
2008-01-14T19:15:48	-643.12	4978.52	-335.92	-4.88	7.51	15.57
2008-01-14T19:15:50	-651.86	4988.17	-336.23	-4.50	7.59	15.25
2008-01-14T19:15:52	-660.60	4997.82	-336.53	-4.15	7.63	14.81
2008-01-14T19:15:54	-669.34	5007.47	-336.83	-3.84	7.65	14.28
2008-01-14T19:15:56	-678.08	5017.11	-337.13	-3.72	7.65	13.88
2008-01-14T19:15:58	-686.81	5026.75	-337.43	-3.67	7.62	13.54
2008-01-14T19:16:00	-695.55	5036.38	-337.73	-3.83	7.58	13.50
2008-01-14T19:16:02	-704.28	5046.01	-338.03	-4.06	7.53	13.51
2008-01-14T19:16:04	-713.02	5055.64	-338.33	-4.28	7.45	13.43
2008-01-14T19:16:06	-721.75	5065.26	-338.63	-4.50	7.34	13.26
2008-01-14T19:16:08	-730.49	5074.88	-338.92	-4.67	7.32	13.10
2008-01-14T19:16:10	-739.22	5084.50	-339.22	-4.81	7.45	12.99
2008-01-14T19:16:12	-747.96	5094.12	-339.52	-4.86	7.68	13.10
2008-01-14T19:16:14	-756.69	5103.73	-339.82	-4.83	7.91	13.31
2008-01-14T19:16:16	-765.42	5113.34	-340.12	-4.72	8.12	13.56
2008-01-14T19:16:18	-774.15	5122.94	-340.42	-4.55	8.31	13.85
2008-01-14T19:16:20	-782.88	5132.54	-340.71	-4.31	8.48	14.17
2008-01-14T19:16:22	-791.61	5142.14	-341.01	-4.18	8.58	14.50
2008-01-14T19:16:24	-800.34	5151.74	-341.31	-4.23	8.58	14.54
2008-01-14T19:16:26	-809.07	5161.33	-341.60	-4.31	8.62	14.52
2008-01-14T19:16:28	-817.80	5170.92	-341.90	-4.40	8.72	14.51
2008-01-14T19:16:30	-826.53	5180.51	-342.20	-4.49	8.88	14.50
2008-01-14T19:16:32	-835.26	5190.09	-342.50	-4.59	9.09	14.49
2008-01-14T19:16:34	-843.98	5199.67	-342.79	-4.73	9.28	14.48
2008-01-14T19:16:36	-852.71	5209.25	-343.09	-5.01	9.11	14.25
2008-01-14T19:16:38	-861.44	5218.82	-343.38	-5.26	8.91	14.02
2008-01-14T19:16:40	-870.16	5228.39	-343.68	-5.47	8.72	13.83
2008-01-14T19:16:42	-878.89	5237.96	-343.97	-5.63	8.54	13.67
2008-01-14T19:16:44	-887.61	5247.52	-344.27	-5.75	8.36	13.55
2008-01-14T19:16:46	-896.34	5257.08	-344.56	-5.83	8.18	13.46
2008-01-14T19:16:48	-905.06	5266.64	-344.86	-6.09	7.83	13.29
2008-01-14T19:16:50	-913.78	5276.20	-345.15	-6.37	7.42	13.04
2008-01-14T19:16:52	-922.51	5285.75	-345.45	-6.62	7.00	12.76
2008-01-14T19:16:54	-931.23	5295.30	-345.74	-6.84	6.57	12.46
2008-01-14T19:16:56	-939.95	5304.85	-346.04	-7.04	6.14	12.13
2008-01-14T19:16:58	-948.67	5314.39	-346.33	-7.20	5.72	11.77
2008-01-14T19:17:00	-957.39	5323.93	-346.62	-7.54	5.55	11.81
2008-01-14T19:17:02	-966.11	5333.47	-346.92	-8.02	5.67	12.14
