Time	POS_X	POS_Y	POS_Z	B_X	B_Y	B_Z
2008-01-14T18:52:14	4475.69	-3085.05	18.50	2.71	-1.87	18.56
2008-01-14T18:52:16	4470.58	-3073.19	17.87	2.74	-1.88	18.67
2008-01-14T18:52:18	4465.44	-3061.29	17.23	2.77	-1.90	18.77
2008-01-14T18:52:20	4460.35	-3049.48	16.60	2.80	-1.91	18.88
2008-01-14T18:52:22	4455.23	-3037.62	15.96	2.83	-1.93	18.99
2008-01-14T18:52:24	4450.11	-3025.75	15.33	2.86	-1.94	19.10
2008-01-14T18:52:26	4444.99	-3013.89	14.69	2.89	-1.96	19.21
2008-01-14T18:52:28	4439.86	-3002.03	14.06	2.92	-1.98	19.32
2008-01-14T18:52:30	4434.73	-2990.16	13.42	2.95	-1.99	19.44
2008-01-14T18:52:32	4429.60	-2978.29	12.79	2.99	-2.01	19.55
2008-01-14T18:52:34	4424.47	-2966.42	12.15	3.02	-2.02	19.67
2008-01-14T18:52:36	4419.33	-2954.55	11.52	3.05	-2.04	19.78
2008-01-14T18:52:38	4414.19	-2942.67	10.88	3.09	-2.06	19.90
2008-01-14T18:52:40	4409.05	-2930.80	10.25	3.12	-2.07	20.01
2008-01-14T18:52:42	4403.91	-2918.92	9.61	3.15	-2.09	20.13
2008-01-14T18:52:44	4398.76	-2907.04	8.98	3.19	-2.11	20.25
2008-01-14T18:52:46	4393.62	-2895.16	8.34	3.22	-2.12	20.37
2008-01-14T18:52:48	4388.46	-2883.28	7.71	3.26	-2.14	20.49
2008-01-14T18:52:50	4383.31	-2871.39	7.07	3.30	-2.16	20.61
2008-01-14T18:52:52	4378.15	-2859.51	6.44	3.33	-2.18	20.73
2008-01-14T18:52:54	4372.99	-2847.62	5.80	3.37	-2.19	20.85
2008-01-14T18:52:56	4367.83	-2835.73	5.17	3.41	-2.21	20.98
2008-01-14T18:52:58	4362.67	-2823.84	4.53	3.44	-2.23	21.10
2008-01-14T18:53:00	4357.50	-2811.95	3.90	3.48	-2.25	21.23
2008-01-14T18:53:02	4352.33	-2800.05	3.26	3.52	-2.26	21.35
2008-01-14T18:53:04	4347.16	-2788.15	2.63	3.56	-2.28	21.48
2008-01-14T18:53:06	4341.98	-2776.26	1.99	3.60	-2.30	21.61
2008-01-14T18:53:08	4336.80	-2764.35	1.36	3.64	-2.32	21.74
2008-01-14T18:53:10	4331.62	-2752.45	0.72	3.68	-2.34	21.87
2008-01-14T18:53:12	4326.44	-2740.55	0.09	3.72	-2.36	22.00
2008-01-14T18:53:14	4321.25	-2728.64	-0.55	3.76	-2.38	22.13
2008-01-14T18:53:16	4316.06	-2716.74	-1.19	3.80	-2.39	22.26
2008-01-14T18:53:18	4310.87	-2704.83	-1.82	3.85	-2.41	22.39
2008-01-14T18:53:20	4305.68	-2692.91	-2.45	3.89	-2.43	22.53
2008-01-14T18:53:22	4300.48	-2681.00	-3.09	3.93	-2.45	22.66
2008-01-14T18:53:24	4295.28	-2669.08	-3.73	3.98	-2.47	22.80
2008-01-14T18:53:26	4290.08	-2657.17	-4.36	4.02	-2.49	22.94
2008-01-14T18:53:28	4284.87	-2645.25	-4.99	4.07	-2.51	23.08
2008-01-14T18:53:30	4279.66	-2633.33	-5.63	4.11	-2.53	23.22
2008-01-14T18:53:32	4274.45	-2621.41	-6.27	4.16	-2.55	23.36
2008-01-14T18:53:34	4269.23	-2609.48	-6.90	4.20	-2.57	23.50
2008-01-14T18:53:36	4264.01	-2597.56	-7.54	4.25	-2.59	23.64
2008-01-14T18:53:38	4258.79	-2585.63	-8.17	4.30	-2.61	23.78
2008-01-14T18:53:40	4253.57	-2573.70	-8.81	4.35	-2.63	23.93
2008-01-14T18:53:42	4248.34	-2561.77	-9.44	4.40	-2.65	24.07
2008-01-14T18:53:44	4243.11	-2549.83	-10.08	4.45	-2.67	24.22
2008-01-14T18:53:46	4237.88	-2537.90	-10.71	4.50	-2.69	24.37
2008-01-14T18:53:48	4232.64	-2525.96	-11.35	4.55	-2.71	24.52
2008-01-14T18:53:50	4227.40	-2514.02	-11.98	4.60	-2.73	24.67
2008-01-14T18:53:52	4222.16	-2502.08	-12.62	4.65	-2.76	24.82
2008-01-14T18:53:54	4216.92	-2490.13	-13.25	4.70	-2.78	24.97
2008-01-14T18:53:56	4211.67	-2478.19	-13.89	4.76	-2.80	25.12
2008-01-14T18:53:58	4206.42	-2466.24	-14.52	4.81	-2.82	25.27
2008-01-14T18:54:00	4201.16	-2454.30	-15.16	4.87	-2.84	25.43
2008-01-14T18:54:02	4195.90	-2442.34	-15.79	4.92	-2.86	25.59
2008-01-14T18:54:04	4190.64	-2430.39	-16.43	4.98	-2.89	25.74
2008-01-14T18:54:06	4185.38	-2418.44	-17.06	5.03	-2.91	25.90
2008-01-14T18:54:08	4180.11	-2406.48	-17.70	5.09	-2.93	26.06
2008-01-14T18:54:10	4174.84	-2394.52	-18.33	5.15	-2.95	26.22
2008-01-14T18:54:12	4169.56	-2382.56	-18.97	5.21	-2.97	26.38
2008-01-14T18:54:14	4164.29	-2370.60	-19.60	5.27	-3.00	26.55
2008-01-14T18:54:16	4159.01	-2358.64	-20.24	5.33	-3.02	26.71
2008-01-14T18:54:18	4153.72	-2346.67	-20.87	5.39	-3.04	26.88
2008-01-14T18:54:20	4148.43	-2334.70	-21.51	5.45	-3.07	27.04
2008-01-14T18:54:22	4143.14	-2322.73	-22.14	5.51	-3.09	27.21
2008-01-14T18:54:24	4137.85	-2310.76	-22.77	5.57	-3.11	27.38
2008-01-14T18:54:26	4132.55	-2298.79	-23.41	5.64	-3.14	27.55
2008-01-14T18:54:28	4127.25	-2286.81	-24.05	5.70	-3.16	27.72
2008-01-14T18:54:30	4121.95	-2274.83	-24.68	5.77	-3.18	27.89
2008-01-14T18:54:32	4116.64	-2262.85	-25.32	5.83	-3.21	28.07
2008-01-14T18:54:34	4111.33	-2250.87	-25.95	5.90	-3.23	28.24
2008-01-14T18:54:36	4106.01	-2238.89	-26.58	5.97	-3.25	28.42
2008-01-14T18:54:38	4100.70	-2226.91	-27.22	6.03	-3.28	28.60
2008-01-14T18:54:40	4095.37	-2214.92	-27.86	6.10	-3.30	28.77
2008-01-14T18:54:42	4090.05	-2202.93	-28.49	6.17	-3.33	28.95
2008-01-14T18:54:44	4084.72	-2190.94	-29.12	6.25	-3.35	29.14
2008-01-14T18:54:46	4079.39	-2178.94	-29.76	6.32	-3.37	29.32
2008-01-14T18:54:48	4074.05	-2166.95	-30.39	6.39	-3.40	29.50
2008-01-14T18:54:50	4068.71	-2154.95	-31.03	6.46	-3.42	29.69
2008-01-14T18:54:52	4063.37	-2142.95	-31.66	6.54	-3.45	29.87
2008-01-14T18:54:54	4058.03	-2130.95	-32.30	6.61	-3.47	30.06
2008-01-14T18:54:56	4052.67	-2118.95	-32.93	6.69	-3.50	30.25
2008-01-14T18:54:58	4047.32	-2106.94	-33.56	6.77	-3.52	30.44
2008-01-14T18:55:00	4041.96	-2094.94	-34.20	6.84	-3.55	30.63
2008-01-14T18:55:02	4036.60	-2082.93	-34.83	6.92	-3.57	30.83
2008-01-14T18:55:04	4031.24	-2070.92	-35.47	7.00	-3.60	31.02
2008-01-14T18:55:06	4025.87	-2058.90	-36.10	7.08	-3.62	31.22
2008-01-14T18:55:08	4020.49	-2046.89	-36.74	7.17	-3.65	31.42
2008-01-14T18:55:10	4015.12	-2034.87	-37.37	7.25	-3.67	31.61
2008-01-14T18:55:12	4009.74	-2022.85	-38.01	7.33	-3.70	31.81
2008-01-14T18:55:14	4004.35	-2010.83	-38.64	7.42	-3.73	32.02
2008-01-14T18:55:16	3998.96	-1998.81	-39.27	7.50	-3.75	32.22
2008-01-14T18:55:18	3993.57	-1986.78	-39.91	7.59	-3.78	32.42
2008-01-14T18:55:20	3988.18	-1974.76	-40.54	7.68	-3.80	32.63
2008-01-14T18:55:22	3982.78	-1962.73	-41.18	7.77	-3.83	32.84
2008-01-14T18:55:24	3977.37	-1950.70	-41.81	7.86	-3.85	33.05
2008-01-14T18:55:26	3971.97	-1938.67	-42.44	7.95	-3.88	33.26
2008-01-14T18:55:28	3966.55	-1926.63	-43.08	8.04	-3.91	33.47
2008-01-14T18:55:30	3961.14	-1914.59	-43.71	8.14	-3.93	33.68
2008-01-14T18:55:32	3955.72	-1902.55	-44.34	8.23	-3.96	33.89
2008-01-14T18:55:34	3950.29	-1890.51	-44.98	8.33	-3.98	34.11
2008-01-14T18:55:36	3944.87	-1878.47	-45.61	8.42	-4.01	34.33
2008-01-14T18:55:38	3939.43	-1866.43	-46.25	8.52	-4.04	34.55
2008-01-14T18:55:40	3934.00	-1854.38	-46.88	8.62	-4.06	34.77
2008-01-14T18:55:42	3928.56	-1842.33	-47.51	8.72	-4.09	34.99
2008-01-14T18:55:44	3923.11	-1830.28	-48.15	8.82	-4.12	35.21
2008-01-14T18:55:46	3917.66	-1818.23	-48.78	8.93	-4.14	35.44
2008-01-14T18:55:48	3912.21	-1806.17	-49.41	9.03	-4.17	35.67
2008-01-14T18:55:50	3906.75	-1794.11	-50.05	9.13	-4.20	35.90
2008-01-14T18:55:52	3901.29	-1782.06	-50.68	9.24	-4.22	36.13
2008-01-14T18:55:54	3895.82	-1770.00	-51.31	9.35	-4.25	36.36
2008-01-14T18:55:56	3890.35	-1757.93	-51.95	9.46	-4.27	36.59
2008-01-14T18:55:58	3884.88	-1745.87	-52.58	9.57	-4.30	36.83
2008-01-14T18:56:00	3879.40	-1733.80	-53.21	9.68	-4.33	37.06
2008-01-14T18:56:02	3873.91	-1721.73	-53.85	9.79	-4.35	37.30
2008-01-14T18:56:04	3868.43	-1709.66	-54.48	9.91	-4.38	37.54
2008-01-14T18:56:06	3862.94	-1697.59	-55.11	10.02	-4.41	37.78
2008-01-14T18:56:08	3857.44	-1685.51	-55.74	10.14	-4.43	38.02
2008-01-14T18:56:10	3851.94	-1673.43	-56.38	10.26	-4.46	38.27
2008-01-14T18:56:12	3846.43	-1661.36	-57.01	10.38	-4.48	38.51
2008-01-14T18:56:14	3840.92	-1649.28	-57.64	10.50	-4.51	38.76
2008-01-14T18:56:16	3835.41	-1637.19	-58.27	10.63	-4.54	39.01
2008-01-14T18:56:18	3829.89	-1625.11	-58.91	10.75	-4.56	39.26
2008-01-14T18:56:20	3824.36	-1613.02	-59.54	10.88	-4.59	39.52
2008-01-14T18:56:22	3818.83	-1600.93	-60.17	11.00	-4.61	39.77
2008-01-14T18:56:24	3813.30	-1588.84	-60.80	11.13	-4.64	40.03
2008-01-14T18:56:26	3807.76	-1576.75	-61.44	11.26	-4.66	40.28
2008-01-14T18:56:28	3802.22	-1564.65	-62.07	11.39	-4.69	40.54
2008-01-14T18:56:30	3796.67	-1552.55	-62.70	11.53	-4.71	40.81
2008-01-14T18:56:32	3791.12	-1540.45	-63.33	11.66	-4.74	41.07
2008-01-14T18:56:34	3785.56	-1528.36	-63.96	11.80	-4.76	41.33
2008-01-14T18:56:36	3780.00	-1516.25	-64.60	11.94	-4.79	41.60
2008-01-14T18:56:38	3774.43	-1504.15	-65.23	12.08	-4.81	41.87
2008-01-14T18:56:40	3768.86	-1492.04	-65.86	12.22	-4.84	42.14
2008-01-14T18:56:42	3763.28	-1479.93	-66.49	12.36	-4.86	42.41
2008-01-14T18:56:44	3757.70	-1467.82	-67.12	12.51	-4.89	42.68
2008-01-14T18:56:46	3752.11	-1455.71	-67.75	12.66	-4.91	42.96
2008-01-14T18:56:48	3746.52	-1443.59	-68.38	12.80	-4.93	43.24
2008-01-14T18:56:50	3740.92	-1431.47	-69.02	12.95	-4.96	43.52
2008-01-14T18:56:52	3735.32	-1419.36	-69.65	13.11	-4.98	43.80
2008-01-14T18:56:54	3729.71	-1407.24	-70.28	13.26	-5.00	44.08
2008-01-14T18:56:56	3724.10	-1395.11	-70.91	13.41	-5.03	44.36
2008-01-14T18:56:58	3718.48	-1382.99	-71.54	13.57	-5.05	44.65
2008-01-14T18:57:00	3712.86	-1370.86	-72.17	13.73	-5.07	44.94
2008-01-14T18:57:02	3707.23	-1358.73	-72.80	13.89	-5.09	45.23
2008-01-14T18:57:04	3701.60	-1346.60	-73.43	14.05	-5.11	45.52
2008-01-14T18:57:06	3695.96	-1334.47	-74.06	14.22	-5.13	45.81
2008-01-14T18:57:08	3690.31	-1322.33	-74.69	14.38	-5.15	46.11
2008-01-14T18:57:10	3684.67	-1310.20	-75.32	14.55	-5.17	46.41
2008-01-14T18:57:12	3679.01	-1298.06	-75.95	14.72	-5.19	46.71
2008-01-14T18:57:14	3673.35	-1285.92	-76.58	14.90	-5.21	47.01
2008-01-14T18:57:16	3667.69	-1273.78	-77.21	15.07	-5.23	47.31
2008-01-14T18:57:18	3662.02	-1261.63	-77.84	15.25	-5.25	47.61
2008-01-14T18:57:20	3656.34	-1249.48	-78.47	15.42	-5.27	47.92
2008-01-14T18:57:22	3650.66	-1237.34	-79.10	15.60	-5.29	48.23
2008-01-14T18:57:24	3644.97	-1225.19	-79.73	15.79	-5.31	48.54
2008-01-14T18:57:26	3639.27	-1213.03	-80.36	15.97	-5.32	48.85
2008-01-14T18:57:28	3633.58	-1200.88	-80.99	16.16	-5.34	49.16
2008-01-14T18:57:30	3627.87	-1188.72	-81.62	16.34	-5.36	49.48
2008-01-14T18:57:32	3622.16	-1176.56	-82.25	16.54	-5.37	49.80
2008-01-14T18:57:34	3616.45	-1164.40	-82.87	16.73	-5.39	50.12
2008-01-14T18:57:36	3610.72	-1152.24	-83.50	16.92	-5.40	50.44
2008-01-14T18:57:38	3605.00	-1140.08	-84.13	17.12	-5.41	50.76
2008-01-14T18:57:40	3599.26	-1127.91	-84.76	17.32	-5.43	51.09
2008-01-14T18:57:42	3593.52	-1115.75	-85.39	17.52	-5.44	51.41
2008-01-14T18:57:44	3587.78	-1103.58	-86.01	17.72	-5.45	51.74
2008-01-14T18:57:46	3582.03	-1091.40	-86.64	17.93	-5.46	52.07
2008-01-14T18:57:48	3576.27	-1079.23	-87.27	18.14	-5.47	52.40
2008-01-14T18:57:50	3570.51	-1067.06	-87.90	18.35	-5.48	52.74
2008-01-14T18:57:52	3564.74	-1054.88	-88.53	18.56	-5.49	53.07
2008-01-14T18:57:54	3558.96	-1042.70	-89.15	18.77	-5.50	53.41
2008-01-14T18:57:56	3553.18	-1030.52	-89.78	18.99	-5.51	53.75
2008-01-14T18:57:58	3547.40	-1018.34	-90.41	19.21	-5.51	54.09
2008-01-14T18:58:00	3541.60	-1006.16	-91.03	19.43	-5.52	54.44
2008-01-14T18:58:02	3535.80	-993.97	-91.66	19.66	-5.53	54.78
2008-01-14T18:58:04	3530.00	-981.78	-92.29	19.88	-5.53	55.13
2008-01-14T18:58:06	3524.18	-969.59	-92.91	20.11	-5.53	55.48
2008-01-14T18:58:08	3518.37	-957.40	-93.54	20.34	-5.54	55.83
2008-01-14T18:58:10	3512.54	-945.21	-94.16	20.57	-5.54	56.18
2008-01-14T18:58:12	3506.71	-933.01	-94.79	20.81	-5.54	56.54
2008-01-14T18:58:14	3500.87	-920.82	-95.42	21.05	-5.54	56.89
2008-01-14T18:58:16	3495.03	-908.62	-96.04	21.29	-5.53	57.25
2008-01-14T18:58:18	3489.18	-896.42	-96.67	21.53	-5.53	57.61
2008-01-14T18:58:20	3483.32	-884.22	-97.29	21.78	-5.53	57.97
2008-01-14T18:58:22	3477.46	-872.02	-97.92	22.03	-5.52	58.34
2008-01-14T18:58:24	3471.59	-859.81	-98.54	22.28	-5.52	58.70
2008-01-14T18:58:26	3465.71	-847.60	-99.17	22.53	-5.51	59.07
2008-01-14T18:58:28	3459.83	-835.39	-99.79	22.79	-5.50	59.44
2008-01-14T18:58:30	3453.94	-823.19	-100.42	23.05	-5.49	59.81
2008-01-14T18:58:32	3448.04	-810.98	-101.04	23.31	-5.48	60.18
2008-01-14T18:58:34	3442.14	-798.76	-101.66	23.57	-5.47	60.56
2008-01-14T18:58:36	3436.23	-786.55	-102.28	23.84	-5.46	60.93
2008-01-14T18:58:38	3430.31	-774.33	-102.91	24.10	-5.44	61.31
2008-01-14T18:58:40	3424.38	-762.11	-103.53	24.38	-5.42	61.69
2008-01-14T18:58:42	3418.45	-749.89	-104.15	24.65	-5.41	62.07
2008-01-14T18:58:44	3412.52	-737.67	-104.78	24.93	-5.39	62.45
2008-01-14T18:58:46	3406.57	-725.45	-105.40	25.20	-5.37	62.84
2008-01-14T18:58:48	3400.62	-713.22	-106.02	25.49	-5.35	63.22
2008-01-14T18:58:50	3394.66	-701.00	-106.65	25.77	-5.32	63.61
2008-01-14T18:58:52	3388.69	-688.77	-107.26	26.06	-5.30	64.00
2008-01-14T18:58:54	3382.72	-676.54	-107.89	26.35	-5.27	64.39
2008-01-14T18:58:56	3376.74	-664.31	-108.51	26.64	-5.24	64.78
2008-01-14T18:58:58	3370.75	-652.08	-109.13	26.93	-5.21	65.18
2008-01-14T18:59:00	3364.75	-639.85	-109.75	27.23	-5.18	65.57
2008-01-14T18:59:02	3358.75	-627.61	-110.37	27.53	-5.14	65.97
2008-01-14T18:59:04	3352.74	-615.38	-110.99	27.83	-5.11	66.37
2008-01-14T18:59:06	3346.72	-603.14	-111.61	28.14	-5.07	66.77
2008-01-14T18:59:08	3340.70	-590.90	-112.23	28.45	-5.03	67.17
2008-01-14T18:59:10	3334.67	-578.66	-112.85	28.76	-4.99	67.57
2008-01-14T18:59:12	3328.63	-566.42	-113.47	29.07	-4.95	67.98
2008-01-14T18:59:14	3322.58	-554.18	-114.09	29.39	-4.90	68.38
2008-01-14T18:59:16	3316.52	-541.94	-114.71	29.71	-4.85	68.79
2008-01-14T18:59:18	3310.46	-529.69	-115.33	30.03	-4.80	69.20
2008-01-14T18:59:20	3304.39	-517.44	-115.95	30.35	-4.75	69.61
2008-01-14T18:59:22	3298.31	-505.19	-116.56	30.68	-4.70	70.02
2008-01-14T18:59:24	3292.23	-492.95	-117.18	31.01	-4.64	70.43
2008-01-14T18:59:26	3286.13	-480.70	-117.80	31.34	-4.58	70.84
2008-01-14T18:59:28	3280.03	-468.45	-118.42	31.67	-4.52	71.26
2008-01-14T18:59:30	3273.92	-456.19	-119.03	32.01	-4.46	71.67
2008-01-14T18:59:32	3267.80	-443.94	-119.65	32.35	-4.39	72.09
2008-01-14T18:59:34	3261.68	-431.68	-120.27	32.69	-4.33	72.51
2008-01-14T18:59:36	3255.55	-419.43	-120.88	33.04	-4.26	72.93
2008-01-14T18:59:38	3249.41	-407.17	-121.50	33.38	-4.18	73.35
2008-01-14T18:59:40	3243.26	-394.91	-122.11	33.73	-4.11	73.77
2008-01-14T18:59:42	3237.10	-382.65	-122.73	34.08	-4.03	74.19
2008-01-14T18:59:44	3230.93	-370.39	-123.34	34.44	-3.95	74.62
2008-01-14T18:59:46	3224.76	-358.13	-123.96	34.80	-3.86	75.04
2008-01-14T18:59:48	3218.58	-345.87	-124.57	35.16	-3.78	75.47
2008-01-14T18:59:50	3212.39	-333.61	-125.19	35.52	-3.69	75.89
2008-01-14T18:59:52	3206.19	-321.35	-125.80	35.88	-3.60	76.32
2008-01-14T18:59:54	3199.98	-309.08	-126.41	36.25	-3.50	76.75
2008-01-14T18:59:56	3193.76	-296.81	-127.03	36.62	-3.40	77.17
2008-01-14T18:59:58	3187.54	-284.55	-127.64	36.99	-3.30	77.60
2008-01-14T19:00:00	3181.31	-272.28	-128.25	37.36	-3.20	78.03
2008-01-14T19:00:02	3175.07	-260.01	-128.86	37.74	-3.09	78.46
2008-01-14T19:00:04	3168.82	-247.75	-129.47	38.12	-2.98	78.89
2008-01-14T19:00:06	3162.56	-235.48	-130.09	38.50	-2.87	79.32
2008-01-14T19:00:08	3156.29	-223.21	-130.70	38.88	-2.75	79.76
2008-01-14T19:00:10	3150.02	-210.94	-131.31	39.26	-2.63	80.19
2008-01-14T19:00:12	3143.73	-198.66	-131.92	39.65	-2.51	80.62
2008-01-14T19:00:14	3137.44	-186.39	-132.53	40.04	-2.38	81.05
2008-01-14T19:00:16	3131.13	-174.12	-133.14	40.43	-2.25	81.49
2008-01-14T19:00:18	3124.83	-161.85	-133.74	40.82	-2.11	81.92
2008-01-14T19:00:20	3118.51	-149.57	-134.35	41.21	-1.98	82.36
2008-01-14T19:00:22	3112.18	-137.30	-134.96	41.61	-1.84	82.79
2008-01-14T19:00:24	3105.84	-125.03	-135.57	42.01	-1.69	83.22
2008-01-14T19:00:26	3099.49	-112.75	-136.17	42.41	-1.54	83.66
2008-01-14T19:00:28	3093.14	-100.48	-136.78	42.81	-1.39	84.09
2008-01-14T19:00:30	3086.77	-88.20	-137.39	43.21	-1.23	84.53
2008-01-14T19:00:32	3080.40	-75.93	-137.99	43.62	-1.08	84.96
2008-01-14T19:00:34	3074.01	-63.65	-138.60	44.02	-0.91	85.39
2008-01-14T19:00:36	3067.62	-51.37	-139.21	44.43	-0.74	85.83
2008-01-14T19:00:38	3061.22	-39.10	-139.81	44.84	-0.57	86.26
2008-01-14T19:00:40	3054.81	-26.82	-140.42	45.25	-0.40	86.69
2008-01-14T19:00:42	3048.39	-14.54	-141.02	45.66	-0.22	87.13
2008-01-14T19:00:44	3041.96	-2.27	-141.62	46.07	-0.03	87.56
2008-01-14T19:00:46	3035.52	10.01	-142.23	46.48	0.15	87.99
2008-01-14T19:00:48	3029.07	22.28	-142.83	46.90	0.35	88.42
2008-01-14T19:00:50	3022.61	34.56	-143.43	47.31	0.54	88.85
2008-01-14T19:00:52	3016.14	46.84	-144.03	47.73	0.74	89.28
2008-01-14T19:00:54	3009.66	59.11	-144.63	48.15	0.95	89.71
2008-01-14T19:00:56	3003.18	71.39	-145.24	48.56	1.15	90.14
2008-01-14T19:00:58	2996.68	83.67	-145.84	48.98	1.37	90.57
2008-01-14T19:01:00	2990.17	95.94	-146.44	49.40	1.59	90.99
2008-01-14T19:01:02	2983.66	108.22	-147.03	49.82	1.81	91.42
2008-01-14T19:01:04	2977.13	120.49	-147.63	50.24	2.03	91.84
2008-01-14T19:01:06	2970.60	132.77	-148.23	50.66	2.26	92.26
2008-01-14T19:01:08	2964.05	145.04	-148.83	51.08	2.50	92.69
2008-01-14T19:01:10	2957.49	157.31	-149.43	51.50	2.74	93.11
2008-01-14T19:01:12	2950.93	169.59	-150.03	51.92	2.98	93.53
2008-01-14T19:01:14	2944.35	181.86	-150.62	52.34	3.23	93.95
2008-01-14T19:01:16	2937.76	194.13	-151.22	52.76	3.49	94.36
2008-01-14T19:01:18	2931.17	206.40	-151.81	53.18	3.74	94.78
2008-01-14T19:01:20	2924.56	218.67	-152.41	53.60	4.01	95.19
2008-01-14T19:01:22	2917.95	230.94	-153.00	54.02	4.28	95.60
2008-01-14T19:01:24	2911.32	243.21	-153.60	54.44	4.55	96.01
2008-01-14T19:01:26	2904.68	255.48	-154.19	54.85	4.82	96.42
2008-01-14T19:01:28	2898.04	267.75	-154.78	55.27	5.11	96.83
2008-01-14T19:01:30	2891.38	280.02	-155.37	55.68	5.39	97.23
2008-01-14T19:01:32	2884.71	292.28	-155.96	56.10	5.68	97.64
2008-01-14T19:01:34	2878.04	304.55	-156.56	56.51	5.98	98.04
2008-01-14T19:01:36	2871.35	316.81	-157.15	56.92	6.28	98.44
2008-01-14T19:01:38	2864.65	329.07	-157.74	57.33	6.59	98.83
2008-01-14T19:01:40	2857.94	341.33	-158.33	57.74	6.90	99.23
2008-01-14T19:01:42	2851.22	353.59	-158.91	58.15	7.21	99.62
2008-01-14T19:01:44	2844.49	365.85	-159.50	58.55	7.53	100.01
2008-01-14T19:01:46	2837.75	378.11	-160.09	58.96	7.86	100.39
2008-01-14T19:01:48	2831.00	390.37	-160.68	59.36	8.18	100.78
2008-01-14T19:01:50	2824.24	402.62	-161.26	59.75	8.52	101.16
2008-01-14T19:01:52	2817.47	414.87	-161.85	60.15	8.86	101.54
2008-01-14T19:01:54	2810.68	427.12	-162.44	60.54	9.20	101.91
2008-01-14T19:01:56	2803.89	439.37	-163.02	60.94	9.55	102.29
2008-01-14T19:01:58	2797.08	451.62	-163.60	61.32	9.90	102.66
2008-01-14T19:02:00	2790.27	463.87	-164.19	61.71	10.26	103.03
2008-01-14T19:02:02	2783.44	476.11	-164.77	62.09	10.62	103.39
2008-01-14T19:02:04	2776.61	488.36	-165.35	62.47	10.99	103.75
2008-01-14T19:02:06	2769.76	500.60	-165.93	62.85	11.36	104.11
2008-01-14T19:02:08	2762.90	512.84	-166.51	63.22	11.73	104.46
2008-01-14T19:02:10	2756.03	525.07	-167.09	63.59	12.11	104.81
2008-01-14T19:02:12	2749.15	537.31	-167.67	63.95	12.50	105.16
2008-01-14T19:02:14	2742.26	549.54	-168.25	64.32	12.89	105.51
2008-01-14T19:02:16	2735.36	561.77	-168.83	64.67	13.28	105.85
2008-01-14T19:02:18	2728.45	574.00	-169.41	65.03	13.68	106.19
2008-01-14T19:02:20	2721.52	586.23	-169.99	65.37	14.08	106.52
2008-01-14T19:02:22	2714.59	598.45	-170.56	65.72	14.49	106.85
2008-01-14T19:02:24	2707.64	610.67	-171.13	66.06	14.90	107.17
2008-01-14T19:02:26	2700.69	622.89	-171.71	66.39	15.31	107.50
2008-01-14T19:02:28	2693.72	635.11	-172.28	66.72	15.73	107.81
2008-01-14T19:02:30	2686.74	647.32	-172.86	67.05	16.15	108.13
2008-01-14T19:02:32	2679.75	659.53	-173.43	67.37	16.58	108.44
2008-01-14T19:02:34	2672.75	671.74	-174.00	67.68	17.01	108.74
2008-01-14T19:02:36	2665.74	683.95	-174.57	67.99	17.44	109.05
2008-01-14T19:02:38	2658.71	696.15	-175.14	68.30	17.88	109.34
2008-01-14T19:02:40	2651.68	708.35	-175.71	68.59	18.32	109.64
2008-01-14T19:02:42	2644.63	720.55	-176.28	68.89	18.77	109.93
2008-01-14T19:02:44	2637.58	732.74	-176.85	69.17	19.22	110.21
2008-01-14T19:02:46	2630.51	744.93	-177.41	69.45	19.67	110.49
2008-01-14T19:02:48	2623.43	757.12	-177.98	69.73	20.12	110.76
2008-01-14T19:02:50	2616.34	769.31	-178.55	69.99	20.58	111.03
2008-01-14T19:02:52	2609.24	781.49	-179.11	70.25	21.04	111.30
2008-01-14T19:02:54	2602.12	793.66	-179.68	70.51	21.51	111.56
2008-01-14T19:02:56	2595.00	805.84	-180.24	70.76	21.97	111.82
2008-01-14T19:02:58	2587.86	818.01	-180.80	71.00	22.44	112.07
2008-01-14T19:03:00	2580.71	830.18	-181.37	71.23	22.91	112.31
2008-01-14T19:03:02	2573.56	842.34	-181.93	71.46	23.39	112.56
2008-01-14T19:03:04	2566.39	854.50	-182.49	71.68	23.86	112.79
2008-01-14T19:03:06	2559.21	866.65	-183.05	71.89	24.34	113.02
2008-01-14T19:03:08	2552.02	878.81	-183.61	72.09	24.83	113.25
2008-01-14T19:03:10	2544.81	890.96	-184.16	72.29	25.31	113.47
2008-01-14T19:03:12	2537.60	903.10	-184.72	72.48	25.79	113.69
2008-01-14T19:03:14	2530.37	915.24	-185.28	72.66	26.28	113.90
2008-01-14T19:03:16	2523.13	927.38	-185.83	72.83	26.77	114.10
2008-01-14T19:03:18	2515.88	939.51	-186.38	72.99	27.26	114.30
2008-01-14T19:03:20	2508.62	951.64	-186.94	73.15	27.75	114.49
2008-01-14T19:03:22	2501.35	963.76	-187.49	73.30	28.24	114.68
2008-01-14T19:03:24	2494.07	975.88	-188.04	73.44	28.74	114.87
2008-01-14T19:03:26	2486.77	988.00	-188.59	73.57	29.23	115.04
2008-01-14T19:03:28	2479.47	1000.11	-189.14	73.69	29.72	115.22
2008-01-14T19:03:30	2472.15	1012.21	-189.70	73.81	30.22	115.38
2008-01-14T19:03:32	2464.83	1024.31	-190.24	73.91	30.72	115.54
2008-01-14T19:03:34	2457.49	1036.41	-190.79	74.01	31.21	115.70
2008-01-14T19:03:36	2450.14	1048.50	-191.34	74.10	31.71	115.85
2008-01-14T19:03:38	2442.77	1060.59	-191.88	74.18	32.21	115.99
2008-01-14T19:03:40	2435.40	1072.67	-192.43	74.25	32.70	116.13
2008-01-14T19:03:42	2428.02	1084.75	-192.97	74.31	33.20	116.26
2008-01-14T19:03:44	2420.62	1096.82	-193.52	74.36	33.69	116.39
2008-01-14T19:03:46	2413.22	1108.89	-194.06	74.40	34.19	116.51
2008-01-14T19:03:48	2405.80	1120.95	-194.60	74.44	34.68	116.63
2008-01-14T19:03:50	2398.37	1133.01	-195.14	74.46	35.18	116.73
2008-01-14T19:03:52	2390.93	1145.06	-195.68	74.48	35.67	116.84
2008-01-14T19:03:54	2383.47	1157.11	-196.22	74.48	36.16	116.94
2008-01-14T19:03:56	2376.01	1169.15	-196.76	74.48	36.65	117.03
2008-01-14T19:03:58	2368.54	1181.18	-197.29	74.47	37.14	117.11
2008-01-14T19:04:00	2361.05	1193.21	-197.83	74.45	37.62	117.19
2008-01-14T19:04:02	2353.56	1205.24	-198.36	74.41	38.11	117.26
2008-01-14T19:04:04	2346.05	1217.26	-198.90	74.37	38.59	117.33
2008-01-14T19:04:06	2338.54	1229.27	-199.43	74.32	39.07	117.39
2008-01-14T19:04:08	2331.00	1241.28	-199.96	74.26	39.55	117.45
2008-01-14T19:04:10	2323.46	1253.28	-200.49	74.19	40.02	117.50
2008-01-14T19:04:12	2315.91	1265.27	-201.02	74.12	40.49	117.54
2008-01-14T19:04:14	2308.35	1277.26	-201.55	74.03	40.96	117.58
2008-01-14T19:04:16	2300.78	1289.24	-202.08	73.93	41.43	117.61
2008-01-14T19:04:18	2293.19	1301.22	-202.61	73.82	41.89	117.63
2008-01-14T19:04:20	2285.60	1313.19	-203.13	73.71	42.35	117.65
2008-01-14T19:04:22	2277.99	1325.16	-203.66	73.58	42.80	117.66
2008-01-14T19:04:24	2270.38	1337.12	-204.18	73.45	43.26	117.67
2008-01-14T19:04:26	2262.75	1349.07	-204.71	73.30	43.70	117.67
2008-01-14T19:04:28	2255.11	1361.01	-205.23	73.15	44.15	117.67
2008-01-14T19:04:30	2247.46	1372.95	-205.75	72.99	44.59	117.65
2008-01-14T19:04:32	2239.80	1384.89	-206.27	72.82	45.02	117.64
2008-01-14T19:04:34	2232.13	1396.81	-206.79	72.64	45.45	117.61
2008-01-14T19:04:36	2224.45	1408.73	-207.31	72.45	45.88	117.58
2008-01-14T19:04:38	2216.76	1420.64	-207.83	72.25	46.30	117.55
2008-01-14T19:04:40	2209.06	1432.55	-208.34	72.04	46.72	117.51
2008-01-14T19:04:42	2201.35	1444.45	-208.86	71.83	47.13	117.46
2008-01-14T19:04:44	2193.62	1456.34	-209.37	71.60	47.54	117.41
2008-01-14T19:04:46	2185.89	1468.23	-209.89	71.37	47.94	117.35
2008-01-14T19:04:48	2178.14	1480.10	-210.40	71.13	48.33	117.28
2008-01-14T19:04:50	2170.39	1491.98	-210.91	70.88	48.72	117.21
2008-01-14T19:04:52	2162.63	1503.84	-211.42	70.62	49.11	117.13
2008-01-14T19:04:54	2154.85	1515.70	-211.93	70.35	49.49	117.05
2008-01-14T19:04:56	2147.07	1527.55	-212.44	70.08	49.86	116.96
2008-01-14T19:04:58	2139.27	1539.39	-212.95	69.80	50.22	116.87
2008-01-14T19:05:00	2131.47	1551.23	-213.46	69.51	50.58	116.76
2008-01-14T19:05:02	2123.65	1563.05	-213.96	69.21	50.94	116.66
2008-01-14T19:05:04	2115.82	1574.87	-214.46	68.90	51.28	116.55
2008-01-14T19:05:06	2107.99	1586.69	-214.97	68.59	51.63	116.43
2008-01-14T19:05:08	2100.14	1598.49	-215.47	68.27	51.96	116.30
2008-01-14T19:05:10	2092.29	1610.29	-215.97	67.94	52.29	116.17
2008-01-14T19:05:12	2084.42	1622.08	-216.47	67.60	52.61	116.04
2008-01-14T19:05:14	2076.55	1633.86	-216.97	67.26	52.92	115.90
2008-01-14T19:05:16	2068.66	1645.64	-217.47	66.91	53.23	115.75
2008-01-14T19:05:18	2060.77	1657.40	-217.97	66.55	53.53	115.60
2008-01-14T19:05:20	2052.86	1669.16	-218.46	66.19	53.82	115.44
2008-01-14T19:05:22	2044.95	1680.92	-218.96	65.82	54.11	115.28
2008-01-14T19:05:24	2037.03	1692.66	-219.45	65.45	54.38	115.11
2008-01-14T19:05:26	2029.09	1704.40	-219.95	65.07	54.65	114.94
2008-01-14T19:05:28	2021.15	1716.13	-220.44	64.68	54.92	114.76
2008-01-14T19:05:30	2013.20	1727.84	-220.93	64.28	55.17	114.58
2008-01-14T19:05:32	2005.24	1739.55	-221.42	63.88	55.42	114.39
2008-01-14T19:05:34	1997.27	1751.26	-221.91	63.48	55.66	114.19
2008-01-14T19:05:36	1989.29	1762.95	-222.40	63.07	55.89	113.99
2008-01-14T19:05:38	1981.30	1774.64	-222.88	62.65	56.12	113.79
2008-01-14T19:05:40	1973.30	1786.32	-223.37	62.23	56.34	113.58
2008-01-14T19:05:42	1965.29	1797.99	-223.86	61.81	56.55	113.36
2008-01-14T19:05:44	1957.28	1809.66	-224.34	61.38	56.75	113.14
2008-01-14T19:05:46	1949.25	1821.31	-224.82	60.94	56.94	112.92
2008-01-14T19:05:48	1941.22	1832.96	-225.30	60.50	57.13	112.69
2008-01-14T19:05:50	1933.17	1844.59	-225.78	60.06	57.31	112.45
2008-01-14T19:05:52	1925.12	1856.23	-226.26	59.61	57.48	112.21
2008-01-14T19:05:54	1917.06	1867.84	-226.74	59.16	57.64	111.97
2008-01-14T19:05:56	1908.99	1879.46	-227.22	58.70	57.79	111.72
2008-01-14T19:05:58	1900.92	1891.06	-227.70	58.24	57.94	111.47
2008-01-14T19:06:00	1892.83	1902.66	-228.17	57.78	58.08	111.21
2008-01-14T19:06:02	1884.73	1914.24	-228.65	57.31	58.21	110.95
2008-01-14T19:06:04	1876.63	1925.82	-229.12	56.84	58.33	110.68
2008-01-14T19:06:06	1868.52	1937.39	-229.59	56.37	58.45	110.41
2008-01-14T19:06:08	1860.40	1948.95	-230.07	55.89	58.55	110.13
2008-01-14T19:06:10	1852.27	1960.51	-230.54	55.42	58.65	109.85
2008-01-14T19:06:12	1844.13	1972.05	-231.00	54.94	58.75	109.57
2008-01-14T19:06:14	1835.99	1983.58	-231.47	54.45	58.83	109.28
2008-01-14T19:06:16	1827.84	1995.11	-231.94	53.97	58.91	108.99
2008-01-14T19:06:18	1819.68	2006.63	-232.41	53.48	58.97	108.69
2008-01-14T19:06:20	1811.51	2018.14	-232.87	52.99	59.03	108.39
2008-01-14T19:06:22	1803.33	2029.64	-233.34	52.50	59.09	108.08
2008-01-14T19:06:24	1795.15	2041.13	-233.80	52.01	59.13	107.78
2008-01-14T19:06:26	1786.96	2052.61	-234.26	51.51	59.17	107.46
2008-01-14T19:06:28	1778.76	2064.08	-234.72	51.02	59.20	107.15
2008-01-14T19:06:30	1770.55	2075.55	-235.18	50.52	59.23	106.83
2008-01-14T19:06:32	1762.33	2087.01	-235.64	50.02	59.24	106.50
2008-01-14T19:06:34	1754.11	2098.45	-236.10	49.53	59.25	106.18
2008-01-14T19:06:36	1745.88	2109.89	-236.56	49.03	59.25	105.85
2008-01-14T19:06:38	1737.65	2121.32	-237.01	48.53	59.24	105.51
2008-01-14T19:06:40	1729.40	2132.74	-237.47	48.03	59.23	105.17
2008-01-14T19:06:42	1721.15	2144.15	-237.92	47.53	59.21	104.83
2008-01-14T19:06:44	1712.89	2155.55	-238.38	47.03	59.18	104.49
2008-01-14T19:06:46	1704.63	2166.95	-238.83	46.53	59.15	104.14
2008-01-14T19:06:48	1696.35	2178.33	-239.28	46.03	59.11	103.79
2008-01-14T19:06:50	1688.07	2189.71	-239.73	45.53	59.06	103.44
2008-01-14T19:06:52	1679.79	2201.07	-240.18	45.03	59.01	103.08
2008-01-14T19:06:54	1671.49	2212.43	-240.63	44.53	58.94	102.72
2008-01-14T19:06:56	1663.19	2223.78	-241.08	44.03	58.88	102.36
2008-01-14T19:06:58	1654.88	2235.12	-241.52	43.54	58.80	102.00
2008-01-14T19:07:00	1646.57	2246.45	-241.97	43.04	58.72	101.63
2008-01-14T19:07:02	1638.25	2257.77	-242.41	42.55	58.64	101.26
2008-01-14T19:07:04	1629.92	2269.08	-242.86	42.05	58.54	100.89
2008-01-14T19:07:06	1621.59	2280.38	-243.30	41.56	58.44	100.51
2008-01-14T19:07:08	1613.25	2291.68	-243.74	41.07	58.34	100.13
2008-01-14T19:07:10	1604.91	2302.96	-244.18	40.58	58.23	99.75
2008-01-14T19:07:12	1596.55	2314.24	-244.62	40.09	58.11	99.37
2008-01-14T19:07:14	1588.19	2325.51	-245.06	39.60	57.99	98.98
2008-01-14T19:07:16	1579.83	2336.77	-245.50	39.12	57.86	98.60
2008-01-14T19:07:18	1571.46	2348.01	-245.93	38.64	57.73	98.21
2008-01-14T19:07:20	1563.08	2359.26	-246.37	38.15	57.59	97.82
2008-01-14T19:07:22	1554.70	2370.49	-246.80	37.68	57.44	97.42
2008-01-14T19:07:24	1546.31	2381.71	-247.24	37.20	57.30	97.03
2008-01-14T19:07:26	1537.91	2392.92	-247.67	36.72	57.14	96.63
2008-01-14T19:07:28	1529.51	2404.12	-248.10	36.25	56.98	96.23
2008-01-14T19:07:30	1521.11	2415.32	-248.53	35.78	56.82	95.83
2008-01-14T19:07:32	1512.70	2426.50	-248.96	35.31	56.65	95.43
2008-01-14T19:07:34	1504.28	2437.68	-249.39	34.85	56.47	95.02
2008-01-14T19:07:36	1495.85	2448.85	-249.82	34.39	56.30	94.62
2008-01-14T19:07:38	1487.43	2460.01	-250.25	33.93	56.11	94.21
2008-01-14T19:07:40	1478.99	2471.16	-250.68	33.47	55.93	93.80
2008-01-14T19:07:42	1470.55	2482.30	-251.10	33.02	55.73	93.39
2008-01-14T19:07:44	1462.11	2493.43	-251.52	32.57	55.54	92.98
2008-01-14T19:07:46	1453.66	2504.56	-251.95	32.12	55.34	92.57
2008-01-14T19:07:48	1445.20	2515.67	-252.37	31.67	55.14	92.16
2008-01-14T19:07:50	1436.75	2526.77	-252.79	31.23	54.93	91.74
2008-01-14T19:07:52	1428.28	2537.87	-253.22	30.79	54.72	91.33
2008-01-14T19:07:54	1419.81	2548.96	-253.64	30.36	54.50	90.91
2008-01-14T19:07:56	1411.34	2560.03	-254.06	29.93	54.28	90.49
2008-01-14T19:07:58	1402.86	2571.10	-254.47	29.50	54.06	90.07
2008-01-14T19:08:00	1394.37	2582.16	-254.89	29.07	53.84	89.65
2008-01-14T19:08:02	1385.88	2593.21	-255.31	28.65	53.61	89.23
2008-01-14T19:08:04	1377.39	2604.26	-255.72	28.23	53.38	88.81
2008-01-14T19:08:06	1368.89	2615.29	-256.14	27.82	53.14	88.39
2008-01-14T19:08:08	1360.39	2626.32	-256.55	27.40	52.90	87.97
2008-01-14T19:08:10	1351.88	2637.34	-256.97	27.00	52.66	87.54
2008-01-14T19:08:12	1343.36	2648.34	-257.38	26.59	52.42	87.12
2008-01-14T19:08:14	1334.85	2659.34	-257.79	26.19	52.18	86.70
2008-01-14T19:08:16	1326.33	2670.33	-258.20	25.79	51.93	86.27
2008-01-14T19:08:18	1317.80	2681.31	-258.61	25.40	51.68	85.85
2008-01-14T19:08:20	1309.27	2692.28	-259.02	25.01	51.42	85.42
2008-01-14T19:08:22	1300.74	2703.25	-259.43	24.62	51.17	85.00
2008-01-14T19:08:24	1292.20	2714.20	-259.83	24.24	50.91	84.57
2008-01-14T19:08:26	1283.66	2725.15	-260.24	23.86	50.65	84.15
2008-01-14T19:08:28	1275.11	2736.09	-260.64	23.48	50.39	83.72
2008-01-14T19:08:30	1266.56	2747.02	-261.05	23.11	50.13	83.30
2008-01-14T19:08:32	1258.01	2757.93	-261.45	22.74	49.86	82.87
2008-01-14T19:08:34	1249.45	2768.85	-261.86	22.38	49.59	82.45
2008-01-14T19:08:36	1240.89	2779.75	-262.26	22.02	49.32	82.02
2008-01-14T19:08:38	1232.32	2790.65	-262.66	21.66	49.05	81.59
2008-01-14T19:08:40	1223.75	2801.53	-263.06	21.31	48.78	81.17
2008-01-14T19:08:42	1215.18	2812.41	-263.46	20.96	48.51	80.75
2008-01-14T19:08:44	1206.60	2823.28	-263.86	20.61	48.23	80.32
2008-01-14T19:08:46	1198.02	2834.14	-264.26	20.27	47.96	79.90
2008-01-14T19:08:48	1189.44	2844.99	-264.65	19.93	47.68	79.47
2008-01-14T19:08:50	1180.85	2855.83	-265.05	19.60	47.40	79.05
2008-01-14T19:08:52	1172.26	2866.67	-265.45	19.27	47.12	78.63
2008-01-14T19:08:54	1163.66	2877.50	-265.84	18.94	46.84	78.20
2008-01-14T19:08:56	1155.07	2888.32	-266.24	18.62	46.56	77.78
2008-01-14T19:08:58	1146.43	2899.16	-266.63	18.30	46.28	77.36
2008-01-14T19:09:00	1137.86	2909.93	-267.02	17.99	46.00	76.94
2008-01-14T19:09:02	1129.25	2920.72	-267.41	17.68	45.72	76.52
2008-01-14T19:09:04	1120.64	2931.51	-267.81	17.37	45.43	76.10
2008-01-14T19:09:06	1112.03	2942.28	-268.20	17.06	45.15	75.68
2008-01-14T19:09:08	1103.41	2953.05	-268.59	16.76	44.86	75.26
2008-01-14T19:09:10	1094.79	2963.81	-268.98	16.47	44.58	74.85
2008-01-14T19:09:12	1086.17	2974.57	-269.36	16.17	44.29	74.43
2008-01-14T19:09:14	1077.55	2985.31	-269.75	15.88	44.01	74.01
2008-01-14T19:09:16	1068.92	2996.05	-270.14	15.60	43.72	73.60
2008-01-14T19:09:18	1060.28	3006.78	-270.52	15.32	43.44	73.19
2008-01-14T19:09:20	1051.65	3017.50	-270.91	15.04	43.15	72.77
2008-01-14T19:09:22	1043.01	3028.21	-271.29	14.76	42.87	72.36
2008-01-14T19:09:24	1034.37	3038.92	-271.68	14.49	42.58	71.95
2008-01-14T19:09:26	1025.73	3049.61	-272.06	14.23	42.29	71.54
2008-01-14T19:09:28	1017.09	3060.30	-272.44	13.96	42.01	71.13
2008-01-14T19:09:30	1008.44	3070.98	-272.82	13.70	41.72	70.73
2008-01-14T19:09:32	999.79	3081.65	-273.20	13.44	41.44	70.32
2008-01-14T19:09:34	991.14	3092.32	-273.58	13.19	41.15	69.92
2008-01-14T19:09:36	982.48	3102.97	-273.97	12.94	40.87	69.51
2008-01-14T19:09:38	973.82	3113.62	-274.34	12.69	40.59	69.11
2008-01-14T19:09:40	965.16	3124.26	-274.72	12.45	40.30	68.71
2008-01-14T19:09:42	956.50	3134.90	-275.10	12.21	40.02	68.31
2008-01-14T19:09:44	947.84	3145.52	-275.48	11.97	39.74	67.91
2008-01-14T19:09:46	939.17	3156.14	-275.85	11.74	39.45	67.51
2008-01-14T19:09:48	930.50	3166.75	-276.23	11.51	39.17	67.11
2008-01-14T19:09:50	921.83	3177.36	-276.60	11.28	38.89	66.72
2008-01-14T19:09:52	913.15	3187.95	-276.98	11.06	38.61	66.33
2008-01-14T19:09:54	904.48	3198.54	-277.35	10.84	38.33	65.93
2008-01-14T19:09:56	895.80	3209.12	-277.72	10.62	38.05	65.54
2008-01-14T19:09:58	887.12	3219.69	-278.10	10.41	37.78	65.15
2008-01-14T19:10:00	878.44	3230.25	-278.47	10.20	37.50	64.77
2008-01-14T19:10:02	869.76	3240.81	-278.84	9.99	37.22	64.38
2008-01-14T19:10:04	861.07	3251.36	-279.21	9.78	36.95	64.00
2008-01-14T19:10:06	852.38	3261.91	-279.58	9.58	36.67	63.61
2008-01-14T19:10:08	843.69	3272.44	-279.95	9.38	36.40	63.23
2008-01-14T19:10:10	835.00	3282.97	-280.32	9.19	36.13	62.85
2008-01-14T19:10:12	826.31	3293.49	-280.68	9.00	35.86	62.47
2008-01-14T19:10:14	817.61	3304.00	-281.05	8.81	35.59	62.09
2008-01-14T19:10:16	808.91	3314.51	-281.42	8.62	35.32	61.72
2008-01-14T19:10:18	800.21	3325.01	-281.78	8.44	35.05	61.35
2008-01-14T19:10:20	791.51	3335.50	-282.15	8.25	34.78	60.97
2008-01-14T19:10:22	782.81	3345.98	-282.51	8.08	34.52	60.60
2008-01-14T19:10:24	774.11	3356.46	-282.88	7.90	34.25	60.23
2008-01-14T19:10:26	765.40	3366.93	-283.24	7.73	33.99	59.87
2008-01-14T19:10:28	756.69	3377.39	-283.60	7.56	33.73	59.50
2008-01-14T19:10:30	747.98	3387.85	-283.96	7.39	33.47	59.14
2008-01-14T19:10:32	739.28	3398.30	-284.33	7.22	33.21	58.77
2008-01-14T19:10:34	730.56	3408.74	-284.69	7.06	32.95	58.41
2008-01-14T19:10:36	721.85	3419.17	-285.05	6.90	32.69	58.05
2008-01-14T19:10:38	713.14	3429.60	-285.41	6.74	32.43	57.70
2008-01-14T19:10:40	704.42	3440.02	-285.77	6.59	32.18	57.34
2008-01-14T19:10:42	695.70	3450.44	-286.13	6.44	31.93	56.99
2008-01-14T19:10:44	686.98	3460.84	-286.49	6.29	31.67	56.64
2008-01-14T19:10:46	678.26	3471.24	-286.84	6.14	31.42	56.29
2008-01-14T19:10:48	669.54	3481.64	-287.20	6.00	31.17	55.94
2008-01-14T19:10:50	660.82	3492.03	-287.56	5.85	30.93	55.59
2008-01-14T19:10:52	652.09	3502.41	-287.91	5.71	30.68	55.24
2008-01-14T19:10:54	643.37	3512.78	-288.27	5.57	30.44	54.90
2008-01-14T19:10:56	634.64	3523.15	-288.62	5.44	30.19	54.56
2008-01-14T19:10:58	625.92	3533.50	-288.98	5.31	29.95	54.22
2008-01-14T19:11:00	617.19	3543.86	-289.33	5.17	29.71	53.88
2008-01-14T19:11:02	608.46	3554.20	-289.68	5.05	29.47	53.55
2008-01-14T19:11:04	599.73	3564.54	-290.04	4.92	29.23	53.21
2008-01-14T19:11:06	591.00	3574.88	-290.39	4.79	29.00	52.88
2008-01-14T19:11:08	582.26	3585.20	-290.74	4.67	28.76	52.55
2008-01-14T19:11:10	573.53	3595.53	-291.09	4.55	28.53	52.22
2008-01-14T19:11:12	564.79	3605.84	-291.44	4.43	28.30	51.89
2008-01-14T19:11:14	556.06	3616.15	-291.79	4.32	28.07	51.57
2008-01-14T19:11:16	547.32	3626.45	-292.14	4.20	27.84	51.24
2008-01-14T19:11:18	538.59	3636.74	-292.49	4.09	27.61	50.92
2008-01-14T19:11:20	529.85	3647.03	-292.84	3.98	27.38	50.60
2008-01-14T19:11:22	521.11	3657.31	-293.19	3.87	27.16	50.28
2008-01-14T19:11:24	512.37	3667.59	-293.53	3.76	26.94	49.96
2008-01-14T19:11:26	503.63	3677.86	-293.88	3.66	26.72	49.65
2008-01-14T19:11:28	494.88	3688.12	-294.22	3.56	26.50	49.34
2008-01-14T19:11:30	486.14	3698.38	-294.57	3.45	26.28	49.03
2008-01-14T19:11:32	477.40	3708.63	-294.92	3.35	26.06	48.72
2008-01-14T19:11:34	468.65	3718.87	-295.26	3.26	25.85	48.41
2008-01-14T19:11:36	459.91	3729.11	-295.61	3.16	25.63	48.10
2008-01-14T19:11:38	451.16	3739.35	-295.95	3.07	25.42	47.80
2008-01-14T19:11:40	442.42	3749.57	-296.29	2.97	25.21	47.50
2008-01-14T19:11:42	433.67	3759.79	-296.64	2.88	25.00	47.20
2008-01-14T19:11:44	424.92	3770.01	-296.98	2.79	24.79	46.90
2008-01-14T19:11:46	416.17	3780.21	-297.32	2.71	24.59	46.60
2008-01-14T19:11:48	407.42	3790.42	-297.66	2.62	24.38	46.31
2008-01-14T19:11:50	398.67	3800.61	-298.00	2.54	24.18	46.01
2008-01-14T19:11:52	389.92	3810.80	-298.34	2.45	23.98	45.72
2008-01-14T19:11:54	381.17	3820.99	-298.68	2.37	23.78	45.43
2008-01-14T19:11:56	372.42	3831.17	-299.02	2.29	23.58	45.14
2008-01-14T19:11:58	363.67	3841.34	-299.36	2.21	23.38	44.86
2008-01-14T19:12:00	354.92	3851.51	-299.70	2.14	23.19	44.57
2008-01-14T19:12:02	346.16	3861.67	-300.04	2.06	22.99	44.29
2008-01-14T19:12:04	337.41	3871.82	-300.38	1.99	22.80	44.01
2008-01-14T19:12:06	328.66	3881.97	-300.72	1.91	22.61	43.73
2008-01-14T19:12:08	319.90	3892.12	-301.05	1.84	22.42	43.45
2008-01-14T19:12:10	311.15	3902.26	-301.39	1.77	22.23	43.18
2008-01-14T19:12:12	302.39	3912.39	-301.73	1.70	22.05	42.90
2008-01-14T19:12:14	293.64	3922.52	-302.06	1.64	21.86	42.63
2008-01-14T19:12:16	284.88	3932.64	-302.40	1.57	21.68	42.36
2008-01-14T19:12:18	276.12	3942.75	-302.73	1.51	21.50	42.09
2008-01-14T19:12:20	267.37	3952.87	-303.07	1.44	21.31	41.82
2008-01-14T19:12:22	258.61	3962.97	-303.40	1.38	21.14	41.56
2008-01-14T19:12:24	249.85	3973.07	-303.73	1.32	20.96	41.29
2008-01-14T19:12:26	241.09	3983.16	-304.07	1.26	20.78	41.03
2008-01-14T19:12:28	232.34	3993.25	-304.40	1.20	20.61	40.77
2008-01-14T19:12:30	223.58	4003.33	-304.73	1.14	20.43	40.51
2008-01-14T19:12:32	214.82	4013.41	-305.06	1.08	20.26	40.26
2008-01-14T19:12:34	206.06	4023.49	-305.39	1.03	20.09	40.00
2008-01-14T19:12:36	197.30	4033.55	-305.72	0.97	19.92	39.75
2008-01-14T19:12:38	188.54	4043.61	-306.06	0.92	19.75	39.49
2008-01-14T19:12:40	179.78	4053.67	-306.39	0.87	19.59	39.24
2008-01-14T19:12:42	171.02	4063.72	-306.72	0.82	19.42	38.99
2008-01-14T19:12:44	162.26	4073.77	-307.04	0.77	19.26	38.75
2008-01-14T19:12:46	153.50	4083.81	-307.37	0.72	19.09	38.50
2008-01-14T19:12:48	144.74	4093.84	-307.70	0.67	18.93	38.26
2008-01-14T19:12:50	135.98	4103.88	-308.03	0.62	18.77	38.02
2008-01-14T19:12:52	127.22	4113.90	-308.36	0.58	18.62	37.78
2008-01-14T19:12:54	118.46	4123.92	-308.69	0.53	18.46	37.54
2008-01-14T19:12:56	109.70	4133.94	-309.01	0.49	18.30	37.30
2008-01-14T19:12:58	100.94	4143.94	-309.34	0.44	18.15	37.06
2008-01-14T19:13:00	92.18	4153.95	-309.67	0.40	17.99	36.83
2008-01-14T19:13:02	83.42	4163.95	-309.99	0.36	17.84	36.60
2008-01-14T19:13:04	74.66	4173.95	-310.32	0.32	17.69	36.36
2008-01-14T19:13:06	65.90	4183.94	-310.64	0.28	17.54	36.13
2008-01-14T19:13:08	57.14	4193.92	-310.97	0.24	17.40	35.91
2008-01-14T19:13:10	48.38	4203.90	-311.29	0.20	17.25	35.68
2008-01-14T19:13:12	39.62	4213.88	-311.61	0.16	17.10	35.46
2008-01-14T19:13:14	30.85	4223.84	-311.94	0.12	16.96	35.23
2008-01-14T19:13:16	22.09	4233.81	-312.26	0.09	16.82	35.01
2008-01-14T19:13:18	13.33	4243.77	-312.59	0.05	16.67	34.79
2008-01-14T19:13:20	4.57	4253.73	-312.91	0.02	16.53	34.57
2008-01-14T19:13:22	-4.19	4263.68	-313.23	-0.02	16.40	34.35
2008-01-14T19:13:24	-12.95	4273.62	-313.55	-0.05	16.26	34.14
2008-01-14T19:13:26	-21.71	4283.57	-313.87	-0.08	16.12	33.92
2008-01-14T19:13:28	-30.47	4293.50	-314.20	-0.11	15.99	33.71
2008-01-14T19:13:30	-39.23	4303.44	-314.52	-0.14	15.85	33.50
2008-01-14T19:13:32	-47.99	4313.36	-314.84	-0.17	15.72	33.29
2008-01-14T19:13:34	-56.75	4323.28	-315.16	-0.20	15.59	33.08
2008-01-14T19:13:36	-65.51	4333.20	-315.48	-0.23	15.45	32.87
2008-01-14T19:13:38	-74.28	4343.11	-315.80	-0.26	15.32	32.66
2008-01-14T19:13:40	-83.04	4353.02	-316.12	-0.29	15.20	32.46
2008-01-14T19:13:42	-91.80	4362.93	-316.43	-0.32	15.07	32.26
2008-01-14T19:13:44	-100.55	4372.83	-316.75	-0.34	14.94	32.06
2008-01-14T19:13:46	-109.32	4382.72	-317.07	-0.37	14.82	31.86
2008-01-14T19:13:48	-118.08	4392.61	-317.39	-0.39	14.69	31.66
2008-01-14T19:13:50	-126.84	4402.50	-317.71	-0.42	14.57	31.46
2008-01-14T19:13:52	-135.59	4412.38	-318.02	-0.44	14.45	31.26
2008-01-14T19:13:54	-144.35	4422.26	-318.34	-0.47	14.33	31.07
2008-01-14T19:13:56	-153.11	4432.13	-318.66	-0.49	14.21	30.87
2008-01-14T19:13:58	-161.87	4442.00	-318.97	-0.51	14.09	30.68
2008-01-14T19:14:00	-170.63	4451.86	-319.29	-0.54	13.97	30.49
2008-01-14T19:14:02	-179.39	4461.72	-319.61	-0.56	13.86	30.30
2008-01-14T19:14:04	-188.15	4471.58	-319.92	-0.58	13.74	30.11
2008-01-14T19:14:06	-196.90	4481.43	-320.24	-0.60	13.63	29.93
2008-01-14T19:14:08	-205.66	4491.27	-320.55	-0.62	13.51	29.74
2008-01-14T19:14:10	-214.42	4501.12	-320.86	-0.64	13.40	29.56
2008-01-14T19:14:12	-223.18	4510.95	-321.18	-0.66	13.29	29.37
2008-01-14T19:14:14	-231.93	4520.79	-321.49	-0.68	13.18	29.19
2008-01-14T19:14:16	-240.69	4530.62	-321.81	-0.69	13.07	29.01
2008-01-14T19:14:18	-249.45	4540.44	-322.12	-0.71	12.96	28.83
2008-01-14T19:14:20	-258.20	4550.26	-322.43	-0.73	12.85	28.65
2008-01-14T19:14:22	-266.96	4560.08	-322.75	-0.75	12.75	28.48
2008-01-14T19:14:24	-275.72	4569.89	-323.06	-0.76	12.64	28.30
2008-01-14T19:14:26	-284.47	4579.70	-323.37	-0.78	12.54	28.13
2008-01-14T19:14:28	-293.22	4589.51	-323.68	-0.79	12.43	27.96
2008-01-14T19:14:30	-301.98	4599.31	-323.99	-0.81	12.33	27.78
2008-01-14T19:14:32	-310.73	4609.10	-324.30	-0.82	12.23	27.61
2008-01-14T19:14:34	-319.49	4618.90	-324.62	-0.84	12.13	27.44
2008-01-14T19:14:36	-328.24	4628.68	-324.93	-0.85	12.03	27.28
2008-01-14T19:14:38	-337.00	4638.47	-325.23	-0.87	11.93	27.11
2008-01-14T19:14:40	-345.75	4648.25	-325.54	-0.88	11.83	26.94
2008-01-14T19:14:42	-354.50	4658.03	-325.85	-0.89	11.73	26.78
2008-01-14T19:14:44	-363.25	4667.80	-326.16	-0.91	11.64	26.61
2008-01-14T19:14:46	-372.01	4677.57	-326.47	-0.92	11.54	26.45
2008-01-14T19:14:48	-380.76	4687.33	-326.78	-0.93	11.45	26.29
2008-01-14T19:14:50	-389.51	4697.09	-327.09	-0.94	11.35	26.13
2008-01-14T19:14:52	-398.26	4706.85	-327.40	-0.95	11.26	25.97
2008-01-14T19:14:54	-407.01	4716.60	-327.71	-0.96	11.17	25.81
2008-01-14T19:14:56	-415.76	4726.35	-328.01	-0.97	11.08	25.66
2008-01-14T19:14:58	-424.51	4736.09	-328.32	-0.98	10.99	25.50
2008-01-14T19:15:00	-433.26	4745.84	-328.63	-0.99	10.90	25.35
2008-01-14T19:15:02	-442.01	4755.57	-328.93	-1.00	10.81	25.19
2008-01-14T19:15:04	-450.76	4765.31	-329.24	-1.01	10.72	25.04
2008-01-14T19:15:06	-459.51	4775.04	-329.55	-1.02	10.63	24.89
2008-01-14T19:15:08	-468.26	4784.76	-329.85	-1.03	10.55	24.74
2008-01-14T19:15:10	-477.00	4794.49	-330.16	-1.04	10.46	24.59
2008-01-14T19:15:12	-485.75	4804.20	-330.47	-1.05	10.38	24.44
2008-01-14T19:15:14	-494.50	4813.92	-330.77	-1.06	10.29	24.30
2008-01-14T19:15:16	-503.25	4823.63	-331.08	-1.06	10.21	24.15
2008-01-14T19:15:18	-511.99	4833.34	-331.38	-1.07	10.13	24.00
2008-01-14T19:15:20	-520.74	4843.04	-331.69	-1.08	10.04	23.86
2008-01-14T19:15:22	-529.48	4852.74	-331.99	-1.09	9.96	23.72
2008-01-14T19:15:24	-538.22	4862.44	-332.29	-1.09	9.88	23.57
2008-01-14T19:15:26	-546.97	4872.13	-332.60	-1.10	9.80	23.43
2008-01-14T19:15:28	-555.71	4881.82	-332.90	-1.11	9.72	23.29
2008-01-14T19:15:30	-564.45	4891.51	-333.20	-1.11	9.65	23.15
2008-01-14T19:15:32	-573.20	4901.19	-333.51	-1.12	9.57	23.02
2008-01-14T19:15:34	-581.94	4910.87	-333.81	-1.12	9.49	22.88
2008-01-14T19:15:36	-590.68	4920.54	-334.11	-1.13	9.42	22.74
2008-01-14T19:15:38	-599.43	4930.22	-334.42	-1.14	9.34	22.61
2008-01-14T19:15:40	-608.17	4939.88	-334.72	-1.14	9.27	22.47
2008-01-14T19:15:42	-616.91	4949.55	-335.02	-1.15	9.19	22.34
2008-01-14T19:15:44	-625.65	4959.21	-335.32	-1.15	9.12	22.21
2008-01-14T19:15:46	-634.39	4968.87	-335.62	-1.15	9.05	22.08
2008-01-14T19:15:48	-643.12	4978.52	-335.92	-1.16	8.97	21.95
2008-01-14T19:15:50	-651.86	4988.17	-336.23	-1.16	8.90	21.82
2008-01-14T19:15:52	-660.60	4997.82	-336.53	-1.17	8.83	21.69
2008-01-14T19:15:54	-669.34	5007.47	-336.83	-1.17	8.76	21.56
2008-01-14T19:15:56	-678.08	5017.11	-337.13	-1.17	8.69	21.43
2008-01-14T19:15:58	-686.81	5026.75	-337.43	-1.18	8.62	21.31
2008-01-14T19:16:00	-695.55	5036.38	-337.73	-1.18	8.55	21.18
2008-01-14T19:16:02	-704.28	5046.01	-338.03	-1.18	8.49	21.06
2008-01-14T19:16:04	-713.02	5055.64	-338.33	-1.19	8.42	20.93
2008-01-14T19:16:06	-721.75	5065.26	-338.63	-1.19	8.35	20.81
2008-01-14T19:16:08	-730.49	5074.88	-338.92	-1.19	8.29	20.69
2008-01-14T19:16:10	-739.22	5084.50	-339.22	-1.20	8.22	20.57
2008-01-14T19:16:12	-747.96	5094.12	-339.52	-1.20	8.16	20.45
2008-01-14T19:16:14	-756.69	5103.73	-339.82	-1.20	8.09	20.33
2008-01-14T19:16:16	-765.42	5113.34	-340.12	-1.20	8.03	20.21
2008-01-14T19:16:18	-774.15	5122.94	-340.42	-1.20	7.97	20.09
2008-01-14T19:16:20	-782.88	5132.54	-340.71	-1.21	7.91	19.98
2008-01-14T19:16:22	-791.61	5142.14	-341.01	-1.21	7.84	19.86
2008-01-14T19:16:24	-800.34	5151.74	-341.31	-1.21	7.78	19.75
2008-01-14T19:16:26	-809.07	5161.33	-341.60	-1.21	7.72	19.63
2008-01-14T19:16:28	-817.80	5170.92	-341.90	-1.21	7.66	19.52
2008-01-14T19:16:30	-826.53	5180.51	-342.20	-1.21	7.60	19.41
2008-01-14T19:16:32	-835.26	5190.09	-342.50	-1.21	7.54	19.30
2008-01-14T19:16:34	-843.98	5199.67	-342.79	-1.21	7.49	19.18
2008-01-14T19:16:36	-852.71	5209.25	-343.09	-1.22	7.43	19.07
2008-01-14T19:16:38	-861.44	5218.82	-343.38	-1.22	7.37	18.96
2008-01-14T19:16:40	-870.16	5228.39	-343.68	-1.22	7.31	18.86
2008-01-14T19:16:42	-878.89	5237.96	-343.97	-1.22	7.26	18.75
2008-01-14T19:16:44	-887.61	5247.52	-344.27	-1.22	7.20	18.64
2008-01-14T19:16:46	-896.34	5257.08	-344.56	-1.22	7.15	18.53
2008-01-14T19:16:48	-905.06	5266.64	-344.86	-1.22	7.09	18.43
2008-01-14T19:16:50	-913.78	5276.20	-345.15	-1.22	7.04	18.32
2008-01-14T19:16:52	-922.51	5285.75	-345.45	-1.22	6.98	18.22
2008-01-14T19:16:54	-931.23	5295.30	-345.74	-1.22	6.93	18.11
2008-01-14T19:16:56	-939.95	5304.85	-346.04	-1.22	6.88	18.01
2008-01-14T19:16:58	-948.67	5314.39	-346.33	-1.22	6.82	17.91
2008-01-14T19:17:00	-957.39	5323.93	-346.62	-1.22	6.77	17.81
2008-01-14T19:17:02	-966.11	5333.47	-346.92	-1.22	6.72	17.71
