Time	POS_X	POS_Y	POS_Z	B_X	B_Y	B_Z
2008-01-14T18:52:14	4475.69	-3085.05	18.50	2.05	-1.10	18.06
2008-01-14T18:52:16	4470.58	-3073.19	17.87	2.07	-1.11	18.16
2008-01-14T18:52:18	4465.44	-3061.29	17.23	2.09	-1.12	18.27
2008-01-14T18:52:20	4460.35	-3049.48	16.60	2.12	-1.13	18.37
2008-01-14T18:52:22	4455.23	-3037.62	15.96	2.14	-1.14	18.48
2008-01-14T18:52:24	4450.11	-3025.75	15.33	2.17	-1.15	18.59
2008-01-14T18:52:26	4444.99	-3013.89	14.69	2.19	-1.17	18.69
2008-01-14T18:52:28	4439.86	-3002.03	14.06	2.21	-1.18	18.80
2008-01-14T18:52:30	4434.73	-2990.16	13.42	2.24	-1.19	18.91
2008-01-14T18:52:32	4429.60	-2978.29	12.79	2.26	-1.20	19.02
2008-01-14T18:52:34	4424.47	-2966.42	12.15	2.29	-1.21	19.13
2008-01-14T18:52:36	4419.33	-2954.55	11.52	2.31	-1.22	19.24
2008-01-14T18:52:38	4414.19	-2942.67	10.88	2.34	-1.23	19.35
2008-01-14T18:52:40	4409.05	-2930.80	10.25	2.36	-1.24	19.47
2008-01-14T18:52:42	4403.91	-2918.92	9.61	2.39	-1.25	19.58
2008-01-14T18:52:44	4398.76	-2907.04	8.98	2.42	-1.27	19.69
2008-01-14T18:52:46	4393.62	-2895.16	8.34	2.44	-1.28	19.81
2008-01-14T18:52:48	4388.46	-2883.28	7.71	2.47	-1.29	19.93
2008-01-14T18:52:50	4383.31	-2871.39	7.07	2.50	-1.30	20.04
2008-01-14T18:52:52	4378.15	-2859.51	6.44	2.53	-1.31	20.16
2008-01-14T18:52:54	4372.99	-2847.62	5.80	2.56	-1.32	20.28
2008-01-14T18:52:56	4367.83	-2835.73	5.17	2.58	-1.34	20.40
2008-01-14T18:52:58	4362.67	-2823.84	4.53	2.61	-1.35	20.52
2008-01-14T18:53:00	4357.50	-2811.95	3.90	2.64	-1.36	20.64
2008-01-14T18:53:02	4352.33	-2800.05	3.26	2.67	-1.37	20.76
2008-01-14T18:53:04	4347.16	-2788.15	2.63	2.70	-1.39	20.88
2008-01-14T18:53:06	4341.98	-2776.26	1.99	2.73	-1.40	21.01
2008-01-14T18:53:08	4336.80	-2764.35	1.36	2.76	-1.41	21.13
2008-01-14T18:53:10	4331.62	-2752.45	0.72	2.79	-1.42	21.26
2008-01-14T18:53:12	4326.44	-2740.55	0.09	2.82	-1.44	21.38
2008-01-14T18:53:14	4321.25	-2728.64	-0.55	2.86	-1.45	21.51
2008-01-14T18:53:16	4316.06	-2716.74	-1.19	2.89	-1.46	21.64
2008-01-14T18:53:18	4310.87	-2704.83	-1.82	2.92	-1.47	21.77
2008-01-14T18:53:20	4305.68	-2692.91	-2.45	2.95	-1.49	21.90
2008-01-14T18:53:22	4300.48	-2681.00	-3.09	2.99	-1.50	22.03
2008-01-14T18:53:24	4295.28	-2669.08	-3.73	3.02	-1.51	22.16
2008-01-14T18:53:26	4290.08	-2657.17	-4.36	3.06	-1.53	22.29
2008-01-14T18:53:28	4284.87	-2645.25	-4.99	3.09	-1.54	22.42
2008-01-14T18:53:30	4279.66	-2633.33	-5.63	3.12	-1.55	22.56
2008-01-14T18:53:32	4274.45	-2621.41	-6.27	3.16	-1.57	22.69
2008-01-14T18:53:34	4269.23	-2609.48	-6.90	3.20	-1.58	22.83
2008-01-14T18:53:36	4264.01	-2597.56	-7.54	3.23	-1.59	22.97
2008-01-14T18:53:38	4258.79	-2585.63	-8.17	3.27	-1.61	23.11
2008-01-14T18:53:40	4253.57	-2573.70	-8.81	3.31	-1.62	23.24
2008-01-14T18:53:42	4248.34	-2561.77	-9.44	3.34	-1.64	23.38
2008-01-14T18:53:44	4243.11	-2549.83	-10.08	3.38	-1.65	23.53
2008-01-14T18:53:46	4237.88	-2537.90	-10.71	3.42	-1.66	23.67
2008-01-14T18:53:48	4232.64	-2525.96	-11.35	3.46	-1.68	23.81
2008-01-14T18:53:50	4227.40	-2514.02	-11.98	3.50	-1.69	23.96
2008-01-14T18:53:52	4222.16	-2502.08	-12.62	3.54	-1.71	24.10
2008-01-14T18:53:54	4216.92	-2490.13	-13.25	3.58	-1.72	24.25
2008-01-14T18:53:56	4211.67	-2478.19	-13.89	3.62	-1.74	24.39
2008-01-14T18:53:58	4206.42	-2466.24	-14.52	3.66	-1.75	24.54
2008-01-14T18:54:00	4201.16	-2454.30	-15.16	3.70	-1.77	24.69
2008-01-14T18:54:02	4195.90	-2442.34	-15.79	3.74	-1.78	24.84
2008-01-14T18:54:04	4190.64	-2430.39	-16.43	3.79	-1.80	24.99
2008-01-14T18:54:06	4185.38	-2418.44	-17.06	3.83	-1.81	25.15
2008-01-14T18:54:08	4180.11	-2406.48	-17.70	3.87	-1.83	25.30
2008-01-14T18:54:10	4174.84	-2394.52	-18.33	3.92	-1.84	25.45
2008-01-14T18:54:12	4169.56	-2382.56	-18.97	3.96	-1.86	25.61
2008-01-14T18:54:14	4164.29	-2370.60	-19.60	4.01	-1.87	25.77
2008-01-14T18:54:16	4159.01	-2358.64	-20.24	4.05	-1.89	25.92
2008-01-14T18:54:18	4153.72	-2346.67	-20.87	4.10	-1.90	26.08
2008-01-14T18:54:20	4148.43	-2334.70	-21.51	4.15	-1.92	26.24
2008-01-14T18:54:22	4143.14	-2322.73	-22.14	4.19	-1.94	26.41
2008-01-14T18:54:24	4137.85	-2310.76	-22.77	4.24	-1.95	26.57
2008-01-14T18:54:26	4132.55	-2298.79	-23.41	4.29	-1.97	26.73
2008-01-14T18:54:28	4127.25	-2286.81	-24.05	4.34	-1.98	26.90
2008-01-14T18:54:30	4121.95	-2274.83	-24.68	4.39	-2.00	27.06
2008-01-14T18:54:32	4116.64	-2262.85	-25.32	4.44	-2.02	27.23
2008-01-14T18:54:34	4111.33	-2250.87	-25.95	4.49	-2.03	27.40
2008-01-14T18:54:36	4106.01	-2238.89	-26.58	4.54	-2.05	27.57
2008-01-14T18:54:38	4100.70	-2226.91	-27.22	4.60	-2.06	27.74
2008-01-14T18:54:40	4095.37	-2214.92	-27.86	4.65	-2.08	27.91
2008-01-14T18:54:42	4090.05	-2202.93	-28.49	4.70	-2.10	28.08
2008-01-14T18:54:44	4084.72	-2190.94	-29.12	4.76	-2.11	28.26
2008-01-14T18:54:46	4079.39	-2178.94	-29.76	4.81	-2.13	28.43
2008-01-14T18:54:48	4074.05	-2166.95	-30.39	4.87	-2.15	28.61
2008-01-14T18:54:50	4068.71	-2154.95	-31.03	4.92	-2.16	28.79
2008-01-14T18:54:52	4063.37	-2142.95	-31.66	4.98	-2.18	28.97
2008-01-14T18:54:54	4058.03	-2130.95	-32.30	5.04	-2.20	29.15
2008-01-14T18:54:56	4052.67	-2118.95	-32.93	5.10	-2.22	29.33
2008-01-14T18:54:58	4047.32	-2106.94	-33.56	5.16	-2.23	29.51
2008-01-14T18:55:00	4041.96	-2094.94	-34.20	5.22	-2.25	29.70
2008-01-14T18:55:02	4036.60	-2082.93	-34.83	5.28	-2.27	29.88
2008-01-14T18:55:04	4031.24	-2070.92	-35.47	5.34	-2.28	30.07
2008-01-14T18:55:06	4025.87	-2058.90	-36.10	5.40	-2.30	30.26
2008-01-14T18:55:08	4020.49	-2046.89	-36.74	5.46	-2.32	30.45
2008-01-14T18:55:10	4015.12	-2034.87	-37.37	5.53	-2.34	30.64
2008-01-14T18:55:12	4009.74	-2022.85	-38.01	5.59	-2.35	30.83
2008-01-14T18:55:14	4004.35	-2010.83	-38.64	5.66	-2.37	31.02
2008-01-14T18:55:16	3998.96	-1998.81	-39.27	5.72	-2.39	31.22
2008-01-14T18:55:18	3993.57	-1986.78	-39.91	5.79	-2.41	31.41
2008-01-14T18:55:20	3988.18	-1974.76	-40.54	5.86	-2.42	31.61
2008-01-14T18:55:22	3982.78	-1962.73	-41.18	5.92	-2.44	31.81
2008-01-14T18:55:24	3977.37	-1950.70	-41.81	5.99	-2.46	32.01
2008-01-14T18:55:26	3971.97	-1938.67	-42.44	6.06	-2.48	32.21
2008-01-14T18:55:28	3966.55	-1926.63	-43.08	6.13	-2.50	32.42
2008-01-14T18:55:30	3961.14	-1914.59	-43.71	6.21	-2.51	32.62
2008-01-14T18:55:32	3955.72	-1902.55	-44.34	6.28	-2.53	32.83
2008-01-14T18:55:34	3950.29	-1890.51	-44.98	6.35	-2.55	33.03
2008-01-14T18:55:36	3944.87	-1878.47	-45.61	6.43	-2.57	33.24
2008-01-14T18:55:38	3939.43	-1866.43	-46.25	6.50	-2.58	33.45
2008-01-14T18:55:40	3934.00	-1854.38	-46.88	6.58	-2.60	33.66
2008-01-14T18:55:42	3928.56	-1842.33	-47.51	6.65	-2.62	33.88
2008-01-14T18:55:44	3923.11	-1830.28	-48.15	6.73	-2.64	34.09
2008-01-14T18:55:46	3917.66	-1818.23	-48.78	6.81	-2.66	34.31
2008-01-14T18:55:48	3912.21	-1806.17	-49.41	6.89	-2.67	34.52
2008-01-14T18:55:50	3906.75	-1794.11	-50.05	6.97	-2.69	34.74
2008-01-14T18:55:52	3901.29	-1782.06	-50.68	7.05	-2.71	34.96
2008-01-14T18:55:54	3895.82	-1770.00	-51.31	7.13	-2.73	35.19
2008-01-14T18:55:56	3890.35	-1757.93	-51.95	7.22	-2.75	35.41
2008-01-14T18:55:58	3884.88	-1745.87	-52.58	7.30	-2.76	35.63
2008-01-14T18:56:00	3879.40	-1733.80	-53.21	7.39	-2.78	35.86
2008-01-14T18:56:02	3873.91	-1721.73	-53.85	7.48	-2.80	36.09
2008-01-14T18:56:04	3868.43	-1709.66	-54.48	7.56	-2.82	36.32
2008-01-14T18:56:06	3862.94	-1697.59	-55.11	7.65	-2.83	36.55
2008-01-14T18:56:08	3857.44	-1685.51	-55.74	7.74	-2.85	36.78
2008-01-14T18:56:10	3851.94	-1673.43	-56.38	7.83	-2.87	37.01
2008-01-14T18:56:12	3846.43	-1661.36	-57.01	7.92	-2.89	37.25
2008-01-14T18:56:14	3840.92	-1649.28	-57.64	8.02	-2.91	37.49
2008-01-14T18:56:16	3835.41	-1637.19	-58.27	8.11	-2.92	37.73
2008-01-14T18:56:18	3829.89	-1625.11	-58.91	8.21	-2.94	37.97
2008-01-14T18:56:20	3824.36	-1613.02	-59.54	8.30	-2.96	38.21
2008-01-14T18:56:22	3818.83	-1600.93	-60.17	8.40	-2.97	38.45
2008-01-14T18:56:24	3813.30	-1588.84	-60.80	8.50	-2.99	38.70
2008-01-14T18:56:26	3807.76	-1576.75	-61.44	8.60	-3.01	38.94
2008-01-14T18:56:28	3802.22	-1564.65	-62.07	8.70	-3.03	39.19
2008-01-14T18:56:30	3796.67	-1552.55	-62.70	8.80	-3.04	39.44
2008-01-14T18:56:32	3791.12	-1540.45	-63.33	8.90	-3.06	39.69
2008-01-14T18:56:34	3785.56	-1528.36	-63.96	9.01	-3.08	39.95
2008-01-14T18:56:36	3780.00	-1516.25	-64.60	9.11	-3.09	40.20
2008-01-14T18:56:38	3774.43	-1504.15	-65.23	9.22	-3.11	40.46
2008-01-14T18:56:40	3768.86	-1492.04	-65.86	9.33	-3.12	40.71
2008-01-14T18:56:42	3763.28	-1479.93	-66.49	9.44	-3.14	40.97
2008-01-14T18:56:44	3757.70	-1467.82	-67.12	9.55	-3.16	41.24
2008-01-14T18:56:46	3752.11	-1455.71	-67.75	9.66	-3.17	41.50
2008-01-14T18:56:48	3746.52	-1443.59	-68.38	9.78	-3.19	41.76
2008-01-14T18:56:50	3740.92	-1431.47	-69.02	9.89	-3.20	42.03
2008-01-14T18:56:52	3735.32	-1419.36	-69.65	10.01	-3.22	42.30
2008-01-14T18:56:54	3729.71	-1407.24	-70.28	10.12	-3.23	42.57
2008-01-14T18:56:56	3724.10	-1395.11	-70.91	10.24	-3.25	42.84
2008-01-14T18:56:58	3718.48	-1382.99	-71.54	10.36	-3.26	43.11
2008-01-14T18:57:00	3712.86	-1370.86	-72.17	10.48	-3.28	43.39
2008-01-14T18:57:02	3707.23	-1358.73	-72.80	10.61	-3.29	43.66
2008-01-14T18:57:04	3701.60	-1346.60	-73.43	10.73	-3.31	43.94
2008-01-14T18:57:06	3695.96	-1334.47	-74.06	10.86	-3.32	44.22
2008-01-14T18:57:08	3690.31	-1322.33	-74.69	10.98	-3.33	44.50
2008-01-14T18:57:10	3684.67	-1310.20	-75.32	11.11	-3.35	44.78
2008-01-14T18:57:12	3679.01	-1298.06	-75.95	11.24	-3.36	45.07
2008-01-14T18:57:14	3673.35	-1285.92	-76.58	11.37	-3.37	45.36
2008-01-14T18:57:16	3667.69	-1273.78	-77.21	11.51	-3.38	45.64
2008-01-14T18:57:18	3662.02	-1261.63	-77.84	11.64	-3.39	45.93
2008-01-14T18:57:20	3656.34	-1249.48	-78.47	11.78	-3.41	46.23
2008-01-14T18:57:22	3650.66	-1237.34	-79.10	11.91	-3.42	46.52
2008-01-14T18:57:24	3644.97	-1225.19	-79.73	12.05	-3.43	46.81
2008-01-14T18:57:26	3639.27	-1213.03	-80.36	12.19	-3.44	47.11
2008-01-14T18:57:28	3633.58	-1200.88	-80.99	12.33	-3.45	47.41
2008-01-14T18:57:30	3627.87	-1188.72	-81.62	12.48	-3.46	47.71
2008-01-14T18:57:32	3622.16	-1176.56	-82.25	12.62	-3.47	48.01
2008-01-14T18:57:34	3616.45	-1164.40	-82.87	12.77	-3.48	48.32
2008-01-14T18:57:36	3610.72	-1152.24	-83.50	12.92	-3.48	48.62
2008-01-14T18:57:38	3605.00	-1140.08	-84.13	13.07	-3.49	48.93
2008-01-14T18:57:40	3599.26	-1127.91	-84.76	13.22	-3.50	49.24
2008-01-14T18:57:42	3593.52	-1115.75	-85.39	13.37	-3.51	49.55
2008-01-14T18:57:44	3587.78	-1103.58	-86.01	13.53	-3.51	49.86
2008-01-14T18:57:46	3582.03	-1091.40	-86.64	13.68	-3.52	50.18
2008-01-14T18:57:48	3576.27	-1079.23	-87.27	13.84	-3.52	50.49
2008-01-14T18:57:50	3570.51	-1067.06	-87.90	14.00	-3.53	50.81
2008-01-14T18:57:52	3564.74	-1054.88	-88.53	14.16	-3.53	51.13
2008-01-14T18:57:54	3558.96	-1042.70	-89.15	14.33	-3.54	51.45
2008-01-14T18:57:56	3553.18	-1030.52	-89.78	14.49	-3.54	51.77
2008-01-14T18:57:58	3547.40	-1018.34	-90.41	14.66	-3.54	52.10
2008-01-14T18:58:00	3541.60	-1006.16	-91.03	14.83	-3.55	52.42
2008-01-14T18:58:02	3535.80	-993.97	-91.66	15.00	-3.55	52.75
2008-01-14T18:58:04	3530.00	-981.78	-92.29	15.17	-3.55	53.08
2008-01-14T18:58:06	3524.18	-969.59	-92.91	15.35	-3.55	53.41
2008-01-14T18:58:08	3518.37	-957.40	-93.54	15.52	-3.55	53.74
2008-01-14T18:58:10	3512.54	-945.21	-94.16	15.70	-3.54	54.08
2008-01-14T18:58:12	3506.71	-933.01	-94.79	15.88	-3.54	54.41
2008-01-14T18:58:14	3500.87	-920.82	-95.42	16.06	-3.54	54.75
2008-01-14T18:58:16	3495.03	-908.62	-96.04	16.24	-3.54	55.09
2008-01-14T18:58:18	3489.18	-896.42	-96.67	16.43	-3.53	55.43
2008-01-14T18:58:20	3483.32	-884.22	-97.29	16.61	-3.53	55.78
2008-01-14T18:58:22	3477.46	-872.02	-97.92	16.80	-3.52	56.12
2008-01-14T18:58:24	3471.59	-859.81	-98.54	16.99	-3.51	56.47
2008-01-14T18:58:26	3465.71	-847.60	-99.17	17.19	-3.50	56.81
2008-01-14T18:58:28	3459.83	-835.39	-99.79	17.38	-3.50	57.16
2008-01-14T18:58:30	3453.94	-823.19	-100.42	17.58	-3.49	57.51
2008-01-14T18:58:32	3448.04	-810.98	-101.04	17.77	-3.48	57.87
2008-01-14T18:58:34	3442.14	-798.76	-101.66	17.97	-3.46	58.22
2008-01-14T18:58:36	3436.23	-786.55	-102.28	18.18	-3.45	58.58
2008-01-14T18:58:38	3430.31	-774.33	-102.91	18.38	-3.44	58.93
2008-01-14T18:58:40	3424.38	-762.11	-103.53	18.58	-3.42	59.29
2008-01-14T18:58:42	3418.45	-749.89	-104.15	18.79	-3.41	59.65
2008-01-14T18:58:44	3412.52	-737.67	-104.78	19.00	-3.39	60.01
2008-01-14T18:58:46	3406.57	-725.45	-105.40	19.21	-3.37	60.38
2008-01-14T18:58:48	3400.62	-713.22	-106.02	19.43	-3.35	60.74
2008-01-14T18:58:50	3394.66	-701.00	-106.65	19.64	-3.33	61.11
2008-01-14T18:58:52	3388.69	-688.77	-107.26	19.86	-3.31	61.48
2008-01-14T18:58:54	3382.72	-676.54	-107.89	20.08	-3.29	61.84
2008-01-14T18:58:56	3376.74	-664.31	-108.51	20.30	-3.26	62.21
2008-01-14T18:58:58	3370.75	-652.08	-109.13	20.52	-3.24	62.59
2008-01-14T18:59:00	3364.75	-639.85	-109.75	20.75	-3.21	62.96
2008-01-14T18:59:02	3358.75	-627.61	-110.37	20.98	-3.18	63.33
2008-01-14T18:59:04	3352.74	-615.38	-110.99	21.20	-3.15	63.71
2008-01-14T18:59:06	3346.72	-603.14	-111.61	21.44	-3.12	64.09
2008-01-14T18:59:08	3340.70	-590.90	-112.23	21.67	-3.09	64.47
2008-01-14T18:59:10	3334.67	-578.66	-112.85	21.90	-3.06	64.85
2008-01-14T18:59:12	3328.63	-566.42	-113.47	22.14	-3.02	65.23
2008-01-14T18:59:14	3322.58	-554.18	-114.09	22.38	-2.99	65.61
2008-01-14T18:59:16	3316.52	-541.94	-114.71	22.62	-2.95	65.99
2008-01-14T18:59:18	3310.46	-529.69	-115.33	22.86	-2.91	66.38
2008-01-14T18:59:20	3304.39	-517.44	-115.95	23.11	-2.87	66.76
2008-01-14T18:59:22	3298.31	-505.19	-116.56	23.35	-2.82	67.15
2008-01-14T18:59:24	3292.23	-492.95	-117.18	23.60	-2.78	67.54
2008-01-14T18:59:26	3286.13	-480.70	-117.80	23.85	-2.73	67.93
2008-01-14T18:59:28	3280.03	-468.45	-118.42	24.11	-2.69	68.32
2008-01-14T18:59:30	3273.92	-456.19	-119.03	24.36	-2.64	68.71
2008-01-14T18:59:32	3267.80	-443.94	-119.65	24.62	-2.58	69.10
2008-01-14T18:59:34	3261.68	-431.68	-120.27	24.87	-2.53	69.50
2008-01-14T18:59:36	3255.55	-419.43	-120.88	25.13	-2.48	69.89
2008-01-14T18:59:38	3249.41	-407.17	-121.50	25.40	-2.42	70.29
2008-01-14T18:59:40	3243.26	-394.91	-122.11	25.66	-2.36	70.68
2008-01-14T18:59:42	3237.10	-382.65	-122.73	25.93	-2.30	71.08
2008-01-14T18:59:44	3230.93	-370.39	-123.34	26.19	-2.24	71.48
2008-01-14T18:59:46	3224.76	-358.13	-123.96	26.46	-2.17	71.87
2008-01-14T18:59:48	3218.58	-345.87	-124.57	26.73	-2.10	72.27
2008-01-14T18:59:50	3212.39	-333.61	-125.19	27.01	-2.03	72.67
2008-01-14T18:59:52	3206.19	-321.35	-125.80	27.28	-1.96	73.07
2008-01-14T18:59:54	3199.98	-309.08	-126.41	27.56	-1.89	73.48
2008-01-14T18:59:56	3193.76	-296.81	-127.03	27.83	-1.81	73.88
2008-01-14T18:59:58	3187.54	-284.55	-127.64	28.11	-1.74	74.28
2008-01-14T19:00:00	3181.31	-272.28	-128.25	28.39	-1.66	74.68
2008-01-14T19:00:02	3175.07	-260.01	-128.86	28.68	-1.57	75.09
2008-01-14T19:00:04	3168.82	-247.75	-129.47	28.96	-1.49	75.49
2008-01-14T19:00:06	3162.56	-235.48	-130.09	29.25	-1.40	75.90
2008-01-14T19:00:08	3156.29	-223.21	-130.70	29.53	-1.31	76.30
2008-01-14T19:00:10	3150.02	-210.94	-131.31	29.82	-1.22	76.71
2008-01-14T19:00:12	3143.73	-198.66	-131.92	30.11	-1.13	77.11
2008-01-14T19:00:14	3137.44	-186.39	-132.53	30.40	-1.03	77.52
2008-01-14T19:00:16	3131.13	-174.12	-133.14	30.70	-0.93	77.92
2008-01-14T19:00:18	3124.83	-161.85	-133.74	30.99	-0.83	78.33
2008-01-14T19:00:20	3118.51	-149.57	-134.35	31.29	-0.72	78.73
2008-01-14T19:00:22	3112.18	-137.30	-134.96	31.58	-0.62	79.14
2008-01-14T19:00:24	3105.84	-125.03	-135.57	31.88	-0.51	79.55
2008-01-14T19:00:26	3099.49	-112.75	-136.17	32.18	-0.39	79.95
2008-01-14T19:00:28	3093.14	-100.48	-136.78	32.48	-0.28	80.36
2008-01-14T19:00:30	3086.77	-88.20	-137.39	32.79	-0.16	80.76
2008-01-14T19:00:32	3080.40	-75.93	-137.99	33.09	-0.04	81.17
2008-01-14T19:00:34	3074.01	-63.65	-138.60	33.39	0.08	81.58
2008-01-14T19:00:36	3067.62	-51.37	-139.21	33.70	0.21	81.98
2008-01-14T19:00:38	3061.22	-39.10	-139.81	34.00	0.34	82.39
2008-01-14T19:00:40	3054.81	-26.82	-140.42	34.31	0.47	82.79
2008-01-14T19:00:42	3048.39	-14.54	-141.02	34.62	0.61	83.19
2008-01-14T19:00:44	3041.96	-2.27	-141.62	34.93	0.75	83.60
2008-01-14T19:00:46	3035.52	10.01	-142.23	35.24	0.89	84.00
2008-01-14T19:00:48	3029.07	22.28	-142.83	35.55	1.03	84.40
2008-01-14T19:00:50	3022.61	34.56	-143.43	35.86	1.18	84.81
2008-01-14T19:00:52	3016.14	46.84	-144.03	36.17	1.33	85.21
2008-01-14T19:00:54	3009.66	59.11	-144.63	36.48	1.48	85.61
2008-01-14T19:00:56	3003.18	71.39	-145.24	36.79	1.64	86.01
2008-01-14T19:00:58	2996.68	83.67	-145.84	37.10	1.80	86.41
2008-01-14T19:01:00	2990.17	95.94	-146.44	37.42	1.96	86.80
2008-01-14T19:01:02	2983.66	108.22	-147.03	37.73	2.13	87.20
2008-01-14T19:01:04	2977.13	120.49	-147.63	38.04	2.30	87.60
2008-01-14T19:01:06	2970.60	132.77	-148.23	38.36	2.47	87.99
2008-01-14T19:01:08	2964.05	145.04	-148.83	38.67	2.65	88.38
2008-01-14T19:01:10	2957.49	157.31	-149.43	38.98	2.83	88.78
2008-01-14T19:01:12	2950.93	169.59	-150.03	39.30	3.01	89.17
2008-01-14T19:01:14	2944.35	181.86	-150.62	39.61	3.19	89.56
2008-01-14T19:01:16	2937.76	194.13	-151.22	39.92	3.38	89.95
2008-01-14T19:01:18	2931.17	206.40	-151.81	40.24	3.58	90.33
2008-01-14T19:01:20	2924.56	218.67	-152.41	40.55	3.77	90.72
2008-01-14T19:01:22	2917.95	230.94	-153.00	40.86	3.97	91.10
2008-01-14T19:01:24	2911.32	243.21	-153.60	41.17	4.17	91.48
2008-01-14T19:01:26	2904.68	255.48	-154.19	41.48	4.38	91.86
2008-01-14T19:01:28	2898.04	267.75	-154.78	41.79	4.59	92.24
2008-01-14T19:01:30	2891.38	280.02	-155.37	42.10	4.80	92.62
2008-01-14T19:01:32	2884.71	292.28	-155.96	42.41	5.02	92.99
2008-01-14T19:01:34	2878.04	304.55	-156.56	42.72	5.24	93.37
2008-01-14T19:01:36	2871.35	316.81	-157.15	43.03	5.46	93.74
2008-01-14T19:01:38	2864.65	329.07	-157.74	43.33	5.69	94.11
2008-01-14T19:01:40	2857.94	341.33	-158.33	43.63	5.92	94.47
2008-01-14T19:01:42	2851.22	353.59	-158.91	43.94	6.15	94.84
2008-01-14T19:01:44	2844.49	365.85	-159.50	44.24	6.39	95.20
2008-01-14T19:01:46	2837.75	378.11	-160.09	44.54	6.63	95.56
2008-01-14T19:01:48	2831.00	390.37	-160.68	44.84	6.87	95.92
2008-01-14T19:01:50	2824.24	402.62	-161.26	45.13	7.12	96.27
2008-01-14T19:01:52	2817.47	414.87	-161.85	45.43	7.37	96.62
2008-01-14T19:01:54	2810.68	427.12	-162.44	45.72	7.62	96.97
2008-01-14T19:01:56	2803.89	439.37	-163.02	46.01	7.88	97.32
2008-01-14T19:01:58	2797.08	451.62	-163.60	46.30	8.14	97.66
2008-01-14T19:02:00	2790.27	463.87	-164.19	46.59	8.41	98.01
2008-01-14T19:02:02	2783.44	476.11	-164.77	46.87	8.67	98.34
2008-01-14T19:02:04	2776.61	488.36	-165.35	47.15	8.94	98.68
2008-01-14T19:02:06	2769.76	500.60	-165.93	47.43	9.22	99.01
2008-01-14T19:02:08	2762.90	512.84	-166.51	47.71	9.49	99.34
2008-01-14T19:02:10	2756.03	525.07	-167.09	47.98	9.77	99.67
2008-01-14T19:02:12	2749.15	537.31	-167.67	48.26	10.06	99.99
2008-01-14T19:02:14	2742.26	549.54	-168.25	48.52	10.34	100.31
2008-01-14T19:02:16	2735.36	561.77	-168.83	48.79	10.63	100.63
2008-01-14T19:02:18	2728.45	574.00	-169.41	49.05	10.93	100.94
2008-01-14T19:02:20	2721.52	586.23	-169.99	49.31	11.22	101.25
2008-01-14T19:02:22	2714.59	598.45	-170.56	49.57	11.52	101.56
2008-01-14T19:02:24	2707.64	610.67	-171.13	49.82	11.82	101.86
2008-01-14T19:02:26	2700.69	622.89	-171.71	50.07	12.13	102.16
2008-01-14T19:02:28	2693.72	635.11	-172.28	50.32	12.44	102.46
2008-01-14T19:02:30	2686.74	647.32	-172.86	50.56	12.75	102.75
2008-01-14T19:02:32	2679.75	659.53	-173.43	50.80	13.06	103.04
2008-01-14T19:02:34	2672.75	671.74	-174.00	51.03	13.38	103.33
2008-01-14T19:02:36	2665.74	683.95	-174.57	51.26	13.69	103.61
2008-01-14T19:02:38	2658.71	696.15	-175.14	51.49	14.02	103.88
2008-01-14T19:02:40	2651.68	708.35	-175.71	51.71	14.34	104.16
2008-01-14T19:02:42	2644.63	720.55	-176.28	51.93	14.67	104.43
2008-01-14T19:02:44	2637.58	732.74	-176.85	52.14	14.99	104.69
2008-01-14T19:02:46	2630.51	744.93	-177.41	52.35	15.33	104.95
2008-01-14T19:02:48	2623.43	757.12	-177.98	52.56	15.66	105.21
2008-01-14T19:02:50	2616.34	769.31	-178.55	52.76	15.99	105.46
2008-01-14T19:02:52	2609.24	781.49	-179.11	52.95	16.33	105.71
2008-01-14T19:02:54	2602.12	793.66	-179.68	53.14	16.67	105.95
2008-01-14T19:02:56	2595.00	805.84	-180.24	53.33	17.01	106.19
2008-01-14T19:02:58	2587.86	818.01	-180.80	53.51	17.36	106.43
2008-01-14T19:03:00	2580.71	830.18	-181.37	53.68	17.70	106.66
2008-01-14T19:03:02	2573.56	842.34	-181.93	53.86	18.05	106.88
2008-01-14T19:03:04	2566.39	854.50	-182.49	54.02	18.40	107.10
2008-01-14T19:03:06	2559.21	866.65	-183.05	54.18	18.75	107.32
2008-01-14T19:03:08	2552.02	878.81	-183.61	54.33	19.10	107.53
2008-01-14T19:03:10	2544.81	890.96	-184.16	54.48	19.46	107.74
2008-01-14T19:03:12	2537.60	903.10	-184.72	54.63	19.81	107.94
2008-01-14T19:03:14	2530.37	915.24	-185.28	54.76	20.17	108.14
2008-01-14T19:03:16	2523.13	927.38	-185.83	54.90	20.53	108.33
2008-01-14T19:03:18	2515.88	939.51	-186.38	55.02	20.89	108.52
2008-01-14T19:03:20	2508.62	951.64	-186.94	55.14	21.24	108.70
2008-01-14T19:03:22	2501.35	963.76	-187.49	55.26	21.61	108.88
2008-01-14T19:03:24	2494.07	975.88	-188.04	55.36	21.97	109.05
2008-01-14T19:03:26	2486.77	988.00	-188.59	55.47	22.33	109.22
2008-01-14T19:03:28	2479.47	1000.11	-189.14	55.56	22.69	109.39
2008-01-14T19:03:30	2472.15	1012.21	-189.70	55.65	23.05	109.54
2008-01-14T19:03:32	2464.83	1024.31	-190.24	55.74	23.42	109.70
2008-01-14T19:03:34	2457.49	1036.41	-190.79	55.81	23.78	109.85
2008-01-14T19:03:36	2450.14	1048.50	-191.34	55.88	24.14	109.99
2008-01-14T19:03:38	2442.77	1060.59	-191.88	55.95	24.51	110.13
2008-01-14T19:03:40	2435.40	1072.67	-192.43	56.01	24.87	110.26
2008-01-14T19:03:42	2428.02	1084.75	-192.97	56.06	25.24	110.39
2008-01-14T19:03:44	2420.62	1096.82	-193.52	56.10	25.60	110.51
2008-01-14T19:03:46	2413.22	1108.89	-194.06	56.14	25.96	110.62
2008-01-14T19:03:48	2405.80	1120.95	-194.60	56.17	26.32	110.74
2008-01-14T19:03:50	2398.37	1133.01	-195.14	56.20	26.69	110.84
2008-01-14T19:03:52	2390.93	1145.06	-195.68	56.22	27.05	110.94
2008-01-14T19:03:54	2383.47	1157.11	-196.22	56.23	27.41	111.04
2008-01-14T19:03:56	2376.01	1169.15	-196.76	56.24	27.77	111.13
2008-01-14T19:03:58	2368.54	1181.18	-197.29	56.24	28.12	111.21
2008-01-14T19:04:00	2361.05	1193.21	-197.83	56.23	28.48	111.29
2008-01-14T19:04:02	2353.56	1205.24	-198.36	56.21	28.84	111.37
2008-01-14T19:04:04	2346.05	1217.26	-198.90	56.19	29.19	111.43
2008-01-14T19:04:06	2338.54	1229.27	-199.43	56.16	29.54	111.50
2008-01-14T19:04:08	2331.00	1241.28	-199.96	56.13	29.90	111.55
2008-01-14T19:04:10	2323.46	1253.28	-200.49	56.09	30.25	111.61
2008-01-14T19:04:12	2315.91	1265.27	-201.02	56.04	30.59	111.65
2008-01-14T19:04:14	2308.35	1277.26	-201.55	55.98	30.94	111.69
2008-01-14T19:04:16	2300.78	1289.24	-202.08	55.92	31.28	111.73
2008-01-14T19:04:18	2293.19	1301.22	-202.61	55.85	31.62	111.76
2008-01-14T19:04:20	2285.60	1313.19	-203.13	55.78	31.96	111.78
2008-01-14T19:04:22	2277.99	1325.16	-203.66	55.70	32.30	111.80
2008-01-14T19:04:24	2270.38	1337.12	-204.18	55.61	32.63	111.82
2008-01-14T19:04:26	2262.75	1349.07	-204.71	55.51	32.96	111.82
2008-01-14T19:04:28	2255.11	1361.01	-205.23	55.41	33.29	111.83
2008-01-14T19:04:30	2247.46	1372.95	-205.75	55.30	33.62	111.82
2008-01-14T19:04:32	2239.80	1384.89	-206.27	55.19	33.94	111.81
2008-01-14T19:04:34	2232.13	1396.81	-206.79	55.07	34.26	111.80
2008-01-14T19:04:36	2224.45	1408.73	-207.31	54.94	34.58	111.78
2008-01-14T19:04:38	2216.76	1420.64	-207.83	54.80	34.89	111.76
2008-01-14T19:04:40	2209.06	1432.55	-208.34	54.66	35.20	111.73
2008-01-14T19:04:42	2201.35	1444.45	-208.86	54.52	35.51	111.69
2008-01-14T19:04:44	2193.62	1456.34	-209.37	54.36	35.81	111.65
2008-01-14T19:04:46	2185.89	1468.23	-209.89	54.20	36.11	111.60
2008-01-14T19:04:48	2178.14	1480.10	-210.40	54.04	36.40	111.55
2008-01-14T19:04:50	2170.39	1491.98	-210.91	53.87	36.69	111.49
2008-01-14T19:04:52	2162.63	1503.84	-211.42	53.69	36.98	111.43
2008-01-14T19:04:54	2154.85	1515.70	-211.93	53.50	37.27	111.36
2008-01-14T19:04:56	2147.07	1527.55	-212.44	53.32	37.54	111.29
2008-01-14T19:04:58	2139.27	1539.39	-212.95	53.12	37.82	111.21
2008-01-14T19:05:00	2131.47	1551.23	-213.46	52.92	38.09	111.12
2008-01-14T19:05:02	2123.65	1563.05	-213.96	52.71	38.36	111.03
2008-01-14T19:05:04	2115.82	1574.87	-214.46	52.50	38.62	110.94
2008-01-14T19:05:06	2107.99	1586.69	-214.97	52.28	38.88	110.84
2008-01-14T19:05:08	2100.14	1598.49	-215.47	52.06	39.13	110.73
2008-01-14T19:05:10	2092.29	1610.29	-215.97	51.83	39.38	110.62
2008-01-14T19:05:12	2084.42	1622.08	-216.47	51.60	39.62	110.51
2008-01-14T19:05:14	2076.55	1633.86	-216.97	51.36	39.86	110.38
2008-01-14T19:05:16	2068.66	1645.64	-217.47	51.11	40.09	110.26
2008-01-14T19:05:18	2060.77	1657.40	-217.97	50.86	40.32	110.13
2008-01-14T19:05:20	2052.86	1669.16	-218.46	50.61	40.55	109.99
2008-01-14T19:05:22	2044.95	1680.92	-218.96	50.35	40.77	109.85
2008-01-14T19:05:24	2037.03	1692.66	-219.45	50.09	40.98	109.70
2008-01-14T19:05:26	2029.09	1704.40	-219.95	49.82	41.19	109.55
2008-01-14T19:05:28	2021.15	1716.13	-220.44	49.55	41.39	109.39
2008-01-14T19:05:30	2013.20	1727.84	-220.93	49.27	41.59	109.23
2008-01-14T19:05:32	2005.24	1739.55	-221.42	48.99	41.78	109.07
2008-01-14T19:05:34	1997.27	1751.26	-221.91	48.70	41.97	108.89
2008-01-14T19:05:36	1989.29	1762.95	-222.40	48.41	42.15	108.72
2008-01-14T19:05:38	1981.30	1774.64	-222.88	48.12	42.33	108.54
2008-01-14T19:05:40	1973.30	1786.32	-223.37	47.82	42.50	108.35
2008-01-14T19:05:42	1965.29	1797.99	-223.86	47.52	42.67	108.16
2008-01-14T19:05:44	1957.28	1809.66	-224.34	47.22	42.83	107.97
2008-01-14T19:05:46	1949.25	1821.31	-224.82	46.91	42.98	107.77
2008-01-14T19:05:48	1941.22	1832.96	-225.30	46.60	43.13	107.56
2008-01-14T19:05:50	1933.17	1844.59	-225.78	46.28	43.28	107.35
2008-01-14T19:05:52	1925.12	1856.23	-226.26	45.96	43.42	107.14
2008-01-14T19:05:54	1917.06	1867.84	-226.74	45.64	43.55	106.92
2008-01-14T19:05:56	1908.99	1879.46	-227.22	45.32	43.68	106.70
2008-01-14T19:05:58	1900.92	1891.06	-227.70	44.99	43.80	106.47
2008-01-14T19:06:00	1892.83	1902.66	-228.17	44.66	43.91	106.24
2008-01-14T19:06:02	1884.73	1914.24	-228.65	44.33	44.02	106.01
2008-01-14T19:06:04	1876.63	1925.82	-229.12	43.99	44.13	105.77
2008-01-14T19:06:06	1868.52	1937.39	-229.59	43.65	44.23	105.52
2008-01-14T19:06:08	1860.40	1948.95	-230.07	43.31	44.32	105.28
2008-01-14T19:06:10	1852.27	1960.51	-230.54	42.97	44.41	105.02
2008-01-14T19:06:12	1844.13	1972.05	-231.00	42.63	44.49	104.77
2008-01-14T19:06:14	1835.99	1983.58	-231.47	42.28	44.57	104.51
2008-01-14T19:06:16	1827.84	1995.11	-231.94	41.93	44.64	104.24
2008-01-14T19:06:18	1819.68	2006.63	-232.41	41.58	44.71	103.98
2008-01-14T19:06:20	1811.51	2018.14	-232.87	41.23	44.77	103.70
2008-01-14T19:06:22	1803.33	2029.64	-233.34	40.88	44.82	103.43
2008-01-14T19:06:24	1795.15	2041.13	-233.80	40.52	44.87	103.15
2008-01-14T19:06:26	1786.96	2052.61	-234.26	40.17	44.92	102.87
2008-01-14T19:06:28	1778.76	2064.08	-234.72	39.81	44.95	102.58
2008-01-14T19:06:30	1770.55	2075.55	-235.18	39.45	44.99	102.29
2008-01-14T19:06:32	1762.33	2087.01	-235.64	39.09	45.02	101.99
2008-01-14T19:06:34	1754.11	2098.45	-236.10	38.73	45.04	101.70
2008-01-14T19:06:36	1745.88	2109.89	-236.56	38.37	45.06	101.40
2008-01-14T19:06:38	1737.65	2121.32	-237.01	38.01	45.07	101.09
2008-01-14T19:06:40	1729.40	2132.74	-237.47	37.65	45.07	100.79
2008-01-14T19:06:42	1721.15	2144.15	-237.92	37.29	45.08	100.47
2008-01-14T19:06:44	1712.89	2155.55	-238.38	36.92	45.07	100.16
2008-01-14T19:06:46	1704.63	2166.95	-238.83	36.56	45.06	99.84
2008-01-14T19:06:48	1696.35	2178.33	-239.28	36.20	45.05	99.52
2008-01-14T19:06:50	1688.07	2189.71	-239.73	35.83	45.03	99.20
2008-01-14T19:06:52	1679.79	2201.07	-240.18	35.47	45.01	98.87
2008-01-14T19:06:54	1671.49	2212.43	-240.63	35.10	44.98	98.55
2008-01-14T19:06:56	1663.19	2223.78	-241.08	34.74	44.95	98.21
2008-01-14T19:06:58	1654.88	2235.12	-241.52	34.38	44.91	97.88
2008-01-14T19:07:00	1646.57	2246.45	-241.97	34.01	44.86	97.54
2008-01-14T19:07:02	1638.25	2257.77	-242.41	33.65	44.82	97.20
2008-01-14T19:07:04	1629.92	2269.08	-242.86	33.29	44.77	96.86
2008-01-14T19:07:06	1621.59	2280.38	-243.30	32.93	44.71	96.51
2008-01-14T19:07:08	1613.25	2291.68	-243.74	32.57	44.65	96.17
2008-01-14T19:07:10	1604.91	2302.96	-244.18	32.21	44.58	95.82
2008-01-14T19:07:12	1596.55	2314.24	-244.62	31.85	44.51	95.46
2008-01-14T19:07:14	1588.19	2325.51	-245.06	31.49	44.44	95.11
2008-01-14T19:07:16	1579.83	2336.77	-245.50	31.13	44.36	94.75
2008-01-14T19:07:18	1571.46	2348.01	-245.93	30.78	44.28	94.39
2008-01-14T19:07:20	1563.08	2359.26	-246.37	30.42	44.19	94.03
2008-01-14T19:07:22	1554.70	2370.49	-246.80	30.07	44.10	93.67
2008-01-14T19:07:24	1546.31	2381.71	-247.24	29.72	44.01	93.30
2008-01-14T19:07:26	1537.91	2392.92	-247.67	29.36	43.91	92.94
2008-01-14T19:07:28	1529.51	2404.12	-248.10	29.02	43.81	92.57
2008-01-14T19:07:30	1521.11	2415.32	-248.53	28.67	43.70	92.19
2008-01-14T19:07:32	1512.70	2426.50	-248.96	28.32	43.59	91.82
2008-01-14T19:07:34	1504.28	2437.68	-249.39	27.97	43.48	91.45
2008-01-14T19:07:36	1495.85	2448.85	-249.82	27.63	43.36	91.07
2008-01-14T19:07:38	1487.43	2460.01	-250.25	27.29	43.24	90.69
2008-01-14T19:07:40	1478.99	2471.16	-250.68	26.95	43.12	90.31
2008-01-14T19:07:42	1470.55	2482.30	-251.10	26.61	42.99	89.93
2008-01-14T19:07:44	1462.11	2493.43	-251.52	26.27	42.86	89.55
2008-01-14T19:07:46	1453.66	2504.56	-251.95	25.94	42.72	89.17
2008-01-14T19:07:48	1445.20	2515.67	-252.37	25.61	42.59	88.78
2008-01-14T19:07:50	1436.75	2526.77	-252.79	25.28	42.45	88.40
2008-01-14T19:07:52	1428.28	2537.87	-253.22	24.95	42.31	88.01
2008-01-14T19:07:54	1419.81	2548.96	-253.64	24.62	42.16	87.62
2008-01-14T19:07:56	1411.34	2560.03	-254.06	24.30	42.01	87.23
2008-01-14T19:07:58	1402.86	2571.10	-254.47	23.97	41.86	86.84
2008-01-14T19:08:00	1394.37	2582.16	-254.89	23.65	41.71	86.45
2008-01-14T19:08:02	1385.88	2593.21	-255.31	23.33	41.55	86.05
2008-01-14T19:08:04	1377.39	2604.26	-255.72	23.02	41.39	85.66
2008-01-14T19:08:06	1368.89	2615.29	-256.14	22.71	41.23	85.27
2008-01-14T19:08:08	1360.39	2626.32	-256.55	22.39	41.07	84.87
2008-01-14T19:08:10	1351.88	2637.34	-256.97	22.09	40.90	84.48
2008-01-14T19:08:12	1343.36	2648.34	-257.38	21.78	40.73	84.08
2008-01-14T19:08:14	1334.85	2659.34	-257.79	21.48	40.56	83.68
2008-01-14T19:08:16	1326.33	2670.33	-258.20	21.17	40.39	83.28
2008-01-14T19:08:18	1317.80	2681.31	-258.61	20.87	40.21	82.89
2008-01-14T19:08:20	1309.27	2692.28	-259.02	20.58	40.04	82.49
2008-01-14T19:08:22	1300.74	2703.25	-259.43	20.28	39.86	82.09
2008-01-14T19:08:24	1292.20	2714.20	-259.83	19.99	39.68	81.69
2008-01-14T19:08:26	1283.66	2725.15	-260.24	19.70	39.49	81.29
2008-01-14T19:08:28	1275.11	2736.09	-260.64	19.42	39.31	80.89
2008-01-14T19:08:30	1266.56	2747.02	-261.05	19.13	39.12	80.49
2008-01-14T19:08:32	1258.01	2757.93	-261.45	18.85	38.94	80.09
2008-01-14T19:08:34	1249.45	2768.85	-261.86	18.57	38.75	79.69
2008-01-14T19:08:36	1240.89	2779.75	-262.26	18.30	38.56	79.29
2008-01-14T19:08:38	1232.32	2790.65	-262.66	18.02	38.36	78.89
2008-01-14T19:08:40	1223.75	2801.53	-263.06	17.75	38.17	78.49
2008-01-14T19:08:42	1215.18	2812.41	-263.46	17.48	37.98	78.09
2008-01-14T19:08:44	1206.60	2823.28	-263.86	17.22	37.78	77.69
2008-01-14T19:08:46	1198.02	2834.14	-264.26	16.96	37.58	77.29
2008-01-14T19:08:48	1189.44	2844.99	-264.65	16.69	37.39	76.89
2008-01-14T19:08:50	1180.85	2855.83	-265.05	16.44	37.19	76.49
2008-01-14T19:08:52	1172.26	2866.67	-265.45	16.18	36.99	76.09
2008-01-14T19:08:54	1163.66	2877.50	-265.84	15.93	36.78	75.69
2008-01-14T19:08:56	1155.07	2888.32	-266.24	15.68	36.58	75.29
2008-01-14T19:08:58	1146.43	2899.16	-266.63	15.43	36.38	74.89
2008-01-14T19:09:00	1137.86	2909.93	-267.02	15.19	36.18	74.49
2008-01-14T19:09:02	1129.25	2920.72	-267.41	14.95	35.97	74.10
2008-01-14T19:09:04	1120.64	2931.51	-267.81	14.71	35.77	73.70
2008-01-14T19:09:06	1112.03	2942.28	-268.20	14.47	35.56	73.30
2008-01-14T19:09:08	1103.41	2953.05	-268.59	14.24	35.35	72.91
2008-01-14T19:09:10	1094.79	2963.81	-268.98	14.01	35.15	72.51
2008-01-14T19:09:12	1086.17	2974.57	-269.36	13.78	34.94	72.12
2008-01-14T19:09:14	1077.55	2985.31	-269.75	13.55	34.73	71.72
2008-01-14T19:09:16	1068.92	2996.05	-270.14	13.33	34.52	71.33
2008-01-14T19:09:18	1060.28	3006.78	-270.52	13.11	34.32	70.94
2008-01-14T19:09:20	1051.65	3017.50	-270.91	12.89	34.11	70.55
2008-01-14T19:09:22	1043.01	3028.21	-271.29	12.67	33.90	70.16
2008-01-14T19:09:24	1034.37	3038.92	-271.68	12.46	33.69	69.77
2008-01-14T19:09:26	1025.73	3049.61	-272.06	12.25	33.48	69.38
2008-01-14T19:09:28	1017.09	3060.30	-272.44	12.04	33.27	68.99
2008-01-14T19:09:30	1008.44	3070.98	-272.82	11.84	33.06	68.60
2008-01-14T19:09:32	999.79	3081.65	-273.20	11.64	32.85	68.21
2008-01-14T19:09:34	991.14	3092.32	-273.58	11.44	32.64	67.83
2008-01-14T19:09:36	982.48	3102.97	-273.97	11.24	32.43	67.44
2008-01-14T19:09:38	973.82	3113.62	-274.34	11.04	32.22	67.06
2008-01-14T19:09:40	965.16	3124.26	-274.72	10.85	32.01	66.68
2008-01-14T19:09:42	956.50	3134.90	-275.10	10.66	31.80	66.30
2008-01-14T19:09:44	947.84	3145.52	-275.48	10.47	31.59	65.92
2008-01-14T19:09:46	939.17	3156.14	-275.85	10.29	31.39	65.54
2008-01-14T19:09:48	930.50	3166.75	-276.23	10.10	31.18	65.16
2008-01-14T19:09:50	921.83	3177.36	-276.60	9.92	30.97	64.79
2008-01-14T19:09:52	913.15	3187.95	-276.98	9.75	30.76	64.41
2008-01-14T19:09:54	904.48	3198.54	-277.35	9.57	30.55	64.04
2008-01-14T19:09:56	895.80	3209.12	-277.72	9.40	30.35	63.66
2008-01-14T19:09:58	887.12	3219.69	-278.10	9.23	30.14	63.29
2008-01-14T19:10:00	878.44	3230.25	-278.47	9.06	29.93	62.92
2008-01-14T19:10:02	869.76	3240.81	-278.84	8.89	29.73	62.55
2008-01-14T19:10:04	861.07	3251.36	-279.21	8.73	29.52	62.18
2008-01-14T19:10:06	852.38	3261.91	-279.58	8.56	29.32	61.82
2008-01-14T19:10:08	843.69	3272.44	-279.95	8.40	29.11	61.45
2008-01-14T19:10:10	835.00	3282.97	-280.32	8.25	28.91	61.09
2008-01-14T19:10:12	826.31	3293.49	-280.68	8.09	28.70	60.73
2008-01-14T19:10:14	817.61	3304.00	-281.05	7.94	28.50	60.37
2008-01-14T19:10:16	808.91	3314.51	-281.42	7.79	28.30	60.01
2008-01-14T19:10:18	800.21	3325.01	-281.78	7.64	28.10	59.65
2008-01-14T19:10:20	791.51	3335.50	-282.15	7.49	27.90	59.29
2008-01-14T19:10:22	782.81	3345.98	-282.51	7.35	27.70	58.94
2008-01-14T19:10:24	774.11	3356.46	-282.88	7.21	27.50	58.59
2008-01-14T19:10:26	765.40	3366.93	-283.24	7.06	27.30	58.23
2008-01-14T19:10:28	756.69	3377.39	-283.60	6.93	27.10	57.88
2008-01-14T19:10:30	747.98	3387.85	-283.96	6.79	26.90	57.53
2008-01-14T19:10:32	739.28	3398.30	-284.33	6.66	26.71	57.19
2008-01-14T19:10:34	730.56	3408.74	-284.69	6.52	26.51	56.84
2008-01-14T19:10:36	721.85	3419.17	-285.05	6.39	26.32	56.50
2008-01-14T19:10:38	713.14	3429.60	-285.41	6.26	26.12	56.15
2008-01-14T19:10:40	704.42	3440.02	-285.77	6.14	25.93	55.81
2008-01-14T19:10:42	695.70	3450.44	-286.13	6.01	25.74	55.47
2008-01-14T19:10:44	686.98	3460.84	-286.49	5.89	25.55	55.13
2008-01-14T19:10:46	678.26	3471.24	-286.84	5.77	25.35	54.80
2008-01-14T19:10:48	669.54	3481.64	-287.20	5.65	25.17	54.46
2008-01-14T19:10:50	660.82	3492.03	-287.56	5.53	24.98	54.13
2008-01-14T19:10:52	652.09	3502.41	-287.91	5.42	24.79	53.80
2008-01-14T19:10:54	643.37	3512.78	-288.27	5.30	24.60	53.47
2008-01-14T19:10:56	634.64	3523.15	-288.62	5.19	24.42	53.14
2008-01-14T19:10:58	625.92	3533.50	-288.98	5.08	24.23	52.81
2008-01-14T19:11:00	617.19	3543.86	-289.33	4.97	24.05	52.49
2008-01-14T19:11:02	608.46	3554.20	-289.68	4.87	23.86	52.16
2008-01-14T19:11:04	599.73	3564.54	-290.04	4.76	23.68	51.84
2008-01-14T19:11:06	591.00	3574.88	-290.39	4.66	23.50	51.52
2008-01-14T19:11:08	582.26	3585.20	-290.74	4.56	23.32	51.20
2008-01-14T19:11:10	573.53	3595.53	-291.09	4.45	23.14	50.89
2008-01-14T19:11:12	564.79	3605.84	-291.44	4.36	22.96	50.57
2008-01-14T19:11:14	556.06	3616.15	-291.79	4.26	22.79	50.26
2008-01-14T19:11:16	547.32	3626.45	-292.14	4.16	22.61	49.95
2008-01-14T19:11:18	538.59	3636.74	-292.49	4.07	22.44	49.64
2008-01-14T19:11:20	529.85	3647.03	-292.84	3.98	22.26	49.33
2008-01-14T19:11:22	521.11	3657.31	-293.19	3.89	22.09	49.02
2008-01-14T19:11:24	512.37	3667.59	-293.53	3.80	21.92	48.72
2008-01-14T19:11:26	503.63	3677.86	-293.88	3.71	21.75	48.41
2008-01-14T19:11:28	494.88	3688.12	-294.22	3.62	21.58	48.11
2008-01-14T19:11:30	486.14	3698.38	-294.57	3.54	21.41	47.81
2008-01-14T19:11:32	477.40	3708.63	-294.92	3.45	21.24	47.51
2008-01-14T19:11:34	468.65	3718.87	-295.26	3.37	21.08	47.22
2008-01-14T19:11:36	459.91	3729.11	-295.61	3.29	20.91	46.92
2008-01-14T19:11:38	451.16	3739.35	-295.95	3.21	20.75	46.63
2008-01-14T19:11:40	442.42	3749.57	-296.29	3.13	20.58	46.34
2008-01-14T19:11:42	433.67	3759.79	-296.64	3.05	20.42	46.05
2008-01-14T19:11:44	424.92	3770.01	-296.98	2.98	20.26	45.76
2008-01-14T19:11:46	416.17	3780.21	-297.32	2.90	20.10	45.47
2008-01-14T19:11:48	407.42	3790.42	-297.66	2.83	19.94	45.19
2008-01-14T19:11:50	398.67	3800.61	-298.00	2.76	19.78	44.90
2008-01-14T19:11:52	389.92	3810.80	-298.34	2.69	19.63	44.62
2008-01-14T19:11:54	381.17	3820.99	-298.68	2.62	19.47	44.34
2008-01-14T19:11:56	372.42	3831.17	-299.02	2.55	19.31	44.06
2008-01-14T19:11:58	363.67	3841.34	-299.36	2.48	19.16	43.79
2008-01-14T19:12:00	354.92	3851.51	-299.70	2.41	19.01	43.51
2008-01-14T19:12:02	346.16	3861.67	-300.04	2.35	18.86	43.24
2008-01-14T19:12:04	337.41	3871.82	-300.38	2.28	18.71	42.97
2008-01-14T19:12:06	328.66	3881.97	-300.72	2.22	18.56	42.70
2008-01-14T19:12:08	319.90	3892.12	-301.05	2.16	18.41	42.43
2008-01-14T19:12:10	311.15	3902.26	-301.39	2.10	18.26	42.16
2008-01-14T19:12:12	302.39	3912.39	-301.73	2.04	18.12	41.90
2008-01-14T19:12:14	293.64	3922.52	-302.06	1.98	17.97	41.63
2008-01-14T19:12:16	284.88	3932.64	-302.40	1.92	17.83	41.37
2008-01-14T19:12:18	276.12	3942.75	-302.73	1.87	17.68	41.11
2008-01-14T19:12:20	267.37	3952.87	-303.07	1.81	17.54	40.85
2008-01-14T19:12:22	258.61	3962.97	-303.40	1.76	17.40	40.60
2008-01-14T19:12:24	249.85	3973.07	-303.73	1.70	17.26	40.34
2008-01-14T19:12:26	241.09	3983.16	-304.07	1.65	17.12	40.09
2008-01-14T19:12:28	232.34	3993.25	-304.40	1.60	16.99	39.83
2008-01-14T19:12:30	223.58	4003.33	-304.73	1.55	16.85	39.58
2008-01-14T19:12:32	214.82	4013.41	-305.06	1.50	16.71	39.34
2008-01-14T19:12:34	206.06	4023.49	-305.39	1.45	16.58	39.09
2008-01-14T19:12:36	197.30	4033.55	-305.72	1.40	16.45	38.84
2008-01-14T19:12:38	188.54	4043.61	-306.06	1.35	16.31	38.60
2008-01-14T19:12:40	179.78	4053.67	-306.39	1.31	16.18	38.36
2008-01-14T19:12:42	171.02	4063.72	-306.72	1.26	16.05	38.11
2008-01-14T19:12:44	162.26	4073.77	-307.04	1.22	15.92	37.87
2008-01-14T19:12:46	153.50	4083.81	-307.37	1.17	15.79	37.64
2008-01-14T19:12:48	144.74	4093.84	-307.70	1.13	15.67	37.40
2008-01-14T19:12:50	135.98	4103.88	-308.03	1.09	15.54	37.17
2008-01-14T19:12:52	127.22	4113.90	-308.36	1.05	15.42	36.93
2008-01-14T19:12:54	118.46	4123.92	-308.69	1.00	15.29	36.70
2008-01-14T19:12:56	109.70	4133.94	-309.01	0.96	15.17	36.47
2008-01-14T19:12:58	100.94	4143.94	-309.34	0.93	15.04	36.24
2008-01-14T19:13:00	92.18	4153.95	-309.67	0.89	14.92	36.01
2008-01-14T19:13:02	83.42	4163.95	-309.99	0.85	14.80	35.79
2008-01-14T19:13:04	74.66	4173.95	-310.32	0.81	14.68	35.56
2008-01-14T19:13:06	65.90	4183.94	-310.64	0.78	14.57	35.34
2008-01-14T19:13:08	57.14	4193.92	-310.97	0.74	14.45	35.12
2008-01-14T19:13:10	48.38	4203.90	-311.29	0.70	14.33	34.90
2008-01-14T19:13:12	39.62	4213.88	-311.61	0.67	14.22	34.68
2008-01-14T19:13:14	30.85	4223.84	-311.94	0.64	14.10	34.46
2008-01-14T19:13:16	22.09	4233.81	-312.26	0.60	13.99	34.25
2008-01-14T19:13:18	13.33	4243.77	-312.59	0.57	13.87	34.03
2008-01-14T19:13:20	4.57	4253.73	-312.91	0.54	13.76	33.82
2008-01-14T19:13:22	-4.19	4263.68	-313.23	0.51	13.65	33.61
2008-01-14T19:13:24	-12.95	4273.62	-313.55	0.48	13.54	33.40
2008-01-14T19:13:26	-21.71	4283.57	-313.87	0.45	13.43	33.19
2008-01-14T19:13:28	-30.47	4293.50	-314.20	0.42	13.32	32.98
2008-01-14T19:13:30	-39.23	4303.44	-314.52	0.39	13.22	32.78
2008-01-14T19:13:32	-47.99	4313.36	-314.84	0.36	13.11	32.57
2008-01-14T19:13:34	-56.75	4323.28	-315.16	0.33	13.00	32.37
2008-01-14T19:13:36	-65.51	4333.20	-315.48	0.30	12.90	32.17
2008-01-14T19:13:38	-74.28	4343.11	-315.80	0.28	12.80	31.97
2008-01-14T19:13:40	-83.04	4353.02	-316.12	0.25	12.69	31.77
2008-01-14T19:13:42	-91.80	4362.93	-316.43	0.23	12.59	31.57
2008-01-14T19:13:44	-100.55	4372.83	-316.75	0.20	12.49	31.38
2008-01-14T19:13:46	-109.32	4382.72	-317.07	0.18	12.39	31.18
2008-01-14T19:13:48	-118.08	4392.61	-317.39	0.15	12.29	30.99
2008-01-14T19:13:50	-126.84	4402.50	-317.71	0.13	12.19	30.80
2008-01-14T19:13:52	-135.59	4412.38	-318.02	0.11	12.09	30.61
2008-01-14T19:13:54	-144.35	4422.26	-318.34	0.08	12.00	30.42
2008-01-14T19:13:56	-153.11	4432.13	-318.66	0.06	11.90	30.23
2008-01-14T19:13:58	-161.87	4442.00	-318.97	0.04	11.80	30.04
2008-01-14T19:14:00	-170.63	4451.86	-319.29	0.02	11.71	29.86
2008-01-14T19:14:02	-179.39	4461.72	-319.61	-0.00	11.62	29.67
2008-01-14T19:14:04	-188.15	4471.58	-319.92	-0.02	11.52	29.49
2008-01-14T19:14:06	-196.90	4481.43	-320.24	-0.04	11.43	29.31
2008-01-14T19:14:08	-205.66	4491.27	-320.55	-0.06	11.34	29.13
2008-01-14T19:14:10	-214.42	4501.12	-320.86	-0.08	11.25	28.95
2008-01-14T19:14:12	-223.18	4510.95	-321.18	-0.10	11.16	28.77
2008-01-14T19:14:14	-231.93	4520.79	-321.49	-0.12	11.07	28.59
2008-01-14T19:14:16	-240.69	4530.62	-321.81	-0.14	10.98	28.42
2008-01-14T19:14:18	-249.45	4540.44	-322.12	-0.16	10.89	28.24
2008-01-14T19:14:20	-258.20	4550.26	-322.43	-0.17	10.81	28.07
2008-01-14T19:14:22	-266.96	4560.08	-322.75	-0.19	10.72	27.90
2008-01-14T19:14:24	-275.72	4569.89	-323.06	-0.21	10.64	27.73
2008-01-14T19:14:26	-284.47	4579.70	-323.37	-0.22	10.55	27.56
2008-01-14T19:14:28	-293.22	4589.51	-323.68	-0.24	10.47	27.39
2008-01-14T19:14:30	-301.98	4599.31	-323.99	-0.25	10.38	27.22
2008-01-14T19:14:32	-310.73	4609.10	-324.30	-0.27	10.30	27.05
2008-01-14T19:14:34	-319.49	4618.90	-324.62	-0.29	10.22	26.89
2008-01-14T19:14:36	-328.24	4628.68	-324.93	-0.30	10.14	26.72
2008-01-14T19:14:38	-337.00	4638.47	-325.23	-0.31	10.06	26.56
2008-01-14T19:14:40	-345.75	4648.25	-325.54	-0.33	9.98	26.40
2008-01-14T19:14:42	-354.50	4658.03	-325.85	-0.34	9.90	26.24
2008-01-14T19:14:44	-363.25	4667.80	-326.16	-0.35	9.82	26.08
2008-01-14T19:14:46	-372.01	4677.57	-326.47	-0.37	9.74	25.92
2008-01-14T19:14:48	-380.76	4687.33	-326.78	-0.38	9.67	25.76
2008-01-14T19:14:50	-389.51	4697.09	-327.09	-0.39	9.59	25.61
2008-01-14T19:14:52	-398.26	4706.85	-327.40	-0.40	9.52	25.45
2008-01-14T19:14:54	-407.01	4716.60	-327.71	-0.42	9.44	25.30
2008-01-14T19:14:56	-415.76	4726.35	-328.01	-0.43	9.37	25.15
2008-01-14T19:14:58	-424.51	4736.09	-328.32	-0.44	9.29	25.00
2008-01-14T19:15:00	-433.26	4745.84	-328.63	-0.45	9.22	24.84
2008-01-14T19:15:02	-442.01	4755.57	-328.93	-0.46	9.15	24.69
2008-01-14T19:15:04	-450.76	4765.31	-329.24	-0.47	9.08	24.55
2008-01-14T19:15:06	-459.51	4775.04	-329.55	-0.48	9.00	24.40
2008-01-14T19:15:08	-468.26	4784.76	-329.85	-0.49	8.93	24.25
2008-01-14T19:15:10	-477.00	4794.49	-330.16	-0.50	8.86	24.11
2008-01-14T19:15:12	-485.75	4804.20	-330.47	-0.51	8.80	23.96
2008-01-14T19:15:14	-494.50	4813.92	-330.77	-0.52	8.73	23.82
2008-01-14T19:15:16	-503.25	4823.63	-331.08	-0.53	8.66	23.68
2008-01-14T19:15:18	-511.99	4833.34	-331.38	-0.54	8.59	23.53
2008-01-14T19:15:20	-520.74	4843.04	-331.69	-0.55	8.52	23.39
2008-01-14T19:15:22	-529.48	4852.74	-331.99	-0.56	8.46	23.25
2008-01-14T19:15:24	-538.22	4862.44	-332.29	-0.56	8.39	23.12
2008-01-14T19:15:26	-546.97	4872.13	-332.60	-0.57	8.33	22.98
2008-01-14T19:15:28	-555.71	4881.82	-332.90	-0.58	8.26	22.84
2008-01-14T19:15:30	-564.45	4891.51	-333.20	-0.59	8.20	22.71
2008-01-14T19:15:32	-573.20	4901.19	-333.51	-0.59	8.14	22.57
2008-01-14T19:15:34	-581.94	4910.87	-333.81	-0.60	8.07	22.44
2008-01-14T19:15:36	-590.68	4920.54	-334.11	-0.61	8.01	22.30
2008-01-14T19:15:38	-599.43	4930.22	-334.42	-0.62	7.95	22.17
2008-01-14T19:15:40	-608.17	4939.88	-334.72	-0.62	7.89	22.04
2008-01-14T19:15:42	-616.91	4949.55	-335.02	-0.63	7.83	21.91
2008-01-14T19:15:44	-625.65	4959.21	-335.32	-0.63	7.77	21.78
2008-01-14T19:15:46	-634.39	4968.87	-335.62	-0.64	7.71	21.65
2008-01-14T19:15:48	-643.12	4978.52	-335.92	-0.65	7.65	21.53
2008-01-14T19:15:50	-651.86	4988.17	-336.23	-0.65	7.59	21.40
2008-01-14T19:15:52	-660.60	4997.82	-336.53	-0.66	7.53	21.27
2008-01-14T19:15:54	-669.34	5007.47	-336.83	-0.66	7.47	21.15
2008-01-14T19:15:56	-678.08	5017.11	-337.13	-0.67	7.42	21.02
2008-01-14T19:15:58	-686.81	5026.75	-337.43	-0.67	7.36	20.90
2008-01-14T19:16:00	-695.55	5036.38	-337.73	-0.68	7.30	20.78
2008-01-14T19:16:02	-704.28	5046.01	-338.03	-0.68	7.25	20.66
2008-01-14T19:16:04	-713.02	5055.64	-338.33	-0.69	7.19	20.54
2008-01-14T19:16:06	-721.75	5065.26	-338.63	-0.69	7.14	20.42
2008-01-14T19:16:08	-730.49	5074.88	-338.92	-0.70	7.08	20.30
2008-01-14T19:16:10	-739.22	5084.50	-339.22	-0.70	7.03	20.18
2008-01-14T19:16:12	-747.96	5094.12	-339.52	-0.70	6.98	20.06
2008-01-14T19:16:14	-756.69	5103.73	-339.82	-0.71	6.92	19.95
2008-01-14T19:16:16	-765.42	5113.34	-340.12	-0.71	6.87	19.83
2008-01-14T19:16:18	-774.15	5122.94	-340.42	-0.72	6.82	19.72
2008-01-14T19:16:20	-782.88	5132.54	-340.71	-0.72	6.77	19.60
2008-01-14T19:16:22	-791.61	5142.14	-341.01	-0.72	6.72	19.49
2008-01-14T19:16:24	-800.34	5151.74	-341.31	-0.73	6.67	19.38
2008-01-14T19:16:26	-809.07	5161.33	-341.60	-0.73	6.62	19.27
2008-01-14T19:16:28	-817.80	5170.92	-341.90	-0.73	6.57	19.15
2008-01-14T19:16:30	-826.53	5180.51	-342.20	-0.74	6.52	19.04
2008-01-14T19:16:32	-835.26	5190.09	-342.50	-0.74	6.47	18.94
2008-01-14T19:16:34	-843.98	5199.67	-342.79	-0.74	6.42	18.83
2008-01-14T19:16:36	-852.71	5209.25	-343.09	-0.74	6.37	18.72
2008-01-14T19:16:38	-861.44	5218.82	-343.38	-0.75	6.32	18.61
2008-01-14T19:16:40	-870.16	5228.39	-343.68	-0.75	6.28	18.51
2008-01-14T19:16:42	-878.89	5237.96	-343.97	-0.75	6.23	18.40
2008-01-14T19:16:44	-887.61	5247.52	-344.27	-0.75	6.18	18.29
2008-01-14T19:16:46	-896.34	5257.08	-344.56	-0.76	6.14	18.19
2008-01-14T19:16:48	-905.06	5266.64	-344.86	-0.76	6.09	18.09
2008-01-14T19:16:50	-913.78	5276.20	-345.15	-0.76	6.05	17.98
2008-01-14T19:16:52	-922.51	5285.75	-345.45	-0.76	6.00	17.88
2008-01-14T19:16:54	-931.23	5295.30	-345.74	-0.76	5.96	17.78
2008-01-14T19:16:56	-939.95	5304.85	-346.04	-0.76	5.91	17.68
2008-01-14T19:16:58	-948.67	5314.39	-346.33	-0.77	5.87	17.58
2008-01-14T19:17:00	-957.39	5323.93	-346.62	-0.77	5.83	17.48
2008-01-14T19:17:02	-966.11	5333.47	-346.92	-0.77	5.78	17.38
