Time	POS_X	POS_Y	POS_Z	B_X	B_Y	B_Z
2008-10-06T08:26:48	5012.59	-2099.14	-42.81	11.32	34.24	9.85
2008-10-06T08:26:50	5005.86	-2089.38	-43.12	11.22	34.55	10.72
2008-10-06T08:26:52	4999.13	-2079.62	-43.43	11.09	34.73	11.57
2008-10-06T08:26:54	4992.40	-2069.86	-43.75	10.93	34.78	12.40
2008-10-06T08:26:56	4985.66	-2060.10	-44.06	10.63	34.42	12.99
2008-10-06T08:26:58	4978.92	-2050.33	-44.37	10.43	34.28	13.26
2008-10-06T08:27:00	4972.18	-2040.57	-44.68	10.24	34.06	13.58
2008-10-06T08:27:02	4965.43	-2030.80	-44.99	10.06	33.75	13.96
2008-10-06T08:27:04	4958.68	-2021.03	-45.30	9.90	33.37	14.40
2008-10-06T08:27:06	4951.93	-2011.27	-45.61	9.77	32.91	14.90
2008-10-06T08:27:08	4945.18	-2001.50	-45.92	9.52	32.34	15.31
2008-10-06T08:27:10	4938.42	-1991.73	-46.23	8.94	31.78	15.44
2008-10-06T08:27:12	4931.66	-1981.95	-46.54	8.31	31.44	15.61
2008-10-06T08:27:14	4924.90	-1972.18	-46.85	7.69	31.19	15.81
2008-10-06T08:27:16	4918.13	-1962.40	-47.17	7.11	30.99	16.19
2008-10-06T08:27:18	4911.36	-1952.63	-47.48	6.57	30.84	16.73
2008-10-06T08:27:20	4904.59	-1942.85	-47.78	6.05	30.55	17.22
2008-10-06T08:27:22	4897.82	-1933.07	-48.09	5.42	30.14	17.53
2008-10-06T08:27:24	4891.04	-1923.29	-48.41	4.68	29.81	17.86
2008-10-06T08:27:26	4884.26	-1913.51	-48.72	3.82	29.58	18.23
2008-10-06T08:27:28	4877.47	-1903.73	-49.03	2.86	29.45	18.62
2008-10-06T08:27:30	4870.69	-1893.95	-49.34	2.23	29.05	18.72
2008-10-06T08:27:32	4863.90	-1884.16	-49.65	2.08	28.52	18.82
2008-10-06T08:27:34	4857.11	-1874.38	-49.96	2.13	27.88	18.91
2008-10-06T08:27:36	4850.31	-1864.59	-50.27	2.04	27.22	19.03
2008-10-06T08:27:38	4843.51	-1854.80	-50.58	1.80	26.52	19.20
2008-10-06T08:27:40	4836.71	-1845.01	-50.89	1.42	25.80	19.40
2008-10-06T08:27:42	4829.91	-1835.22	-51.20	0.88	25.05	19.66
2008-10-06T08:27:44	4823.10	-1825.43	-51.51	0.71	24.76	20.17
2008-10-06T08:27:46	4816.29	-1815.64	-51.82	0.92	24.71	20.62
2008-10-06T08:27:48	4809.48	-1805.84	-52.13	1.30	24.72	21.04
2008-10-06T08:27:50	4802.66	-1796.05	-52.44	1.73	24.81	21.53
2008-10-06T08:27:52	4795.84	-1786.25	-52.75	2.19	24.99	22.10
2008-10-06T08:27:54	4789.02	-1776.45	-53.06	2.70	25.25	22.74
2008-10-06T08:27:56	4782.19	-1766.66	-53.37	2.65	25.18	23.51
2008-10-06T08:27:58	4775.37	-1756.86	-53.68	2.42	25.12	24.33
2008-10-06T08:28:00	4768.53	-1747.05	-53.99	2.05	25.11	25.20
2008-10-06T08:28:02	4761.70	-1737.25	-54.30	1.52	25.02	25.95
2008-10-06T08:28:04	4754.86	-1727.45	-54.61	0.88	24.53	26.21
2008-10-06T08:28:06	4748.02	-1717.64	-54.92	0.24	23.97	26.50
2008-10-06T08:28:08	4741.17	-1707.84	-55.23	-0.77	23.36	26.59
2008-10-06T08:28:10	4734.32	-1698.03	-55.54	-1.87	22.78	26.78
2008-10-06T08:28:12	4727.47	-1688.22	-55.85	-3.05	22.24	27.08
2008-10-06T08:28:14	4720.62	-1678.41	-56.16	-4.33	21.72	27.48
2008-10-06T08:28:16	4713.76	-1668.60	-56.47	-5.69	21.23	27.99
2008-10-06T08:28:18	4706.90	-1658.79	-56.78	-6.92	20.77	28.54
2008-10-06T08:28:20	4700.04	-1648.98	-57.09	-6.95	20.60	28.54
2008-10-06T08:28:22	4693.17	-1639.16	-57.40	-6.92	20.67	28.57
2008-10-06T08:28:24	4686.30	-1629.35	-57.71	-6.91	20.95	28.70
2008-10-06T08:28:26	4679.42	-1619.53	-58.02	-6.93	21.45	28.92
2008-10-06T08:28:28	4672.54	-1609.71	-58.33	-6.98	22.16	29.25
2008-10-06T08:28:30	4665.66	-1599.89	-58.64	-7.05	22.65	29.47
2008-10-06T08:28:32	4658.78	-1590.07	-58.95	-7.15	22.60	29.43
2008-10-06T08:28:34	4651.89	-1580.25	-59.26	-7.27	22.51	29.33
2008-10-06T08:28:36	4645.00	-1570.43	-59.57	-7.57	22.26	29.32
2008-10-06T08:28:38	4638.11	-1560.60	-59.88	-7.97	21.94	29.45
2008-10-06T08:28:40	4631.21	-1550.78	-60.19	-8.34	21.68	29.62
2008-10-06T08:28:42	4624.31	-1540.95	-60.49	-8.63	21.62	30.02
2008-10-06T08:28:44	4617.40	-1531.12	-60.80	-8.81	21.65	30.49
2008-10-06T08:28:46	4610.49	-1521.30	-61.11	-8.93	21.69	30.91
2008-10-06T08:28:48	4603.58	-1511.47	-61.42	-8.96	21.73	31.27
2008-10-06T08:28:50	4596.66	-1501.63	-61.73	-8.93	21.77	31.58
2008-10-06T08:28:52	4589.74	-1491.80	-62.04	-8.88	21.82	31.82
2008-10-06T08:28:54	4582.82	-1481.97	-62.35	-9.35	21.60	32.23
2008-10-06T08:28:56	4575.90	-1472.13	-62.65	-9.94	21.25	32.73
2008-10-06T08:28:58	4568.97	-1462.30	-62.96	-10.56	20.85	33.26
2008-10-06T08:29:00	4562.03	-1452.46	-63.27	-11.20	20.39	33.83
2008-10-06T08:29:02	4555.09	-1442.62	-63.58	-11.86	19.89	34.41
2008-10-06T08:29:04	4548.15	-1432.78	-63.89	-12.55	19.33	35.02
2008-10-06T08:29:06	4541.21	-1422.94	-64.20	-13.05	19.67	35.44
2008-10-06T08:29:08	4534.26	-1413.10	-64.51	-13.39	19.96	35.82
2008-10-06T08:29:10	4527.31	-1403.26	-64.82	-13.38	20.77	36.05
2008-10-06T08:29:12	4520.35	-1393.41	-65.12	-13.40	21.53	36.32
2008-10-06T08:29:14	4513.39	-1383.57	-65.43	-13.44	22.24	36.64
2008-10-06T08:29:16	4506.43	-1373.72	-65.74	-13.61	22.80	36.97
2008-10-06T08:29:18	4499.46	-1363.87	-66.05	-14.25	22.71	37.13
2008-10-06T08:29:20	4492.50	-1354.02	-66.36	-14.80	22.46	37.34
2008-10-06T08:29:22	4485.52	-1344.17	-66.67	-15.26	22.05	37.60
2008-10-06T08:29:24	4478.54	-1334.32	-66.97	-15.61	21.49	37.92
2008-10-06T08:29:26	4471.56	-1324.47	-67.28	-16.27	21.11	38.40
2008-10-06T08:29:28	4464.58	-1314.61	-67.59	-16.92	21.30	39.12
2008-10-06T08:29:30	4457.58	-1304.76	-67.90	-17.40	21.90	40.03
2008-10-06T08:29:32	4450.59	-1294.90	-68.21	-17.76	22.43	40.91
2008-10-06T08:29:34	4443.59	-1285.04	-68.51	-18.02	22.88	41.74
2008-10-06T08:29:36	4436.59	-1275.19	-68.82	-18.15	23.27	42.53
2008-10-06T08:29:38	4429.59	-1265.33	-69.13	-18.17	23.59	43.27
2008-10-06T08:29:40	4422.58	-1255.47	-69.44	-18.04	23.78	43.83
2008-10-06T08:29:42	4415.57	-1245.60	-69.74	-17.93	23.68	43.94
2008-10-06T08:29:44	4408.55	-1235.74	-70.05	-17.85	23.53	43.90
2008-10-06T08:29:46	4401.53	-1225.88	-70.36	-17.77	23.44	43.91
2008-10-06T08:29:48	4394.50	-1216.01	-70.66	-17.67	23.39	43.98
2008-10-06T08:29:50	4387.47	-1206.14	-70.97	-17.57	23.38	44.09
2008-10-06T08:29:52	4380.44	-1196.28	-71.28	-17.51	23.39	43.67
2008-10-06T08:29:54	4373.40	-1186.41	-71.59	-17.53	23.41	43.11
2008-10-06T08:29:56	4366.36	-1176.54	-71.89	-17.62	23.48	42.56
2008-10-06T08:29:58	4359.32	-1166.66	-72.20	-17.60	23.55	41.94
2008-10-06T08:30:00	4352.26	-1156.79	-72.51	-17.37	23.65	41.31
2008-10-06T08:30:02	4345.21	-1146.92	-72.81	-17.06	23.80	40.74
2008-10-06T08:30:04	4338.15	-1137.04	-73.12	-17.07	24.15	40.71
2008-10-06T08:30:06	4331.09	-1127.17	-73.43	-17.15	24.47	40.71
2008-10-06T08:30:08	4324.02	-1117.29	-73.73	-17.31	24.76	40.72
2008-10-06T08:30:10	4316.95	-1107.41	-74.04	-17.53	25.01	40.76
2008-10-06T08:30:12	4309.88	-1097.53	-74.35	-17.83	25.24	40.81
2008-10-06T08:30:14	4302.80	-1087.65	-74.65	-18.13	25.19	40.95
2008-10-06T08:30:16	4295.72	-1077.77	-74.96	-18.24	24.79	41.50
2008-10-06T08:30:18	4288.63	-1067.89	-75.27	-18.38	24.48	42.03
2008-10-06T08:30:20	4281.54	-1058.00	-75.57	-18.53	24.25	42.54
2008-10-06T08:30:22	4274.44	-1048.12	-75.88	-18.70	24.12	43.02
2008-10-06T08:30:24	4267.34	-1038.23	-76.18	-18.88	24.07	43.49
2008-10-06T08:30:26	4260.23	-1028.35	-76.49	-19.10	24.04	43.62
2008-10-06T08:30:28	4253.12	-1018.46	-76.80	-19.43	23.97	43.29
2008-10-06T08:30:30	4246.01	-1008.57	-77.10	-19.82	23.96	43.08
2008-10-06T08:30:32	4238.89	-998.68	-77.41	-20.12	24.01	43.08
2008-10-06T08:30:34	4231.77	-988.79	-77.71	-20.41	24.08	43.14
2008-10-06T08:30:36	4224.64	-978.89	-78.02	-20.68	24.19	43.27
2008-10-06T08:30:38	4217.51	-969.00	-78.32	-20.85	24.19	43.20
2008-10-06T08:30:40	4210.37	-959.11	-78.63	-20.97	24.07	42.98
2008-10-06T08:30:42	4203.23	-949.21	-78.93	-21.13	23.90	42.77
2008-10-06T08:30:44	4196.09	-939.31	-79.24	-21.32	23.66	42.57
2008-10-06T08:30:46	4188.93	-929.41	-79.54	-21.44	23.38	42.52
2008-10-06T08:30:48	4181.78	-919.51	-79.85	-21.37	23.14	42.92
2008-10-06T08:30:50	4174.62	-909.61	-80.15	-20.57	23.44	43.60
2008-10-06T08:30:52	4167.45	-899.71	-80.46	-19.84	23.84	44.25
2008-10-06T08:30:54	4160.29	-889.81	-80.76	-19.32	24.23	44.81
2008-10-06T08:30:56	4153.11	-879.91	-81.07	-19.00	24.61	45.30
2008-10-06T08:30:58	4145.93	-870.00	-81.37	-18.88	24.98	45.70
2008-10-06T08:31:00	4138.75	-860.10	-81.68	-18.97	25.30	45.97
2008-10-06T08:31:02	4131.56	-850.19	-81.98	-19.14	24.81	45.14
2008-10-06T08:31:04	4124.37	-840.28	-82.29	-19.19	24.16	44.13
2008-10-06T08:31:06	4117.17	-830.38	-82.59	-19.16	23.55	43.32
2008-10-06T08:31:08	4109.97	-820.47	-82.89	-19.05	22.98	42.73
2008-10-06T08:31:10	4102.76	-810.56	-83.20	-18.86	22.45	42.34
2008-10-06T08:31:12	4095.55	-800.64	-83.50	-18.48	22.18	42.37
2008-10-06T08:31:14	4088.33	-790.73	-83.81	-17.78	22.48	42.84
2008-10-06T08:31:16	4081.11	-780.82	-84.11	-17.03	22.85	43.12
2008-10-06T08:31:18	4073.88	-770.90	-84.41	-16.21	23.35	43.33
2008-10-06T08:31:20	4066.65	-760.99	-84.72	-15.36	23.95	43.62
2008-10-06T08:31:22	4059.41	-751.07	-85.02	-14.51	24.51	43.89
2008-10-06T08:31:24	4052.17	-741.15	-85.32	-14.31	24.58	44.22
2008-10-06T08:31:26	4044.92	-731.24	-85.63	-14.68	24.17	44.59
2008-10-06T08:31:28	4037.67	-721.32	-85.93	-15.04	23.65	44.92
2008-10-06T08:31:30	4030.41	-711.40	-86.23	-15.40	23.04	45.23
2008-10-06T08:31:32	4023.15	-701.48	-86.54	-15.76	22.33	45.50
2008-10-06T08:31:34	4015.88	-691.55	-86.84	-16.18	21.71	45.50
2008-10-06T08:31:36	4008.61	-681.63	-87.14	-16.62	21.88	45.64
2008-10-06T08:31:38	4001.33	-671.71	-87.44	-17.04	22.14	45.75
2008-10-06T08:31:40	3994.05	-661.78	-87.74	-17.46	22.28	45.66
2008-10-06T08:31:42	3986.76	-651.86	-88.05	-17.87	22.28	45.38
2008-10-06T08:31:44	3979.47	-641.93	-88.35	-18.27	22.16	44.91
2008-10-06T08:31:46	3972.17	-632.00	-88.65	-18.64	21.92	44.24
2008-10-06T08:31:48	3964.86	-622.07	-88.96	-18.48	21.85	43.63
2008-10-06T08:31:50	3957.55	-612.14	-89.26	-18.16	21.96	43.42
2008-10-06T08:31:52	3950.24	-602.21	-89.56	-17.74	22.18	43.28
2008-10-06T08:31:54	3942.92	-592.28	-89.86	-17.31	22.40	43.08
2008-10-06T08:31:56	3935.59	-582.35	-90.16	-16.87	22.65	42.81
2008-10-06T08:31:58	3928.26	-572.42	-90.46	-16.46	22.81	42.63
2008-10-06T08:32:00	3920.92	-562.48	-90.76	-16.13	22.71	42.93
2008-10-06T08:32:02	3913.58	-552.55	-91.06	-15.85	22.59	43.30
2008-10-06T08:32:04	3906.23	-542.61	-91.37	-15.61	22.45	43.77
2008-10-06T08:32:06	3898.88	-532.68	-91.67	-15.61	22.45	44.49
2008-10-06T08:32:08	3891.52	-522.74	-91.97	-15.69	22.44	45.21
2008-10-06T08:32:10	3884.15	-512.80	-92.27	-15.81	22.67	45.63
2008-10-06T08:32:12	3876.78	-502.86	-92.57	-15.83	23.15	45.75
2008-10-06T08:32:14	3869.40	-492.92	-92.87	-15.74	23.60	45.90
2008-10-06T08:32:16	3862.02	-482.98	-93.17	-15.52	23.99	46.08
2008-10-06T08:32:18	3854.63	-473.04	-93.47	-15.18	24.35	46.28
2008-10-06T08:32:20	3847.24	-463.10	-93.77	-14.75	24.72	46.51
2008-10-06T08:32:22	3839.84	-453.16	-94.07	-15.23	25.46	46.26
2008-10-06T08:32:24	3832.44	-443.22	-94.37	-15.82	26.20	45.85
2008-10-06T08:32:26	3825.03	-433.27	-94.67	-16.21	26.94	45.50
2008-10-06T08:32:28	3817.61	-423.33	-94.96	-16.42	27.67	45.23
2008-10-06T08:32:30	3810.19	-413.38	-95.26	-16.43	28.41	45.03
2008-10-06T08:32:32	3802.76	-403.44	-95.56	-16.26	29.14	44.91
2008-10-06T08:32:34	3795.32	-393.49	-95.86	-16.00	29.96	45.09
2008-10-06T08:32:36	3787.88	-383.54	-96.16	-16.03	30.74	45.16
2008-10-06T08:32:38	3780.44	-373.60	-96.46	-16.33	31.42	45.18
2008-10-06T08:32:40	3772.98	-363.65	-96.76	-16.54	32.11	45.33
2008-10-06T08:32:42	3765.53	-353.70	-97.06	-16.65	32.82	45.63
2008-10-06T08:32:44	3758.06	-343.75	-97.35	-16.69	33.46	45.98
2008-10-06T08:32:46	3750.59	-333.80	-97.65	-16.72	33.86	46.03
2008-10-06T08:32:48	3743.11	-323.85	-97.95	-16.64	34.25	45.96
2008-10-06T08:32:50	3735.63	-313.90	-98.25	-16.45	34.64	45.76
2008-10-06T08:32:52	3728.14	-303.94	-98.54	-16.36	35.15	45.61
2008-10-06T08:32:54	3720.64	-293.99	-98.84	-16.25	35.68	45.61
2008-10-06T08:32:56	3713.14	-284.04	-99.14	-15.82	36.02	45.73
2008-10-06T08:32:58	3705.64	-274.09	-99.43	-15.10	36.24	46.00
2008-10-06T08:33:00	3698.12	-264.13	-99.73	-14.33	36.54	46.43
2008-10-06T08:33:02	3690.60	-254.18	-100.03	-13.53	36.91	47.02
2008-10-06T08:33:04	3683.07	-244.22	-100.32	-12.69	37.35	47.76
2008-10-06T08:33:06	3675.54	-234.27	-100.62	-11.83	37.82	48.59
2008-10-06T08:33:08	3668.00	-224.31	-100.92	-11.76	37.42	48.62
2008-10-06T08:33:10	3660.45	-214.35	-101.21	-11.85	36.74	48.43
2008-10-06T08:33:12	3652.90	-204.40	-101.51	-11.91	36.03	48.23
2008-10-06T08:33:14	3645.34	-194.44	-101.80	-11.96	35.27	47.99
2008-10-06T08:33:16	3637.77	-184.48	-102.10	-11.98	34.46	47.73
2008-10-06T08:33:18	3630.20	-174.53	-102.39	-12.00	33.61	47.43
2008-10-06T08:33:20	3622.62	-164.57	-102.69	-11.92	33.74	47.38
2008-10-06T08:33:22	3615.04	-154.61	-102.98	-11.69	34.26	47.38
2008-10-06T08:33:24	3607.44	-144.65	-103.28	-11.50	34.90	47.36
2008-10-06T08:33:26	3599.84	-134.69	-103.57	-11.41	35.35	47.23
2008-10-06T08:33:28	3592.24	-124.73	-103.87	-11.42	35.61	47.01
2008-10-06T08:33:30	3584.63	-114.77	-104.16	-11.65	35.79	46.78
2008-10-06T08:33:32	3577.01	-104.81	-104.45	-12.24	36.21	46.78
2008-10-06T08:33:34	3569.38	-94.85	-104.75	-12.89	36.66	46.73
2008-10-06T08:33:36	3561.75	-84.89	-105.04	-13.57	37.13	46.63
2008-10-06T08:33:38	3554.11	-74.93	-105.33	-13.88	37.62	46.24
2008-10-06T08:33:40	3546.46	-64.97	-105.63	-14.08	38.10	45.93
2008-10-06T08:33:42	3538.81	-55.01	-105.92	-13.77	38.32	45.54
2008-10-06T08:33:44	3531.14	-45.05	-106.21	-13.05	38.36	45.27
2008-10-06T08:33:46	3523.48	-35.09	-106.50	-12.36	38.48	45.32
2008-10-06T08:33:48	3515.80	-25.12	-106.80	-11.68	38.70	45.70
2008-10-06T08:33:50	3508.12	-15.16	-107.09	-11.01	39.00	46.40
2008-10-06T08:33:52	3500.43	-5.20	-107.38	-10.41	39.41	47.03
2008-10-06T08:33:54	3492.73	4.76	-107.67	-10.10	39.14	46.21
2008-10-06T08:33:56	3485.03	14.72	-107.96	-9.89	38.79	45.10
2008-10-06T08:33:58	3477.32	24.68	-108.25	-9.72	38.57	44.06
2008-10-06T08:34:00	3469.60	34.64	-108.54	-9.59	38.47	43.09
2008-10-06T08:34:02	3461.87	44.61	-108.83	-9.51	38.50	42.20
2008-10-06T08:34:04	3454.14	54.57	-109.12	-9.43	38.64	41.37
2008-10-06T08:34:06	3446.40	64.53	-109.41	-8.10	38.44	40.60
2008-10-06T08:34:08	3438.66	74.49	-109.70	-6.60	37.67	39.79
2008-10-06T08:34:10	3430.90	84.45	-110.00	-5.20	36.86	38.90
2008-10-06T08:34:12	3423.14	94.41	-110.28	-3.88	36.01	37.93
2008-10-06T08:34:14	3415.37	104.37	-110.57	-2.66	35.12	36.89
2008-10-06T08:34:16	3407.59	114.33	-110.86	-1.49	34.22	35.99
2008-10-06T08:34:18	3399.81	124.29	-111.15	-0.34	33.48	35.59
2008-10-06T08:34:20	3392.01	134.25	-111.44	0.76	32.87	35.22
2008-10-06T08:34:22	3384.22	144.21	-111.73	1.84	32.51	34.95
2008-10-06T08:34:24	3376.41	154.17	-112.01	2.87	32.36	34.59
2008-10-06T08:34:26	3368.59	164.13	-112.30	3.87	32.39	34.12
2008-10-06T08:34:28	3360.77	174.09	-112.59	4.93	32.59	33.63
2008-10-06T08:34:30	3352.94	184.05	-112.88	5.96	32.80	33.18
2008-10-06T08:34:32	3345.10	194.01	-113.16	6.88	33.01	32.72
2008-10-06T08:34:34	3337.26	203.96	-113.45	7.67	33.21	32.25
2008-10-06T08:34:36	3329.40	213.92	-113.74	8.40	33.04	32.08
2008-10-06T08:34:38	3321.54	223.88	-114.02	9.08	32.58	32.17
2008-10-06T08:34:40	3313.67	233.83	-114.31	10.01	32.05	32.82
2008-10-06T08:34:42	3305.79	243.79	-114.59	11.03	31.60	33.64
2008-10-06T08:34:44	3297.91	253.75	-114.88	12.04	31.27	34.49
2008-10-06T08:34:46	3290.02	263.70	-115.16	13.07	31.07	35.38
2008-10-06T08:34:48	3282.11	273.65	-115.45	14.10	30.99	36.31
2008-10-06T08:34:50	3274.20	283.61	-115.73	15.10	30.85	37.23
2008-10-06T08:34:52	3266.29	293.56	-116.02	15.60	30.10	38.00
2008-10-06T08:34:54	3258.36	303.51	-116.30	15.98	29.38	38.84
2008-10-06T08:34:56	3250.43	313.46	-116.58	16.23	28.67	39.72
2008-10-06T08:34:58	3242.49	323.41	-116.87	16.35	27.99	40.67
2008-10-06T08:35:00	3234.53	333.36	-117.15	16.35	27.33	41.66
2008-10-06T08:35:02	3226.58	343.31	-117.43	16.42	26.70	42.60
2008-10-06T08:35:04	3218.61	353.26	-117.71	17.07	26.16	43.40
2008-10-06T08:35:06	3210.63	363.21	-118.00	17.90	25.35	44.30
2008-10-06T08:35:08	3202.65	373.15	-118.28	18.58	24.70	45.16
2008-10-06T08:35:10	3194.66	383.10	-118.56	19.13	24.19	45.98
2008-10-06T08:35:12	3186.66	393.04	-118.84	19.52	23.83	46.78
2008-10-06T08:35:14	3178.65	402.99	-119.12	19.72	23.07	47.63
2008-10-06T08:35:16	3170.64	412.93	-119.40	19.88	21.89	48.39
2008-10-06T08:35:18	3162.61	422.87	-119.68	20.11	20.67	48.96
2008-10-06T08:35:20	3154.58	432.81	-119.96	20.81	19.53	49.75
2008-10-06T08:35:22	3146.54	442.75	-120.24	21.47	18.36	50.36
2008-10-06T08:35:24	3138.48	452.69	-120.52	22.04	17.17	50.77
2008-10-06T08:35:26	3130.42	462.62	-120.80	22.69	16.65	51.39
2008-10-06T08:35:28	3122.36	472.56	-121.08	23.51	16.45	52.09
2008-10-06T08:35:30	3114.28	482.49	-121.35	24.49	16.41	52.81
2008-10-06T08:35:32	3106.19	492.42	-121.63	25.64	16.54	53.54
2008-10-06T08:35:34	3098.10	502.35	-121.91	26.31	17.08	53.83
2008-10-06T08:35:36	3090.00	512.29	-122.19	26.72	17.61	53.91
2008-10-06T08:35:38	3081.88	522.21	-122.46	26.44	17.37	53.85
2008-10-06T08:35:40	3073.76	532.14	-122.74	26.02	17.25	53.82
2008-10-06T08:35:42	3065.63	542.07	-123.02	25.46	17.25	53.83
2008-10-06T08:35:44	3057.50	551.99	-123.29	24.76	17.37	53.88
2008-10-06T08:35:46	3049.35	561.91	-123.57	23.92	17.64	53.96
2008-10-06T08:35:48	3041.19	571.83	-123.84	24.04	17.81	54.96
2008-10-06T08:35:50	3033.02	581.75	-124.12	25.41	17.88	56.62
2008-10-06T08:35:52	3024.85	591.67	-124.39	26.93	18.14	58.20
2008-10-06T08:35:54	3016.67	601.58	-124.66	28.58	18.59	59.71
2008-10-06T08:35:56	3008.48	611.50	-124.94	30.36	19.24	61.15
2008-10-06T08:35:58	3000.28	621.41	-125.21	32.28	20.08	62.53
2008-10-06T08:36:00	2992.06	631.32	-125.48	33.72	20.89	63.47
2008-10-06T08:36:02	2983.84	641.23	-125.76	33.69	21.07	63.83
2008-10-06T08:36:04	2975.61	651.14	-126.03	33.50	21.15	64.20
2008-10-06T08:36:06	2967.38	661.04	-126.30	33.41	21.21	64.63
2008-10-06T08:36:08	2959.13	670.94	-126.57	33.41	21.26	65.11
2008-10-06T08:36:10	2950.87	680.84	-126.84	33.48	21.30	65.66
2008-10-06T08:36:12	2942.61	690.74	-127.11	33.53	21.57	65.89
2008-10-06T08:36:14	2934.33	700.64	-127.38	33.85	21.77	65.85
2008-10-06T08:36:16	2926.05	710.53	-127.65	34.86	21.79	66.27
2008-10-06T08:36:18	2917.75	720.42	-127.92	35.96	21.82	66.74
2008-10-06T08:36:20	2909.45	730.31	-128.19	37.08	21.88	67.18
2008-10-06T08:36:22	2901.14	740.20	-128.46	38.22	21.97	67.60
2008-10-06T08:36:24	2892.81	750.08	-128.72	38.65	22.33	68.24
2008-10-06T08:36:26	2884.48	759.96	-128.99	38.95	22.92	68.53
2008-10-06T08:36:28	2876.14	769.84	-129.26	39.13	23.73	68.45
2008-10-06T08:36:30	2867.79	779.72	-129.52	38.86	24.02	68.96
2008-10-06T08:36:32	2859.43	789.59	-129.79	38.60	24.10	69.48
2008-10-06T08:36:34	2851.06	799.47	-130.06	38.37	23.95	70.19
2008-10-06T08:36:36	2842.68	809.34	-130.32	38.32	23.65	71.54
2008-10-06T08:36:38	2834.29	819.20	-130.59	38.37	23.43	72.59
2008-10-06T08:36:40	2825.89	829.07	-130.85	38.53	23.31	73.34
2008-10-06T08:36:42	2817.48	838.93	-131.11	38.86	23.29	73.90
2008-10-06T08:36:44	2809.06	848.78	-131.38	39.47	23.22	74.76
2008-10-06T08:36:46	2800.63	858.64	-131.64	39.96	23.01	75.67
2008-10-06T08:36:48	2792.20	868.49	-131.90	40.43	22.98	76.59
2008-10-06T08:36:50	2783.75	878.34	-132.17	40.93	23.05	77.32
2008-10-06T08:36:52	2775.29	888.18	-132.43	41.49	23.22	77.85
2008-10-06T08:36:54	2766.82	898.03	-132.69	42.11	23.50	78.18
2008-10-06T08:36:56	2758.35	907.87	-132.95	42.83	24.12	78.56
2008-10-06T08:36:58	2749.86	917.70	-133.21	43.81	24.80	79.97
2008-10-06T08:37:00	2741.36	927.54	-133.47	44.71	24.96	81.48
2008-10-06T08:37:02	2732.86	937.37	-133.73	45.39	24.83	82.51
2008-10-06T08:37:04	2724.34	947.19	-133.99	45.87	24.42	83.06
2008-10-06T08:37:06	2715.82	957.02	-134.24	46.12	23.73	83.13
2008-10-06T08:37:08	2707.28	966.84	-134.50	46.17	22.77	82.71
2008-10-06T08:37:10	2698.73	976.65	-134.76	45.66	22.65	82.68
2008-10-06T08:37:12	2690.17	986.47	-135.01	45.22	23.05	83.04
2008-10-06T08:37:14	2681.61	996.27	-135.27	45.07	23.56	83.47
2008-10-06T08:37:16	2673.03	1006.08	-135.53	45.20	24.19	83.97
2008-10-06T08:37:18	2664.45	1015.88	-135.78	45.59	24.94	84.54
2008-10-06T08:37:20	2655.85	1025.68	-136.04	46.26	25.80	85.17
2008-10-06T08:37:22	2647.24	1035.47	-136.29	46.55	26.62	86.17
2008-10-06T08:37:24	2638.63	1045.26	-136.54	46.50	26.79	87.65
2008-10-06T08:37:26	2630.00	1055.05	-136.80	46.51	27.01	88.88
2008-10-06T08:37:28	2621.36	1064.83	-137.05	46.57	27.26	89.87
2008-10-06T08:37:30	2612.71	1074.61	-137.30	46.69	27.57	90.62
2008-10-06T08:37:32	2604.06	1084.38	-137.56	46.89	27.91	91.19
2008-10-06T08:37:34	2595.39	1094.15	-137.81	47.38	28.31	92.14
2008-10-06T08:37:36	2586.71	1103.91	-138.06	47.75	28.82	93.34
2008-10-06T08:37:38	2578.02	1113.67	-138.31	47.88	29.32	94.46
2008-10-06T08:37:40	2569.32	1123.43	-138.56	47.94	29.80	95.28
2008-10-06T08:37:42	2560.62	1133.18	-138.80	47.92	30.27	95.81
2008-10-06T08:37:44	2551.90	1142.93	-139.05	47.97	30.73	96.13
2008-10-06T08:37:46	2543.17	1152.67	-139.30	48.63	31.23	96.66
2008-10-06T08:37:48	2534.43	1162.41	-139.55	49.42	31.75	97.16
2008-10-06T08:37:50	2525.68	1172.14	-139.79	50.64	32.46	98.72
2008-10-06T08:37:52	2516.93	1181.87	-140.04	51.82	33.12	100.39
2008-10-06T08:37:54	2508.15	1191.60	-140.29	52.85	33.70	101.93
2008-10-06T08:37:56	2499.37	1201.31	-140.53	53.38	34.08	103.04
2008-10-06T08:37:58	2490.59	1211.03	-140.78	53.16	34.22	103.44
2008-10-06T08:38:00	2481.79	1220.74	-141.02	52.95	34.28	103.66
2008-10-06T08:38:02	2472.97	1230.44	-141.26	52.81	34.34	103.87
2008-10-06T08:38:04	2464.16	1240.14	-141.50	52.99	34.54	104.63
2008-10-06T08:38:06	2455.32	1249.83	-141.75	53.40	34.77	105.69
2008-10-06T08:38:08	2446.48	1259.52	-141.99	54.07	35.23	107.25
2008-10-06T08:38:10	2437.63	1269.21	-142.23	54.92	35.94	109.06
2008-10-06T08:38:12	2428.77	1278.88	-142.47	55.85	36.67	110.71
2008-10-06T08:38:14	2419.90	1288.56	-142.71	56.86	37.40	112.21
2008-10-06T08:38:16	2411.02	1298.22	-142.94	57.42	38.12	113.21
2008-10-06T08:38:18	2402.12	1307.89	-143.18	57.95	38.67	114.24
2008-10-06T08:38:20	2393.22	1317.54	-143.42	58.13	39.00	115.00
2008-10-06T08:38:22	2384.31	1327.19	-143.66	57.97	39.26	115.47
2008-10-06T08:38:24	2375.38	1336.84	-143.90	57.79	39.50	115.95
2008-10-06T08:38:26	2366.45	1346.48	-144.13	57.58	39.72	116.44
2008-10-06T08:38:28	2357.51	1356.11	-144.37	57.58	39.86	116.79
2008-10-06T08:38:30	2348.55	1365.74	-144.60	58.17	39.93	117.30
2008-10-06T08:38:32	2339.59	1375.36	-144.84	58.94	40.07	118.21
2008-10-06T08:38:34	2330.61	1384.98	-145.07	59.50	40.34	119.21
2008-10-06T08:38:36	2321.63	1394.58	-145.30	59.84	40.72	120.30
2008-10-06T08:38:38	2312.63	1404.19	-145.53	59.95	41.22	121.46
2008-10-06T08:38:40	2303.63	1413.78	-145.77	59.82	41.85	122.69
2008-10-06T08:38:42	2294.61	1423.38	-145.99	59.38	42.62	123.46
2008-10-06T08:38:44	2285.59	1432.96	-146.22	59.26	43.29	123.90
2008-10-06T08:38:46	2276.55	1442.54	-146.46	59.24	43.98	123.86
2008-10-06T08:38:48	2267.51	1452.11	-146.68	59.17	44.67	123.51
2008-10-06T08:38:50	2258.45	1461.67	-146.91	59.03	45.36	122.83
2008-10-06T08:38:52	2249.38	1471.23	-147.14	58.84	46.06	121.83
2008-10-06T08:38:54	2240.31	1480.79	-147.37	58.83	46.44	121.33
2008-10-06T08:38:56	2231.22	1490.33	-147.59	59.17	46.38	122.09
2008-10-06T08:38:58	2222.13	1499.87	-147.82	59.61	46.41	123.34
2008-10-06T08:39:00	2213.02	1509.40	-148.04	60.01	46.69	124.66
2008-10-06T08:39:02	2203.90	1518.93	-148.27	60.38	47.23	126.04
2008-10-06T08:39:04	2194.78	1528.45	-148.49	60.70	48.03	127.50
2008-10-06T08:39:06	2185.64	1537.96	-148.71	61.00	48.82	128.69
2008-10-06T08:39:08	2176.49	1547.46	-148.94	61.48	49.06	129.45
2008-10-06T08:39:10	2167.33	1556.96	-149.15	61.89	49.26	130.16
2008-10-06T08:39:12	2158.17	1566.45	-149.38	62.13	49.54	130.81
2008-10-06T08:39:14	2148.99	1575.93	-149.60	62.20	49.91	131.39
2008-10-06T08:39:16	2139.80	1585.41	-149.82	62.09	50.37	131.91
2008-10-06T08:39:18	2130.61	1594.87	-150.03	61.91	50.92	132.41
2008-10-06T08:39:20	2121.40	1604.33	-150.25	62.23	51.30	132.87
2008-10-06T08:39:22	2112.19	1613.79	-150.47	62.69	51.59	133.31
2008-10-06T08:39:24	2102.96	1623.23	-150.68	63.15	51.86	133.82
2008-10-06T08:39:26	2093.72	1632.67	-150.90	63.62	52.10	134.42
2008-10-06T08:39:28	2084.48	1642.10	-151.12	64.10	52.32	135.11
2008-10-06T08:39:30	2075.22	1651.52	-151.33	64.58	52.53	135.88
2008-10-06T08:39:32	2065.96	1660.94	-151.54	64.24	52.80	136.07
2008-10-06T08:39:34	2056.69	1670.35	-151.76	63.81	53.00	136.22
2008-10-06T08:39:36	2047.40	1679.75	-151.97	63.55	53.24	136.59
2008-10-06T08:39:38	2038.11	1689.14	-152.18	63.48	53.49	137.17
2008-10-06T08:39:40	2028.80	1698.52	-152.39	63.59	53.78	137.97
2008-10-06T08:39:42	2019.49	1707.90	-152.60	63.89	54.08	138.97
2008-10-06T08:39:44	2010.17	1717.27	-152.81	63.75	54.60	139.22
2008-10-06T08:39:46	2000.83	1726.63	-153.02	63.41	55.12	139.20
2008-10-06T08:39:48	1991.49	1735.98	-153.23	63.11	55.60	139.26
2008-10-06T08:39:50	1982.14	1745.32	-153.43	62.85	56.03	139.38
2008-10-06T08:39:52	1972.78	1754.66	-153.64	62.62	56.41	139.57
2008-10-06T08:39:54	1963.41	1763.98	-153.85	62.44	56.73	139.83
2008-10-06T08:39:56	1954.03	1773.30	-154.05	62.27	57.06	140.21
2008-10-06T08:39:58	1944.65	1782.61	-154.26	62.23	57.51	140.74
2008-10-06T08:40:00	1935.25	1791.91	-154.46	62.23	58.02	141.22
2008-10-06T08:40:02	1925.84	1801.20	-154.66	62.27	58.60	141.66
2008-10-06T08:40:04	1916.42	1810.49	-154.86	62.36	59.24	142.04
2008-10-06T08:40:06	1907.00	1819.76	-155.06	62.49	59.94	142.37
2008-10-06T08:40:08	1897.57	1829.03	-155.27	62.49	60.40	142.45
2008-10-06T08:40:10	1888.12	1838.29	-155.46	62.29	60.46	142.34
2008-10-06T08:40:12	1878.67	1847.54	-155.66	62.09	60.47	142.31
2008-10-06T08:40:14	1869.21	1856.78	-155.86	61.90	60.44	142.36
2008-10-06T08:40:16	1859.74	1866.01	-156.06	61.72	60.37	142.48
2008-10-06T08:40:18	1850.26	1875.24	-156.26	61.54	60.25	142.69
2008-10-06T08:40:20	1840.77	1884.45	-156.45	61.35	60.37	143.05
2008-10-06T08:40:22	1831.28	1893.65	-156.65	61.27	60.97	143.35
2008-10-06T08:40:24	1821.77	1902.85	-156.84	61.13	61.49	143.61
2008-10-06T08:40:26	1812.25	1912.04	-157.04	60.95	61.91	143.83
2008-10-06T08:40:28	1802.73	1921.21	-157.23	60.73	62.25	144.00
2008-10-06T08:40:30	1793.20	1930.38	-157.42	60.46	62.51	144.14
2008-10-06T08:40:32	1783.66	1939.54	-157.61	60.16	62.81	144.29
2008-10-06T08:40:34	1774.11	1948.69	-157.80	59.75	63.16	144.51
2008-10-06T08:40:36	1764.56	1957.83	-157.99	59.33	63.52	144.73
2008-10-06T08:40:38	1754.99	1966.96	-158.18	58.95	63.89	144.95
2008-10-06T08:40:40	1745.42	1976.09	-158.37	58.60	64.28	145.17
2008-10-06T08:40:42	1735.84	1985.20	-158.56	58.28	64.68	145.40
2008-10-06T08:40:44	1726.24	1994.30	-158.75	57.93	64.97	145.53
2008-10-06T08:40:46	1716.64	2003.40	-158.93	57.61	65.16	145.66
2008-10-06T08:40:48	1707.04	2012.48	-159.12	57.32	65.29	145.75
2008-10-06T08:40:50	1697.43	2021.55	-159.30	56.97	65.35	145.77
2008-10-06T08:40:52	1687.80	2030.62	-159.49	56.57	65.36	145.73
2008-10-06T08:40:54	1678.17	2039.67	-159.67	56.12	65.32	145.63
2008-10-06T08:40:56	1668.53	2048.72	-159.85	55.69	65.38	145.51
2008-10-06T08:40:58	1658.89	2057.76	-160.03	55.31	65.50	145.46
2008-10-06T08:41:00	1649.23	2066.78	-160.22	55.11	65.71	145.67
2008-10-06T08:41:02	1639.57	2075.80	-160.40	54.89	65.93	145.88
2008-10-06T08:41:04	1629.90	2084.81	-160.57	54.64	66.17	146.11
2008-10-06T08:41:06	1620.22	2093.80	-160.75	54.38	66.42	146.36
2008-10-06T08:41:08	1610.54	2102.79	-160.93	54.03	66.66	146.60
2008-10-06T08:41:10	1600.84	2111.77	-161.11	53.62	66.89	146.75
2008-10-06T08:41:12	1591.14	2120.73	-161.28	53.12	67.06	146.59
2008-10-06T08:41:14	1581.44	2129.69	-161.46	52.68	67.26	146.46
2008-10-06T08:41:16	1571.72	2138.64	-161.64	52.34	67.49	146.39
2008-10-06T08:41:18	1562.00	2147.58	-161.81	52.08	67.76	146.39
2008-10-06T08:41:20	1552.27	2156.50	-161.98	51.74	67.79	146.49
2008-10-06T08:41:22	1542.53	2165.42	-162.16	51.28	67.74	146.69
2008-10-06T08:41:24	1532.79	2174.33	-162.33	50.81	67.59	146.87
2008-10-06T08:41:26	1523.04	2183.23	-162.50	50.38	67.43	146.96
2008-10-06T08:41:28	1513.28	2192.11	-162.67	49.97	67.31	147.07
2008-10-06T08:41:30	1503.51	2200.99	-162.84	49.57	67.24	147.19
2008-10-06T08:41:32	1493.74	2209.86	-163.01	49.28	67.33	146.97
2008-10-06T08:41:34	1483.97	2218.70	-163.18	48.95	67.37	146.84
2008-10-06T08:41:36	1474.18	2227.56	-163.34	48.57	67.38	146.79
2008-10-06T08:41:38	1464.38	2236.40	-163.51	48.08	67.30	146.68
2008-10-06T08:41:40	1454.58	2245.22	-163.68	47.54	67.26	146.57
2008-10-06T08:41:42	1444.78	2254.04	-163.84	46.98	67.25	146.43
2008-10-06T08:41:44	1434.97	2262.84	-164.00	46.46	67.19	146.20
2008-10-06T08:41:46	1425.15	2271.64	-164.17	45.93	67.16	145.97
2008-10-06T08:41:48	1415.32	2280.42	-164.33	45.40	67.16	145.74
2008-10-06T08:41:50	1405.49	2289.20	-164.49	44.96	67.26	145.65
2008-10-06T08:41:52	1395.65	2297.97	-164.65	44.65	67.45	145.67
2008-10-06T08:41:54	1385.81	2306.72	-164.81	44.43	67.66	145.75
2008-10-06T08:41:56	1375.96	2315.46	-164.97	44.20	67.80	145.89
2008-10-06T08:41:58	1366.10	2324.20	-165.13	43.86	67.90	145.96
2008-10-06T08:42:00	1356.24	2332.92	-165.29	43.40	67.96	145.96
2008-10-06T08:42:02	1346.37	2341.63	-165.45	42.82	67.99	145.90
2008-10-06T08:42:04	1336.50	2350.33	-165.61	42.29	67.97	145.83
2008-10-06T08:42:06	1326.62	2359.03	-165.76	41.81	67.87	145.71
2008-10-06T08:42:08	1316.73	2367.71	-165.92	41.37	67.71	145.52
2008-10-06T08:42:10	1306.84	2376.38	-166.07	40.92	67.58	145.29
2008-10-06T08:42:12	1296.94	2385.04	-166.23	40.46	67.45	145.05
2008-10-06T08:42:14	1287.04	2393.69	-166.38	39.98	67.34	144.78
2008-10-06T08:42:16	1277.13	2402.33	-166.53	39.60	67.21	144.47
2008-10-06T08:42:18	1267.21	2410.96	-166.68	39.41	67.11	144.21
2008-10-06T08:42:20	1257.29	2419.58	-166.84	39.23	66.99	143.98
2008-10-06T08:42:22	1247.37	2428.19	-166.98	39.05	66.82	143.76
2008-10-06T08:42:24	1237.44	2436.79	-167.13	38.87	66.61	143.56
2008-10-06T08:42:26	1227.50	2445.38	-167.28	38.70	66.35	143.37
2008-10-06T08:42:28	1217.56	2453.95	-167.43	38.54	66.05	143.20
2008-10-06T08:42:30	1207.61	2462.52	-167.58	37.86	65.94	143.03
2008-10-06T08:42:32	1197.66	2471.08	-167.73	37.16	65.90	142.88
2008-10-06T08:42:34	1187.70	2479.62	-167.87	36.52	65.91	142.77
2008-10-06T08:42:36	1177.74	2488.16	-168.02	35.93	65.95	142.68
2008-10-06T08:42:38	1167.78	2496.68	-168.16	35.39	66.04	142.63
2008-10-06T08:42:40	1157.81	2505.20	-168.30	34.96	66.12	142.54
2008-10-06T08:42:42	1147.83	2513.70	-168.45	34.75	66.04	142.27
2008-10-06T08:42:44	1137.85	2522.20	-168.59	34.54	65.68	141.89
2008-10-06T08:42:46	1127.86	2530.68	-168.73	34.33	65.40	141.59
2008-10-06T08:42:48	1117.87	2539.15	-168.87	34.11	65.19	141.38
2008-10-06T08:42:50	1107.88	2547.62	-169.01	33.88	65.06	141.24
2008-10-06T08:42:52	1097.88	2556.07	-169.15	33.54	64.87	141.09
2008-10-06T08:42:54	1087.88	2564.51	-169.29	33.12	64.56	140.79
2008-10-06T08:42:56	1077.87	2572.95	-169.43	32.77	64.21	140.44
2008-10-06T08:42:58	1067.86	2581.37	-169.57	32.55	63.81	140.17
2008-10-06T08:43:00	1057.84	2589.78	-169.70	32.41	63.39	139.95
2008-10-06T08:43:02	1047.82	2598.18	-169.84	32.36	62.94	139.78
2008-10-06T08:43:04	1037.79	2606.57	-169.98	32.03	62.65	139.69
2008-10-06T08:43:06	1027.76	2614.95	-170.11	31.56	62.34	139.53
2008-10-06T08:43:08	1017.73	2623.32	-170.25	31.03	61.96	139.25
2008-10-06T08:43:10	1007.70	2631.68	-170.38	30.36	61.68	138.98
2008-10-06T08:43:12	997.65	2640.03	-170.51	29.61	61.51	138.85
2008-10-06T08:43:14	987.61	2648.37	-170.64	28.88	61.28	138.86
2008-10-06T08:43:16	977.56	2656.70	-170.78	28.38	61.16	139.17
2008-10-06T08:43:18	967.51	2665.02	-170.91	27.95	61.08	139.49
2008-10-06T08:43:20	957.45	2673.33	-171.04	27.60	61.03	139.82
2008-10-06T08:43:22	947.39	2681.62	-171.17	27.32	61.01	140.15
2008-10-06T08:43:24	937.33	2689.91	-171.30	27.08	60.89	140.22
2008-10-06T08:43:26	927.26	2698.19	-171.42	26.76	60.58	139.76
2008-10-06T08:43:28	917.19	2706.46	-171.55	26.38	60.20	138.94
2008-10-06T08:43:30	907.12	2714.71	-171.68	26.07	59.88	138.25
2008-10-06T08:43:32	897.04	2722.96	-171.81	25.82	59.60	137.68
2008-10-06T08:43:34	886.96	2731.20	-171.93	25.64	59.39	137.24
2008-10-06T08:43:36	876.88	2739.43	-172.06	25.53	59.22	136.92
2008-10-06T08:43:38	866.79	2747.64	-172.18	25.26	59.04	136.48
2008-10-06T08:43:40	856.70	2755.85	-172.31	24.94	58.82	136.00
2008-10-06T08:43:42	846.61	2764.05	-172.43	24.66	58.54	135.59
2008-10-06T08:43:44	836.51	2772.24	-172.55	24.42	58.21	135.24
2008-10-06T08:43:46	826.42	2780.42	-172.67	24.21	57.83	134.95
2008-10-06T08:43:48	816.31	2788.58	-172.80	24.04	57.39	134.74
2008-10-06T08:43:50	806.21	2796.74	-172.92	23.92	56.93	134.74
2008-10-06T08:43:52	796.10	2804.89	-173.04	23.65	56.53	134.33
2008-10-06T08:43:54	785.99	2813.03	-173.15	23.27	56.17	133.70
2008-10-06T08:43:56	775.88	2821.15	-173.27	22.85	55.79	133.01
2008-10-06T08:43:58	765.76	2829.27	-173.39	22.39	55.39	132.24
2008-10-06T08:44:00	755.65	2837.38	-173.51	21.89	55.09	131.51
2008-10-06T08:44:02	745.52	2845.48	-173.63	21.40	54.98	131.03
2008-10-06T08:44:04	735.40	2853.57	-173.75	20.97	54.94	130.74
2008-10-06T08:44:06	725.27	2861.65	-173.86	20.77	54.78	130.75
2008-10-06T08:44:08	715.15	2869.72	-173.97	20.64	54.58	130.69
2008-10-06T08:44:10	705.02	2877.78	-174.09	20.48	54.42	130.44
2008-10-06T08:44:12	694.88	2885.83	-174.20	20.27	54.02	129.65
2008-10-06T08:44:14	684.75	2893.87	-174.32	20.04	53.56	128.86
2008-10-06T08:44:16	674.61	2901.90	-174.43	19.79	53.13	128.19
2008-10-06T08:44:18	664.47	2909.92	-174.54	19.53	52.71	127.64
2008-10-06T08:44:20	654.33	2917.93	-174.66	19.12	52.31	127.34
2008-10-06T08:44:22	644.18	2925.93	-174.76	18.59	51.86	127.22
2008-10-06T08:44:24	634.04	2933.93	-174.87	18.14	51.46	127.33
2008-10-06T08:44:26	623.89	2941.91	-174.99	17.77	51.05	127.44
2008-10-06T08:44:28	613.74	2949.88	-175.10	17.49	50.61	127.53
2008-10-06T08:44:30	603.59	2957.85	-175.20	17.29	50.14	127.62
2008-10-06T08:44:32	593.43	2965.80	-175.31	17.17	49.66	127.69
2008-10-06T08:44:34	583.28	2973.75	-175.42	16.88	49.50	127.53
2008-10-06T08:44:36	573.12	2981.68	-175.53	16.36	49.58	127.05
2008-10-06T08:44:38	562.96	2989.61	-175.64	15.94	49.42	126.56
2008-10-06T08:44:40	552.80	2997.53	-175.74	15.61	49.00	126.03
2008-10-06T08:44:42	542.63	3005.44	-175.85	15.38	48.34	125.48
2008-10-06T08:44:44	532.47	3013.34	-175.95	15.24	47.44	124.91
2008-10-06T08:44:46	522.30	3021.23	-176.06	14.93	46.19	124.22
2008-10-06T08:44:48	512.14	3029.11	-176.16	14.56	44.98	123.57
2008-10-06T08:44:50	501.97	3036.98	-176.27	14.42	44.47	123.14
2008-10-06T08:44:52	491.80	3044.84	-176.37	14.35	44.09	122.77
2008-10-06T08:44:54	481.62	3052.70	-176.47	14.35	43.82	122.47
2008-10-06T08:44:56	471.45	3060.54	-176.57	14.39	43.75	122.15
2008-10-06T08:44:58	461.28	3068.38	-176.67	14.43	43.92	121.70
2008-10-06T08:45:00	451.10	3076.20	-176.77	14.53	44.00	121.33
2008-10-06T08:45:02	440.92	3084.02	-176.88	14.70	43.97	121.04
2008-10-06T08:45:04	430.75	3091.83	-176.98	14.35	43.64	120.44
2008-10-06T08:45:06	420.57	3099.63	-177.07	13.79	43.24	119.99
2008-10-06T08:45:08	410.38	3107.42	-177.17	13.03	42.79	119.46
2008-10-06T08:45:10	400.20	3115.20	-177.27	12.32	42.25	118.72
2008-10-06T08:45:12	390.02	3122.98	-177.37	11.78	41.63	117.90
2008-10-06T08:45:14	379.83	3130.74	-177.47	11.41	40.92	117.00
2008-10-06T08:45:16	369.65	3138.50	-177.56	11.19	40.12	116.01
2008-10-06T08:45:18	359.46	3146.25	-177.66	11.23	39.64	115.09
2008-10-06T08:45:20	349.27	3153.98	-177.76	11.20	40.28	115.13
2008-10-06T08:45:22	339.09	3161.71	-177.85	11.23	40.75	115.14
2008-10-06T08:45:24	328.90	3169.44	-177.95	11.32	41.06	115.13
2008-10-06T08:45:26	318.71	3177.15	-178.04	11.46	41.21	115.10
2008-10-06T08:45:28	308.52	3184.85	-178.13	11.67	41.20	115.06
2008-10-06T08:45:30	298.32	3192.55	-178.23	11.72	40.82	114.93
2008-10-06T08:45:32	288.13	3200.24	-178.32	11.24	40.09	114.74
2008-10-06T08:45:34	277.94	3207.91	-178.41	10.41	39.47	114.56
2008-10-06T08:45:36	267.75	3215.59	-178.51	9.70	38.99	114.34
2008-10-06T08:45:38	257.55	3223.25	-178.60	9.09	38.65	114.06
2008-10-06T08:45:40	247.36	3230.90	-178.69	8.58	38.44	113.73
2008-10-06T08:45:42	237.16	3238.55	-178.78	8.80	38.14	113.57
2008-10-06T08:45:44	226.96	3246.19	-178.87	9.33	37.64	113.56
2008-10-06T08:45:46	216.77	3253.82	-178.96	10.01	37.00	113.67
2008-10-06T08:45:48	206.57	3261.44	-179.05	10.59	36.33	113.76
2008-10-06T08:45:50	196.37	3269.05	-179.14	10.82	35.76	113.61
2008-10-06T08:45:52	186.17	3276.65	-179.23	10.68	35.40	113.10
2008-10-06T08:45:54	175.98	3284.25	-179.31	10.01	35.68	112.03
2008-10-06T08:45:56	165.78	3291.84	-179.40	9.48	35.87	111.21
2008-10-06T08:45:58	155.57	3299.42	-179.49	9.09	35.97	110.63
2008-10-06T08:46:00	145.38	3306.99	-179.57	8.84	35.98	110.30
2008-10-06T08:46:02	135.18	3314.56	-179.66	8.74	35.90	110.20
2008-10-06T08:46:04	124.97	3322.11	-179.75	8.88	35.81	109.88
2008-10-06T08:46:06	114.78	3329.66	-179.83	8.86	35.64	109.51
2008-10-06T08:46:08	104.57	3337.21	-179.92	8.69	35.47	109.18
2008-10-06T08:46:10	94.37	3344.74	-180.00	8.36	35.29	108.87
2008-10-06T08:46:12	84.17	3352.26	-180.08	7.87	35.11	108.59
2008-10-06T08:46:14	73.97	3359.78	-180.17	7.22	34.92	108.35
2008-10-06T08:46:16	63.77	3367.29	-180.25	6.31	34.66	108.68
2008-10-06T08:46:18	53.57	3374.79	-180.34	5.51	34.30	108.97
2008-10-06T08:46:20	43.36	3382.29	-180.42	4.93	33.89	109.10
2008-10-06T08:46:22	33.16	3389.77	-180.50	4.38	33.59	109.07
2008-10-06T08:46:24	22.96	3397.25	-180.58	3.84	33.40	108.88
2008-10-06T08:46:26	12.76	3404.72	-180.66	3.59	33.30	108.42
2008-10-06T08:46:28	2.56	3412.19	-180.74	3.83	33.23	107.86
2008-10-06T08:46:30	-7.65	3419.65	-180.82	4.11	33.23	107.49
2008-10-06T08:46:32	-17.85	3427.10	-180.90	4.46	33.32	107.30
2008-10-06T08:46:34	-28.05	3434.54	-180.98	4.63	33.09	107.50
2008-10-06T08:46:36	-38.25	3441.97	-181.06	4.68	32.79	107.79
2008-10-06T08:46:38	-48.45	3449.40	-181.14	4.44	32.16	107.72
2008-10-06T08:46:40	-58.66	3456.82	-181.22	4.20	31.53	107.35
2008-10-06T08:46:42	-68.86	3464.23	-181.30	4.06	30.99	106.80
2008-10-06T08:46:44	-79.06	3471.64	-181.37	4.03	30.55	106.05
2008-10-06T08:46:46	-89.26	3479.03	-181.45	4.09	30.20	105.11
2008-10-06T08:46:48	-99.46	3486.43	-181.53	4.21	29.94	104.19
2008-10-06T08:46:50	-109.66	3493.81	-181.61	4.13	29.64	104.19
2008-10-06T08:46:52	-119.86	3501.19	-181.68	3.99	29.36	104.00
2008-10-06T08:46:54	-130.06	3508.55	-181.76	3.80	29.09	103.60
2008-10-06T08:46:56	-140.26	3515.92	-181.83	3.55	28.85	103.00
2008-10-06T08:46:58	-150.46	3523.27	-181.91	3.24	28.62	102.20
2008-10-06T08:47:00	-160.66	3530.62	-181.98	2.86	28.50	101.53
2008-10-06T08:47:02	-170.86	3537.96	-182.06	2.38	28.59	101.12
2008-10-06T08:47:04	-181.06	3545.30	-182.13	1.80	28.83	100.98
2008-10-06T08:47:06	-191.25	3552.62	-182.20	1.22	29.16	101.27
2008-10-06T08:47:08	-201.45	3559.94	-182.28	0.66	29.56	101.61
2008-10-06T08:47:10	-211.65	3567.26	-182.35	0.13	30.03	101.98
2008-10-06T08:47:12	-221.84	3574.57	-182.42	-0.41	29.87	102.17
2008-10-06T08:47:14	-232.04	3581.86	-182.49	-1.04	29.70	102.27
2008-10-06T08:47:16	-242.24	3589.16	-182.57	-1.79	29.55	102.30
2008-10-06T08:47:18	-252.44	3596.45	-182.64	-2.64	29.42	102.25
2008-10-06T08:47:20	-262.63	3603.72	-182.71	-3.18	29.03	102.10
2008-10-06T08:47:22	-272.82	3611.00	-182.78	-3.05	28.60	101.71
2008-10-06T08:47:24	-283.02	3618.26	-182.85	-2.36	28.62	101.01
2008-10-06T08:47:26	-293.21	3625.53	-182.92	-1.68	28.75	100.42
2008-10-06T08:47:28	-303.40	3632.78	-182.99	-0.99	28.99	99.95
2008-10-06T08:47:30	-313.60	3640.03	-183.06	-0.31	29.34	99.59
2008-10-06T08:47:32	-323.79	3647.27	-183.13	0.38	29.80	99.35
2008-10-06T08:47:34	-333.98	3654.50	-183.20	0.63	29.72	99.12
2008-10-06T08:47:36	-344.17	3661.73	-183.27	0.39	29.41	98.55
2008-10-06T08:47:38	-354.36	3668.95	-183.33	0.09	29.15	97.93
2008-10-06T08:47:40	-364.55	3676.16	-183.40	-0.14	28.98	97.37
2008-10-06T08:47:42	-374.74	3683.37	-183.47	-0.30	28.90	96.85
2008-10-06T08:47:44	-384.92	3690.57	-183.54	-0.36	28.90	96.45
2008-10-06T08:47:46	-395.11	3697.77	-183.61	-0.21	28.95	96.53
2008-10-06T08:47:48	-405.30	3704.96	-183.67	-0.04	29.12	96.56
2008-10-06T08:47:50	-415.48	3712.14	-183.74	0.16	29.43	96.56
2008-10-06T08:47:52	-425.67	3719.32	-183.80	0.40	29.51	96.65
2008-10-06T08:47:54	-435.85	3726.49	-183.87	0.64	29.37	96.79
2008-10-06T08:47:56	-446.03	3733.65	-183.93	0.76	28.99	96.81
2008-10-06T08:47:58	-456.21	3740.81	-184.00	0.78	28.63	96.67
2008-10-06T08:48:00	-466.40	3747.96	-184.06	0.80	28.52	96.41
2008-10-06T08:48:02	-476.58	3755.11	-184.13	0.84	28.64	96.05
2008-10-06T08:48:04	-486.76	3762.25	-184.19	0.90	28.99	95.59
2008-10-06T08:48:06	-496.94	3769.38	-184.26	0.97	29.59	95.02
2008-10-06T08:48:08	-507.11	3776.51	-184.32	0.99	29.88	95.67
2008-10-06T08:48:10	-517.29	3783.63	-184.38	0.88	30.01	96.51
2008-10-06T08:48:12	-527.47	3790.75	-184.45	0.73	30.14	97.25
2008-10-06T08:48:14	-537.65	3797.86	-184.51	0.53	30.28	97.90
2008-10-06T08:48:16	-547.82	3804.97	-184.57	0.29	30.41	98.46
2008-10-06T08:48:18	-558.00	3812.07	-184.63	-0.00	30.56	98.89
2008-10-06T08:48:20	-568.17	3819.16	-184.70	-0.23	30.76	99.13
2008-10-06T08:48:22	-578.34	3826.24	-184.76	-0.30	31.00	99.20
2008-10-06T08:48:24	-588.51	3833.33	-184.82	-0.05	31.25	99.47
2008-10-06T08:48:26	-598.68	3840.40	-184.88	0.38	31.49	99.95
2008-10-06T08:48:28	-608.85	3847.47	-184.94	0.88	31.73	100.45
2008-10-06T08:48:30	-619.02	3854.54	-185.00	0.95	31.53	101.21
2008-10-06T08:48:32	-629.19	3861.60	-185.06	0.74	31.18	101.93
2008-10-06T08:48:34	-639.36	3868.65	-185.12	0.51	30.92	102.46
2008-10-06T08:48:36	-649.52	3875.70	-185.18	0.26	30.75	102.79
2008-10-06T08:48:38	-659.69	3882.74	-185.24	-0.01	30.67	102.92
2008-10-06T08:48:40	-669.85	3889.77	-185.30	-0.46	30.43	102.70
2008-10-06T08:48:42	-680.02	3896.80	-185.36	-0.45	29.07	102.13
2008-10-06T08:48:44	-690.18	3903.83	-185.42	-0.34	27.89	101.50
2008-10-06T08:48:46	-700.34	3910.85	-185.47	-0.13	26.90	100.82
2008-10-06T08:48:48	-710.50	3917.86	-185.53	0.19	26.09	100.09
2008-10-06T08:48:50	-720.66	3924.87	-185.59	0.61	25.46	99.31
2008-10-06T08:48:52	-730.81	3931.88	-185.65	0.69	24.69	98.17
2008-10-06T08:48:54	-740.97	3938.87	-185.71	0.14	23.33	96.50
2008-10-06T08:48:56	-751.13	3945.87	-185.76	-0.52	21.51	94.57
2008-10-06T08:48:58	-761.28	3952.86	-185.82	-1.36	19.48	92.14
2008-10-06T08:49:00	-771.44	3959.84	-185.87	-2.18	17.67	89.45
2008-10-06T08:49:02	-781.59	3966.82	-185.93	-2.97	16.08	86.51
2008-10-06T08:49:04	-791.74	3973.79	-185.99	-3.33	15.56	83.27
2008-10-06T08:49:06	-801.89	3980.75	-186.04	-3.55	15.42	80.23
2008-10-06T08:49:08	-812.04	3987.72	-186.10	-3.74	15.40	77.45
2008-10-06T08:49:10	-822.19	3994.67	-186.15	-3.90	15.48	74.94
2008-10-06T08:49:12	-832.34	4001.62	-186.21	-4.00	15.56	72.54
2008-10-06T08:49:14	-842.48	4008.57	-186.26	-3.88	15.08	69.46
2008-10-06T08:49:16	-852.63	4015.51	-186.32	-3.59	13.61	66.20
2008-10-06T08:49:18	-862.77	4022.45	-186.37	-3.45	12.18	63.10
2008-10-06T08:49:20	-872.91	4029.38	-186.43	-3.44	10.79	60.18
2008-10-06T08:49:22	-883.06	4036.30	-186.48	-3.56	9.44	57.43
2008-10-06T08:49:24	-893.20	4043.22	-186.53	-3.83	8.13	54.86
2008-10-06T08:49:26	-903.34	4050.14	-186.59	-3.81	6.84	52.22
2008-10-06T08:49:28	-913.48	4057.05	-186.64	-3.35	5.67	49.65
2008-10-06T08:49:30	-923.61	4063.96	-186.69	-2.53	5.22	47.29
2008-10-06T08:49:32	-933.75	4070.86	-186.75	-1.81	4.92	45.11
2008-10-06T08:49:34	-943.88	4077.75	-186.80	-1.20	4.73	43.12
2008-10-06T08:49:36	-954.02	4084.65	-186.85	-0.70	4.66	41.32
2008-10-06T08:49:38	-964.15	4091.53	-186.90	-0.68	4.65	40.01
2008-10-06T08:49:40	-974.28	4098.41	-186.96	-0.79	4.64	38.91
2008-10-06T08:49:42	-984.41	4105.29	-187.01	-0.97	4.61	37.97
2008-10-06T08:49:44	-994.54	4112.17	-187.06	-1.23	4.58	37.19
2008-10-06T08:49:46	-1004.67	4119.03	-187.11	-1.30	4.42	36.73
2008-10-06T08:49:48	-1014.80	4125.90	-187.16	-1.12	4.24	36.25
2008-10-06T08:49:50	-1024.92	4132.75	-187.21	-0.72	4.06	35.18
2008-10-06T08:49:52	-1035.05	4139.61	-187.26	-0.34	3.87	34.12
2008-10-06T08:49:54	-1045.17	4146.46	-187.31	0.02	3.66	33.06
2008-10-06T08:49:56	-1055.29	4153.30	-187.36	0.35	3.44	32.02
2008-10-06T08:49:58	-1065.41	4160.14	-187.41	0.66	3.20	30.98
2008-10-06T08:50:00	-1075.53	4166.98	-187.46	0.92	3.38	30.17
2008-10-06T08:50:02	-1085.65	4173.81	-187.51	1.12	3.92	29.56
2008-10-06T08:50:04	-1095.76	4180.63	-187.56	1.18	4.29	28.98
2008-10-06T08:50:06	-1105.88	4187.45	-187.61	1.30	4.53	28.36
2008-10-06T08:50:08	-1115.99	4194.27	-187.66	1.49	4.65	27.71
2008-10-06T08:50:10	-1126.11	4201.08	-187.71	1.73	4.63	27.04
2008-10-06T08:50:12	-1136.22	4207.89	-187.76	1.69	4.53	26.40
2008-10-06T08:50:14	-1146.33	4214.69	-187.80	1.56	4.49	25.79
2008-10-06T08:50:16	-1156.44	4221.50	-187.85	1.38	4.50	25.23
2008-10-06T08:50:18	-1166.55	4228.29	-187.90	1.16	4.56	24.70
2008-10-06T08:50:20	-1176.66	4235.08	-187.95	0.82	4.78	24.16
2008-10-06T08:50:22	-1186.76	4241.87	-187.99	0.48	4.96	23.68
2008-10-06T08:50:24	-1196.87	4248.65	-188.04	0.07	4.91	23.27
2008-10-06T08:50:26	-1206.97	4255.43	-188.09	-0.36	4.80	22.89
2008-10-06T08:50:28	-1217.07	4262.20	-188.14	-0.80	4.61	22.55
2008-10-06T08:50:30	-1227.18	4268.97	-188.18	-1.26	4.36	22.25
2008-10-06T08:50:32	-1237.28	4275.73	-188.23	-1.73	4.04	21.98
2008-10-06T08:50:34	-1247.37	4282.50	-188.28	-1.97	3.82	21.61
2008-10-06T08:50:36	-1257.47	4289.25	-188.32	-2.02	3.87	21.15
2008-10-06T08:50:38	-1267.57	4296.00	-188.37	-2.05	4.09	20.72
2008-10-06T08:50:40	-1277.66	4302.75	-188.41	-2.11	4.31	20.35
2008-10-06T08:50:42	-1287.75	4309.49	-188.46	-2.20	4.53	20.04
2008-10-06T08:50:44	-1297.85	4316.23	-188.50	-2.31	4.75	19.80
2008-10-06T08:50:46	-1307.94	4322.97	-188.55	-2.44	5.09	19.63
2008-10-06T08:50:48	-1318.03	4329.70	-188.59	-2.56	5.40	19.41
2008-10-06T08:50:50	-1328.11	4336.43	-188.64	-2.67	5.69	19.16
2008-10-06T08:50:52	-1338.20	4343.15	-188.69	-2.77	5.94	18.85
2008-10-06T08:50:54	-1348.29	4349.87	-188.73	-2.62	6.24	18.29
2008-10-06T08:50:56	-1358.37	4356.59	-188.77	-2.45	6.59	17.77
2008-10-06T08:50:58	-1368.46	4363.30	-188.82	-2.29	7.05	17.51
2008-10-06T08:51:00	-1378.54	4370.01	-188.86	-2.21	7.54	17.27
2008-10-06T08:51:02	-1388.62	4376.71	-188.90	-2.20	8.04	17.06
2008-10-06T08:51:04	-1398.70	4383.41	-188.95	-2.27	8.55	16.86
2008-10-06T08:51:06	-1408.78	4390.11	-188.99	-2.42	9.09	16.70
2008-10-06T08:51:08	-1418.85	4396.80	-189.04	-2.38	9.40	16.51
2008-10-06T08:51:10	-1428.93	4403.49	-189.08	-2.14	9.37	16.35
2008-10-06T08:51:12	-1439.00	4410.17	-189.12	-1.93	9.13	16.22
2008-10-06T08:51:14	-1449.07	4416.85	-189.16	-1.78	8.86	16.00
2008-10-06T08:51:16	-1459.15	4423.53	-189.21	-1.70	8.56	15.70
2008-10-06T08:51:18	-1469.22	4430.20	-189.25	-1.68	8.23	15.32
2008-10-06T08:51:20	-1479.28	4436.87	-189.29	-1.68	8.18	15.24
2008-10-06T08:51:22	-1489.35	4443.53	-189.33	-1.64	8.19	15.26
2008-10-06T08:51:24	-1499.42	4450.19	-189.38	-1.54	8.22	15.34
2008-10-06T08:51:26	-1509.48	4456.85	-189.42	-1.38	8.26	15.48
2008-10-06T08:51:28	-1519.55	4463.51	-189.46	-1.21	8.39	15.76
2008-10-06T08:51:30	-1529.61	4470.16	-189.50	-1.10	8.44	15.99
2008-10-06T08:51:32	-1539.67	4476.80	-189.54	-1.17	8.28	16.02
2008-10-06T08:51:34	-1549.73	4483.45	-189.58	-1.23	8.11	16.03
2008-10-06T08:51:36	-1559.79	4490.09	-189.62	-1.28	7.92	16.01
2008-10-06T08:51:38	-1569.85	4496.72	-189.67	-1.32	7.71	15.97
2008-10-06T08:51:40	-1579.90	4503.35	-189.71	-1.36	7.49	15.90
2008-10-06T08:51:42	-1589.96	4509.98	-189.75	-1.46	7.26	15.81
2008-10-06T08:51:44	-1600.01	4516.61	-189.79	-1.67	7.13	15.79
2008-10-06T08:51:46	-1610.06	4523.23	-189.83	-1.93	7.16	15.85
2008-10-06T08:51:48	-1620.11	4529.85	-189.87	-2.13	7.24	15.87
2008-10-06T08:51:50	-1630.16	4536.46	-189.91	-2.26	7.35	15.85
2008-10-06T08:51:52	-1640.21	4543.07	-189.95	-2.33	7.50	15.80
2008-10-06T08:51:54	-1650.26	4549.68	-189.99	-2.46	7.66	15.60
2008-10-06T08:51:56	-1660.30	4556.28	-190.03	-2.65	7.79	15.38
2008-10-06T08:51:58	-1670.35	4562.88	-190.07	-2.89	7.89	15.17
2008-10-06T08:52:00	-1680.39	4569.48	-190.11	-3.19	7.97	14.98
2008-10-06T08:52:02	-1690.43	4576.07	-190.14	-3.52	7.99	14.70
2008-10-06T08:52:04	-1700.47	4582.66	-190.18	-3.80	7.97	14.35
2008-10-06T08:52:06	-1710.51	4589.24	-190.22	-3.99	8.03	13.92
2008-10-06T08:52:08	-1720.55	4595.83	-190.26	-4.21	8.08	13.52
2008-10-06T08:52:10	-1730.58	4602.41	-190.30	-4.44	8.13	13.16
2008-10-06T08:52:12	-1740.62	4608.98	-190.34	-4.69	8.16	12.84
2008-10-06T08:52:14	-1750.65	4615.56	-190.38	-4.96	8.19	12.56
2008-10-06T08:52:16	-1760.69	4622.13	-190.42	-5.22	8.04	12.33
2008-10-06T08:52:18	-1770.72	4628.69	-190.45	-5.43	7.62	12.15
2008-10-06T08:52:20	-1780.75	4635.26	-190.49	-5.74	7.01	12.10
2008-10-06T08:52:22	-1790.77	4641.81	-190.53	-6.06	6.42	12.11
2008-10-06T08:52:24	-1800.80	4648.37	-190.56	-6.38	5.85	12.16
2008-10-06T08:52:26	-1810.83	4654.92	-190.60	-6.70	5.31	12.26
2008-10-06T08:52:28	-1820.85	4661.48	-190.64	-7.02	4.83	12.53
2008-10-06T08:52:30	-1830.88	4668.02	-190.68	-7.30	4.45	12.83
2008-10-06T08:52:32	-1840.90	4674.56	-190.71	-7.51	4.18	13.12
2008-10-06T08:52:34	-1850.92	4681.11	-190.75	-7.68	4.00	13.38
2008-10-06T08:52:36	-1860.94	4687.64	-190.79	-7.78	3.92	13.60
2008-10-06T08:52:38	-1870.96	4694.18	-190.83	-7.90	3.87	13.73
2008-10-06T08:52:40	-1880.97	4700.71	-190.86	-8.32	3.82	13.86
2008-10-06T08:52:42	-1890.99	4707.23	-190.90	-8.68	3.73	13.95
2008-10-06T08:52:44	-1901.00	4713.76	-190.93	-9.01	3.58	13.97
2008-10-06T08:52:46	-1911.02	4720.28	-190.97	-9.28	3.39	13.94
2008-10-06T08:52:48	-1921.03	4726.80	-191.01	-9.51	3.15	13.85
2008-10-06T08:52:50	-1931.04	4733.31	-191.04	-9.71	2.94	13.72
2008-10-06T08:52:52	-1941.04	4739.82	-191.08	-9.96	2.87	13.61
2008-10-06T08:52:54	-1951.05	4746.33	-191.11	-10.30	2.81	13.61
2008-10-06T08:52:56	-1961.06	4752.84	-191.15	-10.69	2.75	13.73
2008-10-06T08:52:58	-1971.06	4759.34	-191.18	-11.05	2.66	13.82
2008-10-06T08:53:00	-1981.07	4765.84	-191.22	-11.39	2.56	13.88
2008-10-06T08:53:02	-1991.07	4772.34	-191.25	-11.62	2.36	13.97
2008-10-06T08:53:04	-2001.07	4778.84	-191.29	-11.77	2.16	14.10
2008-10-06T08:53:06	-2011.07	4785.33	-191.32	-11.88	2.01	14.25
2008-10-06T08:53:08	-2021.07	4791.81	-191.36	-11.96	1.93	14.40
2008-10-06T08:53:10	-2031.07	4798.30	-191.39	-12.01	1.90	14.57
2008-10-06T08:53:12	-2041.06	4804.78	-191.43	-12.11	1.92	14.76
2008-10-06T08:53:14	-2051.06	4811.26	-191.46	-12.35	1.97	14.97
2008-10-06T08:53:16	-2061.05	4817.73	-191.50	-12.58	2.03	15.16
2008-10-06T08:53:18	-2071.04	4824.21	-191.53	-12.77	2.08	15.35
2008-10-06T08:53:20	-2081.03	4830.68	-191.56	-12.94	2.13	15.52
2008-10-06T08:53:22	-2091.02	4837.15	-191.60	-13.08	2.18	15.68
2008-10-06T08:53:24	-2101.01	4843.61	-191.63	-13.17	2.23	15.81
2008-10-06T08:53:26	-2111.00	4850.07	-191.67	-13.19	2.31	15.88
2008-10-06T08:53:28	-2120.98	4856.53	-191.70	-13.20	2.39	15.93
2008-10-06T08:53:30	-2130.97	4862.99	-191.73	-13.23	2.43	16.09
2008-10-06T08:53:32	-2140.95	4869.44	-191.77	-13.28	2.46	16.34
2008-10-06T08:53:34	-2150.94	4875.89	-191.80	-13.33	2.47	16.65
2008-10-06T08:53:36	-2160.92	4882.34	-191.83	-13.31	2.37	17.00
2008-10-06T08:53:38	-2170.89	4888.78	-191.86	-13.19	2.16	17.33
2008-10-06T08:53:40	-2180.87	4895.23	-191.90	-13.05	1.97	17.60
2008-10-06T08:53:42	-2190.85	4901.66	-191.93	-12.91	1.79	17.83
2008-10-06T08:53:44	-2200.82	4908.10	-191.96	-12.76	1.63	18.00
2008-10-06T08:53:46	-2210.80	4914.54	-192.00	-12.59	1.47	18.12
2008-10-06T08:53:48	-2220.77	4920.97	-192.03	-12.83	1.28	18.44
2008-10-06T08:53:50	-2230.74	4927.40	-192.06	-13.16	1.10	18.77
2008-10-06T08:53:52	-2240.71	4933.82	-192.09	-13.45	0.94	19.00
2008-10-06T08:53:54	-2250.68	4940.25	-192.13	-13.70	0.80	19.14
