Time	POS_X	POS_Y	POS_Z	B_X	B_Y	B_Z
2008-10-06T08:26:48	5012.59	-2099.14	-42.81	-24.51	15.66	17.62
2008-10-06T08:26:50	5005.86	-2089.38	-43.12	-24.69	15.30	17.34
2008-10-06T08:26:52	4999.13	-2079.62	-43.43	-24.87	14.95	17.11
2008-10-06T08:26:54	4992.40	-2069.86	-43.75	-25.06	14.61	16.93
2008-10-06T08:26:56	4985.66	-2060.10	-44.06	-25.27	14.43	16.57
2008-10-06T08:26:58	4978.92	-2050.33	-44.37	-25.45	14.39	15.83
2008-10-06T08:27:00	4972.18	-2040.57	-44.68	-25.56	14.35	15.11
2008-10-06T08:27:02	4965.43	-2030.80	-44.99	-25.59	14.32	14.43
2008-10-06T08:27:04	4958.68	-2021.03	-45.30	-25.54	14.30	13.78
2008-10-06T08:27:06	4951.93	-2011.27	-45.61	-25.42	14.27	13.16
2008-10-06T08:27:08	4945.18	-2001.50	-45.92	-25.29	14.29	12.67
2008-10-06T08:27:10	4938.42	-1991.73	-46.23	-25.35	14.41	12.42
2008-10-06T08:27:12	4931.66	-1981.95	-46.54	-25.56	14.55	12.18
2008-10-06T08:27:14	4924.90	-1972.18	-46.85	-25.90	14.70	11.87
2008-10-06T08:27:16	4918.13	-1962.40	-47.17	-26.24	14.80	11.50
2008-10-06T08:27:18	4911.36	-1952.63	-47.48	-26.60	14.84	11.05
2008-10-06T08:27:20	4904.59	-1942.85	-47.78	-26.94	14.85	10.62
2008-10-06T08:27:22	4897.82	-1933.07	-48.09	-27.26	14.87	10.30
2008-10-06T08:27:24	4891.04	-1923.29	-48.41	-27.55	14.90	9.99
2008-10-06T08:27:26	4884.26	-1913.51	-48.72	-27.82	14.95	9.70
2008-10-06T08:27:28	4877.47	-1903.73	-49.03	-28.06	15.02	9.42
2008-10-06T08:27:30	4870.69	-1893.95	-49.34	-28.20	15.18	9.25
2008-10-06T08:27:32	4863.90	-1884.16	-49.65	-28.24	15.40	9.02
2008-10-06T08:27:34	4857.11	-1874.38	-49.96	-28.28	15.69	8.77
2008-10-06T08:27:36	4850.31	-1864.59	-50.27	-28.35	15.97	8.50
2008-10-06T08:27:38	4843.51	-1854.80	-50.58	-28.47	16.26	8.21
2008-10-06T08:27:40	4836.71	-1845.01	-50.89	-28.63	16.56	7.91
2008-10-06T08:27:42	4829.91	-1835.22	-51.20	-28.83	16.86	7.58
2008-10-06T08:27:44	4823.10	-1825.43	-51.51	-28.88	16.84	7.17
2008-10-06T08:27:46	4816.29	-1815.64	-51.82	-28.99	16.64	6.64
2008-10-06T08:27:48	4809.48	-1805.84	-52.13	-29.20	16.44	6.11
2008-10-06T08:27:50	4802.66	-1796.05	-52.44	-29.47	16.32	5.61
2008-10-06T08:27:52	4795.84	-1786.25	-52.75	-29.80	16.27	5.17
2008-10-06T08:27:54	4789.02	-1776.45	-53.06	-30.19	16.31	4.77
2008-10-06T08:27:56	4782.19	-1766.66	-53.37	-30.05	16.39	4.67
2008-10-06T08:27:58	4775.37	-1756.86	-53.68	-29.79	16.51	4.62
2008-10-06T08:28:00	4768.53	-1747.05	-53.99	-29.47	16.67	4.61
2008-10-06T08:28:02	4761.70	-1737.25	-54.30	-29.04	16.86	4.68
2008-10-06T08:28:04	4754.86	-1727.45	-54.61	-28.49	16.99	4.98
2008-10-06T08:28:06	4748.02	-1717.64	-54.92	-28.02	17.15	5.32
2008-10-06T08:28:08	4741.17	-1707.84	-55.23	-27.89	17.31	5.63
2008-10-06T08:28:10	4734.32	-1698.03	-55.54	-27.87	17.45	5.92
2008-10-06T08:28:12	4727.47	-1688.22	-55.85	-27.99	17.56	6.20
2008-10-06T08:28:14	4720.62	-1678.41	-56.16	-28.23	17.65	6.47
2008-10-06T08:28:16	4713.76	-1668.60	-56.47	-28.59	17.71	6.74
2008-10-06T08:28:18	4706.90	-1658.79	-56.78	-28.96	17.73	6.90
2008-10-06T08:28:20	4700.04	-1648.98	-57.09	-28.78	17.64	6.44
2008-10-06T08:28:22	4693.17	-1639.16	-57.40	-28.60	17.62	5.93
2008-10-06T08:28:24	4686.30	-1629.35	-57.71	-28.46	17.70	5.42
2008-10-06T08:28:26	4679.42	-1619.53	-58.02	-28.36	17.87	4.92
2008-10-06T08:28:28	4672.54	-1609.71	-58.33	-28.30	18.15	4.43
2008-10-06T08:28:30	4665.66	-1599.89	-58.64	-28.25	18.33	3.95
2008-10-06T08:28:32	4658.78	-1590.07	-58.95	-28.15	18.23	3.47
2008-10-06T08:28:34	4651.89	-1580.25	-59.26	-28.02	18.06	2.97
2008-10-06T08:28:36	4645.00	-1570.43	-59.57	-27.77	17.84	2.55
2008-10-06T08:28:38	4638.11	-1560.60	-59.88	-27.50	17.66	2.24
2008-10-06T08:28:40	4631.21	-1550.78	-60.19	-27.32	17.55	1.97
2008-10-06T08:28:42	4624.31	-1540.95	-60.49	-27.07	17.58	2.00
2008-10-06T08:28:44	4617.40	-1531.12	-60.80	-26.75	17.64	2.24
2008-10-06T08:28:46	4610.49	-1521.30	-61.11	-26.43	17.68	2.56
2008-10-06T08:28:48	4603.58	-1511.47	-61.42	-26.10	17.69	2.94
2008-10-06T08:28:50	4596.66	-1501.63	-61.73	-25.77	17.69	3.39
2008-10-06T08:28:52	4589.74	-1491.80	-62.04	-25.43	17.62	3.86
2008-10-06T08:28:54	4582.82	-1481.97	-62.35	-25.20	17.58	3.97
2008-10-06T08:28:56	4575.90	-1472.13	-62.65	-24.99	17.60	3.97
2008-10-06T08:28:58	4568.97	-1462.30	-62.96	-24.77	17.62	3.93
2008-10-06T08:29:00	4562.03	-1452.46	-63.27	-24.54	17.66	3.84
2008-10-06T08:29:02	4555.09	-1442.62	-63.58	-24.31	17.70	3.69
2008-10-06T08:29:04	4548.15	-1432.78	-63.89	-24.07	17.76	3.50
2008-10-06T08:29:06	4541.21	-1422.94	-64.20	-23.93	17.80	3.32
2008-10-06T08:29:08	4534.26	-1413.10	-64.51	-23.76	17.88	3.15
2008-10-06T08:29:10	4527.31	-1403.26	-64.82	-23.53	18.03	3.21
2008-10-06T08:29:12	4520.35	-1393.41	-65.12	-23.34	18.14	3.29
2008-10-06T08:29:14	4513.39	-1383.57	-65.43	-23.20	18.20	3.39
2008-10-06T08:29:16	4506.43	-1373.72	-65.74	-23.09	18.23	3.53
2008-10-06T08:29:18	4499.46	-1363.87	-66.05	-22.97	18.24	3.87
2008-10-06T08:29:20	4492.50	-1354.02	-66.36	-22.87	18.20	4.24
2008-10-06T08:29:22	4485.52	-1344.17	-66.67	-22.79	18.11	4.62
2008-10-06T08:29:24	4478.54	-1334.32	-66.97	-22.72	17.98	5.03
2008-10-06T08:29:26	4471.56	-1324.47	-67.28	-22.58	17.92	5.40
2008-10-06T08:29:28	4464.58	-1314.61	-67.59	-22.25	17.98	5.65
2008-10-06T08:29:30	4457.58	-1304.76	-67.90	-21.74	18.16	5.70
2008-10-06T08:29:32	4450.59	-1294.90	-68.21	-21.22	18.30	5.68
2008-10-06T08:29:34	4443.59	-1285.04	-68.51	-20.67	18.39	5.59
2008-10-06T08:29:36	4436.59	-1275.19	-68.82	-20.10	18.44	5.44
2008-10-06T08:29:38	4429.59	-1265.33	-69.13	-19.52	18.45	5.22
2008-10-06T08:29:40	4422.58	-1255.47	-69.44	-19.00	18.32	4.95
2008-10-06T08:29:42	4415.57	-1245.60	-69.74	-18.66	18.12	4.71
2008-10-06T08:29:44	4408.55	-1235.74	-70.05	-18.38	17.97	4.52
2008-10-06T08:29:46	4401.53	-1225.88	-70.36	-18.13	17.88	4.35
2008-10-06T08:29:48	4394.50	-1216.01	-70.66	-17.90	17.84	4.22
2008-10-06T08:29:50	4387.47	-1206.14	-70.97	-17.69	17.86	4.11
2008-10-06T08:29:52	4380.44	-1196.28	-71.28	-17.36	17.97	4.13
2008-10-06T08:29:54	4373.40	-1186.41	-71.59	-17.03	18.13	4.19
2008-10-06T08:29:56	4366.36	-1176.54	-71.89	-16.78	18.33	4.28
2008-10-06T08:29:58	4359.32	-1166.66	-72.20	-16.47	18.49	4.48
2008-10-06T08:30:00	4352.26	-1156.79	-72.51	-16.14	18.59	4.79
2008-10-06T08:30:02	4345.21	-1146.92	-72.81	-15.88	18.68	5.11
2008-10-06T08:30:04	4338.15	-1137.04	-73.12	-15.55	18.51	5.38
2008-10-06T08:30:06	4331.09	-1127.17	-73.43	-15.23	18.38	5.57
2008-10-06T08:30:08	4324.02	-1117.29	-73.73	-14.94	18.29	5.68
2008-10-06T08:30:10	4316.95	-1107.41	-74.04	-14.66	18.25	5.73
2008-10-06T08:30:12	4309.88	-1097.53	-74.35	-14.41	18.26	5.69
2008-10-06T08:30:14	4302.80	-1087.65	-74.65	-14.07	18.20	5.62
2008-10-06T08:30:16	4295.72	-1077.77	-74.96	-13.49	17.97	5.66
2008-10-06T08:30:18	4288.63	-1067.89	-75.27	-12.90	17.74	5.74
2008-10-06T08:30:20	4281.54	-1058.00	-75.57	-12.32	17.51	5.86
2008-10-06T08:30:22	4274.44	-1048.12	-75.88	-11.74	17.28	6.03
2008-10-06T08:30:24	4267.34	-1038.23	-76.18	-11.15	17.05	6.25
2008-10-06T08:30:26	4260.23	-1028.35	-76.49	-10.68	16.79	6.48
2008-10-06T08:30:28	4253.12	-1018.46	-76.80	-10.39	16.47	6.64
2008-10-06T08:30:30	4246.01	-1008.57	-77.10	-10.13	16.16	6.75
2008-10-06T08:30:32	4238.89	-998.68	-77.41	-9.88	15.84	6.78
2008-10-06T08:30:34	4231.77	-988.79	-77.71	-9.61	15.51	6.81
2008-10-06T08:30:36	4224.64	-978.89	-78.02	-9.32	15.18	6.85
2008-10-06T08:30:38	4217.51	-969.00	-78.32	-8.97	14.89	6.92
2008-10-06T08:30:40	4210.37	-959.11	-78.63	-8.59	14.64	6.98
2008-10-06T08:30:42	4203.23	-949.21	-78.93	-8.20	14.39	7.02
2008-10-06T08:30:44	4196.09	-939.31	-79.24	-7.82	14.14	7.03
2008-10-06T08:30:46	4188.93	-929.41	-79.54	-7.44	13.92	7.01
2008-10-06T08:30:48	4181.78	-919.51	-79.85	-7.07	13.77	6.92
2008-10-06T08:30:50	4174.62	-909.61	-80.15	-6.70	13.63	6.63
2008-10-06T08:30:52	4167.45	-899.71	-80.46	-6.33	13.51	6.31
2008-10-06T08:30:54	4160.29	-889.81	-80.76	-5.98	13.39	6.01
2008-10-06T08:30:56	4153.11	-879.91	-81.07	-5.63	13.27	5.71
2008-10-06T08:30:58	4145.93	-870.00	-81.37	-5.29	13.16	5.43
2008-10-06T08:31:00	4138.75	-860.10	-81.68	-4.96	13.06	5.17
2008-10-06T08:31:02	4131.56	-850.19	-81.98	-4.67	13.06	5.19
2008-10-06T08:31:04	4124.37	-840.28	-82.29	-4.37	13.08	5.32
2008-10-06T08:31:06	4117.17	-830.38	-82.59	-4.04	13.07	5.41
2008-10-06T08:31:08	4109.97	-820.47	-82.89	-3.68	13.05	5.47
2008-10-06T08:31:10	4102.76	-810.56	-83.20	-3.29	13.00	5.49
2008-10-06T08:31:12	4095.55	-800.64	-83.50	-2.88	12.92	5.54
2008-10-06T08:31:14	4088.33	-790.73	-83.81	-2.49	12.80	5.72
2008-10-06T08:31:16	4081.11	-780.82	-84.11	-2.09	12.71	5.88
2008-10-06T08:31:18	4073.88	-770.90	-84.41	-1.70	12.60	6.04
2008-10-06T08:31:20	4066.65	-760.99	-84.72	-1.30	12.47	6.23
2008-10-06T08:31:22	4059.41	-751.07	-85.02	-0.85	12.37	6.39
2008-10-06T08:31:24	4052.17	-741.15	-85.32	-0.42	12.24	6.54
2008-10-06T08:31:26	4044.92	-731.24	-85.63	-0.05	12.09	6.65
2008-10-06T08:31:28	4037.67	-721.32	-85.93	0.30	11.93	6.70
2008-10-06T08:31:30	4030.41	-711.40	-86.23	0.62	11.77	6.70
2008-10-06T08:31:32	4023.15	-701.48	-86.54	0.93	11.60	6.65
2008-10-06T08:31:34	4015.88	-691.55	-86.84	1.22	11.44	6.61
2008-10-06T08:31:36	4008.61	-681.63	-87.14	1.59	11.37	6.78
2008-10-06T08:31:38	4001.33	-671.71	-87.44	1.99	11.37	7.01
2008-10-06T08:31:40	3994.05	-661.78	-87.74	2.40	11.41	7.24
2008-10-06T08:31:42	3986.76	-651.86	-88.05	2.84	11.49	7.46
2008-10-06T08:31:44	3979.47	-641.93	-88.35	3.29	11.61	7.68
2008-10-06T08:31:46	3972.17	-632.00	-88.65	3.76	11.77	7.89
2008-10-06T08:31:48	3964.86	-622.07	-88.96	4.34	11.72	8.16
2008-10-06T08:31:50	3957.55	-612.14	-89.26	4.91	11.65	8.53
2008-10-06T08:31:52	3950.24	-602.21	-89.56	5.47	11.57	8.91
2008-10-06T08:31:54	3942.92	-592.28	-89.86	6.03	11.50	9.24
2008-10-06T08:31:56	3935.59	-582.35	-90.16	6.58	11.43	9.54
2008-10-06T08:31:58	3928.26	-572.42	-90.46	7.13	11.36	9.82
2008-10-06T08:32:00	3920.92	-562.48	-90.76	7.73	11.30	10.12
2008-10-06T08:32:02	3913.58	-552.55	-91.06	8.37	11.25	10.41
2008-10-06T08:32:04	3906.23	-542.61	-91.37	9.04	11.20	10.70
2008-10-06T08:32:06	3898.88	-532.68	-91.67	9.66	11.21	11.05
2008-10-06T08:32:08	3891.52	-522.74	-91.97	10.26	11.23	11.38
2008-10-06T08:32:10	3884.15	-512.80	-92.27	10.80	11.35	11.69
2008-10-06T08:32:12	3876.78	-502.86	-92.57	11.30	11.55	11.97
2008-10-06T08:32:14	3869.40	-492.92	-92.87	11.82	11.73	12.21
2008-10-06T08:32:16	3862.02	-482.98	-93.17	12.37	11.89	12.38
2008-10-06T08:32:18	3854.63	-473.04	-93.47	12.93	12.02	12.51
2008-10-06T08:32:20	3847.24	-463.10	-93.77	13.52	12.13	12.62
2008-10-06T08:32:22	3839.84	-453.16	-94.07	14.05	12.26	13.09
2008-10-06T08:32:24	3832.44	-443.22	-94.37	14.60	12.42	13.61
2008-10-06T08:32:26	3825.03	-433.27	-94.67	15.20	12.62	14.15
2008-10-06T08:32:28	3817.61	-423.33	-94.96	15.85	12.85	14.71
2008-10-06T08:32:30	3810.19	-413.38	-95.26	16.53	13.12	15.28
2008-10-06T08:32:32	3802.76	-403.44	-95.56	17.26	13.42	15.86
2008-10-06T08:32:34	3795.32	-393.49	-95.86	17.80	13.51	16.39
2008-10-06T08:32:36	3787.88	-383.54	-96.16	18.21	13.48	16.83
2008-10-06T08:32:38	3780.44	-373.60	-96.46	18.46	13.28	17.16
2008-10-06T08:32:40	3772.98	-363.65	-96.76	18.69	13.06	17.43
2008-10-06T08:32:42	3765.53	-353.70	-97.06	18.91	12.83	17.63
2008-10-06T08:32:44	3758.06	-343.75	-97.35	19.12	12.57	17.83
2008-10-06T08:32:46	3750.59	-333.80	-97.65	19.46	12.31	18.19
2008-10-06T08:32:48	3743.11	-323.85	-97.95	19.94	12.05	18.54
2008-10-06T08:32:50	3735.63	-313.90	-98.25	20.56	11.80	18.86
2008-10-06T08:32:52	3728.14	-303.94	-98.54	21.21	11.69	19.09
2008-10-06T08:32:54	3720.64	-293.99	-98.84	21.78	11.61	19.23
2008-10-06T08:32:56	3713.14	-284.04	-99.14	22.27	11.64	19.40
2008-10-06T08:32:58	3705.64	-274.09	-99.43	22.67	11.76	19.74
2008-10-06T08:33:00	3698.12	-264.13	-99.73	23.05	11.82	20.16
2008-10-06T08:33:02	3690.60	-254.18	-100.03	23.39	11.82	20.66
2008-10-06T08:33:04	3683.07	-244.22	-100.32	23.69	11.77	21.24
2008-10-06T08:33:06	3675.54	-234.27	-100.62	24.00	11.66	21.86
2008-10-06T08:33:08	3668.00	-224.31	-100.92	24.46	11.50	21.64
2008-10-06T08:33:10	3660.45	-214.35	-101.21	24.83	11.32	21.22
2008-10-06T08:33:12	3652.90	-204.40	-101.51	25.13	11.14	20.79
2008-10-06T08:33:14	3645.34	-194.44	-101.80	25.35	10.97	20.35
2008-10-06T08:33:16	3637.77	-184.48	-102.10	25.50	10.80	19.91
2008-10-06T08:33:18	3630.20	-174.53	-102.39	25.58	10.63	19.45
2008-10-06T08:33:20	3622.62	-164.57	-102.69	26.17	10.58	18.89
2008-10-06T08:33:22	3615.04	-154.61	-102.98	27.26	10.55	18.74
2008-10-06T08:33:24	3607.44	-144.65	-103.28	28.63	10.49	18.98
2008-10-06T08:33:26	3599.84	-134.69	-103.57	29.95	10.37	19.32
2008-10-06T08:33:28	3592.24	-124.73	-103.87	31.23	10.20	19.77
2008-10-06T08:33:30	3584.63	-114.77	-104.16	32.44	10.09	20.34
2008-10-06T08:33:32	3577.01	-104.81	-104.45	33.53	10.32	20.93
2008-10-06T08:33:34	3569.38	-94.85	-104.75	34.50	10.62	21.41
2008-10-06T08:33:36	3561.75	-84.89	-105.04	35.32	10.99	21.79
2008-10-06T08:33:38	3554.11	-74.93	-105.33	35.64	11.29	21.95
2008-10-06T08:33:40	3546.46	-64.97	-105.63	36.05	11.46	22.10
2008-10-06T08:33:42	3538.81	-55.01	-105.92	36.31	11.50	22.36
2008-10-06T08:33:44	3531.14	-45.05	-106.21	36.36	11.56	22.76
2008-10-06T08:33:46	3523.48	-35.09	-106.50	36.40	11.70	23.19
2008-10-06T08:33:48	3515.80	-25.12	-106.80	36.44	11.91	23.64
2008-10-06T08:33:50	3508.12	-15.16	-107.09	36.47	12.19	24.12
2008-10-06T08:33:52	3500.43	-5.20	-107.38	36.58	12.57	24.55
2008-10-06T08:33:54	3492.73	4.76	-107.67	36.66	12.45	25.07
2008-10-06T08:33:56	3485.03	14.72	-107.96	36.65	12.21	25.64
2008-10-06T08:33:58	3477.32	24.68	-108.25	36.57	12.01	26.18
2008-10-06T08:34:00	3469.60	34.64	-108.54	36.41	11.85	26.70
2008-10-06T08:34:02	3461.87	44.61	-108.83	36.18	11.73	27.19
2008-10-06T08:34:04	3454.14	54.57	-109.12	35.90	11.67	27.66
2008-10-06T08:34:06	3446.40	64.53	-109.41	36.25	11.60	27.78
2008-10-06T08:34:08	3438.66	74.49	-109.70	36.99	11.45	27.74
2008-10-06T08:34:10	3430.90	84.45	-110.00	37.61	11.28	27.70
2008-10-06T08:34:12	3423.14	94.41	-110.28	38.11	11.10	27.68
2008-10-06T08:34:14	3415.37	104.37	-110.57	38.48	10.90	27.67
2008-10-06T08:34:16	3407.59	114.33	-110.86	38.83	10.81	27.72
2008-10-06T08:34:18	3399.81	124.29	-111.15	39.42	11.01	28.07
2008-10-06T08:34:20	3392.01	134.25	-111.44	39.98	11.24	28.71
2008-10-06T08:34:22	3384.22	144.21	-111.73	40.49	11.70	29.67
2008-10-06T08:34:24	3376.41	154.17	-112.01	40.86	12.20	30.53
2008-10-06T08:34:26	3368.59	164.13	-112.30	41.09	12.69	31.24
2008-10-06T08:34:28	3360.77	174.09	-112.59	41.03	13.08	31.52
2008-10-06T08:34:30	3352.94	184.05	-112.88	40.85	13.38	31.48
2008-10-06T08:34:32	3345.10	194.01	-113.16	40.70	13.67	31.38
2008-10-06T08:34:34	3337.26	203.96	-113.45	40.59	13.93	31.20
2008-10-06T08:34:36	3329.40	213.92	-113.74	41.06	14.29	31.29
2008-10-06T08:34:38	3321.54	223.88	-114.02	42.12	14.70	31.69
2008-10-06T08:34:40	3313.67	233.83	-114.31	43.53	15.15	32.22
2008-10-06T08:34:42	3305.79	243.79	-114.59	44.75	15.58	32.60
2008-10-06T08:34:44	3297.91	253.75	-114.88	45.66	15.96	32.80
2008-10-06T08:34:46	3290.02	263.70	-115.16	46.27	16.28	32.81
2008-10-06T08:34:48	3282.11	273.65	-115.45	46.57	16.56	32.64
2008-10-06T08:34:50	3274.20	283.61	-115.73	46.60	16.67	32.34
2008-10-06T08:34:52	3266.29	293.56	-116.02	46.99	16.55	32.52
2008-10-06T08:34:54	3258.36	303.51	-116.30	47.40	16.52	32.84
2008-10-06T08:34:56	3250.43	313.46	-116.58	47.84	16.58	33.30
2008-10-06T08:34:58	3242.49	323.41	-116.87	48.31	16.74	33.90
2008-10-06T08:35:00	3234.53	333.36	-117.15	48.81	16.99	34.64
2008-10-06T08:35:02	3226.58	343.31	-117.43	49.27	17.38	35.55
2008-10-06T08:35:04	3218.61	353.26	-117.71	49.62	17.93	36.57
2008-10-06T08:35:06	3210.63	363.21	-118.00	49.94	18.47	37.41
2008-10-06T08:35:08	3202.65	373.15	-118.28	50.06	18.97	37.97
2008-10-06T08:35:10	3194.66	383.10	-118.56	49.99	19.43	38.27
2008-10-06T08:35:12	3186.66	393.04	-118.84	49.73	19.84	38.31
2008-10-06T08:35:14	3178.65	402.99	-119.12	49.55	19.82	38.58
2008-10-06T08:35:16	3170.64	412.93	-119.40	49.62	19.50	39.29
2008-10-06T08:35:18	3162.61	422.87	-119.68	49.83	19.19	40.17
2008-10-06T08:35:20	3154.58	432.81	-119.96	50.33	18.66	41.12
2008-10-06T08:35:22	3146.54	442.75	-120.24	50.75	18.20	41.92
2008-10-06T08:35:24	3138.48	452.69	-120.52	51.06	17.82	42.57
2008-10-06T08:35:26	3130.42	462.62	-120.80	51.54	17.54	42.74
2008-10-06T08:35:28	3122.36	472.56	-121.08	51.93	17.36	42.78
2008-10-06T08:35:30	3114.28	482.49	-121.35	52.19	17.27	42.78
2008-10-06T08:35:32	3106.19	492.42	-121.63	52.30	17.27	42.73
2008-10-06T08:35:34	3098.10	502.35	-121.91	52.88	16.85	43.23
2008-10-06T08:35:36	3090.00	512.29	-122.19	53.62	16.29	44.04
2008-10-06T08:35:38	3081.88	522.21	-122.46	54.07	16.16	44.99
2008-10-06T08:35:40	3073.76	532.14	-122.74	54.35	16.16	45.81
2008-10-06T08:35:42	3065.63	542.07	-123.02	54.46	16.28	46.51
2008-10-06T08:35:44	3057.50	551.99	-123.29	54.41	16.54	47.09
2008-10-06T08:35:46	3049.35	561.91	-123.57	54.21	16.91	47.54
2008-10-06T08:35:48	3041.19	571.83	-123.84	53.99	16.99	48.03
2008-10-06T08:35:50	3033.02	581.75	-124.12	54.09	16.65	48.50
2008-10-06T08:35:52	3024.85	591.67	-124.39	54.40	16.57	49.09
2008-10-06T08:35:54	3016.67	601.58	-124.66	54.92	16.75	49.80
2008-10-06T08:35:56	3008.48	611.50	-124.94	55.64	17.19	50.62
2008-10-06T08:35:58	3000.28	621.41	-125.21	56.56	17.89	51.56
2008-10-06T08:36:00	2992.06	631.32	-125.48	57.24	18.53	52.45
2008-10-06T08:36:02	2983.84	641.23	-125.76	56.95	18.63	53.05
2008-10-06T08:36:04	2975.61	651.14	-126.03	56.43	18.61	53.67
2008-10-06T08:36:06	2967.38	661.04	-126.30	55.84	18.53	54.33
2008-10-06T08:36:08	2959.13	670.94	-126.57	55.16	18.40	55.03
2008-10-06T08:36:10	2950.87	680.84	-126.84	54.42	18.22	55.79
2008-10-06T08:36:12	2942.61	690.74	-127.11	54.07	18.38	56.84
2008-10-06T08:36:14	2934.33	700.64	-127.38	54.11	18.90	58.01
2008-10-06T08:36:16	2926.05	710.53	-127.65	54.73	19.52	58.72
2008-10-06T08:36:18	2917.75	720.42	-127.92	55.47	20.12	59.40
2008-10-06T08:36:20	2909.45	730.31	-128.19	56.25	20.73	60.13
2008-10-06T08:36:22	2901.14	740.20	-128.46	57.09	21.34	60.90
2008-10-06T08:36:24	2892.81	750.08	-128.72	57.72	21.54	61.07
2008-10-06T08:36:26	2884.48	759.96	-128.99	58.13	21.60	61.17
2008-10-06T08:36:28	2876.14	769.84	-129.26	58.33	21.54	61.22
2008-10-06T08:36:30	2867.79	779.72	-129.52	58.71	21.93	61.23
2008-10-06T08:36:32	2859.43	789.59	-129.79	59.24	22.21	61.51
2008-10-06T08:36:34	2851.06	799.47	-130.06	59.94	22.52	61.92
2008-10-06T08:36:36	2842.68	809.34	-130.32	60.84	23.42	62.00
2008-10-06T08:36:38	2834.29	819.20	-130.59	61.88	24.38	62.21
2008-10-06T08:36:40	2825.89	829.07	-130.85	63.07	25.38	62.57
2008-10-06T08:36:42	2817.48	838.93	-131.11	64.26	26.41	63.09
2008-10-06T08:36:44	2809.06	848.78	-131.38	64.59	27.27	63.95
2008-10-06T08:36:46	2800.63	858.64	-131.64	64.43	27.80	64.87
2008-10-06T08:36:48	2792.20	868.49	-131.90	63.68	27.99	65.45
2008-10-06T08:36:50	2783.75	878.34	-132.17	63.05	28.13	65.89
2008-10-06T08:36:52	2775.29	888.18	-132.43	62.52	28.20	66.19
2008-10-06T08:36:54	2766.82	898.03	-132.69	62.10	28.21	66.35
2008-10-06T08:36:56	2758.35	907.87	-132.95	61.92	28.08	66.15
2008-10-06T08:36:58	2749.86	917.70	-133.21	62.25	27.97	65.69
2008-10-06T08:37:00	2741.36	927.54	-133.47	62.69	28.02	65.51
2008-10-06T08:37:02	2732.86	937.37	-133.73	63.17	28.15	65.64
2008-10-06T08:37:04	2724.34	947.19	-133.99	63.69	28.36	66.07
2008-10-06T08:37:06	2715.82	957.02	-134.24	64.24	28.64	66.80
2008-10-06T08:37:08	2707.28	966.84	-134.50	64.81	29.00	67.83
2008-10-06T08:37:10	2698.73	976.65	-134.76	64.68	29.40	68.78
2008-10-06T08:37:12	2690.17	986.47	-135.01	64.19	29.71	69.65
2008-10-06T08:37:14	2681.61	996.27	-135.27	63.61	29.91	70.46
2008-10-06T08:37:16	2673.03	1006.08	-135.53	62.95	30.00	71.23
2008-10-06T08:37:18	2664.45	1015.88	-135.78	62.21	29.97	71.95
2008-10-06T08:37:20	2655.85	1025.68	-136.04	61.37	29.83	72.61
2008-10-06T08:37:22	2647.24	1035.47	-136.29	61.64	30.35	73.71
2008-10-06T08:37:24	2638.63	1045.26	-136.54	62.82	31.71	74.42
2008-10-06T08:37:26	2630.00	1055.05	-136.80	64.05	32.94	75.16
2008-10-06T08:37:28	2621.36	1064.83	-137.05	65.33	34.03	75.93
2008-10-06T08:37:30	2612.71	1074.61	-137.30	66.67	35.00	76.73
2008-10-06T08:37:32	2604.06	1084.38	-137.56	68.05	35.80	77.57
2008-10-06T08:37:34	2595.39	1094.15	-137.81	69.23	36.12	78.61
2008-10-06T08:37:36	2586.71	1103.91	-138.06	69.81	36.61	79.62
2008-10-06T08:37:38	2578.02	1113.67	-138.31	69.75	37.36	80.53
2008-10-06T08:37:40	2569.32	1123.43	-138.56	69.91	37.98	81.56
2008-10-06T08:37:42	2560.62	1133.18	-138.80	70.30	38.46	82.70
2008-10-06T08:37:44	2551.90	1142.93	-139.05	70.78	38.80	83.74
2008-10-06T08:37:46	2543.17	1152.67	-139.30	70.95	38.93	83.96
2008-10-06T08:37:48	2534.43	1162.41	-139.55	71.19	38.84	83.92
2008-10-06T08:37:50	2525.68	1172.14	-139.79	71.37	38.75	83.85
2008-10-06T08:37:52	2516.93	1181.87	-140.04	71.82	38.88	83.98
2008-10-06T08:37:54	2508.15	1191.60	-140.29	72.59	39.23	84.28
2008-10-06T08:37:56	2499.37	1201.31	-140.53	73.22	39.65	84.80
2008-10-06T08:37:58	2490.59	1211.03	-140.78	73.13	39.66	85.45
2008-10-06T08:38:00	2481.79	1220.74	-141.02	73.12	39.36	86.09
2008-10-06T08:38:02	2472.97	1230.44	-141.26	73.16	38.89	86.58
2008-10-06T08:38:04	2464.16	1240.14	-141.50	73.01	38.62	86.74
2008-10-06T08:38:06	2455.32	1249.83	-141.75	72.56	38.46	86.90
2008-10-06T08:38:08	2446.48	1259.52	-141.99	72.47	39.20	87.52
2008-10-06T08:38:10	2437.63	1269.21	-142.23	73.20	40.82	88.76
2008-10-06T08:38:12	2428.77	1278.88	-142.47	74.04	42.28	90.08
2008-10-06T08:38:14	2419.90	1288.56	-142.71	74.99	43.58	91.49
2008-10-06T08:38:16	2411.02	1298.22	-142.94	76.01	44.78	93.07
2008-10-06T08:38:18	2402.12	1307.89	-143.18	76.83	45.62	94.26
2008-10-06T08:38:20	2393.22	1317.54	-143.42	76.44	45.87	94.42
2008-10-06T08:38:22	2384.31	1327.19	-143.66	75.26	45.91	93.96
2008-10-06T08:38:24	2375.38	1336.84	-143.90	74.20	46.02	93.47
2008-10-06T08:38:26	2366.45	1346.48	-144.13	73.27	46.20	92.96
2008-10-06T08:38:28	2357.51	1356.11	-144.37	72.87	46.59	93.06
2008-10-06T08:38:30	2348.55	1365.74	-144.60	73.25	47.28	94.21
2008-10-06T08:38:32	2339.59	1375.36	-144.84	74.73	48.24	96.04
2008-10-06T08:38:34	2330.61	1384.98	-145.07	76.52	49.35	98.00
2008-10-06T08:38:36	2321.63	1394.58	-145.30	77.94	50.48	99.69
2008-10-06T08:38:38	2312.63	1404.19	-145.53	79.00	51.63	101.13
2008-10-06T08:38:40	2303.63	1413.78	-145.77	79.69	52.81	102.28
2008-10-06T08:38:42	2294.61	1423.38	-145.99	80.18	53.72	102.89
2008-10-06T08:38:44	2285.59	1432.96	-146.22	80.60	54.04	103.51
2008-10-06T08:38:46	2276.55	1442.54	-146.46	80.94	53.99	103.94
2008-10-06T08:38:48	2267.51	1452.11	-146.68	81.22	53.78	104.11
2008-10-06T08:38:50	2258.45	1461.67	-146.91	81.45	53.43	104.01
2008-10-06T08:38:52	2249.38	1471.23	-147.14	81.63	52.93	103.65
2008-10-06T08:38:54	2240.31	1480.79	-147.37	81.47	53.12	103.89
2008-10-06T08:38:56	2231.22	1490.33	-147.59	81.07	54.10	104.72
2008-10-06T08:38:58	2222.13	1499.87	-147.82	80.64	55.32	105.70
2008-10-06T08:39:00	2213.02	1509.40	-148.04	80.21	56.56	106.71
2008-10-06T08:39:02	2203.90	1518.93	-148.27	79.77	57.80	107.74
2008-10-06T08:39:04	2194.78	1528.45	-148.49	79.33	59.05	108.79
2008-10-06T08:39:06	2185.64	1537.96	-148.71	79.24	59.89	109.67
2008-10-06T08:39:08	2176.49	1547.46	-148.94	79.84	60.14	110.31
2008-10-06T08:39:10	2167.33	1556.96	-149.15	80.42	60.40	111.12
2008-10-06T08:39:12	2158.17	1566.45	-149.38	80.87	60.70	112.12
2008-10-06T08:39:14	2148.99	1575.93	-149.60	81.18	61.06	113.30
2008-10-06T08:39:16	2139.80	1585.41	-149.82	81.36	61.46	114.67
2008-10-06T08:39:18	2130.61	1594.87	-150.03	81.41	61.94	116.06
2008-10-06T08:39:20	2121.40	1604.33	-150.25	81.22	62.40	116.41
2008-10-06T08:39:22	2112.19	1613.79	-150.47	80.91	62.70	116.55
2008-10-06T08:39:24	2102.96	1623.23	-150.68	80.63	62.85	116.66
2008-10-06T08:39:26	2093.72	1632.67	-150.90	80.38	62.87	116.74
2008-10-06T08:39:28	2084.48	1642.10	-151.12	80.17	62.75	116.80
2008-10-06T08:39:30	2075.22	1651.52	-151.33	79.99	62.52	116.85
2008-10-06T08:39:32	2065.96	1660.94	-151.54	79.91	63.18	117.89
2008-10-06T08:39:34	2056.69	1670.35	-151.76	79.92	64.07	118.99
2008-10-06T08:39:36	2047.40	1679.75	-151.97	79.98	65.00	120.02
2008-10-06T08:39:38	2038.11	1689.14	-152.18	80.10	65.97	120.97
2008-10-06T08:39:40	2028.80	1698.52	-152.39	80.29	66.99	121.85
2008-10-06T08:39:42	2019.49	1707.90	-152.60	80.54	68.04	122.66
2008-10-06T08:39:44	2010.17	1717.27	-152.81	80.70	68.72	122.38
2008-10-06T08:39:46	2000.83	1726.63	-153.02	80.78	69.15	121.82
2008-10-06T08:39:48	1991.49	1735.98	-153.23	80.82	69.55	121.40
2008-10-06T08:39:50	1982.14	1745.32	-153.43	80.84	69.90	121.15
2008-10-06T08:39:52	1972.78	1754.66	-153.64	80.82	70.21	121.04
2008-10-06T08:39:54	1963.41	1763.98	-153.85	80.77	70.49	121.09
2008-10-06T08:39:56	1954.03	1773.30	-154.05	80.36	70.83	121.67
2008-10-06T08:39:58	1944.65	1782.61	-154.26	79.78	71.31	122.39
2008-10-06T08:40:00	1935.25	1791.91	-154.46	79.26	71.82	123.13
2008-10-06T08:40:02	1925.84	1801.20	-154.66	78.81	72.37	123.89
2008-10-06T08:40:04	1916.42	1810.49	-154.86	78.43	72.95	124.67
2008-10-06T08:40:06	1907.00	1819.76	-155.06	78.11	73.56	125.47
2008-10-06T08:40:08	1897.57	1829.03	-155.27	77.85	74.00	125.84
2008-10-06T08:40:10	1888.12	1838.29	-155.46	77.83	73.91	125.89
2008-10-06T08:40:12	1878.67	1847.54	-155.66	77.60	73.71	125.97
2008-10-06T08:40:14	1869.21	1856.78	-155.86	77.15	73.41	126.07
2008-10-06T08:40:16	1859.74	1866.01	-156.06	76.49	72.99	126.20
2008-10-06T08:40:18	1850.26	1875.24	-156.26	75.61	72.47	126.36
2008-10-06T08:40:20	1840.77	1884.45	-156.45	75.15	72.50	126.82
2008-10-06T08:40:22	1831.28	1893.65	-156.65	75.45	73.62	127.55
2008-10-06T08:40:24	1821.77	1902.85	-156.84	75.79	74.59	128.12
2008-10-06T08:40:26	1812.25	1912.04	-157.04	76.16	75.41	128.52
2008-10-06T08:40:28	1802.73	1921.21	-157.23	76.56	76.08	128.76
2008-10-06T08:40:30	1793.20	1930.38	-157.42	77.00	76.60	128.83
2008-10-06T08:40:32	1783.66	1939.54	-157.61	77.10	76.91	128.70
2008-10-06T08:40:34	1774.11	1948.69	-157.80	76.42	77.16	128.19
2008-10-06T08:40:36	1764.56	1957.83	-157.99	75.63	77.41	127.86
2008-10-06T08:40:38	1754.99	1966.96	-158.18	74.90	77.65	127.86
2008-10-06T08:40:40	1745.42	1976.09	-158.37	74.20	77.88	128.16
2008-10-06T08:40:42	1735.84	1985.20	-158.56	73.55	78.10	128.79
2008-10-06T08:40:44	1726.24	1994.30	-158.75	72.89	78.31	129.30
2008-10-06T08:40:46	1716.64	2003.40	-158.93	72.36	78.42	129.63
2008-10-06T08:40:48	1707.04	2012.48	-159.12	71.93	78.35	129.88
2008-10-06T08:40:50	1697.43	2021.55	-159.30	71.54	78.16	129.99
2008-10-06T08:40:52	1687.80	2030.62	-159.49	71.18	77.83	129.97
2008-10-06T08:40:54	1678.17	2039.67	-159.67	70.85	77.37	129.83
2008-10-06T08:40:56	1668.53	2048.72	-159.85	70.60	77.29	129.67
2008-10-06T08:40:58	1658.89	2057.76	-160.03	70.46	77.69	129.73
2008-10-06T08:41:00	1649.23	2066.78	-160.22	70.36	78.67	130.33
2008-10-06T08:41:02	1639.57	2075.80	-160.40	70.18	79.38	130.89
2008-10-06T08:41:04	1629.90	2084.81	-160.57	69.90	79.81	131.41
2008-10-06T08:41:06	1620.22	2093.80	-160.75	69.53	79.97	131.90
2008-10-06T08:41:08	1610.54	2102.79	-160.93	68.96	79.95	132.05
2008-10-06T08:41:10	1600.84	2111.77	-161.11	68.39	79.82	132.04
2008-10-06T08:41:12	1591.14	2120.73	-161.28	67.97	79.82	131.62
2008-10-06T08:41:14	1581.44	2129.69	-161.46	67.64	79.83	131.33
2008-10-06T08:41:16	1571.72	2138.64	-161.64	67.36	79.81	131.23
2008-10-06T08:41:18	1562.00	2147.58	-161.81	67.15	79.76	131.34
2008-10-06T08:41:20	1552.27	2156.50	-161.98	66.60	80.09	131.88
2008-10-06T08:41:22	1542.53	2165.42	-162.16	65.93	80.44	132.54
2008-10-06T08:41:24	1532.79	2174.33	-162.33	65.15	80.69	133.05
2008-10-06T08:41:26	1523.04	2183.23	-162.50	64.42	80.86	133.23
2008-10-06T08:41:28	1513.28	2192.11	-162.67	63.82	81.00	133.29
2008-10-06T08:41:30	1503.51	2200.99	-162.84	63.35	81.11	133.24
2008-10-06T08:41:32	1493.74	2209.86	-163.01	62.98	81.24	132.75
2008-10-06T08:41:34	1483.97	2218.70	-163.18	62.54	81.34	132.36
2008-10-06T08:41:36	1474.18	2227.56	-163.34	62.03	81.41	132.06
2008-10-06T08:41:38	1464.38	2236.40	-163.51	61.62	81.67	131.96
2008-10-06T08:41:40	1454.58	2245.22	-163.68	61.02	81.92	131.81
2008-10-06T08:41:42	1444.78	2254.04	-163.84	60.30	82.12	131.61
2008-10-06T08:41:44	1434.97	2262.84	-164.00	59.93	82.11	131.43
2008-10-06T08:41:46	1425.15	2271.64	-164.17	59.67	82.05	131.31
2008-10-06T08:41:48	1415.32	2280.42	-164.33	59.51	81.92	131.26
2008-10-06T08:41:50	1405.49	2289.20	-164.49	59.46	81.74	131.32
2008-10-06T08:41:52	1395.65	2297.97	-164.65	59.48	81.63	131.50
2008-10-06T08:41:54	1385.81	2306.72	-164.81	59.26	81.65	131.61
2008-10-06T08:41:56	1375.96	2315.46	-164.97	58.51	81.66	131.43
2008-10-06T08:41:58	1366.10	2324.20	-165.13	57.74	81.47	131.17
2008-10-06T08:42:00	1356.24	2332.92	-165.29	56.97	81.10	130.81
2008-10-06T08:42:02	1346.37	2341.63	-165.45	56.18	80.54	130.38
2008-10-06T08:42:04	1336.50	2350.33	-165.61	55.35	80.30	130.15
2008-10-06T08:42:06	1326.62	2359.03	-165.76	54.70	80.30	130.26
2008-10-06T08:42:08	1316.73	2367.71	-165.92	54.18	80.44	130.51
2008-10-06T08:42:10	1306.84	2376.38	-166.07	53.68	80.54	130.68
2008-10-06T08:42:12	1296.94	2385.04	-166.23	53.21	80.59	130.79
2008-10-06T08:42:14	1287.04	2393.69	-166.38	52.77	80.59	130.84
2008-10-06T08:42:16	1277.13	2402.33	-166.53	52.27	80.49	130.76
2008-10-06T08:42:18	1267.21	2410.96	-166.68	51.61	80.38	130.55
2008-10-06T08:42:20	1257.29	2419.58	-166.84	51.01	80.32	130.35
2008-10-06T08:42:22	1247.37	2428.19	-166.98	50.48	80.26	130.15
2008-10-06T08:42:24	1237.44	2436.79	-167.13	50.03	80.23	129.95
2008-10-06T08:42:26	1227.50	2445.38	-167.28	49.66	80.20	129.77
2008-10-06T08:42:28	1217.56	2453.95	-167.43	49.36	80.20	129.60
2008-10-06T08:42:30	1207.61	2462.52	-167.58	48.55	80.20	129.23
2008-10-06T08:42:32	1197.66	2471.08	-167.73	47.77	80.22	128.92
2008-10-06T08:42:34	1187.70	2479.62	-167.87	47.09	80.20	128.74
2008-10-06T08:42:36	1177.74	2488.16	-168.02	46.51	80.16	128.68
2008-10-06T08:42:38	1167.78	2496.68	-168.16	46.03	80.08	128.74
2008-10-06T08:42:40	1157.81	2505.20	-168.30	45.56	79.93	128.86
2008-10-06T08:42:42	1147.83	2513.70	-168.45	44.80	79.54	128.77
2008-10-06T08:42:44	1137.85	2522.20	-168.59	44.15	79.11	128.53
2008-10-06T08:42:46	1127.86	2530.68	-168.73	43.53	78.71	128.22
2008-10-06T08:42:48	1117.87	2539.15	-168.87	42.95	78.35	127.84
2008-10-06T08:42:50	1107.88	2547.62	-169.01	42.41	78.02	127.39
2008-10-06T08:42:52	1097.88	2556.07	-169.15	42.02	77.83	127.13
2008-10-06T08:42:54	1087.88	2564.51	-169.29	41.74	77.83	127.17
2008-10-06T08:42:56	1077.87	2572.95	-169.43	41.47	77.86	127.36
2008-10-06T08:42:58	1067.86	2581.37	-169.57	41.17	77.80	127.59
2008-10-06T08:43:00	1057.84	2589.78	-169.70	40.83	77.75	127.64
2008-10-06T08:43:02	1047.82	2598.18	-169.84	40.43	77.72	127.51
2008-10-06T08:43:04	1037.79	2606.57	-169.98	40.15	77.37	127.02
2008-10-06T08:43:06	1027.76	2614.95	-170.11	39.95	76.90	126.55
2008-10-06T08:43:08	1017.73	2623.32	-170.25	39.82	76.36	126.15
2008-10-06T08:43:10	1007.70	2631.68	-170.38	39.68	75.97	125.82
2008-10-06T08:43:12	997.65	2640.03	-170.51	39.35	75.83	125.51
2008-10-06T08:43:14	987.61	2648.37	-170.64	38.81	75.75	125.19
2008-10-06T08:43:16	977.56	2656.70	-170.78	38.20	75.64	124.95
2008-10-06T08:43:18	967.51	2665.02	-170.91	37.76	75.45	124.66
2008-10-06T08:43:20	957.45	2673.33	-171.04	37.49	75.19	124.34
2008-10-06T08:43:22	947.39	2681.62	-171.17	37.39	74.87	123.98
2008-10-06T08:43:24	937.33	2689.91	-171.30	37.20	74.17	123.61
2008-10-06T08:43:26	927.26	2698.19	-171.42	36.50	73.34	123.31
2008-10-06T08:43:28	917.19	2706.46	-171.55	35.49	72.63	123.17
2008-10-06T08:43:30	907.12	2714.71	-171.68	34.59	71.98	123.10
2008-10-06T08:43:32	897.04	2722.96	-171.81	33.81	71.38	123.08
2008-10-06T08:43:34	886.96	2731.20	-171.93	33.14	70.84	123.13
2008-10-06T08:43:36	876.88	2739.43	-172.06	32.59	70.35	123.25
2008-10-06T08:43:38	866.79	2747.64	-172.18	32.11	70.23	122.69
2008-10-06T08:43:40	856.70	2755.85	-172.31	31.72	70.23	122.03
2008-10-06T08:43:42	846.61	2764.05	-172.43	31.42	70.21	121.51
2008-10-06T08:43:44	836.51	2772.24	-172.55	31.20	70.16	121.14
2008-10-06T08:43:46	826.42	2780.42	-172.67	31.07	70.10	120.92
2008-10-06T08:43:48	816.31	2788.58	-172.80	31.00	69.99	120.85
2008-10-06T08:43:50	806.21	2796.74	-172.92	30.69	69.65	120.91
2008-10-06T08:43:52	796.10	2804.89	-173.04	30.21	69.33	120.78
2008-10-06T08:43:54	785.99	2813.03	-173.15	29.65	69.03	120.65
2008-10-06T08:43:56	775.88	2821.15	-173.27	29.02	68.75	120.65
2008-10-06T08:43:58	765.76	2829.27	-173.39	28.34	68.48	120.78
2008-10-06T08:44:00	755.65	2837.38	-173.51	27.75	68.09	120.78
2008-10-06T08:44:02	745.52	2845.48	-173.63	27.38	67.54	120.44
2008-10-06T08:44:04	735.40	2853.57	-173.75	27.10	67.02	120.03
2008-10-06T08:44:06	725.27	2861.65	-173.86	26.90	66.47	119.43
2008-10-06T08:44:08	715.15	2869.72	-173.97	26.64	65.94	118.74
2008-10-06T08:44:10	705.02	2877.78	-174.09	26.30	65.43	118.03
2008-10-06T08:44:12	694.88	2885.83	-174.20	25.92	64.92	117.57
2008-10-06T08:44:14	684.75	2893.87	-174.32	25.53	64.38	117.20
2008-10-06T08:44:16	674.61	2901.90	-174.43	25.14	63.82	116.86
2008-10-06T08:44:18	664.47	2909.92	-174.54	24.74	63.25	116.55
2008-10-06T08:44:20	654.33	2917.93	-174.66	24.41	62.75	116.37
2008-10-06T08:44:22	644.18	2925.93	-174.76	24.16	62.32	116.21
2008-10-06T08:44:24	634.04	2933.93	-174.87	23.83	62.01	116.18
2008-10-06T08:44:26	623.89	2941.91	-174.99	23.44	61.59	115.98
2008-10-06T08:44:28	613.74	2949.88	-175.10	23.00	61.06	115.60
2008-10-06T08:44:30	603.59	2957.85	-175.20	22.50	60.41	115.04
2008-10-06T08:44:32	593.43	2965.80	-175.31	21.94	59.65	114.32
2008-10-06T08:44:34	583.28	2973.75	-175.42	21.53	59.16	113.90
2008-10-06T08:44:36	573.12	2981.68	-175.53	21.42	59.11	114.01
2008-10-06T08:44:38	562.96	2989.61	-175.64	21.44	59.09	114.13
2008-10-06T08:44:40	552.80	2997.53	-175.74	21.58	59.10	114.25
2008-10-06T08:44:42	542.63	3005.44	-175.85	21.84	59.13	114.38
2008-10-06T08:44:44	532.47	3013.34	-175.95	22.21	59.18	114.51
2008-10-06T08:44:46	522.30	3021.23	-176.06	22.14	58.95	114.08
2008-10-06T08:44:48	512.14	3029.11	-176.16	21.86	58.59	113.62
2008-10-06T08:44:50	501.97	3036.98	-176.27	21.21	58.12	113.30
2008-10-06T08:44:52	491.80	3044.84	-176.37	20.61	57.51	112.95
2008-10-06T08:44:54	481.62	3052.70	-176.47	20.05	56.77	112.56
2008-10-06T08:44:56	471.45	3060.54	-176.57	19.54	56.02	112.15
2008-10-06T08:44:58	461.28	3068.38	-176.67	19.05	55.62	111.86
2008-10-06T08:45:00	451.10	3076.20	-176.77	18.54	55.34	111.69
2008-10-06T08:45:02	440.92	3084.02	-176.88	18.03	55.16	111.66
2008-10-06T08:45:04	430.75	3091.83	-176.98	17.75	55.23	111.56
2008-10-06T08:45:06	420.57	3099.63	-177.07	17.53	55.22	111.41
2008-10-06T08:45:08	410.38	3107.42	-177.17	17.32	54.83	111.19
2008-10-06T08:45:10	400.20	3115.20	-177.27	17.18	54.36	110.93
2008-10-06T08:45:12	390.02	3122.98	-177.37	17.10	54.01	110.69
2008-10-06T08:45:14	379.83	3130.74	-177.47	17.09	53.76	110.47
2008-10-06T08:45:16	369.65	3138.50	-177.56	17.14	53.62	110.26
2008-10-06T08:45:18	359.46	3146.25	-177.66	17.07	53.43	109.89
2008-10-06T08:45:20	349.27	3153.98	-177.76	16.93	53.00	108.98
2008-10-06T08:45:22	339.09	3161.71	-177.85	16.75	52.64	108.37
2008-10-06T08:45:24	328.90	3169.44	-177.95	16.55	52.36	108.05
2008-10-06T08:45:26	318.71	3177.15	-178.04	16.32	52.14	108.02
2008-10-06T08:45:28	308.52	3184.85	-178.13	16.06	52.00	108.27
2008-10-06T08:45:30	298.32	3192.55	-178.23	15.66	51.83	108.63
2008-10-06T08:45:32	288.13	3200.24	-178.32	15.08	51.51	108.69
2008-10-06T08:45:34	277.94	3207.91	-178.41	14.85	51.04	108.36
2008-10-06T08:45:36	267.75	3215.59	-178.51	14.71	50.63	108.04
2008-10-06T08:45:38	257.55	3223.25	-178.60	14.66	50.28	107.73
2008-10-06T08:45:40	247.36	3230.90	-178.69	14.71	49.99	107.43
2008-10-06T08:45:42	237.16	3238.55	-178.78	14.75	49.58	107.20
2008-10-06T08:45:44	226.96	3246.19	-178.87	14.71	49.12	106.91
2008-10-06T08:45:46	216.77	3253.82	-178.96	14.57	48.67	106.55
2008-10-06T08:45:48	206.57	3261.44	-179.05	14.22	48.19	106.18
2008-10-06T08:45:50	196.37	3269.05	-179.14	13.73	47.77	105.85
2008-10-06T08:45:52	186.17	3276.65	-179.23	13.26	47.46	105.58
2008-10-06T08:45:54	175.98	3284.25	-179.31	12.95	47.27	105.54
2008-10-06T08:45:56	165.78	3291.84	-179.40	12.72	47.09	105.49
2008-10-06T08:45:58	155.57	3299.42	-179.49	12.58	46.92	105.45
2008-10-06T08:46:00	145.38	3306.99	-179.57	12.51	46.75	105.40
2008-10-06T08:46:02	135.18	3314.56	-179.66	12.53	46.59	105.36
2008-10-06T08:46:04	124.97	3322.11	-179.75	12.53	46.31	105.11
2008-10-06T08:46:06	114.78	3329.66	-179.83	12.46	46.04	104.77
2008-10-06T08:46:08	104.57	3337.21	-179.92	12.35	45.82	104.52
2008-10-06T08:46:10	94.37	3344.74	-180.00	12.22	45.62	104.35
2008-10-06T08:46:12	84.17	3352.26	-180.08	12.07	45.46	104.26
2008-10-06T08:46:14	73.97	3359.78	-180.17	11.89	45.33	104.26
2008-10-06T08:46:16	63.77	3367.29	-180.25	11.83	45.08	104.18
2008-10-06T08:46:18	53.57	3374.79	-180.34	11.73	44.84	104.11
2008-10-06T08:46:20	43.36	3382.29	-180.42	11.56	44.66	104.11
2008-10-06T08:46:22	33.16	3389.77	-180.50	11.34	44.54	104.16
2008-10-06T08:46:24	22.96	3397.25	-180.58	11.07	44.46	104.27
2008-10-06T08:46:26	12.76	3404.72	-180.66	10.76	44.39	104.35
2008-10-06T08:46:28	2.56	3412.19	-180.74	10.55	44.30	104.27
2008-10-06T08:46:30	-7.65	3419.65	-180.82	10.47	44.22	104.16
2008-10-06T08:46:32	-17.85	3427.10	-180.90	10.52	44.17	104.02
2008-10-06T08:46:34	-28.05	3434.54	-180.98	10.61	44.02	103.63
2008-10-06T08:46:36	-38.25	3441.97	-181.06	10.65	43.91	103.24
2008-10-06T08:46:38	-48.45	3449.40	-181.14	10.51	43.57	103.12
2008-10-06T08:46:40	-58.66	3456.82	-181.22	10.39	43.25	103.21
2008-10-06T08:46:42	-68.86	3464.23	-181.30	10.33	43.05	103.44
2008-10-06T08:46:44	-79.06	3471.64	-181.37	10.33	42.95	103.81
2008-10-06T08:46:46	-89.26	3479.03	-181.45	10.40	42.96	104.32
2008-10-06T08:46:48	-99.46	3486.43	-181.53	10.56	43.03	104.77
2008-10-06T08:46:50	-109.66	3493.81	-181.61	10.84	42.80	104.20
2008-10-06T08:46:52	-119.86	3501.19	-181.68	11.10	42.60	103.70
2008-10-06T08:46:54	-130.06	3508.55	-181.76	11.35	42.43	103.26
2008-10-06T08:46:56	-140.26	3515.92	-181.83	11.59	42.29	102.88
2008-10-06T08:46:58	-150.46	3523.27	-181.91	11.81	42.17	102.57
2008-10-06T08:47:00	-160.66	3530.62	-181.98	11.85	41.98	102.33
2008-10-06T08:47:02	-170.86	3537.96	-182.06	11.70	41.70	102.10
2008-10-06T08:47:04	-181.06	3545.30	-182.13	11.51	41.42	101.94
2008-10-06T08:47:06	-191.25	3552.62	-182.20	11.37	41.15	101.99
2008-10-06T08:47:08	-201.45	3559.94	-182.28	11.24	40.94	102.10
2008-10-06T08:47:10	-211.65	3567.26	-182.35	11.13	40.78	102.28
2008-10-06T08:47:12	-221.84	3574.57	-182.42	11.43	40.85	102.38
2008-10-06T08:47:14	-232.04	3581.86	-182.49	11.86	41.00	102.38
2008-10-06T08:47:16	-242.24	3589.16	-182.57	12.39	41.22	102.28
2008-10-06T08:47:18	-252.44	3596.45	-182.64	13.03	41.51	102.06
2008-10-06T08:47:20	-262.63	3603.72	-182.71	13.74	41.84	101.84
2008-10-06T08:47:22	-272.82	3611.00	-182.78	14.29	42.05	101.94
2008-10-06T08:47:24	-283.02	3618.26	-182.85	14.56	42.05	102.47
2008-10-06T08:47:26	-293.21	3625.53	-182.92	14.78	41.94	102.87
2008-10-06T08:47:28	-303.40	3632.78	-182.99	14.92	41.74	103.12
2008-10-06T08:47:30	-313.60	3640.03	-183.06	15.01	41.43	103.24
2008-10-06T08:47:32	-323.79	3647.27	-183.13	15.03	41.03	103.22
2008-10-06T08:47:34	-333.98	3654.50	-183.20	15.08	40.44	102.54
2008-10-06T08:47:36	-344.17	3661.73	-183.27	14.88	39.66	101.41
2008-10-06T08:47:38	-354.36	3668.95	-183.33	14.51	38.78	100.19
2008-10-06T08:47:40	-364.55	3676.16	-183.40	14.14	37.89	98.95
2008-10-06T08:47:42	-374.74	3683.37	-183.47	13.77	36.97	97.69
2008-10-06T08:47:44	-384.92	3690.57	-183.54	13.31	35.94	96.42
2008-10-06T08:47:46	-395.11	3697.77	-183.61	12.18	34.20	95.23
2008-10-06T08:47:48	-405.30	3704.96	-183.67	11.06	32.40	93.99
2008-10-06T08:47:50	-415.48	3712.14	-183.74	9.96	30.52	92.70
2008-10-06T08:47:52	-425.67	3719.32	-183.80	8.83	28.76	91.33
2008-10-06T08:47:54	-435.85	3726.49	-183.87	7.72	27.23	90.02
2008-10-06T08:47:56	-446.03	3733.65	-183.93	6.87	25.88	88.84
2008-10-06T08:47:58	-456.21	3740.81	-184.00	6.33	24.55	87.77
2008-10-06T08:48:00	-466.40	3747.96	-184.06	5.91	23.21	86.77
2008-10-06T08:48:02	-476.58	3755.11	-184.13	5.59	21.84	85.85
2008-10-06T08:48:04	-486.76	3762.25	-184.19	5.37	20.46	85.01
2008-10-06T08:48:06	-496.94	3769.38	-184.26	5.27	19.06	84.25
2008-10-06T08:48:08	-507.11	3776.51	-184.32	4.64	18.18	82.56
2008-10-06T08:48:10	-517.29	3783.63	-184.38	4.00	17.41	80.70
2008-10-06T08:48:12	-527.47	3790.75	-184.45	3.56	16.64	78.89
2008-10-06T08:48:14	-537.65	3797.86	-184.51	3.30	15.88	77.13
2008-10-06T08:48:16	-547.82	3804.97	-184.57	3.24	15.13	75.43
2008-10-06T08:48:18	-558.00	3812.07	-184.63	3.03	14.61	73.93
2008-10-06T08:48:20	-568.17	3819.16	-184.70	1.90	14.53	72.92
2008-10-06T08:48:22	-578.34	3826.24	-184.76	0.57	14.17	71.98
2008-10-06T08:48:24	-588.51	3833.33	-184.82	-0.94	13.85	70.93
2008-10-06T08:48:26	-598.68	3840.40	-184.88	-2.30	13.69	69.81
2008-10-06T08:48:28	-608.85	3847.47	-184.94	-3.45	13.58	68.73
2008-10-06T08:48:30	-619.02	3854.54	-185.00	-3.90	13.22	67.00
2008-10-06T08:48:32	-629.19	3861.60	-185.06	-3.96	12.72	64.90
2008-10-06T08:48:34	-639.36	3868.65	-185.12	-3.91	12.22	62.84
2008-10-06T08:48:36	-649.52	3875.70	-185.18	-3.75	11.72	60.79
2008-10-06T08:48:38	-659.69	3882.74	-185.24	-3.49	11.22	58.77
2008-10-06T08:48:40	-669.85	3889.77	-185.30	-3.10	10.80	56.77
2008-10-06T08:48:42	-680.02	3896.80	-185.36	-2.52	10.12	54.87
2008-10-06T08:48:44	-690.18	3903.83	-185.42	-2.03	9.40	52.91
2008-10-06T08:48:46	-700.34	3910.85	-185.47	-1.62	8.65	50.88
2008-10-06T08:48:48	-710.50	3917.86	-185.53	-1.31	7.87	48.78
2008-10-06T08:48:50	-720.66	3924.87	-185.59	-1.08	7.06	46.61
2008-10-06T08:48:52	-730.81	3931.88	-185.65	-1.04	6.40	44.64
2008-10-06T08:48:54	-740.97	3938.87	-185.71	-1.19	5.99	43.06
2008-10-06T08:48:56	-751.13	3945.87	-185.76	-1.41	5.47	41.77
2008-10-06T08:48:58	-761.28	3952.86	-185.82	-1.70	4.91	41.05
2008-10-06T08:49:00	-771.44	3959.84	-185.87	-2.00	4.43	40.57
2008-10-06T08:49:02	-781.59	3966.82	-185.93	-2.31	4.04	40.34
2008-10-06T08:49:04	-791.74	3973.79	-185.99	-2.44	4.28	40.41
2008-10-06T08:49:06	-801.89	3980.75	-186.04	-2.64	4.76	40.36
2008-10-06T08:49:08	-812.04	3987.72	-186.10	-2.97	5.31	40.12
2008-10-06T08:49:10	-822.19	3994.67	-186.15	-3.42	5.92	39.70
2008-10-06T08:49:12	-832.34	4001.62	-186.21	-3.96	6.50	39.08
2008-10-06T08:49:14	-842.48	4008.57	-186.26	-4.48	6.59	38.24
2008-10-06T08:49:16	-852.63	4015.51	-186.32	-5.35	5.94	36.70
2008-10-06T08:49:18	-862.77	4022.45	-186.37	-6.06	5.37	35.29
2008-10-06T08:49:20	-872.91	4029.38	-186.43	-6.61	4.87	34.00
2008-10-06T08:49:22	-883.06	4036.30	-186.48	-7.01	4.44	32.83
2008-10-06T08:49:24	-893.20	4043.22	-186.53	-7.25	4.08	31.79
2008-10-06T08:49:26	-903.34	4050.14	-186.59	-6.96	3.68	30.90
2008-10-06T08:49:28	-913.48	4057.05	-186.64	-6.20	3.18	30.09
2008-10-06T08:49:30	-923.61	4063.96	-186.69	-5.62	3.12	29.15
2008-10-06T08:49:32	-933.75	4070.86	-186.75	-5.13	3.03	28.25
2008-10-06T08:49:34	-943.88	4077.75	-186.80	-4.72	2.90	27.40
2008-10-06T08:49:36	-954.02	4084.65	-186.85	-4.39	2.73	26.59
2008-10-06T08:49:38	-964.15	4091.53	-186.90	-4.38	2.84	25.87
2008-10-06T08:49:40	-974.28	4098.41	-186.96	-4.40	2.93	25.09
2008-10-06T08:49:42	-984.41	4105.29	-187.01	-4.38	2.94	24.24
2008-10-06T08:49:44	-994.54	4112.17	-187.06	-4.32	2.86	23.30
2008-10-06T08:49:46	-1004.67	4119.03	-187.11	-4.23	2.78	22.69
2008-10-06T08:49:48	-1014.80	4125.90	-187.16	-4.12	2.79	22.43
2008-10-06T08:49:50	-1024.92	4132.75	-187.21	-3.97	3.01	22.39
2008-10-06T08:49:52	-1035.05	4139.61	-187.26	-3.76	3.25	22.19
2008-10-06T08:49:54	-1045.17	4146.46	-187.31	-3.51	3.53	21.82
2008-10-06T08:49:56	-1055.29	4153.30	-187.36	-3.21	3.82	21.27
2008-10-06T08:49:58	-1065.41	4160.14	-187.41	-2.86	4.15	20.56
2008-10-06T08:50:00	-1075.53	4166.98	-187.46	-2.69	4.47	19.99
2008-10-06T08:50:02	-1085.65	4173.81	-187.51	-2.77	4.75	19.66
2008-10-06T08:50:04	-1095.76	4180.63	-187.56	-3.03	4.88	19.45
2008-10-06T08:50:06	-1105.88	4187.45	-187.61	-3.28	4.96	19.21
2008-10-06T08:50:08	-1115.99	4194.27	-187.66	-3.53	4.98	18.95
2008-10-06T08:50:10	-1126.11	4201.08	-187.71	-3.78	4.96	18.67
2008-10-06T08:50:12	-1136.22	4207.89	-187.76	-3.87	4.84	18.67
2008-10-06T08:50:14	-1146.33	4214.69	-187.80	-3.93	4.74	18.68
2008-10-06T08:50:16	-1156.44	4221.50	-187.85	-3.98	4.67	18.66
2008-10-06T08:50:18	-1166.55	4228.29	-187.90	-4.01	4.62	18.61
2008-10-06T08:50:20	-1176.66	4235.08	-187.95	-3.94	4.75	18.82
2008-10-06T08:50:22	-1186.76	4241.87	-187.99	-3.88	5.00	18.98
2008-10-06T08:50:24	-1196.87	4248.65	-188.04	-3.80	5.40	18.96
2008-10-06T08:50:26	-1206.97	4255.43	-188.09	-3.70	5.74	18.89
2008-10-06T08:50:28	-1217.07	4262.20	-188.14	-3.57	6.03	18.77
2008-10-06T08:50:30	-1227.18	4268.97	-188.18	-3.42	6.25	18.60
2008-10-06T08:50:32	-1237.28	4275.73	-188.23	-3.24	6.42	18.38
2008-10-06T08:50:34	-1247.37	4282.50	-188.28	-3.16	6.44	18.08
2008-10-06T08:50:36	-1257.47	4289.25	-188.32	-3.21	6.45	17.74
2008-10-06T08:50:38	-1267.57	4296.00	-188.37	-3.27	6.56	17.40
2008-10-06T08:50:40	-1277.66	4302.75	-188.41	-3.28	6.71	17.00
2008-10-06T08:50:42	-1287.75	4309.49	-188.46	-3.24	6.90	16.54
2008-10-06T08:50:44	-1297.85	4316.23	-188.50	-3.16	7.12	16.02
2008-10-06T08:50:46	-1307.94	4322.97	-188.55	-2.94	7.52	15.72
2008-10-06T08:50:48	-1318.03	4329.70	-188.59	-2.65	7.91	15.43
2008-10-06T08:50:50	-1328.11	4336.43	-188.64	-2.31	8.29	15.12
2008-10-06T08:50:52	-1338.20	4343.15	-188.69	-1.92	8.65	14.79
2008-10-06T08:50:54	-1348.29	4349.87	-188.73	-1.52	9.02	14.68
2008-10-06T08:50:56	-1358.37	4356.59	-188.77	-1.20	9.33	14.59
2008-10-06T08:50:58	-1368.46	4363.30	-188.82	-1.11	9.59	14.63
2008-10-06T08:51:00	-1378.54	4370.01	-188.86	-1.02	9.84	14.63
2008-10-06T08:51:02	-1388.62	4376.71	-188.90	-0.91	10.09	14.59
2008-10-06T08:51:04	-1398.70	4383.41	-188.95	-0.80	10.32	14.51
2008-10-06T08:51:06	-1408.78	4390.11	-188.99	-0.67	10.54	14.38
2008-10-06T08:51:08	-1418.85	4396.80	-189.04	-0.55	10.72	14.28
2008-10-06T08:51:10	-1428.93	4403.49	-189.08	-0.59	10.77	14.26
2008-10-06T08:51:12	-1439.00	4410.17	-189.12	-0.80	10.74	14.27
2008-10-06T08:51:14	-1449.07	4416.85	-189.16	-1.02	10.70	14.23
2008-10-06T08:51:16	-1459.15	4423.53	-189.21	-1.26	10.68	14.16
2008-10-06T08:51:18	-1469.22	4430.20	-189.25	-1.52	10.66	14.06
2008-10-06T08:51:20	-1479.28	4436.87	-189.29	-1.83	10.46	13.89
2008-10-06T08:51:22	-1489.35	4443.53	-189.33	-2.18	10.25	13.68
2008-10-06T08:51:24	-1499.42	4450.19	-189.38	-2.58	10.03	13.43
2008-10-06T08:51:26	-1509.48	4456.85	-189.42	-3.02	9.83	13.15
2008-10-06T08:51:28	-1519.55	4463.51	-189.46	-3.35	9.68	12.93
2008-10-06T08:51:30	-1529.61	4470.16	-189.50	-3.66	9.56	12.76
2008-10-06T08:51:32	-1539.67	4476.80	-189.54	-3.91	9.51	12.71
2008-10-06T08:51:34	-1549.73	4483.45	-189.58	-4.12	9.49	12.69
2008-10-06T08:51:36	-1559.79	4490.09	-189.62	-4.29	9.49	12.71
2008-10-06T08:51:38	-1569.85	4496.72	-189.67	-4.42	9.51	12.76
2008-10-06T08:51:40	-1579.90	4503.35	-189.71	-4.51	9.56	12.84
2008-10-06T08:51:42	-1589.96	4509.98	-189.75	-4.55	9.53	12.88
2008-10-06T08:51:44	-1600.01	4516.61	-189.79	-4.55	9.37	12.81
2008-10-06T08:51:46	-1610.06	4523.23	-189.83	-4.65	9.08	12.74
2008-10-06T08:51:48	-1620.11	4529.85	-189.87	-4.78	8.76	12.72
2008-10-06T08:51:50	-1630.16	4536.46	-189.91	-4.94	8.41	12.75
2008-10-06T08:51:52	-1640.21	4543.07	-189.95	-5.14	8.03	12.83
2008-10-06T08:51:54	-1650.26	4549.68	-189.99	-5.47	7.48	13.07
2008-10-06T08:51:56	-1660.30	4556.28	-190.03	-5.82	6.87	13.36
2008-10-06T08:51:58	-1670.35	4562.88	-190.07	-6.17	6.23	13.66
2008-10-06T08:52:00	-1680.39	4569.48	-190.11	-6.53	5.56	13.96
2008-10-06T08:52:02	-1690.43	4576.07	-190.14	-6.90	4.90	14.24
2008-10-06T08:52:04	-1700.47	4582.66	-190.18	-7.31	4.34	14.41
2008-10-06T08:52:06	-1710.51	4589.24	-190.22	-7.82	4.17	14.35
2008-10-06T08:52:08	-1720.55	4595.83	-190.26	-8.32	3.99	14.27
2008-10-06T08:52:10	-1730.58	4602.41	-190.30	-8.82	3.79	14.18
2008-10-06T08:52:12	-1740.62	4608.98	-190.34	-9.31	3.58	14.07
2008-10-06T08:52:14	-1750.65	4615.56	-190.38	-9.79	3.35	13.95
2008-10-06T08:52:16	-1760.69	4622.13	-190.42	-10.28	3.12	13.91
2008-10-06T08:52:18	-1770.72	4628.69	-190.45	-10.79	2.89	13.98
2008-10-06T08:52:20	-1780.75	4635.26	-190.49	-11.22	2.64	14.00
2008-10-06T08:52:22	-1790.77	4641.81	-190.53	-11.65	2.40	13.95
2008-10-06T08:52:24	-1800.80	4648.37	-190.56	-12.06	2.19	13.82
2008-10-06T08:52:26	-1810.83	4654.92	-190.60	-12.47	2.00	13.61
2008-10-06T08:52:28	-1820.85	4661.48	-190.64	-12.65	1.87	13.56
2008-10-06T08:52:30	-1830.88	4668.02	-190.68	-12.71	1.80	13.54
2008-10-06T08:52:32	-1840.90	4674.56	-190.71	-12.75	1.77	13.48
2008-10-06T08:52:34	-1850.92	4681.11	-190.75	-12.76	1.79	13.37
2008-10-06T08:52:36	-1860.94	4687.64	-190.79	-12.76	1.85	13.30
2008-10-06T08:52:38	-1870.96	4694.18	-190.83	-12.93	1.84	13.53
2008-10-06T08:52:40	-1880.97	4700.71	-190.86	-13.10	1.53	13.91
2008-10-06T08:52:42	-1890.99	4707.23	-190.90	-13.26	1.21	14.22
2008-10-06T08:52:44	-1901.00	4713.76	-190.93	-13.39	0.87	14.45
2008-10-06T08:52:46	-1911.02	4720.28	-190.97	-13.51	0.52	14.60
2008-10-06T08:52:48	-1921.03	4726.80	-191.01	-13.61	0.16	14.67
2008-10-06T08:52:50	-1931.04	4733.31	-191.04	-13.70	-0.10	14.68
2008-10-06T08:52:52	-1941.04	4739.82	-191.08	-13.79	-0.06	14.67
2008-10-06T08:52:54	-1951.05	4746.33	-191.11	-13.82	0.04	14.69
2008-10-06T08:52:56	-1961.06	4752.84	-191.15	-13.81	0.13	14.78
2008-10-06T08:52:58	-1971.06	4759.34	-191.18	-13.85	0.18	14.87
2008-10-06T08:53:00	-1981.07	4765.84	-191.22	-13.95	0.19	14.96
2008-10-06T08:53:02	-1991.07	4772.34	-191.25	-14.11	0.07	15.22
2008-10-06T08:53:04	-2001.07	4778.84	-191.29	-14.30	-0.13	15.57
2008-10-06T08:53:06	-2011.07	4785.33	-191.32	-14.49	-0.33	15.94
2008-10-06T08:53:08	-2021.07	4791.81	-191.36	-14.69	-0.54	16.30
2008-10-06T08:53:10	-2031.07	4798.30	-191.39	-14.90	-0.76	16.66
2008-10-06T08:53:12	-2041.06	4804.78	-191.43	-15.07	-0.90	16.89
2008-10-06T08:53:14	-2051.06	4811.26	-191.46	-14.97	-0.89	16.65
2008-10-06T08:53:16	-2061.05	4817.73	-191.50	-14.88	-0.85	16.40
2008-10-06T08:53:18	-2071.04	4824.21	-191.53	-14.81	-0.80	16.16
2008-10-06T08:53:20	-2081.03	4830.68	-191.56	-14.77	-0.73	15.94
2008-10-06T08:53:22	-2091.02	4837.15	-191.60	-14.76	-0.66	15.73
2008-10-06T08:53:24	-2101.01	4843.61	-191.63	-14.81	-0.57	15.60
2008-10-06T08:53:26	-2111.00	4850.07	-191.67	-15.10	-0.48	15.77
2008-10-06T08:53:28	-2120.98	4856.53	-191.70	-15.42	-0.37	16.05
2008-10-06T08:53:30	-2130.97	4862.99	-191.73	-15.50	-0.23	16.44
2008-10-06T08:53:32	-2140.95	4869.44	-191.77	-15.50	-0.07	16.82
2008-10-06T08:53:34	-2150.94	4875.89	-191.80	-15.51	0.10	17.15
2008-10-06T08:53:36	-2160.92	4882.34	-191.83	-15.31	0.29	17.30
2008-10-06T08:53:38	-2170.89	4888.78	-191.86	-14.86	0.50	17.27
2008-10-06T08:53:40	-2180.87	4895.23	-191.90	-14.43	0.72	17.21
2008-10-06T08:53:42	-2190.85	4901.66	-191.93	-14.02	0.93	17.15
2008-10-06T08:53:44	-2200.82	4908.10	-191.96	-13.63	1.14	17.06
2008-10-06T08:53:46	-2210.80	4914.54	-192.00	-13.25	1.35	16.96
2008-10-06T08:53:48	-2220.77	4920.97	-192.03	-13.28	1.30	17.00
2008-10-06T08:53:50	-2230.74	4927.40	-192.06	-13.41	1.17	17.12
2008-10-06T08:53:52	-2240.71	4933.82	-192.09	-13.52	1.06	17.26
2008-10-06T08:53:54	-2250.68	4940.25	-192.13	-13.62	0.95	17.42
