Time	POS_X	POS_Y	POS_Z	B_X	B_Y	B_Z
2008-10-06T08:26:48	5012.59	-2099.14	-42.81	-13.69	1.60	1.06
2008-10-06T08:26:50	5005.86	-2089.38	-43.12	-13.73	1.76	1.13
2008-10-06T08:26:52	4999.13	-2079.62	-43.43	-13.82	1.93	1.16
2008-10-06T08:26:54	4992.40	-2069.86	-43.75	-13.96	2.11	1.17
2008-10-06T08:26:56	4985.66	-2060.10	-44.06	-14.00	2.06	1.06
2008-10-06T08:26:58	4978.92	-2050.33	-44.37	-14.28	1.73	0.86
2008-10-06T08:27:00	4972.18	-2040.57	-44.68	-14.68	1.44	0.68
2008-10-06T08:27:02	4965.43	-2030.80	-44.99	-15.19	1.18	0.53
2008-10-06T08:27:04	4958.68	-2021.03	-45.30	-15.82	0.96	0.41
2008-10-06T08:27:06	4951.93	-2011.27	-45.61	-16.56	0.76	0.32
2008-10-06T08:27:08	4945.18	-2001.50	-45.92	-17.18	0.66	0.23
2008-10-06T08:27:10	4938.42	-1991.73	-46.23	-17.30	0.75	0.10
2008-10-06T08:27:12	4931.66	-1981.95	-46.54	-17.39	0.90	0.04
2008-10-06T08:27:14	4924.90	-1972.18	-46.85	-17.47	1.09	0.08
2008-10-06T08:27:16	4918.13	-1962.40	-47.17	-17.57	1.28	0.16
2008-10-06T08:27:18	4911.36	-1952.63	-47.48	-17.68	1.47	0.29
2008-10-06T08:27:20	4904.59	-1942.85	-47.78	-17.60	1.55	0.51
2008-10-06T08:27:22	4897.82	-1933.07	-48.09	-17.31	1.50	0.75
2008-10-06T08:27:24	4891.04	-1923.29	-48.41	-17.06	1.42	0.92
2008-10-06T08:27:26	4884.26	-1913.51	-48.72	-16.83	1.34	1.02
2008-10-06T08:27:28	4877.47	-1903.73	-49.03	-16.63	1.24	1.05
2008-10-06T08:27:30	4870.69	-1893.95	-49.34	-16.47	1.01	0.87
2008-10-06T08:27:32	4863.90	-1884.16	-49.65	-16.33	0.83	0.55
2008-10-06T08:27:34	4857.11	-1874.38	-49.96	-16.16	0.69	0.20
2008-10-06T08:27:36	4850.31	-1864.59	-50.27	-15.99	0.55	-0.10
2008-10-06T08:27:38	4843.51	-1854.80	-50.58	-15.80	0.42	-0.35
2008-10-06T08:27:40	4836.71	-1845.01	-50.89	-15.59	0.27	-0.56
2008-10-06T08:27:42	4829.91	-1835.22	-51.20	-15.36	0.13	-0.72
2008-10-06T08:27:44	4823.10	-1825.43	-51.51	-14.36	-0.13	-0.79
2008-10-06T08:27:46	4816.29	-1815.64	-51.82	-12.96	-0.36	-0.87
2008-10-06T08:27:48	4809.48	-1805.84	-52.13	-11.45	-0.54	-0.98
2008-10-06T08:27:50	4802.66	-1796.05	-52.44	-9.95	-0.70	-1.12
2008-10-06T08:27:52	4795.84	-1786.25	-52.75	-8.46	-0.83	-1.30
2008-10-06T08:27:54	4789.02	-1776.45	-53.06	-6.98	-0.94	-1.51
2008-10-06T08:27:56	4782.19	-1766.66	-53.37	-5.38	-1.12	-1.87
2008-10-06T08:27:58	4775.37	-1756.86	-53.68	-3.82	-1.30	-2.20
2008-10-06T08:28:00	4768.53	-1747.05	-53.99	-2.32	-1.46	-2.50
2008-10-06T08:28:02	4761.70	-1737.25	-54.30	-0.84	-1.61	-2.76
2008-10-06T08:28:04	4754.86	-1727.45	-54.61	0.78	-1.79	-2.97
2008-10-06T08:28:06	4748.02	-1717.64	-54.92	2.56	-1.98	-3.17
2008-10-06T08:28:08	4741.17	-1707.84	-55.23	5.43	-2.30	-3.23
2008-10-06T08:28:10	4734.32	-1698.03	-55.54	8.21	-2.57	-3.24
2008-10-06T08:28:12	4727.47	-1688.22	-55.85	10.90	-2.80	-3.19
2008-10-06T08:28:14	4720.62	-1678.41	-56.16	13.51	-2.98	-3.08
2008-10-06T08:28:16	4713.76	-1668.60	-56.47	16.02	-3.11	-2.91
2008-10-06T08:28:18	4706.90	-1658.79	-56.78	18.46	-3.14	-2.74
2008-10-06T08:28:20	4700.04	-1648.98	-57.09	21.10	-3.23	-2.90
2008-10-06T08:28:22	4693.17	-1639.16	-57.40	23.72	-3.41	-3.10
2008-10-06T08:28:24	4686.30	-1629.35	-57.71	26.30	-3.65	-3.35
2008-10-06T08:28:26	4679.42	-1619.53	-58.02	28.84	-3.96	-3.62
2008-10-06T08:28:28	4672.54	-1609.71	-58.33	31.34	-4.33	-3.93
2008-10-06T08:28:30	4665.66	-1599.89	-58.64	33.85	-4.91	-4.08
2008-10-06T08:28:32	4658.78	-1590.07	-58.95	36.33	-5.73	-3.96
2008-10-06T08:28:34	4651.89	-1580.25	-59.26	38.68	-6.62	-3.79
2008-10-06T08:28:36	4645.00	-1570.43	-59.57	41.02	-7.22	-3.67
2008-10-06T08:28:38	4638.11	-1560.60	-59.88	43.50	-7.43	-3.66
2008-10-06T08:28:40	4631.21	-1550.78	-60.19	46.06	-7.46	-3.71
2008-10-06T08:28:42	4624.31	-1540.95	-60.49	48.46	-7.14	-3.79
2008-10-06T08:28:44	4617.40	-1531.12	-60.80	50.61	-6.74	-3.77
2008-10-06T08:28:46	4610.49	-1521.30	-61.11	52.62	-6.39	-3.64
2008-10-06T08:28:48	4603.58	-1511.47	-61.42	54.49	-6.11	-3.38
2008-10-06T08:28:50	4596.66	-1501.63	-61.73	56.22	-5.88	-3.01
2008-10-06T08:28:52	4589.74	-1491.80	-62.04	57.90	-5.74	-2.56
2008-10-06T08:28:54	4582.82	-1481.97	-62.35	60.04	-6.06	-2.42
2008-10-06T08:28:56	4575.90	-1472.13	-62.65	62.27	-6.49	-2.35
2008-10-06T08:28:58	4568.97	-1462.30	-62.96	64.51	-6.94	-2.28
2008-10-06T08:29:00	4562.03	-1452.46	-63.27	66.77	-7.42	-2.20
2008-10-06T08:29:02	4555.09	-1442.62	-63.58	69.05	-7.91	-2.12
2008-10-06T08:29:04	4548.15	-1432.78	-63.89	71.36	-8.42	-2.04
2008-10-06T08:29:06	4541.21	-1422.94	-64.20	73.34	-8.47	-2.79
2008-10-06T08:29:08	4534.26	-1413.10	-64.51	75.29	-8.54	-3.47
2008-10-06T08:29:10	4527.31	-1403.26	-64.82	76.92	-8.48	-4.55
2008-10-06T08:29:12	4520.35	-1393.41	-65.12	78.55	-8.51	-5.35
2008-10-06T08:29:14	4513.39	-1383.57	-65.43	80.19	-8.63	-5.88
2008-10-06T08:29:16	4506.43	-1373.72	-65.74	81.58	-8.70	-6.13
2008-10-06T08:29:18	4499.46	-1363.87	-66.05	81.77	-8.23	-6.24
2008-10-06T08:29:20	4492.50	-1354.02	-66.36	82.06	-7.80	-6.35
2008-10-06T08:29:22	4485.52	-1344.17	-66.67	82.43	-7.42	-6.45
2008-10-06T08:29:24	4478.54	-1334.32	-66.97	82.90	-7.07	-6.53
2008-10-06T08:29:26	4471.56	-1324.47	-67.28	83.64	-6.67	-6.73
2008-10-06T08:29:28	4464.58	-1314.61	-67.59	84.48	-6.11	-6.71
2008-10-06T08:29:30	4457.58	-1304.76	-67.90	84.95	-5.31	-6.23
2008-10-06T08:29:32	4450.59	-1294.90	-68.21	85.27	-4.53	-5.67
2008-10-06T08:29:34	4443.59	-1285.04	-68.51	85.44	-3.76	-5.03
2008-10-06T08:29:36	4436.59	-1275.19	-68.82	85.46	-3.02	-4.31
2008-10-06T08:29:38	4429.59	-1265.33	-69.13	85.35	-2.29	-3.50
2008-10-06T08:29:40	4422.58	-1255.47	-69.44	85.20	-1.93	-2.83
2008-10-06T08:29:42	4415.57	-1245.60	-69.74	85.10	-1.90	-2.47
2008-10-06T08:29:44	4408.55	-1235.74	-70.05	84.95	-1.87	-2.20
2008-10-06T08:29:46	4401.53	-1225.88	-70.36	84.73	-1.80	-1.96
2008-10-06T08:29:48	4394.50	-1216.01	-70.66	84.44	-1.69	-1.73
2008-10-06T08:29:50	4387.47	-1206.14	-70.97	84.08	-1.55	-1.52
2008-10-06T08:29:52	4380.44	-1196.28	-71.28	83.51	-1.39	-1.42
2008-10-06T08:29:54	4373.40	-1186.41	-71.59	82.93	-1.24	-1.31
2008-10-06T08:29:56	4366.36	-1176.54	-71.89	82.41	-1.09	-1.16
2008-10-06T08:29:58	4359.32	-1166.66	-72.20	81.94	-0.99	-0.96
2008-10-06T08:30:00	4352.26	-1156.79	-72.51	81.50	-0.96	-0.73
2008-10-06T08:30:02	4345.21	-1146.92	-72.81	81.10	-0.97	-0.47
2008-10-06T08:30:04	4338.15	-1137.04	-73.12	81.35	-0.96	-0.30
2008-10-06T08:30:06	4331.09	-1127.17	-73.43	81.62	-0.92	-0.12
2008-10-06T08:30:08	4324.02	-1117.29	-73.73	81.89	-0.84	0.07
2008-10-06T08:30:10	4316.95	-1107.41	-74.04	82.15	-0.74	0.26
2008-10-06T08:30:12	4309.88	-1097.53	-74.35	82.41	-0.60	0.47
2008-10-06T08:30:14	4302.80	-1087.65	-74.65	82.64	-0.50	0.70
2008-10-06T08:30:16	4295.72	-1077.77	-74.96	82.90	-0.56	0.96
2008-10-06T08:30:18	4288.63	-1067.89	-75.27	83.16	-0.61	1.19
2008-10-06T08:30:20	4281.54	-1058.00	-75.57	83.44	-0.65	1.39
2008-10-06T08:30:22	4274.44	-1048.12	-75.88	83.72	-0.68	1.56
2008-10-06T08:30:24	4267.34	-1038.23	-76.18	84.01	-0.70	1.71
2008-10-06T08:30:26	4260.23	-1028.35	-76.49	84.17	-0.71	1.83
2008-10-06T08:30:28	4253.12	-1018.46	-76.80	84.13	-0.70	1.93
2008-10-06T08:30:30	4246.01	-1008.57	-77.10	84.08	-0.67	2.05
2008-10-06T08:30:32	4238.89	-998.68	-77.41	84.03	-0.64	2.19
2008-10-06T08:30:34	4231.77	-988.79	-77.71	83.98	-0.61	2.33
2008-10-06T08:30:36	4224.64	-978.89	-78.02	83.94	-0.59	2.47
2008-10-06T08:30:38	4217.51	-969.00	-78.32	83.87	-0.65	2.58
2008-10-06T08:30:40	4210.37	-959.11	-78.63	83.79	-0.76	2.69
2008-10-06T08:30:42	4203.23	-949.21	-78.93	83.71	-0.88	2.81
2008-10-06T08:30:44	4196.09	-939.31	-79.24	83.63	-0.99	2.93
2008-10-06T08:30:46	4188.93	-929.41	-79.54	83.54	-1.11	3.05
2008-10-06T08:30:48	4181.78	-919.51	-79.85	83.44	-1.22	3.19
2008-10-06T08:30:50	4174.62	-909.61	-80.15	83.35	-1.28	3.37
2008-10-06T08:30:52	4167.45	-899.71	-80.46	83.28	-1.33	3.56
2008-10-06T08:30:54	4160.29	-889.81	-80.76	83.20	-1.38	3.75
2008-10-06T08:30:56	4153.11	-879.91	-81.07	83.11	-1.44	3.96
2008-10-06T08:30:58	4145.93	-870.00	-81.37	83.03	-1.50	4.17
2008-10-06T08:31:00	4138.75	-860.10	-81.68	82.95	-1.56	4.38
2008-10-06T08:31:02	4131.56	-850.19	-81.98	82.90	-1.57	4.55
2008-10-06T08:31:04	4124.37	-840.28	-82.29	82.86	-1.56	4.73
2008-10-06T08:31:06	4117.17	-830.38	-82.59	82.83	-1.55	4.91
2008-10-06T08:31:08	4109.97	-820.47	-82.89	82.80	-1.53	5.10
2008-10-06T08:31:10	4102.76	-810.56	-83.20	82.78	-1.51	5.29
2008-10-06T08:31:12	4095.55	-800.64	-83.50	82.76	-1.50	5.47
2008-10-06T08:31:14	4088.33	-790.73	-83.81	82.74	-1.50	5.62
2008-10-06T08:31:16	4081.11	-780.82	-84.11	82.72	-1.50	5.77
2008-10-06T08:31:18	4073.88	-770.90	-84.41	82.70	-1.50	5.93
2008-10-06T08:31:20	4066.65	-760.99	-84.72	82.69	-1.51	6.08
2008-10-06T08:31:22	4059.41	-751.07	-85.02	82.67	-1.51	6.24
2008-10-06T08:31:24	4052.17	-741.15	-85.32	82.66	-1.52	6.39
2008-10-06T08:31:26	4044.92	-731.24	-85.63	82.65	-1.54	6.55
2008-10-06T08:31:28	4037.67	-721.32	-85.93	82.63	-1.54	6.70
2008-10-06T08:31:30	4030.41	-711.40	-86.23	82.61	-1.55	6.85
2008-10-06T08:31:32	4023.15	-701.48	-86.54	82.59	-1.55	7.01
2008-10-06T08:31:34	4015.88	-691.55	-86.84	82.57	-1.56	7.17
2008-10-06T08:31:36	4008.61	-681.63	-87.14	82.55	-1.58	7.32
2008-10-06T08:31:38	4001.33	-671.71	-87.44	82.54	-1.61	7.46
2008-10-06T08:31:40	3994.05	-661.78	-87.74	82.52	-1.62	7.60
2008-10-06T08:31:42	3986.76	-651.86	-88.05	82.50	-1.64	7.74
2008-10-06T08:31:44	3979.47	-641.93	-88.35	82.48	-1.64	7.88
2008-10-06T08:31:46	3972.17	-632.00	-88.65	82.47	-1.65	8.02
2008-10-06T08:31:48	3964.86	-622.07	-88.96	82.44	-1.65	8.18
2008-10-06T08:31:50	3957.55	-612.14	-89.26	82.42	-1.66	8.34
2008-10-06T08:31:52	3950.24	-602.21	-89.56	82.41	-1.67	8.51
2008-10-06T08:31:54	3942.92	-592.28	-89.86	82.41	-1.68	8.68
2008-10-06T08:31:56	3935.59	-582.35	-90.16	82.41	-1.69	8.85
2008-10-06T08:31:58	3928.26	-572.42	-90.46	82.41	-1.70	9.03
2008-10-06T08:32:00	3920.92	-562.48	-90.76	82.42	-1.70	9.20
2008-10-06T08:32:02	3913.58	-552.55	-91.06	82.42	-1.71	9.36
2008-10-06T08:32:04	3906.23	-542.61	-91.37	82.43	-1.71	9.53
2008-10-06T08:32:06	3898.88	-532.68	-91.67	82.43	-1.70	9.70
2008-10-06T08:32:08	3891.52	-522.74	-91.97	82.44	-1.69	9.87
2008-10-06T08:32:10	3884.15	-512.80	-92.27	82.47	-1.68	10.04
2008-10-06T08:32:12	3876.78	-502.86	-92.57	82.50	-1.66	10.21
2008-10-06T08:32:14	3869.40	-492.92	-92.87	82.54	-1.64	10.37
2008-10-06T08:32:16	3862.02	-482.98	-93.17	82.58	-1.62	10.54
2008-10-06T08:32:18	3854.63	-473.04	-93.47	82.62	-1.60	10.71
2008-10-06T08:32:20	3847.24	-463.10	-93.77	82.66	-1.58	10.87
2008-10-06T08:32:22	3839.84	-453.16	-94.07	82.69	-1.56	11.01
2008-10-06T08:32:24	3832.44	-443.22	-94.37	82.73	-1.53	11.14
2008-10-06T08:32:26	3825.03	-433.27	-94.67	82.77	-1.51	11.28
2008-10-06T08:32:28	3817.61	-423.33	-94.96	82.82	-1.49	11.42
2008-10-06T08:32:30	3810.19	-413.38	-95.26	82.88	-1.46	11.57
2008-10-06T08:32:32	3802.76	-403.44	-95.56	82.95	-1.44	11.72
2008-10-06T08:32:34	3795.32	-393.49	-95.86	82.99	-1.43	11.84
2008-10-06T08:32:36	3787.88	-383.54	-96.16	83.01	-1.42	11.97
2008-10-06T08:32:38	3780.44	-373.60	-96.46	83.01	-1.42	12.10
2008-10-06T08:32:40	3772.98	-363.65	-96.76	83.01	-1.42	12.23
2008-10-06T08:32:42	3765.53	-353.70	-97.06	83.00	-1.42	12.37
2008-10-06T08:32:44	3758.06	-343.75	-97.35	83.00	-1.41	12.52
2008-10-06T08:32:46	3750.59	-333.80	-97.65	83.00	-1.39	12.67
2008-10-06T08:32:48	3743.11	-323.85	-97.95	83.00	-1.37	12.83
2008-10-06T08:32:50	3735.63	-313.90	-98.25	83.00	-1.35	12.99
2008-10-06T08:32:52	3728.14	-303.94	-98.54	83.01	-1.34	13.15
2008-10-06T08:32:54	3720.64	-293.99	-98.84	83.02	-1.33	13.30
2008-10-06T08:32:56	3713.14	-284.04	-99.14	83.04	-1.31	13.43
2008-10-06T08:32:58	3705.64	-274.09	-99.43	83.06	-1.29	13.56
2008-10-06T08:33:00	3698.12	-264.13	-99.73	83.06	-1.28	13.70
2008-10-06T08:33:02	3690.60	-254.18	-100.03	83.06	-1.26	13.83
2008-10-06T08:33:04	3683.07	-244.22	-100.32	83.04	-1.25	13.98
2008-10-06T08:33:06	3675.54	-234.27	-100.62	83.01	-1.24	14.13
2008-10-06T08:33:08	3668.00	-224.31	-100.92	83.00	-1.23	14.30
2008-10-06T08:33:10	3660.45	-214.35	-101.21	83.00	-1.21	14.47
2008-10-06T08:33:12	3652.90	-204.40	-101.51	83.00	-1.19	14.63
2008-10-06T08:33:14	3645.34	-194.44	-101.80	83.00	-1.17	14.79
2008-10-06T08:33:16	3637.77	-184.48	-102.10	83.01	-1.14	14.95
2008-10-06T08:33:18	3630.20	-174.53	-102.39	83.02	-1.11	15.10
2008-10-06T08:33:20	3622.62	-164.57	-102.69	83.03	-1.07	15.24
2008-10-06T08:33:22	3615.04	-154.61	-102.98	82.99	-1.03	15.39
2008-10-06T08:33:24	3607.44	-144.65	-103.28	82.93	-0.99	15.54
2008-10-06T08:33:26	3599.84	-134.69	-103.57	82.87	-0.96	15.71
2008-10-06T08:33:28	3592.24	-124.73	-103.87	82.80	-0.93	15.88
2008-10-06T08:33:30	3584.63	-114.77	-104.16	82.73	-0.89	16.06
2008-10-06T08:33:32	3577.01	-104.81	-104.45	82.63	-0.84	16.23
2008-10-06T08:33:34	3569.38	-94.85	-104.75	82.53	-0.79	16.41
2008-10-06T08:33:36	3561.75	-84.89	-105.04	82.44	-0.74	16.57
2008-10-06T08:33:38	3554.11	-74.93	-105.33	82.40	-0.71	16.75
2008-10-06T08:33:40	3546.46	-64.97	-105.63	82.37	-0.69	16.93
2008-10-06T08:33:42	3538.81	-55.01	-105.92	82.35	-0.72	17.10
2008-10-06T08:33:44	3531.14	-45.05	-106.21	82.34	-0.78	17.29
2008-10-06T08:33:46	3523.48	-35.09	-106.50	82.33	-0.84	17.48
2008-10-06T08:33:48	3515.80	-25.12	-106.80	82.30	-0.90	17.66
2008-10-06T08:33:50	3508.12	-15.16	-107.09	82.27	-0.96	17.85
2008-10-06T08:33:52	3500.43	-5.20	-107.38	82.22	-0.99	18.05
2008-10-06T08:33:54	3492.73	4.76	-107.67	82.19	-0.97	18.23
2008-10-06T08:33:56	3485.03	14.72	-107.96	82.17	-0.94	18.38
2008-10-06T08:33:58	3477.32	24.68	-108.25	82.16	-0.90	18.53
2008-10-06T08:34:00	3469.60	34.64	-108.54	82.15	-0.85	18.68
2008-10-06T08:34:02	3461.87	44.61	-108.83	82.15	-0.80	18.82
2008-10-06T08:34:04	3454.14	54.57	-109.12	82.14	-0.73	18.95
2008-10-06T08:34:06	3446.40	64.53	-109.41	82.04	-0.69	19.11
2008-10-06T08:34:08	3438.66	74.49	-109.70	81.94	-0.66	19.33
2008-10-06T08:34:10	3430.90	84.45	-110.00	81.88	-0.64	19.55
2008-10-06T08:34:12	3423.14	94.41	-110.28	81.84	-0.61	19.75
2008-10-06T08:34:14	3415.37	104.37	-110.57	81.84	-0.57	19.93
2008-10-06T08:34:16	3407.59	114.33	-110.86	81.89	-0.53	20.12
2008-10-06T08:34:18	3399.81	124.29	-111.15	81.99	-0.48	20.30
2008-10-06T08:34:20	3392.01	134.25	-111.44	82.09	-0.43	20.47
2008-10-06T08:34:22	3384.22	144.21	-111.73	82.04	-0.33	20.68
2008-10-06T08:34:24	3376.41	154.17	-112.01	81.99	-0.22	20.91
2008-10-06T08:34:26	3368.59	164.13	-112.30	81.95	-0.11	21.14
2008-10-06T08:34:28	3360.77	174.09	-112.59	81.89	0.01	21.37
2008-10-06T08:34:30	3352.94	184.05	-112.88	81.81	0.12	21.61
2008-10-06T08:34:32	3345.10	194.01	-113.16	81.73	0.22	21.84
2008-10-06T08:34:34	3337.26	203.96	-113.45	81.65	0.32	22.09
2008-10-06T08:34:36	3329.40	213.92	-113.74	81.63	0.44	22.36
2008-10-06T08:34:38	3321.54	223.88	-114.02	81.66	0.60	22.66
2008-10-06T08:34:40	3313.67	233.83	-114.31	81.64	0.84	22.90
2008-10-06T08:34:42	3305.79	243.79	-114.59	81.59	1.09	23.11
2008-10-06T08:34:44	3297.91	253.75	-114.88	81.52	1.32	23.32
2008-10-06T08:34:46	3290.02	263.70	-115.16	81.43	1.53	23.53
2008-10-06T08:34:48	3282.11	273.65	-115.45	81.31	1.72	23.74
2008-10-06T08:34:50	3274.20	283.61	-115.73	81.15	1.87	23.96
2008-10-06T08:34:52	3266.29	293.56	-116.02	80.92	2.00	24.17
2008-10-06T08:34:54	3258.36	303.51	-116.30	80.74	2.15	24.36
2008-10-06T08:34:56	3250.43	313.46	-116.58	80.61	2.31	24.53
2008-10-06T08:34:58	3242.49	323.41	-116.87	80.54	2.49	24.69
2008-10-06T08:35:00	3234.53	333.36	-117.15	80.53	2.69	24.83
2008-10-06T08:35:02	3226.58	343.31	-117.43	80.54	2.91	24.98
2008-10-06T08:35:04	3218.61	353.26	-117.71	80.53	3.13	25.19
2008-10-06T08:35:06	3210.63	363.21	-118.00	80.24	3.34	25.41
2008-10-06T08:35:08	3202.65	373.15	-118.28	79.95	3.54	25.67
2008-10-06T08:35:10	3194.66	383.10	-118.56	79.68	3.76	25.98
2008-10-06T08:35:12	3186.66	393.04	-118.84	79.41	3.97	26.33
2008-10-06T08:35:14	3178.65	402.99	-119.12	79.17	4.13	26.70
2008-10-06T08:35:16	3170.64	412.93	-119.40	78.97	4.22	27.06
2008-10-06T08:35:18	3162.61	422.87	-119.68	78.80	4.29	27.42
2008-10-06T08:35:20	3154.58	432.81	-119.96	78.78	4.37	27.73
2008-10-06T08:35:22	3146.54	442.75	-120.24	78.71	4.48	28.03
2008-10-06T08:35:24	3138.48	452.69	-120.52	78.58	4.61	28.32
2008-10-06T08:35:26	3130.42	462.62	-120.80	78.36	4.77	28.52
2008-10-06T08:35:28	3122.36	472.56	-121.08	78.13	4.92	28.70
2008-10-06T08:35:30	3114.28	482.49	-121.35	77.93	5.07	28.90
2008-10-06T08:35:32	3106.19	492.42	-121.63	77.74	5.21	29.10
2008-10-06T08:35:34	3098.10	502.35	-121.91	77.56	5.36	29.44
2008-10-06T08:35:36	3090.00	512.29	-122.19	77.38	5.54	29.81
2008-10-06T08:35:38	3081.88	522.21	-122.46	77.21	5.82	30.22
2008-10-06T08:35:40	3073.76	532.14	-122.74	77.04	6.09	30.63
2008-10-06T08:35:42	3065.63	542.07	-123.02	76.87	6.35	31.03
2008-10-06T08:35:44	3057.50	551.99	-123.29	76.70	6.60	31.42
2008-10-06T08:35:46	3049.35	561.91	-123.57	76.53	6.84	31.79
2008-10-06T08:35:48	3041.19	571.83	-123.84	76.52	7.12	32.33
2008-10-06T08:35:50	3033.02	581.75	-124.12	76.46	7.42	32.94
2008-10-06T08:35:52	3024.85	591.67	-124.39	76.35	7.67	33.50
2008-10-06T08:35:54	3016.67	601.58	-124.66	76.18	7.88	34.03
2008-10-06T08:35:56	3008.48	611.50	-124.94	75.96	8.05	34.52
2008-10-06T08:35:58	3000.28	621.41	-125.21	75.70	8.18	34.97
2008-10-06T08:36:00	2992.06	631.32	-125.48	75.48	8.35	35.41
2008-10-06T08:36:02	2983.84	641.23	-125.76	75.58	8.78	36.03
2008-10-06T08:36:04	2975.61	651.14	-126.03	75.72	9.24	36.65
2008-10-06T08:36:06	2967.38	661.04	-126.30	75.85	9.65	37.19
2008-10-06T08:36:08	2959.13	670.94	-126.57	75.96	10.02	37.68
2008-10-06T08:36:10	2950.87	680.84	-126.84	76.05	10.35	38.09
2008-10-06T08:36:12	2942.61	690.74	-127.11	76.30	10.65	38.68
2008-10-06T08:36:14	2934.33	700.64	-127.38	76.54	10.88	39.31
2008-10-06T08:36:16	2926.05	710.53	-127.65	76.79	11.04	40.31
2008-10-06T08:36:18	2917.75	720.42	-127.92	77.07	11.17	41.26
2008-10-06T08:36:20	2909.45	730.31	-128.19	77.38	11.29	42.11
2008-10-06T08:36:22	2901.14	740.20	-128.46	77.72	11.39	42.86
2008-10-06T08:36:24	2892.81	750.08	-128.72	77.66	11.72	43.56
2008-10-06T08:36:26	2884.48	759.96	-128.99	77.54	12.11	44.15
2008-10-06T08:36:28	2876.14	769.84	-129.26	77.37	12.56	44.62
2008-10-06T08:36:30	2867.79	779.72	-129.52	76.92	13.12	45.05
2008-10-06T08:36:32	2859.43	789.59	-129.79	76.43	13.68	45.51
2008-10-06T08:36:34	2851.06	799.47	-130.06	75.94	14.20	46.07
2008-10-06T08:36:36	2842.68	809.34	-130.32	75.72	14.44	46.91
2008-10-06T08:36:38	2834.29	819.20	-130.59	75.56	14.66	47.74
2008-10-06T08:36:40	2825.89	829.07	-130.85	75.46	14.84	48.59
2008-10-06T08:36:42	2817.48	838.93	-131.11	75.44	14.99	49.37
2008-10-06T08:36:44	2809.06	848.78	-131.38	75.42	15.05	49.74
2008-10-06T08:36:46	2800.63	858.64	-131.64	75.37	15.17	49.99
2008-10-06T08:36:48	2792.20	868.49	-131.90	75.45	15.39	50.20
2008-10-06T08:36:50	2783.75	878.34	-132.17	75.43	15.62	50.51
2008-10-06T08:36:52	2775.29	888.18	-132.43	75.29	15.85	50.91
2008-10-06T08:36:54	2766.82	898.03	-132.69	75.05	16.08	51.38
2008-10-06T08:36:56	2758.35	907.87	-132.95	74.98	16.28	51.85
2008-10-06T08:36:58	2749.86	917.70	-133.21	75.68	16.35	52.06
2008-10-06T08:37:00	2741.36	927.54	-133.47	76.50	16.31	52.25
2008-10-06T08:37:02	2732.86	937.37	-133.73	77.19	16.21	52.52
2008-10-06T08:37:04	2724.34	947.19	-133.99	77.74	16.06	52.88
2008-10-06T08:37:06	2715.82	957.02	-134.24	78.14	15.85	53.32
2008-10-06T08:37:08	2707.28	966.84	-134.50	78.41	15.60	53.85
2008-10-06T08:37:10	2698.73	976.65	-134.76	78.18	15.57	53.96
2008-10-06T08:37:12	2690.17	986.47	-135.01	77.84	15.55	53.78
2008-10-06T08:37:14	2681.61	996.27	-135.27	77.55	15.43	53.48
2008-10-06T08:37:16	2673.03	1006.08	-135.53	77.30	15.21	53.07
2008-10-06T08:37:18	2664.45	1015.88	-135.78	77.09	14.89	52.54
2008-10-06T08:37:20	2655.85	1025.68	-136.04	76.92	14.48	51.90
2008-10-06T08:37:22	2647.24	1035.47	-136.29	76.54	14.84	51.83
2008-10-06T08:37:24	2638.63	1045.26	-136.54	75.64	15.69	52.30
2008-10-06T08:37:26	2630.00	1055.05	-136.80	74.83	16.38	52.69
2008-10-06T08:37:28	2621.36	1064.83	-137.05	74.12	16.89	53.01
2008-10-06T08:37:30	2612.71	1074.61	-137.30	73.50	17.25	53.26
2008-10-06T08:37:32	2604.06	1084.38	-137.56	72.95	17.41	53.43
2008-10-06T08:37:34	2595.39	1094.15	-137.81	72.12	17.23	53.47
2008-10-06T08:37:36	2586.71	1103.91	-138.06	71.19	17.10	53.49
2008-10-06T08:37:38	2578.02	1113.67	-138.31	70.32	17.08	53.75
2008-10-06T08:37:40	2569.32	1123.43	-138.56	69.61	17.07	53.96
2008-10-06T08:37:42	2560.62	1133.18	-138.80	69.07	17.05	54.11
2008-10-06T08:37:44	2551.90	1142.93	-139.05	68.64	17.10	54.27
2008-10-06T08:37:46	2543.17	1152.67	-139.30	68.02	17.38	54.52
2008-10-06T08:37:48	2534.43	1162.41	-139.55	67.26	17.65	54.49
2008-10-06T08:37:50	2525.68	1172.14	-139.79	66.05	17.96	54.35
2008-10-06T08:37:52	2516.93	1181.87	-140.04	64.80	18.17	54.15
2008-10-06T08:37:54	2508.15	1191.60	-140.29	63.58	18.27	53.90
2008-10-06T08:37:56	2499.37	1201.31	-140.53	62.69	18.18	53.72
2008-10-06T08:37:58	2490.59	1211.03	-140.78	62.45	17.97	53.73
2008-10-06T08:38:00	2481.79	1220.74	-141.02	62.32	17.82	53.67
2008-10-06T08:38:02	2472.97	1230.44	-141.26	62.41	17.84	53.96
2008-10-06T08:38:04	2464.16	1240.14	-141.50	62.77	18.17	55.18
2008-10-06T08:38:06	2455.32	1249.83	-141.75	62.98	18.64	56.40
2008-10-06T08:38:08	2446.48	1259.52	-141.99	62.86	19.10	57.84
2008-10-06T08:38:10	2437.63	1269.21	-142.23	62.47	19.45	59.45
2008-10-06T08:38:12	2428.77	1278.88	-142.47	62.09	19.78	60.89
2008-10-06T08:38:14	2419.90	1288.56	-142.71	61.71	20.11	62.16
2008-10-06T08:38:16	2411.02	1298.22	-142.94	61.25	20.02	62.74
2008-10-06T08:38:18	2402.12	1307.89	-143.18	60.66	19.72	62.92
2008-10-06T08:38:20	2393.22	1317.54	-143.42	60.17	19.56	62.69
2008-10-06T08:38:22	2384.31	1327.19	-143.66	59.89	19.86	62.36
2008-10-06T08:38:24	2375.38	1336.84	-143.90	59.66	20.48	62.11
2008-10-06T08:38:26	2366.45	1346.48	-144.13	59.47	21.43	61.94
2008-10-06T08:38:28	2357.51	1356.11	-144.37	59.65	22.72	62.36
2008-10-06T08:38:30	2348.55	1365.74	-144.60	60.36	24.13	63.45
2008-10-06T08:38:32	2339.59	1375.36	-144.84	61.05	24.90	64.70
2008-10-06T08:38:34	2330.61	1384.98	-145.07	61.45	25.23	65.85
2008-10-06T08:38:36	2321.63	1394.58	-145.30	61.60	25.54	66.69
2008-10-06T08:38:38	2312.63	1404.19	-145.53	61.51	25.81	67.23
2008-10-06T08:38:40	2303.63	1413.78	-145.77	61.15	26.05	67.45
2008-10-06T08:38:42	2294.61	1423.38	-145.99	60.37	26.13	67.11
2008-10-06T08:38:44	2285.59	1432.96	-146.22	59.92	26.13	67.30
2008-10-06T08:38:46	2276.55	1442.54	-146.46	59.65	26.26	67.92
2008-10-06T08:38:48	2267.51	1452.11	-146.68	59.35	26.62	68.61
2008-10-06T08:38:50	2258.45	1461.67	-146.91	59.02	27.20	69.36
2008-10-06T08:38:52	2249.38	1471.23	-147.14	58.67	28.02	70.19
2008-10-06T08:38:54	2240.31	1480.79	-147.37	58.64	28.94	71.38
2008-10-06T08:38:56	2231.22	1490.33	-147.59	58.43	29.34	72.06
2008-10-06T08:38:58	2222.13	1499.87	-147.82	58.18	29.50	72.56
2008-10-06T08:39:00	2213.02	1509.40	-148.04	58.00	29.72	73.10
2008-10-06T08:39:02	2203.90	1518.93	-148.27	57.89	30.01	73.68
2008-10-06T08:39:04	2194.78	1528.45	-148.49	57.84	30.38	74.30
2008-10-06T08:39:06	2185.64	1537.96	-148.71	57.68	30.68	74.92
2008-10-06T08:39:08	2176.49	1547.46	-148.94	56.68	31.07	74.95
2008-10-06T08:39:10	2167.33	1556.96	-149.15	55.42	31.30	74.85
2008-10-06T08:39:12	2158.17	1566.45	-149.38	54.17	31.27	74.96
2008-10-06T08:39:14	2148.99	1575.93	-149.60	52.94	30.97	75.29
2008-10-06T08:39:16	2139.80	1585.41	-149.82	51.72	30.42	75.84
2008-10-06T08:39:18	2130.61	1594.87	-150.03	50.65	29.89	76.58
2008-10-06T08:39:20	2121.40	1604.33	-150.25	50.74	30.83	77.36
2008-10-06T08:39:22	2112.19	1613.79	-150.47	51.03	31.93	78.03
2008-10-06T08:39:24	2102.96	1623.23	-150.68	51.09	32.90	78.52
2008-10-06T08:39:26	2093.72	1632.67	-150.90	50.93	33.73	78.82
2008-10-06T08:39:28	2084.48	1642.10	-151.12	50.53	34.41	78.92
2008-10-06T08:39:30	2075.22	1651.52	-151.33	49.91	34.94	78.86
2008-10-06T08:39:32	2065.96	1660.94	-151.54	49.88	35.07	80.23
2008-10-06T08:39:34	2056.69	1670.35	-151.76	49.97	35.22	81.54
2008-10-06T08:39:36	2047.40	1679.75	-151.97	49.84	35.48	82.35
2008-10-06T08:39:38	2038.11	1689.14	-152.18	49.50	35.85	82.67
2008-10-06T08:39:40	2028.80	1698.52	-152.39	48.96	36.33	82.49
2008-10-06T08:39:42	2019.49	1707.90	-152.60	48.20	36.93	81.84
2008-10-06T08:39:44	2010.17	1717.27	-152.81	48.71	37.32	82.18
2008-10-06T08:39:46	2000.83	1726.63	-153.02	49.60	37.88	83.11
2008-10-06T08:39:48	1991.49	1735.98	-153.23	50.41	38.67	83.88
2008-10-06T08:39:50	1982.14	1745.32	-153.43	51.14	39.70	84.49
2008-10-06T08:39:52	1972.78	1754.66	-153.64	51.80	40.96	84.94
2008-10-06T08:39:54	1963.41	1763.98	-153.85	52.40	42.45	85.24
2008-10-06T08:39:56	1954.03	1773.30	-154.05	52.61	42.82	85.54
2008-10-06T08:39:58	1944.65	1782.61	-154.26	52.48	42.48	86.08
2008-10-06T08:40:00	1935.25	1791.91	-154.46	52.04	42.30	86.65
2008-10-06T08:40:02	1925.84	1801.20	-154.66	51.29	42.27	87.23
2008-10-06T08:40:04	1916.42	1810.49	-154.86	50.22	42.40	87.84
2008-10-06T08:40:06	1907.00	1819.76	-155.06	48.84	42.69	88.48
2008-10-06T08:40:08	1897.57	1829.03	-155.27	48.35	43.14	89.46
2008-10-06T08:40:10	1888.12	1838.29	-155.46	49.05	43.34	90.41
2008-10-06T08:40:12	1878.67	1847.54	-155.66	49.69	43.47	91.09
2008-10-06T08:40:14	1869.21	1856.78	-155.86	50.24	43.50	91.48
2008-10-06T08:40:16	1859.74	1866.01	-156.06	50.73	43.45	91.60
2008-10-06T08:40:18	1850.26	1875.24	-156.26	51.13	43.30	91.45
2008-10-06T08:40:20	1840.77	1884.45	-156.45	50.99	43.44	91.54
2008-10-06T08:40:22	1831.28	1893.65	-156.65	49.73	44.08	92.52
2008-10-06T08:40:24	1821.77	1902.85	-156.84	48.59	44.74	93.46
2008-10-06T08:40:26	1812.25	1912.04	-157.04	47.58	45.39	94.36
2008-10-06T08:40:28	1802.73	1921.21	-157.23	46.71	46.05	95.22
2008-10-06T08:40:30	1793.20	1930.38	-157.42	45.97	46.70	96.05
2008-10-06T08:40:32	1783.66	1939.54	-157.61	45.40	47.12	96.65
2008-10-06T08:40:34	1774.11	1948.69	-157.80	45.30	47.11	97.00
2008-10-06T08:40:36	1764.56	1957.83	-157.99	45.38	46.99	97.30
2008-10-06T08:40:38	1754.99	1966.96	-158.18	45.50	46.82	97.59
2008-10-06T08:40:40	1745.42	1976.09	-158.37	45.66	46.60	97.86
2008-10-06T08:40:42	1735.84	1985.20	-158.56	45.88	46.33	98.10
2008-10-06T08:40:44	1726.24	1994.30	-158.75	45.89	46.38	98.16
2008-10-06T08:40:46	1716.64	2003.40	-158.93	45.52	46.81	98.06
2008-10-06T08:40:48	1707.04	2012.48	-159.12	45.12	47.30	97.87
2008-10-06T08:40:50	1697.43	2021.55	-159.30	44.90	47.66	97.65
2008-10-06T08:40:52	1687.80	2030.62	-159.49	44.87	47.87	97.38
2008-10-06T08:40:54	1678.17	2039.67	-159.67	45.02	47.95	97.06
2008-10-06T08:40:56	1668.53	2048.72	-159.85	44.85	47.93	97.24
2008-10-06T08:40:58	1658.89	2057.76	-160.03	44.38	48.02	97.83
2008-10-06T08:41:00	1649.23	2066.78	-160.22	43.79	48.29	98.69
2008-10-06T08:41:02	1639.57	2075.80	-160.40	43.31	48.48	99.60
2008-10-06T08:41:04	1629.90	2084.81	-160.57	42.94	48.59	100.59
2008-10-06T08:41:06	1620.22	2093.80	-160.75	42.69	48.62	101.64
2008-10-06T08:41:08	1610.54	2102.79	-160.93	42.47	48.57	102.05
2008-10-06T08:41:10	1600.84	2111.77	-161.11	41.93	48.56	102.11
2008-10-06T08:41:12	1591.14	2120.73	-161.28	41.15	48.49	101.79
2008-10-06T08:41:14	1581.44	2129.69	-161.46	40.60	48.39	101.71
2008-10-06T08:41:16	1571.72	2138.64	-161.64	40.29	48.27	101.94
2008-10-06T08:41:18	1562.00	2147.58	-161.81	40.23	48.14	102.50
2008-10-06T08:41:20	1552.27	2156.50	-161.98	40.51	48.29	102.75
2008-10-06T08:41:22	1542.53	2165.42	-162.16	40.74	48.43	102.91
2008-10-06T08:41:24	1532.79	2174.33	-162.33	40.83	48.83	102.95
2008-10-06T08:41:26	1523.04	2183.23	-162.50	40.82	49.41	102.79
2008-10-06T08:41:28	1513.28	2192.11	-162.67	40.83	49.78	102.50
2008-10-06T08:41:30	1503.51	2200.99	-162.84	40.83	49.94	102.10
2008-10-06T08:41:32	1493.74	2209.86	-163.01	40.46	50.56	102.28
2008-10-06T08:41:34	1483.97	2218.70	-163.18	40.31	51.23	102.66
2008-10-06T08:41:36	1474.18	2227.56	-163.34	40.34	51.94	103.21
2008-10-06T08:41:38	1464.38	2236.40	-163.51	39.69	52.29	103.97
2008-10-06T08:41:40	1454.58	2245.22	-163.68	39.16	52.33	104.64
2008-10-06T08:41:42	1444.78	2254.04	-163.84	38.63	51.99	105.19
2008-10-06T08:41:44	1434.97	2262.84	-164.00	37.53	51.31	105.45
2008-10-06T08:41:46	1425.15	2271.64	-164.17	36.45	50.88	105.63
2008-10-06T08:41:48	1415.32	2280.42	-164.33	35.38	50.68	105.71
2008-10-06T08:41:50	1405.49	2289.20	-164.49	34.51	50.73	105.65
2008-10-06T08:41:52	1395.65	2297.97	-164.65	34.07	50.73	105.49
2008-10-06T08:41:54	1385.81	2306.72	-164.81	34.05	50.73	105.31
2008-10-06T08:41:56	1375.96	2315.46	-164.97	34.28	51.06	105.10
2008-10-06T08:41:58	1366.10	2324.20	-165.13	34.47	51.46	104.87
2008-10-06T08:42:00	1356.24	2332.92	-165.29	34.62	51.93	104.61
2008-10-06T08:42:02	1346.37	2341.63	-165.45	34.72	52.47	104.34
2008-10-06T08:42:04	1336.50	2350.33	-165.61	34.14	52.61	104.53
2008-10-06T08:42:06	1326.62	2359.03	-165.76	33.46	52.38	104.73
2008-10-06T08:42:08	1316.73	2367.71	-165.92	32.90	52.14	104.99
2008-10-06T08:42:10	1306.84	2376.38	-166.07	32.47	51.98	105.26
2008-10-06T08:42:12	1296.94	2385.04	-166.23	32.16	51.88	105.52
2008-10-06T08:42:14	1287.04	2393.69	-166.38	31.98	51.86	105.80
2008-10-06T08:42:16	1277.13	2402.33	-166.53	32.00	52.11	105.95
2008-10-06T08:42:18	1267.21	2410.96	-166.68	31.80	52.14	105.70
2008-10-06T08:42:20	1257.29	2419.58	-166.84	31.52	51.98	105.35
2008-10-06T08:42:22	1247.37	2428.19	-166.98	31.26	51.82	104.97
2008-10-06T08:42:24	1237.44	2436.79	-167.13	31.03	51.66	104.55
2008-10-06T08:42:26	1227.50	2445.38	-167.28	30.82	51.50	104.11
2008-10-06T08:42:28	1217.56	2453.95	-167.43	30.64	51.34	103.64
2008-10-06T08:42:30	1207.61	2462.52	-167.58	30.34	51.14	104.37
2008-10-06T08:42:32	1197.66	2471.08	-167.73	29.96	50.79	105.03
2008-10-06T08:42:34	1187.70	2479.62	-167.87	29.55	50.34	105.54
2008-10-06T08:42:36	1177.74	2488.16	-168.02	29.11	49.80	105.89
2008-10-06T08:42:38	1167.78	2496.68	-168.16	28.64	49.17	106.09
2008-10-06T08:42:40	1157.81	2505.20	-168.30	28.26	48.56	106.03
2008-10-06T08:42:42	1147.83	2513.70	-168.45	28.36	48.27	105.75
2008-10-06T08:42:44	1137.85	2522.20	-168.59	28.61	48.72	105.97
2008-10-06T08:42:46	1127.86	2530.68	-168.73	28.63	48.96	106.10
2008-10-06T08:42:48	1117.87	2539.15	-168.87	28.41	48.99	106.12
2008-10-06T08:42:50	1107.88	2547.62	-169.01	27.97	48.81	106.04
2008-10-06T08:42:52	1097.88	2556.07	-169.15	27.28	48.64	105.95
2008-10-06T08:42:54	1087.88	2564.51	-169.29	26.67	48.51	105.86
2008-10-06T08:42:56	1077.87	2572.95	-169.43	26.35	48.32	105.82
2008-10-06T08:42:58	1067.86	2581.37	-169.57	26.24	48.25	105.99
2008-10-06T08:43:00	1057.84	2589.78	-169.70	26.13	48.23	106.15
2008-10-06T08:43:02	1047.82	2598.18	-169.84	26.01	48.25	106.31
2008-10-06T08:43:04	1037.79	2606.57	-169.98	25.74	48.24	106.31
2008-10-06T08:43:06	1027.76	2614.95	-170.11	25.51	48.15	106.20
2008-10-06T08:43:08	1017.73	2623.32	-170.25	25.34	47.99	106.01
2008-10-06T08:43:10	1007.70	2631.68	-170.38	25.17	47.74	105.80
2008-10-06T08:43:12	997.65	2640.03	-170.51	24.98	47.59	105.73
2008-10-06T08:43:14	987.61	2648.37	-170.64	24.83	47.60	105.85
2008-10-06T08:43:16	977.56	2656.70	-170.78	24.58	47.55	106.04
2008-10-06T08:43:18	967.51	2665.02	-170.91	24.22	47.39	106.07
2008-10-06T08:43:20	957.45	2673.33	-171.04	23.75	47.14	105.94
2008-10-06T08:43:22	947.39	2681.62	-171.17	23.16	46.78	105.65
2008-10-06T08:43:24	937.33	2689.91	-171.30	22.62	46.32	105.32
2008-10-06T08:43:26	927.26	2698.19	-171.42	22.27	45.80	105.23
2008-10-06T08:43:28	917.19	2706.46	-171.55	22.04	45.31	105.29
2008-10-06T08:43:30	907.12	2714.71	-171.68	21.78	44.80	105.31
2008-10-06T08:43:32	897.04	2722.96	-171.81	21.51	44.28	105.29
2008-10-06T08:43:34	886.96	2731.20	-171.93	21.21	43.74	105.23
2008-10-06T08:43:36	876.88	2739.43	-172.06	20.89	43.20	105.13
2008-10-06T08:43:38	866.79	2747.64	-172.18	20.98	43.44	105.19
2008-10-06T08:43:40	856.70	2755.85	-172.31	21.10	43.79	105.36
2008-10-06T08:43:42	846.61	2764.05	-172.43	21.03	43.94	105.56
2008-10-06T08:43:44	836.51	2772.24	-172.55	20.77	43.88	105.81
2008-10-06T08:43:46	826.42	2780.42	-172.67	20.33	43.61	106.09
2008-10-06T08:43:48	816.31	2788.58	-172.80	19.76	43.16	106.40
2008-10-06T08:43:50	806.21	2796.74	-172.92	19.60	42.94	106.52
2008-10-06T08:43:52	796.10	2804.89	-173.04	19.57	42.87	106.54
2008-10-06T08:43:54	785.99	2813.03	-173.15	19.48	42.77	106.50
2008-10-06T08:43:56	775.88	2821.15	-173.27	19.32	42.59	106.45
2008-10-06T08:43:58	765.76	2829.27	-173.39	19.07	42.32	106.40
2008-10-06T08:44:00	755.65	2837.38	-173.51	18.69	42.09	106.23
2008-10-06T08:44:02	745.52	2845.48	-173.63	18.23	42.04	106.01
2008-10-06T08:44:04	735.40	2853.57	-173.75	17.76	42.04	105.92
2008-10-06T08:44:06	725.27	2861.65	-173.86	17.43	42.21	105.70
2008-10-06T08:44:08	715.15	2869.72	-173.97	17.27	42.41	105.37
2008-10-06T08:44:10	705.02	2877.78	-174.09	17.22	42.56	105.05
2008-10-06T08:44:12	694.88	2885.83	-174.20	17.16	42.34	104.76
2008-10-06T08:44:14	684.75	2893.87	-174.32	17.01	42.07	104.61
2008-10-06T08:44:16	674.61	2901.90	-174.43	16.78	41.82	104.61
2008-10-06T08:44:18	664.47	2909.92	-174.54	16.49	41.61	104.77
2008-10-06T08:44:20	654.33	2917.93	-174.66	16.21	41.29	104.80
2008-10-06T08:44:22	644.18	2925.93	-174.76	16.03	40.85	104.52
2008-10-06T08:44:24	634.04	2933.93	-174.87	16.14	40.41	104.08
2008-10-06T08:44:26	623.89	2941.91	-174.99	16.16	39.99	103.74
2008-10-06T08:44:28	613.74	2949.88	-175.10	16.10	39.59	103.50
2008-10-06T08:44:30	603.59	2957.85	-175.20	15.95	39.21	103.35
2008-10-06T08:44:32	593.43	2965.80	-175.31	15.72	38.84	103.31
2008-10-06T08:44:34	583.28	2973.75	-175.42	15.38	38.52	103.26
2008-10-06T08:44:36	573.12	2981.68	-175.53	14.98	38.30	102.98
2008-10-06T08:44:38	562.96	2989.61	-175.64	14.62	38.11	102.47
2008-10-06T08:44:40	552.80	2997.53	-175.74	14.28	37.95	101.72
2008-10-06T08:44:42	542.63	3005.44	-175.85	13.98	37.82	100.73
2008-10-06T08:44:44	532.47	3013.34	-175.95	13.71	37.71	99.52
2008-10-06T08:44:46	522.30	3021.23	-176.06	13.21	37.27	98.65
2008-10-06T08:44:48	512.14	3029.11	-176.16	12.72	36.63	98.07
2008-10-06T08:44:50	501.97	3036.98	-176.27	12.18	36.08	98.47
2008-10-06T08:44:52	491.80	3044.84	-176.37	11.63	35.64	98.79
2008-10-06T08:44:54	481.62	3052.70	-176.47	11.06	35.31	99.04
2008-10-06T08:44:56	471.45	3060.54	-176.57	10.55	35.22	99.29
2008-10-06T08:44:58	461.28	3068.38	-176.67	10.26	35.46	99.64
2008-10-06T08:45:00	451.10	3076.20	-176.77	10.01	35.66	99.86
2008-10-06T08:45:02	440.92	3084.02	-176.88	9.81	35.81	99.95
2008-10-06T08:45:04	430.75	3091.83	-176.98	9.80	35.58	99.40
2008-10-06T08:45:06	420.57	3099.63	-177.07	9.70	35.03	98.55
2008-10-06T08:45:08	410.38	3107.42	-177.17	9.36	34.50	97.65
2008-10-06T08:45:10	400.20	3115.20	-177.27	8.83	34.06	96.92
2008-10-06T08:45:12	390.02	3122.98	-177.37	8.16	33.59	96.34
2008-10-06T08:45:14	379.83	3130.74	-177.47	7.34	33.08	95.93
2008-10-06T08:45:16	369.65	3138.50	-177.56	6.39	32.54	95.66
2008-10-06T08:45:18	359.46	3146.25	-177.66	5.73	32.33	95.72
2008-10-06T08:45:20	349.27	3153.98	-177.76	6.11	32.87	95.86
2008-10-06T08:45:22	339.09	3161.71	-177.85	6.35	33.42	95.91
2008-10-06T08:45:24	328.90	3169.44	-177.95	6.44	33.97	95.86
2008-10-06T08:45:26	318.71	3177.15	-178.04	6.39	34.51	95.71
2008-10-06T08:45:28	308.52	3184.85	-178.13	6.19	35.05	95.46
2008-10-06T08:45:30	298.32	3192.55	-178.23	6.01	35.23	95.04
2008-10-06T08:45:32	288.13	3200.24	-178.32	6.07	34.80	94.52
2008-10-06T08:45:34	277.94	3207.91	-178.41	6.27	34.13	94.10
2008-10-06T08:45:36	267.75	3215.59	-178.51	6.57	33.61	93.71
2008-10-06T08:45:38	257.55	3223.25	-178.60	6.98	33.26	93.38
2008-10-06T08:45:40	247.36	3230.90	-178.69	7.48	33.07	93.08
2008-10-06T08:45:42	237.16	3238.55	-178.78	7.32	32.84	92.57
2008-10-06T08:45:44	226.96	3246.19	-178.87	6.98	32.52	91.95
2008-10-06T08:45:46	216.77	3253.82	-178.96	6.62	32.12	91.29
2008-10-06T08:45:48	206.57	3261.44	-179.05	6.04	31.65	90.85
2008-10-06T08:45:50	196.37	3269.05	-179.14	5.27	30.98	90.62
2008-10-06T08:45:52	186.17	3276.65	-179.23	4.61	30.27	90.53
2008-10-06T08:45:54	175.98	3284.25	-179.31	4.68	30.30	90.52
2008-10-06T08:45:56	165.78	3291.84	-179.40	4.86	30.40	90.30
2008-10-06T08:45:58	155.57	3299.42	-179.49	5.16	30.56	89.89
2008-10-06T08:46:00	145.38	3306.99	-179.57	5.56	30.81	89.28
2008-10-06T08:46:02	135.18	3314.56	-179.66	6.08	31.12	88.50
2008-10-06T08:46:04	124.97	3322.11	-179.75	6.02	31.24	88.54
2008-10-06T08:46:06	114.78	3329.66	-179.83	5.52	31.19	88.89
2008-10-06T08:46:08	104.57	3337.21	-179.92	5.02	31.08	89.11
2008-10-06T08:46:10	94.37	3344.74	-180.00	4.50	30.89	89.18
2008-10-06T08:46:12	84.17	3352.26	-180.08	3.97	30.63	89.12
2008-10-06T08:46:14	73.97	3359.78	-180.17	3.43	30.30	88.91
2008-10-06T08:46:16	63.77	3367.29	-180.25	3.00	30.02	89.42
2008-10-06T08:46:18	53.57	3374.79	-180.34	2.81	29.91	89.87
2008-10-06T08:46:20	43.36	3382.29	-180.42	2.89	29.83	89.99
2008-10-06T08:46:22	33.16	3389.77	-180.50	3.05	29.71	89.92
2008-10-06T08:46:24	22.96	3397.25	-180.58	3.29	29.54	89.67
2008-10-06T08:46:26	12.76	3404.72	-180.66	3.69	29.32	89.10
2008-10-06T08:46:28	2.56	3412.19	-180.74	4.13	29.14	88.53
2008-10-06T08:46:30	-7.65	3419.65	-180.82	4.47	29.09	88.39
2008-10-06T08:46:32	-17.85	3427.10	-180.90	4.71	29.15	88.67
2008-10-06T08:46:34	-28.05	3434.54	-180.98	4.61	29.36	89.07
2008-10-06T08:46:36	-38.25	3441.97	-181.06	4.49	29.59	89.18
2008-10-06T08:46:38	-48.45	3449.40	-181.14	4.54	29.83	88.11
2008-10-06T08:46:40	-58.66	3456.82	-181.22	4.67	29.94	86.91
2008-10-06T08:46:42	-68.86	3464.23	-181.30	4.83	29.89	85.89
2008-10-06T08:46:44	-79.06	3471.64	-181.37	5.02	29.69	85.05
2008-10-06T08:46:46	-89.26	3479.03	-181.45	5.24	29.32	84.40
2008-10-06T08:46:48	-99.46	3486.43	-181.53	5.51	28.90	83.99
2008-10-06T08:46:50	-109.66	3493.81	-181.61	5.94	29.02	83.96
2008-10-06T08:46:52	-119.86	3501.19	-181.68	6.31	29.10	83.79
2008-10-06T08:46:54	-130.06	3508.55	-181.76	6.63	29.12	83.50
2008-10-06T08:46:56	-140.26	3515.92	-181.83	6.89	29.10	83.06
2008-10-06T08:46:58	-150.46	3523.27	-181.91	7.09	29.04	82.50
2008-10-06T08:47:00	-160.66	3530.62	-181.98	7.58	29.08	82.24
2008-10-06T08:47:02	-170.86	3537.96	-182.06	8.33	29.36	82.45
2008-10-06T08:47:04	-181.06	3545.30	-182.13	9.05	29.82	82.98
2008-10-06T08:47:06	-191.25	3552.62	-182.20	9.65	30.25	83.91
2008-10-06T08:47:08	-201.45	3559.94	-182.28	10.14	30.50	84.91
2008-10-06T08:47:10	-211.65	3567.26	-182.35	10.54	30.59	86.00
2008-10-06T08:47:12	-221.84	3574.57	-182.42	10.36	30.13	86.83
2008-10-06T08:47:14	-232.04	3581.86	-182.49	10.13	29.53	87.49
2008-10-06T08:47:16	-242.24	3589.16	-182.57	9.90	28.80	88.01
2008-10-06T08:47:18	-252.44	3596.45	-182.64	9.66	27.95	88.38
2008-10-06T08:47:20	-262.63	3603.72	-182.71	9.52	27.06	88.27
2008-10-06T08:47:22	-272.82	3611.00	-182.78	9.81	26.48	87.69
2008-10-06T08:47:24	-283.02	3618.26	-182.85	10.56	26.52	86.86
2008-10-06T08:47:26	-293.21	3625.53	-182.92	11.43	26.64	85.83
2008-10-06T08:47:28	-303.40	3632.78	-182.99	12.40	26.84	84.59
2008-10-06T08:47:30	-313.60	3640.03	-183.06	13.49	27.13	83.16
2008-10-06T08:47:32	-323.79	3647.27	-183.13	14.68	27.49	81.53
2008-10-06T08:47:34	-333.98	3654.50	-183.20	14.85	27.23	80.29
2008-10-06T08:47:36	-344.17	3661.73	-183.27	13.60	26.39	78.99
2008-10-06T08:47:38	-354.36	3668.95	-183.33	11.97	25.29	77.46
2008-10-06T08:47:40	-364.55	3676.16	-183.40	10.44	24.14	75.92
2008-10-06T08:47:42	-374.74	3683.37	-183.47	9.00	22.95	74.36
2008-10-06T08:47:44	-384.92	3690.57	-183.54	7.76	21.62	72.70
2008-10-06T08:47:46	-395.11	3697.77	-183.61	7.24	19.73	70.60
2008-10-06T08:47:48	-405.30	3704.96	-183.67	6.75	18.03	68.81
2008-10-06T08:47:50	-415.48	3712.14	-183.74	6.28	16.52	67.32
2008-10-06T08:47:52	-425.67	3719.32	-183.80	5.69	15.28	66.00
2008-10-06T08:47:54	-435.85	3726.49	-183.87	4.89	14.23	64.73
2008-10-06T08:47:56	-446.03	3733.65	-183.93	4.15	13.81	63.38
2008-10-06T08:47:58	-456.21	3740.81	-184.00	3.72	13.95	61.92
2008-10-06T08:48:00	-466.40	3747.96	-184.06	3.46	14.18	60.48
2008-10-06T08:48:02	-476.58	3755.11	-184.13	3.37	14.49	59.07
2008-10-06T08:48:04	-486.76	3762.25	-184.19	3.45	14.88	57.69
2008-10-06T08:48:06	-496.94	3769.38	-184.26	3.71	15.35	56.33
2008-10-06T08:48:08	-507.11	3776.51	-184.32	3.30	15.48	53.77
2008-10-06T08:48:10	-517.29	3783.63	-184.38	2.67	15.48	51.26
2008-10-06T08:48:12	-527.47	3790.75	-184.45	1.98	15.44	49.01
2008-10-06T08:48:14	-537.65	3797.86	-184.51	1.21	15.37	47.03
2008-10-06T08:48:16	-547.82	3804.97	-184.57	0.38	15.26	45.31
2008-10-06T08:48:18	-558.00	3812.07	-184.63	-0.42	14.84	43.88
2008-10-06T08:48:20	-568.17	3819.16	-184.70	-0.81	13.70	42.59
2008-10-06T08:48:22	-578.34	3826.24	-184.76	-0.97	12.67	41.23
2008-10-06T08:48:24	-588.51	3833.33	-184.82	-0.50	11.69	39.58
2008-10-06T08:48:26	-598.68	3840.40	-184.88	0.10	10.75	37.66
2008-10-06T08:48:28	-608.85	3847.47	-184.94	0.56	9.87	35.54
2008-10-06T08:48:30	-619.02	3854.54	-185.00	0.93	9.36	33.21
2008-10-06T08:48:32	-629.19	3861.60	-185.06	1.22	9.06	30.91
2008-10-06T08:48:34	-639.36	3868.65	-185.12	1.39	8.79	28.70
2008-10-06T08:48:36	-649.52	3875.70	-185.18	1.45	8.54	26.58
2008-10-06T08:48:38	-659.69	3882.74	-185.24	1.40	8.32	24.55
2008-10-06T08:48:40	-669.85	3889.77	-185.30	1.40	8.20	22.88
2008-10-06T08:48:42	-680.02	3896.80	-185.36	1.59	8.37	21.97
2008-10-06T08:48:44	-690.18	3903.83	-185.42	1.73	8.52	21.00
2008-10-06T08:48:46	-700.34	3910.85	-185.47	1.81	8.64	19.99
2008-10-06T08:48:48	-710.50	3917.86	-185.53	1.83	8.74	18.94
2008-10-06T08:48:50	-720.66	3924.87	-185.59	1.79	8.81	17.84
2008-10-06T08:48:52	-730.81	3931.88	-185.65	1.64	8.66	16.41
2008-10-06T08:48:54	-740.97	3938.87	-185.71	1.34	8.16	14.49
2008-10-06T08:48:56	-751.13	3945.87	-185.76	0.99	7.60	12.58
2008-10-06T08:48:58	-761.28	3952.86	-185.82	0.64	7.02	10.85
2008-10-06T08:49:00	-771.44	3959.84	-185.87	0.32	6.49	9.21
2008-10-06T08:49:02	-781.59	3966.82	-185.93	0.02	6.03	7.67
2008-10-06T08:49:04	-791.74	3973.79	-185.99	-0.06	5.75	6.47
2008-10-06T08:49:06	-801.89	3980.75	-186.04	-0.11	5.49	5.35
2008-10-06T08:49:08	-812.04	3987.72	-186.10	-0.17	5.20	4.24
2008-10-06T08:49:10	-822.19	3994.67	-186.15	-0.24	4.90	3.13
2008-10-06T08:49:12	-832.34	4001.62	-186.21	-0.34	4.58	2.07
2008-10-06T08:49:14	-842.48	4008.57	-186.26	-0.47	4.27	1.20
2008-10-06T08:49:16	-852.63	4015.51	-186.32	-0.70	4.06	0.39
2008-10-06T08:49:18	-862.77	4022.45	-186.37	-0.92	3.84	-0.42
2008-10-06T08:49:20	-872.91	4029.38	-186.43	-1.12	3.61	-1.22
2008-10-06T08:49:22	-883.06	4036.30	-186.48	-1.29	3.36	-2.02
2008-10-06T08:49:24	-893.20	4043.22	-186.53	-1.46	3.10	-2.82
2008-10-06T08:49:26	-903.34	4050.14	-186.59	-1.65	2.84	-3.64
2008-10-06T08:49:28	-913.48	4057.05	-186.64	-1.89	2.57	-4.49
2008-10-06T08:49:30	-923.61	4063.96	-186.69	-2.20	2.30	-5.22
2008-10-06T08:49:32	-933.75	4070.86	-186.75	-2.53	2.05	-5.91
2008-10-06T08:49:34	-943.88	4077.75	-186.80	-2.87	1.80	-6.56
2008-10-06T08:49:36	-954.02	4084.65	-186.85	-3.22	1.57	-7.18
2008-10-06T08:49:38	-964.15	4091.53	-186.90	-3.44	1.33	-7.65
2008-10-06T08:49:40	-974.28	4098.41	-186.96	-3.62	1.10	-8.04
2008-10-06T08:49:42	-984.41	4105.29	-187.01	-3.78	0.87	-8.36
2008-10-06T08:49:44	-994.54	4112.17	-187.06	-3.91	0.64	-8.61
2008-10-06T08:49:46	-1004.67	4119.03	-187.11	-4.00	0.47	-8.84
2008-10-06T08:49:48	-1014.80	4125.90	-187.16	-4.08	0.32	-9.14
2008-10-06T08:49:50	-1024.92	4132.75	-187.21	-4.20	0.26	-9.56
2008-10-06T08:49:52	-1035.05	4139.61	-187.26	-4.33	0.23	-9.97
2008-10-06T08:49:54	-1045.17	4146.46	-187.31	-4.47	0.21	-10.37
2008-10-06T08:49:56	-1055.29	4153.30	-187.36	-4.62	0.21	-10.77
2008-10-06T08:49:58	-1065.41	4160.14	-187.41	-4.78	0.22	-11.16
2008-10-06T08:50:00	-1075.53	4166.98	-187.46	-4.93	0.26	-11.53
2008-10-06T08:50:02	-1085.65	4173.81	-187.51	-5.04	0.34	-11.83
2008-10-06T08:50:04	-1095.76	4180.63	-187.56	-5.11	0.47	-12.05
2008-10-06T08:50:06	-1105.88	4187.45	-187.61	-5.18	0.62	-12.27
2008-10-06T08:50:08	-1115.99	4194.27	-187.66	-5.25	0.81	-12.50
2008-10-06T08:50:10	-1126.11	4201.08	-187.71	-5.32	1.02	-12.73
2008-10-06T08:50:12	-1136.22	4207.89	-187.76	-5.38	1.15	-12.82
2008-10-06T08:50:14	-1146.33	4214.69	-187.80	-5.43	1.28	-12.92
2008-10-06T08:50:16	-1156.44	4221.50	-187.85	-5.45	1.41	-13.05
2008-10-06T08:50:18	-1166.55	4228.29	-187.90	-5.45	1.54	-13.20
2008-10-06T08:50:20	-1176.66	4235.08	-187.95	-5.40	1.64	-13.27
2008-10-06T08:50:22	-1186.76	4241.87	-187.99	-5.38	1.74	-13.39
2008-10-06T08:50:24	-1196.87	4248.65	-188.04	-5.35	1.70	-13.63
2008-10-06T08:50:26	-1206.97	4255.43	-188.09	-5.30	1.61	-13.91
2008-10-06T08:50:28	-1217.07	4262.20	-188.14	-5.21	1.49	-14.23
2008-10-06T08:50:30	-1227.18	4268.97	-188.18	-5.08	1.33	-14.59
2008-10-06T08:50:32	-1237.28	4275.73	-188.23	-4.92	1.14	-14.99
2008-10-06T08:50:34	-1247.37	4282.50	-188.28	-4.74	1.09	-15.25
2008-10-06T08:50:36	-1257.47	4289.25	-188.32	-4.54	1.15	-15.30
2008-10-06T08:50:38	-1267.57	4296.00	-188.37	-4.37	1.18	-15.26
2008-10-06T08:50:40	-1277.66	4302.75	-188.41	-4.26	1.23	-15.25
2008-10-06T08:50:42	-1287.75	4309.49	-188.46	-4.20	1.29	-15.26
2008-10-06T08:50:44	-1297.85	4316.23	-188.50	-4.19	1.36	-15.32
2008-10-06T08:50:46	-1307.94	4322.97	-188.55	-4.30	1.50	-15.57
2008-10-06T08:50:48	-1318.03	4329.70	-188.59	-4.47	1.67	-15.89
2008-10-06T08:50:50	-1328.11	4336.43	-188.64	-4.67	1.86	-16.29
2008-10-06T08:50:52	-1338.20	4343.15	-188.69	-4.90	2.08	-16.74
2008-10-06T08:50:54	-1348.29	4349.87	-188.73	-5.02	2.28	-16.74
2008-10-06T08:50:56	-1358.37	4356.59	-188.77	-5.03	2.40	-16.55
2008-10-06T08:50:58	-1368.46	4363.30	-188.82	-4.79	2.34	-16.01
2008-10-06T08:51:00	-1378.54	4370.01	-188.86	-4.61	2.31	-15.50
2008-10-06T08:51:02	-1388.62	4376.71	-188.90	-4.50	2.33	-15.03
2008-10-06T08:51:04	-1398.70	4383.41	-188.95	-4.44	2.38	-14.60
2008-10-06T08:51:06	-1408.78	4390.11	-188.99	-4.45	2.48	-14.20
2008-10-06T08:51:08	-1418.85	4396.80	-189.04	-4.52	2.55	-13.97
2008-10-06T08:51:10	-1428.93	4403.49	-189.08	-4.64	2.50	-13.98
2008-10-06T08:51:12	-1439.00	4410.17	-189.12	-4.82	2.34	-14.10
2008-10-06T08:51:14	-1449.07	4416.85	-189.16	-5.03	2.18	-14.20
2008-10-06T08:51:16	-1459.15	4423.53	-189.21	-5.27	2.04	-14.29
2008-10-06T08:51:18	-1469.22	4430.20	-189.25	-5.54	1.89	-14.36
2008-10-06T08:51:20	-1479.28	4436.87	-189.29	-6.00	1.82	-14.31
2008-10-06T08:51:22	-1489.35	4443.53	-189.33	-6.45	1.76	-14.24
2008-10-06T08:51:24	-1499.42	4450.19	-189.38	-6.87	1.71	-14.16
2008-10-06T08:51:26	-1509.48	4456.85	-189.42	-7.25	1.66	-14.06
2008-10-06T08:51:28	-1519.55	4463.51	-189.46	-7.61	1.67	-13.93
2008-10-06T08:51:30	-1529.61	4470.16	-189.50	-7.94	1.71	-13.79
2008-10-06T08:51:32	-1539.67	4476.80	-189.54	-8.22	1.70	-13.66
2008-10-06T08:51:34	-1549.73	4483.45	-189.58	-8.52	1.69	-13.55
2008-10-06T08:51:36	-1559.79	4490.09	-189.62	-8.82	1.70	-13.47
2008-10-06T08:51:38	-1569.85	4496.72	-189.67	-9.13	1.71	-13.41
2008-10-06T08:51:40	-1579.90	4503.35	-189.71	-9.45	1.73	-13.37
2008-10-06T08:51:42	-1589.96	4509.98	-189.75	-9.83	1.71	-13.14
2008-10-06T08:51:44	-1600.01	4516.61	-189.79	-10.25	1.63	-12.65
2008-10-06T08:51:46	-1610.06	4523.23	-189.83	-10.64	1.51	-12.06
2008-10-06T08:51:48	-1620.11	4529.85	-189.87	-10.99	1.39	-11.58
2008-10-06T08:51:50	-1630.16	4536.46	-189.91	-11.30	1.27	-11.20
2008-10-06T08:51:52	-1640.21	4543.07	-189.95	-11.57	1.15	-10.91
2008-10-06T08:51:54	-1650.26	4549.68	-189.99	-11.76	1.06	-10.92
2008-10-06T08:51:56	-1660.30	4556.28	-190.03	-11.91	1.01	-11.01
2008-10-06T08:51:58	-1670.35	4562.88	-190.07	-12.03	1.00	-11.16
2008-10-06T08:52:00	-1680.39	4569.48	-190.11	-12.13	1.02	-11.36
2008-10-06T08:52:02	-1690.43	4576.07	-190.14	-12.19	1.08	-11.55
2008-10-06T08:52:04	-1700.47	4582.66	-190.18	-12.20	1.14	-11.67
2008-10-06T08:52:06	-1710.51	4589.24	-190.22	-12.12	1.10	-11.51
2008-10-06T08:52:08	-1720.55	4595.83	-190.26	-12.05	1.06	-11.39
2008-10-06T08:52:10	-1730.58	4602.41	-190.30	-11.99	1.02	-11.32
2008-10-06T08:52:12	-1740.62	4608.98	-190.34	-11.95	0.97	-11.28
2008-10-06T08:52:14	-1750.65	4615.56	-190.38	-11.91	0.92	-11.28
2008-10-06T08:52:16	-1760.69	4622.13	-190.42	-11.85	0.87	-11.17
2008-10-06T08:52:18	-1770.72	4628.69	-190.45	-11.73	0.83	-10.85
2008-10-06T08:52:20	-1780.75	4635.26	-190.49	-11.65	0.87	-10.49
2008-10-06T08:52:22	-1790.77	4641.81	-190.53	-11.61	0.92	-10.18
2008-10-06T08:52:24	-1800.80	4648.37	-190.56	-11.60	0.98	-9.90
2008-10-06T08:52:26	-1810.83	4654.92	-190.60	-11.63	1.04	-9.67
2008-10-06T08:52:28	-1820.85	4661.48	-190.64	-11.78	1.19	-9.77
2008-10-06T08:52:30	-1830.88	4668.02	-190.68	-11.95	1.32	-9.97
2008-10-06T08:52:32	-1840.90	4674.56	-190.71	-12.13	1.38	-10.17
2008-10-06T08:52:34	-1850.92	4681.11	-190.75	-12.31	1.38	-10.37
2008-10-06T08:52:36	-1860.94	4687.64	-190.79	-12.47	1.32	-10.58
2008-10-06T08:52:38	-1870.96	4694.18	-190.83	-12.56	1.29	-10.81
2008-10-06T08:52:40	-1880.97	4700.71	-190.86	-12.35	1.47	-11.09
2008-10-06T08:52:42	-1890.99	4707.23	-190.90	-12.11	1.61	-11.34
2008-10-06T08:52:44	-1901.00	4713.76	-190.93	-11.82	1.72	-11.55
2008-10-06T08:52:46	-1911.02	4720.28	-190.97	-11.51	1.79	-11.74
2008-10-06T08:52:48	-1921.03	4726.80	-191.01	-11.15	1.84	-11.90
2008-10-06T08:52:50	-1931.04	4733.31	-191.04	-10.96	1.82	-12.10
2008-10-06T08:52:52	-1941.04	4739.82	-191.08	-11.19	1.79	-12.46
2008-10-06T08:52:54	-1951.05	4746.33	-191.11	-11.54	1.82	-12.83
2008-10-06T08:52:56	-1961.06	4752.84	-191.15	-12.01	1.90	-13.11
2008-10-06T08:52:58	-1971.06	4759.34	-191.18	-12.44	1.98	-13.30
2008-10-06T08:53:00	-1981.07	4765.84	-191.22	-12.85	2.07	-13.39
2008-10-06T08:53:02	-1991.07	4772.34	-191.25	-13.07	2.17	-13.26
2008-10-06T08:53:04	-2001.07	4778.84	-191.29	-13.18	2.29	-13.10
2008-10-06T08:53:06	-2011.07	4785.33	-191.32	-13.30	2.42	-13.01
2008-10-06T08:53:08	-2021.07	4791.81	-191.36	-13.44	2.55	-13.01
2008-10-06T08:53:10	-2031.07	4798.30	-191.39	-13.58	2.68	-13.08
2008-10-06T08:53:12	-2041.06	4804.78	-191.43	-13.55	2.80	-13.17
2008-10-06T08:53:14	-2051.06	4811.26	-191.46	-13.29	2.78	-13.11
2008-10-06T08:53:16	-2061.05	4817.73	-191.50	-13.12	2.72	-13.06
2008-10-06T08:53:18	-2071.04	4824.21	-191.53	-13.03	2.66	-13.03
2008-10-06T08:53:20	-2081.03	4830.68	-191.56	-13.05	2.58	-13.02
2008-10-06T08:53:22	-2091.02	4837.15	-191.60	-13.16	2.49	-13.04
2008-10-06T08:53:24	-2101.01	4843.61	-191.63	-13.33	2.41	-13.06
2008-10-06T08:53:26	-2111.00	4850.07	-191.67	-13.39	2.41	-13.02
2008-10-06T08:53:28	-2120.98	4856.53	-191.70	-13.49	2.40	-12.95
2008-10-06T08:53:30	-2130.97	4862.99	-191.73	-13.44	2.49	-12.73
2008-10-06T08:53:32	-2140.95	4869.44	-191.77	-13.37	2.66	-12.50
2008-10-06T08:53:34	-2150.94	4875.89	-191.80	-13.34	2.89	-12.28
2008-10-06T08:53:36	-2160.92	4882.34	-191.83	-13.28	3.20	-12.02
2008-10-06T08:53:38	-2170.89	4888.78	-191.86	-13.14	3.56	-11.64
2008-10-06T08:53:40	-2180.87	4895.23	-191.90	-12.98	3.89	-11.23
2008-10-06T08:53:42	-2190.85	4901.66	-191.93	-12.79	4.19	-10.78
2008-10-06T08:53:44	-2200.82	4908.10	-191.96	-12.59	4.47	-10.30
2008-10-06T08:53:46	-2210.80	4914.54	-192.00	-12.36	4.72	-9.77
2008-10-06T08:53:48	-2220.77	4920.97	-192.03	-12.48	5.00	-9.63
2008-10-06T08:53:50	-2230.74	4927.40	-192.06	-12.74	5.25	-9.54
2008-10-06T08:53:52	-2240.71	4933.82	-192.09	-13.04	5.45	-9.41
2008-10-06T08:53:54	-2250.68	4940.25	-192.13	-13.37	5.60	-9.25
