Time	POS_X	POS_Y	POS_Z	B_X	B_Y	B_Z
2008-10-06T08:26:48	5012.59	-2099.14	-42.81	79.34	-10.90	-2.20
2008-10-06T08:26:50	5005.86	-2089.38	-43.12	79.35	-10.90	-2.16
2008-10-06T08:26:52	4999.13	-2079.62	-43.43	79.37	-10.91	-2.12
2008-10-06T08:26:54	4992.40	-2069.86	-43.75	79.39	-10.92	-2.07
2008-10-06T08:26:56	4985.66	-2060.10	-44.06	79.37	-10.95	-2.03
2008-10-06T08:26:58	4978.92	-2050.33	-44.37	79.35	-10.99	-1.99
2008-10-06T08:27:00	4972.18	-2040.57	-44.68	79.34	-11.03	-1.95
2008-10-06T08:27:02	4965.43	-2030.80	-44.99	79.34	-11.08	-1.92
2008-10-06T08:27:04	4958.68	-2021.03	-45.30	79.35	-11.13	-1.87
2008-10-06T08:27:06	4951.93	-2011.27	-45.61	79.36	-11.18	-1.83
2008-10-06T08:27:08	4945.18	-2001.50	-45.92	79.38	-11.23	-1.79
2008-10-06T08:27:10	4938.42	-1991.73	-46.23	79.41	-11.25	-1.74
2008-10-06T08:27:12	4931.66	-1981.95	-46.54	79.43	-11.27	-1.69
2008-10-06T08:27:14	4924.90	-1972.18	-46.85	79.45	-11.29	-1.63
2008-10-06T08:27:16	4918.13	-1962.40	-47.17	79.48	-11.32	-1.57
2008-10-06T08:27:18	4911.36	-1952.63	-47.48	79.51	-11.35	-1.50
2008-10-06T08:27:20	4904.59	-1942.85	-47.78	79.52	-11.38	-1.45
2008-10-06T08:27:22	4897.82	-1933.07	-48.09	79.53	-11.38	-1.42
2008-10-06T08:27:24	4891.04	-1923.29	-48.41	79.53	-11.39	-1.39
2008-10-06T08:27:26	4884.26	-1913.51	-48.72	79.55	-11.39	-1.37
2008-10-06T08:27:28	4877.47	-1903.73	-49.03	79.56	-11.39	-1.36
2008-10-06T08:27:30	4870.69	-1893.95	-49.34	79.57	-11.39	-1.35
2008-10-06T08:27:32	4863.90	-1884.16	-49.65	79.56	-11.42	-1.33
2008-10-06T08:27:34	4857.11	-1874.38	-49.96	79.55	-11.47	-1.32
2008-10-06T08:27:36	4850.31	-1864.59	-50.27	79.55	-11.51	-1.30
2008-10-06T08:27:38	4843.51	-1854.80	-50.58	79.55	-11.56	-1.29
2008-10-06T08:27:40	4836.71	-1845.01	-50.89	79.55	-11.61	-1.27
2008-10-06T08:27:42	4829.91	-1835.22	-51.20	79.56	-11.66	-1.26
2008-10-06T08:27:44	4823.10	-1825.43	-51.51	79.57	-11.67	-1.23
2008-10-06T08:27:46	4816.29	-1815.64	-51.82	79.57	-11.67	-1.20
2008-10-06T08:27:48	4809.48	-1805.84	-52.13	79.58	-11.66	-1.16
2008-10-06T08:27:50	4802.66	-1796.05	-52.44	79.59	-11.66	-1.12
2008-10-06T08:27:52	4795.84	-1786.25	-52.75	79.60	-11.66	-1.08
2008-10-06T08:27:54	4789.02	-1776.45	-53.06	79.62	-11.66	-1.04
2008-10-06T08:27:56	4782.19	-1766.66	-53.37	79.65	-11.67	-1.00
2008-10-06T08:27:58	4775.37	-1756.86	-53.68	79.68	-11.69	-0.97
2008-10-06T08:28:00	4768.53	-1747.05	-53.99	79.71	-11.70	-0.93
2008-10-06T08:28:02	4761.70	-1737.25	-54.30	79.72	-11.71	-0.90
2008-10-06T08:28:04	4754.86	-1727.45	-54.61	79.73	-11.71	-0.87
2008-10-06T08:28:06	4748.02	-1717.64	-54.92	79.73	-11.71	-0.84
2008-10-06T08:28:08	4741.17	-1707.84	-55.23	79.76	-11.74	-0.81
2008-10-06T08:28:10	4734.32	-1698.03	-55.54	79.79	-11.76	-0.79
2008-10-06T08:28:12	4727.47	-1688.22	-55.85	79.83	-11.79	-0.76
2008-10-06T08:28:14	4720.62	-1678.41	-56.16	79.88	-11.83	-0.73
2008-10-06T08:28:16	4713.76	-1668.60	-56.47	79.94	-11.86	-0.69
2008-10-06T08:28:18	4706.90	-1658.79	-56.78	80.00	-11.88	-0.66
2008-10-06T08:28:20	4700.04	-1648.98	-57.09	80.03	-11.84	-0.63
2008-10-06T08:28:22	4693.17	-1639.16	-57.40	80.07	-11.80	-0.59
2008-10-06T08:28:24	4686.30	-1629.35	-57.71	80.10	-11.76	-0.56
2008-10-06T08:28:26	4679.42	-1619.53	-58.02	80.14	-11.72	-0.52
2008-10-06T08:28:28	4672.54	-1609.71	-58.33	80.19	-11.68	-0.49
2008-10-06T08:28:30	4665.66	-1599.89	-58.64	80.23	-11.66	-0.45
2008-10-06T08:28:32	4658.78	-1590.07	-58.95	80.26	-11.66	-0.40
2008-10-06T08:28:34	4651.89	-1580.25	-59.26	80.30	-11.67	-0.36
2008-10-06T08:28:36	4645.00	-1570.43	-59.57	80.33	-11.69	-0.32
2008-10-06T08:28:38	4638.11	-1560.60	-59.88	80.36	-11.72	-0.27
2008-10-06T08:28:40	4631.21	-1550.78	-60.19	80.37	-11.74	-0.22
2008-10-06T08:28:42	4624.31	-1540.95	-60.49	80.38	-11.74	-0.17
2008-10-06T08:28:44	4617.40	-1531.12	-60.80	80.38	-11.73	-0.12
2008-10-06T08:28:46	4610.49	-1521.30	-61.11	80.40	-11.72	-0.06
2008-10-06T08:28:48	4603.58	-1511.47	-61.42	80.42	-11.71	-0.01
2008-10-06T08:28:50	4596.66	-1501.63	-61.73	80.45	-11.70	0.04
2008-10-06T08:28:52	4589.74	-1491.80	-62.04	80.49	-11.70	0.09
2008-10-06T08:28:54	4582.82	-1481.97	-62.35	80.52	-11.72	0.17
2008-10-06T08:28:56	4575.90	-1472.13	-62.65	80.56	-11.74	0.24
2008-10-06T08:28:58	4568.97	-1462.30	-62.96	80.60	-11.76	0.31
2008-10-06T08:29:00	4562.03	-1452.46	-63.27	80.63	-11.79	0.37
2008-10-06T08:29:02	4555.09	-1442.62	-63.58	80.67	-11.81	0.42
2008-10-06T08:29:04	4548.15	-1432.78	-63.89	80.70	-11.84	0.47
2008-10-06T08:29:06	4541.21	-1422.94	-64.20	80.71	-11.86	0.52
2008-10-06T08:29:08	4534.26	-1413.10	-64.51	80.71	-11.87	0.57
2008-10-06T08:29:10	4527.31	-1403.26	-64.82	80.71	-11.90	0.64
2008-10-06T08:29:12	4520.35	-1393.41	-65.12	80.72	-11.93	0.70
2008-10-06T08:29:14	4513.39	-1383.57	-65.43	80.73	-11.96	0.76
2008-10-06T08:29:16	4506.43	-1373.72	-65.74	80.73	-11.99	0.82
2008-10-06T08:29:18	4499.46	-1363.87	-66.05	80.72	-12.05	0.86
2008-10-06T08:29:20	4492.50	-1354.02	-66.36	80.71	-12.11	0.90
2008-10-06T08:29:22	4485.52	-1344.17	-66.67	80.70	-12.16	0.94
2008-10-06T08:29:24	4478.54	-1334.32	-66.97	80.69	-12.22	0.98
2008-10-06T08:29:26	4471.56	-1324.47	-67.28	80.66	-12.27	1.03
2008-10-06T08:29:28	4464.58	-1314.61	-67.59	80.64	-12.32	1.08
2008-10-06T08:29:30	4457.58	-1304.76	-67.90	80.63	-12.36	1.13
2008-10-06T08:29:32	4450.59	-1294.90	-68.21	80.62	-12.40	1.17
2008-10-06T08:29:34	4443.59	-1285.04	-68.51	80.62	-12.44	1.21
2008-10-06T08:29:36	4436.59	-1275.19	-68.82	80.63	-12.48	1.25
2008-10-06T08:29:38	4429.59	-1265.33	-69.13	80.64	-12.53	1.28
2008-10-06T08:29:40	4422.58	-1255.47	-69.44	80.64	-12.56	1.32
2008-10-06T08:29:42	4415.57	-1245.60	-69.74	80.62	-12.59	1.36
2008-10-06T08:29:44	4408.55	-1235.74	-70.05	80.59	-12.61	1.40
2008-10-06T08:29:46	4401.53	-1225.88	-70.36	80.56	-12.63	1.43
2008-10-06T08:29:48	4394.50	-1216.01	-70.66	80.54	-12.65	1.46
2008-10-06T08:29:50	4387.47	-1206.14	-70.97	80.52	-12.67	1.48
2008-10-06T08:29:52	4380.44	-1196.28	-71.28	80.52	-12.68	1.51
2008-10-06T08:29:54	4373.40	-1186.41	-71.59	80.54	-12.69	1.53
2008-10-06T08:29:56	4366.36	-1176.54	-71.89	80.56	-12.71	1.55
2008-10-06T08:29:58	4359.32	-1166.66	-72.20	80.58	-12.73	1.58
2008-10-06T08:30:00	4352.26	-1156.79	-72.51	80.60	-12.75	1.62
2008-10-06T08:30:02	4345.21	-1146.92	-72.81	80.62	-12.78	1.65
2008-10-06T08:30:04	4338.15	-1137.04	-73.12	80.64	-12.80	1.68
2008-10-06T08:30:06	4331.09	-1127.17	-73.43	80.67	-12.81	1.70
2008-10-06T08:30:08	4324.02	-1117.29	-73.73	80.69	-12.82	1.72
2008-10-06T08:30:10	4316.95	-1107.41	-74.04	80.72	-12.84	1.74
2008-10-06T08:30:12	4309.88	-1097.53	-74.35	80.76	-12.85	1.76
2008-10-06T08:30:14	4302.80	-1087.65	-74.65	80.79	-12.86	1.78
2008-10-06T08:30:16	4295.72	-1077.77	-74.96	80.83	-12.90	1.84
2008-10-06T08:30:18	4288.63	-1067.89	-75.27	80.88	-12.94	1.89
2008-10-06T08:30:20	4281.54	-1058.00	-75.57	80.92	-12.96	1.95
2008-10-06T08:30:22	4274.44	-1048.12	-75.88	80.97	-12.98	2.00
2008-10-06T08:30:24	4267.34	-1038.23	-76.18	81.01	-13.00	2.05
2008-10-06T08:30:26	4260.23	-1028.35	-76.49	81.06	-13.01	2.10
2008-10-06T08:30:28	4253.12	-1018.46	-76.80	81.11	-13.01	2.16
2008-10-06T08:30:30	4246.01	-1008.57	-77.10	81.16	-13.02	2.22
2008-10-06T08:30:32	4238.89	-998.68	-77.41	81.21	-13.04	2.28
2008-10-06T08:30:34	4231.77	-988.79	-77.71	81.26	-13.05	2.34
2008-10-06T08:30:36	4224.64	-978.89	-78.02	81.31	-13.07	2.40
2008-10-06T08:30:38	4217.51	-969.00	-78.32	81.35	-13.08	2.46
2008-10-06T08:30:40	4210.37	-959.11	-78.63	81.38	-13.09	2.51
2008-10-06T08:30:42	4203.23	-949.21	-78.93	81.41	-13.09	2.57
2008-10-06T08:30:44	4196.09	-939.31	-79.24	81.44	-13.09	2.64
2008-10-06T08:30:46	4188.93	-929.41	-79.54	81.47	-13.09	2.71
2008-10-06T08:30:48	4181.78	-919.51	-79.85	81.51	-13.09	2.78
2008-10-06T08:30:50	4174.62	-909.61	-80.15	81.54	-13.11	2.84
2008-10-06T08:30:52	4167.45	-899.71	-80.46	81.58	-13.13	2.90
2008-10-06T08:30:54	4160.29	-889.81	-80.76	81.61	-13.15	2.96
2008-10-06T08:30:56	4153.11	-879.91	-81.07	81.63	-13.16	3.02
2008-10-06T08:30:58	4145.93	-870.00	-81.37	81.66	-13.17	3.09
2008-10-06T08:31:00	4138.75	-860.10	-81.68	81.68	-13.18	3.15
2008-10-06T08:31:02	4131.56	-850.19	-81.98	81.69	-13.20	3.21
2008-10-06T08:31:04	4124.37	-840.28	-82.29	81.71	-13.22	3.26
2008-10-06T08:31:06	4117.17	-830.38	-82.59	81.74	-13.23	3.31
2008-10-06T08:31:08	4109.97	-820.47	-82.89	81.75	-13.25	3.36
2008-10-06T08:31:10	4102.76	-810.56	-83.20	81.77	-13.26	3.42
2008-10-06T08:31:12	4095.55	-800.64	-83.50	81.80	-13.27	3.46
2008-10-06T08:31:14	4088.33	-790.73	-83.81	81.84	-13.27	3.50
2008-10-06T08:31:16	4081.11	-780.82	-84.11	81.88	-13.28	3.55
2008-10-06T08:31:18	4073.88	-770.90	-84.41	81.93	-13.28	3.59
2008-10-06T08:31:20	4066.65	-760.99	-84.72	81.97	-13.28	3.65
2008-10-06T08:31:22	4059.41	-751.07	-85.02	82.01	-13.27	3.70
2008-10-06T08:31:24	4052.17	-741.15	-85.32	82.05	-13.27	3.76
2008-10-06T08:31:26	4044.92	-731.24	-85.63	82.10	-13.27	3.82
2008-10-06T08:31:28	4037.67	-721.32	-85.93	82.16	-13.26	3.89
2008-10-06T08:31:30	4030.41	-711.40	-86.23	82.22	-13.25	3.95
2008-10-06T08:31:32	4023.15	-701.48	-86.54	82.28	-13.24	4.02
2008-10-06T08:31:34	4015.88	-691.55	-86.84	82.35	-13.22	4.10
2008-10-06T08:31:36	4008.61	-681.63	-87.14	82.40	-13.18	4.19
2008-10-06T08:31:38	4001.33	-671.71	-87.44	82.45	-13.13	4.30
2008-10-06T08:31:40	3994.05	-661.78	-87.74	82.50	-13.08	4.41
2008-10-06T08:31:42	3986.76	-651.86	-88.05	82.55	-13.03	4.52
2008-10-06T08:31:44	3979.47	-641.93	-88.35	82.61	-12.98	4.64
2008-10-06T08:31:46	3972.17	-632.00	-88.65	82.67	-12.93	4.76
2008-10-06T08:31:48	3964.86	-622.07	-88.96	82.71	-12.89	4.87
2008-10-06T08:31:50	3957.55	-612.14	-89.26	82.74	-12.84	4.98
2008-10-06T08:31:52	3950.24	-602.21	-89.56	82.76	-12.79	5.11
2008-10-06T08:31:54	3942.92	-592.28	-89.86	82.78	-12.74	5.23
2008-10-06T08:31:56	3935.59	-582.35	-90.16	82.80	-12.70	5.37
2008-10-06T08:31:58	3928.26	-572.42	-90.46	82.82	-12.66	5.50
2008-10-06T08:32:00	3920.92	-562.48	-90.76	82.82	-12.63	5.63
2008-10-06T08:32:02	3913.58	-552.55	-91.06	82.83	-12.59	5.76
2008-10-06T08:32:04	3906.23	-542.61	-91.37	82.84	-12.56	5.89
2008-10-06T08:32:06	3898.88	-532.68	-91.67	82.85	-12.53	6.04
2008-10-06T08:32:08	3891.52	-522.74	-91.97	82.86	-12.50	6.19
2008-10-06T08:32:10	3884.15	-512.80	-92.27	82.87	-12.48	6.34
2008-10-06T08:32:12	3876.78	-502.86	-92.57	82.88	-12.45	6.48
2008-10-06T08:32:14	3869.40	-492.92	-92.87	82.88	-12.42	6.61
2008-10-06T08:32:16	3862.02	-482.98	-93.17	82.89	-12.40	6.74
2008-10-06T08:32:18	3854.63	-473.04	-93.47	82.89	-12.38	6.87
2008-10-06T08:32:20	3847.24	-463.10	-93.77	82.90	-12.36	7.00
2008-10-06T08:32:22	3839.84	-453.16	-94.07	82.88	-12.34	7.15
2008-10-06T08:32:24	3832.44	-443.22	-94.37	82.87	-12.33	7.29
2008-10-06T08:32:26	3825.03	-433.27	-94.67	82.87	-12.31	7.44
2008-10-06T08:32:28	3817.61	-423.33	-94.96	82.87	-12.29	7.58
2008-10-06T08:32:30	3810.19	-413.38	-95.26	82.87	-12.27	7.71
2008-10-06T08:32:32	3802.76	-403.44	-95.56	82.87	-12.25	7.85
2008-10-06T08:32:34	3795.32	-393.49	-95.86	82.89	-12.24	7.98
2008-10-06T08:32:36	3787.88	-383.54	-96.16	82.90	-12.21	8.12
2008-10-06T08:32:38	3780.44	-373.60	-96.46	82.90	-12.17	8.28
2008-10-06T08:32:40	3772.98	-363.65	-96.76	82.91	-12.13	8.43
2008-10-06T08:32:42	3765.53	-353.70	-97.06	82.91	-12.09	8.58
2008-10-06T08:32:44	3758.06	-343.75	-97.35	82.93	-12.04	8.72
2008-10-06T08:32:46	3750.59	-333.80	-97.65	82.96	-11.97	8.83
2008-10-06T08:32:48	3743.11	-323.85	-97.95	82.98	-11.91	8.95
2008-10-06T08:32:50	3735.63	-313.90	-98.25	83.01	-11.85	9.07
2008-10-06T08:32:52	3728.14	-303.94	-98.54	83.05	-11.80	9.21
2008-10-06T08:32:54	3720.64	-293.99	-98.84	83.09	-11.74	9.35
2008-10-06T08:32:56	3713.14	-284.04	-99.14	83.12	-11.67	9.49
2008-10-06T08:32:58	3705.64	-274.09	-99.43	83.14	-11.59	9.61
2008-10-06T08:33:00	3698.12	-264.13	-99.73	83.16	-11.50	9.74
2008-10-06T08:33:02	3690.60	-254.18	-100.03	83.16	-11.40	9.87
2008-10-06T08:33:04	3683.07	-244.22	-100.32	83.16	-11.31	10.00
2008-10-06T08:33:06	3675.54	-234.27	-100.62	83.16	-11.22	10.14
2008-10-06T08:33:08	3668.00	-224.31	-100.92	83.19	-11.10	10.33
2008-10-06T08:33:10	3660.45	-214.35	-101.21	83.23	-10.97	10.53
2008-10-06T08:33:12	3652.90	-204.40	-101.51	83.28	-10.84	10.75
2008-10-06T08:33:14	3645.34	-194.44	-101.80	83.33	-10.71	10.97
2008-10-06T08:33:16	3637.77	-184.48	-102.10	83.39	-10.57	11.19
2008-10-06T08:33:18	3630.20	-174.53	-102.39	83.45	-10.43	11.43
2008-10-06T08:33:20	3622.62	-164.57	-102.69	83.51	-10.30	11.65
2008-10-06T08:33:22	3615.04	-154.61	-102.98	83.53	-10.18	11.88
2008-10-06T08:33:24	3607.44	-144.65	-103.28	83.55	-10.07	12.11
2008-10-06T08:33:26	3599.84	-134.69	-103.57	83.58	-9.96	12.36
2008-10-06T08:33:28	3592.24	-124.73	-103.87	83.61	-9.87	12.61
2008-10-06T08:33:30	3584.63	-114.77	-104.16	83.65	-9.77	12.85
2008-10-06T08:33:32	3577.01	-104.81	-104.45	83.67	-9.65	13.06
2008-10-06T08:33:34	3569.38	-94.85	-104.75	83.68	-9.53	13.27
2008-10-06T08:33:36	3561.75	-84.89	-105.04	83.68	-9.39	13.48
2008-10-06T08:33:38	3554.11	-74.93	-105.33	83.66	-9.25	13.73
2008-10-06T08:33:40	3546.46	-64.97	-105.63	83.64	-9.11	13.97
2008-10-06T08:33:42	3538.81	-55.01	-105.92	83.62	-9.00	14.20
2008-10-06T08:33:44	3531.14	-45.05	-106.21	83.60	-8.90	14.42
2008-10-06T08:33:46	3523.48	-35.09	-106.50	83.59	-8.81	14.66
2008-10-06T08:33:48	3515.80	-25.12	-106.80	83.58	-8.71	14.90
2008-10-06T08:33:50	3508.12	-15.16	-107.09	83.58	-8.61	15.14
2008-10-06T08:33:52	3500.43	-5.20	-107.38	83.59	-8.49	15.44
2008-10-06T08:33:54	3492.73	4.76	-107.67	83.66	-8.27	15.68
2008-10-06T08:33:56	3485.03	14.72	-107.96	83.74	-8.07	15.91
2008-10-06T08:33:58	3477.32	24.68	-108.25	83.82	-7.89	16.16
2008-10-06T08:34:00	3469.60	34.64	-108.54	83.91	-7.73	16.41
2008-10-06T08:34:02	3461.87	44.61	-108.83	84.01	-7.61	16.66
2008-10-06T08:34:04	3454.14	54.57	-109.12	84.12	-7.50	16.93
2008-10-06T08:34:06	3446.40	64.53	-109.41	84.16	-7.23	17.23
2008-10-06T08:34:08	3438.66	74.49	-109.70	84.24	-6.93	17.56
2008-10-06T08:34:10	3430.90	84.45	-110.00	84.33	-6.64	17.91
2008-10-06T08:34:12	3423.14	94.41	-110.28	84.45	-6.35	18.26
2008-10-06T08:34:14	3415.37	104.37	-110.57	84.60	-6.08	18.61
2008-10-06T08:34:16	3407.59	114.33	-110.86	84.71	-5.78	19.00
2008-10-06T08:34:18	3399.81	124.29	-111.15	84.72	-5.45	19.43
2008-10-06T08:34:20	3392.01	134.25	-111.44	84.73	-5.16	19.84
2008-10-06T08:34:22	3384.22	144.21	-111.73	84.74	-4.86	20.28
2008-10-06T08:34:24	3376.41	154.17	-112.01	84.76	-4.59	20.74
2008-10-06T08:34:26	3368.59	164.13	-112.30	84.81	-4.34	21.22
2008-10-06T08:34:28	3360.77	174.09	-112.59	84.86	-3.97	21.72
2008-10-06T08:34:30	3352.94	184.05	-112.88	84.89	-3.50	22.20
2008-10-06T08:34:32	3345.10	194.01	-113.16	84.92	-3.04	22.64
2008-10-06T08:34:34	3337.26	203.96	-113.45	84.97	-2.58	23.03
2008-10-06T08:34:36	3329.40	213.92	-113.74	85.04	-2.18	23.47
2008-10-06T08:34:38	3321.54	223.88	-114.02	85.15	-1.86	24.00
2008-10-06T08:34:40	3313.67	233.83	-114.31	85.16	-1.76	24.75
2008-10-06T08:34:42	3305.79	243.79	-114.59	85.15	-1.68	25.51
2008-10-06T08:34:44	3297.91	253.75	-114.88	85.16	-1.58	26.23
2008-10-06T08:34:46	3290.02	263.70	-115.16	85.19	-1.46	26.89
2008-10-06T08:34:48	3282.11	273.65	-115.45	85.25	-1.32	27.51
2008-10-06T08:34:50	3274.20	283.61	-115.73	85.28	-1.17	28.07
2008-10-06T08:34:52	3266.29	293.56	-116.02	85.27	-1.06	28.29
2008-10-06T08:34:54	3258.36	303.51	-116.30	85.30	-0.93	28.50
2008-10-06T08:34:56	3250.43	313.46	-116.58	85.34	-0.79	28.69
2008-10-06T08:34:58	3242.49	323.41	-116.87	85.42	-0.62	28.86
2008-10-06T08:35:00	3234.53	333.36	-117.15	85.52	-0.45	29.01
2008-10-06T08:35:02	3226.58	343.31	-117.43	85.74	-0.34	29.15
2008-10-06T08:35:04	3218.61	353.26	-117.71	86.17	-0.43	29.31
2008-10-06T08:35:06	3210.63	363.21	-118.00	86.75	-0.38	29.53
2008-10-06T08:35:08	3202.65	373.15	-118.28	87.34	-0.29	29.84
2008-10-06T08:35:10	3194.66	383.10	-118.56	87.95	-0.16	30.25
2008-10-06T08:35:12	3186.66	393.04	-118.84	88.58	0.02	30.75
2008-10-06T08:35:14	3178.65	402.99	-119.12	89.02	0.10	31.27
2008-10-06T08:35:16	3170.64	412.93	-119.40	89.30	0.04	31.75
2008-10-06T08:35:18	3162.61	422.87	-119.68	89.57	-0.09	32.23
2008-10-06T08:35:20	3154.58	432.81	-119.96	89.54	-0.27	32.71
2008-10-06T08:35:22	3146.54	442.75	-120.24	89.48	-0.43	33.27
2008-10-06T08:35:24	3138.48	452.69	-120.52	89.42	-0.56	33.91
2008-10-06T08:35:26	3130.42	462.62	-120.80	89.28	-0.53	34.43
2008-10-06T08:35:28	3122.36	472.56	-121.08	89.22	-0.49	34.91
2008-10-06T08:35:30	3114.28	482.49	-121.35	89.29	-0.47	35.38
2008-10-06T08:35:32	3106.19	492.42	-121.63	89.48	-0.48	35.85
2008-10-06T08:35:34	3098.10	502.35	-121.91	89.61	-0.41	36.29
2008-10-06T08:35:36	3090.00	512.29	-122.19	89.66	-0.30	36.79
2008-10-06T08:35:38	3081.88	522.21	-122.46	89.66	-0.10	37.40
2008-10-06T08:35:40	3073.76	532.14	-122.74	89.67	0.04	38.02
2008-10-06T08:35:42	3065.63	542.07	-123.02	89.69	0.11	38.65
2008-10-06T08:35:44	3057.50	551.99	-123.29	89.72	0.11	39.30
2008-10-06T08:35:46	3049.35	561.91	-123.57	89.77	0.04	39.96
2008-10-06T08:35:48	3041.19	571.83	-123.84	90.00	0.08	40.68
2008-10-06T08:35:50	3033.02	581.75	-124.12	90.17	0.25	41.46
2008-10-06T08:35:52	3024.85	591.67	-124.39	90.29	0.39	42.18
2008-10-06T08:35:54	3016.67	601.58	-124.66	90.37	0.49	42.83
2008-10-06T08:35:56	3008.48	611.50	-124.94	90.40	0.55	43.42
2008-10-06T08:35:58	3000.28	621.41	-125.21	90.40	0.58	43.95
2008-10-06T08:36:00	2992.06	631.32	-125.48	90.55	0.60	44.37
2008-10-06T08:36:02	2983.84	641.23	-125.76	91.00	0.69	44.80
2008-10-06T08:36:04	2975.61	651.14	-126.03	91.46	0.82	45.28
2008-10-06T08:36:06	2967.38	661.04	-126.30	91.93	0.99	45.79
2008-10-06T08:36:08	2959.13	670.94	-126.57	92.40	1.18	46.32
2008-10-06T08:36:10	2950.87	680.84	-126.84	92.87	1.41	46.89
2008-10-06T08:36:12	2942.61	690.74	-127.11	93.34	1.70	47.50
2008-10-06T08:36:14	2934.33	700.64	-127.38	93.90	1.97	48.13
2008-10-06T08:36:16	2926.05	710.53	-127.65	94.36	2.33	48.58
2008-10-06T08:36:18	2917.75	720.42	-127.92	94.71	2.72	49.07
2008-10-06T08:36:20	2909.45	730.31	-128.19	94.98	3.16	49.65
2008-10-06T08:36:22	2901.14	740.20	-128.46	95.17	3.62	50.32
2008-10-06T08:36:24	2892.81	750.08	-128.72	95.34	3.96	50.95
2008-10-06T08:36:26	2884.48	759.96	-128.99	95.60	4.24	51.69
2008-10-06T08:36:28	2876.14	769.84	-129.26	95.94	4.46	52.55
2008-10-06T08:36:30	2867.79	779.72	-129.52	96.78	4.69	53.34
2008-10-06T08:36:32	2859.43	789.59	-129.79	97.52	4.97	54.08
2008-10-06T08:36:34	2851.06	799.47	-130.06	98.12	5.27	54.72
2008-10-06T08:36:36	2842.68	809.34	-130.32	98.49	5.42	55.13
2008-10-06T08:36:38	2834.29	819.20	-130.59	98.79	5.54	55.54
2008-10-06T08:36:40	2825.89	829.07	-130.85	99.02	5.62	55.93
2008-10-06T08:36:42	2817.48	838.93	-131.11	99.16	5.70	56.35
2008-10-06T08:36:44	2809.06	848.78	-131.38	99.10	5.91	56.95
2008-10-06T08:36:46	2800.63	858.64	-131.64	99.16	6.17	57.63
2008-10-06T08:36:48	2792.20	868.49	-131.90	99.52	6.40	58.35
2008-10-06T08:36:50	2783.75	878.34	-132.17	100.03	6.55	59.05
2008-10-06T08:36:52	2775.29	888.18	-132.43	100.70	6.63	59.73
2008-10-06T08:36:54	2766.82	898.03	-132.69	101.52	6.63	60.39
2008-10-06T08:36:56	2758.35	907.87	-132.95	102.13	6.71	60.97
2008-10-06T08:36:58	2749.86	917.70	-133.21	101.94	7.27	61.37
2008-10-06T08:37:00	2741.36	927.54	-133.47	101.72	7.97	61.69
2008-10-06T08:37:02	2732.86	937.37	-133.73	101.66	8.65	62.09
2008-10-06T08:37:04	2724.34	947.19	-133.99	101.76	9.29	62.54
2008-10-06T08:37:06	2715.82	957.02	-134.24	102.02	9.90	63.06
2008-10-06T08:37:08	2707.28	966.84	-134.50	102.44	10.48	63.64
2008-10-06T08:37:10	2698.73	976.65	-134.76	102.72	11.16	64.04
2008-10-06T08:37:12	2690.17	986.47	-135.01	102.89	11.90	64.37
2008-10-06T08:37:14	2681.61	996.27	-135.27	103.00	12.63	64.76
2008-10-06T08:37:16	2673.03	1006.08	-135.53	103.07	13.36	65.20
2008-10-06T08:37:18	2664.45	1015.88	-135.78	103.08	14.09	65.70
2008-10-06T08:37:20	2655.85	1025.68	-136.04	103.05	14.82	66.26
2008-10-06T08:37:22	2647.24	1035.47	-136.29	103.12	15.64	66.98
2008-10-06T08:37:24	2638.63	1045.26	-136.54	103.31	16.29	67.94
2008-10-06T08:37:26	2630.00	1055.05	-136.80	103.52	16.83	68.82
2008-10-06T08:37:28	2621.36	1064.83	-137.05	103.75	17.27	69.63
2008-10-06T08:37:30	2612.71	1074.61	-137.30	103.99	17.61	70.36
2008-10-06T08:37:32	2604.06	1084.38	-137.56	104.20	17.83	70.97
2008-10-06T08:37:34	2595.39	1094.15	-137.81	103.82	17.99	71.02
2008-10-06T08:37:36	2586.71	1103.91	-138.06	103.23	18.15	71.11
2008-10-06T08:37:38	2578.02	1113.67	-138.31	102.46	18.39	71.33
2008-10-06T08:37:40	2569.32	1123.43	-138.56	101.83	18.61	71.60
2008-10-06T08:37:42	2560.62	1133.18	-138.80	101.34	18.83	71.90
2008-10-06T08:37:44	2551.90	1142.93	-139.05	100.96	19.11	72.27
2008-10-06T08:37:46	2543.17	1152.67	-139.30	100.47	19.61	72.73
2008-10-06T08:37:48	2534.43	1162.41	-139.55	99.89	20.03	73.08
2008-10-06T08:37:50	2525.68	1172.14	-139.79	99.47	20.60	73.48
2008-10-06T08:37:52	2516.93	1181.87	-140.04	99.31	21.18	73.86
2008-10-06T08:37:54	2508.15	1191.60	-140.29	99.39	21.73	74.16
2008-10-06T08:37:56	2499.37	1201.31	-140.53	99.76	22.28	74.58
2008-10-06T08:37:58	2490.59	1211.03	-140.78	100.18	22.90	75.35
2008-10-06T08:38:00	2481.79	1220.74	-141.02	100.39	23.59	76.12
2008-10-06T08:38:02	2472.97	1230.44	-141.26	100.38	24.30	76.83
2008-10-06T08:38:04	2464.16	1240.14	-141.50	100.17	24.99	77.38
2008-10-06T08:38:06	2455.32	1249.83	-141.75	99.77	25.84	77.95
2008-10-06T08:38:08	2446.48	1259.52	-141.99	99.14	26.45	78.33
2008-10-06T08:38:10	2437.63	1269.21	-142.23	98.35	26.62	78.56
2008-10-06T08:38:12	2428.77	1278.88	-142.47	97.52	26.79	78.97
2008-10-06T08:38:14	2419.90	1288.56	-142.71	96.63	26.97	79.54
2008-10-06T08:38:16	2411.02	1298.22	-142.94	96.02	26.96	80.13
2008-10-06T08:38:18	2402.12	1307.89	-143.18	95.21	26.92	80.65
2008-10-06T08:38:20	2393.22	1317.54	-143.42	94.62	27.09	80.96
2008-10-06T08:38:22	2384.31	1327.19	-143.66	94.41	27.43	81.13
2008-10-06T08:38:24	2375.38	1336.84	-143.90	94.24	27.79	81.32
2008-10-06T08:38:26	2366.45	1346.48	-144.13	94.08	28.15	81.52
2008-10-06T08:38:28	2357.51	1356.11	-144.37	94.23	28.89	81.82
2008-10-06T08:38:30	2348.55	1365.74	-144.60	94.82	30.16	82.42
2008-10-06T08:38:32	2339.59	1375.36	-144.84	95.53	31.44	83.32
2008-10-06T08:38:34	2330.61	1384.98	-145.07	96.20	32.67	84.20
2008-10-06T08:38:36	2321.63	1394.58	-145.30	96.77	33.86	84.96
2008-10-06T08:38:38	2312.63	1404.19	-145.53	97.23	35.01	85.60
2008-10-06T08:38:40	2303.63	1413.78	-145.77	97.57	36.13	86.10
2008-10-06T08:38:42	2294.61	1423.38	-145.99	97.22	37.51	86.02
2008-10-06T08:38:44	2285.59	1432.96	-146.22	96.72	38.29	85.84
2008-10-06T08:38:46	2276.55	1442.54	-146.46	96.20	38.66	85.69
2008-10-06T08:38:48	2267.51	1452.11	-146.68	95.75	38.97	85.59
2008-10-06T08:38:50	2258.45	1461.67	-146.91	95.35	39.23	85.54
2008-10-06T08:38:52	2249.38	1471.23	-147.14	95.01	39.45	85.52
2008-10-06T08:38:54	2240.31	1480.79	-147.37	94.72	40.29	86.33
2008-10-06T08:38:56	2231.22	1490.33	-147.59	94.65	42.33	87.44
2008-10-06T08:38:58	2222.13	1499.87	-147.82	94.66	44.26	88.60
2008-10-06T08:39:00	2213.02	1509.40	-148.04	94.61	45.73	89.85
2008-10-06T08:39:02	2203.90	1518.93	-148.27	94.51	46.74	91.18
2008-10-06T08:39:04	2194.78	1528.45	-148.49	94.37	47.28	92.61
2008-10-06T08:39:06	2185.64	1537.96	-148.71	94.31	47.24	93.61
2008-10-06T08:39:08	2176.49	1547.46	-148.94	94.00	47.50	93.55
2008-10-06T08:39:10	2167.33	1556.96	-149.15	93.54	48.06	93.47
2008-10-06T08:39:12	2158.17	1566.45	-149.38	93.08	48.68	93.67
2008-10-06T08:39:14	2148.99	1575.93	-149.60	92.61	49.35	94.14
2008-10-06T08:39:16	2139.80	1585.41	-149.82	92.13	50.06	94.87
2008-10-06T08:39:18	2130.61	1594.87	-150.03	91.77	50.85	95.81
2008-10-06T08:39:20	2121.40	1604.33	-150.25	91.82	51.62	96.45
2008-10-06T08:39:22	2112.19	1613.79	-150.47	92.05	52.36	97.04
2008-10-06T08:39:24	2102.96	1623.23	-150.68	92.48	53.23	97.66
2008-10-06T08:39:26	2093.72	1632.67	-150.90	93.12	54.21	98.30
2008-10-06T08:39:28	2084.48	1642.10	-151.12	93.96	55.32	98.95
2008-10-06T08:39:30	2075.22	1651.52	-151.33	94.99	56.54	99.63
2008-10-06T08:39:32	2065.96	1660.94	-151.54	94.04	56.83	99.85
2008-10-06T08:39:34	2056.69	1670.35	-151.76	92.81	57.02	99.93
2008-10-06T08:39:36	2047.40	1679.75	-151.97	91.77	57.34	99.97
2008-10-06T08:39:38	2038.11	1689.14	-152.18	90.93	57.78	99.97
2008-10-06T08:39:40	2028.80	1698.52	-152.39	90.28	58.34	99.91
2008-10-06T08:39:42	2019.49	1707.90	-152.60	89.83	59.03	99.81
2008-10-06T08:39:44	2010.17	1717.27	-152.81	89.34	59.72	100.28
2008-10-06T08:39:46	2000.83	1726.63	-153.02	88.78	60.41	100.92
2008-10-06T08:39:48	1991.49	1735.98	-153.23	88.32	61.17	101.47
2008-10-06T08:39:50	1982.14	1745.32	-153.43	87.95	62.00	101.94
2008-10-06T08:39:52	1972.78	1754.66	-153.64	87.66	62.92	102.31
2008-10-06T08:39:54	1963.41	1763.98	-153.85	87.46	63.91	102.60
2008-10-06T08:39:56	1954.03	1773.30	-154.05	87.71	64.58	102.64
2008-10-06T08:39:58	1944.65	1782.61	-154.26	88.07	65.03	102.71
2008-10-06T08:40:00	1935.25	1791.91	-154.46	88.16	65.55	102.87
2008-10-06T08:40:02	1925.84	1801.20	-154.66	87.98	66.15	103.12
2008-10-06T08:40:04	1916.42	1810.49	-154.86	87.52	66.82	103.46
2008-10-06T08:40:06	1907.00	1819.76	-155.06	86.79	67.58	103.88
2008-10-06T08:40:08	1897.57	1829.03	-155.27	86.14	67.95	104.43
2008-10-06T08:40:10	1888.12	1838.29	-155.46	85.94	67.90	104.87
2008-10-06T08:40:12	1878.67	1847.54	-155.66	85.73	68.04	105.19
2008-10-06T08:40:14	1869.21	1856.78	-155.86	85.49	68.39	105.39
2008-10-06T08:40:16	1859.74	1866.01	-156.06	85.24	68.93	105.47
2008-10-06T08:40:18	1850.26	1875.24	-156.26	84.98	69.68	105.43
2008-10-06T08:40:20	1840.77	1884.45	-156.45	84.60	70.47	105.43
2008-10-06T08:40:22	1831.28	1893.65	-156.65	84.18	70.60	105.93
2008-10-06T08:40:24	1821.77	1902.85	-156.84	83.72	70.69	106.34
2008-10-06T08:40:26	1812.25	1912.04	-157.04	83.21	70.75	106.66
2008-10-06T08:40:28	1802.73	1921.21	-157.23	82.66	70.77	106.87
2008-10-06T08:40:30	1793.20	1930.38	-157.42	82.06	70.75	106.98
2008-10-06T08:40:32	1783.66	1939.54	-157.61	81.50	70.81	107.25
2008-10-06T08:40:34	1774.11	1948.69	-157.80	81.20	71.42	107.68
2008-10-06T08:40:36	1764.56	1957.83	-157.99	80.96	72.11	108.04
2008-10-06T08:40:38	1754.99	1966.96	-158.18	80.73	72.77	108.33
2008-10-06T08:40:40	1745.42	1976.09	-158.37	80.49	73.39	108.54
2008-10-06T08:40:42	1735.84	1985.20	-158.56	80.26	73.98	108.68
2008-10-06T08:40:44	1726.24	1994.30	-158.75	79.93	74.57	108.75
2008-10-06T08:40:46	1716.64	2003.40	-158.93	79.35	74.98	109.02
2008-10-06T08:40:48	1707.04	2012.48	-159.12	78.80	75.25	109.47
2008-10-06T08:40:50	1697.43	2021.55	-159.30	78.35	75.50	109.85
2008-10-06T08:40:52	1687.80	2030.62	-159.49	77.99	75.72	110.15
2008-10-06T08:40:54	1678.17	2039.67	-159.67	77.73	75.93	110.38
2008-10-06T08:40:56	1668.53	2048.72	-159.85	77.30	76.14	110.78
2008-10-06T08:40:58	1658.89	2057.76	-160.03	76.55	76.43	111.14
2008-10-06T08:41:00	1649.23	2066.78	-160.22	75.84	76.63	111.33
2008-10-06T08:41:02	1639.57	2075.80	-160.40	75.44	76.70	111.55
2008-10-06T08:41:04	1629.90	2084.81	-160.57	75.36	76.63	111.79
2008-10-06T08:41:06	1620.22	2093.80	-160.75	75.60	76.43	112.06
2008-10-06T08:41:08	1610.54	2102.79	-160.93	75.78	76.50	112.05
2008-10-06T08:41:10	1600.84	2111.77	-161.11	75.69	76.80	111.92
2008-10-06T08:41:12	1591.14	2120.73	-161.28	75.03	77.44	111.62
2008-10-06T08:41:14	1581.44	2129.69	-161.46	74.31	77.85	111.30
2008-10-06T08:41:16	1571.72	2138.64	-161.64	73.61	77.97	110.97
2008-10-06T08:41:18	1562.00	2147.58	-161.81	72.91	77.81	110.64
2008-10-06T08:41:20	1552.27	2156.50	-161.98	72.41	77.52	110.61
2008-10-06T08:41:22	1542.53	2165.42	-162.16	71.96	77.33	110.71
2008-10-06T08:41:24	1532.79	2174.33	-162.33	71.55	77.35	111.00
2008-10-06T08:41:26	1523.04	2183.23	-162.50	71.20	77.46	111.40
2008-10-06T08:41:28	1513.28	2192.11	-162.67	70.89	77.50	111.76
2008-10-06T08:41:30	1503.51	2200.99	-162.84	70.63	77.46	112.11
2008-10-06T08:41:32	1493.74	2209.86	-163.01	70.07	77.25	112.07
2008-10-06T08:41:34	1483.97	2218.70	-163.18	69.54	76.93	111.88
2008-10-06T08:41:36	1474.18	2227.56	-163.34	69.03	76.49	111.56
2008-10-06T08:41:38	1464.38	2236.40	-163.51	68.62	76.66	111.56
2008-10-06T08:41:40	1454.58	2245.22	-163.68	68.08	76.84	111.65
2008-10-06T08:41:42	1444.78	2254.04	-163.84	67.44	77.06	111.89
2008-10-06T08:41:44	1434.97	2262.84	-164.00	67.00	77.34	112.39
2008-10-06T08:41:46	1425.15	2271.64	-164.17	66.49	77.39	112.81
2008-10-06T08:41:48	1415.32	2280.42	-164.33	65.92	77.22	113.14
2008-10-06T08:41:50	1405.49	2289.20	-164.49	65.34	76.92	113.36
2008-10-06T08:41:52	1395.65	2297.97	-164.65	64.83	76.82	113.54
2008-10-06T08:41:54	1385.81	2306.72	-164.81	64.34	77.07	113.71
2008-10-06T08:41:56	1375.96	2315.46	-164.97	63.94	77.57	113.83
2008-10-06T08:41:58	1366.10	2324.20	-165.13	63.60	77.97	113.92
2008-10-06T08:42:00	1356.24	2332.92	-165.29	63.33	78.26	113.97
2008-10-06T08:42:02	1346.37	2341.63	-165.45	63.12	78.45	114.00
2008-10-06T08:42:04	1336.50	2350.33	-165.61	63.07	78.36	113.91
2008-10-06T08:42:06	1326.62	2359.03	-165.76	62.77	78.15	113.91
2008-10-06T08:42:08	1316.73	2367.71	-165.92	62.21	77.87	113.98
2008-10-06T08:42:10	1306.84	2376.38	-166.07	61.55	77.64	114.07
2008-10-06T08:42:12	1296.94	2385.04	-166.23	60.80	77.45	114.20
2008-10-06T08:42:14	1287.04	2393.69	-166.38	59.96	77.33	114.36
2008-10-06T08:42:16	1277.13	2402.33	-166.53	59.06	77.22	114.53
2008-10-06T08:42:18	1267.21	2410.96	-166.68	58.44	77.06	114.55
2008-10-06T08:42:20	1257.29	2419.58	-166.84	57.93	76.84	114.53
2008-10-06T08:42:22	1247.37	2428.19	-166.98	57.45	76.54	114.50
2008-10-06T08:42:24	1237.44	2436.79	-167.13	56.99	76.17	114.48
2008-10-06T08:42:26	1227.50	2445.38	-167.28	56.56	75.74	114.44
2008-10-06T08:42:28	1217.56	2453.95	-167.43	56.15	75.22	114.41
2008-10-06T08:42:30	1207.61	2462.52	-167.58	55.77	75.58	114.26
2008-10-06T08:42:32	1197.66	2471.08	-167.73	55.42	75.87	114.08
2008-10-06T08:42:34	1187.70	2479.62	-167.87	55.13	75.98	113.92
2008-10-06T08:42:36	1177.74	2488.16	-168.02	54.89	75.89	113.79
2008-10-06T08:42:38	1167.78	2496.68	-168.16	54.70	75.60	113.68
2008-10-06T08:42:40	1157.81	2505.20	-168.30	54.42	75.14	113.52
2008-10-06T08:42:42	1147.83	2513.70	-168.45	53.69	74.69	113.14
2008-10-06T08:42:44	1137.85	2522.20	-168.59	52.97	74.39	112.90
2008-10-06T08:42:46	1127.86	2530.68	-168.73	52.20	74.12	112.77
2008-10-06T08:42:48	1117.87	2539.15	-168.87	51.40	73.87	112.77
2008-10-06T08:42:50	1107.88	2547.62	-169.01	50.55	73.64	112.88
2008-10-06T08:42:52	1097.88	2556.07	-169.15	49.92	73.41	113.07
2008-10-06T08:42:54	1087.88	2564.51	-169.29	49.54	73.20	113.18
2008-10-06T08:42:56	1077.87	2572.95	-169.43	49.29	73.01	113.13
2008-10-06T08:42:58	1067.86	2581.37	-169.57	49.20	72.77	112.96
2008-10-06T08:43:00	1057.84	2589.78	-169.70	49.04	72.56	112.81
2008-10-06T08:43:02	1047.82	2598.18	-169.84	48.82	72.37	112.67
2008-10-06T08:43:04	1037.79	2606.57	-169.98	48.45	72.04	112.36
2008-10-06T08:43:06	1027.76	2614.95	-170.11	48.02	71.65	112.05
2008-10-06T08:43:08	1017.73	2623.32	-170.25	47.57	71.24	111.80
2008-10-06T08:43:10	1007.70	2631.68	-170.38	47.09	70.84	111.69
2008-10-06T08:43:12	997.65	2640.03	-170.51	46.56	70.48	111.65
2008-10-06T08:43:14	987.61	2648.37	-170.64	45.97	70.13	111.58
2008-10-06T08:43:16	977.56	2656.70	-170.78	45.46	69.76	111.63
2008-10-06T08:43:18	967.51	2665.02	-170.91	44.96	69.32	111.70
2008-10-06T08:43:20	957.45	2673.33	-171.04	44.47	68.80	111.77
2008-10-06T08:43:22	947.39	2681.62	-171.17	43.99	68.20	111.85
2008-10-06T08:43:24	937.33	2689.91	-171.30	43.55	67.97	111.99
2008-10-06T08:43:26	927.26	2698.19	-171.42	43.21	68.20	112.11
2008-10-06T08:43:28	917.19	2706.46	-171.55	42.96	68.42	112.09
2008-10-06T08:43:30	907.12	2714.71	-171.68	42.74	68.48	112.05
2008-10-06T08:43:32	897.04	2722.96	-171.81	42.55	68.39	111.99
2008-10-06T08:43:34	886.96	2731.20	-171.93	42.40	68.14	111.90
2008-10-06T08:43:36	876.88	2739.43	-172.06	42.28	67.73	111.79
2008-10-06T08:43:38	866.79	2747.64	-172.18	41.84	67.21	111.71
2008-10-06T08:43:40	856.70	2755.85	-172.31	41.23	66.73	111.57
2008-10-06T08:43:42	846.61	2764.05	-172.43	40.58	66.31	111.37
2008-10-06T08:43:44	836.51	2772.24	-172.55	39.89	65.95	111.10
2008-10-06T08:43:46	826.42	2780.42	-172.67	39.16	65.65	110.77
2008-10-06T08:43:48	816.31	2788.58	-172.80	38.43	65.42	110.40
2008-10-06T08:43:50	806.21	2796.74	-172.92	38.04	65.18	110.40
2008-10-06T08:43:52	796.10	2804.89	-173.04	37.92	64.89	110.56
2008-10-06T08:43:54	785.99	2813.03	-173.15	37.83	64.58	110.66
2008-10-06T08:43:56	775.88	2821.15	-173.27	37.66	64.27	110.69
2008-10-06T08:43:58	765.76	2829.27	-173.39	37.41	63.96	110.66
2008-10-06T08:44:00	755.65	2837.38	-173.51	37.03	63.64	110.42
2008-10-06T08:44:02	745.52	2845.48	-173.63	36.55	63.35	109.96
2008-10-06T08:44:04	735.40	2853.57	-173.75	36.09	63.13	109.46
2008-10-06T08:44:06	725.27	2861.65	-173.86	35.70	62.79	109.11
2008-10-06T08:44:08	715.15	2869.72	-173.97	35.35	62.35	108.94
2008-10-06T08:44:10	705.02	2877.78	-174.09	35.03	61.90	108.86
2008-10-06T08:44:12	694.88	2885.83	-174.20	34.70	61.42	108.87
2008-10-06T08:44:14	684.75	2893.87	-174.32	34.33	60.93	108.87
2008-10-06T08:44:16	674.61	2901.90	-174.43	33.91	60.45	108.86
2008-10-06T08:44:18	664.47	2909.92	-174.54	33.45	59.97	108.84
2008-10-06T08:44:20	654.33	2917.93	-174.66	33.02	59.61	108.60
2008-10-06T08:44:22	644.18	2925.93	-174.76	32.64	59.32	108.14
2008-10-06T08:44:24	634.04	2933.93	-174.87	32.35	59.13	107.74
2008-10-06T08:44:26	623.89	2941.91	-174.99	32.11	58.92	107.43
2008-10-06T08:44:28	613.74	2949.88	-175.10	31.92	58.67	107.21
2008-10-06T08:44:30	603.59	2957.85	-175.20	31.79	58.39	107.07
2008-10-06T08:44:32	593.43	2965.80	-175.31	31.72	58.07	107.03
2008-10-06T08:44:34	583.28	2973.75	-175.42	31.55	57.63	106.77
2008-10-06T08:44:36	573.12	2981.68	-175.53	31.21	57.15	106.21
2008-10-06T08:44:38	562.96	2989.61	-175.64	30.93	56.74	105.66
2008-10-06T08:44:40	552.80	2997.53	-175.74	30.71	56.40	105.14
2008-10-06T08:44:42	542.63	3005.44	-175.85	30.54	56.12	104.65
2008-10-06T08:44:44	532.47	3013.34	-175.95	30.43	55.91	104.17
2008-10-06T08:44:46	522.30	3021.23	-176.06	30.07	55.72	103.78
2008-10-06T08:44:48	512.14	3029.11	-176.16	29.68	55.53	103.45
2008-10-06T08:44:50	501.97	3036.98	-176.27	29.21	55.22	103.38
2008-10-06T08:44:52	491.80	3044.84	-176.37	28.77	54.85	103.29
2008-10-06T08:44:54	481.62	3052.70	-176.47	28.35	54.43	103.19
2008-10-06T08:44:56	471.45	3060.54	-176.57	27.97	53.95	103.09
2008-10-06T08:44:58	461.28	3068.38	-176.67	27.63	53.48	103.00
2008-10-06T08:45:00	451.10	3076.20	-176.77	27.25	53.10	102.87
2008-10-06T08:45:02	440.92	3084.02	-176.88	26.85	52.81	102.70
2008-10-06T08:45:04	430.75	3091.83	-176.98	26.65	52.50	102.46
2008-10-06T08:45:06	420.57	3099.63	-177.07	26.47	52.16	102.19
2008-10-06T08:45:08	410.38	3107.42	-177.17	26.41	51.66	101.96
2008-10-06T08:45:10	400.20	3115.20	-177.27	26.33	51.04	101.72
2008-10-06T08:45:12	390.02	3122.98	-177.37	26.16	50.36	101.44
2008-10-06T08:45:14	379.83	3130.74	-177.47	25.90	49.63	101.10
2008-10-06T08:45:16	369.65	3138.50	-177.56	25.55	48.85	100.71
2008-10-06T08:45:18	359.46	3146.25	-177.66	25.16	48.21	100.44
2008-10-06T08:45:20	349.27	3153.98	-177.76	24.79	47.89	100.46
2008-10-06T08:45:22	339.09	3161.71	-177.85	24.43	47.57	100.50
2008-10-06T08:45:24	328.90	3169.44	-177.95	24.09	47.26	100.55
2008-10-06T08:45:26	318.71	3177.15	-178.04	23.76	46.96	100.63
2008-10-06T08:45:28	308.52	3184.85	-178.13	23.45	46.67	100.72
2008-10-06T08:45:30	298.32	3192.55	-178.23	23.13	46.41	100.67
2008-10-06T08:45:32	288.13	3200.24	-178.32	22.76	46.15	100.39
2008-10-06T08:45:34	277.94	3207.91	-178.41	22.35	45.61	99.96
2008-10-06T08:45:36	267.75	3215.59	-178.51	22.05	45.14	99.46
2008-10-06T08:45:38	257.55	3223.25	-178.60	21.85	44.73	98.90
2008-10-06T08:45:40	247.36	3230.90	-178.69	21.75	44.40	98.27
2008-10-06T08:45:42	237.16	3238.55	-178.78	21.71	44.08	97.99
2008-10-06T08:45:44	226.96	3246.19	-178.87	21.67	43.85	97.90
2008-10-06T08:45:46	216.77	3253.82	-178.96	21.64	43.73	97.90
2008-10-06T08:45:48	206.57	3261.44	-179.05	21.60	43.63	98.01
2008-10-06T08:45:50	196.37	3269.05	-179.14	21.53	43.36	98.02
2008-10-06T08:45:52	186.17	3276.65	-179.23	21.42	42.88	97.86
2008-10-06T08:45:54	175.98	3284.25	-179.31	21.22	42.29	97.68
2008-10-06T08:45:56	165.78	3291.84	-179.40	21.00	41.78	97.56
2008-10-06T08:45:58	155.57	3299.42	-179.49	20.77	41.34	97.50
2008-10-06T08:46:00	145.38	3306.99	-179.57	20.52	40.98	97.50
2008-10-06T08:46:02	135.18	3314.56	-179.66	20.25	40.69	97.56
2008-10-06T08:46:04	124.97	3322.11	-179.75	20.09	40.13	97.66
2008-10-06T08:46:06	114.78	3329.66	-179.83	19.93	39.46	97.77
2008-10-06T08:46:08	104.57	3337.21	-179.92	19.71	38.83	97.96
2008-10-06T08:46:10	94.37	3344.74	-180.00	19.43	38.24	98.22
2008-10-06T08:46:12	84.17	3352.26	-180.08	19.09	37.70	98.56
2008-10-06T08:46:14	73.97	3359.78	-180.17	18.70	37.20	98.98
2008-10-06T08:46:16	63.77	3367.29	-180.25	18.45	36.74	98.54
2008-10-06T08:46:18	53.57	3374.79	-180.34	18.36	36.24	97.80
2008-10-06T08:46:20	43.36	3382.29	-180.42	18.34	35.75	96.84
2008-10-06T08:46:22	33.16	3389.77	-180.50	18.28	35.26	95.90
2008-10-06T08:46:24	22.96	3397.25	-180.58	18.18	34.77	95.00
2008-10-06T08:46:26	12.76	3404.72	-180.66	18.02	34.40	94.30
2008-10-06T08:46:28	2.56	3412.19	-180.74	17.76	34.23	93.93
2008-10-06T08:46:30	-7.65	3419.65	-180.82	17.46	34.10	93.64
2008-10-06T08:46:32	-17.85	3427.10	-180.90	17.11	33.99	93.40
2008-10-06T08:46:34	-28.05	3434.54	-180.98	16.80	33.75	93.43
2008-10-06T08:46:36	-38.25	3441.97	-181.06	16.64	33.44	93.53
2008-10-06T08:46:38	-48.45	3449.40	-181.14	16.60	32.99	93.61
2008-10-06T08:46:40	-58.66	3456.82	-181.22	16.51	32.61	93.79
2008-10-06T08:46:42	-68.86	3464.23	-181.30	16.35	32.32	94.10
2008-10-06T08:46:44	-79.06	3471.64	-181.37	16.11	32.13	94.53
2008-10-06T08:46:46	-89.26	3479.03	-181.45	15.80	32.03	95.10
2008-10-06T08:46:48	-99.46	3486.43	-181.53	15.44	31.97	95.54
2008-10-06T08:46:50	-109.66	3493.81	-181.61	15.22	31.63	94.75
2008-10-06T08:46:52	-119.86	3501.19	-181.68	15.00	31.32	94.21
2008-10-06T08:46:54	-130.06	3508.55	-181.76	14.80	31.02	93.92
2008-10-06T08:46:56	-140.26	3515.92	-181.83	14.60	30.75	93.88
2008-10-06T08:46:58	-150.46	3523.27	-181.91	14.41	30.51	94.08
2008-10-06T08:47:00	-160.66	3530.62	-181.98	14.01	30.02	94.34
2008-10-06T08:47:02	-170.86	3537.96	-182.06	13.38	29.29	94.45
2008-10-06T08:47:04	-181.06	3545.30	-182.13	12.71	28.52	94.33
2008-10-06T08:47:06	-191.25	3552.62	-182.20	12.27	27.77	93.96
2008-10-06T08:47:08	-201.45	3559.94	-182.28	12.00	27.07	93.63
2008-10-06T08:47:10	-211.65	3567.26	-182.35	11.90	26.43	93.36
2008-10-06T08:47:12	-221.84	3574.57	-182.42	12.04	26.53	93.19
2008-10-06T08:47:14	-232.04	3581.86	-182.49	12.17	26.68	93.06
2008-10-06T08:47:16	-242.24	3589.16	-182.57	12.28	26.86	92.99
2008-10-06T08:47:18	-252.44	3596.45	-182.64	12.37	27.05	92.97
2008-10-06T08:47:20	-262.63	3603.72	-182.71	12.45	27.19	93.05
2008-10-06T08:47:22	-272.82	3611.00	-182.78	12.84	27.03	93.04
2008-10-06T08:47:24	-283.02	3618.26	-182.85	13.41	26.58	92.61
2008-10-06T08:47:26	-293.21	3625.53	-182.92	13.76	26.12	92.00
2008-10-06T08:47:28	-303.40	3632.78	-182.99	13.88	25.64	91.21
2008-10-06T08:47:30	-313.60	3640.03	-183.06	13.78	25.15	90.24
2008-10-06T08:47:32	-323.79	3647.27	-183.13	13.46	24.65	89.08
2008-10-06T08:47:34	-333.98	3654.50	-183.20	13.16	24.51	88.45
2008-10-06T08:47:36	-344.17	3661.73	-183.27	12.96	24.34	87.07
2008-10-06T08:47:38	-354.36	3668.95	-183.33	12.55	23.99	84.93
2008-10-06T08:47:40	-364.55	3676.16	-183.40	11.88	23.49	82.44
2008-10-06T08:47:42	-374.74	3683.37	-183.47	10.95	22.83	79.59
2008-10-06T08:47:44	-384.92	3690.57	-183.54	9.73	21.97	76.37
2008-10-06T08:47:46	-395.11	3697.77	-183.61	8.05	20.69	73.07
2008-10-06T08:47:48	-405.30	3704.96	-183.67	6.22	19.48	70.08
2008-10-06T08:47:50	-415.48	3712.14	-183.74	4.26	18.36	67.38
2008-10-06T08:47:52	-425.67	3719.32	-183.80	2.94	17.70	64.85
2008-10-06T08:47:54	-435.85	3726.49	-183.87	2.06	17.31	62.32
2008-10-06T08:47:56	-446.03	3733.65	-183.93	1.81	16.99	59.26
2008-10-06T08:47:58	-456.21	3740.81	-184.00	2.02	16.58	56.04
2008-10-06T08:48:00	-466.40	3747.96	-184.06	2.18	16.07	53.30
2008-10-06T08:48:02	-476.58	3755.11	-184.13	2.30	15.45	51.03
2008-10-06T08:48:04	-486.76	3762.25	-184.19	2.37	14.72	49.24
2008-10-06T08:48:06	-496.94	3769.38	-184.26	2.40	13.88	47.93
2008-10-06T08:48:08	-507.11	3776.51	-184.32	1.71	12.52	46.27
2008-10-06T08:48:10	-517.29	3783.63	-184.38	0.84	11.05	44.60
2008-10-06T08:48:12	-527.47	3790.75	-184.45	-0.04	9.53	43.01
2008-10-06T08:48:14	-537.65	3797.86	-184.51	-0.94	7.97	41.51
2008-10-06T08:48:16	-547.82	3804.97	-184.57	-1.84	6.37	40.09
2008-10-06T08:48:18	-558.00	3812.07	-184.63	-2.49	5.08	38.63
2008-10-06T08:48:20	-568.17	3819.16	-184.70	-2.30	4.81	36.79
2008-10-06T08:48:22	-578.34	3826.24	-184.76	-1.96	4.67	34.87
2008-10-06T08:48:24	-588.51	3833.33	-184.82	-1.18	4.63	32.63
2008-10-06T08:48:26	-598.68	3840.40	-184.88	-0.29	4.48	30.32
2008-10-06T08:48:28	-608.85	3847.47	-184.94	0.51	4.17	28.08
2008-10-06T08:48:30	-619.02	3854.54	-185.00	0.78	3.45	25.78
2008-10-06T08:48:32	-629.19	3861.60	-185.06	0.79	2.63	23.50
2008-10-06T08:48:34	-639.36	3868.65	-185.12	0.79	1.90	21.29
2008-10-06T08:48:36	-649.52	3875.70	-185.18	0.80	1.24	19.16
2008-10-06T08:48:38	-659.69	3882.74	-185.24	0.80	0.67	17.11
2008-10-06T08:48:40	-669.85	3889.77	-185.30	0.75	0.24	15.11
2008-10-06T08:48:42	-680.02	3896.80	-185.36	0.73	-0.19	13.30
2008-10-06T08:48:44	-690.18	3903.83	-185.42	0.75	-0.59	11.52
2008-10-06T08:48:46	-700.34	3910.85	-185.47	0.80	-0.98	9.79
2008-10-06T08:48:48	-710.50	3917.86	-185.53	0.89	-1.36	8.10
2008-10-06T08:48:50	-720.66	3924.87	-185.59	1.02	-1.72	6.45
2008-10-06T08:48:52	-730.81	3931.88	-185.65	1.20	-1.97	4.95
2008-10-06T08:48:54	-740.97	3938.87	-185.71	1.42	-2.09	3.64
2008-10-06T08:48:56	-751.13	3945.87	-185.76	1.62	-2.18	2.44
2008-10-06T08:48:58	-761.28	3952.86	-185.82	1.82	-2.24	1.38
2008-10-06T08:49:00	-771.44	3959.84	-185.87	2.04	-2.32	0.32
2008-10-06T08:49:02	-781.59	3966.82	-185.93	2.28	-2.42	-0.76
2008-10-06T08:49:04	-791.74	3973.79	-185.99	2.51	-2.57	-1.89
2008-10-06T08:49:06	-801.89	3980.75	-186.04	2.72	-2.71	-3.04
2008-10-06T08:49:08	-812.04	3987.72	-186.10	2.91	-2.83	-4.18
2008-10-06T08:49:10	-822.19	3994.67	-186.15	3.07	-2.93	-5.33
2008-10-06T08:49:12	-832.34	4001.62	-186.21	3.22	-3.01	-6.46
2008-10-06T08:49:14	-842.48	4008.57	-186.26	3.43	-3.15	-7.50
2008-10-06T08:49:16	-852.63	4015.51	-186.32	3.73	-3.41	-8.54
2008-10-06T08:49:18	-862.77	4022.45	-186.37	4.02	-3.67	-9.56
2008-10-06T08:49:20	-872.91	4029.38	-186.43	4.32	-3.93	-10.54
2008-10-06T08:49:22	-883.06	4036.30	-186.48	4.61	-4.21	-11.50
2008-10-06T08:49:24	-893.20	4043.22	-186.53	4.90	-4.48	-12.42
2008-10-06T08:49:26	-903.34	4050.14	-186.59	5.13	-4.67	-13.15
2008-10-06T08:49:28	-913.48	4057.05	-186.64	5.28	-4.75	-13.64
2008-10-06T08:49:30	-923.61	4063.96	-186.69	5.25	-4.62	-13.90
2008-10-06T08:49:32	-933.75	4070.86	-186.75	5.20	-4.51	-14.21
2008-10-06T08:49:34	-943.88	4077.75	-186.80	5.13	-4.42	-14.57
2008-10-06T08:49:36	-954.02	4084.65	-186.85	5.05	-4.35	-14.99
2008-10-06T08:49:38	-964.15	4091.53	-186.90	5.09	-4.29	-15.22
2008-10-06T08:49:40	-974.28	4098.41	-186.96	5.17	-4.27	-15.34
2008-10-06T08:49:42	-984.41	4105.29	-187.01	5.25	-4.30	-15.39
2008-10-06T08:49:44	-994.54	4112.17	-187.06	5.34	-4.38	-15.37
2008-10-06T08:49:46	-1004.67	4119.03	-187.11	5.45	-4.45	-15.16
2008-10-06T08:49:48	-1014.80	4125.90	-187.16	5.59	-4.54	-14.92
2008-10-06T08:49:50	-1024.92	4132.75	-187.21	5.82	-4.73	-14.85
2008-10-06T08:49:52	-1035.05	4139.61	-187.26	6.01	-4.89	-14.77
2008-10-06T08:49:54	-1045.17	4146.46	-187.31	6.15	-5.04	-14.69
2008-10-06T08:49:56	-1055.29	4153.30	-187.36	6.27	-5.16	-14.61
2008-10-06T08:49:58	-1065.41	4160.14	-187.41	6.34	-5.26	-14.51
2008-10-06T08:50:00	-1075.53	4166.98	-187.46	6.20	-5.29	-14.60
2008-10-06T08:50:02	-1085.65	4173.81	-187.51	5.90	-5.31	-14.87
2008-10-06T08:50:04	-1095.76	4180.63	-187.56	5.58	-5.30	-15.18
2008-10-06T08:50:06	-1105.88	4187.45	-187.61	5.29	-5.28	-15.46
2008-10-06T08:50:08	-1115.99	4194.27	-187.66	5.02	-5.25	-15.69
2008-10-06T08:50:10	-1126.11	4201.08	-187.71	4.78	-5.21	-15.89
2008-10-06T08:50:12	-1136.22	4207.89	-187.76	4.66	-4.92	-16.04
2008-10-06T08:50:14	-1146.33	4214.69	-187.80	4.57	-4.60	-16.17
2008-10-06T08:50:16	-1156.44	4221.50	-187.85	4.50	-4.30	-16.30
2008-10-06T08:50:18	-1166.55	4228.29	-187.90	4.46	-3.99	-16.42
2008-10-06T08:50:20	-1176.66	4235.08	-187.95	4.67	-3.69	-16.53
2008-10-06T08:50:22	-1186.76	4241.87	-187.99	4.94	-3.44	-16.53
2008-10-06T08:50:24	-1196.87	4248.65	-188.04	5.15	-3.27	-16.29
2008-10-06T08:50:26	-1206.97	4255.43	-188.09	5.32	-3.09	-16.05
2008-10-06T08:50:28	-1217.07	4262.20	-188.14	5.45	-2.89	-15.83
2008-10-06T08:50:30	-1227.18	4268.97	-188.18	5.54	-2.67	-15.61
2008-10-06T08:50:32	-1237.28	4275.73	-188.23	5.60	-2.44	-15.40
2008-10-06T08:50:34	-1247.37	4282.50	-188.28	5.69	-2.26	-15.28
2008-10-06T08:50:36	-1257.47	4289.25	-188.32	5.80	-2.19	-15.15
2008-10-06T08:50:38	-1267.57	4296.00	-188.37	5.97	-2.20	-15.02
2008-10-06T08:50:40	-1277.66	4302.75	-188.41	6.17	-2.22	-14.96
2008-10-06T08:50:42	-1287.75	4309.49	-188.46	6.40	-2.23	-14.96
2008-10-06T08:50:44	-1297.85	4316.23	-188.50	6.67	-2.24	-15.04
2008-10-06T08:50:46	-1307.94	4322.97	-188.55	7.12	-2.31	-15.09
2008-10-06T08:50:48	-1318.03	4329.70	-188.59	7.55	-2.35	-15.10
2008-10-06T08:50:50	-1328.11	4336.43	-188.64	7.97	-2.34	-15.07
2008-10-06T08:50:52	-1338.20	4343.15	-188.69	8.36	-2.29	-15.02
2008-10-06T08:50:54	-1348.29	4349.87	-188.73	8.68	-2.50	-14.89
2008-10-06T08:50:56	-1358.37	4356.59	-188.77	8.93	-2.75	-14.67
2008-10-06T08:50:58	-1368.46	4363.30	-188.82	9.08	-3.00	-14.23
2008-10-06T08:51:00	-1378.54	4370.01	-188.86	9.20	-3.18	-13.85
2008-10-06T08:51:02	-1388.62	4376.71	-188.90	9.29	-3.30	-13.52
2008-10-06T08:51:04	-1398.70	4383.41	-188.95	9.34	-3.36	-13.25
2008-10-06T08:51:06	-1408.78	4390.11	-188.99	9.36	-3.36	-13.03
2008-10-06T08:51:08	-1418.85	4396.80	-189.04	9.53	-3.18	-13.11
2008-10-06T08:51:10	-1428.93	4403.49	-189.08	9.95	-2.79	-13.35
2008-10-06T08:51:12	-1439.00	4410.17	-189.12	10.41	-2.28	-13.51
2008-10-06T08:51:14	-1449.07	4416.85	-189.16	10.77	-1.72	-13.63
2008-10-06T08:51:16	-1459.15	4423.53	-189.21	11.03	-1.11	-13.72
2008-10-06T08:51:18	-1469.22	4430.20	-189.25	11.18	-0.46	-13.78
2008-10-06T08:51:20	-1479.28	4436.87	-189.29	11.33	-0.06	-13.46
2008-10-06T08:51:22	-1489.35	4443.53	-189.33	11.46	0.26	-13.07
2008-10-06T08:51:24	-1499.42	4450.19	-189.38	11.57	0.55	-12.66
2008-10-06T08:51:26	-1509.48	4456.85	-189.42	11.66	0.81	-12.24
2008-10-06T08:51:28	-1519.55	4463.51	-189.46	11.64	0.90	-11.94
2008-10-06T08:51:30	-1529.61	4470.16	-189.50	11.56	0.92	-11.73
2008-10-06T08:51:32	-1539.67	4476.80	-189.54	11.37	0.78	-11.68
2008-10-06T08:51:34	-1549.73	4483.45	-189.58	11.20	0.68	-11.64
2008-10-06T08:51:36	-1559.79	4490.09	-189.62	11.04	0.62	-11.64
2008-10-06T08:51:38	-1569.85	4496.72	-189.67	10.90	0.60	-11.65
2008-10-06T08:51:40	-1579.90	4503.35	-189.71	10.77	0.63	-11.69
2008-10-06T08:51:42	-1589.96	4509.98	-189.75	10.74	0.65	-11.76
2008-10-06T08:51:44	-1600.01	4516.61	-189.79	10.80	0.62	-11.84
2008-10-06T08:51:46	-1610.06	4523.23	-189.83	10.88	0.50	-11.96
2008-10-06T08:51:48	-1620.11	4529.85	-189.87	10.94	0.42	-12.05
2008-10-06T08:51:50	-1630.16	4536.46	-189.91	10.98	0.37	-12.12
2008-10-06T08:51:52	-1640.21	4543.07	-189.95	11.01	0.36	-12.15
2008-10-06T08:51:54	-1650.26	4549.68	-189.99	10.88	0.18	-12.26
2008-10-06T08:51:56	-1660.30	4556.28	-190.03	10.71	-0.04	-12.38
2008-10-06T08:51:58	-1670.35	4562.88	-190.07	10.55	-0.29	-12.48
2008-10-06T08:52:00	-1680.39	4569.48	-190.11	10.38	-0.54	-12.57
2008-10-06T08:52:02	-1690.43	4576.07	-190.14	10.20	-0.83	-12.59
2008-10-06T08:52:04	-1700.47	4582.66	-190.18	10.00	-1.09	-12.61
2008-10-06T08:52:06	-1710.51	4589.24	-190.22	9.86	-1.33	-12.89
2008-10-06T08:52:08	-1720.55	4595.83	-190.26	9.73	-1.56	-13.17
2008-10-06T08:52:10	-1730.58	4602.41	-190.30	9.61	-1.78	-13.45
2008-10-06T08:52:12	-1740.62	4608.98	-190.34	9.49	-1.99	-13.72
2008-10-06T08:52:14	-1750.65	4615.56	-190.38	9.39	-2.19	-14.00
2008-10-06T08:52:16	-1760.69	4622.13	-190.42	9.27	-2.37	-14.26
2008-10-06T08:52:18	-1770.72	4628.69	-190.45	9.17	-2.54	-14.50
2008-10-06T08:52:20	-1780.75	4635.26	-190.49	9.17	-2.68	-14.77
2008-10-06T08:52:22	-1790.77	4641.81	-190.53	9.18	-2.84	-15.08
2008-10-06T08:52:24	-1800.80	4648.37	-190.56	9.22	-3.04	-15.46
2008-10-06T08:52:26	-1810.83	4654.92	-190.60	9.28	-3.27	-15.89
2008-10-06T08:52:28	-1820.85	4661.48	-190.64	9.35	-3.30	-16.18
2008-10-06T08:52:30	-1830.88	4668.02	-190.68	9.44	-3.29	-16.49
2008-10-06T08:52:32	-1840.90	4674.56	-190.71	9.54	-3.30	-16.89
2008-10-06T08:52:34	-1850.92	4681.11	-190.75	9.67	-3.35	-17.38
2008-10-06T08:52:36	-1860.94	4687.64	-190.79	9.81	-3.40	-17.91
2008-10-06T08:52:38	-1870.96	4694.18	-190.83	9.92	-3.37	-18.16
2008-10-06T08:52:40	-1880.97	4700.71	-190.86	9.85	-3.19	-17.84
2008-10-06T08:52:42	-1890.99	4707.23	-190.90	9.85	-3.07	-17.54
2008-10-06T08:52:44	-1901.00	4713.76	-190.93	9.93	-3.01	-17.27
2008-10-06T08:52:46	-1911.02	4720.28	-190.97	10.10	-3.00	-17.03
2008-10-06T08:52:48	-1921.03	4726.80	-191.01	10.34	-3.04	-16.81
2008-10-06T08:52:50	-1931.04	4733.31	-191.04	10.62	-3.10	-16.74
2008-10-06T08:52:52	-1941.04	4739.82	-191.08	10.79	-3.09	-17.00
2008-10-06T08:52:54	-1951.05	4746.33	-191.11	10.85	-3.01	-17.36
2008-10-06T08:52:56	-1961.06	4752.84	-191.15	10.84	-2.90	-17.70
2008-10-06T08:52:58	-1971.06	4759.34	-191.18	10.87	-2.84	-18.02
2008-10-06T08:53:00	-1981.07	4765.84	-191.22	10.94	-2.83	-18.31
2008-10-06T08:53:02	-1991.07	4772.34	-191.25	10.91	-2.84	-18.41
2008-10-06T08:53:04	-2001.07	4778.84	-191.29	10.76	-2.86	-18.38
2008-10-06T08:53:06	-2011.07	4785.33	-191.32	10.58	-2.88	-18.30
2008-10-06T08:53:08	-2021.07	4791.81	-191.36	10.37	-2.91	-18.17
2008-10-06T08:53:10	-2031.07	4798.30	-191.39	10.12	-2.93	-18.00
2008-10-06T08:53:12	-2041.06	4804.78	-191.43	9.93	-2.96	-17.77
2008-10-06T08:53:14	-2051.06	4811.26	-191.46	10.14	-3.21	-17.72
2008-10-06T08:53:16	-2061.05	4817.73	-191.50	10.29	-3.48	-17.65
2008-10-06T08:53:18	-2071.04	4824.21	-191.53	10.36	-3.72	-17.55
2008-10-06T08:53:20	-2081.03	4830.68	-191.56	10.34	-3.93	-17.41
2008-10-06T08:53:22	-2091.02	4837.15	-191.60	10.23	-4.13	-17.24
2008-10-06T08:53:24	-2101.01	4843.61	-191.63	10.07	-4.31	-17.05
2008-10-06T08:53:26	-2111.00	4850.07	-191.67	10.02	-4.52	-16.90
2008-10-06T08:53:28	-2120.98	4856.53	-191.70	9.91	-4.71	-16.78
2008-10-06T08:53:30	-2130.97	4862.99	-191.73	9.77	-5.00	-16.78
2008-10-06T08:53:32	-2140.95	4869.44	-191.77	9.64	-5.34	-16.75
2008-10-06T08:53:34	-2150.94	4875.89	-191.80	9.53	-5.70	-16.68
2008-10-06T08:53:36	-2160.92	4882.34	-191.83	9.43	-6.01	-16.49
2008-10-06T08:53:38	-2170.89	4888.78	-191.86	9.34	-6.26	-16.15
2008-10-06T08:53:40	-2180.87	4895.23	-191.90	9.28	-6.50	-15.79
2008-10-06T08:53:42	-2190.85	4901.66	-191.93	9.22	-6.74	-15.39
2008-10-06T08:53:44	-2200.82	4908.10	-191.96	9.18	-6.96	-14.96
2008-10-06T08:53:46	-2210.80	4914.54	-192.00	9.16	-7.18	-14.50
2008-10-06T08:53:48	-2220.77	4920.97	-192.03	9.01	-7.32	-14.28
2008-10-06T08:53:50	-2230.74	4927.40	-192.06	8.78	-7.42	-14.11
2008-10-06T08:53:52	-2240.71	4933.82	-192.09	8.52	-7.50	-13.95
2008-10-06T08:53:54	-2250.68	4940.25	-192.13	8.24	-7.55	-13.80
