Time	POS_X	POS_Y	POS_Z	B_X	B_Y	B_Z
2008-10-06T08:26:48	5012.59	-2099.14	-42.81	80.99	-8.20	-2.30
2008-10-06T08:26:50	5005.86	-2089.38	-43.12	81.04	-8.17	-2.29
2008-10-06T08:26:52	4999.13	-2079.62	-43.43	81.07	-8.12	-2.28
2008-10-06T08:26:54	4992.40	-2069.86	-43.75	81.11	-8.08	-2.26
2008-10-06T08:26:56	4985.66	-2060.10	-44.06	81.15	-8.02	-2.26
2008-10-06T08:26:58	4978.92	-2050.33	-44.37	81.23	-7.93	-2.24
2008-10-06T08:27:00	4972.18	-2040.57	-44.68	81.32	-7.86	-2.22
2008-10-06T08:27:02	4965.43	-2030.80	-44.99	81.41	-7.79	-2.20
2008-10-06T08:27:04	4958.68	-2021.03	-45.30	81.51	-7.74	-2.19
2008-10-06T08:27:06	4951.93	-2011.27	-45.61	81.62	-7.69	-2.17
2008-10-06T08:27:08	4945.18	-2001.50	-45.92	81.72	-7.63	-2.17
2008-10-06T08:27:10	4938.42	-1991.73	-46.23	81.83	-7.50	-2.20
2008-10-06T08:27:12	4931.66	-1981.95	-46.54	81.94	-7.35	-2.23
2008-10-06T08:27:14	4924.90	-1972.18	-46.85	82.06	-7.19	-2.25
2008-10-06T08:27:16	4918.13	-1962.40	-47.17	82.19	-7.03	-2.27
2008-10-06T08:27:18	4911.36	-1952.63	-47.48	82.32	-6.86	-2.29
2008-10-06T08:27:20	4904.59	-1942.85	-47.78	82.43	-6.65	-2.27
2008-10-06T08:27:22	4897.82	-1933.07	-48.09	82.48	-6.38	-2.20
2008-10-06T08:27:24	4891.04	-1923.29	-48.41	82.53	-6.10	-2.12
2008-10-06T08:27:26	4884.26	-1913.51	-48.72	82.57	-5.79	-2.03
2008-10-06T08:27:28	4877.47	-1903.73	-49.03	82.61	-5.47	-1.93
2008-10-06T08:27:30	4870.69	-1893.95	-49.34	82.65	-5.20	-1.81
2008-10-06T08:27:32	4863.90	-1884.16	-49.65	82.78	-4.99	-1.62
2008-10-06T08:27:34	4857.11	-1874.38	-49.96	82.95	-4.79	-1.37
2008-10-06T08:27:36	4850.31	-1864.59	-50.27	83.09	-4.58	-1.10
2008-10-06T08:27:38	4843.51	-1854.80	-50.58	83.20	-4.34	-0.81
2008-10-06T08:27:40	4836.71	-1845.01	-50.89	83.30	-4.10	-0.51
2008-10-06T08:27:42	4829.91	-1835.22	-51.20	83.36	-3.83	-0.18
2008-10-06T08:27:44	4823.10	-1825.43	-51.51	83.36	-3.62	0.34
2008-10-06T08:27:46	4816.29	-1815.64	-51.82	83.33	-3.48	0.95
2008-10-06T08:27:48	4809.48	-1805.84	-52.13	83.31	-3.39	1.56
2008-10-06T08:27:50	4802.66	-1796.05	-52.44	83.30	-3.31	2.18
2008-10-06T08:27:52	4795.84	-1786.25	-52.75	83.30	-3.24	2.81
2008-10-06T08:27:54	4789.02	-1776.45	-53.06	83.31	-3.18	3.44
2008-10-06T08:27:56	4782.19	-1766.66	-53.37	83.29	-3.15	3.52
2008-10-06T08:27:58	4775.37	-1756.86	-53.68	83.16	-3.09	3.50
2008-10-06T08:28:00	4768.53	-1747.05	-53.99	82.92	-3.01	3.44
2008-10-06T08:28:02	4761.70	-1737.25	-54.30	82.61	-2.91	3.30
2008-10-06T08:28:04	4754.86	-1727.45	-54.61	82.33	-2.88	2.98
2008-10-06T08:28:06	4748.02	-1717.64	-54.92	81.90	-2.85	2.55
2008-10-06T08:28:08	4741.17	-1707.84	-55.23	80.88	-2.79	1.61
2008-10-06T08:28:10	4734.32	-1698.03	-55.54	79.98	-2.64	0.76
2008-10-06T08:28:12	4727.47	-1688.22	-55.85	79.20	-2.40	0.02
2008-10-06T08:28:14	4720.62	-1678.41	-56.16	78.54	-2.08	-0.63
2008-10-06T08:28:16	4713.76	-1668.60	-56.47	77.99	-1.68	-1.16
2008-10-06T08:28:18	4706.90	-1658.79	-56.78	77.01	-1.23	-1.54
2008-10-06T08:28:20	4700.04	-1648.98	-57.09	74.11	-1.22	-1.93
2008-10-06T08:28:22	4693.17	-1639.16	-57.40	71.20	-1.38	-2.26
2008-10-06T08:28:24	4686.30	-1629.35	-57.71	68.35	-1.69	-2.49
2008-10-06T08:28:26	4679.42	-1619.53	-58.02	65.54	-2.13	-2.62
2008-10-06T08:28:28	4672.54	-1609.71	-58.33	62.78	-2.72	-2.65
2008-10-06T08:28:30	4665.66	-1599.89	-58.64	59.23	-3.30	-2.30
2008-10-06T08:28:32	4658.78	-1590.07	-58.95	54.62	-3.68	-1.55
2008-10-06T08:28:34	4651.89	-1580.25	-59.26	50.05	-4.00	-0.80
2008-10-06T08:28:36	4645.00	-1570.43	-59.57	45.78	-3.95	-0.33
2008-10-06T08:28:38	4638.11	-1560.60	-59.88	41.83	-3.70	-0.17
2008-10-06T08:28:40	4631.21	-1550.78	-60.19	38.03	-3.54	-0.12
2008-10-06T08:28:42	4624.31	-1540.95	-60.49	33.61	-3.45	0.02
2008-10-06T08:28:44	4617.40	-1531.12	-60.80	28.68	-3.31	0.38
2008-10-06T08:28:46	4610.49	-1521.30	-61.11	23.65	-3.12	0.88
2008-10-06T08:28:48	4603.58	-1511.47	-61.42	18.55	-2.86	1.53
2008-10-06T08:28:50	4596.66	-1501.63	-61.73	13.37	-2.55	2.30
2008-10-06T08:28:52	4589.74	-1491.80	-62.04	8.03	-2.21	3.20
2008-10-06T08:28:54	4582.82	-1481.97	-62.35	3.43	-1.98	4.07
2008-10-06T08:28:56	4575.90	-1472.13	-62.65	-0.83	-1.76	4.91
2008-10-06T08:28:58	4568.97	-1462.30	-62.96	-5.00	-1.53	5.74
2008-10-06T08:29:00	4562.03	-1452.46	-63.27	-9.07	-1.27	6.57
2008-10-06T08:29:02	4555.09	-1442.62	-63.58	-13.06	-1.00	7.39
2008-10-06T08:29:04	4548.15	-1432.78	-63.89	-16.94	-0.72	8.20
2008-10-06T08:29:06	4541.21	-1422.94	-64.20	-20.36	-0.68	9.21
2008-10-06T08:29:08	4534.26	-1413.10	-64.51	-23.81	-0.63	10.25
2008-10-06T08:29:10	4527.31	-1403.26	-64.82	-27.28	-0.67	11.32
2008-10-06T08:29:12	4520.35	-1393.41	-65.12	-30.70	-0.74	12.34
2008-10-06T08:29:14	4513.39	-1383.57	-65.43	-34.09	-0.85	13.31
2008-10-06T08:29:16	4506.43	-1373.72	-65.74	-37.37	-0.88	14.33
2008-10-06T08:29:18	4499.46	-1363.87	-66.05	-40.29	-0.34	15.77
2008-10-06T08:29:20	4492.50	-1354.02	-66.36	-43.09	0.25	17.27
2008-10-06T08:29:22	4485.52	-1344.17	-66.67	-45.76	0.88	18.82
2008-10-06T08:29:24	4478.54	-1334.32	-66.97	-48.29	1.55	20.41
2008-10-06T08:29:26	4471.56	-1324.47	-67.28	-51.06	1.84	21.66
2008-10-06T08:29:28	4464.58	-1314.61	-67.59	-53.75	1.63	22.51
2008-10-06T08:29:30	4457.58	-1304.76	-67.90	-56.36	1.03	23.14
2008-10-06T08:29:32	4450.59	-1294.90	-68.21	-58.94	0.46	24.02
2008-10-06T08:29:34	4443.59	-1285.04	-68.51	-61.48	-0.08	25.15
2008-10-06T08:29:36	4436.59	-1275.19	-68.82	-63.98	-0.61	26.52
2008-10-06T08:29:38	4429.59	-1265.33	-69.13	-66.43	-1.12	28.13
2008-10-06T08:29:40	4422.58	-1255.47	-69.44	-67.66	-1.28	28.99
2008-10-06T08:29:42	4415.57	-1245.60	-69.74	-68.23	-0.74	28.86
2008-10-06T08:29:44	4408.55	-1235.74	-70.05	-68.87	0.00	28.59
2008-10-06T08:29:46	4401.53	-1225.88	-70.36	-69.44	0.76	28.30
2008-10-06T08:29:48	4394.50	-1216.01	-70.66	-69.96	1.53	28.01
2008-10-06T08:29:50	4387.47	-1206.14	-70.97	-70.43	2.31	27.71
2008-10-06T08:29:52	4380.44	-1196.28	-71.28	-70.32	2.94	26.63
2008-10-06T08:29:54	4373.40	-1186.41	-71.59	-70.06	3.50	25.35
2008-10-06T08:29:56	4366.36	-1176.54	-71.89	-69.80	4.02	24.11
2008-10-06T08:29:58	4359.32	-1166.66	-72.20	-69.61	4.55	23.10
2008-10-06T08:30:00	4352.26	-1156.79	-72.51	-69.60	5.05	22.33
2008-10-06T08:30:02	4345.21	-1146.92	-72.81	-69.74	5.44	21.63
2008-10-06T08:30:04	4338.15	-1137.04	-73.12	-69.22	5.43	21.36
2008-10-06T08:30:06	4331.09	-1127.17	-73.43	-68.59	5.38	20.93
2008-10-06T08:30:08	4324.02	-1117.29	-73.73	-67.87	5.29	20.34
2008-10-06T08:30:10	4316.95	-1107.41	-74.04	-67.06	5.17	19.57
2008-10-06T08:30:12	4309.88	-1097.53	-74.35	-66.17	5.02	18.64
2008-10-06T08:30:14	4302.80	-1087.65	-74.65	-65.35	4.93	17.80
2008-10-06T08:30:16	4295.72	-1077.77	-74.96	-64.69	5.17	17.73
2008-10-06T08:30:18	4288.63	-1067.89	-75.27	-63.98	5.39	17.66
2008-10-06T08:30:20	4281.54	-1058.00	-75.57	-63.21	5.58	17.60
2008-10-06T08:30:22	4274.44	-1048.12	-75.88	-62.39	5.75	17.53
2008-10-06T08:30:24	4267.34	-1038.23	-76.18	-61.51	5.89	17.47
2008-10-06T08:30:26	4260.23	-1028.35	-76.49	-60.56	6.01	17.24
2008-10-06T08:30:28	4253.12	-1018.46	-76.80	-59.57	6.10	16.76
2008-10-06T08:30:30	4246.01	-1008.57	-77.10	-58.64	6.31	16.15
2008-10-06T08:30:32	4238.89	-998.68	-77.41	-57.86	6.74	15.37
2008-10-06T08:30:34	4231.77	-988.79	-77.71	-57.09	7.17	14.61
2008-10-06T08:30:36	4224.64	-978.89	-78.02	-56.34	7.59	13.86
2008-10-06T08:30:38	4217.51	-969.00	-78.32	-55.53	7.81	13.32
2008-10-06T08:30:40	4210.37	-959.11	-78.63	-54.64	7.93	12.99
2008-10-06T08:30:42	4203.23	-949.21	-78.93	-53.72	8.10	12.78
2008-10-06T08:30:44	4196.09	-939.31	-79.24	-52.74	8.30	12.68
2008-10-06T08:30:46	4188.93	-929.41	-79.54	-51.73	8.48	12.81
2008-10-06T08:30:48	4181.78	-919.51	-79.85	-50.72	8.60	13.19
2008-10-06T08:30:50	4174.62	-909.61	-80.15	-49.83	8.71	13.46
2008-10-06T08:30:52	4167.45	-899.71	-80.46	-48.86	8.88	13.49
2008-10-06T08:30:54	4160.29	-889.81	-80.76	-47.81	9.13	13.27
2008-10-06T08:30:56	4153.11	-879.91	-81.07	-46.66	9.46	12.81
2008-10-06T08:30:58	4145.93	-870.00	-81.37	-45.42	9.87	12.11
2008-10-06T08:31:00	4138.75	-860.10	-81.68	-44.13	10.34	11.23
2008-10-06T08:31:02	4131.56	-850.19	-81.98	-43.30	10.21	11.01
2008-10-06T08:31:04	4124.37	-840.28	-82.29	-42.51	9.71	10.92
2008-10-06T08:31:06	4117.17	-830.38	-82.59	-41.82	9.26	10.83
2008-10-06T08:31:08	4109.97	-820.47	-82.89	-41.24	8.88	10.75
2008-10-06T08:31:10	4102.76	-810.56	-83.20	-40.77	8.54	10.67
2008-10-06T08:31:12	4095.55	-800.64	-83.50	-40.25	8.33	10.61
2008-10-06T08:31:14	4088.33	-790.73	-83.81	-39.28	8.28	10.59
2008-10-06T08:31:16	4081.11	-780.82	-84.11	-38.14	8.17	10.59
2008-10-06T08:31:18	4073.88	-770.90	-84.41	-36.74	8.06	10.70
2008-10-06T08:31:20	4066.65	-760.99	-84.72	-35.17	7.93	10.93
2008-10-06T08:31:22	4059.41	-751.07	-85.02	-33.62	7.71	11.11
2008-10-06T08:31:24	4052.17	-741.15	-85.32	-32.00	7.55	11.11
2008-10-06T08:31:26	4044.92	-731.24	-85.63	-30.22	7.58	10.96
2008-10-06T08:31:28	4037.67	-721.32	-85.93	-28.32	7.71	10.77
2008-10-06T08:31:30	4030.41	-711.40	-86.23	-26.28	7.92	10.55
2008-10-06T08:31:32	4023.15	-701.48	-86.54	-24.12	8.22	10.29
2008-10-06T08:31:34	4015.88	-691.55	-86.84	-21.82	8.62	9.94
2008-10-06T08:31:36	4008.61	-681.63	-87.14	-19.53	9.12	9.41
2008-10-06T08:31:38	4001.33	-671.71	-87.44	-17.33	9.60	8.85
2008-10-06T08:31:40	3994.05	-661.78	-87.74	-15.18	10.05	8.31
2008-10-06T08:31:42	3986.76	-651.86	-88.05	-13.09	10.47	7.78
2008-10-06T08:31:44	3979.47	-641.93	-88.35	-11.06	10.86	7.27
2008-10-06T08:31:46	3972.17	-632.00	-88.65	-9.08	11.21	6.77
2008-10-06T08:31:48	3964.86	-622.07	-88.96	-6.73	11.10	6.26
2008-10-06T08:31:50	3957.55	-612.14	-89.26	-4.33	10.83	5.62
2008-10-06T08:31:52	3950.24	-602.21	-89.56	-1.97	10.56	4.98
2008-10-06T08:31:54	3942.92	-592.28	-89.86	0.30	10.34	4.39
2008-10-06T08:31:56	3935.59	-582.35	-90.16	2.49	10.19	3.87
2008-10-06T08:31:58	3928.26	-572.42	-90.46	4.67	10.00	3.44
2008-10-06T08:32:00	3920.92	-562.48	-90.76	7.11	9.55	3.18
2008-10-06T08:32:02	3913.58	-552.55	-91.06	9.61	9.12	2.94
2008-10-06T08:32:04	3906.23	-542.61	-91.37	12.18	8.70	2.75
2008-10-06T08:32:06	3898.88	-532.68	-91.67	14.58	8.49	2.53
2008-10-06T08:32:08	3891.52	-522.74	-91.97	16.89	8.45	2.32
2008-10-06T08:32:10	3884.15	-512.80	-92.27	19.26	8.58	2.17
2008-10-06T08:32:12	3876.78	-502.86	-92.57	21.75	8.68	2.07
2008-10-06T08:32:14	3869.40	-492.92	-92.87	24.24	8.71	1.95
2008-10-06T08:32:16	3862.02	-482.98	-93.17	26.73	8.68	1.83
2008-10-06T08:32:18	3854.63	-473.04	-93.47	29.23	8.57	1.69
2008-10-06T08:32:20	3847.24	-463.10	-93.77	31.77	8.40	1.56
2008-10-06T08:32:22	3839.84	-453.16	-94.07	34.40	8.60	1.38
2008-10-06T08:32:24	3832.44	-443.22	-94.37	37.03	8.84	1.15
2008-10-06T08:32:26	3825.03	-433.27	-94.67	39.70	9.02	0.99
2008-10-06T08:32:28	3817.61	-423.33	-94.96	42.41	9.16	0.89
2008-10-06T08:32:30	3810.19	-413.38	-95.26	45.16	9.23	0.85
2008-10-06T08:32:32	3802.76	-403.44	-95.56	47.94	9.25	0.86
2008-10-06T08:32:34	3795.32	-393.49	-95.86	50.30	9.50	0.84
2008-10-06T08:32:36	3787.88	-383.54	-96.16	52.38	9.63	0.68
2008-10-06T08:32:38	3780.44	-373.60	-96.46	54.13	9.54	0.31
2008-10-06T08:32:40	3772.98	-363.65	-96.76	55.87	9.35	0.01
2008-10-06T08:32:42	3765.53	-353.70	-97.06	57.58	9.06	-0.23
2008-10-06T08:32:44	3758.06	-343.75	-97.35	59.44	8.78	-0.55
2008-10-06T08:32:46	3750.59	-333.80	-97.65	61.96	8.99	-1.34
2008-10-06T08:32:48	3743.11	-323.85	-97.95	64.55	9.38	-2.16
2008-10-06T08:32:50	3735.63	-313.90	-98.25	67.20	9.97	-3.02
2008-10-06T08:32:52	3728.14	-303.94	-98.54	70.42	10.86	-3.60
2008-10-06T08:32:54	3720.64	-293.99	-98.84	73.81	11.65	-3.91
2008-10-06T08:32:56	3713.14	-284.04	-99.14	76.15	11.94	-3.72
2008-10-06T08:32:58	3705.64	-274.09	-99.43	77.28	11.93	-3.21
2008-10-06T08:33:00	3698.12	-264.13	-99.73	78.22	12.00	-2.79
2008-10-06T08:33:02	3690.60	-254.18	-100.03	78.99	12.14	-2.46
2008-10-06T08:33:04	3683.07	-244.22	-100.32	79.57	12.36	-2.21
2008-10-06T08:33:06	3675.54	-234.27	-100.62	79.91	12.55	-2.02
2008-10-06T08:33:08	3668.00	-224.31	-100.92	80.02	12.11	-1.68
2008-10-06T08:33:10	3660.45	-214.35	-101.21	80.44	11.70	-1.41
2008-10-06T08:33:12	3652.90	-204.40	-101.51	81.11	11.36	-1.25
2008-10-06T08:33:14	3645.34	-194.44	-101.80	82.05	11.08	-1.18
2008-10-06T08:33:16	3637.77	-184.48	-102.10	83.26	10.88	-1.21
2008-10-06T08:33:18	3630.20	-174.53	-102.39	84.74	10.75	-1.32
2008-10-06T08:33:20	3622.62	-164.57	-102.69	86.23	10.78	-0.53
2008-10-06T08:33:22	3615.04	-154.61	-102.98	87.26	10.93	0.58
2008-10-06T08:33:24	3607.44	-144.65	-103.28	87.99	11.10	1.79
2008-10-06T08:33:26	3599.84	-134.69	-103.57	88.72	11.20	2.87
2008-10-06T08:33:28	3592.24	-124.73	-103.87	89.43	11.22	3.82
2008-10-06T08:33:30	3584.63	-114.77	-104.16	89.85	11.20	4.78
2008-10-06T08:33:32	3577.01	-104.81	-104.45	89.55	11.36	6.00
2008-10-06T08:33:34	3569.38	-94.85	-104.75	89.39	11.67	7.07
2008-10-06T08:33:36	3561.75	-84.89	-105.04	89.36	12.11	8.00
2008-10-06T08:33:38	3554.11	-74.93	-105.33	89.29	12.37	8.94
2008-10-06T08:33:40	3546.46	-64.97	-105.63	89.20	12.58	9.61
2008-10-06T08:33:42	3538.81	-55.01	-105.92	89.00	12.34	9.87
2008-10-06T08:33:44	3531.14	-45.05	-106.21	88.59	11.73	10.00
2008-10-06T08:33:46	3523.48	-35.09	-106.50	88.02	11.10	10.26
2008-10-06T08:33:48	3515.80	-25.12	-106.80	87.30	10.45	10.63
2008-10-06T08:33:50	3508.12	-15.16	-107.09	86.41	9.78	11.13
2008-10-06T08:33:52	3500.43	-5.20	-107.38	85.56	9.20	11.82
2008-10-06T08:33:54	3492.73	4.76	-107.67	85.30	9.11	12.61
2008-10-06T08:33:56	3485.03	14.72	-107.96	85.23	9.14	13.35
2008-10-06T08:33:58	3477.32	24.68	-108.25	85.24	9.18	14.04
2008-10-06T08:34:00	3469.60	34.64	-108.54	85.32	9.21	14.70
2008-10-06T08:34:02	3461.87	44.61	-108.83	85.48	9.25	15.30
2008-10-06T08:34:04	3454.14	54.57	-109.12	85.71	9.30	15.86
2008-10-06T08:34:06	3446.40	64.53	-109.41	85.63	9.27	16.21
2008-10-06T08:34:08	3438.66	74.49	-109.70	85.43	9.23	16.50
2008-10-06T08:34:10	3430.90	84.45	-110.00	85.28	9.25	16.87
2008-10-06T08:34:12	3423.14	94.41	-110.28	85.18	9.33	17.30
2008-10-06T08:34:14	3415.37	104.37	-110.57	85.13	9.47	17.81
2008-10-06T08:34:16	3407.59	114.33	-110.86	85.19	9.63	18.47
2008-10-06T08:34:18	3399.81	124.29	-111.15	85.43	9.71	19.34
2008-10-06T08:34:20	3392.01	134.25	-111.44	85.66	9.73	20.19
2008-10-06T08:34:22	3384.22	144.21	-111.73	85.93	9.60	21.02
2008-10-06T08:34:24	3376.41	154.17	-112.01	86.18	9.44	21.79
2008-10-06T08:34:26	3368.59	164.13	-112.30	86.39	9.28	22.50
2008-10-06T08:34:28	3360.77	174.09	-112.59	86.51	9.01	23.03
2008-10-06T08:34:30	3352.94	184.05	-112.88	86.54	8.69	23.44
2008-10-06T08:34:32	3345.10	194.01	-113.16	86.51	8.40	23.85
2008-10-06T08:34:34	3337.26	203.96	-113.45	86.44	8.13	24.25
2008-10-06T08:34:36	3329.40	213.92	-113.74	86.42	7.88	24.60
2008-10-06T08:34:38	3321.54	223.88	-114.02	86.50	7.67	24.88
2008-10-06T08:34:40	3313.67	233.83	-114.31	86.80	7.57	25.10
2008-10-06T08:34:42	3305.79	243.79	-114.59	87.07	7.51	25.37
2008-10-06T08:34:44	3297.91	253.75	-114.88	87.28	7.47	25.70
2008-10-06T08:34:46	3290.02	263.70	-115.16	87.42	7.45	26.09
2008-10-06T08:34:48	3282.11	273.65	-115.45	87.48	7.45	26.56
2008-10-06T08:34:50	3274.20	283.61	-115.73	87.54	7.47	27.10
2008-10-06T08:34:52	3266.29	293.56	-116.02	87.70	7.52	27.69
2008-10-06T08:34:54	3258.36	303.51	-116.30	87.82	7.55	28.21
2008-10-06T08:34:56	3250.43	313.46	-116.58	87.88	7.57	28.67
2008-10-06T08:34:58	3242.49	323.41	-116.87	87.88	7.58	29.06
2008-10-06T08:35:00	3234.53	333.36	-117.15	87.83	7.57	29.38
2008-10-06T08:35:02	3226.58	343.31	-117.43	87.80	7.58	29.59
2008-10-06T08:35:04	3218.61	353.26	-117.71	87.97	7.63	29.69
2008-10-06T08:35:06	3210.63	363.21	-118.00	88.22	7.69	30.00
2008-10-06T08:35:08	3202.65	373.15	-118.28	88.52	7.76	30.28
2008-10-06T08:35:10	3194.66	383.10	-118.56	88.85	7.84	30.52
2008-10-06T08:35:12	3186.66	393.04	-118.84	89.22	7.91	30.72
2008-10-06T08:35:14	3178.65	402.99	-119.12	89.41	7.97	31.04
2008-10-06T08:35:16	3170.64	412.93	-119.40	89.43	8.01	31.46
2008-10-06T08:35:18	3162.61	422.87	-119.68	89.42	8.04	31.88
2008-10-06T08:35:20	3154.58	432.81	-119.96	89.36	8.10	32.39
2008-10-06T08:35:22	3146.54	442.75	-120.24	89.35	8.19	32.92
2008-10-06T08:35:24	3138.48	452.69	-120.52	89.40	8.33	33.47
2008-10-06T08:35:26	3130.42	462.62	-120.80	89.18	8.34	34.16
2008-10-06T08:35:28	3122.36	472.56	-121.08	88.85	8.32	34.84
2008-10-06T08:35:30	3114.28	482.49	-121.35	88.47	8.31	35.48
2008-10-06T08:35:32	3106.19	492.42	-121.63	88.03	8.30	36.09
2008-10-06T08:35:34	3098.10	502.35	-121.91	87.57	8.27	36.68
2008-10-06T08:35:36	3090.00	512.29	-122.19	87.08	8.24	37.26
2008-10-06T08:35:38	3081.88	522.21	-122.46	87.03	8.18	37.80
2008-10-06T08:35:40	3073.76	532.14	-122.74	87.02	8.05	38.39
2008-10-06T08:35:42	3065.63	542.07	-123.02	87.04	7.87	39.03
2008-10-06T08:35:44	3057.50	551.99	-123.29	87.09	7.63	39.72
2008-10-06T08:35:46	3049.35	561.91	-123.57	87.18	7.34	40.45
2008-10-06T08:35:48	3041.19	571.83	-123.84	87.28	7.18	41.12
2008-10-06T08:35:50	3033.02	581.75	-124.12	87.34	7.30	41.69
2008-10-06T08:35:52	3024.85	591.67	-124.39	87.34	7.45	42.24
2008-10-06T08:35:54	3016.67	601.58	-124.66	87.28	7.62	42.78
2008-10-06T08:35:56	3008.48	611.50	-124.94	87.17	7.82	43.28
2008-10-06T08:35:58	3000.28	621.41	-125.21	87.00	8.04	43.77
2008-10-06T08:36:00	2992.06	631.32	-125.48	87.07	8.13	44.31
2008-10-06T08:36:02	2983.84	641.23	-125.76	87.67	8.04	45.03
2008-10-06T08:36:04	2975.61	651.14	-126.03	88.26	7.94	45.79
2008-10-06T08:36:06	2967.38	661.04	-126.30	88.75	7.84	46.59
2008-10-06T08:36:08	2959.13	670.94	-126.57	89.15	7.73	47.42
2008-10-06T08:36:10	2950.87	680.84	-126.84	89.47	7.62	48.28
2008-10-06T08:36:12	2942.61	690.74	-127.11	89.63	7.52	48.84
2008-10-06T08:36:14	2934.33	700.64	-127.38	89.80	7.41	49.25
2008-10-06T08:36:16	2926.05	710.53	-127.65	89.88	7.40	49.63
2008-10-06T08:36:18	2917.75	720.42	-127.92	89.78	7.51	50.02
2008-10-06T08:36:20	2909.45	730.31	-128.19	89.50	7.72	50.41
2008-10-06T08:36:22	2901.14	740.20	-128.46	89.05	8.03	50.81
2008-10-06T08:36:24	2892.81	750.08	-128.72	88.36	7.60	51.19
2008-10-06T08:36:26	2884.48	759.96	-128.99	87.71	7.05	51.62
2008-10-06T08:36:28	2876.14	769.84	-129.26	87.09	6.42	52.08
2008-10-06T08:36:30	2867.79	779.72	-129.52	86.91	6.02	52.20
2008-10-06T08:36:32	2859.43	789.59	-129.79	86.73	5.78	52.20
2008-10-06T08:36:34	2851.06	799.47	-130.06	86.80	5.77	52.17
2008-10-06T08:36:36	2842.68	809.34	-130.32	87.97	6.07	52.48
2008-10-06T08:36:38	2834.29	819.20	-130.59	89.17	6.32	52.88
2008-10-06T08:36:40	2825.89	829.07	-130.85	90.39	6.52	53.35
2008-10-06T08:36:42	2817.48	838.93	-131.11	91.62	6.69	53.94
2008-10-06T08:36:44	2809.06	848.78	-131.38	92.71	7.04	54.90
2008-10-06T08:36:46	2800.63	858.64	-131.64	93.42	7.49	56.00
2008-10-06T08:36:48	2792.20	868.49	-131.90	93.51	7.72	57.00
2008-10-06T08:36:50	2783.75	878.34	-132.17	93.64	7.68	57.94
2008-10-06T08:36:52	2775.29	888.18	-132.43	93.79	7.39	58.81
2008-10-06T08:36:54	2766.82	898.03	-132.69	93.97	6.83	59.61
2008-10-06T08:36:56	2758.35	907.87	-132.95	94.14	6.16	60.46
2008-10-06T08:36:58	2749.86	917.70	-133.21	94.02	6.26	61.13
2008-10-06T08:37:00	2741.36	927.54	-133.47	93.77	6.79	61.51
2008-10-06T08:37:02	2732.86	937.37	-133.73	93.60	7.27	61.85
2008-10-06T08:37:04	2724.34	947.19	-133.99	93.52	7.70	62.15
2008-10-06T08:37:06	2715.82	957.02	-134.24	93.51	8.09	62.40
2008-10-06T08:37:08	2707.28	966.84	-134.50	93.58	8.43	62.61
2008-10-06T08:37:10	2698.73	976.65	-134.76	93.05	8.77	62.82
2008-10-06T08:37:12	2690.17	986.47	-135.01	92.29	9.14	62.79
2008-10-06T08:37:14	2681.61	996.27	-135.27	91.54	9.51	62.48
2008-10-06T08:37:16	2673.03	1006.08	-135.53	90.78	9.89	61.88
2008-10-06T08:37:18	2664.45	1015.88	-135.78	90.03	10.29	61.00
2008-10-06T08:37:20	2655.85	1025.68	-136.04	89.26	10.69	59.84
2008-10-06T08:37:22	2647.24	1035.47	-136.29	89.38	11.62	60.10
2008-10-06T08:37:24	2638.63	1045.26	-136.54	89.52	12.54	61.14
2008-10-06T08:37:26	2630.00	1055.05	-136.80	89.75	13.53	62.08
2008-10-06T08:37:28	2621.36	1064.83	-137.05	90.07	14.59	62.93
2008-10-06T08:37:30	2612.71	1074.61	-137.30	90.47	15.72	63.69
2008-10-06T08:37:32	2604.06	1084.38	-137.56	90.86	16.83	64.27
2008-10-06T08:37:34	2595.39	1094.15	-137.81	90.06	16.98	63.61
2008-10-06T08:37:36	2586.71	1103.91	-138.06	88.94	16.92	62.93
2008-10-06T08:37:38	2578.02	1113.67	-138.31	87.82	16.37	62.74
2008-10-06T08:37:40	2569.32	1123.43	-138.56	86.96	15.65	62.70
2008-10-06T08:37:42	2560.62	1133.18	-138.80	86.35	14.76	62.81
2008-10-06T08:37:44	2551.90	1142.93	-139.05	85.99	13.96	63.38
2008-10-06T08:37:46	2543.17	1152.67	-139.30	85.64	14.14	65.04
2008-10-06T08:37:48	2534.43	1162.41	-139.55	85.15	14.39	66.47
2008-10-06T08:37:50	2525.68	1172.14	-139.79	84.37	15.38	67.48
2008-10-06T08:37:52	2516.93	1181.87	-140.04	83.76	16.40	68.25
2008-10-06T08:37:54	2508.15	1191.60	-140.29	83.39	17.28	68.83
2008-10-06T08:37:56	2499.37	1201.31	-140.53	83.40	17.87	69.52
2008-10-06T08:37:58	2490.59	1211.03	-140.78	83.72	18.17	70.66
2008-10-06T08:38:00	2481.79	1220.74	-141.02	83.98	18.53	71.73
2008-10-06T08:38:02	2472.97	1230.44	-141.26	84.04	18.84	72.81
2008-10-06T08:38:04	2464.16	1240.14	-141.50	83.66	18.79	73.95
2008-10-06T08:38:06	2455.32	1249.83	-141.75	83.19	18.50	74.91
2008-10-06T08:38:08	2446.48	1259.52	-141.99	82.81	18.12	75.53
2008-10-06T08:38:10	2437.63	1269.21	-142.23	82.60	17.93	75.96
2008-10-06T08:38:12	2428.77	1278.88	-142.47	82.37	17.83	76.47
2008-10-06T08:38:14	2419.90	1288.56	-142.71	82.12	17.83	77.05
2008-10-06T08:38:16	2411.02	1298.22	-142.94	81.85	18.36	77.90
2008-10-06T08:38:18	2402.12	1307.89	-143.18	81.59	18.89	78.58
2008-10-06T08:38:20	2393.22	1317.54	-143.42	81.02	19.35	78.84
2008-10-06T08:38:22	2384.31	1327.19	-143.66	80.29	19.82	78.91
2008-10-06T08:38:24	2375.38	1336.84	-143.90	79.73	20.31	79.00
2008-10-06T08:38:26	2366.45	1346.48	-144.13	79.33	20.83	79.13
2008-10-06T08:38:28	2357.51	1356.11	-144.37	79.06	21.42	79.52
2008-10-06T08:38:30	2348.55	1365.74	-144.60	78.72	22.04	80.19
2008-10-06T08:38:32	2339.59	1375.36	-144.84	78.23	22.27	80.81
2008-10-06T08:38:34	2330.61	1384.98	-145.07	77.77	22.37	81.39
2008-10-06T08:38:36	2321.63	1394.58	-145.30	77.38	22.58	81.92
2008-10-06T08:38:38	2312.63	1404.19	-145.53	77.07	22.89	82.38
2008-10-06T08:38:40	2303.63	1413.78	-145.77	76.83	23.31	82.79
2008-10-06T08:38:42	2294.61	1423.38	-145.99	76.53	23.90	83.17
2008-10-06T08:38:44	2285.59	1432.96	-146.22	75.94	24.37	83.53
2008-10-06T08:38:46	2276.55	1442.54	-146.46	75.03	24.64	83.95
2008-10-06T08:38:48	2267.51	1452.11	-146.68	73.97	24.83	84.46
2008-10-06T08:38:50	2258.45	1461.67	-146.91	72.75	24.93	85.05
2008-10-06T08:38:52	2249.38	1471.23	-147.14	71.38	24.95	85.71
2008-10-06T08:38:54	2240.31	1480.79	-147.37	70.10	25.18	86.17
2008-10-06T08:38:56	2231.22	1490.33	-147.59	69.72	25.74	86.17
2008-10-06T08:38:58	2222.13	1499.87	-147.82	69.75	26.33	85.99
2008-10-06T08:39:00	2213.02	1509.40	-148.04	69.79	26.94	85.79
2008-10-06T08:39:02	2203.90	1518.93	-148.27	69.84	27.57	85.57
2008-10-06T08:39:04	2194.78	1528.45	-148.49	69.90	28.23	85.33
2008-10-06T08:39:06	2185.64	1537.96	-148.71	70.18	28.92	85.12
2008-10-06T08:39:08	2176.49	1547.46	-148.94	70.39	29.83	85.13
2008-10-06T08:39:10	2167.33	1556.96	-149.15	70.36	30.63	85.35
2008-10-06T08:39:12	2158.17	1566.45	-149.38	70.21	31.23	85.72
2008-10-06T08:39:14	2148.99	1575.93	-149.60	69.94	31.61	86.24
2008-10-06T08:39:16	2139.80	1585.41	-149.82	69.56	31.78	86.91
2008-10-06T08:39:18	2130.61	1594.87	-150.03	69.13	31.70	87.77
2008-10-06T08:39:20	2121.40	1604.33	-150.25	68.51	31.61	88.28
2008-10-06T08:39:22	2112.19	1613.79	-150.47	67.69	31.77	88.25
2008-10-06T08:39:24	2102.96	1623.23	-150.68	66.89	32.09	87.96
2008-10-06T08:39:26	2093.72	1632.67	-150.90	66.13	32.56	87.41
2008-10-06T08:39:28	2084.48	1642.10	-151.12	65.40	33.17	86.61
2008-10-06T08:39:30	2075.22	1651.52	-151.33	64.70	33.94	85.57
2008-10-06T08:39:32	2065.96	1660.94	-151.54	64.17	34.52	86.08
2008-10-06T08:39:34	2056.69	1670.35	-151.76	63.96	35.06	87.17
2008-10-06T08:39:36	2047.40	1679.75	-151.97	63.85	35.60	88.34
2008-10-06T08:39:38	2038.11	1689.14	-152.18	63.87	36.14	89.59
2008-10-06T08:39:40	2028.80	1698.52	-152.39	63.99	36.68	90.94
2008-10-06T08:39:42	2019.49	1707.90	-152.60	64.23	37.22	92.38
2008-10-06T08:39:44	2010.17	1717.27	-152.81	64.10	37.65	92.72
2008-10-06T08:39:46	2000.83	1726.63	-153.02	63.69	37.98	92.62
2008-10-06T08:39:48	1991.49	1735.98	-153.23	63.32	38.15	92.57
2008-10-06T08:39:50	1982.14	1745.32	-153.43	63.00	38.18	92.57
2008-10-06T08:39:52	1972.78	1754.66	-153.64	62.72	38.06	92.65
2008-10-06T08:39:54	1963.41	1763.98	-153.85	62.49	37.80	92.79
2008-10-06T08:39:56	1954.03	1773.30	-154.05	61.88	38.19	93.10
2008-10-06T08:39:58	1944.65	1782.61	-154.26	61.24	39.18	93.80
2008-10-06T08:40:00	1935.25	1791.91	-154.46	60.72	40.11	94.54
2008-10-06T08:40:02	1925.84	1801.20	-154.66	60.32	40.97	95.31
2008-10-06T08:40:04	1916.42	1810.49	-154.86	60.04	41.76	96.13
2008-10-06T08:40:06	1907.00	1819.76	-155.06	59.87	42.49	97.00
2008-10-06T08:40:08	1897.57	1829.03	-155.27	59.92	43.02	97.67
2008-10-06T08:40:10	1888.12	1838.29	-155.46	59.76	43.36	97.65
2008-10-06T08:40:12	1878.67	1847.54	-155.66	59.60	43.67	97.86
2008-10-06T08:40:14	1869.21	1856.78	-155.86	59.45	43.96	98.30
2008-10-06T08:40:16	1859.74	1866.01	-156.06	59.30	44.21	98.99
2008-10-06T08:40:18	1850.26	1875.24	-156.26	59.16	44.42	99.91
2008-10-06T08:40:20	1840.77	1884.45	-156.45	58.75	44.58	99.98
2008-10-06T08:40:22	1831.28	1893.65	-156.65	57.67	44.65	99.39
2008-10-06T08:40:24	1821.77	1902.85	-156.84	56.57	44.66	98.93
2008-10-06T08:40:26	1812.25	1912.04	-157.04	55.45	44.60	98.62
2008-10-06T08:40:28	1802.73	1921.21	-157.23	54.31	44.49	98.44
2008-10-06T08:40:30	1793.20	1930.38	-157.42	53.17	44.31	98.42
2008-10-06T08:40:32	1783.66	1939.54	-157.61	52.24	44.23	98.85
2008-10-06T08:40:34	1774.11	1948.69	-157.80	51.83	44.65	99.04
2008-10-06T08:40:36	1764.56	1957.83	-157.99	51.50	45.07	99.10
2008-10-06T08:40:38	1754.99	1966.96	-158.18	51.15	45.35	99.11
2008-10-06T08:40:40	1745.42	1976.09	-158.37	50.77	45.50	99.05
2008-10-06T08:40:42	1735.84	1985.20	-158.56	50.37	45.50	98.95
2008-10-06T08:40:44	1726.24	1994.30	-158.75	50.21	46.12	99.32
2008-10-06T08:40:46	1716.64	2003.40	-158.93	50.36	46.91	100.22
2008-10-06T08:40:48	1707.04	2012.48	-159.12	50.70	47.33	101.16
2008-10-06T08:40:50	1697.43	2021.55	-159.30	51.07	47.62	101.95
2008-10-06T08:40:52	1687.80	2030.62	-159.49	51.49	47.77	102.59
2008-10-06T08:40:54	1678.17	2039.67	-159.67	51.96	47.77	103.08
2008-10-06T08:40:56	1668.53	2048.72	-159.85	51.74	47.36	103.16
2008-10-06T08:40:58	1658.89	2057.76	-160.03	51.02	46.89	102.97
2008-10-06T08:41:00	1649.23	2066.78	-160.22	50.25	47.12	102.70
2008-10-06T08:41:02	1639.57	2075.80	-160.40	49.68	47.57	102.54
2008-10-06T08:41:04	1629.90	2084.81	-160.57	49.32	48.23	102.48
2008-10-06T08:41:06	1620.22	2093.80	-160.75	49.18	49.10	102.54
2008-10-06T08:41:08	1610.54	2102.79	-160.93	49.34	49.66	102.60
2008-10-06T08:41:10	1600.84	2111.77	-161.11	49.50	49.93	102.58
2008-10-06T08:41:12	1591.14	2120.73	-161.28	49.40	49.37	102.48
2008-10-06T08:41:14	1581.44	2129.69	-161.46	49.37	48.82	102.48
2008-10-06T08:41:16	1571.72	2138.64	-161.64	49.46	48.38	102.61
2008-10-06T08:41:18	1562.00	2147.58	-161.81	49.66	48.07	102.86
2008-10-06T08:41:20	1552.27	2156.50	-161.98	49.46	48.20	102.92
2008-10-06T08:41:22	1542.53	2165.42	-162.16	49.14	48.34	102.72
2008-10-06T08:41:24	1532.79	2174.33	-162.33	48.42	48.52	102.42
2008-10-06T08:41:26	1523.04	2183.23	-162.50	47.34	48.78	102.30
2008-10-06T08:41:28	1513.28	2192.11	-162.67	46.38	49.01	102.32
2008-10-06T08:41:30	1503.51	2200.99	-162.84	45.52	49.23	102.46
2008-10-06T08:41:32	1493.74	2209.86	-163.01	44.70	49.38	103.07
2008-10-06T08:41:34	1483.97	2218.70	-163.18	43.86	49.57	103.68
2008-10-06T08:41:36	1474.18	2227.56	-163.34	43.00	49.77	104.28
2008-10-06T08:41:38	1464.38	2236.40	-163.51	42.63	49.80	105.09
2008-10-06T08:41:40	1454.58	2245.22	-163.68	42.27	49.74	105.95
2008-10-06T08:41:42	1444.78	2254.04	-163.84	41.97	49.58	106.76
2008-10-06T08:41:44	1434.97	2262.84	-164.00	41.85	49.39	106.86
2008-10-06T08:41:46	1425.15	2271.64	-164.17	41.84	49.37	106.56
2008-10-06T08:41:48	1415.32	2280.42	-164.33	41.95	49.53	105.85
2008-10-06T08:41:50	1405.49	2289.20	-164.49	42.16	49.87	104.83
2008-10-06T08:41:52	1395.65	2297.97	-164.65	42.29	50.38	103.86
2008-10-06T08:41:54	1385.81	2306.72	-164.81	42.21	50.83	103.42
2008-10-06T08:41:56	1375.96	2315.46	-164.97	41.83	50.85	103.86
2008-10-06T08:41:58	1366.10	2324.20	-165.13	41.30	50.72	104.23
2008-10-06T08:42:00	1356.24	2332.92	-165.29	40.61	50.46	104.52
2008-10-06T08:42:02	1346.37	2341.63	-165.45	39.77	50.05	104.74
2008-10-06T08:42:04	1336.50	2350.33	-165.61	38.87	49.30	105.44
2008-10-06T08:42:06	1326.62	2359.03	-165.76	38.32	48.78	105.90
2008-10-06T08:42:08	1316.73	2367.71	-165.92	38.14	48.54	106.21
2008-10-06T08:42:10	1306.84	2376.38	-166.07	38.01	48.40	106.44
2008-10-06T08:42:12	1296.94	2385.04	-166.23	37.92	48.37	106.58
2008-10-06T08:42:14	1287.04	2393.69	-166.38	37.88	48.43	106.62
2008-10-06T08:42:16	1277.13	2402.33	-166.53	38.03	48.54	106.64
2008-10-06T08:42:18	1267.21	2410.96	-166.68	38.05	48.42	106.73
2008-10-06T08:42:20	1257.29	2419.58	-166.84	37.95	48.25	106.73
2008-10-06T08:42:22	1247.37	2428.19	-166.98	37.86	48.04	106.60
2008-10-06T08:42:24	1237.44	2436.79	-167.13	37.76	47.79	106.35
2008-10-06T08:42:26	1227.50	2445.38	-167.28	37.67	47.51	105.96
2008-10-06T08:42:28	1217.56	2453.95	-167.43	37.56	47.19	105.44
2008-10-06T08:42:30	1207.61	2462.52	-167.58	37.31	46.84	105.62
2008-10-06T08:42:32	1197.66	2471.08	-167.73	36.92	46.58	105.71
2008-10-06T08:42:34	1187.70	2479.62	-167.87	36.47	46.34	105.62
2008-10-06T08:42:36	1177.74	2488.16	-168.02	35.98	46.12	105.35
2008-10-06T08:42:38	1167.78	2496.68	-168.16	35.43	45.93	104.90
2008-10-06T08:42:40	1157.81	2505.20	-168.30	34.87	45.77	104.41
2008-10-06T08:42:42	1147.83	2513.70	-168.45	34.47	45.58	104.34
2008-10-06T08:42:44	1137.85	2522.20	-168.59	34.19	45.63	104.83
2008-10-06T08:42:46	1127.86	2530.68	-168.73	33.84	45.68	105.11
2008-10-06T08:42:48	1117.87	2539.15	-168.87	33.41	45.75	105.18
2008-10-06T08:42:50	1107.88	2547.62	-169.01	32.90	45.82	105.03
2008-10-06T08:42:52	1097.88	2556.07	-169.15	32.41	45.83	105.08
2008-10-06T08:42:54	1087.88	2564.51	-169.29	32.01	45.71	105.51
2008-10-06T08:42:56	1077.87	2572.95	-169.43	31.71	45.50	106.09
2008-10-06T08:42:58	1067.86	2581.37	-169.57	31.54	45.14	106.85
2008-10-06T08:43:00	1057.84	2589.78	-169.70	31.30	44.72	107.57
2008-10-06T08:43:02	1047.82	2598.18	-169.84	31.00	44.23	108.23
2008-10-06T08:43:04	1037.79	2606.57	-169.98	30.67	43.95	108.05
2008-10-06T08:43:06	1027.76	2614.95	-170.11	30.37	43.81	107.55
2008-10-06T08:43:08	1017.73	2623.32	-170.25	30.12	43.75	106.89
2008-10-06T08:43:10	1007.70	2631.68	-170.38	30.02	43.79	106.18
2008-10-06T08:43:12	997.65	2640.03	-170.51	30.01	43.82	105.73
2008-10-06T08:43:14	987.61	2648.37	-170.64	29.97	43.86	105.55
2008-10-06T08:43:16	977.56	2656.70	-170.78	29.85	44.08	105.80
2008-10-06T08:43:18	967.51	2665.02	-170.91	29.64	44.17	105.94
2008-10-06T08:43:20	957.45	2673.33	-171.04	29.34	44.13	105.98
2008-10-06T08:43:22	947.39	2681.62	-171.17	28.95	43.97	105.92
2008-10-06T08:43:24	937.33	2689.91	-171.30	28.56	43.79	105.55
2008-10-06T08:43:26	927.26	2698.19	-171.42	28.39	43.67	105.02
2008-10-06T08:43:28	917.19	2706.46	-171.55	28.22	43.60	104.58
2008-10-06T08:43:30	907.12	2714.71	-171.68	28.04	43.42	104.23
2008-10-06T08:43:32	897.04	2722.96	-171.81	27.84	43.12	103.96
2008-10-06T08:43:34	886.96	2731.20	-171.93	27.62	42.71	103.77
2008-10-06T08:43:36	876.88	2739.43	-172.06	27.39	42.18	103.66
2008-10-06T08:43:38	866.79	2747.64	-172.18	27.23	41.86	104.04
2008-10-06T08:43:40	856.70	2755.85	-172.31	27.05	41.70	104.40
2008-10-06T08:43:42	846.61	2764.05	-172.43	26.82	41.53	104.54
2008-10-06T08:43:44	836.51	2772.24	-172.55	26.54	41.37	104.45
2008-10-06T08:43:46	826.42	2780.42	-172.67	26.21	41.21	104.13
2008-10-06T08:43:48	816.31	2788.58	-172.80	25.85	41.09	103.62
2008-10-06T08:43:50	806.21	2796.74	-172.92	25.50	41.37	103.35
2008-10-06T08:43:52	796.10	2804.89	-173.04	25.27	41.15	103.44
2008-10-06T08:43:54	785.99	2813.03	-173.15	25.01	40.85	103.65
2008-10-06T08:43:56	775.88	2821.15	-173.27	24.65	40.65	103.83
2008-10-06T08:43:58	765.76	2829.27	-173.39	24.18	40.56	103.98
2008-10-06T08:44:00	755.65	2837.38	-173.51	23.63	40.22	103.96
2008-10-06T08:44:02	745.52	2845.48	-173.63	23.12	39.48	103.62
2008-10-06T08:44:04	735.40	2853.57	-173.75	22.62	38.79	103.10
2008-10-06T08:44:06	725.27	2861.65	-173.86	22.68	38.39	102.75
2008-10-06T08:44:08	715.15	2869.72	-173.97	23.23	38.22	102.58
2008-10-06T08:44:10	705.02	2877.78	-174.09	24.03	38.14	102.45
2008-10-06T08:44:12	694.88	2885.83	-174.20	24.78	38.52	102.78
2008-10-06T08:44:14	684.75	2893.87	-174.32	25.37	38.94	103.00
2008-10-06T08:44:16	674.61	2901.90	-174.43	25.83	39.28	102.95
2008-10-06T08:44:18	664.47	2909.92	-174.54	26.16	39.55	102.64
2008-10-06T08:44:20	654.33	2917.93	-174.66	25.74	39.64	102.30
2008-10-06T08:44:22	644.18	2925.93	-174.76	24.69	39.44	102.26
2008-10-06T08:44:24	634.04	2933.93	-174.87	23.82	38.56	102.57
2008-10-06T08:44:26	623.89	2941.91	-174.99	23.09	37.80	102.95
2008-10-06T08:44:28	613.74	2949.88	-175.10	22.49	37.16	103.41
2008-10-06T08:44:30	603.59	2957.85	-175.20	22.01	36.62	103.94
2008-10-06T08:44:32	593.43	2965.80	-175.31	21.66	36.20	104.55
2008-10-06T08:44:34	583.28	2973.75	-175.42	21.51	35.80	104.36
2008-10-06T08:44:36	573.12	2981.68	-175.53	21.47	35.44	103.33
2008-10-06T08:44:38	562.96	2989.61	-175.64	21.35	35.15	102.49
2008-10-06T08:44:40	552.80	2997.53	-175.74	21.17	34.93	101.83
2008-10-06T08:44:42	542.63	3005.44	-175.85	20.93	34.78	101.35
2008-10-06T08:44:44	532.47	3013.34	-175.95	20.62	34.70	101.05
2008-10-06T08:44:46	522.30	3021.23	-176.06	20.41	34.99	101.21
2008-10-06T08:44:48	512.14	3029.11	-176.16	20.30	35.22	101.32
2008-10-06T08:44:50	501.97	3036.98	-176.27	20.28	34.92	101.26
2008-10-06T08:44:52	491.80	3044.84	-176.37	20.13	34.71	100.92
2008-10-06T08:44:54	481.62	3052.70	-176.47	19.84	34.57	100.31
2008-10-06T08:44:56	471.45	3060.54	-176.57	19.47	34.34	99.61
2008-10-06T08:44:58	461.28	3068.38	-176.67	19.19	33.75	99.34
2008-10-06T08:45:00	451.10	3076.20	-176.77	18.93	33.32	99.13
2008-10-06T08:45:02	440.92	3084.02	-176.88	18.70	33.04	98.98
2008-10-06T08:45:04	430.75	3091.83	-176.98	18.71	32.63	99.16
2008-10-06T08:45:06	420.57	3099.63	-177.07	18.66	32.13	99.41
2008-10-06T08:45:08	410.38	3107.42	-177.17	18.40	31.48	99.54
2008-10-06T08:45:10	400.20	3115.20	-177.27	18.05	30.71	99.57
2008-10-06T08:45:12	390.02	3122.98	-177.37	17.68	29.87	99.60
2008-10-06T08:45:14	379.83	3130.74	-177.47	17.28	28.96	99.63
2008-10-06T08:45:16	369.65	3138.50	-177.56	16.85	27.98	99.64
2008-10-06T08:45:18	359.46	3146.25	-177.66	16.55	27.34	99.67
2008-10-06T08:45:20	349.27	3153.98	-177.76	16.61	27.71	99.46
2008-10-06T08:45:22	339.09	3161.71	-177.85	16.67	27.94	99.27
2008-10-06T08:45:24	328.90	3169.44	-177.95	16.73	28.05	99.09
2008-10-06T08:45:26	318.71	3177.15	-178.04	16.79	28.03	98.92
2008-10-06T08:45:28	308.52	3184.85	-178.13	16.85	27.89	98.78
2008-10-06T08:45:30	298.32	3192.55	-178.23	17.05	27.72	98.67
2008-10-06T08:45:32	288.13	3200.24	-178.32	17.44	27.62	98.57
2008-10-06T08:45:34	277.94	3207.91	-178.41	17.48	27.46	98.19
2008-10-06T08:45:36	267.75	3215.59	-178.51	17.43	27.25	97.84
2008-10-06T08:45:38	257.55	3223.25	-178.60	17.28	26.98	97.51
2008-10-06T08:45:40	247.36	3230.90	-178.69	17.04	26.65	97.20
2008-10-06T08:45:42	237.16	3238.55	-178.78	16.42	26.43	96.69
2008-10-06T08:45:44	226.96	3246.19	-178.87	15.86	26.20	96.12
2008-10-06T08:45:46	216.77	3253.82	-178.96	15.46	25.91	95.52
2008-10-06T08:45:48	206.57	3261.44	-179.05	15.39	25.82	95.11
2008-10-06T08:45:50	196.37	3269.05	-179.14	15.39	25.91	94.83
2008-10-06T08:45:52	186.17	3276.65	-179.23	15.29	26.01	94.67
2008-10-06T08:45:54	175.98	3284.25	-179.31	15.00	25.92	94.84
2008-10-06T08:45:56	165.78	3291.84	-179.40	14.70	25.85	94.79
2008-10-06T08:45:58	155.57	3299.42	-179.49	14.37	25.81	94.55
2008-10-06T08:46:00	145.38	3306.99	-179.57	14.01	25.79	94.10
2008-10-06T08:46:02	135.18	3314.56	-179.66	13.64	25.74	93.49
2008-10-06T08:46:04	124.97	3322.11	-179.75	13.77	25.15	93.50
2008-10-06T08:46:06	114.78	3329.66	-179.83	14.09	24.62	93.69
2008-10-06T08:46:08	104.57	3337.21	-179.92	14.26	24.18	93.96
2008-10-06T08:46:10	94.37	3344.74	-180.00	14.30	23.84	94.33
2008-10-06T08:46:12	84.17	3352.26	-180.08	14.19	23.59	94.78
2008-10-06T08:46:14	73.97	3359.78	-180.17	13.95	23.44	95.33
2008-10-06T08:46:16	63.77	3367.29	-180.25	13.64	23.60	95.82
2008-10-06T08:46:18	53.57	3374.79	-180.34	13.45	23.82	96.02
2008-10-06T08:46:20	43.36	3382.29	-180.42	13.42	23.93	95.85
2008-10-06T08:46:22	33.16	3389.77	-180.50	13.58	23.88	95.55
2008-10-06T08:46:24	22.96	3397.25	-180.58	13.95	23.66	95.11
2008-10-06T08:46:26	12.76	3404.72	-180.66	14.23	23.32	94.45
2008-10-06T08:46:28	2.56	3412.19	-180.74	14.12	23.03	93.75
2008-10-06T08:46:30	-7.65	3419.65	-180.82	14.00	22.76	93.24
2008-10-06T08:46:32	-17.85	3427.10	-180.90	13.88	22.52	92.91
2008-10-06T08:46:34	-28.05	3434.54	-180.98	13.40	22.50	92.72
2008-10-06T08:46:36	-38.25	3441.97	-181.06	12.91	22.45	92.58
2008-10-06T08:46:38	-48.45	3449.40	-181.14	12.55	22.37	92.07
2008-10-06T08:46:40	-58.66	3456.82	-181.22	12.29	22.32	91.51
2008-10-06T08:46:42	-68.86	3464.23	-181.30	12.12	22.29	91.03
2008-10-06T08:46:44	-79.06	3471.64	-181.37	12.03	22.29	90.61
2008-10-06T08:46:46	-89.26	3479.03	-181.45	12.03	22.31	90.26
2008-10-06T08:46:48	-99.46	3486.43	-181.53	12.09	22.34	90.08
2008-10-06T08:46:50	-109.66	3493.81	-181.61	11.98	22.23	90.37
2008-10-06T08:46:52	-119.86	3501.19	-181.68	11.88	22.11	90.63
2008-10-06T08:46:54	-130.06	3508.55	-181.76	11.80	21.97	90.86
2008-10-06T08:46:56	-140.26	3515.92	-181.83	11.74	21.82	91.07
2008-10-06T08:46:58	-150.46	3523.27	-181.91	11.69	21.65	91.25
2008-10-06T08:47:00	-160.66	3530.62	-181.98	11.37	21.06	90.90
2008-10-06T08:47:02	-170.86	3537.96	-182.06	10.83	20.15	90.06
2008-10-06T08:47:04	-181.06	3545.30	-182.13	10.17	19.21	89.17
2008-10-06T08:47:06	-191.25	3552.62	-182.20	9.26	18.19	88.39
2008-10-06T08:47:08	-201.45	3559.94	-182.28	8.30	17.10	87.65
2008-10-06T08:47:10	-211.65	3567.26	-182.35	7.29	15.95	86.95
2008-10-06T08:47:12	-221.84	3574.57	-182.42	6.47	15.57	86.18
2008-10-06T08:47:14	-232.04	3581.86	-182.49	5.85	15.15	85.31
2008-10-06T08:47:16	-242.24	3589.16	-182.57	5.42	14.64	84.34
2008-10-06T08:47:18	-252.44	3596.45	-182.64	5.18	14.05	83.28
2008-10-06T08:47:20	-262.63	3603.72	-182.71	5.14	13.56	81.79
2008-10-06T08:47:22	-272.82	3611.00	-182.78	4.89	13.20	79.87
2008-10-06T08:47:24	-283.02	3618.26	-182.85	4.29	12.75	78.04
2008-10-06T08:47:26	-293.21	3625.53	-182.92	3.86	12.09	76.31
2008-10-06T08:47:28	-303.40	3632.78	-182.99	3.60	11.24	74.66
2008-10-06T08:47:30	-313.60	3640.03	-183.06	3.51	10.18	73.10
2008-10-06T08:47:32	-323.79	3647.27	-183.13	3.59	8.93	71.62
2008-10-06T08:47:34	-333.98	3654.50	-183.20	3.29	8.12	69.71
2008-10-06T08:47:36	-344.17	3661.73	-183.27	2.51	7.68	67.53
2008-10-06T08:47:38	-354.36	3668.95	-183.33	1.76	7.21	65.44
2008-10-06T08:47:40	-364.55	3676.16	-183.40	1.23	6.62	63.50
2008-10-06T08:47:42	-374.74	3683.37	-183.47	0.90	5.90	61.69
2008-10-06T08:47:44	-384.92	3690.57	-183.54	0.86	5.18	60.18
2008-10-06T08:47:46	-395.11	3697.77	-183.61	1.41	5.35	59.75
2008-10-06T08:47:48	-405.30	3704.96	-183.67	1.80	5.67	59.14
2008-10-06T08:47:50	-415.48	3712.14	-183.74	2.04	6.14	58.33
2008-10-06T08:47:52	-425.67	3719.32	-183.80	2.17	6.94	57.14
2008-10-06T08:47:54	-435.85	3726.49	-183.87	2.14	7.61	55.86
2008-10-06T08:47:56	-446.03	3733.65	-183.93	1.94	7.93	54.76
2008-10-06T08:47:58	-456.21	3740.81	-184.00	1.73	8.22	53.77
2008-10-06T08:48:00	-466.40	3747.96	-184.06	1.54	8.71	52.73
2008-10-06T08:48:02	-476.58	3755.11	-184.13	1.38	9.38	51.64
2008-10-06T08:48:04	-486.76	3762.25	-184.19	1.25	10.24	50.49
2008-10-06T08:48:06	-496.94	3769.38	-184.26	1.15	11.28	49.29
2008-10-06T08:48:08	-507.11	3776.51	-184.32	1.56	10.63	47.19
2008-10-06T08:48:10	-517.29	3783.63	-184.38	1.88	9.76	45.08
2008-10-06T08:48:12	-527.47	3790.75	-184.45	2.01	9.06	43.11
2008-10-06T08:48:14	-537.65	3797.86	-184.51	1.96	8.54	41.27
2008-10-06T08:48:16	-547.82	3804.97	-184.57	1.73	8.20	39.56
2008-10-06T08:48:18	-558.00	3812.07	-184.63	1.42	7.90	37.82
2008-10-06T08:48:20	-568.17	3819.16	-184.70	1.35	7.33	35.71
2008-10-06T08:48:22	-578.34	3826.24	-184.76	1.32	6.78	33.63
2008-10-06T08:48:24	-588.51	3833.33	-184.82	1.54	6.14	31.33
2008-10-06T08:48:26	-598.68	3840.40	-184.88	1.82	5.48	28.92
2008-10-06T08:48:28	-608.85	3847.47	-184.94	2.00	4.85	26.50
2008-10-06T08:48:30	-619.02	3854.54	-185.00	1.97	4.12	24.16
2008-10-06T08:48:32	-629.19	3861.60	-185.06	1.87	3.41	21.96
2008-10-06T08:48:34	-639.36	3868.65	-185.12	1.77	2.79	19.88
2008-10-06T08:48:36	-649.52	3875.70	-185.18	1.69	2.28	17.91
2008-10-06T08:48:38	-659.69	3882.74	-185.24	1.61	1.87	16.07
2008-10-06T08:48:40	-669.85	3889.77	-185.30	1.58	1.48	14.53
2008-10-06T08:48:42	-680.02	3896.80	-185.36	1.65	0.88	13.34
2008-10-06T08:48:44	-690.18	3903.83	-185.42	1.74	0.32	12.18
2008-10-06T08:48:46	-700.34	3910.85	-185.47	1.84	-0.19	11.04
2008-10-06T08:48:48	-710.50	3917.86	-185.53	1.96	-0.66	9.92
2008-10-06T08:48:50	-720.66	3924.87	-185.59	2.09	-1.08	8.84
2008-10-06T08:48:52	-730.81	3931.88	-185.65	2.24	-1.41	7.62
2008-10-06T08:48:54	-740.97	3938.87	-185.71	2.40	-1.63	6.17
2008-10-06T08:48:56	-751.13	3945.87	-185.76	2.58	-1.84	4.80
2008-10-06T08:48:58	-761.28	3952.86	-185.82	2.80	-2.02	3.60
2008-10-06T08:49:00	-771.44	3959.84	-185.87	3.02	-2.18	2.43
2008-10-06T08:49:02	-781.59	3966.82	-185.93	3.24	-2.31	1.31
2008-10-06T08:49:04	-791.74	3973.79	-185.99	3.48	-2.38	0.23
2008-10-06T08:49:06	-801.89	3980.75	-186.04	3.72	-2.42	-0.85
2008-10-06T08:49:08	-812.04	3987.72	-186.10	3.95	-2.46	-1.93
2008-10-06T08:49:10	-822.19	3994.67	-186.15	4.17	-2.48	-3.00
2008-10-06T08:49:12	-832.34	4001.62	-186.21	4.40	-2.49	-4.04
2008-10-06T08:49:14	-842.48	4008.57	-186.26	4.70	-2.54	-4.92
2008-10-06T08:49:16	-852.63	4015.51	-186.32	5.05	-2.64	-5.66
2008-10-06T08:49:18	-862.77	4022.45	-186.37	5.37	-2.75	-6.32
2008-10-06T08:49:20	-872.91	4029.38	-186.43	5.67	-2.85	-6.90
2008-10-06T08:49:22	-883.06	4036.30	-186.48	5.96	-2.96	-7.40
2008-10-06T08:49:24	-893.20	4043.22	-186.53	6.23	-3.06	-7.81
2008-10-06T08:49:26	-903.34	4050.14	-186.59	6.40	-3.25	-8.25
2008-10-06T08:49:28	-913.48	4057.05	-186.64	6.45	-3.55	-8.79
2008-10-06T08:49:30	-923.61	4063.96	-186.69	6.31	-3.95	-9.44
2008-10-06T08:49:32	-933.75	4070.86	-186.75	6.19	-4.31	-10.02
2008-10-06T08:49:34	-943.88	4077.75	-186.80	6.10	-4.62	-10.55
2008-10-06T08:49:36	-954.02	4084.65	-186.85	6.04	-4.89	-11.01
2008-10-06T08:49:38	-964.15	4091.53	-186.90	6.13	-5.12	-11.34
2008-10-06T08:49:40	-974.28	4098.41	-186.96	6.30	-5.35	-11.55
2008-10-06T08:49:42	-984.41	4105.29	-187.01	6.54	-5.57	-11.66
2008-10-06T08:49:44	-994.54	4112.17	-187.06	6.84	-5.80	-11.67
2008-10-06T08:49:46	-1004.67	4119.03	-187.11	6.99	-5.92	-11.61
2008-10-06T08:49:48	-1014.80	4125.90	-187.16	6.95	-5.95	-11.55
2008-10-06T08:49:50	-1024.92	4132.75	-187.21	6.81	-5.94	-11.66
2008-10-06T08:49:52	-1035.05	4139.61	-187.26	6.68	-5.94	-11.83
2008-10-06T08:49:54	-1045.17	4146.46	-187.31	6.56	-5.96	-12.04
2008-10-06T08:49:56	-1055.29	4153.30	-187.36	6.44	-6.00	-12.31
2008-10-06T08:49:58	-1065.41	4160.14	-187.41	6.33	-6.05	-12.62
2008-10-06T08:50:00	-1075.53	4166.98	-187.46	6.13	-6.10	-13.18
2008-10-06T08:50:02	-1085.65	4173.81	-187.51	5.95	-6.19	-13.91
2008-10-06T08:50:04	-1095.76	4180.63	-187.56	5.92	-6.34	-14.55
2008-10-06T08:50:06	-1105.88	4187.45	-187.61	5.90	-6.44	-15.07
2008-10-06T08:50:08	-1115.99	4194.27	-187.66	5.88	-6.48	-15.46
2008-10-06T08:50:10	-1126.11	4201.08	-187.71	5.87	-6.48	-15.74
2008-10-06T08:50:12	-1136.22	4207.89	-187.76	5.98	-6.31	-15.55
2008-10-06T08:50:14	-1146.33	4214.69	-187.80	6.18	-6.14	-15.31
2008-10-06T08:50:16	-1156.44	4221.50	-187.85	6.45	-6.00	-15.07
2008-10-06T08:50:18	-1166.55	4228.29	-187.90	6.79	-5.88	-14.80
2008-10-06T08:50:20	-1176.66	4235.08	-187.95	7.03	-5.78	-14.79
2008-10-06T08:50:22	-1186.76	4241.87	-187.99	7.17	-5.78	-14.82
2008-10-06T08:50:24	-1196.87	4248.65	-188.04	7.19	-5.97	-14.77
2008-10-06T08:50:26	-1206.97	4255.43	-188.09	7.26	-6.16	-14.76
2008-10-06T08:50:28	-1217.07	4262.20	-188.14	7.36	-6.36	-14.76
2008-10-06T08:50:30	-1227.18	4268.97	-188.18	7.49	-6.55	-14.78
2008-10-06T08:50:32	-1237.28	4275.73	-188.23	7.67	-6.74	-14.83
2008-10-06T08:50:34	-1247.37	4282.50	-188.28	7.89	-7.00	-15.02
2008-10-06T08:50:36	-1257.47	4289.25	-188.32	8.11	-7.30	-15.18
2008-10-06T08:50:38	-1267.57	4296.00	-188.37	8.30	-7.55	-15.19
2008-10-06T08:50:40	-1277.66	4302.75	-188.41	8.46	-7.76	-15.13
2008-10-06T08:50:42	-1287.75	4309.49	-188.46	8.59	-7.94	-14.99
2008-10-06T08:50:44	-1297.85	4316.23	-188.50	8.69	-8.07	-14.78
2008-10-06T08:50:46	-1307.94	4322.97	-188.55	8.91	-8.24	-14.88
2008-10-06T08:50:48	-1318.03	4329.70	-188.59	9.16	-8.38	-15.07
2008-10-06T08:50:50	-1328.11	4336.43	-188.64	9.41	-8.49	-15.30
2008-10-06T08:50:52	-1338.20	4343.15	-188.69	9.67	-8.57	-15.58
2008-10-06T08:50:54	-1348.29	4349.87	-188.73	9.92	-8.67	-15.74
2008-10-06T08:50:56	-1358.37	4356.59	-188.77	10.04	-8.64	-15.72
2008-10-06T08:50:58	-1368.46	4363.30	-188.82	9.97	-8.50	-15.48
2008-10-06T08:51:00	-1378.54	4370.01	-188.86	9.92	-8.40	-15.19
2008-10-06T08:51:02	-1388.62	4376.71	-188.90	9.87	-8.35	-14.86
2008-10-06T08:51:04	-1398.70	4383.41	-188.95	9.84	-8.35	-14.48
2008-10-06T08:51:06	-1408.78	4390.11	-188.99	9.83	-8.39	-14.06
2008-10-06T08:51:08	-1418.85	4396.80	-189.04	9.91	-8.28	-13.67
2008-10-06T08:51:10	-1428.93	4403.49	-189.08	10.18	-7.99	-13.53
2008-10-06T08:51:12	-1439.00	4410.17	-189.12	10.53	-7.68	-13.62
2008-10-06T08:51:14	-1449.07	4416.85	-189.16	10.83	-7.35	-13.76
2008-10-06T08:51:16	-1459.15	4423.53	-189.21	11.08	-7.00	-13.96
2008-10-06T08:51:18	-1469.22	4430.20	-189.25	11.26	-6.64	-14.21
2008-10-06T08:51:20	-1479.28	4436.87	-189.29	11.57	-6.55	-14.56
2008-10-06T08:51:22	-1489.35	4443.53	-189.33	11.81	-6.51	-14.85
2008-10-06T08:51:24	-1499.42	4450.19	-189.38	11.97	-6.50	-15.08
2008-10-06T08:51:26	-1509.48	4456.85	-189.42	12.03	-6.52	-15.24
2008-10-06T08:51:28	-1519.55	4463.51	-189.46	12.13	-6.52	-15.26
2008-10-06T08:51:30	-1529.61	4470.16	-189.50	12.28	-6.49	-15.13
2008-10-06T08:51:32	-1539.67	4476.80	-189.54	12.50	-6.34	-14.63
2008-10-06T08:51:34	-1549.73	4483.45	-189.58	12.68	-6.17	-14.17
2008-10-06T08:51:36	-1559.79	4490.09	-189.62	12.82	-5.98	-13.74
2008-10-06T08:51:38	-1569.85	4496.72	-189.67	12.94	-5.78	-13.35
2008-10-06T08:51:40	-1579.90	4503.35	-189.71	13.02	-5.56	-12.99
2008-10-06T08:51:42	-1589.96	4509.98	-189.75	13.22	-5.41	-12.81
2008-10-06T08:51:44	-1600.01	4516.61	-189.79	13.58	-5.38	-12.76
2008-10-06T08:51:46	-1610.06	4523.23	-189.83	13.94	-5.42	-12.73
2008-10-06T08:51:48	-1620.11	4529.85	-189.87	14.21	-5.49	-12.66
2008-10-06T08:51:50	-1630.16	4536.46	-189.91	14.41	-5.57	-12.55
2008-10-06T08:51:52	-1640.21	4543.07	-189.95	14.52	-5.66	-12.40
2008-10-06T08:51:54	-1650.26	4549.68	-189.99	14.56	-5.80	-12.37
2008-10-06T08:51:56	-1660.30	4556.28	-190.03	14.66	-5.94	-12.35
2008-10-06T08:51:58	-1670.35	4562.88	-190.07	14.82	-6.08	-12.32
2008-10-06T08:52:00	-1680.39	4569.48	-190.11	15.04	-6.22	-12.28
2008-10-06T08:52:02	-1690.43	4576.07	-190.14	15.28	-6.27	-12.25
2008-10-06T08:52:04	-1700.47	4582.66	-190.18	15.49	-6.18	-12.21
2008-10-06T08:52:06	-1710.51	4589.24	-190.22	15.61	-5.88	-11.98
2008-10-06T08:52:08	-1720.55	4595.83	-190.26	15.77	-5.61	-11.74
2008-10-06T08:52:10	-1730.58	4602.41	-190.30	15.95	-5.37	-11.47
2008-10-06T08:52:12	-1740.62	4608.98	-190.34	16.16	-5.15	-11.19
2008-10-06T08:52:14	-1750.65	4615.56	-190.38	16.40	-4.96	-10.88
2008-10-06T08:52:16	-1760.69	4622.13	-190.42	16.61	-4.94	-10.60
2008-10-06T08:52:18	-1770.72	4628.69	-190.45	16.77	-5.15	-10.40
2008-10-06T08:52:20	-1780.75	4635.26	-190.49	16.70	-5.43	-10.26
2008-10-06T08:52:22	-1790.77	4641.81	-190.53	16.60	-5.69	-10.16
2008-10-06T08:52:24	-1800.80	4648.37	-190.56	16.48	-5.92	-10.11
2008-10-06T08:52:26	-1810.83	4654.92	-190.60	16.35	-6.14	-10.09
2008-10-06T08:52:28	-1820.85	4661.48	-190.64	16.17	-6.18	-10.29
2008-10-06T08:52:30	-1830.88	4668.02	-190.68	15.99	-6.21	-10.60
2008-10-06T08:52:32	-1840.90	4674.56	-190.71	15.81	-6.29	-10.96
2008-10-06T08:52:34	-1850.92	4681.11	-190.75	15.65	-6.44	-11.36
2008-10-06T08:52:36	-1860.94	4687.64	-190.79	15.50	-6.60	-11.77
2008-10-06T08:52:38	-1870.96	4694.18	-190.83	15.38	-6.66	-11.97
2008-10-06T08:52:40	-1880.97	4700.71	-190.86	14.87	-6.64	-11.78
2008-10-06T08:52:42	-1890.99	4707.23	-190.90	14.43	-6.65	-11.62
2008-10-06T08:52:44	-1901.00	4713.76	-190.93	14.06	-6.67	-11.48
2008-10-06T08:52:46	-1911.02	4720.28	-190.97	13.75	-6.73	-11.35
2008-10-06T08:52:48	-1921.03	4726.80	-191.01	13.51	-6.80	-11.25
2008-10-06T08:52:50	-1931.04	4733.31	-191.04	13.47	-6.85	-11.25
2008-10-06T08:52:52	-1941.04	4739.82	-191.08	13.73	-6.78	-11.49
2008-10-06T08:52:54	-1951.05	4746.33	-191.11	13.95	-6.65	-11.83
2008-10-06T08:52:56	-1961.06	4752.84	-191.15	14.08	-6.46	-12.28
2008-10-06T08:52:58	-1971.06	4759.34	-191.18	14.15	-6.28	-12.72
2008-10-06T08:53:00	-1981.07	4765.84	-191.22	14.15	-6.12	-13.16
2008-10-06T08:53:02	-1991.07	4772.34	-191.25	14.02	-5.80	-13.48
2008-10-06T08:53:04	-2001.07	4778.84	-191.29	13.81	-5.43	-13.74
2008-10-06T08:53:06	-2011.07	4785.33	-191.32	13.56	-5.11	-13.97
2008-10-06T08:53:08	-2021.07	4791.81	-191.36	13.28	-4.84	-14.20
2008-10-06T08:53:10	-2031.07	4798.30	-191.39	12.97	-4.63	-14.40
2008-10-06T08:53:12	-2041.06	4804.78	-191.43	12.75	-4.40	-14.48
2008-10-06T08:53:14	-2051.06	4811.26	-191.46	12.81	-4.43	-14.57
2008-10-06T08:53:16	-2061.05	4817.73	-191.50	12.88	-4.48	-14.63
2008-10-06T08:53:18	-2071.04	4824.21	-191.53	12.94	-4.52	-14.64
2008-10-06T08:53:20	-2081.03	4830.68	-191.56	12.98	-4.56	-14.61
2008-10-06T08:53:22	-2091.02	4837.15	-191.60	13.00	-4.59	-14.53
2008-10-06T08:53:24	-2101.01	4843.61	-191.63	13.07	-4.61	-14.40
2008-10-06T08:53:26	-2111.00	4850.07	-191.67	13.38	-4.57	-14.30
2008-10-06T08:53:28	-2120.98	4856.53	-191.70	13.68	-4.55	-14.27
2008-10-06T08:53:30	-2130.97	4862.99	-191.73	14.02	-4.62	-14.35
2008-10-06T08:53:32	-2140.95	4869.44	-191.77	14.31	-4.72	-14.44
2008-10-06T08:53:34	-2150.94	4875.89	-191.80	14.52	-4.82	-14.54
2008-10-06T08:53:36	-2160.92	4882.34	-191.83	14.62	-4.81	-14.56
2008-10-06T08:53:38	-2170.89	4888.78	-191.86	14.66	-4.67	-14.54
2008-10-06T08:53:40	-2180.87	4895.23	-191.90	14.74	-4.54	-14.58
2008-10-06T08:53:42	-2190.85	4901.66	-191.93	14.85	-4.40	-14.68
2008-10-06T08:53:44	-2200.82	4908.10	-191.96	15.00	-4.27	-14.84
2008-10-06T08:53:46	-2210.80	4914.54	-192.00	15.18	-4.13	-15.05
2008-10-06T08:53:48	-2220.77	4920.97	-192.03	14.99	-4.03	-14.86
2008-10-06T08:53:50	-2230.74	4927.40	-192.06	14.77	-3.97	-14.59
2008-10-06T08:53:52	-2240.71	4933.82	-192.09	14.59	-3.92	-14.34
2008-10-06T08:53:54	-2250.68	4940.25	-192.13	14.48	-3.89	-14.12
