Time	POS_X	POS_Y	POS_Z	B_X	B_Y	B_Z
2008-10-06T08:26:48	5012.59	-2099.14	-42.81	3.59	-1.50	18.45
2008-10-06T08:26:50	5005.86	-2089.38	-43.12	3.62	-1.51	18.55
2008-10-06T08:26:52	4999.13	-2079.62	-43.43	3.66	-1.52	18.65
2008-10-06T08:26:54	4992.40	-2069.86	-43.75	3.69	-1.53	18.75
2008-10-06T08:26:56	4985.66	-2060.10	-44.06	3.72	-1.54	18.84
2008-10-06T08:26:58	4978.92	-2050.33	-44.37	3.75	-1.54	18.94
2008-10-06T08:27:00	4972.18	-2040.57	-44.68	3.78	-1.55	19.04
2008-10-06T08:27:02	4965.43	-2030.80	-44.99	3.82	-1.56	19.15
2008-10-06T08:27:04	4958.68	-2021.03	-45.30	3.85	-1.57	19.25
2008-10-06T08:27:06	4951.93	-2011.27	-45.61	3.88	-1.58	19.35
2008-10-06T08:27:08	4945.18	-2001.50	-45.92	3.92	-1.59	19.45
2008-10-06T08:27:10	4938.42	-1991.73	-46.23	3.95	-1.59	19.56
2008-10-06T08:27:12	4931.66	-1981.95	-46.54	3.99	-1.60	19.66
2008-10-06T08:27:14	4924.90	-1972.18	-46.85	4.02	-1.61	19.77
2008-10-06T08:27:16	4918.13	-1962.40	-47.17	4.05	-1.62	19.87
2008-10-06T08:27:18	4911.36	-1952.63	-47.48	4.09	-1.63	19.98
2008-10-06T08:27:20	4904.59	-1942.85	-47.78	4.13	-1.63	20.08
2008-10-06T08:27:22	4897.82	-1933.07	-48.09	4.16	-1.64	20.19
2008-10-06T08:27:24	4891.04	-1923.29	-48.41	4.20	-1.65	20.30
2008-10-06T08:27:26	4884.26	-1913.51	-48.72	4.24	-1.66	20.41
2008-10-06T08:27:28	4877.47	-1903.73	-49.03	4.27	-1.67	20.52
2008-10-06T08:27:30	4870.69	-1893.95	-49.34	4.31	-1.68	20.63
2008-10-06T08:27:32	4863.90	-1884.16	-49.65	4.35	-1.68	20.74
2008-10-06T08:27:34	4857.11	-1874.38	-49.96	4.39	-1.69	20.85
2008-10-06T08:27:36	4850.31	-1864.59	-50.27	4.43	-1.70	20.97
2008-10-06T08:27:38	4843.51	-1854.80	-50.58	4.46	-1.71	21.08
2008-10-06T08:27:40	4836.71	-1845.01	-50.89	4.50	-1.72	21.20
2008-10-06T08:27:42	4829.91	-1835.22	-51.20	4.54	-1.73	21.31
2008-10-06T08:27:44	4823.10	-1825.43	-51.51	4.58	-1.73	21.43
2008-10-06T08:27:46	4816.29	-1815.64	-51.82	4.62	-1.74	21.54
2008-10-06T08:27:48	4809.48	-1805.84	-52.13	4.67	-1.75	21.66
2008-10-06T08:27:50	4802.66	-1796.05	-52.44	4.71	-1.76	21.78
2008-10-06T08:27:52	4795.84	-1786.25	-52.75	4.75	-1.77	21.90
2008-10-06T08:27:54	4789.02	-1776.45	-53.06	4.79	-1.78	22.02
2008-10-06T08:27:56	4782.19	-1766.66	-53.37	4.83	-1.79	22.14
2008-10-06T08:27:58	4775.37	-1756.86	-53.68	4.88	-1.79	22.26
2008-10-06T08:28:00	4768.53	-1747.05	-53.99	4.92	-1.80	22.38
2008-10-06T08:28:02	4761.70	-1737.25	-54.30	4.96	-1.81	22.50
2008-10-06T08:28:04	4754.86	-1727.45	-54.61	5.01	-1.82	22.63
2008-10-06T08:28:06	4748.02	-1717.64	-54.92	5.05	-1.83	22.75
2008-10-06T08:28:08	4741.17	-1707.84	-55.23	5.10	-1.84	22.88
2008-10-06T08:28:10	4734.32	-1698.03	-55.54	5.14	-1.85	23.00
2008-10-06T08:28:12	4727.47	-1688.22	-55.85	5.19	-1.85	23.13
2008-10-06T08:28:14	4720.62	-1678.41	-56.16	5.24	-1.86	23.26
2008-10-06T08:28:16	4713.76	-1668.60	-56.47	5.28	-1.87	23.39
2008-10-06T08:28:18	4706.90	-1658.79	-56.78	5.33	-1.88	23.51
2008-10-06T08:28:20	4700.04	-1648.98	-57.09	5.38	-1.89	23.64
2008-10-06T08:28:22	4693.17	-1639.16	-57.40	5.43	-1.90	23.78
2008-10-06T08:28:24	4686.30	-1629.35	-57.71	5.48	-1.90	23.91
2008-10-06T08:28:26	4679.42	-1619.53	-58.02	5.53	-1.91	24.04
2008-10-06T08:28:28	4672.54	-1609.71	-58.33	5.58	-1.92	24.17
2008-10-06T08:28:30	4665.66	-1599.89	-58.64	5.63	-1.93	24.31
2008-10-06T08:28:32	4658.78	-1590.07	-58.95	5.68	-1.94	24.44
2008-10-06T08:28:34	4651.89	-1580.25	-59.26	5.73	-1.95	24.58
2008-10-06T08:28:36	4645.00	-1570.43	-59.57	5.78	-1.96	24.72
2008-10-06T08:28:38	4638.11	-1560.60	-59.88	5.84	-1.96	24.86
2008-10-06T08:28:40	4631.21	-1550.78	-60.19	5.89	-1.97	25.00
2008-10-06T08:28:42	4624.31	-1540.95	-60.49	5.94	-1.98	25.14
2008-10-06T08:28:44	4617.40	-1531.12	-60.80	6.00	-1.99	25.28
2008-10-06T08:28:46	4610.49	-1521.30	-61.11	6.05	-2.00	25.42
2008-10-06T08:28:48	4603.58	-1511.47	-61.42	6.11	-2.00	25.56
2008-10-06T08:28:50	4596.66	-1501.63	-61.73	6.16	-2.01	25.70
2008-10-06T08:28:52	4589.74	-1491.80	-62.04	6.22	-2.02	25.85
2008-10-06T08:28:54	4582.82	-1481.97	-62.35	6.27	-2.03	25.99
2008-10-06T08:28:56	4575.90	-1472.13	-62.65	6.33	-2.04	26.14
2008-10-06T08:28:58	4568.97	-1462.30	-62.96	6.39	-2.05	26.29
2008-10-06T08:29:00	4562.03	-1452.46	-63.27	6.45	-2.05	26.44
2008-10-06T08:29:02	4555.09	-1442.62	-63.58	6.51	-2.06	26.59
2008-10-06T08:29:04	4548.15	-1432.78	-63.89	6.57	-2.07	26.74
2008-10-06T08:29:06	4541.21	-1422.94	-64.20	6.63	-2.08	26.89
2008-10-06T08:29:08	4534.26	-1413.10	-64.51	6.69	-2.08	27.04
2008-10-06T08:29:10	4527.31	-1403.26	-64.82	6.75	-2.09	27.19
2008-10-06T08:29:12	4520.35	-1393.41	-65.12	6.81	-2.10	27.35
2008-10-06T08:29:14	4513.39	-1383.57	-65.43	6.88	-2.11	27.50
2008-10-06T08:29:16	4506.43	-1373.72	-65.74	6.94	-2.12	27.66
2008-10-06T08:29:18	4499.46	-1363.87	-66.05	7.00	-2.12	27.82
2008-10-06T08:29:20	4492.50	-1354.02	-66.36	7.07	-2.13	27.98
2008-10-06T08:29:22	4485.52	-1344.17	-66.67	7.13	-2.14	28.14
2008-10-06T08:29:24	4478.54	-1334.32	-66.97	7.20	-2.15	28.30
2008-10-06T08:29:26	4471.56	-1324.47	-67.28	7.27	-2.15	28.46
2008-10-06T08:29:28	4464.58	-1314.61	-67.59	7.33	-2.16	28.62
2008-10-06T08:29:30	4457.58	-1304.76	-67.90	7.40	-2.17	28.79
2008-10-06T08:29:32	4450.59	-1294.90	-68.21	7.47	-2.17	28.95
2008-10-06T08:29:34	4443.59	-1285.04	-68.51	7.54	-2.18	29.12
2008-10-06T08:29:36	4436.59	-1275.19	-68.82	7.61	-2.19	29.28
2008-10-06T08:29:38	4429.59	-1265.33	-69.13	7.68	-2.19	29.45
2008-10-06T08:29:40	4422.58	-1255.47	-69.44	7.75	-2.20	29.62
2008-10-06T08:29:42	4415.57	-1245.60	-69.74	7.82	-2.21	29.79
2008-10-06T08:29:44	4408.55	-1235.74	-70.05	7.90	-2.21	29.96
2008-10-06T08:29:46	4401.53	-1225.88	-70.36	7.97	-2.22	30.14
2008-10-06T08:29:48	4394.50	-1216.01	-70.66	8.05	-2.23	30.31
2008-10-06T08:29:50	4387.47	-1206.14	-70.97	8.12	-2.23	30.49
2008-10-06T08:29:52	4380.44	-1196.28	-71.28	8.20	-2.24	30.66
2008-10-06T08:29:54	4373.40	-1186.41	-71.59	8.27	-2.24	30.84
2008-10-06T08:29:56	4366.36	-1176.54	-71.89	8.35	-2.25	31.02
2008-10-06T08:29:58	4359.32	-1166.66	-72.20	8.43	-2.26	31.20
2008-10-06T08:30:00	4352.26	-1156.79	-72.51	8.51	-2.26	31.38
2008-10-06T08:30:02	4345.21	-1146.92	-72.81	8.59	-2.27	31.56
2008-10-06T08:30:04	4338.15	-1137.04	-73.12	8.67	-2.27	31.74
2008-10-06T08:30:06	4331.09	-1127.17	-73.43	8.75	-2.28	31.93
2008-10-06T08:30:08	4324.02	-1117.29	-73.73	8.83	-2.28	32.11
2008-10-06T08:30:10	4316.95	-1107.41	-74.04	8.92	-2.29	32.30
2008-10-06T08:30:12	4309.88	-1097.53	-74.35	9.00	-2.29	32.49
2008-10-06T08:30:14	4302.80	-1087.65	-74.65	9.08	-2.30	32.68
2008-10-06T08:30:16	4295.72	-1077.77	-74.96	9.17	-2.30	32.87
2008-10-06T08:30:18	4288.63	-1067.89	-75.27	9.26	-2.31	33.06
2008-10-06T08:30:20	4281.54	-1058.00	-75.57	9.34	-2.31	33.25
2008-10-06T08:30:22	4274.44	-1048.12	-75.88	9.43	-2.31	33.45
2008-10-06T08:30:24	4267.34	-1038.23	-76.18	9.52	-2.32	33.64
2008-10-06T08:30:26	4260.23	-1028.35	-76.49	9.61	-2.32	33.84
2008-10-06T08:30:28	4253.12	-1018.46	-76.80	9.70	-2.32	34.04
2008-10-06T08:30:30	4246.01	-1008.57	-77.10	9.79	-2.33	34.24
2008-10-06T08:30:32	4238.89	-998.68	-77.41	9.89	-2.33	34.44
2008-10-06T08:30:34	4231.77	-988.79	-77.71	9.98	-2.33	34.64
2008-10-06T08:30:36	4224.64	-978.89	-78.02	10.08	-2.33	34.84
2008-10-06T08:30:38	4217.51	-969.00	-78.32	10.17	-2.34	35.04
2008-10-06T08:30:40	4210.37	-959.11	-78.63	10.27	-2.34	35.25
2008-10-06T08:30:42	4203.23	-949.21	-78.93	10.36	-2.34	35.46
2008-10-06T08:30:44	4196.09	-939.31	-79.24	10.46	-2.34	35.67
2008-10-06T08:30:46	4188.93	-929.41	-79.54	10.56	-2.34	35.88
2008-10-06T08:30:48	4181.78	-919.51	-79.85	10.66	-2.34	36.09
2008-10-06T08:30:50	4174.62	-909.61	-80.15	10.76	-2.35	36.30
2008-10-06T08:30:52	4167.45	-899.71	-80.46	10.87	-2.35	36.51
2008-10-06T08:30:54	4160.29	-889.81	-80.76	10.97	-2.35	36.73
2008-10-06T08:30:56	4153.11	-879.91	-81.07	11.07	-2.35	36.94
2008-10-06T08:30:58	4145.93	-870.00	-81.37	11.18	-2.35	37.16
2008-10-06T08:31:00	4138.75	-860.10	-81.68	11.29	-2.35	37.38
2008-10-06T08:31:02	4131.56	-850.19	-81.98	11.39	-2.34	37.60
2008-10-06T08:31:04	4124.37	-840.28	-82.29	11.50	-2.34	37.82
2008-10-06T08:31:06	4117.17	-830.38	-82.59	11.61	-2.34	38.05
2008-10-06T08:31:08	4109.97	-820.47	-82.89	11.72	-2.34	38.27
2008-10-06T08:31:10	4102.76	-810.56	-83.20	11.83	-2.34	38.50
2008-10-06T08:31:12	4095.55	-800.64	-83.50	11.95	-2.34	38.73
2008-10-06T08:31:14	4088.33	-790.73	-83.81	12.06	-2.33	38.96
2008-10-06T08:31:16	4081.11	-780.82	-84.11	12.18	-2.33	39.19
2008-10-06T08:31:18	4073.88	-770.90	-84.41	12.29	-2.33	39.42
2008-10-06T08:31:20	4066.65	-760.99	-84.72	12.41	-2.32	39.65
2008-10-06T08:31:22	4059.41	-751.07	-85.02	12.53	-2.32	39.89
2008-10-06T08:31:24	4052.17	-741.15	-85.32	12.65	-2.31	40.12
2008-10-06T08:31:26	4044.92	-731.24	-85.63	12.77	-2.31	40.36
2008-10-06T08:31:28	4037.67	-721.32	-85.93	12.89	-2.30	40.60
2008-10-06T08:31:30	4030.41	-711.40	-86.23	13.01	-2.30	40.84
2008-10-06T08:31:32	4023.15	-701.48	-86.54	13.14	-2.29	41.08
2008-10-06T08:31:34	4015.88	-691.55	-86.84	13.27	-2.28	41.33
2008-10-06T08:31:36	4008.61	-681.63	-87.14	13.39	-2.28	41.57
2008-10-06T08:31:38	4001.33	-671.71	-87.44	13.52	-2.27	41.82
2008-10-06T08:31:40	3994.05	-661.78	-87.74	13.65	-2.26	42.07
2008-10-06T08:31:42	3986.76	-651.86	-88.05	13.78	-2.25	42.32
2008-10-06T08:31:44	3979.47	-641.93	-88.35	13.91	-2.24	42.57
2008-10-06T08:31:46	3972.17	-632.00	-88.65	14.04	-2.23	42.82
2008-10-06T08:31:48	3964.86	-622.07	-88.96	14.18	-2.22	43.08
2008-10-06T08:31:50	3957.55	-612.14	-89.26	14.31	-2.21	43.33
2008-10-06T08:31:52	3950.24	-602.21	-89.56	14.45	-2.20	43.59
2008-10-06T08:31:54	3942.92	-592.28	-89.86	14.59	-2.19	43.85
2008-10-06T08:31:56	3935.59	-582.35	-90.16	14.73	-2.18	44.11
2008-10-06T08:31:58	3928.26	-572.42	-90.46	14.87	-2.17	44.37
2008-10-06T08:32:00	3920.92	-562.48	-90.76	15.01	-2.15	44.63
2008-10-06T08:32:02	3913.58	-552.55	-91.06	15.16	-2.14	44.90
2008-10-06T08:32:04	3906.23	-542.61	-91.37	15.30	-2.13	45.17
2008-10-06T08:32:06	3898.88	-532.68	-91.67	15.45	-2.11	45.43
2008-10-06T08:32:08	3891.52	-522.74	-91.97	15.59	-2.09	45.70
2008-10-06T08:32:10	3884.15	-512.80	-92.27	15.74	-2.08	45.98
2008-10-06T08:32:12	3876.78	-502.86	-92.57	15.89	-2.06	46.25
2008-10-06T08:32:14	3869.40	-492.92	-92.87	16.05	-2.04	46.52
2008-10-06T08:32:16	3862.02	-482.98	-93.17	16.20	-2.03	46.80
2008-10-06T08:32:18	3854.63	-473.04	-93.47	16.35	-2.01	47.08
2008-10-06T08:32:20	3847.24	-463.10	-93.77	16.51	-1.99	47.36
2008-10-06T08:32:22	3839.84	-453.16	-94.07	16.67	-1.97	47.64
2008-10-06T08:32:24	3832.44	-443.22	-94.37	16.83	-1.95	47.92
2008-10-06T08:32:26	3825.03	-433.27	-94.67	16.99	-1.92	48.21
2008-10-06T08:32:28	3817.61	-423.33	-94.96	17.15	-1.90	48.49
2008-10-06T08:32:30	3810.19	-413.38	-95.26	17.31	-1.88	48.78
2008-10-06T08:32:32	3802.76	-403.44	-95.56	17.48	-1.85	49.07
2008-10-06T08:32:34	3795.32	-393.49	-95.86	17.64	-1.83	49.36
2008-10-06T08:32:36	3787.88	-383.54	-96.16	17.81	-1.80	49.65
2008-10-06T08:32:38	3780.44	-373.60	-96.46	17.98	-1.78	49.95
2008-10-06T08:32:40	3772.98	-363.65	-96.76	18.15	-1.75	50.24
2008-10-06T08:32:42	3765.53	-353.70	-97.06	18.32	-1.72	50.54
2008-10-06T08:32:44	3758.06	-343.75	-97.35	18.50	-1.69	50.84
2008-10-06T08:32:46	3750.59	-333.80	-97.65	18.67	-1.66	51.14
2008-10-06T08:32:48	3743.11	-323.85	-97.95	18.85	-1.63	51.44
2008-10-06T08:32:50	3735.63	-313.90	-98.25	19.03	-1.60	51.74
2008-10-06T08:32:52	3728.14	-303.94	-98.54	19.21	-1.57	52.05
2008-10-06T08:32:54	3720.64	-293.99	-98.84	19.39	-1.53	52.36
2008-10-06T08:32:56	3713.14	-284.04	-99.14	19.57	-1.50	52.67
2008-10-06T08:32:58	3705.64	-274.09	-99.43	19.76	-1.46	52.98
2008-10-06T08:33:00	3698.12	-264.13	-99.73	19.94	-1.42	53.29
2008-10-06T08:33:02	3690.60	-254.18	-100.03	20.13	-1.39	53.60
2008-10-06T08:33:04	3683.07	-244.22	-100.32	20.32	-1.35	53.92
2008-10-06T08:33:06	3675.54	-234.27	-100.62	20.51	-1.31	54.23
2008-10-06T08:33:08	3668.00	-224.31	-100.92	20.71	-1.27	54.55
2008-10-06T08:33:10	3660.45	-214.35	-101.21	20.90	-1.22	54.87
2008-10-06T08:33:12	3652.90	-204.40	-101.51	21.10	-1.18	55.20
2008-10-06T08:33:14	3645.34	-194.44	-101.80	21.29	-1.14	55.52
2008-10-06T08:33:16	3637.77	-184.48	-102.10	21.49	-1.09	55.84
2008-10-06T08:33:18	3630.20	-174.53	-102.39	21.69	-1.04	56.17
2008-10-06T08:33:20	3622.62	-164.57	-102.69	21.90	-0.99	56.50
2008-10-06T08:33:22	3615.04	-154.61	-102.98	22.10	-0.95	56.83
2008-10-06T08:33:24	3607.44	-144.65	-103.28	22.31	-0.89	57.16
2008-10-06T08:33:26	3599.84	-134.69	-103.57	22.51	-0.84	57.49
2008-10-06T08:33:28	3592.24	-124.73	-103.87	22.72	-0.79	57.83
2008-10-06T08:33:30	3584.63	-114.77	-104.16	22.93	-0.73	58.17
2008-10-06T08:33:32	3577.01	-104.81	-104.45	23.15	-0.68	58.50
2008-10-06T08:33:34	3569.38	-94.85	-104.75	23.36	-0.62	58.84
2008-10-06T08:33:36	3561.75	-84.89	-105.04	23.58	-0.56	59.18
2008-10-06T08:33:38	3554.11	-74.93	-105.33	23.80	-0.50	59.53
2008-10-06T08:33:40	3546.46	-64.97	-105.63	24.01	-0.44	59.87
2008-10-06T08:33:42	3538.81	-55.01	-105.92	24.24	-0.38	60.22
2008-10-06T08:33:44	3531.14	-45.05	-106.21	24.46	-0.31	60.57
2008-10-06T08:33:46	3523.48	-35.09	-106.50	24.68	-0.25	60.91
2008-10-06T08:33:48	3515.80	-25.12	-106.80	24.91	-0.18	61.27
2008-10-06T08:33:50	3508.12	-15.16	-107.09	25.14	-0.11	61.62
2008-10-06T08:33:52	3500.43	-5.20	-107.38	25.37	-0.04	61.97
2008-10-06T08:33:54	3492.73	4.76	-107.67	25.60	0.03	62.33
2008-10-06T08:33:56	3485.03	14.72	-107.96	25.83	0.11	62.68
2008-10-06T08:33:58	3477.32	24.68	-108.25	26.07	0.19	63.04
2008-10-06T08:34:00	3469.60	34.64	-108.54	26.30	0.26	63.40
2008-10-06T08:34:02	3461.87	44.61	-108.83	26.54	0.34	63.76
2008-10-06T08:34:04	3454.14	54.57	-109.12	26.78	0.42	64.13
2008-10-06T08:34:06	3446.40	64.53	-109.41	27.02	0.51	64.49
2008-10-06T08:34:08	3438.66	74.49	-109.70	27.26	0.59	64.86
2008-10-06T08:34:10	3430.90	84.45	-110.00	27.51	0.68	65.22
2008-10-06T08:34:12	3423.14	94.41	-110.28	27.75	0.77	65.59
2008-10-06T08:34:14	3415.37	104.37	-110.57	28.00	0.86	65.96
2008-10-06T08:34:16	3407.59	114.33	-110.86	28.25	0.95	66.33
2008-10-06T08:34:18	3399.81	124.29	-111.15	28.50	1.04	66.71
2008-10-06T08:34:20	3392.01	134.25	-111.44	28.76	1.14	67.08
2008-10-06T08:34:22	3384.22	144.21	-111.73	29.01	1.24	67.46
2008-10-06T08:34:24	3376.41	154.17	-112.01	29.27	1.34	67.83
2008-10-06T08:34:26	3368.59	164.13	-112.30	29.52	1.44	68.21
2008-10-06T08:34:28	3360.77	174.09	-112.59	29.78	1.54	68.59
2008-10-06T08:34:30	3352.94	184.05	-112.88	30.04	1.65	68.97
2008-10-06T08:34:32	3345.10	194.01	-113.16	30.31	1.76	69.35
2008-10-06T08:34:34	3337.26	203.96	-113.45	30.57	1.87	69.74
2008-10-06T08:34:36	3329.40	213.92	-113.74	30.84	1.98	70.12
2008-10-06T08:34:38	3321.54	223.88	-114.02	31.10	2.10	70.51
2008-10-06T08:34:40	3313.67	233.83	-114.31	31.37	2.21	70.89
2008-10-06T08:34:42	3305.79	243.79	-114.59	31.64	2.33	71.28
2008-10-06T08:34:44	3297.91	253.75	-114.88	31.91	2.46	71.67
2008-10-06T08:34:46	3290.02	263.70	-115.16	32.19	2.58	72.06
2008-10-06T08:34:48	3282.11	273.65	-115.45	32.46	2.71	72.45
2008-10-06T08:34:50	3274.20	283.61	-115.73	32.74	2.84	72.85
2008-10-06T08:34:52	3266.29	293.56	-116.02	33.01	2.97	73.24
2008-10-06T08:34:54	3258.36	303.51	-116.30	33.29	3.10	73.64
2008-10-06T08:34:56	3250.43	313.46	-116.58	33.57	3.24	74.03
2008-10-06T08:34:58	3242.49	323.41	-116.87	33.85	3.38	74.43
2008-10-06T08:35:00	3234.53	333.36	-117.15	34.14	3.52	74.83
2008-10-06T08:35:02	3226.58	343.31	-117.43	34.42	3.66	75.23
2008-10-06T08:35:04	3218.61	353.26	-117.71	34.71	3.81	75.63
2008-10-06T08:35:06	3210.63	363.21	-118.00	34.99	3.96	76.03
2008-10-06T08:35:08	3202.65	373.15	-118.28	35.28	4.11	76.43
2008-10-06T08:35:10	3194.66	383.10	-118.56	35.57	4.27	76.83
2008-10-06T08:35:12	3186.66	393.04	-118.84	35.86	4.42	77.24
2008-10-06T08:35:14	3178.65	402.99	-119.12	36.15	4.58	77.64
2008-10-06T08:35:16	3170.64	412.93	-119.40	36.44	4.75	78.05
2008-10-06T08:35:18	3162.61	422.87	-119.68	36.74	4.91	78.45
2008-10-06T08:35:20	3154.58	432.81	-119.96	37.03	5.08	78.86
2008-10-06T08:35:22	3146.54	442.75	-120.24	37.33	5.25	79.27
2008-10-06T08:35:24	3138.48	452.69	-120.52	37.62	5.43	79.67
2008-10-06T08:35:26	3130.42	462.62	-120.80	37.92	5.60	80.08
2008-10-06T08:35:28	3122.36	472.56	-121.08	38.22	5.78	80.49
2008-10-06T08:35:30	3114.28	482.49	-121.35	38.52	5.97	80.90
2008-10-06T08:35:32	3106.19	492.42	-121.63	38.82	6.15	81.31
2008-10-06T08:35:34	3098.10	502.35	-121.91	39.12	6.34	81.72
2008-10-06T08:35:36	3090.00	512.29	-122.19	39.42	6.54	82.13
2008-10-06T08:35:38	3081.88	522.21	-122.46	39.72	6.73	82.55
2008-10-06T08:35:40	3073.76	532.14	-122.74	40.02	6.93	82.96
2008-10-06T08:35:42	3065.63	542.07	-123.02	40.33	7.13	83.37
2008-10-06T08:35:44	3057.50	551.99	-123.29	40.63	7.34	83.78
2008-10-06T08:35:46	3049.35	561.91	-123.57	40.94	7.54	84.20
2008-10-06T08:35:48	3041.19	571.83	-123.84	41.24	7.75	84.61
2008-10-06T08:35:50	3033.02	581.75	-124.12	41.55	7.97	85.02
2008-10-06T08:35:52	3024.85	591.67	-124.39	41.85	8.19	85.44
2008-10-06T08:35:54	3016.67	601.58	-124.66	42.16	8.41	85.85
2008-10-06T08:35:56	3008.48	611.50	-124.94	42.47	8.63	86.26
2008-10-06T08:35:58	3000.28	621.41	-125.21	42.77	8.86	86.68
2008-10-06T08:36:00	2992.06	631.32	-125.48	43.08	9.09	87.09
2008-10-06T08:36:02	2983.84	641.23	-125.76	43.39	9.32	87.50
2008-10-06T08:36:04	2975.61	651.14	-126.03	43.69	9.56	87.92
2008-10-06T08:36:06	2967.38	661.04	-126.30	44.00	9.80	88.33
2008-10-06T08:36:08	2959.13	670.94	-126.57	44.31	10.05	88.75
2008-10-06T08:36:10	2950.87	680.84	-126.84	44.61	10.29	89.16
2008-10-06T08:36:12	2942.61	690.74	-127.11	44.92	10.54	89.57
2008-10-06T08:36:14	2934.33	700.64	-127.38	45.23	10.80	89.98
2008-10-06T08:36:16	2926.05	710.53	-127.65	45.53	11.06	90.40
2008-10-06T08:36:18	2917.75	720.42	-127.92	45.84	11.32	90.81
2008-10-06T08:36:20	2909.45	730.31	-128.19	46.15	11.58	91.22
2008-10-06T08:36:22	2901.14	740.20	-128.46	46.45	11.85	91.63
2008-10-06T08:36:24	2892.81	750.08	-128.72	46.75	12.12	92.04
2008-10-06T08:36:26	2884.48	759.96	-128.99	47.06	12.40	92.45
2008-10-06T08:36:28	2876.14	769.84	-129.26	47.36	12.68	92.86
2008-10-06T08:36:30	2867.79	779.72	-129.52	47.66	12.96	93.27
2008-10-06T08:36:32	2859.43	789.59	-129.79	47.96	13.24	93.68
2008-10-06T08:36:34	2851.06	799.47	-130.06	48.26	13.53	94.08
2008-10-06T08:36:36	2842.68	809.34	-130.32	48.56	13.83	94.49
2008-10-06T08:36:38	2834.29	819.20	-130.59	48.86	14.12	94.89
2008-10-06T08:36:40	2825.89	829.07	-130.85	49.16	14.42	95.30
2008-10-06T08:36:42	2817.48	838.93	-131.11	49.46	14.73	95.70
2008-10-06T08:36:44	2809.06	848.78	-131.38	49.75	15.03	96.10
2008-10-06T08:36:46	2800.63	858.64	-131.64	50.04	15.34	96.50
2008-10-06T08:36:48	2792.20	868.49	-131.90	50.34	15.66	96.90
2008-10-06T08:36:50	2783.75	878.34	-132.17	50.63	15.97	97.30
2008-10-06T08:36:52	2775.29	888.18	-132.43	50.91	16.29	97.70
2008-10-06T08:36:54	2766.82	898.03	-132.69	51.20	16.62	98.10
2008-10-06T08:36:56	2758.35	907.87	-132.95	51.49	16.95	98.49
2008-10-06T08:36:58	2749.86	917.70	-133.21	51.77	17.28	98.88
2008-10-06T08:37:00	2741.36	927.54	-133.47	52.05	17.61	99.27
2008-10-06T08:37:02	2732.86	937.37	-133.73	52.33	17.95	99.66
2008-10-06T08:37:04	2724.34	947.19	-133.99	52.61	18.29	100.05
2008-10-06T08:37:06	2715.82	957.02	-134.24	52.88	18.63	100.44
2008-10-06T08:37:08	2707.28	966.84	-134.50	53.15	18.98	100.82
2008-10-06T08:37:10	2698.73	976.65	-134.76	53.42	19.33	101.21
2008-10-06T08:37:12	2690.17	986.47	-135.01	53.69	19.69	101.59
2008-10-06T08:37:14	2681.61	996.27	-135.27	53.96	20.05	101.97
2008-10-06T08:37:16	2673.03	1006.08	-135.53	54.22	20.41	102.35
2008-10-06T08:37:18	2664.45	1015.88	-135.78	54.48	20.77	102.72
2008-10-06T08:37:20	2655.85	1025.68	-136.04	54.73	21.14	103.10
2008-10-06T08:37:22	2647.24	1035.47	-136.29	54.99	21.51	103.47
2008-10-06T08:37:24	2638.63	1045.26	-136.54	55.24	21.88	103.84
2008-10-06T08:37:26	2630.00	1055.05	-136.80	55.49	22.26	104.20
2008-10-06T08:37:28	2621.36	1064.83	-137.05	55.73	22.64	104.57
2008-10-06T08:37:30	2612.71	1074.61	-137.30	55.97	23.02	104.93
2008-10-06T08:37:32	2604.06	1084.38	-137.56	56.21	23.41	105.29
2008-10-06T08:37:34	2595.39	1094.15	-137.81	56.44	23.79	105.65
2008-10-06T08:37:36	2586.71	1103.91	-138.06	56.67	24.19	106.00
2008-10-06T08:37:38	2578.02	1113.67	-138.31	56.90	24.58	106.36
2008-10-06T08:37:40	2569.32	1123.43	-138.56	57.12	24.98	106.71
2008-10-06T08:37:42	2560.62	1133.18	-138.80	57.34	25.37	107.05
2008-10-06T08:37:44	2551.90	1142.93	-139.05	57.55	25.78	107.40
2008-10-06T08:37:46	2543.17	1152.67	-139.30	57.76	26.18	107.74
2008-10-06T08:37:48	2534.43	1162.41	-139.55	57.97	26.59	108.08
2008-10-06T08:37:50	2525.68	1172.14	-139.79	58.17	27.00	108.41
2008-10-06T08:37:52	2516.93	1181.87	-140.04	58.37	27.41	108.74
2008-10-06T08:37:54	2508.15	1191.60	-140.29	58.56	27.82	109.07
2008-10-06T08:37:56	2499.37	1201.31	-140.53	58.75	28.24	109.40
2008-10-06T08:37:58	2490.59	1211.03	-140.78	58.94	28.66	109.72
2008-10-06T08:38:00	2481.79	1220.74	-141.02	59.12	29.08	110.04
2008-10-06T08:38:02	2472.97	1230.44	-141.26	59.29	29.50	110.36
2008-10-06T08:38:04	2464.16	1240.14	-141.50	59.46	29.93	110.67
2008-10-06T08:38:06	2455.32	1249.83	-141.75	59.63	30.35	110.98
2008-10-06T08:38:08	2446.48	1259.52	-141.99	59.79	30.78	111.29
2008-10-06T08:38:10	2437.63	1269.21	-142.23	59.94	31.21	111.59
2008-10-06T08:38:12	2428.77	1278.88	-142.47	60.09	31.64	111.89
2008-10-06T08:38:14	2419.90	1288.56	-142.71	60.23	32.07	112.19
2008-10-06T08:38:16	2411.02	1298.22	-142.94	60.37	32.51	112.48
2008-10-06T08:38:18	2402.12	1307.89	-143.18	60.51	32.94	112.77
2008-10-06T08:38:20	2393.22	1317.54	-143.42	60.63	33.38	113.06
2008-10-06T08:38:22	2384.31	1327.19	-143.66	60.75	33.82	113.34
2008-10-06T08:38:24	2375.38	1336.84	-143.90	60.87	34.26	113.61
2008-10-06T08:38:26	2366.45	1346.48	-144.13	60.98	34.70	113.89
2008-10-06T08:38:28	2357.51	1356.11	-144.37	61.09	35.14	114.16
2008-10-06T08:38:30	2348.55	1365.74	-144.60	61.18	35.58	114.42
2008-10-06T08:38:32	2339.59	1375.36	-144.84	61.28	36.02	114.68
2008-10-06T08:38:34	2330.61	1384.98	-145.07	61.36	36.46	114.94
2008-10-06T08:38:36	2321.63	1394.58	-145.30	61.44	36.91	115.19
2008-10-06T08:38:38	2312.63	1404.19	-145.53	61.52	37.35	115.44
2008-10-06T08:38:40	2303.63	1413.78	-145.77	61.58	37.80	115.69
2008-10-06T08:38:42	2294.61	1423.38	-145.99	61.65	38.24	115.93
2008-10-06T08:38:44	2285.59	1432.96	-146.22	61.70	38.68	116.16
2008-10-06T08:38:46	2276.55	1442.54	-146.46	61.75	39.13	116.39
2008-10-06T08:38:48	2267.51	1452.11	-146.68	61.79	39.57	116.62
2008-10-06T08:38:50	2258.45	1461.67	-146.91	61.83	40.01	116.84
2008-10-06T08:38:52	2249.38	1471.23	-147.14	61.86	40.46	117.06
2008-10-06T08:38:54	2240.31	1480.79	-147.37	61.88	40.90	117.27
2008-10-06T08:38:56	2231.22	1490.33	-147.59	61.89	41.34	117.48
2008-10-06T08:38:58	2222.13	1499.87	-147.82	61.90	41.78	117.69
2008-10-06T08:39:00	2213.02	1509.40	-148.04	61.90	42.22	117.89
2008-10-06T08:39:02	2203.90	1518.93	-148.27	61.90	42.66	118.08
2008-10-06T08:39:04	2194.78	1528.45	-148.49	61.89	43.10	118.27
2008-10-06T08:39:06	2185.64	1537.96	-148.71	61.87	43.53	118.46
2008-10-06T08:39:08	2176.49	1547.46	-148.94	61.84	43.97	118.64
2008-10-06T08:39:10	2167.33	1556.96	-149.15	61.81	44.40	118.81
2008-10-06T08:39:12	2158.17	1566.45	-149.38	61.77	44.84	118.98
2008-10-06T08:39:14	2148.99	1575.93	-149.60	61.72	45.27	119.15
2008-10-06T08:39:16	2139.80	1585.41	-149.82	61.67	45.69	119.31
2008-10-06T08:39:18	2130.61	1594.87	-150.03	61.61	46.12	119.47
2008-10-06T08:39:20	2121.40	1604.33	-150.25	61.54	46.54	119.62
2008-10-06T08:39:22	2112.19	1613.79	-150.47	61.47	46.96	119.76
2008-10-06T08:39:24	2102.96	1623.23	-150.68	61.39	47.38	119.90
2008-10-06T08:39:26	2093.72	1632.67	-150.90	61.30	47.80	120.04
2008-10-06T08:39:28	2084.48	1642.10	-151.12	61.20	48.21	120.17
2008-10-06T08:39:30	2075.22	1651.52	-151.33	61.10	48.63	120.29
2008-10-06T08:39:32	2065.96	1660.94	-151.54	60.99	49.03	120.41
2008-10-06T08:39:34	2056.69	1670.35	-151.76	60.87	49.44	120.53
2008-10-06T08:39:36	2047.40	1679.75	-151.97	60.75	49.84	120.64
2008-10-06T08:39:38	2038.11	1689.14	-152.18	60.62	50.24	120.74
2008-10-06T08:39:40	2028.80	1698.52	-152.39	60.48	50.64	120.84
2008-10-06T08:39:42	2019.49	1707.90	-152.60	60.34	51.03	120.94
2008-10-06T08:39:44	2010.17	1717.27	-152.81	60.18	51.41	121.02
2008-10-06T08:39:46	2000.83	1726.63	-153.02	60.03	51.80	121.11
2008-10-06T08:39:48	1991.49	1735.98	-153.23	59.86	52.18	121.19
2008-10-06T08:39:50	1982.14	1745.32	-153.43	59.69	52.56	121.26
2008-10-06T08:39:52	1972.78	1754.66	-153.64	59.51	52.93	121.32
2008-10-06T08:39:54	1963.41	1763.98	-153.85	59.32	53.30	121.39
2008-10-06T08:39:56	1954.03	1773.30	-154.05	59.13	53.66	121.44
2008-10-06T08:39:58	1944.65	1782.61	-154.26	58.93	54.02	121.49
2008-10-06T08:40:00	1935.25	1791.91	-154.46	58.72	54.38	121.54
2008-10-06T08:40:02	1925.84	1801.20	-154.66	58.51	54.73	121.58
2008-10-06T08:40:04	1916.42	1810.49	-154.86	58.29	55.07	121.61
2008-10-06T08:40:06	1907.00	1819.76	-155.06	58.07	55.41	121.64
2008-10-06T08:40:08	1897.57	1829.03	-155.27	57.84	55.75	121.67
2008-10-06T08:40:10	1888.12	1838.29	-155.46	57.60	56.08	121.69
2008-10-06T08:40:12	1878.67	1847.54	-155.66	57.35	56.40	121.70
2008-10-06T08:40:14	1869.21	1856.78	-155.86	57.10	56.72	121.71
2008-10-06T08:40:16	1859.74	1866.01	-156.06	56.84	57.04	121.71
2008-10-06T08:40:18	1850.26	1875.24	-156.26	56.58	57.35	121.71
2008-10-06T08:40:20	1840.77	1884.45	-156.45	56.31	57.65	121.70
2008-10-06T08:40:22	1831.28	1893.65	-156.65	56.04	57.95	121.68
2008-10-06T08:40:24	1821.77	1902.85	-156.84	55.76	58.24	121.66
2008-10-06T08:40:26	1812.25	1912.04	-157.04	55.47	58.53	121.64
2008-10-06T08:40:28	1802.73	1921.21	-157.23	55.18	58.81	121.61
2008-10-06T08:40:30	1793.20	1930.38	-157.42	54.88	59.08	121.57
2008-10-06T08:40:32	1783.66	1939.54	-157.61	54.58	59.35	121.53
2008-10-06T08:40:34	1774.11	1948.69	-157.80	54.27	59.61	121.48
2008-10-06T08:40:36	1764.56	1957.83	-157.99	53.96	59.87	121.43
2008-10-06T08:40:38	1754.99	1966.96	-158.18	53.64	60.12	121.37
2008-10-06T08:40:40	1745.42	1976.09	-158.37	53.31	60.36	121.31
2008-10-06T08:40:42	1735.84	1985.20	-158.56	52.98	60.60	121.24
2008-10-06T08:40:44	1726.24	1994.30	-158.75	52.65	60.83	121.17
2008-10-06T08:40:46	1716.64	2003.40	-158.93	52.31	61.05	121.09
2008-10-06T08:40:48	1707.04	2012.48	-159.12	51.97	61.27	121.01
2008-10-06T08:40:50	1697.43	2021.55	-159.30	51.62	61.48	120.92
2008-10-06T08:40:52	1687.80	2030.62	-159.49	51.27	61.68	120.82
2008-10-06T08:40:54	1678.17	2039.67	-159.67	50.91	61.88	120.72
2008-10-06T08:40:56	1668.53	2048.72	-159.85	50.55	62.07	120.62
2008-10-06T08:40:58	1658.89	2057.76	-160.03	50.18	62.25	120.51
2008-10-06T08:41:00	1649.23	2066.78	-160.22	49.82	62.43	120.39
2008-10-06T08:41:02	1639.57	2075.80	-160.40	49.44	62.60	120.27
2008-10-06T08:41:04	1629.90	2084.81	-160.57	49.07	62.76	120.15
2008-10-06T08:41:06	1620.22	2093.80	-160.75	48.69	62.92	120.01
2008-10-06T08:41:08	1610.54	2102.79	-160.93	48.30	63.07	119.88
2008-10-06T08:41:10	1600.84	2111.77	-161.11	47.91	63.21	119.74
2008-10-06T08:41:12	1591.14	2120.73	-161.28	47.52	63.34	119.59
2008-10-06T08:41:14	1581.44	2129.69	-161.46	47.13	63.47	119.44
2008-10-06T08:41:16	1571.72	2138.64	-161.64	46.73	63.59	119.28
2008-10-06T08:41:18	1562.00	2147.58	-161.81	46.33	63.70	119.12
2008-10-06T08:41:20	1552.27	2156.50	-161.98	45.93	63.81	118.96
2008-10-06T08:41:22	1542.53	2165.42	-162.16	45.53	63.91	118.79
2008-10-06T08:41:24	1532.79	2174.33	-162.33	45.12	64.00	118.61
2008-10-06T08:41:26	1523.04	2183.23	-162.50	44.71	64.09	118.43
2008-10-06T08:41:28	1513.28	2192.11	-162.67	44.30	64.17	118.25
2008-10-06T08:41:30	1503.51	2200.99	-162.84	43.88	64.24	118.06
2008-10-06T08:41:32	1493.74	2209.86	-163.01	43.46	64.30	117.86
2008-10-06T08:41:34	1483.97	2218.70	-163.18	43.05	64.36	117.66
2008-10-06T08:41:36	1474.18	2227.56	-163.34	42.63	64.41	117.46
2008-10-06T08:41:38	1464.38	2236.40	-163.51	42.20	64.45	117.25
2008-10-06T08:41:40	1454.58	2245.22	-163.68	41.78	64.49	117.04
2008-10-06T08:41:42	1444.78	2254.04	-163.84	41.35	64.52	116.82
2008-10-06T08:41:44	1434.97	2262.84	-164.00	40.93	64.54	116.60
2008-10-06T08:41:46	1425.15	2271.64	-164.17	40.50	64.56	116.37
2008-10-06T08:41:48	1415.32	2280.42	-164.33	40.07	64.57	116.14
2008-10-06T08:41:50	1405.49	2289.20	-164.49	39.64	64.57	115.91
2008-10-06T08:41:52	1395.65	2297.97	-164.65	39.21	64.56	115.67
2008-10-06T08:41:54	1385.81	2306.72	-164.81	38.78	64.55	115.43
2008-10-06T08:41:56	1375.96	2315.46	-164.97	38.35	64.53	115.18
2008-10-06T08:41:58	1366.10	2324.20	-165.13	37.92	64.51	114.93
2008-10-06T08:42:00	1356.24	2332.92	-165.29	37.48	64.48	114.67
2008-10-06T08:42:02	1346.37	2341.63	-165.45	37.05	64.44	114.41
2008-10-06T08:42:04	1336.50	2350.33	-165.61	36.62	64.39	114.15
2008-10-06T08:42:06	1326.62	2359.03	-165.76	36.18	64.34	113.88
2008-10-06T08:42:08	1316.73	2367.71	-165.92	35.75	64.29	113.61
2008-10-06T08:42:10	1306.84	2376.38	-166.07	35.32	64.22	113.33
2008-10-06T08:42:12	1296.94	2385.04	-166.23	34.88	64.15	113.05
2008-10-06T08:42:14	1287.04	2393.69	-166.38	34.45	64.08	112.77
2008-10-06T08:42:16	1277.13	2402.33	-166.53	34.02	63.99	112.48
2008-10-06T08:42:18	1267.21	2410.96	-166.68	33.59	63.91	112.19
2008-10-06T08:42:20	1257.29	2419.58	-166.84	33.16	63.81	111.90
2008-10-06T08:42:22	1247.37	2428.19	-166.98	32.73	63.71	111.60
2008-10-06T08:42:24	1237.44	2436.79	-167.13	32.30	63.60	111.30
2008-10-06T08:42:26	1227.50	2445.38	-167.28	31.87	63.49	111.00
2008-10-06T08:42:28	1217.56	2453.95	-167.43	31.44	63.37	110.69
2008-10-06T08:42:30	1207.61	2462.52	-167.58	31.02	63.25	110.38
2008-10-06T08:42:32	1197.66	2471.08	-167.73	30.59	63.12	110.07
2008-10-06T08:42:34	1187.70	2479.62	-167.87	30.17	62.99	109.75
2008-10-06T08:42:36	1177.74	2488.16	-168.02	29.75	62.85	109.43
2008-10-06T08:42:38	1167.78	2496.68	-168.16	29.33	62.70	109.10
2008-10-06T08:42:40	1157.81	2505.20	-168.30	28.91	62.55	108.78
2008-10-06T08:42:42	1147.83	2513.70	-168.45	28.49	62.40	108.45
2008-10-06T08:42:44	1137.85	2522.20	-168.59	28.08	62.24	108.11
2008-10-06T08:42:46	1127.86	2530.68	-168.73	27.66	62.07	107.78
2008-10-06T08:42:48	1117.87	2539.15	-168.87	27.25	61.90	107.44
2008-10-06T08:42:50	1107.88	2547.62	-169.01	26.84	61.73	107.10
2008-10-06T08:42:52	1097.88	2556.07	-169.15	26.44	61.55	106.76
2008-10-06T08:42:54	1087.88	2564.51	-169.29	26.03	61.36	106.41
2008-10-06T08:42:56	1077.87	2572.95	-169.43	25.63	61.17	106.06
2008-10-06T08:42:58	1067.86	2581.37	-169.57	25.23	60.98	105.71
2008-10-06T08:43:00	1057.84	2589.78	-169.70	24.83	60.78	105.35
2008-10-06T08:43:02	1047.82	2598.18	-169.84	24.43	60.58	105.00
2008-10-06T08:43:04	1037.79	2606.57	-169.98	24.04	60.38	104.64
2008-10-06T08:43:06	1027.76	2614.95	-170.11	23.65	60.16	104.28
2008-10-06T08:43:08	1017.73	2623.32	-170.25	23.26	59.95	103.91
2008-10-06T08:43:10	1007.70	2631.68	-170.38	22.87	59.73	103.55
2008-10-06T08:43:12	997.65	2640.03	-170.51	22.49	59.51	103.18
2008-10-06T08:43:14	987.61	2648.37	-170.64	22.11	59.28	102.81
2008-10-06T08:43:16	977.56	2656.70	-170.78	21.73	59.06	102.44
2008-10-06T08:43:18	967.51	2665.02	-170.91	21.35	58.82	102.06
2008-10-06T08:43:20	957.45	2673.33	-171.04	20.98	58.59	101.69
2008-10-06T08:43:22	947.39	2681.62	-171.17	20.61	58.35	101.31
2008-10-06T08:43:24	937.33	2689.91	-171.30	20.25	58.10	100.93
2008-10-06T08:43:26	927.26	2698.19	-171.42	19.88	57.86	100.55
2008-10-06T08:43:28	917.19	2706.46	-171.55	19.52	57.61	100.16
2008-10-06T08:43:30	907.12	2714.71	-171.68	19.17	57.36	99.78
2008-10-06T08:43:32	897.04	2722.96	-171.81	18.81	57.10	99.39
2008-10-06T08:43:34	886.96	2731.20	-171.93	18.46	56.84	99.00
2008-10-06T08:43:36	876.88	2739.43	-172.06	18.11	56.58	98.62
2008-10-06T08:43:38	866.79	2747.64	-172.18	17.77	56.32	98.22
2008-10-06T08:43:40	856.70	2755.85	-172.31	17.42	56.05	97.83
2008-10-06T08:43:42	846.61	2764.05	-172.43	17.09	55.78	97.44
2008-10-06T08:43:44	836.51	2772.24	-172.55	16.75	55.51	97.04
2008-10-06T08:43:46	826.42	2780.42	-172.67	16.42	55.24	96.65
2008-10-06T08:43:48	816.31	2788.58	-172.80	16.09	54.96	96.25
2008-10-06T08:43:50	806.21	2796.74	-172.92	15.76	54.69	95.85
2008-10-06T08:43:52	796.10	2804.89	-173.04	15.44	54.41	95.45
2008-10-06T08:43:54	785.99	2813.03	-173.15	15.12	54.13	95.05
2008-10-06T08:43:56	775.88	2821.15	-173.27	14.81	53.84	94.65
2008-10-06T08:43:58	765.76	2829.27	-173.39	14.50	53.56	94.25
2008-10-06T08:44:00	755.65	2837.38	-173.51	14.19	53.27	93.84
2008-10-06T08:44:02	745.52	2845.48	-173.63	13.88	52.98	93.44
2008-10-06T08:44:04	735.40	2853.57	-173.75	13.58	52.69	93.03
2008-10-06T08:44:06	725.27	2861.65	-173.86	13.28	52.40	92.63
2008-10-06T08:44:08	715.15	2869.72	-173.97	12.99	52.11	92.22
2008-10-06T08:44:10	705.02	2877.78	-174.09	12.69	51.81	91.82
2008-10-06T08:44:12	694.88	2885.83	-174.20	12.41	51.52	91.41
2008-10-06T08:44:14	684.75	2893.87	-174.32	12.12	51.22	91.00
2008-10-06T08:44:16	674.61	2901.90	-174.43	11.84	50.92	90.59
2008-10-06T08:44:18	664.47	2909.92	-174.54	11.56	50.63	90.18
2008-10-06T08:44:20	654.33	2917.93	-174.66	11.29	50.33	89.77
2008-10-06T08:44:22	644.18	2925.93	-174.76	11.01	50.03	89.36
2008-10-06T08:44:24	634.04	2933.93	-174.87	10.75	49.72	88.95
2008-10-06T08:44:26	623.89	2941.91	-174.99	10.48	49.42	88.54
2008-10-06T08:44:28	613.74	2949.88	-175.10	10.22	49.12	88.13
2008-10-06T08:44:30	603.59	2957.85	-175.20	9.96	48.82	87.72
2008-10-06T08:44:32	593.43	2965.80	-175.31	9.71	48.51	87.31
2008-10-06T08:44:34	583.28	2973.75	-175.42	9.46	48.21	86.90
2008-10-06T08:44:36	573.12	2981.68	-175.53	9.21	47.90	86.49
2008-10-06T08:44:38	562.96	2989.61	-175.64	8.96	47.60	86.08
2008-10-06T08:44:40	552.80	2997.53	-175.74	8.72	47.29	85.67
2008-10-06T08:44:42	542.63	3005.44	-175.85	8.48	46.99	85.26
2008-10-06T08:44:44	532.47	3013.34	-175.95	8.25	46.68	84.85
2008-10-06T08:44:46	522.30	3021.23	-176.06	8.02	46.38	84.44
2008-10-06T08:44:48	512.14	3029.11	-176.16	7.79	46.07	84.03
2008-10-06T08:44:50	501.97	3036.98	-176.27	7.56	45.76	83.62
2008-10-06T08:44:52	491.80	3044.84	-176.37	7.34	45.46	83.21
2008-10-06T08:44:54	481.62	3052.70	-176.47	7.12	45.15	82.80
2008-10-06T08:44:56	471.45	3060.54	-176.57	6.91	44.85	82.39
2008-10-06T08:44:58	461.28	3068.38	-176.67	6.70	44.54	81.98
2008-10-06T08:45:00	451.10	3076.20	-176.77	6.49	44.24	81.57
2008-10-06T08:45:02	440.92	3084.02	-176.88	6.28	43.93	81.17
2008-10-06T08:45:04	430.75	3091.83	-176.98	6.08	43.63	80.76
2008-10-06T08:45:06	420.57	3099.63	-177.07	5.88	43.32	80.35
2008-10-06T08:45:08	410.38	3107.42	-177.17	5.68	43.02	79.95
2008-10-06T08:45:10	400.20	3115.20	-177.27	5.49	42.72	79.54
2008-10-06T08:45:12	390.02	3122.98	-177.37	5.30	42.41	79.14
2008-10-06T08:45:14	379.83	3130.74	-177.47	5.11	42.11	78.73
2008-10-06T08:45:16	369.65	3138.50	-177.56	4.92	41.81	78.33
2008-10-06T08:45:18	359.46	3146.25	-177.66	4.74	41.51	77.93
2008-10-06T08:45:20	349.27	3153.98	-177.76	4.56	41.21	77.52
2008-10-06T08:45:22	339.09	3161.71	-177.85	4.39	40.91	77.12
2008-10-06T08:45:24	328.90	3169.44	-177.95	4.21	40.61	76.72
2008-10-06T08:45:26	318.71	3177.15	-178.04	4.04	40.31	76.32
2008-10-06T08:45:28	308.52	3184.85	-178.13	3.88	40.02	75.92
2008-10-06T08:45:30	298.32	3192.55	-178.23	3.71	39.72	75.52
2008-10-06T08:45:32	288.13	3200.24	-178.32	3.55	39.43	75.13
2008-10-06T08:45:34	277.94	3207.91	-178.41	3.39	39.13	74.73
2008-10-06T08:45:36	267.75	3215.59	-178.51	3.23	38.84	74.34
2008-10-06T08:45:38	257.55	3223.25	-178.60	3.08	38.55	73.94
2008-10-06T08:45:40	247.36	3230.90	-178.69	2.93	38.26	73.55
2008-10-06T08:45:42	237.16	3238.55	-178.78	2.78	37.97	73.16
2008-10-06T08:45:44	226.96	3246.19	-178.87	2.63	37.68	72.76
2008-10-06T08:45:46	216.77	3253.82	-178.96	2.49	37.39	72.37
2008-10-06T08:45:48	206.57	3261.44	-179.05	2.35	37.10	71.99
2008-10-06T08:45:50	196.37	3269.05	-179.14	2.21	36.82	71.60
2008-10-06T08:45:52	186.17	3276.65	-179.23	2.08	36.53	71.21
2008-10-06T08:45:54	175.98	3284.25	-179.31	1.94	36.25	70.82
2008-10-06T08:45:56	165.78	3291.84	-179.40	1.81	35.97	70.44
2008-10-06T08:45:58	155.57	3299.42	-179.49	1.68	35.69	70.06
2008-10-06T08:46:00	145.38	3306.99	-179.57	1.56	35.41	69.67
2008-10-06T08:46:02	135.18	3314.56	-179.66	1.43	35.13	69.29
2008-10-06T08:46:04	124.97	3322.11	-179.75	1.31	34.86	68.91
2008-10-06T08:46:06	114.78	3329.66	-179.83	1.19	34.58	68.54
2008-10-06T08:46:08	104.57	3337.21	-179.92	1.08	34.31	68.16
2008-10-06T08:46:10	94.37	3344.74	-180.00	0.96	34.04	67.78
2008-10-06T08:46:12	84.17	3352.26	-180.08	0.85	33.76	67.41
2008-10-06T08:46:14	73.97	3359.78	-180.17	0.74	33.49	67.04
2008-10-06T08:46:16	63.77	3367.29	-180.25	0.63	33.23	66.66
2008-10-06T08:46:18	53.57	3374.79	-180.34	0.52	32.96	66.29
2008-10-06T08:46:20	43.36	3382.29	-180.42	0.42	32.69	65.92
2008-10-06T08:46:22	33.16	3389.77	-180.50	0.32	32.43	65.56
2008-10-06T08:46:24	22.96	3397.25	-180.58	0.22	32.17	65.19
2008-10-06T08:46:26	12.76	3404.72	-180.66	0.12	31.91	64.82
2008-10-06T08:46:28	2.56	3412.19	-180.74	0.02	31.65	64.46
2008-10-06T08:46:30	-7.65	3419.65	-180.82	-0.07	31.39	64.10
2008-10-06T08:46:32	-17.85	3427.10	-180.90	-0.16	31.13	63.74
2008-10-06T08:46:34	-28.05	3434.54	-180.98	-0.25	30.88	63.38
2008-10-06T08:46:36	-38.25	3441.97	-181.06	-0.34	30.63	63.02
2008-10-06T08:46:38	-48.45	3449.40	-181.14	-0.43	30.38	62.67
2008-10-06T08:46:40	-58.66	3456.82	-181.22	-0.51	30.13	62.31
2008-10-06T08:46:42	-68.86	3464.23	-181.30	-0.59	29.88	61.96
2008-10-06T08:46:44	-79.06	3471.64	-181.37	-0.67	29.63	61.61
2008-10-06T08:46:46	-89.26	3479.03	-181.45	-0.75	29.38	61.26
2008-10-06T08:46:48	-99.46	3486.43	-181.53	-0.83	29.14	60.91
2008-10-06T08:46:50	-109.66	3493.81	-181.61	-0.91	28.90	60.56
2008-10-06T08:46:52	-119.86	3501.19	-181.68	-0.98	28.66	60.21
2008-10-06T08:46:54	-130.06	3508.55	-181.76	-1.05	28.42	59.87
2008-10-06T08:46:56	-140.26	3515.92	-181.83	-1.12	28.18	59.53
2008-10-06T08:46:58	-150.46	3523.27	-181.91	-1.19	27.95	59.19
2008-10-06T08:47:00	-160.66	3530.62	-181.98	-1.26	27.71	58.85
2008-10-06T08:47:02	-170.86	3537.96	-182.06	-1.33	27.48	58.51
2008-10-06T08:47:04	-181.06	3545.30	-182.13	-1.39	27.25	58.17
2008-10-06T08:47:06	-191.25	3552.62	-182.20	-1.45	27.02	57.84
2008-10-06T08:47:08	-201.45	3559.94	-182.28	-1.52	26.79	57.50
2008-10-06T08:47:10	-211.65	3567.26	-182.35	-1.58	26.56	57.17
2008-10-06T08:47:12	-221.84	3574.57	-182.42	-1.63	26.34	56.84
2008-10-06T08:47:14	-232.04	3581.86	-182.49	-1.69	26.12	56.51
2008-10-06T08:47:16	-242.24	3589.16	-182.57	-1.75	25.90	56.19
2008-10-06T08:47:18	-252.44	3596.45	-182.64	-1.80	25.68	55.86
2008-10-06T08:47:20	-262.63	3603.72	-182.71	-1.86	25.46	55.54
2008-10-06T08:47:22	-272.82	3611.00	-182.78	-1.91	25.24	55.22
2008-10-06T08:47:24	-283.02	3618.26	-182.85	-1.96	25.03	54.90
2008-10-06T08:47:26	-293.21	3625.53	-182.92	-2.01	24.81	54.58
2008-10-06T08:47:28	-303.40	3632.78	-182.99	-2.05	24.60	54.26
2008-10-06T08:47:30	-313.60	3640.03	-183.06	-2.10	24.39	53.94
2008-10-06T08:47:32	-323.79	3647.27	-183.13	-2.15	24.18	53.63
2008-10-06T08:47:34	-333.98	3654.50	-183.20	-2.19	23.98	53.32
2008-10-06T08:47:36	-344.17	3661.73	-183.27	-2.23	23.77	53.01
2008-10-06T08:47:38	-354.36	3668.95	-183.33	-2.28	23.57	52.70
2008-10-06T08:47:40	-364.55	3676.16	-183.40	-2.32	23.36	52.39
2008-10-06T08:47:42	-374.74	3683.37	-183.47	-2.36	23.16	52.08
2008-10-06T08:47:44	-384.92	3690.57	-183.54	-2.40	22.97	51.78
2008-10-06T08:47:46	-395.11	3697.77	-183.61	-2.43	22.77	51.48
2008-10-06T08:47:48	-405.30	3704.96	-183.67	-2.47	22.57	51.18
2008-10-06T08:47:50	-415.48	3712.14	-183.74	-2.50	22.38	50.88
2008-10-06T08:47:52	-425.67	3719.32	-183.80	-2.54	22.18	50.58
2008-10-06T08:47:54	-435.85	3726.49	-183.87	-2.57	21.99	50.28
2008-10-06T08:47:56	-446.03	3733.65	-183.93	-2.60	21.80	49.99
2008-10-06T08:47:58	-456.21	3740.81	-184.00	-2.64	21.62	49.69
2008-10-06T08:48:00	-466.40	3747.96	-184.06	-2.67	21.43	49.40
2008-10-06T08:48:02	-476.58	3755.11	-184.13	-2.70	21.24	49.11
2008-10-06T08:48:04	-486.76	3762.25	-184.19	-2.72	21.06	48.83
2008-10-06T08:48:06	-496.94	3769.38	-184.26	-2.75	20.88	48.54
2008-10-06T08:48:08	-507.11	3776.51	-184.32	-2.78	20.70	48.25
2008-10-06T08:48:10	-517.29	3783.63	-184.38	-2.81	20.52	47.97
2008-10-06T08:48:12	-527.47	3790.75	-184.45	-2.83	20.34	47.69
2008-10-06T08:48:14	-537.65	3797.86	-184.51	-2.85	20.16	47.41
2008-10-06T08:48:16	-547.82	3804.97	-184.57	-2.88	19.99	47.13
2008-10-06T08:48:18	-558.00	3812.07	-184.63	-2.90	19.82	46.85
2008-10-06T08:48:20	-568.17	3819.16	-184.70	-2.92	19.64	46.58
2008-10-06T08:48:22	-578.34	3826.24	-184.76	-2.94	19.47	46.30
2008-10-06T08:48:24	-588.51	3833.33	-184.82	-2.96	19.30	46.03
2008-10-06T08:48:26	-598.68	3840.40	-184.88	-2.98	19.14	45.76
2008-10-06T08:48:28	-608.85	3847.47	-184.94	-3.00	18.97	45.49
2008-10-06T08:48:30	-619.02	3854.54	-185.00	-3.02	18.81	45.22
2008-10-06T08:48:32	-629.19	3861.60	-185.06	-3.04	18.64	44.96
2008-10-06T08:48:34	-639.36	3868.65	-185.12	-3.05	18.48	44.69
2008-10-06T08:48:36	-649.52	3875.70	-185.18	-3.07	18.32	44.43
2008-10-06T08:48:38	-659.69	3882.74	-185.24	-3.09	18.16	44.17
2008-10-06T08:48:40	-669.85	3889.77	-185.30	-3.10	18.00	43.91
2008-10-06T08:48:42	-680.02	3896.80	-185.36	-3.11	17.85	43.65
2008-10-06T08:48:44	-690.18	3903.83	-185.42	-3.13	17.69	43.39
2008-10-06T08:48:46	-700.34	3910.85	-185.47	-3.14	17.54	43.14
2008-10-06T08:48:48	-710.50	3917.86	-185.53	-3.15	17.39	42.88
2008-10-06T08:48:50	-720.66	3924.87	-185.59	-3.16	17.23	42.63
2008-10-06T08:48:52	-730.81	3931.88	-185.65	-3.18	17.08	42.38
2008-10-06T08:48:54	-740.97	3938.87	-185.71	-3.19	16.94	42.13
2008-10-06T08:48:56	-751.13	3945.87	-185.76	-3.20	16.79	41.88
2008-10-06T08:48:58	-761.28	3952.86	-185.82	-3.21	16.64	41.64
2008-10-06T08:49:00	-771.44	3959.84	-185.87	-3.21	16.50	41.39
2008-10-06T08:49:02	-781.59	3966.82	-185.93	-3.22	16.35	41.15
2008-10-06T08:49:04	-791.74	3973.79	-185.99	-3.23	16.21	40.91
2008-10-06T08:49:06	-801.89	3980.75	-186.04	-3.24	16.07	40.67
2008-10-06T08:49:08	-812.04	3987.72	-186.10	-3.24	15.93	40.43
2008-10-06T08:49:10	-822.19	3994.67	-186.15	-3.25	15.79	40.19
2008-10-06T08:49:12	-832.34	4001.62	-186.21	-3.26	15.66	39.96
2008-10-06T08:49:14	-842.48	4008.57	-186.26	-3.26	15.52	39.72
2008-10-06T08:49:16	-852.63	4015.51	-186.32	-3.27	15.39	39.49
2008-10-06T08:49:18	-862.77	4022.45	-186.37	-3.27	15.25	39.26
2008-10-06T08:49:20	-872.91	4029.38	-186.43	-3.28	15.12	39.03
2008-10-06T08:49:22	-883.06	4036.30	-186.48	-3.28	14.99	38.80
2008-10-06T08:49:24	-893.20	4043.22	-186.53	-3.28	14.86	38.57
2008-10-06T08:49:26	-903.34	4050.14	-186.59	-3.29	14.73	38.34
2008-10-06T08:49:28	-913.48	4057.05	-186.64	-3.29	14.60	38.12
2008-10-06T08:49:30	-923.61	4063.96	-186.69	-3.29	14.48	37.90
2008-10-06T08:49:32	-933.75	4070.86	-186.75	-3.29	14.35	37.67
2008-10-06T08:49:34	-943.88	4077.75	-186.80	-3.29	14.23	37.45
2008-10-06T08:49:36	-954.02	4084.65	-186.85	-3.29	14.11	37.24
2008-10-06T08:49:38	-964.15	4091.53	-186.90	-3.30	13.98	37.02
2008-10-06T08:49:40	-974.28	4098.41	-186.96	-3.30	13.86	36.80
2008-10-06T08:49:42	-984.41	4105.29	-187.01	-3.30	13.74	36.59
2008-10-06T08:49:44	-994.54	4112.17	-187.06	-3.30	13.62	36.37
2008-10-06T08:49:46	-1004.67	4119.03	-187.11	-3.29	13.51	36.16
2008-10-06T08:49:48	-1014.80	4125.90	-187.16	-3.29	13.39	35.95
2008-10-06T08:49:50	-1024.92	4132.75	-187.21	-3.29	13.27	35.74
2008-10-06T08:49:52	-1035.05	4139.61	-187.26	-3.29	13.16	35.53
2008-10-06T08:49:54	-1045.17	4146.46	-187.31	-3.29	13.05	35.33
2008-10-06T08:49:56	-1055.29	4153.30	-187.36	-3.29	12.93	35.12
2008-10-06T08:49:58	-1065.41	4160.14	-187.41	-3.28	12.82	34.92
2008-10-06T08:50:00	-1075.53	4166.98	-187.46	-3.28	12.71	34.71
2008-10-06T08:50:02	-1085.65	4173.81	-187.51	-3.28	12.60	34.51
2008-10-06T08:50:04	-1095.76	4180.63	-187.56	-3.28	12.50	34.31
2008-10-06T08:50:06	-1105.88	4187.45	-187.61	-3.27	12.39	34.11
2008-10-06T08:50:08	-1115.99	4194.27	-187.66	-3.27	12.28	33.91
2008-10-06T08:50:10	-1126.11	4201.08	-187.71	-3.26	12.18	33.72
2008-10-06T08:50:12	-1136.22	4207.89	-187.76	-3.26	12.07	33.52
2008-10-06T08:50:14	-1146.33	4214.69	-187.80	-3.26	11.97	33.33
2008-10-06T08:50:16	-1156.44	4221.50	-187.85	-3.25	11.87	33.13
2008-10-06T08:50:18	-1166.55	4228.29	-187.90	-3.25	11.77	32.94
2008-10-06T08:50:20	-1176.66	4235.08	-187.95	-3.24	11.67	32.75
2008-10-06T08:50:22	-1186.76	4241.87	-187.99	-3.24	11.57	32.56
2008-10-06T08:50:24	-1196.87	4248.65	-188.04	-3.23	11.47	32.38
2008-10-06T08:50:26	-1206.97	4255.43	-188.09	-3.22	11.37	32.19
2008-10-06T08:50:28	-1217.07	4262.20	-188.14	-3.22	11.27	32.00
2008-10-06T08:50:30	-1227.18	4268.97	-188.18	-3.21	11.18	31.82
2008-10-06T08:50:32	-1237.28	4275.73	-188.23	-3.21	11.08	31.64
2008-10-06T08:50:34	-1247.37	4282.50	-188.28	-3.20	10.99	31.45
2008-10-06T08:50:36	-1257.47	4289.25	-188.32	-3.19	10.89	31.27
2008-10-06T08:50:38	-1267.57	4296.00	-188.37	-3.19	10.80	31.09
2008-10-06T08:50:40	-1277.66	4302.75	-188.41	-3.18	10.71	30.92
2008-10-06T08:50:42	-1287.75	4309.49	-188.46	-3.17	10.62	30.74
2008-10-06T08:50:44	-1297.85	4316.23	-188.50	-3.17	10.53	30.56
2008-10-06T08:50:46	-1307.94	4322.97	-188.55	-3.16	10.44	30.39
2008-10-06T08:50:48	-1318.03	4329.70	-188.59	-3.15	10.35	30.21
2008-10-06T08:50:50	-1328.11	4336.43	-188.64	-3.14	10.26	30.04
2008-10-06T08:50:52	-1338.20	4343.15	-188.69	-3.14	10.18	29.87
2008-10-06T08:50:54	-1348.29	4349.87	-188.73	-3.13	10.09	29.70
2008-10-06T08:50:56	-1358.37	4356.59	-188.77	-3.12	10.01	29.53
2008-10-06T08:50:58	-1368.46	4363.30	-188.82	-3.11	9.92	29.36
2008-10-06T08:51:00	-1378.54	4370.01	-188.86	-3.10	9.84	29.19
2008-10-06T08:51:02	-1388.62	4376.71	-188.90	-3.10	9.76	29.03
2008-10-06T08:51:04	-1398.70	4383.41	-188.95	-3.09	9.67	28.86
2008-10-06T08:51:06	-1408.78	4390.11	-188.99	-3.08	9.59	28.70
2008-10-06T08:51:08	-1418.85	4396.80	-189.04	-3.07	9.51	28.54
2008-10-06T08:51:10	-1428.93	4403.49	-189.08	-3.06	9.43	28.37
2008-10-06T08:51:12	-1439.00	4410.17	-189.12	-3.05	9.35	28.21
2008-10-06T08:51:14	-1449.07	4416.85	-189.16	-3.04	9.28	28.05
2008-10-06T08:51:16	-1459.15	4423.53	-189.21	-3.03	9.20	27.89
2008-10-06T08:51:18	-1469.22	4430.20	-189.25	-3.03	9.12	27.74
2008-10-06T08:51:20	-1479.28	4436.87	-189.29	-3.02	9.05	27.58
2008-10-06T08:51:22	-1489.35	4443.53	-189.33	-3.01	8.97	27.42
2008-10-06T08:51:24	-1499.42	4450.19	-189.38	-3.00	8.90	27.27
2008-10-06T08:51:26	-1509.48	4456.85	-189.42	-2.99	8.82	27.12
2008-10-06T08:51:28	-1519.55	4463.51	-189.46	-2.98	8.75	26.96
2008-10-06T08:51:30	-1529.61	4470.16	-189.50	-2.97	8.68	26.81
2008-10-06T08:51:32	-1539.67	4476.80	-189.54	-2.96	8.60	26.66
2008-10-06T08:51:34	-1549.73	4483.45	-189.58	-2.95	8.53	26.51
2008-10-06T08:51:36	-1559.79	4490.09	-189.62	-2.94	8.46	26.36
2008-10-06T08:51:38	-1569.85	4496.72	-189.67	-2.93	8.39	26.22
2008-10-06T08:51:40	-1579.90	4503.35	-189.71	-2.92	8.32	26.07
2008-10-06T08:51:42	-1589.96	4509.98	-189.75	-2.91	8.25	25.92
2008-10-06T08:51:44	-1600.01	4516.61	-189.79	-2.90	8.19	25.78
2008-10-06T08:51:46	-1610.06	4523.23	-189.83	-2.89	8.12	25.64
2008-10-06T08:51:48	-1620.11	4529.85	-189.87	-2.88	8.05	25.49
2008-10-06T08:51:50	-1630.16	4536.46	-189.91	-2.87	7.99	25.35
2008-10-06T08:51:52	-1640.21	4543.07	-189.95	-2.86	7.92	25.21
2008-10-06T08:51:54	-1650.26	4549.68	-189.99	-2.85	7.86	25.07
2008-10-06T08:51:56	-1660.30	4556.28	-190.03	-2.84	7.79	24.93
2008-10-06T08:51:58	-1670.35	4562.88	-190.07	-2.83	7.73	24.79
2008-10-06T08:52:00	-1680.39	4569.48	-190.11	-2.82	7.66	24.65
2008-10-06T08:52:02	-1690.43	4576.07	-190.14	-2.81	7.60	24.52
2008-10-06T08:52:04	-1700.47	4582.66	-190.18	-2.80	7.54	24.38
2008-10-06T08:52:06	-1710.51	4589.24	-190.22	-2.79	7.48	24.25
2008-10-06T08:52:08	-1720.55	4595.83	-190.26	-2.78	7.42	24.11
2008-10-06T08:52:10	-1730.58	4602.41	-190.30	-2.77	7.36	23.98
2008-10-06T08:52:12	-1740.62	4608.98	-190.34	-2.76	7.30	23.85
2008-10-06T08:52:14	-1750.65	4615.56	-190.38	-2.75	7.24	23.72
2008-10-06T08:52:16	-1760.69	4622.13	-190.42	-2.73	7.18	23.59
2008-10-06T08:52:18	-1770.72	4628.69	-190.45	-2.72	7.12	23.46
2008-10-06T08:52:20	-1780.75	4635.26	-190.49	-2.71	7.06	23.33
2008-10-06T08:52:22	-1790.77	4641.81	-190.53	-2.70	7.01	23.20
2008-10-06T08:52:24	-1800.80	4648.37	-190.56	-2.69	6.95	23.07
2008-10-06T08:52:26	-1810.83	4654.92	-190.60	-2.68	6.89	22.95
2008-10-06T08:52:28	-1820.85	4661.48	-190.64	-2.67	6.84	22.82
2008-10-06T08:52:30	-1830.88	4668.02	-190.68	-2.66	6.78	22.70
2008-10-06T08:52:32	-1840.90	4674.56	-190.71	-2.65	6.73	22.57
2008-10-06T08:52:34	-1850.92	4681.11	-190.75	-2.64	6.67	22.45
2008-10-06T08:52:36	-1860.94	4687.64	-190.79	-2.63	6.62	22.33
2008-10-06T08:52:38	-1870.96	4694.18	-190.83	-2.62	6.57	22.21
2008-10-06T08:52:40	-1880.97	4700.71	-190.86	-2.61	6.52	22.09
2008-10-06T08:52:42	-1890.99	4707.23	-190.90	-2.60	6.46	21.97
2008-10-06T08:52:44	-1901.00	4713.76	-190.93	-2.59	6.41	21.85
2008-10-06T08:52:46	-1911.02	4720.28	-190.97	-2.58	6.36	21.73
2008-10-06T08:52:48	-1921.03	4726.80	-191.01	-2.56	6.31	21.61
2008-10-06T08:52:50	-1931.04	4733.31	-191.04	-2.55	6.26	21.49
2008-10-06T08:52:52	-1941.04	4739.82	-191.08	-2.54	6.21	21.38
2008-10-06T08:52:54	-1951.05	4746.33	-191.11	-2.53	6.16	21.26
2008-10-06T08:52:56	-1961.06	4752.84	-191.15	-2.52	6.11	21.15
2008-10-06T08:52:58	-1971.06	4759.34	-191.18	-2.51	6.06	21.04
2008-10-06T08:53:00	-1981.07	4765.84	-191.22	-2.50	6.02	20.92
2008-10-06T08:53:02	-1991.07	4772.34	-191.25	-2.49	5.97	20.81
2008-10-06T08:53:04	-2001.07	4778.84	-191.29	-2.48	5.92	20.70
2008-10-06T08:53:06	-2011.07	4785.33	-191.32	-2.47	5.87	20.59
2008-10-06T08:53:08	-2021.07	4791.81	-191.36	-2.46	5.83	20.48
2008-10-06T08:53:10	-2031.07	4798.30	-191.39	-2.45	5.78	20.37
2008-10-06T08:53:12	-2041.06	4804.78	-191.43	-2.44	5.74	20.26
2008-10-06T08:53:14	-2051.06	4811.26	-191.46	-2.43	5.69	20.15
2008-10-06T08:53:16	-2061.05	4817.73	-191.50	-2.42	5.65	20.04
2008-10-06T08:53:18	-2071.04	4824.21	-191.53	-2.41	5.60	19.94
2008-10-06T08:53:20	-2081.03	4830.68	-191.56	-2.39	5.56	19.83
2008-10-06T08:53:22	-2091.02	4837.15	-191.60	-2.38	5.52	19.73
2008-10-06T08:53:24	-2101.01	4843.61	-191.63	-2.37	5.47	19.62
2008-10-06T08:53:26	-2111.00	4850.07	-191.67	-2.36	5.43	19.52
2008-10-06T08:53:28	-2120.98	4856.53	-191.70	-2.35	5.39	19.41
2008-10-06T08:53:30	-2130.97	4862.99	-191.73	-2.34	5.35	19.31
2008-10-06T08:53:32	-2140.95	4869.44	-191.77	-2.33	5.30	19.21
2008-10-06T08:53:34	-2150.94	4875.89	-191.80	-2.32	5.26	19.11
2008-10-06T08:53:36	-2160.92	4882.34	-191.83	-2.31	5.22	19.01
2008-10-06T08:53:38	-2170.89	4888.78	-191.86	-2.30	5.18	18.91
2008-10-06T08:53:40	-2180.87	4895.23	-191.90	-2.29	5.14	18.81
2008-10-06T08:53:42	-2190.85	4901.66	-191.93	-2.28	5.10	18.71
2008-10-06T08:53:44	-2200.82	4908.10	-191.96	-2.27	5.06	18.61
2008-10-06T08:53:46	-2210.80	4914.54	-192.00	-2.26	5.02	18.51
2008-10-06T08:53:48	-2220.77	4920.97	-192.03	-2.25	4.99	18.42
2008-10-06T08:53:50	-2230.74	4927.40	-192.06	-2.24	4.95	18.32
2008-10-06T08:53:52	-2240.71	4933.82	-192.09	-2.23	4.91	18.23
2008-10-06T08:53:54	-2250.68	4940.25	-192.13	-2.22	4.87	18.13
