Time	POS_X	POS_Y	POS_Z	B_X	B_Y	B_Z
2008-10-06T08:26:48	5012.59	-2099.14	-42.81	4.57	-1.91	16.48
2008-10-06T08:26:50	5005.86	-2089.38	-43.12	4.61	-1.92	16.57
2008-10-06T08:26:52	4999.13	-2079.62	-43.43	4.65	-1.93	16.66
2008-10-06T08:26:54	4992.40	-2069.86	-43.75	4.68	-1.94	16.75
2008-10-06T08:26:56	4985.66	-2060.10	-44.06	4.72	-1.95	16.84
2008-10-06T08:26:58	4978.92	-2050.33	-44.37	4.76	-1.96	16.93
2008-10-06T08:27:00	4972.18	-2040.57	-44.68	4.80	-1.97	17.02
2008-10-06T08:27:02	4965.43	-2030.80	-44.99	4.85	-1.98	17.11
2008-10-06T08:27:04	4958.68	-2021.03	-45.30	4.89	-1.99	17.20
2008-10-06T08:27:06	4951.93	-2011.27	-45.61	4.93	-2.00	17.29
2008-10-06T08:27:08	4945.18	-2001.50	-45.92	4.97	-2.01	17.39
2008-10-06T08:27:10	4938.42	-1991.73	-46.23	5.01	-2.02	17.48
2008-10-06T08:27:12	4931.66	-1981.95	-46.54	5.05	-2.03	17.57
2008-10-06T08:27:14	4924.90	-1972.18	-46.85	5.10	-2.04	17.67
2008-10-06T08:27:16	4918.13	-1962.40	-47.17	5.14	-2.05	17.76
2008-10-06T08:27:18	4911.36	-1952.63	-47.48	5.18	-2.06	17.86
2008-10-06T08:27:20	4904.59	-1942.85	-47.78	5.23	-2.07	17.96
2008-10-06T08:27:22	4897.82	-1933.07	-48.09	5.27	-2.08	18.05
2008-10-06T08:27:24	4891.04	-1923.29	-48.41	5.32	-2.09	18.15
2008-10-06T08:27:26	4884.26	-1913.51	-48.72	5.36	-2.10	18.25
2008-10-06T08:27:28	4877.47	-1903.73	-49.03	5.41	-2.11	18.35
2008-10-06T08:27:30	4870.69	-1893.95	-49.34	5.46	-2.12	18.45
2008-10-06T08:27:32	4863.90	-1884.16	-49.65	5.50	-2.13	18.55
2008-10-06T08:27:34	4857.11	-1874.38	-49.96	5.55	-2.14	18.65
2008-10-06T08:27:36	4850.31	-1864.59	-50.27	5.60	-2.15	18.75
2008-10-06T08:27:38	4843.51	-1854.80	-50.58	5.65	-2.16	18.85
2008-10-06T08:27:40	4836.71	-1845.01	-50.89	5.70	-2.17	18.96
2008-10-06T08:27:42	4829.91	-1835.22	-51.20	5.75	-2.18	19.06
2008-10-06T08:27:44	4823.10	-1825.43	-51.51	5.80	-2.19	19.17
2008-10-06T08:27:46	4816.29	-1815.64	-51.82	5.85	-2.20	19.27
2008-10-06T08:27:48	4809.48	-1805.84	-52.13	5.90	-2.21	19.38
2008-10-06T08:27:50	4802.66	-1796.05	-52.44	5.95	-2.22	19.48
2008-10-06T08:27:52	4795.84	-1786.25	-52.75	6.00	-2.23	19.59
2008-10-06T08:27:54	4789.02	-1776.45	-53.06	6.05	-2.25	19.70
2008-10-06T08:27:56	4782.19	-1766.66	-53.37	6.11	-2.26	19.81
2008-10-06T08:27:58	4775.37	-1756.86	-53.68	6.16	-2.27	19.92
2008-10-06T08:28:00	4768.53	-1747.05	-53.99	6.21	-2.28	20.03
2008-10-06T08:28:02	4761.70	-1737.25	-54.30	6.27	-2.29	20.14
2008-10-06T08:28:04	4754.86	-1727.45	-54.61	6.32	-2.30	20.25
2008-10-06T08:28:06	4748.02	-1717.64	-54.92	6.38	-2.31	20.36
2008-10-06T08:28:08	4741.17	-1707.84	-55.23	6.43	-2.32	20.48
2008-10-06T08:28:10	4734.32	-1698.03	-55.54	6.49	-2.33	20.59
2008-10-06T08:28:12	4727.47	-1688.22	-55.85	6.55	-2.34	20.70
2008-10-06T08:28:14	4720.62	-1678.41	-56.16	6.60	-2.35	20.82
2008-10-06T08:28:16	4713.76	-1668.60	-56.47	6.66	-2.36	20.94
2008-10-06T08:28:18	4706.90	-1658.79	-56.78	6.72	-2.37	21.05
2008-10-06T08:28:20	4700.04	-1648.98	-57.09	6.78	-2.38	21.17
2008-10-06T08:28:22	4693.17	-1639.16	-57.40	6.84	-2.39	21.29
2008-10-06T08:28:24	4686.30	-1629.35	-57.71	6.90	-2.40	21.41
2008-10-06T08:28:26	4679.42	-1619.53	-58.02	6.96	-2.41	21.53
2008-10-06T08:28:28	4672.54	-1609.71	-58.33	7.02	-2.42	21.65
2008-10-06T08:28:30	4665.66	-1599.89	-58.64	7.09	-2.43	21.77
2008-10-06T08:28:32	4658.78	-1590.07	-58.95	7.15	-2.44	21.89
2008-10-06T08:28:34	4651.89	-1580.25	-59.26	7.21	-2.45	22.02
2008-10-06T08:28:36	4645.00	-1570.43	-59.57	7.28	-2.46	22.14
2008-10-06T08:28:38	4638.11	-1560.60	-59.88	7.34	-2.47	22.27
2008-10-06T08:28:40	4631.21	-1550.78	-60.19	7.41	-2.48	22.39
2008-10-06T08:28:42	4624.31	-1540.95	-60.49	7.47	-2.49	22.52
2008-10-06T08:28:44	4617.40	-1531.12	-60.80	7.54	-2.50	22.65
2008-10-06T08:28:46	4610.49	-1521.30	-61.11	7.61	-2.51	22.77
2008-10-06T08:28:48	4603.58	-1511.47	-61.42	7.68	-2.52	22.90
2008-10-06T08:28:50	4596.66	-1501.63	-61.73	7.75	-2.53	23.03
2008-10-06T08:28:52	4589.74	-1491.80	-62.04	7.82	-2.54	23.17
2008-10-06T08:28:54	4582.82	-1481.97	-62.35	7.89	-2.55	23.30
2008-10-06T08:28:56	4575.90	-1472.13	-62.65	7.96	-2.56	23.43
2008-10-06T08:28:58	4568.97	-1462.30	-62.96	8.03	-2.57	23.56
2008-10-06T08:29:00	4562.03	-1452.46	-63.27	8.10	-2.58	23.70
2008-10-06T08:29:02	4555.09	-1442.62	-63.58	8.17	-2.59	23.83
2008-10-06T08:29:04	4548.15	-1432.78	-63.89	8.25	-2.60	23.97
2008-10-06T08:29:06	4541.21	-1422.94	-64.20	8.32	-2.61	24.11
2008-10-06T08:29:08	4534.26	-1413.10	-64.51	8.40	-2.62	24.25
2008-10-06T08:29:10	4527.31	-1403.26	-64.82	8.47	-2.63	24.38
2008-10-06T08:29:12	4520.35	-1393.41	-65.12	8.55	-2.64	24.52
2008-10-06T08:29:14	4513.39	-1383.57	-65.43	8.63	-2.64	24.67
2008-10-06T08:29:16	4506.43	-1373.72	-65.74	8.71	-2.65	24.81
2008-10-06T08:29:18	4499.46	-1363.87	-66.05	8.79	-2.66	24.95
2008-10-06T08:29:20	4492.50	-1354.02	-66.36	8.87	-2.67	25.09
2008-10-06T08:29:22	4485.52	-1344.17	-66.67	8.95	-2.68	25.24
2008-10-06T08:29:24	4478.54	-1334.32	-66.97	9.03	-2.69	25.38
2008-10-06T08:29:26	4471.56	-1324.47	-67.28	9.11	-2.70	25.53
2008-10-06T08:29:28	4464.58	-1314.61	-67.59	9.19	-2.71	25.68
2008-10-06T08:29:30	4457.58	-1304.76	-67.90	9.28	-2.72	25.83
2008-10-06T08:29:32	4450.59	-1294.90	-68.21	9.36	-2.72	25.98
2008-10-06T08:29:34	4443.59	-1285.04	-68.51	9.45	-2.73	26.13
2008-10-06T08:29:36	4436.59	-1275.19	-68.82	9.53	-2.74	26.28
2008-10-06T08:29:38	4429.59	-1265.33	-69.13	9.62	-2.75	26.43
2008-10-06T08:29:40	4422.58	-1255.47	-69.44	9.71	-2.76	26.59
2008-10-06T08:29:42	4415.57	-1245.60	-69.74	9.80	-2.76	26.74
2008-10-06T08:29:44	4408.55	-1235.74	-70.05	9.89	-2.77	26.90
2008-10-06T08:29:46	4401.53	-1225.88	-70.36	9.98	-2.78	27.05
2008-10-06T08:29:48	4394.50	-1216.01	-70.66	10.07	-2.79	27.21
2008-10-06T08:29:50	4387.47	-1206.14	-70.97	10.16	-2.79	27.37
2008-10-06T08:29:52	4380.44	-1196.28	-71.28	10.26	-2.80	27.53
2008-10-06T08:29:54	4373.40	-1186.41	-71.59	10.35	-2.81	27.69
2008-10-06T08:29:56	4366.36	-1176.54	-71.89	10.45	-2.82	27.85
2008-10-06T08:29:58	4359.32	-1166.66	-72.20	10.54	-2.82	28.02
2008-10-06T08:30:00	4352.26	-1156.79	-72.51	10.64	-2.83	28.18
2008-10-06T08:30:02	4345.21	-1146.92	-72.81	10.74	-2.83	28.35
2008-10-06T08:30:04	4338.15	-1137.04	-73.12	10.84	-2.84	28.51
2008-10-06T08:30:06	4331.09	-1127.17	-73.43	10.94	-2.85	28.68
2008-10-06T08:30:08	4324.02	-1117.29	-73.73	11.04	-2.85	28.85
2008-10-06T08:30:10	4316.95	-1107.41	-74.04	11.14	-2.86	29.02
2008-10-06T08:30:12	4309.88	-1097.53	-74.35	11.25	-2.86	29.19
2008-10-06T08:30:14	4302.80	-1087.65	-74.65	11.35	-2.87	29.36
2008-10-06T08:30:16	4295.72	-1077.77	-74.96	11.46	-2.87	29.54
2008-10-06T08:30:18	4288.63	-1067.89	-75.27	11.56	-2.88	29.71
2008-10-06T08:30:20	4281.54	-1058.00	-75.57	11.67	-2.88	29.89
2008-10-06T08:30:22	4274.44	-1048.12	-75.88	11.78	-2.89	30.06
2008-10-06T08:30:24	4267.34	-1038.23	-76.18	11.89	-2.89	30.24
2008-10-06T08:30:26	4260.23	-1028.35	-76.49	12.00	-2.90	30.42
2008-10-06T08:30:28	4253.12	-1018.46	-76.80	12.11	-2.90	30.60
2008-10-06T08:30:30	4246.01	-1008.57	-77.10	12.23	-2.90	30.78
2008-10-06T08:30:32	4238.89	-998.68	-77.41	12.34	-2.91	30.96
2008-10-06T08:30:34	4231.77	-988.79	-77.71	12.46	-2.91	31.15
2008-10-06T08:30:36	4224.64	-978.89	-78.02	12.57	-2.91	31.33
2008-10-06T08:30:38	4217.51	-969.00	-78.32	12.69	-2.92	31.52
2008-10-06T08:30:40	4210.37	-959.11	-78.63	12.81	-2.92	31.71
2008-10-06T08:30:42	4203.23	-949.21	-78.93	12.93	-2.92	31.90
2008-10-06T08:30:44	4196.09	-939.31	-79.24	13.05	-2.92	32.09
2008-10-06T08:30:46	4188.93	-929.41	-79.54	13.17	-2.92	32.28
2008-10-06T08:30:48	4181.78	-919.51	-79.85	13.30	-2.92	32.47
2008-10-06T08:30:50	4174.62	-909.61	-80.15	13.42	-2.92	32.66
2008-10-06T08:30:52	4167.45	-899.71	-80.46	13.55	-2.92	32.86
2008-10-06T08:30:54	4160.29	-889.81	-80.76	13.68	-2.92	33.06
2008-10-06T08:30:56	4153.11	-879.91	-81.07	13.80	-2.92	33.25
2008-10-06T08:30:58	4145.93	-870.00	-81.37	13.93	-2.92	33.45
2008-10-06T08:31:00	4138.75	-860.10	-81.68	14.07	-2.92	33.65
2008-10-06T08:31:02	4131.56	-850.19	-81.98	14.20	-2.92	33.85
2008-10-06T08:31:04	4124.37	-840.28	-82.29	14.33	-2.92	34.06
2008-10-06T08:31:06	4117.17	-830.38	-82.59	14.47	-2.92	34.26
2008-10-06T08:31:08	4109.97	-820.47	-82.89	14.60	-2.92	34.46
2008-10-06T08:31:10	4102.76	-810.56	-83.20	14.74	-2.91	34.67
2008-10-06T08:31:12	4095.55	-800.64	-83.50	14.88	-2.91	34.88
2008-10-06T08:31:14	4088.33	-790.73	-83.81	15.02	-2.91	35.09
2008-10-06T08:31:16	4081.11	-780.82	-84.11	15.16	-2.90	35.30
2008-10-06T08:31:18	4073.88	-770.90	-84.41	15.31	-2.90	35.51
2008-10-06T08:31:20	4066.65	-760.99	-84.72	15.45	-2.89	35.73
2008-10-06T08:31:22	4059.41	-751.07	-85.02	15.60	-2.89	35.94
2008-10-06T08:31:24	4052.17	-741.15	-85.32	15.74	-2.88	36.16
2008-10-06T08:31:26	4044.92	-731.24	-85.63	15.89	-2.87	36.37
2008-10-06T08:31:28	4037.67	-721.32	-85.93	16.04	-2.87	36.59
2008-10-06T08:31:30	4030.41	-711.40	-86.23	16.20	-2.86	36.81
2008-10-06T08:31:32	4023.15	-701.48	-86.54	16.35	-2.85	37.03
2008-10-06T08:31:34	4015.88	-691.55	-86.84	16.50	-2.84	37.26
2008-10-06T08:31:36	4008.61	-681.63	-87.14	16.66	-2.83	37.48
2008-10-06T08:31:38	4001.33	-671.71	-87.44	16.82	-2.82	37.71
2008-10-06T08:31:40	3994.05	-661.78	-87.74	16.98	-2.81	37.94
2008-10-06T08:31:42	3986.76	-651.86	-88.05	17.14	-2.80	38.16
2008-10-06T08:31:44	3979.47	-641.93	-88.35	17.30	-2.79	38.39
2008-10-06T08:31:46	3972.17	-632.00	-88.65	17.46	-2.78	38.63
2008-10-06T08:31:48	3964.86	-622.07	-88.96	17.63	-2.77	38.86
2008-10-06T08:31:50	3957.55	-612.14	-89.26	17.80	-2.75	39.09
2008-10-06T08:31:52	3950.24	-602.21	-89.56	17.97	-2.74	39.33
2008-10-06T08:31:54	3942.92	-592.28	-89.86	18.14	-2.72	39.57
2008-10-06T08:31:56	3935.59	-582.35	-90.16	18.31	-2.71	39.81
2008-10-06T08:31:58	3928.26	-572.42	-90.46	18.48	-2.69	40.05
2008-10-06T08:32:00	3920.92	-562.48	-90.76	18.66	-2.68	40.29
2008-10-06T08:32:02	3913.58	-552.55	-91.06	18.83	-2.66	40.53
2008-10-06T08:32:04	3906.23	-542.61	-91.37	19.01	-2.64	40.78
2008-10-06T08:32:06	3898.88	-532.68	-91.67	19.19	-2.62	41.02
2008-10-06T08:32:08	3891.52	-522.74	-91.97	19.38	-2.60	41.27
2008-10-06T08:32:10	3884.15	-512.80	-92.27	19.56	-2.58	41.52
2008-10-06T08:32:12	3876.78	-502.86	-92.57	19.75	-2.56	41.77
2008-10-06T08:32:14	3869.40	-492.92	-92.87	19.93	-2.54	42.02
2008-10-06T08:32:16	3862.02	-482.98	-93.17	20.12	-2.52	42.28
2008-10-06T08:32:18	3854.63	-473.04	-93.47	20.31	-2.49	42.53
2008-10-06T08:32:20	3847.24	-463.10	-93.77	20.50	-2.47	42.79
2008-10-06T08:32:22	3839.84	-453.16	-94.07	20.70	-2.44	43.05
2008-10-06T08:32:24	3832.44	-443.22	-94.37	20.89	-2.42	43.31
2008-10-06T08:32:26	3825.03	-433.27	-94.67	21.09	-2.39	43.57
2008-10-06T08:32:28	3817.61	-423.33	-94.96	21.29	-2.36	43.83
2008-10-06T08:32:30	3810.19	-413.38	-95.26	21.49	-2.33	44.09
2008-10-06T08:32:32	3802.76	-403.44	-95.56	21.70	-2.30	44.36
2008-10-06T08:32:34	3795.32	-393.49	-95.86	21.90	-2.27	44.63
2008-10-06T08:32:36	3787.88	-383.54	-96.16	22.11	-2.24	44.90
2008-10-06T08:32:38	3780.44	-373.60	-96.46	22.32	-2.21	45.17
2008-10-06T08:32:40	3772.98	-363.65	-96.76	22.53	-2.17	45.44
2008-10-06T08:32:42	3765.53	-353.70	-97.06	22.74	-2.14	45.71
2008-10-06T08:32:44	3758.06	-343.75	-97.35	22.96	-2.10	45.99
2008-10-06T08:32:46	3750.59	-333.80	-97.65	23.17	-2.06	46.27
2008-10-06T08:32:48	3743.11	-323.85	-97.95	23.39	-2.02	46.54
2008-10-06T08:32:50	3735.63	-313.90	-98.25	23.61	-1.98	46.82
2008-10-06T08:32:52	3728.14	-303.94	-98.54	23.83	-1.94	47.11
2008-10-06T08:32:54	3720.64	-293.99	-98.84	24.06	-1.90	47.39
2008-10-06T08:32:56	3713.14	-284.04	-99.14	24.29	-1.86	47.67
2008-10-06T08:32:58	3705.64	-274.09	-99.43	24.51	-1.81	47.96
2008-10-06T08:33:00	3698.12	-264.13	-99.73	24.74	-1.77	48.25
2008-10-06T08:33:02	3690.60	-254.18	-100.03	24.98	-1.72	48.54
2008-10-06T08:33:04	3683.07	-244.22	-100.32	25.21	-1.67	48.83
2008-10-06T08:33:06	3675.54	-234.27	-100.62	25.45	-1.62	49.12
2008-10-06T08:33:08	3668.00	-224.31	-100.92	25.68	-1.57	49.41
2008-10-06T08:33:10	3660.45	-214.35	-101.21	25.93	-1.52	49.71
2008-10-06T08:33:12	3652.90	-204.40	-101.51	26.17	-1.46	50.01
2008-10-06T08:33:14	3645.34	-194.44	-101.80	26.41	-1.41	50.31
2008-10-06T08:33:16	3637.77	-184.48	-102.10	26.66	-1.35	50.61
2008-10-06T08:33:18	3630.20	-174.53	-102.39	26.91	-1.29	50.91
2008-10-06T08:33:20	3622.62	-164.57	-102.69	27.16	-1.23	51.21
2008-10-06T08:33:22	3615.04	-154.61	-102.98	27.41	-1.17	51.52
2008-10-06T08:33:24	3607.44	-144.65	-103.28	27.67	-1.11	51.82
2008-10-06T08:33:26	3599.84	-134.69	-103.57	27.92	-1.04	52.13
2008-10-06T08:33:28	3592.24	-124.73	-103.87	28.18	-0.98	52.44
2008-10-06T08:33:30	3584.63	-114.77	-104.16	28.44	-0.91	52.75
2008-10-06T08:33:32	3577.01	-104.81	-104.45	28.71	-0.84	53.06
2008-10-06T08:33:34	3569.38	-94.85	-104.75	28.97	-0.77	53.38
2008-10-06T08:33:36	3561.75	-84.89	-105.04	29.24	-0.70	53.70
2008-10-06T08:33:38	3554.11	-74.93	-105.33	29.51	-0.62	54.01
2008-10-06T08:33:40	3546.46	-64.97	-105.63	29.78	-0.55	54.33
2008-10-06T08:33:42	3538.81	-55.01	-105.92	30.05	-0.47	54.65
2008-10-06T08:33:44	3531.14	-45.05	-106.21	30.33	-0.39	54.97
2008-10-06T08:33:46	3523.48	-35.09	-106.50	30.61	-0.30	55.30
2008-10-06T08:33:48	3515.80	-25.12	-106.80	30.89	-0.22	55.62
2008-10-06T08:33:50	3508.12	-15.16	-107.09	31.17	-0.13	55.95
2008-10-06T08:33:52	3500.43	-5.20	-107.38	31.45	-0.05	56.28
2008-10-06T08:33:54	3492.73	4.76	-107.67	31.74	0.04	56.61
2008-10-06T08:33:56	3485.03	14.72	-107.96	32.03	0.14	56.94
2008-10-06T08:33:58	3477.32	24.68	-108.25	32.32	0.23	57.27
2008-10-06T08:34:00	3469.60	34.64	-108.54	32.61	0.33	57.60
2008-10-06T08:34:02	3461.87	44.61	-108.83	32.91	0.42	57.94
2008-10-06T08:34:04	3454.14	54.57	-109.12	33.20	0.52	58.28
2008-10-06T08:34:06	3446.40	64.53	-109.41	33.50	0.63	58.62
2008-10-06T08:34:08	3438.66	74.49	-109.70	33.80	0.73	58.96
2008-10-06T08:34:10	3430.90	84.45	-110.00	34.11	0.84	59.30
2008-10-06T08:34:12	3423.14	94.41	-110.28	34.41	0.95	59.64
2008-10-06T08:34:14	3415.37	104.37	-110.57	34.72	1.06	59.98
2008-10-06T08:34:16	3407.59	114.33	-110.86	35.03	1.18	60.33
2008-10-06T08:34:18	3399.81	124.29	-111.15	35.34	1.29	60.68
2008-10-06T08:34:20	3392.01	134.25	-111.44	35.65	1.41	61.02
2008-10-06T08:34:22	3384.22	144.21	-111.73	35.97	1.53	61.37
2008-10-06T08:34:24	3376.41	154.17	-112.01	36.29	1.66	61.72
2008-10-06T08:34:26	3368.59	164.13	-112.30	36.61	1.78	62.08
2008-10-06T08:34:28	3360.77	174.09	-112.59	36.93	1.91	62.43
2008-10-06T08:34:30	3352.94	184.05	-112.88	37.25	2.04	62.78
2008-10-06T08:34:32	3345.10	194.01	-113.16	37.58	2.18	63.14
2008-10-06T08:34:34	3337.26	203.96	-113.45	37.91	2.32	63.50
2008-10-06T08:34:36	3329.40	213.92	-113.74	38.24	2.46	63.86
2008-10-06T08:34:38	3321.54	223.88	-114.02	38.57	2.60	64.22
2008-10-06T08:34:40	3313.67	233.83	-114.31	38.90	2.75	64.58
2008-10-06T08:34:42	3305.79	243.79	-114.59	39.24	2.89	64.94
2008-10-06T08:34:44	3297.91	253.75	-114.88	39.58	3.05	65.30
2008-10-06T08:34:46	3290.02	263.70	-115.16	39.92	3.20	65.67
2008-10-06T08:34:48	3282.11	273.65	-115.45	40.26	3.36	66.03
2008-10-06T08:34:50	3274.20	283.61	-115.73	40.60	3.52	66.40
2008-10-06T08:34:52	3266.29	293.56	-116.02	40.95	3.68	66.77
2008-10-06T08:34:54	3258.36	303.51	-116.30	41.29	3.85	67.14
2008-10-06T08:34:56	3250.43	313.46	-116.58	41.64	4.02	67.51
2008-10-06T08:34:58	3242.49	323.41	-116.87	41.99	4.19	67.88
2008-10-06T08:35:00	3234.53	333.36	-117.15	42.34	4.36	68.25
2008-10-06T08:35:02	3226.58	343.31	-117.43	42.70	4.54	68.63
2008-10-06T08:35:04	3218.61	353.26	-117.71	43.05	4.73	69.00
2008-10-06T08:35:06	3210.63	363.21	-118.00	43.41	4.91	69.38
2008-10-06T08:35:08	3202.65	373.15	-118.28	43.77	5.10	69.75
2008-10-06T08:35:10	3194.66	383.10	-118.56	44.13	5.29	70.13
2008-10-06T08:35:12	3186.66	393.04	-118.84	44.49	5.49	70.51
2008-10-06T08:35:14	3178.65	402.99	-119.12	44.85	5.69	70.89
2008-10-06T08:35:16	3170.64	412.93	-119.40	45.22	5.89	71.27
2008-10-06T08:35:18	3162.61	422.87	-119.68	45.58	6.09	71.65
2008-10-06T08:35:20	3154.58	432.81	-119.96	45.95	6.30	72.03
2008-10-06T08:35:22	3146.54	442.75	-120.24	46.32	6.52	72.41
2008-10-06T08:35:24	3138.48	452.69	-120.52	46.69	6.73	72.79
2008-10-06T08:35:26	3130.42	462.62	-120.80	47.06	6.95	73.18
2008-10-06T08:35:28	3122.36	472.56	-121.08	47.43	7.18	73.56
2008-10-06T08:35:30	3114.28	482.49	-121.35	47.81	7.41	73.95
2008-10-06T08:35:32	3106.19	492.42	-121.63	48.18	7.64	74.33
2008-10-06T08:35:34	3098.10	502.35	-121.91	48.56	7.87	74.72
2008-10-06T08:35:36	3090.00	512.29	-122.19	48.93	8.11	75.10
2008-10-06T08:35:38	3081.88	522.21	-122.46	49.31	8.36	75.49
2008-10-06T08:35:40	3073.76	532.14	-122.74	49.69	8.60	75.88
2008-10-06T08:35:42	3065.63	542.07	-123.02	50.07	8.85	76.27
2008-10-06T08:35:44	3057.50	551.99	-123.29	50.45	9.11	76.65
2008-10-06T08:35:46	3049.35	561.91	-123.57	50.83	9.37	77.04
2008-10-06T08:35:48	3041.19	571.83	-123.84	51.21	9.63	77.43
2008-10-06T08:35:50	3033.02	581.75	-124.12	51.60	9.90	77.82
2008-10-06T08:35:52	3024.85	591.67	-124.39	51.98	10.17	78.21
2008-10-06T08:35:54	3016.67	601.58	-124.66	52.36	10.44	78.60
2008-10-06T08:35:56	3008.48	611.50	-124.94	52.75	10.72	78.99
2008-10-06T08:35:58	3000.28	621.41	-125.21	53.13	11.00	79.38
2008-10-06T08:36:00	2992.06	631.32	-125.48	53.52	11.29	79.77
2008-10-06T08:36:02	2983.84	641.23	-125.76	53.90	11.58	80.16
2008-10-06T08:36:04	2975.61	651.14	-126.03	54.29	11.88	80.55
2008-10-06T08:36:06	2967.38	661.04	-126.30	54.67	12.18	80.94
2008-10-06T08:36:08	2959.13	670.94	-126.57	55.06	12.48	81.33
2008-10-06T08:36:10	2950.87	680.84	-126.84	55.44	12.79	81.72
2008-10-06T08:36:12	2942.61	690.74	-127.11	55.83	13.10	82.11
2008-10-06T08:36:14	2934.33	700.64	-127.38	56.21	13.42	82.50
2008-10-06T08:36:16	2926.05	710.53	-127.65	56.60	13.74	82.89
2008-10-06T08:36:18	2917.75	720.42	-127.92	56.98	14.07	83.28
2008-10-06T08:36:20	2909.45	730.31	-128.19	57.36	14.40	83.67
2008-10-06T08:36:22	2901.14	740.20	-128.46	57.75	14.73	84.06
2008-10-06T08:36:24	2892.81	750.08	-128.72	58.13	15.07	84.44
2008-10-06T08:36:26	2884.48	759.96	-128.99	58.51	15.42	84.83
2008-10-06T08:36:28	2876.14	769.84	-129.26	58.89	15.76	85.22
2008-10-06T08:36:30	2867.79	779.72	-129.52	59.27	16.12	85.61
2008-10-06T08:36:32	2859.43	789.59	-129.79	59.65	16.47	85.99
2008-10-06T08:36:34	2851.06	799.47	-130.06	60.03	16.83	86.38
2008-10-06T08:36:36	2842.68	809.34	-130.32	60.41	17.20	86.76
2008-10-06T08:36:38	2834.29	819.20	-130.59	60.78	17.57	87.15
2008-10-06T08:36:40	2825.89	829.07	-130.85	61.16	17.94	87.53
2008-10-06T08:36:42	2817.48	838.93	-131.11	61.53	18.32	87.91
2008-10-06T08:36:44	2809.06	848.78	-131.38	61.90	18.70	88.29
2008-10-06T08:36:46	2800.63	858.64	-131.64	62.27	19.09	88.67
2008-10-06T08:36:48	2792.20	868.49	-131.90	62.64	19.48	89.05
2008-10-06T08:36:50	2783.75	878.34	-132.17	63.01	19.88	89.43
2008-10-06T08:36:52	2775.29	888.18	-132.43	63.37	20.28	89.81
2008-10-06T08:36:54	2766.82	898.03	-132.69	63.73	20.69	90.18
2008-10-06T08:36:56	2758.35	907.87	-132.95	64.09	21.09	90.56
2008-10-06T08:36:58	2749.86	917.70	-133.21	64.45	21.51	90.93
2008-10-06T08:37:00	2741.36	927.54	-133.47	64.81	21.93	91.30
2008-10-06T08:37:02	2732.86	937.37	-133.73	65.16	22.35	91.67
2008-10-06T08:37:04	2724.34	947.19	-133.99	65.51	22.78	92.04
2008-10-06T08:37:06	2715.82	957.02	-134.24	65.86	23.21	92.41
2008-10-06T08:37:08	2707.28	966.84	-134.50	66.20	23.64	92.78
2008-10-06T08:37:10	2698.73	976.65	-134.76	66.54	24.08	93.14
2008-10-06T08:37:12	2690.17	986.47	-135.01	66.88	24.52	93.50
2008-10-06T08:37:14	2681.61	996.27	-135.27	67.22	24.97	93.86
2008-10-06T08:37:16	2673.03	1006.08	-135.53	67.55	25.42	94.22
2008-10-06T08:37:18	2664.45	1015.88	-135.78	67.88	25.88	94.58
2008-10-06T08:37:20	2655.85	1025.68	-136.04	68.20	26.34	94.94
2008-10-06T08:37:22	2647.24	1035.47	-136.29	68.52	26.80	95.29
2008-10-06T08:37:24	2638.63	1045.26	-136.54	68.84	27.27	95.64
2008-10-06T08:37:26	2630.00	1055.05	-136.80	69.16	27.74	95.99
2008-10-06T08:37:28	2621.36	1064.83	-137.05	69.47	28.22	96.34
2008-10-06T08:37:30	2612.71	1074.61	-137.30	69.77	28.70	96.68
2008-10-06T08:37:32	2604.06	1084.38	-137.56	70.07	29.18	97.03
2008-10-06T08:37:34	2595.39	1094.15	-137.81	70.37	29.67	97.37
2008-10-06T08:37:36	2586.71	1103.91	-138.06	70.66	30.16	97.71
2008-10-06T08:37:38	2578.02	1113.67	-138.31	70.95	30.65	98.04
2008-10-06T08:37:40	2569.32	1123.43	-138.56	71.24	31.15	98.38
2008-10-06T08:37:42	2560.62	1133.18	-138.80	71.51	31.65	98.71
2008-10-06T08:37:44	2551.90	1142.93	-139.05	71.79	32.15	99.04
2008-10-06T08:37:46	2543.17	1152.67	-139.30	72.06	32.66	99.36
2008-10-06T08:37:48	2534.43	1162.41	-139.55	72.32	33.17	99.68
2008-10-06T08:37:50	2525.68	1172.14	-139.79	72.58	33.68	100.00
2008-10-06T08:37:52	2516.93	1181.87	-140.04	72.83	34.20	100.32
2008-10-06T08:37:54	2508.15	1191.60	-140.29	73.08	34.72	100.64
2008-10-06T08:37:56	2499.37	1201.31	-140.53	73.32	35.24	100.95
2008-10-06T08:37:58	2490.59	1211.03	-140.78	73.55	35.77	101.26
2008-10-06T08:38:00	2481.79	1220.74	-141.02	73.78	36.29	101.56
2008-10-06T08:38:02	2472.97	1230.44	-141.26	74.01	36.82	101.86
2008-10-06T08:38:04	2464.16	1240.14	-141.50	74.22	37.36	102.16
2008-10-06T08:38:06	2455.32	1249.83	-141.75	74.44	37.89	102.46
2008-10-06T08:38:08	2446.48	1259.52	-141.99	74.64	38.43	102.75
2008-10-06T08:38:10	2437.63	1269.21	-142.23	74.84	38.97	103.04
2008-10-06T08:38:12	2428.77	1278.88	-142.47	75.03	39.51	103.33
2008-10-06T08:38:14	2419.90	1288.56	-142.71	75.22	40.05	103.61
2008-10-06T08:38:16	2411.02	1298.22	-142.94	75.39	40.60	103.89
2008-10-06T08:38:18	2402.12	1307.89	-143.18	75.57	41.14	104.16
2008-10-06T08:38:20	2393.22	1317.54	-143.42	75.73	41.69	104.44
2008-10-06T08:38:22	2384.31	1327.19	-143.66	75.89	42.24	104.70
2008-10-06T08:38:24	2375.38	1336.84	-143.90	76.04	42.79	104.97
2008-10-06T08:38:26	2366.45	1346.48	-144.13	76.18	43.35	105.23
2008-10-06T08:38:28	2357.51	1356.11	-144.37	76.32	43.90	105.49
2008-10-06T08:38:30	2348.55	1365.74	-144.60	76.44	44.45	105.74
2008-10-06T08:38:32	2339.59	1375.36	-144.84	76.56	45.01	105.99
2008-10-06T08:38:34	2330.61	1384.98	-145.07	76.68	45.57	106.23
2008-10-06T08:38:36	2321.63	1394.58	-145.30	76.78	46.12	106.48
2008-10-06T08:38:38	2312.63	1404.19	-145.53	76.88	46.68	106.71
2008-10-06T08:38:40	2303.63	1413.78	-145.77	76.97	47.24	106.95
2008-10-06T08:38:42	2294.61	1423.38	-145.99	77.05	47.79	107.17
2008-10-06T08:38:44	2285.59	1432.96	-146.22	77.12	48.35	107.40
2008-10-06T08:38:46	2276.55	1442.54	-146.46	77.19	48.91	107.62
2008-10-06T08:38:48	2267.51	1452.11	-146.68	77.24	49.47	107.84
2008-10-06T08:38:50	2258.45	1461.67	-146.91	77.29	50.02	108.05
2008-10-06T08:38:52	2249.38	1471.23	-147.14	77.33	50.58	108.25
2008-10-06T08:38:54	2240.31	1480.79	-147.37	77.36	51.13	108.46
2008-10-06T08:38:56	2231.22	1490.33	-147.59	77.38	51.69	108.66
2008-10-06T08:38:58	2222.13	1499.87	-147.82	77.40	52.24	108.85
2008-10-06T08:39:00	2213.02	1509.40	-148.04	77.40	52.79	109.04
2008-10-06T08:39:02	2203.90	1518.93	-148.27	77.40	53.34	109.22
2008-10-06T08:39:04	2194.78	1528.45	-148.49	77.39	53.89	109.40
2008-10-06T08:39:06	2185.64	1537.96	-148.71	77.37	54.44	109.58
2008-10-06T08:39:08	2176.49	1547.46	-148.94	77.34	54.99	109.75
2008-10-06T08:39:10	2167.33	1556.96	-149.15	77.30	55.53	109.92
2008-10-06T08:39:12	2158.17	1566.45	-149.38	77.25	56.07	110.08
2008-10-06T08:39:14	2148.99	1575.93	-149.60	77.20	56.61	110.23
2008-10-06T08:39:16	2139.80	1585.41	-149.82	77.13	57.15	110.39
2008-10-06T08:39:18	2130.61	1594.87	-150.03	77.06	57.68	110.53
2008-10-06T08:39:20	2121.40	1604.33	-150.25	76.98	58.21	110.67
2008-10-06T08:39:22	2112.19	1613.79	-150.47	76.88	58.74	110.81
2008-10-06T08:39:24	2102.96	1623.23	-150.68	76.78	59.27	110.94
2008-10-06T08:39:26	2093.72	1632.67	-150.90	76.67	59.79	111.07
2008-10-06T08:39:28	2084.48	1642.10	-151.12	76.55	60.31	111.19
2008-10-06T08:39:30	2075.22	1651.52	-151.33	76.43	60.82	111.31
2008-10-06T08:39:32	2065.96	1660.94	-151.54	76.29	61.33	111.42
2008-10-06T08:39:34	2056.69	1670.35	-151.76	76.14	61.84	111.53
2008-10-06T08:39:36	2047.40	1679.75	-151.97	75.99	62.34	111.63
2008-10-06T08:39:38	2038.11	1689.14	-152.18	75.83	62.84	111.73
2008-10-06T08:39:40	2028.80	1698.52	-152.39	75.65	63.34	111.82
2008-10-06T08:39:42	2019.49	1707.90	-152.60	75.47	63.83	111.90
2008-10-06T08:39:44	2010.17	1717.27	-152.81	75.28	64.31	111.99
2008-10-06T08:39:46	2000.83	1726.63	-153.02	75.08	64.79	112.06
2008-10-06T08:39:48	1991.49	1735.98	-153.23	74.88	65.27	112.13
2008-10-06T08:39:50	1982.14	1745.32	-153.43	74.66	65.74	112.20
2008-10-06T08:39:52	1972.78	1754.66	-153.64	74.43	66.20	112.26
2008-10-06T08:39:54	1963.41	1763.98	-153.85	74.20	66.66	112.31
2008-10-06T08:39:56	1954.03	1773.30	-154.05	73.96	67.12	112.36
2008-10-06T08:39:58	1944.65	1782.61	-154.26	73.71	67.57	112.41
2008-10-06T08:40:00	1935.25	1791.91	-154.46	73.45	68.01	112.45
2008-10-06T08:40:02	1925.84	1801.20	-154.66	73.18	68.44	112.48
2008-10-06T08:40:04	1916.42	1810.49	-154.86	72.90	68.87	112.51
2008-10-06T08:40:06	1907.00	1819.76	-155.06	72.62	69.30	112.53
2008-10-06T08:40:08	1897.57	1829.03	-155.27	72.33	69.71	112.55
2008-10-06T08:40:10	1888.12	1838.29	-155.46	72.03	70.13	112.56
2008-10-06T08:40:12	1878.67	1847.54	-155.66	71.72	70.53	112.57
2008-10-06T08:40:14	1869.21	1856.78	-155.86	71.40	70.93	112.57
2008-10-06T08:40:16	1859.74	1866.01	-156.06	71.08	71.32	112.57
2008-10-06T08:40:18	1850.26	1875.24	-156.26	70.74	71.70	112.56
2008-10-06T08:40:20	1840.77	1884.45	-156.45	70.40	72.07	112.54
2008-10-06T08:40:22	1831.28	1893.65	-156.65	70.06	72.44	112.53
2008-10-06T08:40:24	1821.77	1902.85	-156.84	69.70	72.80	112.50
2008-10-06T08:40:26	1812.25	1912.04	-157.04	69.34	73.16	112.47
2008-10-06T08:40:28	1802.73	1921.21	-157.23	68.97	73.50	112.44
2008-10-06T08:40:30	1793.20	1930.38	-157.42	68.59	73.84	112.40
2008-10-06T08:40:32	1783.66	1939.54	-157.61	68.21	74.17	112.35
2008-10-06T08:40:34	1774.11	1948.69	-157.80	67.82	74.49	112.30
2008-10-06T08:40:36	1764.56	1957.83	-157.99	67.42	74.81	112.24
2008-10-06T08:40:38	1754.99	1966.96	-158.18	67.02	75.12	112.18
2008-10-06T08:40:40	1745.42	1976.09	-158.37	66.61	75.41	112.11
2008-10-06T08:40:42	1735.84	1985.20	-158.56	66.19	75.70	112.04
2008-10-06T08:40:44	1726.24	1994.30	-158.75	65.77	75.98	111.97
2008-10-06T08:40:46	1716.64	2003.40	-158.93	65.34	76.26	111.88
2008-10-06T08:40:48	1707.04	2012.48	-159.12	64.91	76.52	111.80
2008-10-06T08:40:50	1697.43	2021.55	-159.30	64.47	76.78	111.70
2008-10-06T08:40:52	1687.80	2030.62	-159.49	64.02	77.03	111.61
2008-10-06T08:40:54	1678.17	2039.67	-159.67	63.57	77.26	111.50
2008-10-06T08:40:56	1668.53	2048.72	-159.85	63.11	77.49	111.40
2008-10-06T08:40:58	1658.89	2057.76	-160.03	62.65	77.72	111.28
2008-10-06T08:41:00	1649.23	2066.78	-160.22	62.18	77.93	111.17
2008-10-06T08:41:02	1639.57	2075.80	-160.40	61.71	78.13	111.04
2008-10-06T08:41:04	1629.90	2084.81	-160.57	61.24	78.33	110.92
2008-10-06T08:41:06	1620.22	2093.80	-160.75	60.75	78.51	110.78
2008-10-06T08:41:08	1610.54	2102.79	-160.93	60.27	78.69	110.65
2008-10-06T08:41:10	1600.84	2111.77	-161.11	59.78	78.86	110.50
2008-10-06T08:41:12	1591.14	2120.73	-161.28	59.28	79.02	110.36
2008-10-06T08:41:14	1581.44	2129.69	-161.46	58.79	79.16	110.20
2008-10-06T08:41:16	1571.72	2138.64	-161.64	58.28	79.31	110.05
2008-10-06T08:41:18	1562.00	2147.58	-161.81	57.78	79.44	109.89
2008-10-06T08:41:20	1552.27	2156.50	-161.98	57.27	79.56	109.72
2008-10-06T08:41:22	1542.53	2165.42	-162.16	56.76	79.67	109.55
2008-10-06T08:41:24	1532.79	2174.33	-162.33	56.24	79.78	109.38
2008-10-06T08:41:26	1523.04	2183.23	-162.50	55.72	79.87	109.20
2008-10-06T08:41:28	1513.28	2192.11	-162.67	55.20	79.96	109.01
2008-10-06T08:41:30	1503.51	2200.99	-162.84	54.67	80.04	108.82
2008-10-06T08:41:32	1493.74	2209.86	-163.01	54.15	80.11	108.63
2008-10-06T08:41:34	1483.97	2218.70	-163.18	53.62	80.17	108.43
2008-10-06T08:41:36	1474.18	2227.56	-163.34	53.09	80.22	108.23
2008-10-06T08:41:38	1464.38	2236.40	-163.51	52.55	80.26	108.02
2008-10-06T08:41:40	1454.58	2245.22	-163.68	52.02	80.29	107.81
2008-10-06T08:41:42	1444.78	2254.04	-163.84	51.48	80.32	107.60
2008-10-06T08:41:44	1434.97	2262.84	-164.00	50.94	80.33	107.38
2008-10-06T08:41:46	1425.15	2271.64	-164.17	50.40	80.34	107.15
2008-10-06T08:41:48	1415.32	2280.42	-164.33	49.86	80.34	106.93
2008-10-06T08:41:50	1405.49	2289.20	-164.49	49.32	80.32	106.70
2008-10-06T08:41:52	1395.65	2297.97	-164.65	48.77	80.31	106.46
2008-10-06T08:41:54	1385.81	2306.72	-164.81	48.23	80.28	106.22
2008-10-06T08:41:56	1375.96	2315.46	-164.97	47.68	80.24	105.98
2008-10-06T08:41:58	1366.10	2324.20	-165.13	47.14	80.20	105.73
2008-10-06T08:42:00	1356.24	2332.92	-165.29	46.59	80.14	105.48
2008-10-06T08:42:02	1346.37	2341.63	-165.45	46.04	80.08	105.22
2008-10-06T08:42:04	1336.50	2350.33	-165.61	45.50	80.01	104.97
2008-10-06T08:42:06	1326.62	2359.03	-165.76	44.95	79.93	104.70
2008-10-06T08:42:08	1316.73	2367.71	-165.92	44.41	79.85	104.44
2008-10-06T08:42:10	1306.84	2376.38	-166.07	43.86	79.75	104.17
2008-10-06T08:42:12	1296.94	2385.04	-166.23	43.31	79.65	103.89
2008-10-06T08:42:14	1287.04	2393.69	-166.38	42.77	79.54	103.62
2008-10-06T08:42:16	1277.13	2402.33	-166.53	42.22	79.43	103.34
2008-10-06T08:42:18	1267.21	2410.96	-166.68	41.68	79.30	103.06
2008-10-06T08:42:20	1257.29	2419.58	-166.84	41.14	79.17	102.77
2008-10-06T08:42:22	1247.37	2428.19	-166.98	40.60	79.03	102.48
2008-10-06T08:42:24	1237.44	2436.79	-167.13	40.06	78.88	102.19
2008-10-06T08:42:26	1227.50	2445.38	-167.28	39.52	78.73	101.89
2008-10-06T08:42:28	1217.56	2453.95	-167.43	38.98	78.57	101.59
2008-10-06T08:42:30	1207.61	2462.52	-167.58	38.45	78.40	101.29
2008-10-06T08:42:32	1197.66	2471.08	-167.73	37.91	78.22	100.98
2008-10-06T08:42:34	1187.70	2479.62	-167.87	37.38	78.04	100.67
2008-10-06T08:42:36	1177.74	2488.16	-168.02	36.85	77.85	100.36
2008-10-06T08:42:38	1167.78	2496.68	-168.16	36.32	77.65	100.05
2008-10-06T08:42:40	1157.81	2505.20	-168.30	35.80	77.45	99.73
2008-10-06T08:42:42	1147.83	2513.70	-168.45	35.27	77.24	99.41
2008-10-06T08:42:44	1137.85	2522.20	-168.59	34.75	77.03	99.09
2008-10-06T08:42:46	1127.86	2530.68	-168.73	34.23	76.81	98.77
2008-10-06T08:42:48	1117.87	2539.15	-168.87	33.71	76.58	98.44
2008-10-06T08:42:50	1107.88	2547.62	-169.01	33.20	76.35	98.11
2008-10-06T08:42:52	1097.88	2556.07	-169.15	32.69	76.11	97.78
2008-10-06T08:42:54	1087.88	2564.51	-169.29	32.18	75.86	97.44
2008-10-06T08:42:56	1077.87	2572.95	-169.43	31.68	75.61	97.11
2008-10-06T08:42:58	1067.86	2581.37	-169.57	31.17	75.36	96.77
2008-10-06T08:43:00	1057.84	2589.78	-169.70	30.67	75.10	96.43
2008-10-06T08:43:02	1047.82	2598.18	-169.84	30.18	74.83	96.08
2008-10-06T08:43:04	1037.79	2606.57	-169.98	29.68	74.56	95.74
2008-10-06T08:43:06	1027.76	2614.95	-170.11	29.20	74.28	95.39
2008-10-06T08:43:08	1017.73	2623.32	-170.25	28.71	74.00	95.04
2008-10-06T08:43:10	1007.70	2631.68	-170.38	28.23	73.71	94.69
2008-10-06T08:43:12	997.65	2640.03	-170.51	27.75	73.42	94.34
2008-10-06T08:43:14	987.61	2648.37	-170.64	27.27	73.13	93.98
2008-10-06T08:43:16	977.56	2656.70	-170.78	26.80	72.83	93.63
2008-10-06T08:43:18	967.51	2665.02	-170.91	26.33	72.52	93.27
2008-10-06T08:43:20	957.45	2673.33	-171.04	25.86	72.22	92.91
2008-10-06T08:43:22	947.39	2681.62	-171.17	25.40	71.90	92.55
2008-10-06T08:43:24	937.33	2689.91	-171.30	24.95	71.59	92.18
2008-10-06T08:43:26	927.26	2698.19	-171.42	24.49	71.27	91.82
2008-10-06T08:43:28	917.19	2706.46	-171.55	24.04	70.94	91.45
2008-10-06T08:43:30	907.12	2714.71	-171.68	23.60	70.62	91.08
2008-10-06T08:43:32	897.04	2722.96	-171.81	23.15	70.28	90.71
2008-10-06T08:43:34	886.96	2731.20	-171.93	22.72	69.95	90.34
2008-10-06T08:43:36	876.88	2739.43	-172.06	22.28	69.61	89.97
2008-10-06T08:43:38	866.79	2747.64	-172.18	21.85	69.27	89.60
2008-10-06T08:43:40	856.70	2755.85	-172.31	21.43	68.93	89.23
2008-10-06T08:43:42	846.61	2764.05	-172.43	21.01	68.58	88.85
2008-10-06T08:43:44	836.51	2772.24	-172.55	20.59	68.23	88.48
2008-10-06T08:43:46	826.42	2780.42	-172.67	20.18	67.88	88.10
2008-10-06T08:43:48	816.31	2788.58	-172.80	19.77	67.53	87.72
2008-10-06T08:43:50	806.21	2796.74	-172.92	19.36	67.17	87.34
2008-10-06T08:43:52	796.10	2804.89	-173.04	18.96	66.81	86.96
2008-10-06T08:43:54	785.99	2813.03	-173.15	18.57	66.45	86.58
2008-10-06T08:43:56	775.88	2821.15	-173.27	18.17	66.08	86.20
2008-10-06T08:43:58	765.76	2829.27	-173.39	17.79	65.72	85.82
2008-10-06T08:44:00	755.65	2837.38	-173.51	17.40	65.35	85.44
2008-10-06T08:44:02	745.52	2845.48	-173.63	17.03	64.98	85.06
2008-10-06T08:44:04	735.40	2853.57	-173.75	16.65	64.61	84.67
2008-10-06T08:44:06	725.27	2861.65	-173.86	16.28	64.24	84.29
2008-10-06T08:44:08	715.15	2869.72	-173.97	15.91	63.86	83.91
2008-10-06T08:44:10	705.02	2877.78	-174.09	15.55	63.49	83.52
2008-10-06T08:44:12	694.88	2885.83	-174.20	15.20	63.11	83.14
2008-10-06T08:44:14	684.75	2893.87	-174.32	14.84	62.73	82.75
2008-10-06T08:44:16	674.61	2901.90	-174.43	14.49	62.35	82.37
2008-10-06T08:44:18	664.47	2909.92	-174.54	14.15	61.97	81.98
2008-10-06T08:44:20	654.33	2917.93	-174.66	13.81	61.59	81.59
2008-10-06T08:44:22	644.18	2925.93	-174.76	13.47	61.20	81.21
2008-10-06T08:44:24	634.04	2933.93	-174.87	13.14	60.82	80.82
2008-10-06T08:44:26	623.89	2941.91	-174.99	12.82	60.44	80.43
2008-10-06T08:44:28	613.74	2949.88	-175.10	12.49	60.05	80.05
2008-10-06T08:44:30	603.59	2957.85	-175.20	12.18	59.67	79.66
2008-10-06T08:44:32	593.43	2965.80	-175.31	11.86	59.28	79.28
2008-10-06T08:44:34	583.28	2973.75	-175.42	11.55	58.89	78.89
2008-10-06T08:44:36	573.12	2981.68	-175.53	11.25	58.51	78.50
2008-10-06T08:44:38	562.96	2989.61	-175.64	10.94	58.12	78.12
2008-10-06T08:44:40	552.80	2997.53	-175.74	10.65	57.73	77.73
2008-10-06T08:44:42	542.63	3005.44	-175.85	10.35	57.35	77.35
2008-10-06T08:44:44	532.47	3013.34	-175.95	10.07	56.96	76.96
2008-10-06T08:44:46	522.30	3021.23	-176.06	9.78	56.57	76.58
2008-10-06T08:44:48	512.14	3029.11	-176.16	9.50	56.19	76.19
2008-10-06T08:44:50	501.97	3036.98	-176.27	9.22	55.80	75.81
2008-10-06T08:44:52	491.80	3044.84	-176.37	8.95	55.41	75.43
2008-10-06T08:44:54	481.62	3052.70	-176.47	8.68	55.03	75.04
2008-10-06T08:44:56	471.45	3060.54	-176.57	8.42	54.64	74.66
2008-10-06T08:44:58	461.28	3068.38	-176.67	8.16	54.26	74.28
2008-10-06T08:45:00	451.10	3076.20	-176.77	7.90	53.87	73.90
2008-10-06T08:45:02	440.92	3084.02	-176.88	7.65	53.49	73.51
2008-10-06T08:45:04	430.75	3091.83	-176.98	7.40	53.10	73.13
2008-10-06T08:45:06	420.57	3099.63	-177.07	7.15	52.72	72.75
2008-10-06T08:45:08	410.38	3107.42	-177.17	6.91	52.34	72.38
2008-10-06T08:45:10	400.20	3115.20	-177.27	6.67	51.96	72.00
2008-10-06T08:45:12	390.02	3122.98	-177.37	6.44	51.58	71.62
2008-10-06T08:45:14	379.83	3130.74	-177.47	6.21	51.20	71.24
2008-10-06T08:45:16	369.65	3138.50	-177.56	5.99	50.82	70.87
2008-10-06T08:45:18	359.46	3146.25	-177.66	5.76	50.44	70.49
2008-10-06T08:45:20	349.27	3153.98	-177.76	5.54	50.07	70.12
2008-10-06T08:45:22	339.09	3161.71	-177.85	5.33	49.69	69.74
2008-10-06T08:45:24	328.90	3169.44	-177.95	5.12	49.32	69.37
2008-10-06T08:45:26	318.71	3177.15	-178.04	4.91	48.94	69.00
2008-10-06T08:45:28	308.52	3184.85	-178.13	4.71	48.57	68.63
2008-10-06T08:45:30	298.32	3192.55	-178.23	4.50	48.20	68.26
2008-10-06T08:45:32	288.13	3200.24	-178.32	4.31	47.83	67.89
2008-10-06T08:45:34	277.94	3207.91	-178.41	4.11	47.47	67.52
2008-10-06T08:45:36	267.75	3215.59	-178.51	3.92	47.10	67.15
2008-10-06T08:45:38	257.55	3223.25	-178.60	3.73	46.73	66.79
2008-10-06T08:45:40	247.36	3230.90	-178.69	3.55	46.37	66.42
2008-10-06T08:45:42	237.16	3238.55	-178.78	3.37	46.01	66.06
2008-10-06T08:45:44	226.96	3246.19	-178.87	3.19	45.65	65.70
2008-10-06T08:45:46	216.77	3253.82	-178.96	3.02	45.29	65.33
2008-10-06T08:45:48	206.57	3261.44	-179.05	2.85	44.93	64.97
2008-10-06T08:45:50	196.37	3269.05	-179.14	2.68	44.58	64.61
2008-10-06T08:45:52	186.17	3276.65	-179.23	2.51	44.22	64.26
2008-10-06T08:45:54	175.98	3284.25	-179.31	2.35	43.87	63.90
2008-10-06T08:45:56	165.78	3291.84	-179.40	2.19	43.52	63.54
2008-10-06T08:45:58	155.57	3299.42	-179.49	2.04	43.17	63.19
2008-10-06T08:46:00	145.38	3306.99	-179.57	1.88	42.82	62.84
2008-10-06T08:46:02	135.18	3314.56	-179.66	1.73	42.48	62.48
2008-10-06T08:46:04	124.97	3322.11	-179.75	1.59	42.13	62.13
2008-10-06T08:46:06	114.78	3329.66	-179.83	1.44	41.79	61.78
2008-10-06T08:46:08	104.57	3337.21	-179.92	1.30	41.45	61.43
2008-10-06T08:46:10	94.37	3344.74	-180.00	1.16	41.11	61.09
2008-10-06T08:46:12	84.17	3352.26	-180.08	1.02	40.78	60.74
2008-10-06T08:46:14	73.97	3359.78	-180.17	0.89	40.44	60.40
2008-10-06T08:46:16	63.77	3367.29	-180.25	0.76	40.11	60.05
2008-10-06T08:46:18	53.57	3374.79	-180.34	0.63	39.78	59.71
2008-10-06T08:46:20	43.36	3382.29	-180.42	0.51	39.45	59.37
2008-10-06T08:46:22	33.16	3389.77	-180.50	0.38	39.13	59.03
2008-10-06T08:46:24	22.96	3397.25	-180.58	0.26	38.80	58.70
2008-10-06T08:46:26	12.76	3404.72	-180.66	0.14	38.48	58.36
2008-10-06T08:46:28	2.56	3412.19	-180.74	0.03	38.16	58.03
2008-10-06T08:46:30	-7.65	3419.65	-180.82	-0.08	37.84	57.69
2008-10-06T08:46:32	-17.85	3427.10	-180.90	-0.20	37.52	57.36
2008-10-06T08:46:34	-28.05	3434.54	-180.98	-0.30	37.21	57.03
2008-10-06T08:46:36	-38.25	3441.97	-181.06	-0.41	36.89	56.70
2008-10-06T08:46:38	-48.45	3449.40	-181.14	-0.51	36.58	56.37
2008-10-06T08:46:40	-58.66	3456.82	-181.22	-0.62	36.27	56.05
2008-10-06T08:46:42	-68.86	3464.23	-181.30	-0.71	35.97	55.72
2008-10-06T08:46:44	-79.06	3471.64	-181.37	-0.81	35.66	55.40
2008-10-06T08:46:46	-89.26	3479.03	-181.45	-0.91	35.36	55.08
2008-10-06T08:46:48	-99.46	3486.43	-181.53	-1.00	35.06	54.76
2008-10-06T08:46:50	-109.66	3493.81	-181.61	-1.09	34.76	54.44
2008-10-06T08:46:52	-119.86	3501.19	-181.68	-1.18	34.47	54.12
2008-10-06T08:46:54	-130.06	3508.55	-181.76	-1.27	34.17	53.81
2008-10-06T08:46:56	-140.26	3515.92	-181.83	-1.35	33.88	53.49
2008-10-06T08:46:58	-150.46	3523.27	-181.91	-1.43	33.59	53.18
2008-10-06T08:47:00	-160.66	3530.62	-181.98	-1.52	33.30	52.87
2008-10-06T08:47:02	-170.86	3537.96	-182.06	-1.59	33.01	52.56
2008-10-06T08:47:04	-181.06	3545.30	-182.13	-1.67	32.73	52.25
2008-10-06T08:47:06	-191.25	3552.62	-182.20	-1.75	32.45	51.94
2008-10-06T08:47:08	-201.45	3559.94	-182.28	-1.82	32.17	51.64
2008-10-06T08:47:10	-211.65	3567.26	-182.35	-1.89	31.89	51.33
2008-10-06T08:47:12	-221.84	3574.57	-182.42	-1.96	31.61	51.03
2008-10-06T08:47:14	-232.04	3581.86	-182.49	-2.03	31.34	50.73
2008-10-06T08:47:16	-242.24	3589.16	-182.57	-2.10	31.07	50.43
2008-10-06T08:47:18	-252.44	3596.45	-182.64	-2.16	30.80	50.14
2008-10-06T08:47:20	-262.63	3603.72	-182.71	-2.23	30.53	49.84
2008-10-06T08:47:22	-272.82	3611.00	-182.78	-2.29	30.27	49.55
2008-10-06T08:47:24	-283.02	3618.26	-182.85	-2.35	30.00	49.25
2008-10-06T08:47:26	-293.21	3625.53	-182.92	-2.41	29.74	48.96
2008-10-06T08:47:28	-303.40	3632.78	-182.99	-2.46	29.48	48.67
2008-10-06T08:47:30	-313.60	3640.03	-183.06	-2.52	29.23	48.38
2008-10-06T08:47:32	-323.79	3647.27	-183.13	-2.57	28.97	48.10
2008-10-06T08:47:34	-333.98	3654.50	-183.20	-2.62	28.72	47.81
2008-10-06T08:47:36	-344.17	3661.73	-183.27	-2.68	28.47	47.53
2008-10-06T08:47:38	-354.36	3668.95	-183.33	-2.73	28.22	47.25
2008-10-06T08:47:40	-364.55	3676.16	-183.40	-2.77	27.97	46.97
2008-10-06T08:47:42	-374.74	3683.37	-183.47	-2.82	27.72	46.69
2008-10-06T08:47:44	-384.92	3690.57	-183.54	-2.87	27.48	46.41
2008-10-06T08:47:46	-395.11	3697.77	-183.61	-2.91	27.24	46.13
2008-10-06T08:47:48	-405.30	3704.96	-183.67	-2.95	27.00	45.86
2008-10-06T08:47:50	-415.48	3712.14	-183.74	-3.00	26.76	45.59
2008-10-06T08:47:52	-425.67	3719.32	-183.80	-3.04	26.53	45.31
2008-10-06T08:47:54	-435.85	3726.49	-183.87	-3.08	26.29	45.04
2008-10-06T08:47:56	-446.03	3733.65	-183.93	-3.11	26.06	44.78
2008-10-06T08:47:58	-456.21	3740.81	-184.00	-3.15	25.83	44.51
2008-10-06T08:48:00	-466.40	3747.96	-184.06	-3.19	25.61	44.24
2008-10-06T08:48:02	-476.58	3755.11	-184.13	-3.22	25.38	43.98
2008-10-06T08:48:04	-486.76	3762.25	-184.19	-3.25	25.16	43.72
2008-10-06T08:48:06	-496.94	3769.38	-184.26	-3.29	24.93	43.46
2008-10-06T08:48:08	-507.11	3776.51	-184.32	-3.32	24.71	43.20
2008-10-06T08:48:10	-517.29	3783.63	-184.38	-3.35	24.50	42.94
2008-10-06T08:48:12	-527.47	3790.75	-184.45	-3.38	24.28	42.68
2008-10-06T08:48:14	-537.65	3797.86	-184.51	-3.41	24.07	42.43
2008-10-06T08:48:16	-547.82	3804.97	-184.57	-3.43	23.85	42.18
2008-10-06T08:48:18	-558.00	3812.07	-184.63	-3.46	23.64	41.92
2008-10-06T08:48:20	-568.17	3819.16	-184.70	-3.49	23.43	41.67
2008-10-06T08:48:22	-578.34	3826.24	-184.76	-3.51	23.23	41.43
2008-10-06T08:48:24	-588.51	3833.33	-184.82	-3.53	23.02	41.18
2008-10-06T08:48:26	-598.68	3840.40	-184.88	-3.56	22.82	40.93
2008-10-06T08:48:28	-608.85	3847.47	-184.94	-3.58	22.61	40.69
2008-10-06T08:48:30	-619.02	3854.54	-185.00	-3.60	22.41	40.44
2008-10-06T08:48:32	-629.19	3861.60	-185.06	-3.62	22.22	40.20
2008-10-06T08:48:34	-639.36	3868.65	-185.12	-3.64	22.02	39.96
2008-10-06T08:48:36	-649.52	3875.70	-185.18	-3.66	21.83	39.72
2008-10-06T08:48:38	-659.69	3882.74	-185.24	-3.68	21.63	39.49
2008-10-06T08:48:40	-669.85	3889.77	-185.30	-3.69	21.44	39.25
2008-10-06T08:48:42	-680.02	3896.80	-185.36	-3.71	21.25	39.02
2008-10-06T08:48:44	-690.18	3903.83	-185.42	-3.72	21.06	38.79
2008-10-06T08:48:46	-700.34	3910.85	-185.47	-3.74	20.88	38.55
2008-10-06T08:48:48	-710.50	3917.86	-185.53	-3.75	20.69	38.32
2008-10-06T08:48:50	-720.66	3924.87	-185.59	-3.77	20.51	38.10
2008-10-06T08:48:52	-730.81	3931.88	-185.65	-3.78	20.33	37.87
2008-10-06T08:48:54	-740.97	3938.87	-185.71	-3.79	20.15	37.64
2008-10-06T08:48:56	-751.13	3945.87	-185.76	-3.80	19.97	37.42
2008-10-06T08:48:58	-761.28	3952.86	-185.82	-3.81	19.79	37.20
2008-10-06T08:49:00	-771.44	3959.84	-185.87	-3.82	19.62	36.97
2008-10-06T08:49:02	-781.59	3966.82	-185.93	-3.83	19.45	36.75
2008-10-06T08:49:04	-791.74	3973.79	-185.99	-3.84	19.27	36.53
2008-10-06T08:49:06	-801.89	3980.75	-186.04	-3.85	19.10	36.32
2008-10-06T08:49:08	-812.04	3987.72	-186.10	-3.86	18.93	36.10
2008-10-06T08:49:10	-822.19	3994.67	-186.15	-3.86	18.77	35.89
2008-10-06T08:49:12	-832.34	4001.62	-186.21	-3.87	18.60	35.67
2008-10-06T08:49:14	-842.48	4008.57	-186.26	-3.88	18.44	35.46
2008-10-06T08:49:16	-852.63	4015.51	-186.32	-3.88	18.28	35.25
2008-10-06T08:49:18	-862.77	4022.45	-186.37	-3.89	18.11	35.04
2008-10-06T08:49:20	-872.91	4029.38	-186.43	-3.89	17.95	34.83
2008-10-06T08:49:22	-883.06	4036.30	-186.48	-3.89	17.80	34.63
2008-10-06T08:49:24	-893.20	4043.22	-186.53	-3.90	17.64	34.42
2008-10-06T08:49:26	-903.34	4050.14	-186.59	-3.90	17.48	34.22
2008-10-06T08:49:28	-913.48	4057.05	-186.64	-3.90	17.33	34.01
2008-10-06T08:49:30	-923.61	4063.96	-186.69	-3.90	17.18	33.81
2008-10-06T08:49:32	-933.75	4070.86	-186.75	-3.91	17.03	33.61
2008-10-06T08:49:34	-943.88	4077.75	-186.80	-3.91	16.88	33.41
2008-10-06T08:49:36	-954.02	4084.65	-186.85	-3.91	16.73	33.22
2008-10-06T08:49:38	-964.15	4091.53	-186.90	-3.91	16.58	33.02
2008-10-06T08:49:40	-974.28	4098.41	-186.96	-3.91	16.44	32.82
2008-10-06T08:49:42	-984.41	4105.29	-187.01	-3.91	16.29	32.63
2008-10-06T08:49:44	-994.54	4112.17	-187.06	-3.91	16.15	32.44
2008-10-06T08:49:46	-1004.67	4119.03	-187.11	-3.90	16.01	32.25
2008-10-06T08:49:48	-1014.80	4125.90	-187.16	-3.90	15.87	32.06
2008-10-06T08:49:50	-1024.92	4132.75	-187.21	-3.90	15.73	31.87
2008-10-06T08:49:52	-1035.05	4139.61	-187.26	-3.90	15.59	31.68
2008-10-06T08:49:54	-1045.17	4146.46	-187.31	-3.90	15.46	31.49
2008-10-06T08:49:56	-1055.29	4153.30	-187.36	-3.89	15.32	31.31
2008-10-06T08:49:58	-1065.41	4160.14	-187.41	-3.89	15.19	31.12
2008-10-06T08:50:00	-1075.53	4166.98	-187.46	-3.89	15.06	30.94
2008-10-06T08:50:02	-1085.65	4173.81	-187.51	-3.88	14.92	30.76
2008-10-06T08:50:04	-1095.76	4180.63	-187.56	-3.88	14.79	30.58
2008-10-06T08:50:06	-1105.88	4187.45	-187.61	-3.87	14.66	30.40
2008-10-06T08:50:08	-1115.99	4194.27	-187.66	-3.87	14.54	30.22
2008-10-06T08:50:10	-1126.11	4201.08	-187.71	-3.86	14.41	30.04
2008-10-06T08:50:12	-1136.22	4207.89	-187.76	-3.86	14.29	29.87
2008-10-06T08:50:14	-1146.33	4214.69	-187.80	-3.85	14.16	29.69
2008-10-06T08:50:16	-1156.44	4221.50	-187.85	-3.85	14.04	29.52
2008-10-06T08:50:18	-1166.55	4228.29	-187.90	-3.84	13.92	29.35
2008-10-06T08:50:20	-1176.66	4235.08	-187.95	-3.83	13.80	29.17
2008-10-06T08:50:22	-1186.76	4241.87	-187.99	-3.83	13.68	29.00
2008-10-06T08:50:24	-1196.87	4248.65	-188.04	-3.82	13.56	28.84
2008-10-06T08:50:26	-1206.97	4255.43	-188.09	-3.81	13.44	28.67
2008-10-06T08:50:28	-1217.07	4262.20	-188.14	-3.81	13.33	28.50
2008-10-06T08:50:30	-1227.18	4268.97	-188.18	-3.80	13.21	28.33
2008-10-06T08:50:32	-1237.28	4275.73	-188.23	-3.79	13.10	28.17
2008-10-06T08:50:34	-1247.37	4282.50	-188.28	-3.78	12.98	28.01
2008-10-06T08:50:36	-1257.47	4289.25	-188.32	-3.77	12.87	27.84
2008-10-06T08:50:38	-1267.57	4296.00	-188.37	-3.77	12.76	27.68
2008-10-06T08:50:40	-1277.66	4302.75	-188.41	-3.76	12.65	27.52
2008-10-06T08:50:42	-1287.75	4309.49	-188.46	-3.75	12.54	27.36
2008-10-06T08:50:44	-1297.85	4316.23	-188.50	-3.74	12.44	27.20
2008-10-06T08:50:46	-1307.94	4322.97	-188.55	-3.73	12.33	27.05
2008-10-06T08:50:48	-1318.03	4329.70	-188.59	-3.72	12.22	26.89
2008-10-06T08:50:50	-1328.11	4336.43	-188.64	-3.71	12.12	26.74
2008-10-06T08:50:52	-1338.20	4343.15	-188.69	-3.70	12.01	26.58
2008-10-06T08:50:54	-1348.29	4349.87	-188.73	-3.69	11.91	26.43
2008-10-06T08:50:56	-1358.37	4356.59	-188.77	-3.68	11.81	26.28
2008-10-06T08:50:58	-1368.46	4363.30	-188.82	-3.67	11.71	26.12
2008-10-06T08:51:00	-1378.54	4370.01	-188.86	-3.66	11.61	25.97
2008-10-06T08:51:02	-1388.62	4376.71	-188.90	-3.65	11.51	25.83
2008-10-06T08:51:04	-1398.70	4383.41	-188.95	-3.64	11.41	25.68
2008-10-06T08:51:06	-1408.78	4390.11	-188.99	-3.63	11.32	25.53
2008-10-06T08:51:08	-1418.85	4396.80	-189.04	-3.62	11.22	25.38
2008-10-06T08:51:10	-1428.93	4403.49	-189.08	-3.61	11.12	25.24
2008-10-06T08:51:12	-1439.00	4410.17	-189.12	-3.60	11.03	25.09
2008-10-06T08:51:14	-1449.07	4416.85	-189.16	-3.59	10.94	24.95
2008-10-06T08:51:16	-1459.15	4423.53	-189.21	-3.58	10.84	24.81
2008-10-06T08:51:18	-1469.22	4430.20	-189.25	-3.57	10.75	24.67
2008-10-06T08:51:20	-1479.28	4436.87	-189.29	-3.55	10.66	24.53
2008-10-06T08:51:22	-1489.35	4443.53	-189.33	-3.54	10.57	24.39
2008-10-06T08:51:24	-1499.42	4450.19	-189.38	-3.53	10.48	24.25
2008-10-06T08:51:26	-1509.48	4456.85	-189.42	-3.52	10.39	24.11
2008-10-06T08:51:28	-1519.55	4463.51	-189.46	-3.51	10.31	23.97
2008-10-06T08:51:30	-1529.61	4470.16	-189.50	-3.50	10.22	23.84
2008-10-06T08:51:32	-1539.67	4476.80	-189.54	-3.49	10.13	23.70
2008-10-06T08:51:34	-1549.73	4483.45	-189.58	-3.47	10.05	23.57
2008-10-06T08:51:36	-1559.79	4490.09	-189.62	-3.46	9.97	23.44
2008-10-06T08:51:38	-1569.85	4496.72	-189.67	-3.45	9.88	23.30
2008-10-06T08:51:40	-1579.90	4503.35	-189.71	-3.44	9.80	23.17
2008-10-06T08:51:42	-1589.96	4509.98	-189.75	-3.43	9.72	23.04
2008-10-06T08:51:44	-1600.01	4516.61	-189.79	-3.41	9.64	22.91
2008-10-06T08:51:46	-1610.06	4523.23	-189.83	-3.40	9.56	22.78
2008-10-06T08:51:48	-1620.11	4529.85	-189.87	-3.39	9.48	22.65
2008-10-06T08:51:50	-1630.16	4536.46	-189.91	-3.38	9.40	22.53
2008-10-06T08:51:52	-1640.21	4543.07	-189.95	-3.36	9.32	22.40
2008-10-06T08:51:54	-1650.26	4549.68	-189.99	-3.35	9.24	22.27
2008-10-06T08:51:56	-1660.30	4556.28	-190.03	-3.34	9.17	22.15
2008-10-06T08:51:58	-1670.35	4562.88	-190.07	-3.33	9.09	22.03
2008-10-06T08:52:00	-1680.39	4569.48	-190.11	-3.32	9.02	21.90
2008-10-06T08:52:02	-1690.43	4576.07	-190.14	-3.30	8.94	21.78
2008-10-06T08:52:04	-1700.47	4582.66	-190.18	-3.29	8.87	21.66
2008-10-06T08:52:06	-1710.51	4589.24	-190.22	-3.28	8.79	21.54
2008-10-06T08:52:08	-1720.55	4595.83	-190.26	-3.26	8.72	21.42
2008-10-06T08:52:10	-1730.58	4602.41	-190.30	-3.25	8.65	21.30
2008-10-06T08:52:12	-1740.62	4608.98	-190.34	-3.24	8.58	21.18
2008-10-06T08:52:14	-1750.65	4615.56	-190.38	-3.23	8.51	21.06
2008-10-06T08:52:16	-1760.69	4622.13	-190.42	-3.21	8.44	20.95
2008-10-06T08:52:18	-1770.72	4628.69	-190.45	-3.20	8.37	20.83
2008-10-06T08:52:20	-1780.75	4635.26	-190.49	-3.19	8.30	20.72
2008-10-06T08:52:22	-1790.77	4641.81	-190.53	-3.18	8.23	20.60
2008-10-06T08:52:24	-1800.80	4648.37	-190.56	-3.16	8.17	20.49
2008-10-06T08:52:26	-1810.83	4654.92	-190.60	-3.15	8.10	20.38
2008-10-06T08:52:28	-1820.85	4661.48	-190.64	-3.14	8.03	20.26
2008-10-06T08:52:30	-1830.88	4668.02	-190.68	-3.13	7.97	20.15
2008-10-06T08:52:32	-1840.90	4674.56	-190.71	-3.11	7.90	20.04
2008-10-06T08:52:34	-1850.92	4681.11	-190.75	-3.10	7.84	19.93
2008-10-06T08:52:36	-1860.94	4687.64	-190.79	-3.09	7.78	19.82
2008-10-06T08:52:38	-1870.96	4694.18	-190.83	-3.07	7.71	19.71
2008-10-06T08:52:40	-1880.97	4700.71	-190.86	-3.06	7.65	19.61
2008-10-06T08:52:42	-1890.99	4707.23	-190.90	-3.05	7.59	19.50
2008-10-06T08:52:44	-1901.00	4713.76	-190.93	-3.04	7.53	19.39
2008-10-06T08:52:46	-1911.02	4720.28	-190.97	-3.02	7.47	19.29
2008-10-06T08:52:48	-1921.03	4726.80	-191.01	-3.01	7.41	19.18
2008-10-06T08:52:50	-1931.04	4733.31	-191.04	-3.00	7.35	19.08
2008-10-06T08:52:52	-1941.04	4739.82	-191.08	-2.98	7.29	18.97
2008-10-06T08:52:54	-1951.05	4746.33	-191.11	-2.97	7.23	18.87
2008-10-06T08:52:56	-1961.06	4752.84	-191.15	-2.96	7.17	18.77
2008-10-06T08:52:58	-1971.06	4759.34	-191.18	-2.95	7.11	18.67
2008-10-06T08:53:00	-1981.07	4765.84	-191.22	-2.93	7.06	18.57
2008-10-06T08:53:02	-1991.07	4772.34	-191.25	-2.92	7.00	18.46
2008-10-06T08:53:04	-2001.07	4778.84	-191.29	-2.91	6.95	18.37
2008-10-06T08:53:06	-2011.07	4785.33	-191.32	-2.90	6.89	18.27
2008-10-06T08:53:08	-2021.07	4791.81	-191.36	-2.88	6.83	18.17
2008-10-06T08:53:10	-2031.07	4798.30	-191.39	-2.87	6.78	18.07
2008-10-06T08:53:12	-2041.06	4804.78	-191.43	-2.86	6.73	17.97
2008-10-06T08:53:14	-2051.06	4811.26	-191.46	-2.84	6.67	17.88
2008-10-06T08:53:16	-2061.05	4817.73	-191.50	-2.83	6.62	17.78
2008-10-06T08:53:18	-2071.04	4824.21	-191.53	-2.82	6.57	17.69
2008-10-06T08:53:20	-2081.03	4830.68	-191.56	-2.81	6.52	17.59
2008-10-06T08:53:22	-2091.02	4837.15	-191.60	-2.79	6.47	17.50
2008-10-06T08:53:24	-2101.01	4843.61	-191.63	-2.78	6.41	17.40
2008-10-06T08:53:26	-2111.00	4850.07	-191.67	-2.77	6.36	17.31
2008-10-06T08:53:28	-2120.98	4856.53	-191.70	-2.76	6.31	17.22
2008-10-06T08:53:30	-2130.97	4862.99	-191.73	-2.74	6.26	17.13
2008-10-06T08:53:32	-2140.95	4869.44	-191.77	-2.73	6.22	17.04
2008-10-06T08:53:34	-2150.94	4875.89	-191.80	-2.72	6.17	16.95
2008-10-06T08:53:36	-2160.92	4882.34	-191.83	-2.71	6.12	16.86
2008-10-06T08:53:38	-2170.89	4888.78	-191.86	-2.70	6.07	16.77
2008-10-06T08:53:40	-2180.87	4895.23	-191.90	-2.68	6.02	16.68
2008-10-06T08:53:42	-2190.85	4901.66	-191.93	-2.67	5.98	16.59
2008-10-06T08:53:44	-2200.82	4908.10	-191.96	-2.66	5.93	16.50
2008-10-06T08:53:46	-2210.80	4914.54	-192.00	-2.65	5.88	16.42
2008-10-06T08:53:48	-2220.77	4920.97	-192.03	-2.63	5.84	16.33
2008-10-06T08:53:50	-2230.74	4927.40	-192.06	-2.62	5.79	16.24
2008-10-06T08:53:52	-2240.71	4933.82	-192.09	-2.61	5.75	16.16
2008-10-06T08:53:54	-2250.68	4940.25	-192.13	-2.60	5.70	16.07
