Time	POS_X	POS_Y	POS_Z	B_X	B_Y	B_Z
2021-10-01T23:23:36	4868.82	-2409.96	-87.23	79.33	-10.95	-1.75
2021-10-01T23:23:38	4860.77	-2398.42	-90.39	79.38	-11.00	-1.78
2021-10-01T23:23:40	4852.72	-2386.89	-93.55	79.35	-11.01	-1.85
2021-10-01T23:23:42	4844.66	-2375.35	-96.71	79.32	-11.02	-1.91
2021-10-01T23:23:44	4836.60	-2363.82	-99.87	79.29	-11.05	-1.96
2021-10-01T23:23:46	4828.54	-2352.28	-103.02	79.25	-11.08	-2.00
2021-10-01T23:23:48	4820.48	-2340.74	-106.18	79.22	-11.15	-1.99
2021-10-01T23:23:50	4812.41	-2329.19	-109.34	79.18	-11.26	-1.92
2021-10-01T23:23:52	4804.35	-2317.65	-112.50	79.18	-11.36	-1.86
2021-10-01T23:23:54	4796.28	-2306.11	-115.65	79.20	-11.47	-1.82
2021-10-01T23:23:56	4788.20	-2294.56	-118.81	79.28	-11.56	-1.80
2021-10-01T23:23:58	4780.13	-2283.02	-121.97	79.36	-11.62	-1.73
2021-10-01T23:24:00	4772.05	-2271.47	-125.12	79.43	-11.65	-1.64
2021-10-01T23:24:02	4763.97	-2259.92	-128.28	79.49	-11.68	-1.56
2021-10-01T23:24:04	4755.88	-2248.37	-131.44	79.53	-11.73	-1.48
2021-10-01T23:24:06	4747.79	-2236.81	-134.59	79.57	-11.79	-1.41
2021-10-01T23:24:08	4739.70	-2225.26	-137.75	79.62	-11.90	-1.36
2021-10-01T23:24:10	4731.61	-2213.71	-140.91	79.67	-12.01	-1.32
2021-10-01T23:24:12	4723.51	-2202.15	-144.06	79.72	-12.11	-1.29
2021-10-01T23:24:14	4715.41	-2190.59	-147.22	79.75	-12.20	-1.25
2021-10-01T23:24:16	4707.31	-2179.03	-150.37	79.78	-12.28	-1.21
2021-10-01T23:24:18	4699.21	-2167.47	-153.53	79.82	-12.35	-1.13
2021-10-01T23:24:20	4691.10	-2155.91	-156.69	79.86	-12.41	-1.04
2021-10-01T23:24:22	4682.98	-2144.35	-159.84	79.90	-12.47	-0.96
2021-10-01T23:24:24	4674.87	-2132.78	-163.00	79.94	-12.53	-0.87
2021-10-01T23:24:26	4666.75	-2121.21	-166.15	79.97	-12.59	-0.79
2021-10-01T23:24:28	4658.63	-2109.65	-169.31	80.02	-12.65	-0.70
2021-10-01T23:24:30	4650.51	-2098.08	-172.46	80.07	-12.70	-0.60
2021-10-01T23:24:32	4642.39	-2086.51	-175.62	80.12	-12.76	-0.49
2021-10-01T23:24:34	4634.26	-2074.93	-178.77	80.18	-12.81	-0.38
2021-10-01T23:24:36	4626.13	-2063.36	-181.93	80.24	-12.86	-0.27
2021-10-01T23:24:38	4617.99	-2051.79	-185.09	80.29	-12.91	-0.18
2021-10-01T23:24:40	4609.85	-2040.21	-188.24	80.34	-12.96	-0.09
2021-10-01T23:24:42	4601.71	-2028.63	-191.40	80.39	-13.01	0.01
2021-10-01T23:24:44	4593.57	-2017.05	-194.55	80.43	-13.06	0.11
2021-10-01T23:24:46	4585.42	-2005.47	-197.70	80.47	-13.13	0.20
2021-10-01T23:24:48	4577.27	-1993.89	-200.86	80.52	-13.20	0.28
2021-10-01T23:24:50	4569.11	-1982.31	-204.01	80.57	-13.26	0.36
2021-10-01T23:24:52	4560.96	-1970.72	-207.17	80.62	-13.33	0.44
2021-10-01T23:24:54	4552.79	-1959.14	-210.32	80.67	-13.39	0.53
2021-10-01T23:24:56	4544.63	-1947.55	-213.47	80.72	-13.45	0.62
2021-10-01T23:24:58	4536.46	-1935.96	-216.63	80.78	-13.51	0.71
2021-10-01T23:25:00	4528.29	-1924.37	-219.78	80.86	-13.56	0.80
2021-10-01T23:25:02	4520.12	-1912.78	-222.93	80.95	-13.60	0.88
2021-10-01T23:25:04	4511.94	-1901.18	-226.09	81.04	-13.65	0.97
2021-10-01T23:25:06	4503.76	-1889.59	-229.24	81.13	-13.69	1.05
2021-10-01T23:25:08	4495.58	-1877.99	-232.39	81.22	-13.73	1.13
2021-10-01T23:25:10	4487.39	-1866.40	-235.55	81.30	-13.77	1.20
2021-10-01T23:25:12	4479.20	-1854.79	-238.70	81.37	-13.81	1.27
2021-10-01T23:25:14	4471.00	-1843.19	-241.85	81.45	-13.86	1.35
2021-10-01T23:25:16	4462.81	-1831.59	-245.00	81.53	-13.91	1.44
2021-10-01T23:25:18	4454.61	-1819.99	-248.15	81.62	-13.96	1.52
2021-10-01T23:25:20	4446.40	-1808.38	-251.31	81.71	-14.01	1.61
2021-10-01T23:25:22	4438.19	-1796.78	-254.46	81.80	-14.05	1.70
2021-10-01T23:25:24	4429.98	-1785.17	-257.61	81.89	-14.10	1.79
2021-10-01T23:25:26	4421.77	-1773.56	-260.76	81.99	-14.14	1.88
2021-10-01T23:25:28	4413.55	-1761.95	-263.91	82.08	-14.19	2.00
2021-10-01T23:25:30	4405.33	-1750.33	-267.06	82.17	-14.23	2.13
2021-10-01T23:25:32	4397.10	-1738.72	-270.21	82.26	-14.27	2.24
2021-10-01T23:25:34	4388.87	-1727.11	-273.36	82.35	-14.31	2.36
2021-10-01T23:25:36	4380.64	-1715.49	-276.51	82.43	-14.36	2.46
2021-10-01T23:25:38	4372.40	-1703.87	-279.66	82.50	-14.43	2.56
2021-10-01T23:25:40	4364.16	-1692.25	-282.81	82.57	-14.50	2.66
2021-10-01T23:25:42	4355.92	-1680.63	-285.96	82.65	-14.56	2.76
2021-10-01T23:25:44	4347.67	-1669.01	-289.11	82.73	-14.62	2.86
2021-10-01T23:25:46	4339.42	-1657.38	-292.26	82.81	-14.67	2.95
2021-10-01T23:25:48	4331.17	-1645.76	-295.41	82.87	-14.72	3.01
2021-10-01T23:25:50	4322.91	-1634.13	-298.55	82.93	-14.78	3.08
2021-10-01T23:25:52	4314.65	-1622.50	-301.70	82.99	-14.85	3.14
2021-10-01T23:25:54	4306.38	-1610.87	-304.85	83.05	-14.91	3.20
2021-10-01T23:25:56	4298.11	-1599.24	-308.00	83.10	-14.97	3.27
2021-10-01T23:25:58	4289.83	-1587.60	-311.14	83.15	-15.03	3.35
2021-10-01T23:26:00	4281.56	-1575.97	-314.29	83.21	-15.08	3.43
2021-10-01T23:26:02	4273.28	-1564.33	-317.44	83.27	-15.13	3.50
2021-10-01T23:26:04	4264.99	-1552.70	-320.58	83.34	-15.18	3.58
2021-10-01T23:26:06	4256.70	-1541.06	-323.73	83.40	-15.21	3.63
2021-10-01T23:26:08	4248.41	-1529.42	-326.87	83.45	-15.24	3.67
2021-10-01T23:26:10	4240.11	-1517.78	-330.02	83.49	-15.26	3.72
2021-10-01T23:26:12	4231.81	-1506.13	-333.16	83.55	-15.29	3.77
2021-10-01T23:26:14	4223.50	-1494.49	-336.31	83.61	-15.32	3.82
2021-10-01T23:26:16	4215.19	-1482.84	-339.45	83.67	-15.35	3.88
2021-10-01T23:26:18	4206.88	-1471.19	-342.60	83.73	-15.39	3.96
2021-10-01T23:26:20	4198.56	-1459.54	-345.74	83.80	-15.43	4.04
2021-10-01T23:26:22	4190.24	-1447.89	-348.89	83.87	-15.46	4.13
2021-10-01T23:26:24	4181.91	-1436.24	-352.03	83.92	-15.48	4.23
2021-10-01T23:26:26	4173.58	-1424.58	-355.17	83.96	-15.50	4.33
2021-10-01T23:26:28	4165.25	-1412.93	-358.31	84.01	-15.51	4.41
2021-10-01T23:26:30	4156.91	-1401.27	-361.45	84.06	-15.52	4.50
2021-10-01T23:26:32	4148.56	-1389.61	-364.60	84.13	-15.54	4.58
2021-10-01T23:26:34	4140.22	-1377.95	-367.74	84.20	-15.56	4.66
2021-10-01T23:26:36	4131.86	-1366.29	-370.88	84.27	-15.57	4.73
2021-10-01T23:26:38	4123.51	-1354.63	-374.02	84.34	-15.59	4.81
2021-10-01T23:26:40	4115.15	-1342.97	-377.16	84.41	-15.60	4.89
2021-10-01T23:26:42	4106.78	-1331.30	-380.30	84.48	-15.62	4.98
2021-10-01T23:26:44	4098.41	-1319.63	-383.44	84.55	-15.64	5.07
2021-10-01T23:26:46	4090.04	-1307.96	-386.57	84.65	-15.66	5.17
2021-10-01T23:26:48	4081.66	-1296.29	-389.71	84.75	-15.68	5.26
2021-10-01T23:26:50	4073.28	-1284.62	-392.85	84.86	-15.70	5.35
2021-10-01T23:26:52	4064.89	-1272.95	-395.99	84.98	-15.71	5.45
2021-10-01T23:26:54	4056.50	-1261.28	-399.13	85.09	-15.72	5.56
2021-10-01T23:26:56	4048.10	-1249.60	-402.26	85.20	-15.74	5.66
2021-10-01T23:26:58	4039.70	-1237.92	-405.40	85.32	-15.75	5.75
2021-10-01T23:27:00	4031.30	-1226.24	-408.53	85.46	-15.77	5.84
2021-10-01T23:27:02	4022.89	-1214.56	-411.67	85.60	-15.79	5.93
2021-10-01T23:27:04	4014.47	-1202.88	-414.80	85.72	-15.81	6.02
2021-10-01T23:27:06	4006.05	-1191.20	-417.94	85.83	-15.82	6.12
2021-10-01T23:27:08	3997.63	-1179.51	-421.07	85.94	-15.82	6.22
2021-10-01T23:27:10	3989.20	-1167.83	-424.21	86.05	-15.82	6.33
2021-10-01T23:27:12	3980.77	-1156.14	-427.34	86.17	-15.81	6.44
2021-10-01T23:27:14	3972.33	-1144.45	-430.47	86.30	-15.80	6.55
2021-10-01T23:27:16	3963.88	-1132.76	-433.60	86.44	-15.80	6.64
2021-10-01T23:27:18	3955.44	-1121.07	-436.73	86.59	-15.81	6.74
2021-10-01T23:27:20	3946.98	-1109.38	-439.86	86.73	-15.82	6.84
2021-10-01T23:27:22	3938.53	-1097.68	-442.99	86.88	-15.84	6.95
2021-10-01T23:27:24	3930.06	-1085.99	-446.12	87.01	-15.84	7.04
2021-10-01T23:27:26	3921.59	-1074.29	-449.25	87.16	-15.83	7.12
2021-10-01T23:27:28	3913.12	-1062.59	-452.38	87.31	-15.81	7.21
2021-10-01T23:27:30	3904.64	-1050.89	-455.51	87.47	-15.78	7.30
2021-10-01T23:27:32	3896.16	-1039.19	-458.63	87.64	-15.75	7.42
2021-10-01T23:27:34	3887.67	-1027.48	-461.76	87.82	-15.72	7.53
2021-10-01T23:27:36	3879.18	-1015.78	-464.89	88.00	-15.70	7.64
2021-10-01T23:27:38	3870.68	-1004.07	-468.01	88.19	-15.67	7.74
2021-10-01T23:27:40	3862.18	-992.37	-471.14	88.38	-15.64	7.85
2021-10-01T23:27:42	3853.67	-980.66	-474.26	88.58	-15.61	7.95
2021-10-01T23:27:44	3845.15	-968.95	-477.38	88.77	-15.58	8.07
2021-10-01T23:27:46	3836.63	-957.23	-480.51	88.97	-15.56	8.21
2021-10-01T23:27:48	3828.11	-945.52	-483.63	89.18	-15.53	8.36
2021-10-01T23:27:50	3819.58	-933.81	-486.75	89.40	-15.49	8.50
2021-10-01T23:27:52	3811.04	-922.09	-489.87	89.62	-15.45	8.65
2021-10-01T23:27:54	3802.50	-910.38	-492.99	89.83	-15.40	8.79
2021-10-01T23:27:56	3793.96	-898.66	-496.11	90.03	-15.34	8.94
2021-10-01T23:27:58	3785.41	-886.94	-499.23	90.22	-15.29	9.11
2021-10-01T23:28:00	3776.85	-875.22	-502.34	90.42	-15.24	9.29
2021-10-01T23:28:02	3768.28	-863.49	-505.46	90.63	-15.20	9.47
2021-10-01T23:28:04	3759.72	-851.77	-508.58	90.85	-15.13	9.65
2021-10-01T23:28:06	3751.14	-840.05	-511.69	91.07	-15.06	9.82
2021-10-01T23:28:08	3742.56	-828.32	-514.81	91.31	-14.99	10.00
2021-10-01T23:28:10	3733.98	-816.59	-517.92	91.57	-14.91	10.18
2021-10-01T23:28:12	3725.39	-804.87	-521.04	91.79	-14.84	10.34
2021-10-01T23:28:14	3716.79	-793.13	-524.15	92.00	-14.77	10.49
2021-10-01T23:28:16	3708.19	-781.41	-527.26	92.23	-14.69	10.65
2021-10-01T23:28:18	3699.58	-769.67	-530.37	92.46	-14.61	10.82
2021-10-01T23:28:20	3690.97	-757.94	-533.48	92.70	-14.54	11.01
2021-10-01T23:28:22	3682.35	-746.20	-536.59	92.95	-14.46	11.20
2021-10-01T23:28:24	3673.72	-734.47	-539.70	93.24	-14.34	11.40
2021-10-01T23:28:26	3665.09	-722.73	-542.80	93.56	-14.22	11.60
2021-10-01T23:28:28	3656.45	-710.99	-545.91	93.86	-14.10	11.80
2021-10-01T23:28:30	3647.80	-699.25	-549.02	94.16	-13.98	12.00
2021-10-01T23:28:32	3639.16	-687.51	-552.12	94.45	-13.86	12.19
2021-10-01T23:28:34	3630.50	-675.77	-555.22	94.69	-13.74	12.39
2021-10-01T23:28:36	3621.84	-664.02	-558.33	94.92	-13.61	12.58
2021-10-01T23:28:38	3613.17	-652.28	-561.43	95.17	-13.50	12.81
2021-10-01T23:28:40	3604.49	-640.53	-564.53	95.45	-13.39	13.05
2021-10-01T23:28:42	3595.82	-628.79	-567.63	95.73	-13.27	13.29
2021-10-01T23:28:44	3587.13	-617.04	-570.73	96.03	-13.15	13.56
2021-10-01T23:28:46	3578.44	-605.29	-573.83	96.34	-13.03	13.84
2021-10-01T23:28:48	3569.74	-593.54	-576.92	96.66	-12.91	14.13
2021-10-01T23:28:50	3561.03	-581.79	-580.02	96.98	-12.78	14.42
2021-10-01T23:28:52	3552.32	-570.04	-583.11	97.24	-12.62	14.70
2021-10-01T23:28:54	3543.60	-558.28	-586.21	97.49	-12.46	14.98
2021-10-01T23:28:56	3534.88	-546.53	-589.30	97.75	-12.30	15.25
2021-10-01T23:28:58	3526.14	-534.77	-592.39	98.01	-12.15	15.53
2021-10-01T23:29:00	3517.41	-523.02	-595.48	98.28	-12.01	15.80
2021-10-01T23:29:02	3508.66	-511.26	-598.57	98.55	-11.86	16.06
2021-10-01T23:29:04	3499.91	-499.50	-601.66	98.87	-11.72	16.30
2021-10-01T23:29:06	3491.15	-487.74	-604.74	99.21	-11.57	16.53
2021-10-01T23:29:08	3482.39	-475.98	-607.83	99.53	-11.42	16.77
2021-10-01T23:29:10	3473.62	-464.22	-610.92	99.85	-11.27	17.01
2021-10-01T23:29:12	3464.84	-452.46	-614.00	100.17	-11.09	17.27
2021-10-01T23:29:14	3456.06	-440.69	-617.08	100.50	-10.91	17.54
2021-10-01T23:29:16	3447.26	-428.93	-620.16	100.83	-10.72	17.81
2021-10-01T23:29:18	3438.47	-417.16	-623.24	101.20	-10.54	18.11
2021-10-01T23:29:20	3429.66	-405.40	-626.32	101.59	-10.36	18.40
2021-10-01T23:29:22	3420.85	-393.63	-629.40	101.99	-10.14	18.73
2021-10-01T23:29:24	3412.03	-381.86	-632.47	102.39	-9.91	19.07
2021-10-01T23:29:26	3403.20	-370.10	-635.55	102.78	-9.71	19.42
2021-10-01T23:29:28	3394.37	-358.33	-638.62	103.18	-9.50	19.77
2021-10-01T23:29:30	3385.53	-346.56	-641.69	103.59	-9.27	20.14
2021-10-01T23:29:32	3376.68	-334.79	-644.77	103.97	-9.01	20.54
2021-10-01T23:29:34	3367.82	-323.01	-647.83	104.36	-8.75	20.94
2021-10-01T23:29:36	3358.96	-311.24	-650.90	104.76	-8.48	21.33
2021-10-01T23:29:38	3350.09	-299.47	-653.97	105.17	-8.22	21.71
2021-10-01T23:29:40	3341.22	-287.70	-657.03	105.59	-7.95	22.09
2021-10-01T23:29:42	3332.33	-275.92	-660.10	106.01	-7.72	22.46
2021-10-01T23:29:44	3323.44	-264.15	-663.16	106.47	-7.51	22.87
2021-10-01T23:29:46	3314.54	-252.37	-666.22	106.95	-7.29	23.29
2021-10-01T23:29:48	3305.64	-240.59	-669.28	107.44	-7.08	23.70
2021-10-01T23:29:50	3296.72	-228.82	-672.33	107.95	-6.86	24.12
2021-10-01T23:29:52	3287.80	-217.04	-675.39	108.47	-6.63	24.53
2021-10-01T23:29:54	3278.87	-205.26	-678.44	108.98	-6.40	24.93
2021-10-01T23:29:56	3269.94	-193.48	-681.50	109.45	-6.16	25.32
2021-10-01T23:29:58	3260.99	-181.70	-684.55	109.90	-5.91	25.72
2021-10-01T23:30:00	3252.04	-169.92	-687.60	110.38	-5.66	26.09
2021-10-01T23:30:02	3243.08	-158.15	-690.65	110.90	-5.37	26.41
2021-10-01T23:30:04	3234.11	-146.37	-693.69	111.43	-5.06	26.74
2021-10-01T23:30:06	3225.14	-134.59	-696.74	111.97	-4.74	27.09
2021-10-01T23:30:08	3216.15	-122.81	-699.78	112.53	-4.43	27.45
2021-10-01T23:30:10	3207.17	-111.02	-702.82	113.10	-4.16	27.80
2021-10-01T23:30:12	3198.16	-99.24	-705.86	113.62	-3.90	28.12
2021-10-01T23:30:14	3189.16	-87.46	-708.90	114.14	-3.63	28.43
2021-10-01T23:30:16	3180.14	-75.68	-711.93	114.65	-3.34	28.72
2021-10-01T23:30:18	3171.12	-63.89	-714.97	115.16	-3.04	29.01
2021-10-01T23:30:20	3162.09	-52.11	-718.00	115.85	-2.78	29.29
2021-10-01T23:30:22	3153.05	-40.33	-721.03	116.65	-2.53	29.58
2021-10-01T23:30:24	3144.00	-28.55	-724.06	117.44	-2.27	29.87
2021-10-01T23:30:26	3134.95	-16.76	-727.09	118.23	-2.01	30.16
2021-10-01T23:30:28	3125.88	-4.98	-730.11	119.02	-1.74	30.44
2021-10-01T23:30:30	3116.81	6.80	-733.13	119.73	-1.50	30.67
2021-10-01T23:30:32	3107.73	18.59	-736.15	120.43	-1.27	30.89
2021-10-01T23:30:34	3098.64	30.37	-739.17	121.19	-1.06	31.11
2021-10-01T23:30:36	3089.55	42.15	-742.19	122.01	-0.83	31.32
2021-10-01T23:30:38	3080.44	53.93	-745.20	122.86	-0.60	31.52
2021-10-01T23:30:40	3071.33	65.72	-748.22	123.22	-0.09	31.52
2021-10-01T23:30:42	3062.20	77.50	-751.23	123.58	0.43	31.50
2021-10-01T23:30:44	3053.07	89.28	-754.24	123.96	0.94	31.47
2021-10-01T23:30:46	3043.93	101.06	-757.24	124.35	1.46	31.44
2021-10-01T23:30:48	3034.78	112.85	-760.25	124.81	1.96	31.41
2021-10-01T23:30:50	3025.63	124.63	-763.25	125.92	2.36	31.39
2021-10-01T23:30:52	3016.46	136.41	-766.25	127.07	2.76	31.41
2021-10-01T23:30:54	3007.29	148.19	-769.24	128.26	3.14	31.44
2021-10-01T23:30:56	2998.10	159.97	-772.24	129.50	3.51	31.50
2021-10-01T23:30:58	2988.91	171.75	-775.23	130.56	3.90	31.54
2021-10-01T23:31:00	2979.71	183.53	-778.22	130.98	4.36	31.40
2021-10-01T23:31:02	2970.50	195.31	-781.21	131.40	4.85	31.22
2021-10-01T23:31:04	2961.28	207.09	-784.20	131.81	5.34	31.00
2021-10-01T23:31:06	2952.05	218.87	-787.18	132.22	5.85	30.74
2021-10-01T23:31:08	2942.82	230.64	-790.16	132.81	6.36	30.57
2021-10-01T23:31:10	2933.57	242.42	-793.14	133.61	6.91	30.57
2021-10-01T23:31:12	2924.32	254.20	-796.12	134.43	7.48	30.63
2021-10-01T23:31:14	2915.05	265.97	-799.09	135.29	8.06	30.70
2021-10-01T23:31:16	2905.78	277.75	-802.06	136.20	8.66	30.77
2021-10-01T23:31:18	2896.50	289.52	-805.03	137.01	9.23	30.95
2021-10-01T23:31:20	2887.21	301.29	-808.00	137.71	9.79	31.17
2021-10-01T23:31:22	2877.90	313.06	-810.96	138.41	10.35	31.38
2021-10-01T23:31:24	2868.59	324.83	-813.92	139.04	10.93	31.56
2021-10-01T23:31:26	2859.27	336.60	-816.88	139.64	11.52	31.75
2021-10-01T23:31:28	2849.95	348.37	-819.84	140.16	12.04	31.99
2021-10-01T23:31:30	2840.61	360.14	-822.79	140.67	12.54	32.26
2021-10-01T23:31:32	2831.26	371.90	-825.74	141.17	13.07	32.54
2021-10-01T23:31:34	2821.90	383.67	-828.69	141.68	13.60	32.83
2021-10-01T23:31:36	2812.54	395.44	-831.63	142.30	14.09	33.10
2021-10-01T23:31:38	2803.16	407.20	-834.57	143.13	14.71	33.30
2021-10-01T23:31:40	2793.77	418.96	-837.51	143.93	15.39	33.52
2021-10-01T23:31:42	2784.38	430.72	-840.45	144.67	16.12	33.76
2021-10-01T23:31:44	2774.97	442.48	-843.38	145.35	16.88	34.04
2021-10-01T23:31:46	2765.56	454.23	-846.31	146.00	17.69	34.35
2021-10-01T23:31:48	2756.14	465.99	-849.24	146.65	18.38	34.40
2021-10-01T23:31:50	2746.70	477.74	-852.16	147.41	19.07	34.40
2021-10-01T23:31:52	2737.26	489.49	-855.08	148.15	19.78	34.35
2021-10-01T23:31:54	2727.80	501.24	-858.00	148.86	20.50	34.23
2021-10-01T23:31:56	2718.34	512.99	-860.91	149.53	21.23	34.06
2021-10-01T23:31:58	2708.87	524.74	-863.83	150.07	21.82	34.02
2021-10-01T23:32:00	2699.38	536.48	-866.73	150.54	22.41	34.02
2021-10-01T23:32:02	2689.89	548.23	-869.64	151.00	23.05	34.09
2021-10-01T23:32:04	2680.39	559.97	-872.54	151.52	23.73	34.18
2021-10-01T23:32:06	2670.88	571.70	-875.44	152.11	24.43	34.33
2021-10-01T23:32:08	2661.35	583.44	-878.34	152.89	25.14	34.61
2021-10-01T23:32:10	2651.82	595.18	-881.23	153.76	25.83	34.88
2021-10-01T23:32:12	2642.28	606.91	-884.12	154.59	26.49	35.07
2021-10-01T23:32:14	2632.73	618.64	-887.00	155.19	27.13	35.21
2021-10-01T23:32:16	2623.16	630.37	-889.89	155.61	27.77	35.31
2021-10-01T23:32:18	2613.59	642.09	-892.76	155.94	28.40	35.38
2021-10-01T23:32:20	2604.01	653.82	-895.64	156.30	29.07	35.48
2021-10-01T23:32:22	2594.42	665.53	-898.51	156.72	29.78	35.62
2021-10-01T23:32:24	2584.81	677.25	-901.38	157.48	30.48	35.76
2021-10-01T23:32:26	2575.20	688.97	-904.25	158.44	31.12	35.84
2021-10-01T23:32:28	2565.58	700.68	-907.11	159.28	31.74	35.90
2021-10-01T23:32:30	2555.94	712.39	-909.96	159.90	32.38	35.94
2021-10-01T23:32:32	2546.30	724.10	-912.82	160.31	33.04	35.98
2021-10-01T23:32:34	2536.65	735.80	-915.67	160.51	33.73	36.00
2021-10-01T23:32:36	2526.98	747.50	-918.52	161.08	34.51	36.17
2021-10-01T23:32:38	2517.31	759.20	-921.36	162.04	35.25	36.37
2021-10-01T23:32:40	2507.62	770.89	-924.20	162.96	35.96	36.49
2021-10-01T23:32:42	2497.93	782.59	-927.03	163.83	36.63	36.54
2021-10-01T23:32:44	2488.23	794.27	-929.87	164.65	37.26	36.53
2021-10-01T23:32:46	2478.51	805.96	-932.69	165.17	37.82	36.56
2021-10-01T23:32:48	2468.79	817.64	-935.52	165.29	38.47	36.74
2021-10-01T23:32:50	2459.05	829.32	-938.34	165.52	39.20	36.99
2021-10-01T23:32:52	2449.31	840.99	-941.15	165.93	39.96	37.25
2021-10-01T23:32:54	2439.55	852.67	-943.97	166.51	40.72	37.51
2021-10-01T23:32:56	2429.78	864.34	-946.77	167.17	41.39	37.72
2021-10-01T23:32:58	2420.01	876.00	-949.58	167.78	42.00	37.85
2021-10-01T23:33:00	2410.22	887.66	-952.38	168.14	42.65	37.97
2021-10-01T23:33:02	2400.42	899.32	-955.17	168.47	43.38	38.16
2021-10-01T23:33:04	2390.61	910.97	-957.97	168.82	44.18	38.42
2021-10-01T23:33:06	2380.80	922.62	-960.75	169.28	45.06	38.69
2021-10-01T23:33:08	2370.97	934.26	-963.54	169.87	45.91	38.92
2021-10-01T23:33:10	2361.13	945.91	-966.32	170.56	46.72	39.10
2021-10-01T23:33:12	2351.28	957.54	-969.09	170.98	47.50	39.24
2021-10-01T23:33:14	2341.42	969.18	-971.86	171.27	48.34	39.46
2021-10-01T23:33:16	2331.55	980.80	-974.63	171.51	49.24	39.68
2021-10-01T23:33:18	2321.67	992.43	-977.39	171.91	50.16	39.93
2021-10-01T23:33:20	2311.79	1004.05	-980.15	172.48	51.09	40.20
2021-10-01T23:33:22	2301.89	1015.66	-982.90	173.15	52.00	40.44
2021-10-01T23:33:24	2291.97	1027.28	-985.65	173.57	52.78	40.52
2021-10-01T23:33:26	2282.05	1038.88	-988.40	173.70	53.48	40.58
2021-10-01T23:33:28	2272.12	1050.49	-991.14	173.79	54.26	40.71
2021-10-01T23:33:30	2262.18	1062.08	-993.87	173.87	55.11	40.90
2021-10-01T23:33:32	2252.23	1073.67	-996.61	173.99	56.01	41.15
2021-10-01T23:33:34	2242.27	1085.26	-999.33	174.41	56.94	41.37
2021-10-01T23:33:36	2232.30	1096.84	-1002.05	175.09	57.74	41.49
2021-10-01T23:33:38	2222.32	1108.42	-1004.77	175.48	58.56	41.61
2021-10-01T23:33:40	2212.33	1119.99	-1007.49	175.62	59.40	41.76
2021-10-01T23:33:42	2202.32	1131.56	-1010.19	175.58	60.28	41.94
2021-10-01T23:33:44	2192.31	1143.12	-1012.90	175.44	61.20	42.15
2021-10-01T23:33:46	2182.29	1154.68	-1015.60	175.89	62.13	42.35
2021-10-01T23:33:48	2172.26	1166.23	-1018.29	176.35	63.01	42.51
2021-10-01T23:33:50	2162.22	1177.78	-1020.98	176.62	63.84	42.64
2021-10-01T23:33:52	2152.16	1189.32	-1023.67	176.67	64.61	42.76
2021-10-01T23:33:54	2142.10	1200.86	-1026.35	176.51	65.35	42.92
2021-10-01T23:33:56	2132.03	1212.38	-1029.02	176.43	66.19	43.24
2021-10-01T23:33:58	2121.95	1223.91	-1031.69	176.71	67.31	43.58
2021-10-01T23:34:00	2111.85	1235.43	-1034.36	176.91	68.30	43.83
2021-10-01T23:34:02	2101.75	1246.94	-1037.02	176.95	69.17	44.00
2021-10-01T23:34:04	2091.64	1258.45	-1039.67	176.84	69.95	44.06
2021-10-01T23:34:06	2081.52	1269.95	-1042.32	176.68	70.71	44.09
2021-10-01T23:34:08	2071.39	1281.44	-1044.97	176.62	71.55	44.24
2021-10-01T23:34:10	2061.25	1292.93	-1047.61	176.81	72.47	44.43
2021-10-01T23:34:12	2051.10	1304.41	-1050.25	177.05	73.37	44.54
2021-10-01T23:34:14	2040.93	1315.89	-1052.88	177.24	74.26	44.61
2021-10-01T23:34:16	2030.76	1327.36	-1055.50	177.21	75.18	44.74
2021-10-01T23:34:18	2020.58	1338.83	-1058.13	177.01	76.11	44.89
2021-10-01T23:34:20	2010.39	1350.28	-1060.74	176.83	77.21	45.13
2021-10-01T23:34:22	2000.19	1361.73	-1063.35	176.74	78.36	45.37
2021-10-01T23:34:24	1989.99	1373.18	-1065.96	176.69	79.43	45.59
2021-10-01T23:34:26	1979.77	1384.62	-1068.56	176.57	80.31	45.79
2021-10-01T23:34:28	1969.54	1396.05	-1071.16	176.34	81.15	45.97
2021-10-01T23:34:30	1959.30	1407.47	-1073.75	176.06	81.97	46.16
2021-10-01T23:34:32	1949.06	1418.89	-1076.33	175.90	82.88	46.40
2021-10-01T23:34:34	1938.80	1430.31	-1078.91	175.80	83.79	46.60
2021-10-01T23:34:36	1928.54	1441.71	-1081.49	175.64	84.64	46.75
2021-10-01T23:34:38	1918.26	1453.11	-1084.06	175.31	85.44	46.89
2021-10-01T23:34:40	1907.98	1464.50	-1086.62	174.79	86.17	47.02
2021-10-01T23:34:42	1897.69	1475.89	-1089.18	174.40	87.01	47.13
2021-10-01T23:34:44	1887.39	1487.26	-1091.74	174.40	88.06	47.23
2021-10-01T23:34:46	1877.07	1498.63	-1094.29	174.35	89.14	47.24
2021-10-01T23:34:48	1866.76	1509.99	-1096.83	173.96	90.12	47.23
2021-10-01T23:34:50	1856.43	1521.35	-1099.37	173.30	91.03	47.20
2021-10-01T23:34:52	1846.09	1532.70	-1101.90	172.46	91.92	47.17
2021-10-01T23:34:54	1835.75	1544.04	-1104.43	172.17	93.08	47.26
2021-10-01T23:34:56	1825.39	1555.37	-1106.95	172.01	94.21	47.44
2021-10-01T23:34:58	1815.03	1566.70	-1109.47	171.57	95.18	47.59
2021-10-01T23:35:00	1804.66	1578.02	-1111.98	170.89	96.04	47.73
2021-10-01T23:35:02	1794.28	1589.33	-1114.49	170.02	96.80	47.87
2021-10-01T23:35:04	1783.89	1600.64	-1116.99	169.26	97.62	48.05
2021-10-01T23:35:06	1773.49	1611.93	-1119.49	168.84	98.44	48.17
2021-10-01T23:35:08	1763.08	1623.22	-1121.98	168.31	99.19	48.23
2021-10-01T23:35:10	1752.67	1634.50	-1124.47	167.70	99.89	48.23
2021-10-01T23:35:12	1742.25	1645.77	-1126.95	167.04	100.56	48.20
2021-10-01T23:35:14	1731.81	1657.04	-1129.42	166.39	101.24	48.13
2021-10-01T23:35:16	1721.38	1668.30	-1131.89	165.79	102.03	47.96
2021-10-01T23:35:18	1710.93	1679.55	-1134.36	165.17	102.80	47.81
2021-10-01T23:35:20	1700.48	1690.79	-1136.81	164.55	103.57	47.67
2021-10-01T23:35:22	1690.01	1702.02	-1139.27	163.96	104.38	47.56
2021-10-01T23:35:24	1679.54	1713.25	-1141.72	163.42	105.25	47.49
2021-10-01T23:35:26	1669.06	1724.47	-1144.16	162.60	105.95	47.45
2021-10-01T23:35:28	1658.58	1735.67	-1146.60	161.71	106.66	47.39
2021-10-01T23:35:30	1648.08	1746.88	-1149.03	160.82	107.44	47.37
2021-10-01T23:35:32	1637.58	1758.07	-1151.46	159.99	108.27	47.38
2021-10-01T23:35:34	1627.07	1769.26	-1153.88	159.21	109.13	47.40
2021-10-01T23:35:36	1616.55	1780.43	-1156.29	158.25	109.77	47.21
2021-10-01T23:35:38	1606.03	1791.60	-1158.70	157.14	110.38	46.92
2021-10-01T23:35:40	1595.49	1802.76	-1161.11	156.13	111.04	46.66
2021-10-01T23:35:42	1584.96	1813.92	-1163.51	155.19	111.75	46.42
2021-10-01T23:35:44	1574.41	1825.06	-1165.90	154.28	112.47	46.18
2021-10-01T23:35:46	1563.85	1836.20	-1168.29	153.40	113.10	45.95
2021-10-01T23:35:48	1553.29	1847.32	-1170.68	152.50	113.67	45.77
2021-10-01T23:35:50	1542.73	1858.44	-1173.05	151.65	114.26	45.63
2021-10-01T23:35:52	1532.15	1869.55	-1175.43	150.82	114.85	45.53
2021-10-01T23:35:54	1521.57	1880.65	-1177.80	149.97	115.40	45.46
2021-10-01T23:35:56	1510.98	1891.75	-1180.16	149.13	115.87	45.39
2021-10-01T23:35:58	1500.39	1902.83	-1182.51	148.23	116.28	45.33
2021-10-01T23:36:00	1489.78	1913.91	-1184.87	147.27	116.70	45.30
2021-10-01T23:36:02	1479.17	1924.98	-1187.21	146.31	117.09	45.27
2021-10-01T23:36:04	1468.56	1936.04	-1189.55	145.31	117.43	45.25
2021-10-01T23:36:06	1457.94	1947.09	-1191.89	144.34	117.75	45.22
2021-10-01T23:36:08	1447.31	1958.13	-1194.22	143.41	118.08	45.19
2021-10-01T23:36:10	1436.67	1969.17	-1196.55	142.44	118.45	45.16
2021-10-01T23:36:12	1426.03	1980.19	-1198.87	141.45	118.81	45.12
2021-10-01T23:36:14	1415.39	1991.21	-1201.18	140.46	119.14	45.07
2021-10-01T23:36:16	1404.73	2002.22	-1203.49	139.47	119.41	44.99
2021-10-01T23:36:18	1394.07	2013.21	-1205.79	138.51	119.60	44.87
2021-10-01T23:36:20	1383.41	2024.20	-1208.10	137.52	119.79	44.72
2021-10-01T23:36:22	1372.74	2035.19	-1210.39	136.51	119.98	44.56
2021-10-01T23:36:24	1362.06	2046.16	-1212.68	135.49	120.15	44.41
2021-10-01T23:36:26	1351.38	2057.12	-1214.96	134.47	120.31	44.27
2021-10-01T23:36:28	1340.69	2068.08	-1217.24	133.51	120.48	44.12
2021-10-01T23:36:30	1330.00	2079.03	-1219.51	132.51	120.63	43.97
2021-10-01T23:36:32	1319.29	2089.96	-1221.78	131.44	120.80	43.85
2021-10-01T23:36:34	1308.59	2100.90	-1224.04	130.38	120.96	43.75
2021-10-01T23:36:36	1297.88	2111.82	-1226.30	129.31	121.11	43.67
2021-10-01T23:36:38	1287.16	2122.73	-1228.55	128.28	121.18	43.55
2021-10-01T23:36:40	1276.44	2133.63	-1230.80	127.26	121.21	43.42
2021-10-01T23:36:42	1265.71	2144.53	-1233.04	126.21	121.22	43.26
2021-10-01T23:36:44	1254.98	2155.41	-1235.28	125.17	121.22	43.09
2021-10-01T23:36:46	1244.24	2166.29	-1237.51	124.15	121.22	42.92
2021-10-01T23:36:48	1233.50	2177.16	-1239.74	123.18	121.24	42.75
2021-10-01T23:36:50	1222.75	2188.01	-1241.96	122.24	121.26	42.59
2021-10-01T23:36:52	1212.00	2198.86	-1244.18	121.25	121.26	42.44
2021-10-01T23:36:54	1201.25	2209.71	-1246.39	120.23	121.22	42.30
2021-10-01T23:36:56	1190.49	2220.54	-1248.60	119.21	121.15	42.16
2021-10-01T23:36:58	1179.72	2231.36	-1250.80	118.20	121.06	42.01
2021-10-01T23:37:00	1168.95	2242.18	-1253.00	117.24	120.97	41.85
2021-10-01T23:37:02	1158.17	2252.99	-1255.19	116.27	120.87	41.69
2021-10-01T23:37:04	1147.39	2263.78	-1257.38	115.26	120.73	41.56
2021-10-01T23:37:06	1136.61	2274.57	-1259.56	114.26	120.57	41.44
2021-10-01T23:37:08	1125.82	2285.35	-1261.74	113.26	120.39	41.33
2021-10-01T23:37:10	1115.03	2296.13	-1263.92	112.36	120.15	41.26
2021-10-01T23:37:12	1104.23	2306.89	-1266.08	111.47	119.89	41.20
2021-10-01T23:37:14	1093.43	2317.64	-1268.25	110.50	119.53	41.16
2021-10-01T23:37:16	1082.62	2328.39	-1270.41	109.52	119.16	41.14
2021-10-01T23:37:18	1071.81	2339.13	-1272.56	108.54	118.79	41.14
2021-10-01T23:37:20	1061.00	2349.85	-1274.71	107.61	118.40	41.13
2021-10-01T23:37:22	1050.18	2360.57	-1276.85	106.71	117.96	41.12
2021-10-01T23:37:24	1039.36	2371.28	-1278.99	105.88	117.50	41.18
2021-10-01T23:37:26	1028.54	2381.98	-1281.13	105.06	117.02	41.28
2021-10-01T23:37:28	1017.71	2392.68	-1283.26	104.25	116.51	41.39
2021-10-01T23:37:30	1006.88	2403.36	-1285.38	103.48	116.04	41.53
2021-10-01T23:37:32	996.04	2414.04	-1287.51	102.73	115.61	41.70
2021-10-01T23:37:34	985.20	2424.71	-1289.62	101.95	115.09	41.89
2021-10-01T23:37:36	974.36	2435.37	-1291.74	101.13	114.44	42.13
2021-10-01T23:37:38	963.51	2446.02	-1293.84	100.32	113.81	42.39
2021-10-01T23:37:40	952.66	2456.66	-1295.94	99.51	113.18	42.65
2021-10-01T23:37:42	941.81	2467.29	-1298.04	98.82	112.50	42.91
2021-10-01T23:37:44	930.96	2477.92	-1300.14	98.18	111.81	43.19
2021-10-01T23:37:46	920.10	2488.54	-1302.23	97.58	110.93	43.58
2021-10-01T23:37:48	909.23	2499.14	-1304.31	96.94	109.97	44.00
2021-10-01T23:37:50	898.37	2509.74	-1306.39	96.27	108.93	44.45
2021-10-01T23:37:52	887.50	2520.33	-1308.47	95.58	107.97	44.92
2021-10-01T23:37:54	876.63	2530.92	-1310.54	94.91	107.10	45.38
2021-10-01T23:37:56	865.76	2541.49	-1312.61	94.23	106.39	45.92
2021-10-01T23:37:58	854.88	2552.06	-1314.67	93.55	105.68	46.48
2021-10-01T23:38:00	844.00	2562.62	-1316.73	92.90	104.93	47.05
2021-10-01T23:38:02	833.12	2573.17	-1318.79	92.26	104.11	47.62
2021-10-01T23:38:04	822.23	2583.71	-1320.84	91.56	103.15	48.18
2021-10-01T23:38:06	811.34	2594.24	-1322.88	90.78	102.14	48.67
2021-10-01T23:38:08	800.45	2604.77	-1324.92	90.06	101.24	49.13
2021-10-01T23:38:10	789.56	2615.28	-1326.96	89.44	100.45	49.62
2021-10-01T23:38:12	778.67	2625.79	-1328.99	88.94	99.77	50.14
2021-10-01T23:38:14	767.77	2636.29	-1331.02	88.39	99.22	50.60
2021-10-01T23:38:16	756.87	2646.78	-1333.05	87.72	98.64	50.96
2021-10-01T23:38:18	745.97	2657.27	-1335.07	86.82	98.02	51.20
2021-10-01T23:38:20	735.06	2667.74	-1337.09	85.92	97.36	51.44
2021-10-01T23:38:22	724.16	2678.21	-1339.10	85.00	96.68	51.68
2021-10-01T23:38:24	713.25	2688.67	-1341.11	84.17	95.98	51.88
2021-10-01T23:38:26	702.34	2699.12	-1343.12	83.57	95.26	52.01
2021-10-01T23:38:28	691.42	2709.57	-1345.11	83.16	94.56	52.03
2021-10-01T23:38:30	680.51	2720.00	-1347.11	82.70	93.84	52.11
2021-10-01T23:38:32	669.59	2730.43	-1349.10	82.18	93.11	52.26
2021-10-01T23:38:34	658.67	2740.85	-1351.09	81.61	92.38	52.51
2021-10-01T23:38:36	647.75	2751.26	-1353.08	81.01	91.78	52.76
2021-10-01T23:38:38	636.83	2761.67	-1355.06	80.29	91.25	52.87
2021-10-01T23:38:40	625.91	2772.06	-1357.04	79.63	90.72	52.91
2021-10-01T23:38:42	614.98	2782.45	-1359.01	79.06	90.19	52.93
2021-10-01T23:38:44	604.05	2792.83	-1360.98	78.60	89.68	52.93
2021-10-01T23:38:46	593.12	2803.21	-1362.95	78.11	89.15	52.91
2021-10-01T23:38:48	582.19	2813.57	-1364.91	77.32	88.46	52.98
2021-10-01T23:38:50	571.26	2823.93	-1366.87	76.49	87.69	53.03
2021-10-01T23:38:52	560.33	2834.28	-1368.82	75.67	86.90	53.00
2021-10-01T23:38:54	549.39	2844.62	-1370.77	74.85	86.09	52.88
2021-10-01T23:38:56	538.45	2854.96	-1372.72	74.03	85.27	52.66
2021-10-01T23:38:58	527.52	2865.28	-1374.66	73.33	84.67	52.72
2021-10-01T23:39:00	516.57	2875.60	-1376.60	72.70	84.23	53.13
2021-10-01T23:39:02	505.63	2885.92	-1378.54	72.21	83.84	53.52
2021-10-01T23:39:04	494.69	2896.22	-1380.47	71.84	83.46	53.87
2021-10-01T23:39:06	483.75	2906.52	-1382.40	71.55	83.09	54.17
2021-10-01T23:39:08	472.80	2916.81	-1384.33	71.16	82.66	54.35
2021-10-01T23:39:10	461.86	2927.09	-1386.25	70.16	82.18	54.25
2021-10-01T23:39:12	450.91	2937.37	-1388.17	69.32	81.78	54.20
2021-10-01T23:39:14	439.96	2947.64	-1390.09	68.64	81.48	54.21
2021-10-01T23:39:16	429.01	2957.90	-1392.00	68.09	81.29	54.26
2021-10-01T23:39:18	418.06	2968.15	-1393.91	67.67	81.20	54.34
2021-10-01T23:39:20	407.11	2978.40	-1395.81	67.09	80.57	54.26
2021-10-01T23:39:22	396.16	2988.64	-1397.71	66.31	79.78	54.18
2021-10-01T23:39:24	385.21	2998.87	-1399.61	65.41	78.96	54.14
2021-10-01T23:39:26	374.25	3009.09	-1401.51	64.42	78.12	54.15
2021-10-01T23:39:28	363.30	3019.31	-1403.40	63.38	77.31	54.23
2021-10-01T23:39:30	352.34	3029.52	-1405.29	62.59	76.67	54.52
2021-10-01T23:39:32	341.39	3039.73	-1407.17	62.31	76.31	54.75
2021-10-01T23:39:34	330.43	3049.92	-1409.06	61.98	75.95	54.87
2021-10-01T23:39:36	319.47	3060.11	-1410.93	61.60	75.56	54.87
2021-10-01T23:39:38	308.51	3070.30	-1412.81	61.14	75.15	54.75
2021-10-01T23:39:40	297.56	3080.47	-1414.68	60.51	74.53	54.36
2021-10-01T23:39:42	286.60	3090.64	-1416.55	59.39	73.45	53.97
2021-10-01T23:39:44	275.63	3100.81	-1418.42	58.15	72.32	53.78
2021-10-01T23:39:46	264.67	3110.96	-1420.28	57.09	71.39	53.64
2021-10-01T23:39:48	253.71	3121.11	-1422.14	56.26	70.66	53.55
2021-10-01T23:39:50	242.75	3131.25	-1424.00	55.62	70.23	53.54
2021-10-01T23:39:52	231.79	3141.39	-1425.85	54.87	70.13	53.59
2021-10-01T23:39:54	220.82	3151.52	-1427.70	54.10	69.94	53.97
2021-10-01T23:39:56	209.86	3161.64	-1429.55	53.31	69.55	54.56
2021-10-01T23:39:58	198.90	3171.76	-1431.39	52.53	68.94	55.37
2021-10-01T23:40:00	187.93	3181.86	-1433.23	51.74	68.07	56.32
2021-10-01T23:40:02	176.97	3191.97	-1435.07	50.75	67.19	56.02
2021-10-01T23:40:04	166.00	3202.06	-1436.91	49.84	66.48	55.08
2021-10-01T23:40:06	155.04	3212.15	-1438.74	49.34	66.19	53.65
2021-10-01T23:40:08	144.07	3222.24	-1440.57	48.84	66.01	52.87
2021-10-01T23:40:10	133.11	3232.31	-1442.40	48.32	65.97	52.70
2021-10-01T23:40:12	122.14	3242.38	-1444.22	47.53	65.51	52.31
2021-10-01T23:40:14	111.18	3252.45	-1446.04	46.56	64.90	51.67
2021-10-01T23:40:16	100.21	3262.50	-1447.86	45.52	64.14	50.95
2021-10-01T23:40:18	89.24	3272.55	-1449.68	44.69	63.34	50.24
2021-10-01T23:40:20	78.28	3282.60	-1451.49	44.04	62.63	49.54
2021-10-01T23:40:22	67.31	3292.64	-1453.30	43.51	61.94	49.02
2021-10-01T23:40:24	56.34	3302.67	-1455.11	42.88	61.30	48.63
2021-10-01T23:40:26	45.38	3312.70	-1456.91	42.12	60.75	48.31
2021-10-01T23:40:28	34.41	3322.72	-1458.71	40.64	59.67	47.64
2021-10-01T23:40:30	23.44	3332.73	-1460.52	39.07	58.27	46.89
2021-10-01T23:40:32	12.48	3342.74	-1462.31	37.38	56.50	46.05
2021-10-01T23:40:34	1.51	3352.75	-1464.10	35.38	54.43	45.10
2021-10-01T23:40:36	-9.46	3362.74	-1465.90	33.24	52.45	44.13
2021-10-01T23:40:38	-20.43	3372.73	-1467.69	30.97	50.49	43.13
2021-10-01T23:40:40	-31.39	3382.72	-1469.47	28.78	48.05	41.88
2021-10-01T23:40:42	-42.36	3392.70	-1471.26	26.80	45.51	40.77
2021-10-01T23:40:44	-53.33	3402.67	-1473.04	24.09	42.80	39.78
2021-10-01T23:40:46	-64.29	3412.64	-1474.81	21.16	40.16	38.85
2021-10-01T23:40:48	-75.26	3422.60	-1476.59	17.99	37.65	38.00
2021-10-01T23:40:50	-86.22	3432.55	-1478.36	14.82	35.26	36.90
2021-10-01T23:40:52	-97.19	3442.50	-1480.14	12.08	32.56	35.20
2021-10-01T23:40:54	-108.16	3452.45	-1481.90	10.93	29.82	33.07
2021-10-01T23:40:56	-119.12	3462.38	-1483.67	9.80	27.17	30.87
2021-10-01T23:40:58	-130.09	3472.32	-1485.43	8.60	24.66	28.58
2021-10-01T23:41:00	-141.05	3482.24	-1487.19	7.31	22.36	26.17
2021-10-01T23:41:02	-152.02	3492.16	-1488.95	6.49	20.56	24.10
2021-10-01T23:41:04	-162.98	3502.08	-1490.71	6.29	18.75	22.59
2021-10-01T23:41:06	-173.95	3511.99	-1492.46	6.17	16.98	21.24
2021-10-01T23:41:08	-184.91	3521.89	-1494.21	5.97	15.22	19.91
2021-10-01T23:41:10	-195.88	3531.79	-1495.96	5.70	13.48	18.61
2021-10-01T23:41:12	-206.84	3541.69	-1497.71	5.35	11.76	17.30
2021-10-01T23:41:14	-217.80	3551.58	-1499.46	5.24	10.54	16.03
2021-10-01T23:41:16	-228.76	3561.46	-1501.20	5.29	9.37	14.74
2021-10-01T23:41:18	-239.73	3571.34	-1502.94	5.41	8.18	13.43
2021-10-01T23:41:20	-250.69	3581.21	-1504.67	5.59	6.97	12.11
2021-10-01T23:41:22	-261.65	3591.07	-1506.41	5.81	5.75	10.76
2021-10-01T23:41:24	-272.61	3600.93	-1508.14	5.99	4.55	9.32
2021-10-01T23:41:26	-283.57	3610.79	-1509.87	5.88	3.63	7.69
2021-10-01T23:41:28	-294.53	3620.64	-1511.60	5.87	2.73	6.11
2021-10-01T23:41:30	-305.49	3630.49	-1513.33	5.96	1.84	4.58
2021-10-01T23:41:32	-316.45	3640.33	-1515.05	6.13	0.98	3.11
2021-10-01T23:41:34	-327.41	3650.16	-1516.78	6.38	0.13	1.69
2021-10-01T23:41:36	-338.37	3660.00	-1518.50	6.71	-0.69	0.24
2021-10-01T23:41:38	-349.33	3669.82	-1520.22	6.93	-1.31	-1.14
2021-10-01T23:41:40	-360.28	3679.64	-1521.93	7.12	-1.92	-2.45
2021-10-01T23:41:42	-371.24	3689.46	-1523.65	7.28	-2.51	-3.69
2021-10-01T23:41:44	-382.19	3699.26	-1525.36	7.41	-3.05	-4.88
2021-10-01T23:41:46	-393.15	3709.07	-1527.07	7.44	-3.70	-6.09
2021-10-01T23:41:48	-404.11	3718.87	-1528.77	7.47	-4.40	-7.18
2021-10-01T23:41:50	-415.06	3728.67	-1530.48	7.53	-5.06	-8.06
2021-10-01T23:41:52	-426.01	3738.46	-1532.18	7.62	-5.64	-8.85
2021-10-01T23:41:54	-436.97	3748.24	-1533.88	7.71	-6.13	-9.53
2021-10-01T23:41:56	-447.92	3758.02	-1535.58	7.89	-6.49	-10.12
2021-10-01T23:41:58	-458.87	3767.80	-1537.28	8.09	-6.79	-10.65
2021-10-01T23:42:00	-469.82	3777.57	-1538.98	8.17	-7.07	-11.17
2021-10-01T23:42:02	-480.78	3787.34	-1540.67	8.13	-7.31	-11.65
2021-10-01T23:42:04	-491.72	3797.10	-1542.36	8.03	-7.50	-12.09
2021-10-01T23:42:06	-502.67	3806.85	-1544.05	7.80	-7.72	-12.46
2021-10-01T23:42:08	-513.62	3816.61	-1545.74	7.44	-8.09	-12.75
2021-10-01T23:42:10	-524.57	3826.35	-1547.43	7.06	-8.56	-12.99
2021-10-01T23:42:12	-535.52	3836.09	-1549.11	7.02	-8.97	-13.20
2021-10-01T23:42:14	-546.46	3845.84	-1550.79	7.04	-9.19	-13.42
2021-10-01T23:42:16	-557.41	3855.57	-1552.47	7.10	-9.24	-13.69
2021-10-01T23:42:18	-568.36	3865.30	-1554.15	7.52	-9.20	-14.06
2021-10-01T23:42:20	-579.30	3875.02	-1555.83	7.96	-9.09	-14.36
2021-10-01T23:42:22	-590.25	3884.74	-1557.50	8.41	-8.90	-14.60
2021-10-01T23:42:24	-601.19	3894.46	-1559.18	9.01	-9.03	-15.00
2021-10-01T23:42:26	-612.13	3904.17	-1560.85	9.53	-9.25	-15.45
2021-10-01T23:42:28	-623.07	3913.87	-1562.52	9.71	-9.78	-15.74
2021-10-01T23:42:30	-634.01	3923.58	-1564.18	9.75	-10.27	-15.93
2021-10-01T23:42:32	-644.95	3933.27	-1565.85	9.64	-10.72	-16.02
2021-10-01T23:42:34	-655.89	3942.97	-1567.51	9.40	-11.14	-15.98
2021-10-01T23:42:36	-666.83	3952.66	-1569.18	9.09	-11.63	-15.89
2021-10-01T23:42:38	-677.77	3962.34	-1570.84	9.09	-12.10	-15.90
2021-10-01T23:42:40	-688.71	3972.02	-1572.49	9.22	-12.51	-15.94
2021-10-01T23:42:42	-699.65	3981.70	-1574.15	9.38	-12.86	-16.02
2021-10-01T23:42:44	-710.58	3991.37	-1575.81	9.57	-13.15	-16.12
2021-10-01T23:42:46	-721.52	4001.04	-1577.46	9.77	-13.36	-16.23
2021-10-01T23:42:48	-732.45	4010.70	-1579.11	9.94	-13.28	-16.31
2021-10-01T23:42:50	-743.38	4020.36	-1580.76	10.05	-13.16	-16.54
2021-10-01T23:42:52	-754.31	4030.01	-1582.41	10.16	-13.12	-16.86
2021-10-01T23:42:54	-765.25	4039.66	-1584.06	10.25	-13.18	-17.28
2021-10-01T23:42:56	-776.18	4049.31	-1585.70	10.32	-13.34	-17.79
2021-10-01T23:42:58	-787.11	4058.95	-1587.35	10.36	-13.35	-18.18
2021-10-01T23:43:00	-798.04	4068.59	-1588.99	10.32	-12.63	-17.91
2021-10-01T23:43:02	-808.96	4078.23	-1590.63	10.27	-11.99	-17.69
2021-10-01T23:43:04	-819.89	4087.86	-1592.27	10.21	-11.42	-17.50
2021-10-01T23:43:06	-830.82	4097.48	-1593.91	10.13	-10.91	-17.34
2021-10-01T23:43:08	-841.74	4107.11	-1595.55	10.07	-10.47	-17.18
2021-10-01T23:43:10	-852.67	4116.72	-1597.18	10.45	-10.13	-16.99
2021-10-01T23:43:12	-863.59	4126.34	-1598.81	10.58	-9.78	-17.00
2021-10-01T23:43:14	-874.52	4135.95	-1600.44	10.64	-9.50	-16.97
2021-10-01T23:43:16	-885.44	4145.56	-1602.07	10.61	-9.28	-16.90
2021-10-01T23:43:18	-896.36	4155.16	-1603.70	10.46	-9.13	-16.77
2021-10-01T23:43:20	-907.28	4164.76	-1605.33	10.18	-9.36	-16.64
2021-10-01T23:43:22	-918.20	4174.35	-1606.95	10.04	-9.74	-16.53
2021-10-01T23:43:24	-929.12	4183.94	-1608.58	10.17	-10.19	-16.46
2021-10-01T23:43:26	-940.04	4193.53	-1610.20	10.28	-10.59	-16.51
2021-10-01T23:43:28	-950.96	4203.11	-1611.82	10.37	-10.95	-16.69
2021-10-01T23:43:30	-961.87	4212.69	-1613.44	10.41	-10.95	-17.03
2021-10-01T23:43:32	-972.79	4222.27	-1615.06	10.40	-10.67	-17.43
2021-10-01T23:43:34	-983.70	4231.84	-1616.67	10.30	-10.31	-17.81
2021-10-01T23:43:36	-994.62	4241.41	-1618.29	10.08	-9.88	-18.07
2021-10-01T23:43:38	-1005.53	4250.98	-1619.90	9.91	-9.48	-18.26
2021-10-01T23:43:40	-1016.44	4260.54	-1621.51	9.74	-9.12	-18.31
2021-10-01T23:43:42	-1027.35	4270.10	-1623.12	9.57	-8.83	-18.16
2021-10-01T23:43:44	-1038.26	4279.65	-1624.73	9.47	-8.58	-17.98
2021-10-01T23:43:46	-1049.17	4289.20	-1626.34	9.52	-8.42	-17.74
2021-10-01T23:43:48	-1060.08	4298.75	-1627.95	9.77	-8.34	-17.51
2021-10-01T23:43:50	-1070.98	4308.29	-1629.55	10.05	-8.24	-17.38
2021-10-01T23:43:52	-1081.89	4317.83	-1631.16	10.23	-8.26	-17.39
2021-10-01T23:43:54	-1092.80	4327.37	-1632.76	10.36	-8.28	-17.37
2021-10-01T23:43:56	-1103.70	4336.90	-1634.36	10.46	-8.30	-17.32
2021-10-01T23:43:58	-1114.60	4346.43	-1635.96	10.44	-8.33	-17.24
2021-10-01T23:44:00	-1125.51	4355.95	-1637.56	10.28	-8.46	-17.12
2021-10-01T23:44:02	-1136.41	4365.47	-1639.16	10.05	-8.85	-16.94
2021-10-01T23:44:04	-1147.31	4374.99	-1640.75	9.73	-9.20	-16.73
2021-10-01T23:44:06	-1158.21	4384.51	-1642.35	9.32	-9.46	-16.52
2021-10-01T23:44:08	-1169.11	4394.02	-1643.94	8.82	-9.63	-16.28
2021-10-01T23:44:10	-1180.01	4403.53	-1645.53	8.34	-9.77	-15.96
2021-10-01T23:44:12	-1190.90	4413.04	-1647.12	8.38	-9.80	-15.50
2021-10-01T23:44:14	-1201.80	4422.54	-1648.71	8.63	-9.73	-15.12
2021-10-01T23:44:16	-1212.69	4432.04	-1650.30	8.92	-9.69	-14.84
2021-10-01T23:44:18	-1223.59	4441.53	-1651.89	9.27	-9.67	-14.65
2021-10-01T23:44:20	-1234.48	4451.02	-1653.47	9.67	-9.69	-14.58
2021-10-01T23:44:22	-1245.37	4460.51	-1655.06	9.89	-9.68	-14.64
2021-10-01T23:44:24	-1256.26	4470.00	-1656.64	9.74	-9.61	-14.81
2021-10-01T23:44:26	-1267.15	4479.48	-1658.22	9.76	-9.64	-15.00
2021-10-01T23:44:28	-1278.04	4488.96	-1659.81	9.97	-9.78	-15.20
2021-10-01T23:44:30	-1288.93	4498.43	-1661.39	10.38	-10.02	-15.43
2021-10-01T23:44:32	-1299.82	4507.90	-1662.96	10.84	-10.30	-15.56
2021-10-01T23:44:34	-1310.70	4517.37	-1664.54	10.76	-10.36	-15.28
2021-10-01T23:44:36	-1321.59	4526.84	-1666.11	10.42	-10.15	-15.06
2021-10-01T23:44:38	-1332.47	4536.30	-1667.69	10.23	-9.92	-15.16
2021-10-01T23:44:40	-1343.36	4545.76	-1669.26	10.16	-9.69	-15.55
2021-10-01T23:44:42	-1354.24	4555.22	-1670.84	10.20	-9.45	-16.23
2021-10-01T23:44:44	-1365.12	4564.67	-1672.41	10.51	-9.17	-16.94
2021-10-01T23:44:46	-1376.00	4574.12	-1673.98	10.87	-8.97	-17.42
2021-10-01T23:44:48	-1386.88	4583.57	-1675.55	11.05	-8.86	-17.40
2021-10-01T23:44:50	-1397.76	4593.01	-1677.12	11.16	-8.77	-17.32
2021-10-01T23:44:52	-1408.64	4602.46	-1678.68	11.21	-8.71	-17.18
2021-10-01T23:44:54	-1419.51	4611.90	-1680.25	11.20	-8.68	-16.74
2021-10-01T23:44:56	-1430.39	4621.33	-1681.81	11.21	-8.71	-16.24
2021-10-01T23:44:58	-1441.27	4630.76	-1683.38	11.25	-8.77	-15.83
2021-10-01T23:45:00	-1452.14	4640.19	-1684.94	11.33	-8.76	-15.29
2021-10-01T23:45:02	-1463.01	4649.62	-1686.50	11.49	-8.75	-14.79
2021-10-01T23:45:04	-1473.88	4659.04	-1688.06	11.63	-8.67	-14.36
2021-10-01T23:45:06	-1484.75	4668.46	-1689.62	11.65	-8.50	-13.94
2021-10-01T23:45:08	-1495.62	4677.88	-1691.18	11.78	-8.31	-13.47
2021-10-01T23:45:10	-1506.50	4687.29	-1692.74	12.02	-8.12	-12.95
2021-10-01T23:45:12	-1517.36	4696.70	-1694.29	12.34	-8.10	-12.59
2021-10-01T23:45:14	-1528.23	4706.11	-1695.85	12.70	-8.16	-12.37
2021-10-01T23:45:16	-1539.10	4715.52	-1697.40	12.98	-8.10	-12.27
2021-10-01T23:45:18	-1549.96	4724.92	-1698.95	13.25	-8.00	-12.15
2021-10-01T23:45:20	-1560.82	4734.32	-1700.51	13.49	-7.86	-11.99
2021-10-01T23:45:22	-1571.69	4743.72	-1702.06	13.72	-7.68	-11.80
2021-10-01T23:45:24	-1582.55	4753.12	-1703.61	13.89	-7.33	-11.78
2021-10-01T23:45:26	-1593.41	4762.51	-1705.15	14.14	-6.99	-11.77
2021-10-01T23:45:28	-1604.27	4771.90	-1706.70	14.40	-6.68	-11.70
2021-10-01T23:45:30	-1615.13	4781.28	-1708.25	14.66	-6.42	-11.56
2021-10-01T23:45:32	-1625.99	4790.67	-1709.80	14.92	-6.21	-11.35
2021-10-01T23:45:34	-1636.84	4800.05	-1711.34	15.18	-6.05	-11.05
2021-10-01T23:45:36	-1647.70	4809.43	-1712.88	15.12	-5.94	-10.86
2021-10-01T23:45:38	-1658.56	4818.80	-1714.43	15.01	-5.87	-10.78
2021-10-01T23:45:40	-1669.41	4828.17	-1715.97	15.01	-5.82	-10.74
2021-10-01T23:45:42	-1680.26	4837.54	-1717.51	15.12	-5.79	-10.72
2021-10-01T23:45:44	-1691.12	4846.91	-1719.05	15.34	-5.80	-10.70
2021-10-01T23:45:46	-1701.97	4856.28	-1720.59	15.58	-5.88	-10.67
2021-10-01T23:45:48	-1712.82	4865.64	-1722.13	15.42	-5.95	-10.59
