Time	POS_X	POS_Y	POS_Z	B_X	B_Y	B_Z
2021-10-01T23:23:36	4868.82	-2409.96	-87.23	3.88	-1.92	18.37
2021-10-01T23:23:38	4860.77	-2398.42	-90.39	3.95	-1.95	18.48
2021-10-01T23:23:40	4852.72	-2386.89	-93.55	4.02	-1.97	18.59
2021-10-01T23:23:42	4844.66	-2375.35	-96.71	4.08	-2.00	18.71
2021-10-01T23:23:44	4836.60	-2363.82	-99.87	4.15	-2.03	18.82
2021-10-01T23:23:46	4828.54	-2352.28	-103.02	4.22	-2.06	18.94
2021-10-01T23:23:48	4820.48	-2340.74	-106.18	4.29	-2.08	19.06
2021-10-01T23:23:50	4812.41	-2329.19	-109.34	4.36	-2.11	19.17
2021-10-01T23:23:52	4804.35	-2317.65	-112.50	4.43	-2.14	19.29
2021-10-01T23:23:54	4796.28	-2306.11	-115.65	4.50	-2.17	19.41
2021-10-01T23:23:56	4788.20	-2294.56	-118.81	4.58	-2.19	19.53
2021-10-01T23:23:58	4780.13	-2283.02	-121.97	4.65	-2.22	19.65
2021-10-01T23:24:00	4772.05	-2271.47	-125.12	4.73	-2.25	19.77
2021-10-01T23:24:02	4763.97	-2259.92	-128.28	4.81	-2.28	19.89
2021-10-01T23:24:04	4755.88	-2248.37	-131.44	4.89	-2.31	20.02
2021-10-01T23:24:06	4747.79	-2236.81	-134.59	4.96	-2.34	20.14
2021-10-01T23:24:08	4739.70	-2225.26	-137.75	5.04	-2.37	20.26
2021-10-01T23:24:10	4731.61	-2213.71	-140.91	5.13	-2.40	20.39
2021-10-01T23:24:12	4723.51	-2202.15	-144.06	5.21	-2.43	20.51
2021-10-01T23:24:14	4715.41	-2190.59	-147.22	5.29	-2.46	20.64
2021-10-01T23:24:16	4707.31	-2179.03	-150.37	5.38	-2.49	20.77
2021-10-01T23:24:18	4699.21	-2167.47	-153.53	5.46	-2.52	20.90
2021-10-01T23:24:20	4691.10	-2155.91	-156.69	5.55	-2.55	21.03
2021-10-01T23:24:22	4682.98	-2144.35	-159.84	5.64	-2.58	21.16
2021-10-01T23:24:24	4674.87	-2132.78	-163.00	5.73	-2.61	21.29
2021-10-01T23:24:26	4666.75	-2121.21	-166.15	5.82	-2.65	21.42
2021-10-01T23:24:28	4658.63	-2109.65	-169.31	5.91	-2.68	21.55
2021-10-01T23:24:30	4650.51	-2098.08	-172.46	6.01	-2.71	21.69
2021-10-01T23:24:32	4642.39	-2086.51	-175.62	6.10	-2.74	21.82
2021-10-01T23:24:34	4634.26	-2074.93	-178.77	6.20	-2.78	21.96
2021-10-01T23:24:36	4626.13	-2063.36	-181.93	6.30	-2.81	22.09
2021-10-01T23:24:38	4617.99	-2051.79	-185.09	6.40	-2.84	22.23
2021-10-01T23:24:40	4609.85	-2040.21	-188.24	6.50	-2.88	22.37
2021-10-01T23:24:42	4601.71	-2028.63	-191.40	6.60	-2.91	22.51
2021-10-01T23:24:44	4593.57	-2017.05	-194.55	6.70	-2.94	22.65
2021-10-01T23:24:46	4585.42	-2005.47	-197.70	6.81	-2.98	22.79
2021-10-01T23:24:48	4577.27	-1993.89	-200.86	6.91	-3.01	22.93
2021-10-01T23:24:50	4569.11	-1982.31	-204.01	7.02	-3.05	23.07
2021-10-01T23:24:52	4560.96	-1970.72	-207.17	7.13	-3.08	23.21
2021-10-01T23:24:54	4552.79	-1959.14	-210.32	7.24	-3.12	23.36
2021-10-01T23:24:56	4544.63	-1947.55	-213.47	7.35	-3.15	23.50
2021-10-01T23:24:58	4536.46	-1935.96	-216.63	7.47	-3.19	23.65
2021-10-01T23:25:00	4528.29	-1924.37	-219.78	7.58	-3.22	23.80
2021-10-01T23:25:02	4520.12	-1912.78	-222.93	7.70	-3.26	23.94
2021-10-01T23:25:04	4511.94	-1901.18	-226.09	7.82	-3.29	24.09
2021-10-01T23:25:06	4503.76	-1889.59	-229.24	7.94	-3.33	24.24
2021-10-01T23:25:08	4495.58	-1877.99	-232.39	8.06	-3.37	24.39
2021-10-01T23:25:10	4487.39	-1866.40	-235.55	8.19	-3.40	24.55
2021-10-01T23:25:12	4479.20	-1854.79	-238.70	8.31	-3.44	24.70
2021-10-01T23:25:14	4471.00	-1843.19	-241.85	8.44	-3.48	24.85
2021-10-01T23:25:16	4462.81	-1831.59	-245.00	8.57	-3.52	25.01
2021-10-01T23:25:18	4454.61	-1819.99	-248.15	8.70	-3.55	25.16
2021-10-01T23:25:20	4446.40	-1808.38	-251.31	8.83	-3.59	25.32
2021-10-01T23:25:22	4438.19	-1796.78	-254.46	8.96	-3.63	25.47
2021-10-01T23:25:24	4429.98	-1785.17	-257.61	9.10	-3.67	25.63
2021-10-01T23:25:26	4421.77	-1773.56	-260.76	9.24	-3.71	25.79
2021-10-01T23:25:28	4413.55	-1761.95	-263.91	9.38	-3.74	25.95
2021-10-01T23:25:30	4405.33	-1750.33	-267.06	9.52	-3.78	26.11
2021-10-01T23:25:32	4397.10	-1738.72	-270.21	9.67	-3.82	26.27
2021-10-01T23:25:34	4388.87	-1727.11	-273.36	9.81	-3.86	26.44
2021-10-01T23:25:36	4380.64	-1715.49	-276.51	9.96	-3.90	26.60
2021-10-01T23:25:38	4372.40	-1703.87	-279.66	10.11	-3.94	26.76
2021-10-01T23:25:40	4364.16	-1692.25	-282.81	10.26	-3.98	26.93
2021-10-01T23:25:42	4355.92	-1680.63	-285.96	10.42	-4.02	27.10
2021-10-01T23:25:44	4347.67	-1669.01	-289.11	10.57	-4.06	27.26
2021-10-01T23:25:46	4339.42	-1657.38	-292.26	10.73	-4.10	27.43
2021-10-01T23:25:48	4331.17	-1645.76	-295.41	10.89	-4.14	27.60
2021-10-01T23:25:50	4322.91	-1634.13	-298.55	11.05	-4.18	27.77
2021-10-01T23:25:52	4314.65	-1622.50	-301.70	11.22	-4.22	27.94
2021-10-01T23:25:54	4306.38	-1610.87	-304.85	11.39	-4.26	28.12
2021-10-01T23:25:56	4298.11	-1599.24	-308.00	11.56	-4.30	28.29
2021-10-01T23:25:58	4289.83	-1587.60	-311.14	11.73	-4.34	28.46
2021-10-01T23:26:00	4281.56	-1575.97	-314.29	11.90	-4.38	28.64
2021-10-01T23:26:02	4273.28	-1564.33	-317.44	12.08	-4.42	28.81
2021-10-01T23:26:04	4264.99	-1552.70	-320.58	12.26	-4.46	28.99
2021-10-01T23:26:06	4256.70	-1541.06	-323.73	12.44	-4.50	29.17
2021-10-01T23:26:08	4248.41	-1529.42	-326.87	12.62	-4.54	29.35
2021-10-01T23:26:10	4240.11	-1517.78	-330.02	12.81	-4.59	29.53
2021-10-01T23:26:12	4231.81	-1506.13	-333.16	13.00	-4.63	29.71
2021-10-01T23:26:14	4223.50	-1494.49	-336.31	13.19	-4.67	29.89
2021-10-01T23:26:16	4215.19	-1482.84	-339.45	13.39	-4.71	30.07
2021-10-01T23:26:18	4206.88	-1471.19	-342.60	13.58	-4.75	30.25
2021-10-01T23:26:20	4198.56	-1459.54	-345.74	13.78	-4.79	30.44
2021-10-01T23:26:22	4190.24	-1447.89	-348.89	13.98	-4.83	30.62
2021-10-01T23:26:24	4181.91	-1436.24	-352.03	14.19	-4.87	30.81
2021-10-01T23:26:26	4173.58	-1424.58	-355.17	14.40	-4.91	31.00
2021-10-01T23:26:28	4165.25	-1412.93	-358.31	14.61	-4.95	31.18
2021-10-01T23:26:30	4156.91	-1401.27	-361.45	14.82	-5.00	31.37
2021-10-01T23:26:32	4148.56	-1389.61	-364.60	15.04	-5.04	31.56
2021-10-01T23:26:34	4140.22	-1377.95	-367.74	15.26	-5.08	31.75
2021-10-01T23:26:36	4131.86	-1366.29	-370.88	15.48	-5.12	31.94
2021-10-01T23:26:38	4123.51	-1354.63	-374.02	15.70	-5.16	32.14
2021-10-01T23:26:40	4115.15	-1342.97	-377.16	15.93	-5.20	32.33
2021-10-01T23:26:42	4106.78	-1331.30	-380.30	16.16	-5.24	32.52
2021-10-01T23:26:44	4098.41	-1319.63	-383.44	16.39	-5.28	32.72
2021-10-01T23:26:46	4090.04	-1307.96	-386.57	16.63	-5.32	32.91
2021-10-01T23:26:48	4081.66	-1296.29	-389.71	16.87	-5.36	33.11
2021-10-01T23:26:50	4073.28	-1284.62	-392.85	17.12	-5.40	33.31
2021-10-01T23:26:52	4064.89	-1272.95	-395.99	17.36	-5.44	33.51
2021-10-01T23:26:54	4056.50	-1261.28	-399.13	17.61	-5.48	33.71
2021-10-01T23:26:56	4048.10	-1249.60	-402.26	17.86	-5.51	33.91
2021-10-01T23:26:58	4039.70	-1237.92	-405.40	18.12	-5.55	34.11
2021-10-01T23:27:00	4031.30	-1226.24	-408.53	18.38	-5.59	34.31
2021-10-01T23:27:02	4022.89	-1214.56	-411.67	18.64	-5.63	34.51
2021-10-01T23:27:04	4014.47	-1202.88	-414.80	18.91	-5.67	34.71
2021-10-01T23:27:06	4006.05	-1191.20	-417.94	19.18	-5.70	34.92
2021-10-01T23:27:08	3997.63	-1179.51	-421.07	19.45	-5.74	35.12
2021-10-01T23:27:10	3989.20	-1167.83	-424.21	19.73	-5.78	35.33
2021-10-01T23:27:12	3980.77	-1156.14	-427.34	20.01	-5.81	35.53
2021-10-01T23:27:14	3972.33	-1144.45	-430.47	20.30	-5.85	35.74
2021-10-01T23:27:16	3963.88	-1132.76	-433.60	20.58	-5.88	35.94
2021-10-01T23:27:18	3955.44	-1121.07	-436.73	20.88	-5.92	36.15
2021-10-01T23:27:20	3946.98	-1109.38	-439.86	21.17	-5.95	36.36
2021-10-01T23:27:22	3938.53	-1097.68	-442.99	21.47	-5.98	36.57
2021-10-01T23:27:24	3930.06	-1085.99	-446.12	21.77	-6.02	36.78
2021-10-01T23:27:26	3921.59	-1074.29	-449.25	22.08	-6.05	36.99
2021-10-01T23:27:28	3913.12	-1062.59	-452.38	22.39	-6.08	37.20
2021-10-01T23:27:30	3904.64	-1050.89	-455.51	22.71	-6.11	37.41
2021-10-01T23:27:32	3896.16	-1039.19	-458.63	23.02	-6.14	37.63
2021-10-01T23:27:34	3887.67	-1027.48	-461.76	23.35	-6.17	37.84
2021-10-01T23:27:36	3879.18	-1015.78	-464.89	23.67	-6.20	38.05
2021-10-01T23:27:38	3870.68	-1004.07	-468.01	24.00	-6.23	38.27
2021-10-01T23:27:40	3862.18	-992.37	-471.14	24.34	-6.25	38.48
2021-10-01T23:27:42	3853.67	-980.66	-474.26	24.68	-6.28	38.70
2021-10-01T23:27:44	3845.15	-968.95	-477.38	25.02	-6.31	38.91
2021-10-01T23:27:46	3836.63	-957.23	-480.51	25.37	-6.33	39.13
2021-10-01T23:27:48	3828.11	-945.52	-483.63	25.72	-6.35	39.34
2021-10-01T23:27:50	3819.58	-933.81	-486.75	26.08	-6.38	39.56
2021-10-01T23:27:52	3811.04	-922.09	-489.87	26.44	-6.40	39.78
2021-10-01T23:27:54	3802.50	-910.38	-492.99	26.80	-6.42	39.99
2021-10-01T23:27:56	3793.96	-898.66	-496.11	27.17	-6.44	40.21
2021-10-01T23:27:58	3785.41	-886.94	-499.23	27.54	-6.45	40.43
2021-10-01T23:28:00	3776.85	-875.22	-502.34	27.92	-6.47	40.65
2021-10-01T23:28:02	3768.28	-863.49	-505.46	28.31	-6.49	40.87
2021-10-01T23:28:04	3759.72	-851.77	-508.58	28.69	-6.50	41.08
2021-10-01T23:28:06	3751.14	-840.05	-511.69	29.08	-6.51	41.30
2021-10-01T23:28:08	3742.56	-828.32	-514.81	29.48	-6.52	41.52
2021-10-01T23:28:10	3733.98	-816.59	-517.92	29.88	-6.54	41.74
2021-10-01T23:28:12	3725.39	-804.87	-521.04	30.29	-6.54	41.96
2021-10-01T23:28:14	3716.79	-793.13	-524.15	30.70	-6.55	42.18
2021-10-01T23:28:16	3708.19	-781.41	-527.26	31.11	-6.56	42.40
2021-10-01T23:28:18	3699.58	-769.67	-530.37	31.53	-6.56	42.62
2021-10-01T23:28:20	3690.97	-757.94	-533.48	31.96	-6.56	42.84
2021-10-01T23:28:22	3682.35	-746.20	-536.59	32.39	-6.56	43.06
2021-10-01T23:28:24	3673.72	-734.47	-539.70	32.82	-6.56	43.28
2021-10-01T23:28:26	3665.09	-722.73	-542.80	33.26	-6.56	43.50
2021-10-01T23:28:28	3656.45	-710.99	-545.91	33.71	-6.55	43.72
2021-10-01T23:28:30	3647.80	-699.25	-549.02	34.16	-6.55	43.94
2021-10-01T23:28:32	3639.16	-687.51	-552.12	34.61	-6.54	44.16
2021-10-01T23:28:34	3630.50	-675.77	-555.22	35.07	-6.53	44.38
2021-10-01T23:28:36	3621.84	-664.02	-558.33	35.54	-6.52	44.59
2021-10-01T23:28:38	3613.17	-652.28	-561.43	36.01	-6.50	44.81
2021-10-01T23:28:40	3604.49	-640.53	-564.53	36.48	-6.48	45.03
2021-10-01T23:28:42	3595.82	-628.79	-567.63	36.96	-6.46	45.25
2021-10-01T23:28:44	3587.13	-617.04	-570.73	37.45	-6.44	45.47
2021-10-01T23:28:46	3578.44	-605.29	-573.83	37.94	-6.42	45.68
2021-10-01T23:28:48	3569.74	-593.54	-576.92	38.43	-6.39	45.90
2021-10-01T23:28:50	3561.03	-581.79	-580.02	38.94	-6.36	46.12
2021-10-01T23:28:52	3552.32	-570.04	-583.11	39.44	-6.33	46.33
2021-10-01T23:28:54	3543.60	-558.28	-586.21	39.95	-6.29	46.55
2021-10-01T23:28:56	3534.88	-546.53	-589.30	40.47	-6.26	46.76
2021-10-01T23:28:58	3526.14	-534.77	-592.39	40.99	-6.22	46.97
2021-10-01T23:29:00	3517.41	-523.02	-595.48	41.52	-6.17	47.19
2021-10-01T23:29:02	3508.66	-511.26	-598.57	42.05	-6.13	47.40
2021-10-01T23:29:04	3499.91	-499.50	-601.66	42.59	-6.08	47.61
2021-10-01T23:29:06	3491.15	-487.74	-604.74	43.14	-6.03	47.82
2021-10-01T23:29:08	3482.39	-475.98	-607.83	43.69	-5.97	48.03
2021-10-01T23:29:10	3473.62	-464.22	-610.92	44.24	-5.91	48.24
2021-10-01T23:29:12	3464.84	-452.46	-614.00	44.80	-5.85	48.45
2021-10-01T23:29:14	3456.06	-440.69	-617.08	45.37	-5.78	48.65
2021-10-01T23:29:16	3447.26	-428.93	-620.16	45.94	-5.72	48.86
2021-10-01T23:29:18	3438.47	-417.16	-623.24	46.51	-5.64	49.06
2021-10-01T23:29:20	3429.66	-405.40	-626.32	47.09	-5.57	49.27
2021-10-01T23:29:22	3420.85	-393.63	-629.40	47.68	-5.49	49.47
2021-10-01T23:29:24	3412.03	-381.86	-632.47	48.27	-5.40	49.67
2021-10-01T23:29:26	3403.20	-370.10	-635.55	48.87	-5.31	49.87
2021-10-01T23:29:28	3394.37	-358.33	-638.62	49.47	-5.22	50.07
2021-10-01T23:29:30	3385.53	-346.56	-641.69	50.08	-5.13	50.26
2021-10-01T23:29:32	3376.68	-334.79	-644.77	50.70	-5.03	50.46
2021-10-01T23:29:34	3367.82	-323.01	-647.83	51.32	-4.92	50.65
2021-10-01T23:29:36	3358.96	-311.24	-650.90	51.94	-4.81	50.84
2021-10-01T23:29:38	3350.09	-299.47	-653.97	52.57	-4.70	51.03
2021-10-01T23:29:40	3341.22	-287.70	-657.03	53.21	-4.58	51.22
2021-10-01T23:29:42	3332.33	-275.92	-660.10	53.85	-4.46	51.41
2021-10-01T23:29:44	3323.44	-264.15	-663.16	54.49	-4.33	51.59
2021-10-01T23:29:46	3314.54	-252.37	-666.22	55.14	-4.20	51.78
2021-10-01T23:29:48	3305.64	-240.59	-669.28	55.80	-4.06	51.96
2021-10-01T23:29:50	3296.72	-228.82	-672.33	56.46	-3.92	52.14
2021-10-01T23:29:52	3287.80	-217.04	-675.39	57.13	-3.77	52.32
2021-10-01T23:29:54	3278.87	-205.26	-678.44	57.80	-3.62	52.49
2021-10-01T23:29:56	3269.94	-193.48	-681.50	58.47	-3.46	52.67
2021-10-01T23:29:58	3260.99	-181.70	-684.55	59.15	-3.30	52.84
2021-10-01T23:30:00	3252.04	-169.92	-687.60	59.84	-3.13	53.01
2021-10-01T23:30:02	3243.08	-158.15	-690.65	60.53	-2.95	53.17
2021-10-01T23:30:04	3234.11	-146.37	-693.69	61.23	-2.77	53.34
2021-10-01T23:30:06	3225.14	-134.59	-696.74	61.93	-2.58	53.50
2021-10-01T23:30:08	3216.15	-122.81	-699.78	62.63	-2.39	53.66
2021-10-01T23:30:10	3207.17	-111.02	-702.82	63.34	-2.19	53.82
2021-10-01T23:30:12	3198.16	-99.24	-705.86	64.06	-1.99	53.97
2021-10-01T23:30:14	3189.16	-87.46	-708.90	64.77	-1.78	54.12
2021-10-01T23:30:16	3180.14	-75.68	-711.93	65.50	-1.56	54.27
2021-10-01T23:30:18	3171.12	-63.89	-714.97	66.23	-1.33	54.42
2021-10-01T23:30:20	3162.09	-52.11	-718.00	66.96	-1.10	54.56
2021-10-01T23:30:22	3153.05	-40.33	-721.03	67.69	-0.87	54.70
2021-10-01T23:30:24	3144.00	-28.55	-724.06	68.43	-0.62	54.84
2021-10-01T23:30:26	3134.95	-16.76	-727.09	69.18	-0.37	54.97
2021-10-01T23:30:28	3125.88	-4.98	-730.11	69.92	-0.11	55.11
2021-10-01T23:30:30	3116.81	6.80	-733.13	70.68	0.15	55.24
2021-10-01T23:30:32	3107.73	18.59	-736.15	71.43	0.43	55.36
2021-10-01T23:30:34	3098.64	30.37	-739.17	72.19	0.71	55.48
2021-10-01T23:30:36	3089.55	42.15	-742.19	72.95	1.00	55.60
2021-10-01T23:30:38	3080.44	53.93	-745.20	73.72	1.29	55.72
2021-10-01T23:30:40	3071.33	65.72	-748.22	74.49	1.59	55.83
2021-10-01T23:30:42	3062.20	77.50	-751.23	75.26	1.90	55.94
2021-10-01T23:30:44	3053.07	89.28	-754.24	76.03	2.22	56.05
2021-10-01T23:30:46	3043.93	101.06	-757.24	76.81	2.55	56.15
2021-10-01T23:30:48	3034.78	112.85	-760.25	77.59	2.89	56.25
2021-10-01T23:30:50	3025.63	124.63	-763.25	78.37	3.23	56.35
2021-10-01T23:30:52	3016.46	136.41	-766.25	79.16	3.58	56.44
2021-10-01T23:30:54	3007.29	148.19	-769.24	79.94	3.94	56.53
2021-10-01T23:30:56	2998.10	159.97	-772.24	80.73	4.31	56.61
2021-10-01T23:30:58	2988.91	171.75	-775.23	81.52	4.68	56.69
2021-10-01T23:31:00	2979.71	183.53	-778.22	82.32	5.07	56.77
2021-10-01T23:31:02	2970.50	195.31	-781.21	83.11	5.46	56.84
2021-10-01T23:31:04	2961.28	207.09	-784.20	83.91	5.87	56.91
2021-10-01T23:31:06	2952.05	218.87	-787.18	84.70	6.28	56.98
2021-10-01T23:31:08	2942.82	230.64	-790.16	85.50	6.70	57.04
2021-10-01T23:31:10	2933.57	242.42	-793.14	86.30	7.13	57.10
2021-10-01T23:31:12	2924.32	254.20	-796.12	87.10	7.57	57.15
2021-10-01T23:31:14	2915.05	265.97	-799.09	87.90	8.02	57.20
2021-10-01T23:31:16	2905.78	277.75	-802.06	88.70	8.48	57.25
2021-10-01T23:31:18	2896.50	289.52	-805.03	89.50	8.95	57.29
2021-10-01T23:31:20	2887.21	301.29	-808.00	90.30	9.42	57.33
2021-10-01T23:31:22	2877.90	313.06	-810.96	91.10	9.91	57.36
2021-10-01T23:31:24	2868.59	324.83	-813.92	91.90	10.41	57.39
2021-10-01T23:31:26	2859.27	336.60	-816.88	92.70	10.91	57.41
2021-10-01T23:31:28	2849.95	348.37	-819.84	93.50	11.43	57.43
2021-10-01T23:31:30	2840.61	360.14	-822.79	94.30	11.96	57.45
2021-10-01T23:31:32	2831.26	371.90	-825.74	95.09	12.49	57.46
2021-10-01T23:31:34	2821.90	383.67	-828.69	95.89	13.04	57.47
2021-10-01T23:31:36	2812.54	395.44	-831.63	96.68	13.59	57.47
2021-10-01T23:31:38	2803.16	407.20	-834.57	97.47	14.16	57.47
2021-10-01T23:31:40	2793.77	418.96	-837.51	98.26	14.73	57.46
2021-10-01T23:31:42	2784.38	430.72	-840.45	99.04	15.32	57.45
2021-10-01T23:31:44	2774.97	442.48	-843.38	99.82	15.92	57.44
2021-10-01T23:31:46	2765.56	454.23	-846.31	100.60	16.52	57.42
2021-10-01T23:31:48	2756.14	465.99	-849.24	101.38	17.14	57.40
2021-10-01T23:31:50	2746.70	477.74	-852.16	102.15	17.77	57.37
2021-10-01T23:31:52	2737.26	489.49	-855.08	102.92	18.40	57.34
2021-10-01T23:31:54	2727.80	501.24	-858.00	103.68	19.05	57.30
2021-10-01T23:31:56	2718.34	512.99	-860.91	104.44	19.71	57.26
2021-10-01T23:31:58	2708.87	524.74	-863.83	105.19	20.38	57.21
2021-10-01T23:32:00	2699.38	536.48	-866.73	105.94	21.06	57.16
2021-10-01T23:32:02	2689.89	548.23	-869.64	106.69	21.74	57.11
2021-10-01T23:32:04	2680.39	559.97	-872.54	107.42	22.44	57.05
2021-10-01T23:32:06	2670.88	571.70	-875.44	108.16	23.15	56.98
2021-10-01T23:32:08	2661.35	583.44	-878.34	108.88	23.87	56.91
2021-10-01T23:32:10	2651.82	595.18	-881.23	109.60	24.60	56.84
2021-10-01T23:32:12	2642.28	606.91	-884.12	110.32	25.34	56.77
2021-10-01T23:32:14	2632.73	618.64	-887.00	111.02	26.09	56.68
2021-10-01T23:32:16	2623.16	630.37	-889.89	111.72	26.85	56.60
2021-10-01T23:32:18	2613.59	642.09	-892.76	112.41	27.62	56.51
2021-10-01T23:32:20	2604.01	653.82	-895.64	113.10	28.40	56.41
2021-10-01T23:32:22	2594.42	665.53	-898.51	113.77	29.19	56.31
2021-10-01T23:32:24	2584.81	677.25	-901.38	114.44	29.98	56.21
2021-10-01T23:32:26	2575.20	688.97	-904.25	115.10	30.79	56.10
2021-10-01T23:32:28	2565.58	700.68	-907.11	115.74	31.61	55.99
2021-10-01T23:32:30	2555.94	712.39	-909.96	116.38	32.44	55.88
2021-10-01T23:32:32	2546.30	724.10	-912.82	117.01	33.28	55.76
2021-10-01T23:32:34	2536.65	735.80	-915.67	117.63	34.12	55.63
2021-10-01T23:32:36	2526.98	747.50	-918.52	118.24	34.98	55.50
2021-10-01T23:32:38	2517.31	759.20	-921.36	118.84	35.84	55.37
2021-10-01T23:32:40	2507.62	770.89	-924.20	119.43	36.71	55.23
2021-10-01T23:32:42	2497.93	782.59	-927.03	120.00	37.60	55.09
2021-10-01T23:32:44	2488.23	794.27	-929.87	120.57	38.49	54.95
2021-10-01T23:32:46	2478.51	805.96	-932.69	121.12	39.39	54.80
2021-10-01T23:32:48	2468.79	817.64	-935.52	121.66	40.29	54.65
2021-10-01T23:32:50	2459.05	829.32	-938.34	122.19	41.21	54.49
2021-10-01T23:32:52	2449.31	840.99	-941.15	122.71	42.13	54.33
2021-10-01T23:32:54	2439.55	852.67	-943.97	123.21	43.06	54.17
2021-10-01T23:32:56	2429.78	864.34	-946.77	123.70	44.00	54.00
2021-10-01T23:32:58	2420.01	876.00	-949.58	124.18	44.95	53.83
2021-10-01T23:33:00	2410.22	887.66	-952.38	124.64	45.90	53.66
2021-10-01T23:33:02	2400.42	899.32	-955.17	125.09	46.86	53.48
2021-10-01T23:33:04	2390.61	910.97	-957.97	125.52	47.83	53.30
2021-10-01T23:33:06	2380.80	922.62	-960.75	125.94	48.81	53.12
2021-10-01T23:33:08	2370.97	934.26	-963.54	126.35	49.79	52.93
2021-10-01T23:33:10	2361.13	945.91	-966.32	126.74	50.77	52.74
2021-10-01T23:33:12	2351.28	957.54	-969.09	127.11	51.76	52.54
2021-10-01T23:33:14	2341.42	969.18	-971.86	127.47	52.76	52.35
2021-10-01T23:33:16	2331.55	980.80	-974.63	127.81	53.77	52.15
2021-10-01T23:33:18	2321.67	992.43	-977.39	128.14	54.77	51.94
2021-10-01T23:33:20	2311.79	1004.05	-980.15	128.44	55.79	51.74
2021-10-01T23:33:22	2301.89	1015.66	-982.90	128.74	56.80	51.53
2021-10-01T23:33:24	2291.97	1027.28	-985.65	129.01	57.82	51.32
2021-10-01T23:33:26	2282.05	1038.88	-988.40	129.27	58.85	51.10
2021-10-01T23:33:28	2272.12	1050.49	-991.14	129.51	59.88	50.88
2021-10-01T23:33:30	2262.18	1062.08	-993.87	129.74	60.91	50.67
2021-10-01T23:33:32	2252.23	1073.67	-996.61	129.94	61.95	50.44
2021-10-01T23:33:34	2242.27	1085.26	-999.33	130.13	62.98	50.22
2021-10-01T23:33:36	2232.30	1096.84	-1002.05	130.30	64.02	49.99
2021-10-01T23:33:38	2222.32	1108.42	-1004.77	130.46	65.07	49.76
2021-10-01T23:33:40	2212.33	1119.99	-1007.49	130.59	66.11	49.53
2021-10-01T23:33:42	2202.32	1131.56	-1010.19	130.70	67.16	49.30
2021-10-01T23:33:44	2192.31	1143.12	-1012.90	130.80	68.20	49.06
2021-10-01T23:33:46	2182.29	1154.68	-1015.60	130.88	69.25	48.83
2021-10-01T23:33:48	2172.26	1166.23	-1018.29	130.94	70.30	48.59
2021-10-01T23:33:50	2162.22	1177.78	-1020.98	130.97	71.34	48.35
2021-10-01T23:33:52	2152.16	1189.32	-1023.67	130.99	72.39	48.11
2021-10-01T23:33:54	2142.10	1200.86	-1026.35	130.99	73.44	47.86
2021-10-01T23:33:56	2132.03	1212.38	-1029.02	130.98	74.48	47.62
2021-10-01T23:33:58	2121.95	1223.91	-1031.69	130.94	75.52	47.37
2021-10-01T23:34:00	2111.85	1235.43	-1034.36	130.88	76.56	47.12
2021-10-01T23:34:02	2101.75	1246.94	-1037.02	130.80	77.60	46.87
2021-10-01T23:34:04	2091.64	1258.45	-1039.67	130.70	78.64	46.62
2021-10-01T23:34:06	2081.52	1269.95	-1042.32	130.59	79.67	46.37
2021-10-01T23:34:08	2071.39	1281.44	-1044.97	130.45	80.70	46.12
2021-10-01T23:34:10	2061.25	1292.93	-1047.61	130.29	81.73	45.87
2021-10-01T23:34:12	2051.10	1304.41	-1050.25	130.11	82.75	45.61
2021-10-01T23:34:14	2040.93	1315.89	-1052.88	129.92	83.76	45.36
2021-10-01T23:34:16	2030.76	1327.36	-1055.50	129.70	84.77	45.10
2021-10-01T23:34:18	2020.58	1338.83	-1058.13	129.46	85.78	44.85
2021-10-01T23:34:20	2010.39	1350.28	-1060.74	129.20	86.78	44.59
2021-10-01T23:34:22	2000.19	1361.73	-1063.35	128.93	87.77	44.33
2021-10-01T23:34:24	1989.99	1373.18	-1065.96	128.63	88.76	44.08
2021-10-01T23:34:26	1979.77	1384.62	-1068.56	128.32	89.74	43.82
2021-10-01T23:34:28	1969.54	1396.05	-1071.16	127.98	90.71	43.56
2021-10-01T23:34:30	1959.30	1407.47	-1073.75	127.62	91.68	43.31
2021-10-01T23:34:32	1949.06	1418.89	-1076.33	127.25	92.64	43.05
2021-10-01T23:34:34	1938.80	1430.31	-1078.91	126.86	93.58	42.79
2021-10-01T23:34:36	1928.54	1441.71	-1081.49	126.44	94.52	42.53
2021-10-01T23:34:38	1918.26	1453.11	-1084.06	126.01	95.45	42.28
2021-10-01T23:34:40	1907.98	1464.50	-1086.62	125.56	96.37	42.02
2021-10-01T23:34:42	1897.69	1475.89	-1089.18	125.09	97.28	41.77
2021-10-01T23:34:44	1887.39	1487.26	-1091.74	124.60	98.18	41.51
2021-10-01T23:34:46	1877.07	1498.63	-1094.29	124.09	99.07	41.25
2021-10-01T23:34:48	1866.76	1509.99	-1096.83	123.57	99.95	41.00
2021-10-01T23:34:50	1856.43	1521.35	-1099.37	123.02	100.82	40.75
2021-10-01T23:34:52	1846.09	1532.70	-1101.90	122.46	101.67	40.49
2021-10-01T23:34:54	1835.75	1544.04	-1104.43	121.88	102.51	40.24
2021-10-01T23:34:56	1825.39	1555.37	-1106.95	121.28	103.34	39.99
2021-10-01T23:34:58	1815.03	1566.70	-1109.47	120.67	104.16	39.74
2021-10-01T23:35:00	1804.66	1578.02	-1111.98	120.04	104.96	39.49
2021-10-01T23:35:02	1794.28	1589.33	-1114.49	119.39	105.75	39.25
2021-10-01T23:35:04	1783.89	1600.64	-1116.99	118.73	106.53	39.00
2021-10-01T23:35:06	1773.49	1611.93	-1119.49	118.05	107.29	38.75
2021-10-01T23:35:08	1763.08	1623.22	-1121.98	117.35	108.04	38.51
2021-10-01T23:35:10	1752.67	1634.50	-1124.47	116.64	108.77	38.27
2021-10-01T23:35:12	1742.25	1645.77	-1126.95	115.91	109.49	38.03
2021-10-01T23:35:14	1731.81	1657.04	-1129.42	115.17	110.20	37.79
2021-10-01T23:35:16	1721.38	1668.30	-1131.89	114.41	110.89	37.55
2021-10-01T23:35:18	1710.93	1679.55	-1134.36	113.64	111.56	37.32
2021-10-01T23:35:20	1700.48	1690.79	-1136.81	112.86	112.21	37.08
2021-10-01T23:35:22	1690.01	1702.02	-1139.27	112.06	112.86	36.85
2021-10-01T23:35:24	1679.54	1713.25	-1141.72	111.25	113.48	36.62
2021-10-01T23:35:26	1669.06	1724.47	-1144.16	110.42	114.09	36.39
2021-10-01T23:35:28	1658.58	1735.67	-1146.60	109.58	114.68	36.16
2021-10-01T23:35:30	1648.08	1746.88	-1149.03	108.73	115.25	35.94
2021-10-01T23:35:32	1637.58	1758.07	-1151.46	107.87	115.81	35.71
2021-10-01T23:35:34	1627.07	1769.26	-1153.88	107.00	116.35	35.49
2021-10-01T23:35:36	1616.55	1780.43	-1156.29	106.11	116.87	35.28
2021-10-01T23:35:38	1606.03	1791.60	-1158.70	105.22	117.38	35.06
2021-10-01T23:35:40	1595.49	1802.76	-1161.11	104.31	117.86	34.84
2021-10-01T23:35:42	1584.96	1813.92	-1163.51	103.40	118.33	34.63
2021-10-01T23:35:44	1574.41	1825.06	-1165.90	102.47	118.78	34.42
2021-10-01T23:35:46	1563.85	1836.20	-1168.29	101.54	119.22	34.21
2021-10-01T23:35:48	1553.29	1847.32	-1170.68	100.59	119.63	34.01
2021-10-01T23:35:50	1542.73	1858.44	-1173.05	99.64	120.03	33.80
2021-10-01T23:35:52	1532.15	1869.55	-1175.43	98.68	120.41	33.60
2021-10-01T23:35:54	1521.57	1880.65	-1177.80	97.71	120.77	33.41
2021-10-01T23:35:56	1510.98	1891.75	-1180.16	96.74	121.12	33.21
2021-10-01T23:35:58	1500.39	1902.83	-1182.51	95.76	121.44	33.01
2021-10-01T23:36:00	1489.78	1913.91	-1184.87	94.77	121.75	32.82
2021-10-01T23:36:02	1479.17	1924.98	-1187.21	93.77	122.04	32.63
2021-10-01T23:36:04	1468.56	1936.04	-1189.55	92.77	122.31	32.45
2021-10-01T23:36:06	1457.94	1947.09	-1191.89	91.77	122.56	32.26
2021-10-01T23:36:08	1447.31	1958.13	-1194.22	90.76	122.79	32.08
2021-10-01T23:36:10	1436.67	1969.17	-1196.55	89.74	123.01	31.90
2021-10-01T23:36:12	1426.03	1980.19	-1198.87	88.72	123.20	31.73
2021-10-01T23:36:14	1415.39	1991.21	-1201.18	87.70	123.38	31.55
2021-10-01T23:36:16	1404.73	2002.22	-1203.49	86.68	123.54	31.38
2021-10-01T23:36:18	1394.07	2013.21	-1205.79	85.65	123.69	31.21
2021-10-01T23:36:20	1383.41	2024.20	-1208.10	84.62	123.81	31.04
2021-10-01T23:36:22	1372.74	2035.19	-1210.39	83.58	123.92	30.88
2021-10-01T23:36:24	1362.06	2046.16	-1212.68	82.55	124.01	30.72
2021-10-01T23:36:26	1351.38	2057.12	-1214.96	81.51	124.08	30.56
2021-10-01T23:36:28	1340.69	2068.08	-1217.24	80.47	124.13	30.40
2021-10-01T23:36:30	1330.00	2079.03	-1219.51	79.43	124.17	30.24
2021-10-01T23:36:32	1319.29	2089.96	-1221.78	78.40	124.19	30.09
2021-10-01T23:36:34	1308.59	2100.90	-1224.04	77.36	124.19	29.94
2021-10-01T23:36:36	1297.88	2111.82	-1226.30	76.32	124.18	29.79
2021-10-01T23:36:38	1287.16	2122.73	-1228.55	75.28	124.15	29.65
2021-10-01T23:36:40	1276.44	2133.63	-1230.80	74.24	124.10	29.51
2021-10-01T23:36:42	1265.71	2144.53	-1233.04	73.21	124.04	29.37
2021-10-01T23:36:44	1254.98	2155.41	-1235.28	72.17	123.96	29.23
2021-10-01T23:36:46	1244.24	2166.29	-1237.51	71.14	123.86	29.09
2021-10-01T23:36:48	1233.50	2177.16	-1239.74	70.11	123.75	28.96
2021-10-01T23:36:50	1222.75	2188.01	-1241.96	69.09	123.62	28.83
2021-10-01T23:36:52	1212.00	2198.86	-1244.18	68.06	123.48	28.70
2021-10-01T23:36:54	1201.25	2209.71	-1246.39	67.04	123.32	28.57
2021-10-01T23:36:56	1190.49	2220.54	-1248.60	66.02	123.15	28.44
2021-10-01T23:36:58	1179.72	2231.36	-1250.80	65.01	122.96	28.32
2021-10-01T23:37:00	1168.95	2242.18	-1253.00	64.00	122.76	28.20
2021-10-01T23:37:02	1158.17	2252.99	-1255.19	62.99	122.54	28.08
2021-10-01T23:37:04	1147.39	2263.78	-1257.38	61.99	122.31	27.96
2021-10-01T23:37:06	1136.61	2274.57	-1259.56	61.00	122.07	27.85
2021-10-01T23:37:08	1125.82	2285.35	-1261.74	60.01	121.81	27.74
2021-10-01T23:37:10	1115.03	2296.13	-1263.92	59.02	121.54	27.63
2021-10-01T23:37:12	1104.23	2306.89	-1266.08	58.04	121.25	27.52
2021-10-01T23:37:14	1093.43	2317.64	-1268.25	57.07	120.96	27.41
2021-10-01T23:37:16	1082.62	2328.39	-1270.41	56.10	120.65	27.30
2021-10-01T23:37:18	1071.81	2339.13	-1272.56	55.13	120.32	27.20
2021-10-01T23:37:20	1061.00	2349.85	-1274.71	54.18	119.99	27.10
2021-10-01T23:37:22	1050.18	2360.57	-1276.85	53.23	119.64	27.00
2021-10-01T23:37:24	1039.36	2371.28	-1278.99	52.28	119.28	26.90
2021-10-01T23:37:26	1028.54	2381.98	-1281.13	51.35	118.91	26.80
2021-10-01T23:37:28	1017.71	2392.68	-1283.26	50.42	118.53	26.71
2021-10-01T23:37:30	1006.88	2403.36	-1285.38	49.49	118.14	26.62
2021-10-01T23:37:32	996.04	2414.04	-1287.51	48.58	117.74	26.52
2021-10-01T23:37:34	985.20	2424.71	-1289.62	47.67	117.33	26.43
2021-10-01T23:37:36	974.36	2435.37	-1291.74	46.77	116.90	26.34
2021-10-01T23:37:38	963.51	2446.02	-1293.84	45.88	116.47	26.26
2021-10-01T23:37:40	952.66	2456.66	-1295.94	45.00	116.03	26.17
2021-10-01T23:37:42	941.81	2467.29	-1298.04	44.12	115.58	26.08
2021-10-01T23:37:44	930.96	2477.92	-1300.14	43.25	115.12	26.00
2021-10-01T23:37:46	920.10	2488.54	-1302.23	42.39	114.65	25.92
2021-10-01T23:37:48	909.23	2499.14	-1304.31	41.54	114.17	25.84
2021-10-01T23:37:50	898.37	2509.74	-1306.39	40.70	113.69	25.76
2021-10-01T23:37:52	887.50	2520.33	-1308.47	39.86	113.20	25.68
2021-10-01T23:37:54	876.63	2530.92	-1310.54	39.03	112.70	25.60
2021-10-01T23:37:56	865.76	2541.49	-1312.61	38.22	112.19	25.52
2021-10-01T23:37:58	854.88	2552.06	-1314.67	37.41	111.67	25.45
2021-10-01T23:38:00	844.00	2562.62	-1316.73	36.61	111.15	25.37
2021-10-01T23:38:02	833.12	2573.17	-1318.79	35.82	110.62	25.30
2021-10-01T23:38:04	822.23	2583.71	-1320.84	35.03	110.08	25.23
2021-10-01T23:38:06	811.34	2594.24	-1322.88	34.26	109.54	25.16
2021-10-01T23:38:08	800.45	2604.77	-1324.92	33.49	108.99	25.09
2021-10-01T23:38:10	789.56	2615.28	-1326.96	32.74	108.44	25.02
2021-10-01T23:38:12	778.67	2625.79	-1328.99	31.99	107.88	24.95
2021-10-01T23:38:14	767.77	2636.29	-1331.02	31.25	107.32	24.88
2021-10-01T23:38:16	756.87	2646.78	-1333.05	30.53	106.75	24.81
2021-10-01T23:38:18	745.97	2657.27	-1335.07	29.81	106.17	24.74
2021-10-01T23:38:20	735.06	2667.74	-1337.09	29.10	105.60	24.68
2021-10-01T23:38:22	724.16	2678.21	-1339.10	28.39	105.01	24.61
2021-10-01T23:38:24	713.25	2688.67	-1341.11	27.70	104.43	24.54
2021-10-01T23:38:26	702.34	2699.12	-1343.12	27.02	103.83	24.48
2021-10-01T23:38:28	691.42	2709.57	-1345.11	26.34	103.24	24.42
2021-10-01T23:38:30	680.51	2720.00	-1347.11	25.68	102.64	24.35
2021-10-01T23:38:32	669.59	2730.43	-1349.10	25.02	102.04	24.29
2021-10-01T23:38:34	658.67	2740.85	-1351.09	24.38	101.44	24.23
2021-10-01T23:38:36	647.75	2751.26	-1353.08	23.74	100.83	24.16
2021-10-01T23:38:38	636.83	2761.67	-1355.06	23.11	100.22	24.10
2021-10-01T23:38:40	625.91	2772.06	-1357.04	22.49	99.60	24.04
2021-10-01T23:38:42	614.98	2782.45	-1359.01	21.88	98.99	23.98
2021-10-01T23:38:44	604.05	2792.83	-1360.98	21.28	98.37	23.92
2021-10-01T23:38:46	593.12	2803.21	-1362.95	20.68	97.75	23.86
2021-10-01T23:38:48	582.19	2813.57	-1364.91	20.10	97.13	23.80
2021-10-01T23:38:50	571.26	2823.93	-1366.87	19.52	96.51	23.74
2021-10-01T23:38:52	560.33	2834.28	-1368.82	18.96	95.89	23.68
2021-10-01T23:38:54	549.39	2844.62	-1370.77	18.40	95.26	23.62
2021-10-01T23:38:56	538.45	2854.96	-1372.72	17.85	94.64	23.56
2021-10-01T23:38:58	527.52	2865.28	-1374.66	17.31	94.01	23.50
2021-10-01T23:39:00	516.57	2875.60	-1376.60	16.77	93.38	23.44
2021-10-01T23:39:02	505.63	2885.92	-1378.54	16.25	92.75	23.38
2021-10-01T23:39:04	494.69	2896.22	-1380.47	15.74	92.12	23.32
2021-10-01T23:39:06	483.75	2906.52	-1382.40	15.23	91.49	23.27
2021-10-01T23:39:08	472.80	2916.81	-1384.33	14.73	90.86	23.21
2021-10-01T23:39:10	461.86	2927.09	-1386.25	14.24	90.24	23.15
2021-10-01T23:39:12	450.91	2937.37	-1388.17	13.76	89.61	23.09
2021-10-01T23:39:14	439.96	2947.64	-1390.09	13.28	88.98	23.03
2021-10-01T23:39:16	429.01	2957.90	-1392.00	12.81	88.35	22.97
2021-10-01T23:39:18	418.06	2968.15	-1393.91	12.36	87.72	22.91
2021-10-01T23:39:20	407.11	2978.40	-1395.81	11.90	87.09	22.86
2021-10-01T23:39:22	396.16	2988.64	-1397.71	11.46	86.47	22.80
2021-10-01T23:39:24	385.21	2998.87	-1399.61	11.03	85.84	22.74
2021-10-01T23:39:26	374.25	3009.09	-1401.51	10.60	85.22	22.68
2021-10-01T23:39:28	363.30	3019.31	-1403.40	10.18	84.59	22.62
2021-10-01T23:39:30	352.34	3029.52	-1405.29	9.77	83.97	22.56
2021-10-01T23:39:32	341.39	3039.73	-1407.17	9.36	83.35	22.51
2021-10-01T23:39:34	330.43	3049.92	-1409.06	8.96	82.73	22.45
2021-10-01T23:39:36	319.47	3060.11	-1410.93	8.57	82.11	22.39
2021-10-01T23:39:38	308.51	3070.30	-1412.81	8.19	81.49	22.33
2021-10-01T23:39:40	297.56	3080.47	-1414.68	7.81	80.88	22.27
2021-10-01T23:39:42	286.60	3090.64	-1416.55	7.44	80.27	22.21
2021-10-01T23:39:44	275.63	3100.81	-1418.42	7.08	79.65	22.15
2021-10-01T23:39:46	264.67	3110.96	-1420.28	6.73	79.05	22.09
2021-10-01T23:39:48	253.71	3121.11	-1422.14	6.38	78.44	22.03
2021-10-01T23:39:50	242.75	3131.25	-1424.00	6.03	77.83	21.97
2021-10-01T23:39:52	231.79	3141.39	-1425.85	5.70	77.23	21.91
2021-10-01T23:39:54	220.82	3151.52	-1427.70	5.37	76.63	21.85
2021-10-01T23:39:56	209.86	3161.64	-1429.55	5.05	76.03	21.79
2021-10-01T23:39:58	198.90	3171.76	-1431.39	4.73	75.43	21.73
2021-10-01T23:40:00	187.93	3181.86	-1433.23	4.42	74.84	21.67
2021-10-01T23:40:02	176.97	3191.97	-1435.07	4.12	74.25	21.61
2021-10-01T23:40:04	166.00	3202.06	-1436.91	3.82	73.66	21.55
2021-10-01T23:40:06	155.04	3212.15	-1438.74	3.53	73.08	21.49
2021-10-01T23:40:08	144.07	3222.24	-1440.57	3.24	72.49	21.43
2021-10-01T23:40:10	133.11	3232.31	-1442.40	2.96	71.91	21.37
2021-10-01T23:40:12	122.14	3242.38	-1444.22	2.69	71.34	21.31
2021-10-01T23:40:14	111.18	3252.45	-1446.04	2.42	70.76	21.24
2021-10-01T23:40:16	100.21	3262.50	-1447.86	2.16	70.19	21.18
2021-10-01T23:40:18	89.24	3272.55	-1449.68	1.90	69.62	21.12
2021-10-01T23:40:20	78.28	3282.60	-1451.49	1.65	69.05	21.06
2021-10-01T23:40:22	67.31	3292.64	-1453.30	1.40	68.49	20.99
2021-10-01T23:40:24	56.34	3302.67	-1455.11	1.16	67.93	20.93
2021-10-01T23:40:26	45.38	3312.70	-1456.91	0.92	67.38	20.87
2021-10-01T23:40:28	34.41	3322.72	-1458.71	0.69	66.82	20.81
2021-10-01T23:40:30	23.44	3332.73	-1460.52	0.47	66.27	20.74
2021-10-01T23:40:32	12.48	3342.74	-1462.31	0.25	65.72	20.68
2021-10-01T23:40:34	1.51	3352.75	-1464.10	0.03	65.18	20.62
2021-10-01T23:40:36	-9.46	3362.74	-1465.90	-0.18	64.64	20.55
2021-10-01T23:40:38	-20.43	3372.73	-1467.69	-0.39	64.10	20.49
2021-10-01T23:40:40	-31.39	3382.72	-1469.47	-0.59	63.57	20.43
2021-10-01T23:40:42	-42.36	3392.70	-1471.26	-0.79	63.04	20.36
2021-10-01T23:40:44	-53.33	3402.67	-1473.04	-0.98	62.51	20.30
2021-10-01T23:40:46	-64.29	3412.64	-1474.81	-1.17	61.99	20.23
2021-10-01T23:40:48	-75.26	3422.60	-1476.59	-1.35	61.47	20.17
2021-10-01T23:40:50	-86.22	3432.55	-1478.36	-1.53	60.95	20.10
2021-10-01T23:40:52	-97.19	3442.50	-1480.14	-1.71	60.44	20.04
2021-10-01T23:40:54	-108.16	3452.45	-1481.90	-1.88	59.93	19.97
2021-10-01T23:40:56	-119.12	3462.38	-1483.67	-2.04	59.42	19.91
2021-10-01T23:40:58	-130.09	3472.32	-1485.43	-2.21	58.92	19.84
2021-10-01T23:41:00	-141.05	3482.24	-1487.19	-2.37	58.42	19.78
2021-10-01T23:41:02	-152.02	3492.16	-1488.95	-2.52	57.92	19.71
2021-10-01T23:41:04	-162.98	3502.08	-1490.71	-2.67	57.43	19.64
2021-10-01T23:41:06	-173.95	3511.99	-1492.46	-2.82	56.94	19.58
2021-10-01T23:41:08	-184.91	3521.89	-1494.21	-2.96	56.45	19.51
2021-10-01T23:41:10	-195.88	3531.79	-1495.96	-3.10	55.97	19.45
2021-10-01T23:41:12	-206.84	3541.69	-1497.71	-3.24	55.49	19.38
2021-10-01T23:41:14	-217.80	3551.58	-1499.46	-3.37	55.02	19.31
2021-10-01T23:41:16	-228.76	3561.46	-1501.20	-3.50	54.54	19.25
2021-10-01T23:41:18	-239.73	3571.34	-1502.94	-3.63	54.08	19.18
2021-10-01T23:41:20	-250.69	3581.21	-1504.67	-3.75	53.61	19.11
2021-10-01T23:41:22	-261.65	3591.07	-1506.41	-3.87	53.15	19.05
2021-10-01T23:41:24	-272.61	3600.93	-1508.14	-3.99	52.69	18.98
2021-10-01T23:41:26	-283.57	3610.79	-1509.87	-4.10	52.24	18.91
2021-10-01T23:41:28	-294.53	3620.64	-1511.60	-4.21	51.79	18.84
2021-10-01T23:41:30	-305.49	3630.49	-1513.33	-4.32	51.34	18.78
2021-10-01T23:41:32	-316.45	3640.33	-1515.05	-4.42	50.90	18.71
2021-10-01T23:41:34	-327.41	3650.16	-1516.78	-4.53	50.46	18.64
2021-10-01T23:41:36	-338.37	3660.00	-1518.50	-4.62	50.02	18.57
2021-10-01T23:41:38	-349.33	3669.82	-1520.22	-4.72	49.59	18.51
2021-10-01T23:41:40	-360.28	3679.64	-1521.93	-4.81	49.16	18.44
2021-10-01T23:41:42	-371.24	3689.46	-1523.65	-4.90	48.73	18.37
2021-10-01T23:41:44	-382.19	3699.26	-1525.36	-4.99	48.31	18.30
2021-10-01T23:41:46	-393.15	3709.07	-1527.07	-5.08	47.89	18.24
2021-10-01T23:41:48	-404.11	3718.87	-1528.77	-5.16	47.47	18.17
2021-10-01T23:41:50	-415.06	3728.67	-1530.48	-5.24	47.06	18.10
2021-10-01T23:41:52	-426.01	3738.46	-1532.18	-5.32	46.65	18.03
2021-10-01T23:41:54	-436.97	3748.24	-1533.88	-5.39	46.24	17.96
2021-10-01T23:41:56	-447.92	3758.02	-1535.58	-5.46	45.84	17.90
2021-10-01T23:41:58	-458.87	3767.80	-1537.28	-5.53	45.44	17.83
2021-10-01T23:42:00	-469.82	3777.57	-1538.98	-5.60	45.04	17.76
2021-10-01T23:42:02	-480.78	3787.34	-1540.67	-5.67	44.65	17.69
2021-10-01T23:42:04	-491.72	3797.10	-1542.36	-5.73	44.26	17.62
2021-10-01T23:42:06	-502.67	3806.85	-1544.05	-5.79	43.88	17.56
2021-10-01T23:42:08	-513.62	3816.61	-1545.74	-5.85	43.49	17.49
2021-10-01T23:42:10	-524.57	3826.35	-1547.43	-5.91	43.11	17.42
2021-10-01T23:42:12	-535.52	3836.09	-1549.11	-5.97	42.74	17.35
2021-10-01T23:42:14	-546.46	3845.84	-1550.79	-6.02	42.36	17.28
2021-10-01T23:42:16	-557.41	3855.57	-1552.47	-6.07	41.99	17.22
2021-10-01T23:42:18	-568.36	3865.30	-1554.15	-6.12	41.63	17.15
2021-10-01T23:42:20	-579.30	3875.02	-1555.83	-6.17	41.26	17.08
2021-10-01T23:42:22	-590.25	3884.74	-1557.50	-6.21	40.90	17.01
2021-10-01T23:42:24	-601.19	3894.46	-1559.18	-6.26	40.55	16.95
2021-10-01T23:42:26	-612.13	3904.17	-1560.85	-6.30	40.19	16.88
2021-10-01T23:42:28	-623.07	3913.87	-1562.52	-6.34	39.84	16.81
2021-10-01T23:42:30	-634.01	3923.58	-1564.18	-6.38	39.49	16.74
2021-10-01T23:42:32	-644.95	3933.27	-1565.85	-6.42	39.15	16.67
2021-10-01T23:42:34	-655.89	3942.97	-1567.51	-6.46	38.81	16.61
2021-10-01T23:42:36	-666.83	3952.66	-1569.18	-6.49	38.47	16.54
2021-10-01T23:42:38	-677.77	3962.34	-1570.84	-6.52	38.13	16.47
2021-10-01T23:42:40	-688.71	3972.02	-1572.49	-6.55	37.80	16.41
2021-10-01T23:42:42	-699.65	3981.70	-1574.15	-6.58	37.47	16.34
2021-10-01T23:42:44	-710.58	3991.37	-1575.81	-6.61	37.14	16.27
2021-10-01T23:42:46	-721.52	4001.04	-1577.46	-6.64	36.82	16.20
2021-10-01T23:42:48	-732.45	4010.70	-1579.11	-6.67	36.50	16.14
2021-10-01T23:42:50	-743.38	4020.36	-1580.76	-6.69	36.18	16.07
2021-10-01T23:42:52	-754.31	4030.01	-1582.41	-6.71	35.87	16.00
2021-10-01T23:42:54	-765.25	4039.66	-1584.06	-6.74	35.55	15.94
2021-10-01T23:42:56	-776.18	4049.31	-1585.70	-6.76	35.24	15.87
2021-10-01T23:42:58	-787.11	4058.95	-1587.35	-6.78	34.94	15.80
2021-10-01T23:43:00	-798.04	4068.59	-1588.99	-6.79	34.63	15.74
2021-10-01T23:43:02	-808.96	4078.23	-1590.63	-6.81	34.33	15.67
2021-10-01T23:43:04	-819.89	4087.86	-1592.27	-6.83	34.03	15.60
2021-10-01T23:43:06	-830.82	4097.48	-1593.91	-6.84	33.74	15.54
2021-10-01T23:43:08	-841.74	4107.11	-1595.55	-6.85	33.45	15.47
2021-10-01T23:43:10	-852.67	4116.72	-1597.18	-6.87	33.16	15.41
2021-10-01T23:43:12	-863.59	4126.34	-1598.81	-6.88	32.87	15.34
2021-10-01T23:43:14	-874.52	4135.95	-1600.44	-6.89	32.58	15.28
2021-10-01T23:43:16	-885.44	4145.56	-1602.07	-6.90	32.30	15.21
2021-10-01T23:43:18	-896.36	4155.16	-1603.70	-6.91	32.02	15.15
2021-10-01T23:43:20	-907.28	4164.76	-1605.33	-6.92	31.74	15.08
2021-10-01T23:43:22	-918.20	4174.35	-1606.95	-6.92	31.47	15.02
2021-10-01T23:43:24	-929.12	4183.94	-1608.58	-6.93	31.20	14.95
2021-10-01T23:43:26	-940.04	4193.53	-1610.20	-6.93	30.93	14.89
2021-10-01T23:43:28	-950.96	4203.11	-1611.82	-6.94	30.66	14.82
2021-10-01T23:43:30	-961.87	4212.69	-1613.44	-6.94	30.40	14.76
2021-10-01T23:43:32	-972.79	4222.27	-1615.06	-6.94	30.13	14.69
2021-10-01T23:43:34	-983.70	4231.84	-1616.67	-6.94	29.87	14.63
2021-10-01T23:43:36	-994.62	4241.41	-1618.29	-6.95	29.62	14.57
2021-10-01T23:43:38	-1005.53	4250.98	-1619.90	-6.95	29.36	14.50
2021-10-01T23:43:40	-1016.44	4260.54	-1621.51	-6.94	29.11	14.44
2021-10-01T23:43:42	-1027.35	4270.10	-1623.12	-6.94	28.86	14.37
2021-10-01T23:43:44	-1038.26	4279.65	-1624.73	-6.94	28.61	14.31
2021-10-01T23:43:46	-1049.17	4289.20	-1626.34	-6.94	28.37	14.25
2021-10-01T23:43:48	-1060.08	4298.75	-1627.95	-6.94	28.12	14.19
2021-10-01T23:43:50	-1070.98	4308.29	-1629.55	-6.93	27.88	14.12
2021-10-01T23:43:52	-1081.89	4317.83	-1631.16	-6.93	27.64	14.06
2021-10-01T23:43:54	-1092.80	4327.37	-1632.76	-6.92	27.41	14.00
2021-10-01T23:43:56	-1103.70	4336.90	-1634.36	-6.92	27.17	13.94
2021-10-01T23:43:58	-1114.60	4346.43	-1635.96	-6.91	26.94	13.87
2021-10-01T23:44:00	-1125.51	4355.95	-1637.56	-6.90	26.71	13.81
2021-10-01T23:44:02	-1136.41	4365.47	-1639.16	-6.89	26.48	13.75
2021-10-01T23:44:04	-1147.31	4374.99	-1640.75	-6.89	26.26	13.69
2021-10-01T23:44:06	-1158.21	4384.51	-1642.35	-6.88	26.03	13.63
2021-10-01T23:44:08	-1169.11	4394.02	-1643.94	-6.87	25.81	13.57
2021-10-01T23:44:10	-1180.01	4403.53	-1645.53	-6.86	25.59	13.51
2021-10-01T23:44:12	-1190.90	4413.04	-1647.12	-6.85	25.38	13.45
2021-10-01T23:44:14	-1201.80	4422.54	-1648.71	-6.84	25.16	13.38
2021-10-01T23:44:16	-1212.69	4432.04	-1650.30	-6.83	24.95	13.32
2021-10-01T23:44:18	-1223.59	4441.53	-1651.89	-6.81	24.74	13.26
2021-10-01T23:44:20	-1234.48	4451.02	-1653.47	-6.80	24.53	13.20
2021-10-01T23:44:22	-1245.37	4460.51	-1655.06	-6.79	24.32	13.15
2021-10-01T23:44:24	-1256.26	4470.00	-1656.64	-6.78	24.11	13.09
2021-10-01T23:44:26	-1267.15	4479.48	-1658.22	-6.76	23.91	13.03
2021-10-01T23:44:28	-1278.04	4488.96	-1659.81	-6.75	23.71	12.97
2021-10-01T23:44:30	-1288.93	4498.43	-1661.39	-6.74	23.51	12.91
2021-10-01T23:44:32	-1299.82	4507.90	-1662.96	-6.72	23.31	12.85
2021-10-01T23:44:34	-1310.70	4517.37	-1664.54	-6.71	23.12	12.79
2021-10-01T23:44:36	-1321.59	4526.84	-1666.11	-6.69	22.92	12.73
2021-10-01T23:44:38	-1332.47	4536.30	-1667.69	-6.68	22.73	12.68
2021-10-01T23:44:40	-1343.36	4545.76	-1669.26	-6.66	22.54	12.62
2021-10-01T23:44:42	-1354.24	4555.22	-1670.84	-6.65	22.35	12.56
2021-10-01T23:44:44	-1365.12	4564.67	-1672.41	-6.63	22.17	12.50
2021-10-01T23:44:46	-1376.00	4574.12	-1673.98	-6.61	21.98	12.45
2021-10-01T23:44:48	-1386.88	4583.57	-1675.55	-6.60	21.80	12.39
2021-10-01T23:44:50	-1397.76	4593.01	-1677.12	-6.58	21.62	12.33
2021-10-01T23:44:52	-1408.64	4602.46	-1678.68	-6.56	21.44	12.28
2021-10-01T23:44:54	-1419.51	4611.90	-1680.25	-6.54	21.26	12.22
2021-10-01T23:44:56	-1430.39	4621.33	-1681.81	-6.53	21.08	12.16
2021-10-01T23:44:58	-1441.27	4630.76	-1683.38	-6.51	20.91	12.11
2021-10-01T23:45:00	-1452.14	4640.19	-1684.94	-6.49	20.73	12.05
2021-10-01T23:45:02	-1463.01	4649.62	-1686.50	-6.47	20.56	12.00
2021-10-01T23:45:04	-1473.88	4659.04	-1688.06	-6.45	20.39	11.94
2021-10-01T23:45:06	-1484.75	4668.46	-1689.62	-6.43	20.22	11.89
2021-10-01T23:45:08	-1495.62	4677.88	-1691.18	-6.41	20.06	11.83
2021-10-01T23:45:10	-1506.50	4687.29	-1692.74	-6.39	19.89	11.78
2021-10-01T23:45:12	-1517.36	4696.70	-1694.29	-6.37	19.73	11.72
2021-10-01T23:45:14	-1528.23	4706.11	-1695.85	-6.35	19.57	11.67
2021-10-01T23:45:16	-1539.10	4715.52	-1697.40	-6.33	19.41	11.61
2021-10-01T23:45:18	-1549.96	4724.92	-1698.95	-6.31	19.25	11.56
2021-10-01T23:45:20	-1560.82	4734.32	-1700.51	-6.29	19.09	11.51
2021-10-01T23:45:22	-1571.69	4743.72	-1702.06	-6.27	18.93	11.45
2021-10-01T23:45:24	-1582.55	4753.12	-1703.61	-6.25	18.78	11.40
2021-10-01T23:45:26	-1593.41	4762.51	-1705.15	-6.23	18.63	11.35
2021-10-01T23:45:28	-1604.27	4771.90	-1706.70	-6.21	18.48	11.30
2021-10-01T23:45:30	-1615.13	4781.28	-1708.25	-6.19	18.32	11.24
2021-10-01T23:45:32	-1625.99	4790.67	-1709.80	-6.17	18.18	11.19
2021-10-01T23:45:34	-1636.84	4800.05	-1711.34	-6.15	18.03	11.14
2021-10-01T23:45:36	-1647.70	4809.43	-1712.88	-6.13	17.88	11.09
2021-10-01T23:45:38	-1658.56	4818.80	-1714.43	-6.11	17.74	11.04
2021-10-01T23:45:40	-1669.41	4828.17	-1715.97	-6.08	17.59	10.99
2021-10-01T23:45:42	-1680.26	4837.54	-1717.51	-6.06	17.45	10.93
2021-10-01T23:45:44	-1691.12	4846.91	-1719.05	-6.04	17.31	10.88
2021-10-01T23:45:46	-1701.97	4856.28	-1720.59	-6.02	17.17	10.83
2021-10-01T23:45:48	-1712.82	4865.64	-1722.13	-6.00	17.03	10.78
