Time	POS_X	POS_Y	POS_Z	B_X	B_Y	B_Z
2021-10-01T23:23:36	4868.82	-2409.96	-87.23	81.32	-9.12	-1.59
2021-10-01T23:23:38	4860.77	-2398.42	-90.39	81.36	-9.13	-1.41
2021-10-01T23:23:40	4852.72	-2386.89	-93.55	81.40	-9.14	-1.23
2021-10-01T23:23:42	4844.66	-2375.35	-96.71	81.42	-9.14	-1.05
2021-10-01T23:23:44	4836.60	-2363.82	-99.87	81.45	-9.10	-0.89
2021-10-01T23:23:46	4828.54	-2352.28	-103.02	81.47	-9.05	-0.74
2021-10-01T23:23:48	4820.48	-2340.74	-106.18	81.48	-9.01	-0.62
2021-10-01T23:23:50	4812.41	-2329.19	-109.34	81.47	-9.04	-0.55
2021-10-01T23:23:52	4804.35	-2317.65	-112.50	81.47	-9.07	-0.48
2021-10-01T23:23:54	4796.28	-2306.11	-115.65	81.46	-9.09	-0.40
2021-10-01T23:23:56	4788.20	-2294.56	-118.81	81.48	-9.10	-0.32
2021-10-01T23:23:58	4780.13	-2283.02	-121.97	81.56	-9.06	-0.24
2021-10-01T23:24:00	4772.05	-2271.47	-125.12	81.68	-8.98	-0.15
2021-10-01T23:24:02	4763.97	-2259.92	-128.28	81.79	-8.89	-0.04
2021-10-01T23:24:04	4755.88	-2248.37	-131.44	81.90	-8.82	0.06
2021-10-01T23:24:06	4747.79	-2236.81	-134.59	82.00	-8.76	0.15
2021-10-01T23:24:08	4739.70	-2225.26	-137.75	82.12	-8.74	0.22
2021-10-01T23:24:10	4731.61	-2213.71	-140.91	82.25	-8.74	0.29
2021-10-01T23:24:12	4723.51	-2202.15	-144.06	82.39	-8.72	0.38
2021-10-01T23:24:14	4715.41	-2190.59	-147.22	82.54	-8.69	0.48
2021-10-01T23:24:16	4707.31	-2179.03	-150.37	82.69	-8.66	0.59
2021-10-01T23:24:18	4699.21	-2167.47	-153.53	82.90	-8.57	0.71
2021-10-01T23:24:20	4691.10	-2155.91	-156.69	83.12	-8.46	0.83
2021-10-01T23:24:22	4682.98	-2144.35	-159.84	83.34	-8.35	0.96
2021-10-01T23:24:24	4674.87	-2132.78	-163.00	83.55	-8.25	1.10
2021-10-01T23:24:26	4666.75	-2121.21	-166.15	83.76	-8.14	1.24
2021-10-01T23:24:28	4658.63	-2109.65	-169.31	83.97	-8.07	1.39
2021-10-01T23:24:30	4650.51	-2098.08	-172.46	84.16	-8.00	1.55
2021-10-01T23:24:32	4642.39	-2086.51	-175.62	84.34	-7.94	1.72
2021-10-01T23:24:34	4634.26	-2074.93	-178.77	84.50	-7.89	1.90
2021-10-01T23:24:36	4626.13	-2063.36	-181.93	84.66	-7.84	2.09
2021-10-01T23:24:38	4617.99	-2051.79	-185.09	84.80	-7.77	2.36
2021-10-01T23:24:40	4609.85	-2040.21	-188.24	84.93	-7.71	2.63
2021-10-01T23:24:42	4601.71	-2028.63	-191.40	85.06	-7.65	2.90
2021-10-01T23:24:44	4593.57	-2017.05	-194.55	85.20	-7.60	3.17
2021-10-01T23:24:46	4585.42	-2005.47	-197.70	85.35	-7.55	3.44
2021-10-01T23:24:48	4577.27	-1993.89	-200.86	85.43	-7.51	3.70
2021-10-01T23:24:50	4569.11	-1982.31	-204.01	85.49	-7.46	3.97
2021-10-01T23:24:52	4560.96	-1970.72	-207.17	85.55	-7.41	4.26
2021-10-01T23:24:54	4552.79	-1959.14	-210.32	85.59	-7.37	4.56
2021-10-01T23:24:56	4544.63	-1947.55	-213.47	85.63	-7.33	4.88
2021-10-01T23:24:58	4536.46	-1935.96	-216.63	85.63	-7.24	5.06
2021-10-01T23:25:00	4528.29	-1924.37	-219.78	85.63	-7.16	5.21
2021-10-01T23:25:02	4520.12	-1912.78	-222.93	85.63	-7.09	5.36
2021-10-01T23:25:04	4511.94	-1901.18	-226.09	85.63	-7.02	5.52
2021-10-01T23:25:06	4503.76	-1889.59	-229.24	85.63	-6.96	5.69
2021-10-01T23:25:08	4495.58	-1877.99	-232.39	85.57	-6.97	5.96
2021-10-01T23:25:10	4487.39	-1866.40	-235.55	85.52	-6.98	6.23
2021-10-01T23:25:12	4479.20	-1854.79	-238.70	85.46	-6.98	6.51
2021-10-01T23:25:14	4471.00	-1843.19	-241.85	85.49	-6.97	6.83
2021-10-01T23:25:16	4462.81	-1831.59	-245.00	85.66	-6.92	7.20
2021-10-01T23:25:18	4454.61	-1819.99	-248.15	86.43	-6.62	7.62
2021-10-01T23:25:20	4446.40	-1808.38	-251.31	87.08	-6.25	8.05
2021-10-01T23:25:22	4438.19	-1796.78	-254.46	87.63	-5.80	8.49
2021-10-01T23:25:24	4429.98	-1785.17	-257.61	88.10	-5.27	8.92
2021-10-01T23:25:26	4421.77	-1773.56	-260.76	88.18	-4.76	9.20
2021-10-01T23:25:28	4413.55	-1761.95	-263.91	87.11	-4.53	8.94
2021-10-01T23:25:30	4405.33	-1750.33	-267.06	86.21	-4.21	8.74
2021-10-01T23:25:32	4397.10	-1738.72	-270.21	85.36	-3.83	8.58
2021-10-01T23:25:34	4388.87	-1727.11	-273.36	84.50	-3.42	8.47
2021-10-01T23:25:36	4380.64	-1715.49	-276.51	83.31	-3.11	8.34
2021-10-01T23:25:38	4372.40	-1703.87	-279.66	81.43	-3.26	7.94
2021-10-01T23:25:40	4364.16	-1692.25	-282.81	79.63	-3.66	7.45
2021-10-01T23:25:42	4355.92	-1680.63	-285.96	77.60	-4.18	7.02
2021-10-01T23:25:44	4347.67	-1669.01	-289.11	75.40	-4.69	6.82
2021-10-01T23:25:46	4339.42	-1657.38	-292.26	72.43	-4.70	6.67
2021-10-01T23:25:48	4331.17	-1645.76	-295.41	68.64	-4.60	6.35
2021-10-01T23:25:50	4322.91	-1634.13	-298.55	65.06	-4.69	5.87
2021-10-01T23:25:52	4314.65	-1622.50	-301.70	61.68	-4.91	5.25
2021-10-01T23:25:54	4306.38	-1610.87	-304.85	58.51	-5.18	4.55
2021-10-01T23:25:56	4298.11	-1599.24	-308.00	55.15	-3.92	3.87
2021-10-01T23:25:58	4289.83	-1587.60	-311.14	51.31	-2.12	3.51
2021-10-01T23:26:00	4281.56	-1575.97	-314.29	47.50	-0.72	3.17
2021-10-01T23:26:02	4273.28	-1564.33	-317.44	43.69	0.28	2.81
2021-10-01T23:26:04	4264.99	-1552.70	-320.58	39.84	0.88	2.43
2021-10-01T23:26:06	4256.70	-1541.06	-323.73	35.70	1.27	2.58
2021-10-01T23:26:08	4248.41	-1529.42	-326.87	31.34	1.79	3.30
2021-10-01T23:26:10	4240.11	-1517.78	-330.02	27.08	2.48	4.18
2021-10-01T23:26:12	4231.81	-1506.13	-333.16	22.90	3.09	4.99
2021-10-01T23:26:14	4223.50	-1494.49	-336.31	18.75	3.62	5.72
2021-10-01T23:26:16	4215.19	-1482.84	-339.45	14.97	3.99	6.57
2021-10-01T23:26:18	4206.88	-1471.19	-342.60	11.45	4.24	7.57
2021-10-01T23:26:20	4198.56	-1459.54	-345.74	7.95	4.45	8.61
2021-10-01T23:26:22	4190.24	-1447.89	-348.89	4.45	4.53	9.74
2021-10-01T23:26:24	4181.91	-1436.24	-352.03	0.96	4.52	10.93
2021-10-01T23:26:26	4173.58	-1424.58	-355.17	-1.79	4.84	11.92
2021-10-01T23:26:28	4165.25	-1412.93	-358.31	-4.20	5.22	12.84
2021-10-01T23:26:30	4156.91	-1401.27	-361.45	-6.60	5.53	13.77
2021-10-01T23:26:32	4148.56	-1389.61	-364.60	-8.96	5.79	14.70
2021-10-01T23:26:34	4140.22	-1377.95	-367.74	-11.28	6.00	15.62
2021-10-01T23:26:36	4131.86	-1366.29	-370.88	-12.50	5.75	16.02
2021-10-01T23:26:38	4123.51	-1354.63	-374.02	-13.12	5.41	16.11
2021-10-01T23:26:40	4115.15	-1342.97	-377.16	-13.66	5.13	16.15
2021-10-01T23:26:42	4106.78	-1331.30	-380.30	-14.13	4.87	16.14
2021-10-01T23:26:44	4098.41	-1319.63	-383.44	-14.52	4.63	16.11
2021-10-01T23:26:46	4090.04	-1307.96	-386.57	-13.54	4.56	15.95
2021-10-01T23:26:48	4081.66	-1296.29	-389.71	-12.33	4.51	15.66
2021-10-01T23:26:50	4073.28	-1284.62	-392.85	-11.08	4.48	15.36
2021-10-01T23:26:52	4064.89	-1272.95	-395.99	-9.73	4.42	15.07
2021-10-01T23:26:54	4056.50	-1261.28	-399.13	-8.21	4.31	14.65
2021-10-01T23:26:56	4048.10	-1249.60	-402.26	-5.63	3.97	13.89
2021-10-01T23:26:58	4039.70	-1237.92	-405.40	-2.91	3.55	13.02
2021-10-01T23:27:00	4031.30	-1226.24	-408.53	-0.04	3.11	12.09
2021-10-01T23:27:02	4022.89	-1214.56	-411.67	2.98	2.68	11.10
2021-10-01T23:27:04	4014.47	-1202.88	-414.80	5.92	2.46	9.98
2021-10-01T23:27:06	4006.05	-1191.20	-417.94	8.81	2.43	8.46
2021-10-01T23:27:08	3997.63	-1179.51	-421.07	11.83	2.35	6.91
2021-10-01T23:27:10	3989.20	-1167.83	-424.21	14.94	2.23	5.31
2021-10-01T23:27:12	3980.77	-1156.14	-427.34	18.15	2.06	3.65
2021-10-01T23:27:14	3972.33	-1144.45	-430.47	21.46	1.87	1.98
2021-10-01T23:27:16	3963.88	-1132.76	-433.60	25.11	1.71	0.57
2021-10-01T23:27:18	3955.44	-1121.07	-436.73	29.16	1.51	-0.57
2021-10-01T23:27:20	3946.98	-1109.38	-439.86	33.22	1.22	-1.73
2021-10-01T23:27:22	3938.53	-1097.68	-442.99	37.20	0.86	-2.98
2021-10-01T23:27:24	3930.06	-1085.99	-446.12	40.99	0.36	-4.43
2021-10-01T23:27:26	3921.59	-1074.29	-449.25	44.66	-0.32	-6.13
2021-10-01T23:27:28	3913.12	-1062.59	-452.38	48.40	-1.10	-7.86
2021-10-01T23:27:30	3904.64	-1050.89	-455.51	52.24	-1.98	-9.57
2021-10-01T23:27:32	3896.16	-1039.19	-458.63	56.21	-3.26	-10.77
2021-10-01T23:27:34	3887.67	-1027.48	-461.76	59.41	-4.46	-11.74
2021-10-01T23:27:36	3879.18	-1015.78	-464.89	61.73	-5.53	-12.33
2021-10-01T23:27:38	3870.68	-1004.07	-468.01	64.16	-6.68	-12.82
2021-10-01T23:27:40	3862.18	-992.37	-471.14	66.66	-7.94	-13.24
2021-10-01T23:27:42	3853.67	-980.66	-474.26	69.21	-9.35	-13.64
2021-10-01T23:27:44	3845.15	-968.95	-477.38	70.96	-10.16	-13.96
2021-10-01T23:27:46	3836.63	-957.23	-480.51	72.04	-10.19	-14.11
2021-10-01T23:27:48	3828.11	-945.52	-483.63	73.23	-10.32	-14.27
2021-10-01T23:27:50	3819.58	-933.81	-486.75	74.53	-10.54	-14.45
2021-10-01T23:27:52	3811.04	-922.09	-489.87	75.93	-10.85	-14.67
2021-10-01T23:27:54	3802.50	-910.38	-492.99	77.58	-11.22	-14.41
2021-10-01T23:27:56	3793.96	-898.66	-496.11	79.08	-11.69	-13.90
2021-10-01T23:27:58	3785.41	-886.94	-499.23	80.21	-11.72	-13.16
2021-10-01T23:28:00	3776.85	-875.22	-502.34	81.35	-11.53	-12.25
2021-10-01T23:28:02	3768.28	-863.49	-505.46	82.59	-11.38	-11.35
2021-10-01T23:28:04	3759.72	-851.77	-508.58	83.95	-10.68	-10.48
2021-10-01T23:28:06	3751.14	-840.05	-511.69	85.51	-9.80	-9.78
2021-10-01T23:28:08	3742.56	-828.32	-514.81	87.27	-8.95	-9.27
2021-10-01T23:28:10	3733.98	-816.59	-517.92	89.21	-8.18	-8.94
2021-10-01T23:28:12	3725.39	-804.87	-521.04	90.22	-7.59	-8.81
2021-10-01T23:28:14	3716.79	-793.13	-524.15	89.84	-7.53	-8.68
2021-10-01T23:28:16	3708.19	-781.41	-527.26	89.45	-7.39	-8.48
2021-10-01T23:28:18	3699.58	-769.67	-530.37	89.22	-7.13	-8.16
2021-10-01T23:28:20	3690.97	-757.94	-533.48	89.15	-6.78	-7.73
2021-10-01T23:28:22	3682.35	-746.20	-536.59	89.24	-6.37	-7.15
2021-10-01T23:28:24	3673.72	-734.47	-539.70	89.77	-5.61	-6.22
2021-10-01T23:28:26	3665.09	-722.73	-542.80	90.11	-4.98	-5.27
2021-10-01T23:28:28	3656.45	-710.99	-545.91	90.39	-4.40	-4.33
2021-10-01T23:28:30	3647.80	-699.25	-549.02	90.63	-3.86	-3.43
2021-10-01T23:28:32	3639.16	-687.51	-552.12	90.85	-3.38	-2.59
2021-10-01T23:28:34	3630.50	-675.77	-555.22	91.11	-3.15	-1.96
2021-10-01T23:28:36	3621.84	-664.02	-558.33	91.37	-2.95	-1.43
2021-10-01T23:28:38	3613.17	-652.28	-561.43	91.80	-2.71	-0.88
2021-10-01T23:28:40	3604.49	-640.53	-564.53	92.25	-2.54	-0.32
2021-10-01T23:28:42	3595.82	-628.79	-567.63	92.71	-2.43	0.23
2021-10-01T23:28:44	3587.13	-617.04	-570.73	93.28	-2.34	0.64
2021-10-01T23:28:46	3578.44	-605.29	-573.83	93.80	-2.43	0.88
2021-10-01T23:28:48	3569.74	-593.54	-576.92	94.27	-2.66	0.96
2021-10-01T23:28:50	3561.03	-581.79	-580.02	94.60	-2.91	0.98
2021-10-01T23:28:52	3552.32	-570.04	-583.11	94.97	-2.60	1.54
2021-10-01T23:28:54	3543.60	-558.28	-586.21	95.63	-2.04	2.19
2021-10-01T23:28:56	3534.88	-546.53	-589.30	96.42	-1.53	2.74
2021-10-01T23:28:58	3526.14	-534.77	-592.39	97.30	-1.03	3.21
2021-10-01T23:29:00	3517.41	-523.02	-595.48	98.24	-0.54	3.63
2021-10-01T23:29:02	3508.66	-511.26	-598.57	98.57	-0.19	3.84
2021-10-01T23:29:04	3499.91	-499.50	-601.66	98.15	0.07	3.75
2021-10-01T23:29:06	3491.15	-487.74	-604.74	97.68	0.33	3.61
2021-10-01T23:29:08	3482.39	-475.98	-607.83	97.29	0.54	3.48
2021-10-01T23:29:10	3473.62	-464.22	-610.92	96.95	0.70	3.38
2021-10-01T23:29:12	3464.84	-452.46	-614.00	96.96	0.98	3.68
2021-10-01T23:29:14	3456.06	-440.69	-617.08	97.21	1.42	4.21
2021-10-01T23:29:16	3447.26	-428.93	-620.16	97.57	1.96	4.81
2021-10-01T23:29:18	3438.47	-417.16	-623.24	98.07	2.34	5.44
2021-10-01T23:29:20	3429.66	-405.40	-626.32	98.60	2.68	6.10
2021-10-01T23:29:22	3420.85	-393.63	-629.40	98.88	2.60	6.67
2021-10-01T23:29:24	3412.03	-381.86	-632.47	99.07	2.42	7.30
2021-10-01T23:29:26	3403.20	-370.10	-635.55	99.16	2.23	7.94
2021-10-01T23:29:28	3394.37	-358.33	-638.62	99.23	1.99	8.67
2021-10-01T23:29:30	3385.53	-346.56	-641.69	99.25	1.86	9.11
2021-10-01T23:29:32	3376.68	-334.79	-644.77	99.48	2.23	9.07
2021-10-01T23:29:34	3367.82	-323.01	-647.83	99.69	2.55	9.17
2021-10-01T23:29:36	3358.96	-311.24	-650.90	99.86	2.79	9.42
2021-10-01T23:29:38	3350.09	-299.47	-653.97	99.99	2.98	9.78
2021-10-01T23:29:40	3341.22	-287.70	-657.03	100.09	3.12	10.26
2021-10-01T23:29:42	3332.33	-275.92	-660.10	100.50	3.26	10.96
2021-10-01T23:29:44	3323.44	-264.15	-663.16	101.34	3.68	11.74
2021-10-01T23:29:46	3314.54	-252.37	-666.22	102.27	4.11	12.41
2021-10-01T23:29:48	3305.64	-240.59	-669.28	103.28	4.54	12.97
2021-10-01T23:29:50	3296.72	-228.82	-672.33	104.22	4.90	13.41
2021-10-01T23:29:52	3287.80	-217.04	-675.39	104.60	5.14	13.79
2021-10-01T23:29:54	3278.87	-205.26	-678.44	104.81	5.26	14.10
2021-10-01T23:29:56	3269.94	-193.48	-681.50	104.80	5.15	14.42
2021-10-01T23:29:58	3260.99	-181.70	-684.55	104.86	4.95	14.90
2021-10-01T23:30:00	3252.04	-169.92	-687.60	105.07	4.68	15.55
2021-10-01T23:30:02	3243.08	-158.15	-690.65	105.31	4.49	16.28
2021-10-01T23:30:04	3234.11	-146.37	-693.69	105.56	4.49	17.03
2021-10-01T23:30:06	3225.14	-134.59	-696.74	105.78	4.68	17.76
2021-10-01T23:30:08	3216.15	-122.81	-699.78	106.00	4.98	18.35
2021-10-01T23:30:10	3207.17	-111.02	-702.82	106.49	5.06	18.67
2021-10-01T23:30:12	3198.16	-99.24	-705.86	107.13	5.05	19.08
2021-10-01T23:30:14	3189.16	-87.46	-708.90	107.75	5.16	19.63
2021-10-01T23:30:16	3180.14	-75.68	-711.93	108.34	5.41	20.27
2021-10-01T23:30:18	3171.12	-63.89	-714.97	108.91	5.82	20.96
2021-10-01T23:30:20	3162.09	-52.11	-718.00	109.44	6.17	21.55
2021-10-01T23:30:22	3153.05	-40.33	-721.03	110.01	6.03	22.07
2021-10-01T23:30:24	3144.00	-28.55	-724.06	110.54	5.80	22.50
2021-10-01T23:30:26	3134.95	-16.76	-727.09	111.04	5.49	22.86
2021-10-01T23:30:28	3125.88	-4.98	-730.11	111.50	5.08	23.16
2021-10-01T23:30:30	3116.81	6.80	-733.13	111.71	5.25	23.43
2021-10-01T23:30:32	3107.73	18.59	-736.15	111.92	5.68	23.71
2021-10-01T23:30:34	3098.64	30.37	-739.17	112.33	6.13	24.17
2021-10-01T23:30:36	3089.55	42.15	-742.19	113.03	6.50	24.66
2021-10-01T23:30:38	3080.44	53.93	-745.20	114.01	6.84	25.06
2021-10-01T23:30:40	3071.33	65.72	-748.22	114.82	6.96	25.55
2021-10-01T23:30:42	3062.20	77.50	-751.23	115.52	7.18	25.99
2021-10-01T23:30:44	3053.07	89.28	-754.24	116.19	7.48	26.40
2021-10-01T23:30:46	3043.93	101.06	-757.24	116.75	7.90	26.74
2021-10-01T23:30:48	3034.78	112.85	-760.25	117.12	8.36	27.02
2021-10-01T23:30:50	3025.63	124.63	-763.25	117.41	8.51	27.44
2021-10-01T23:30:52	3016.46	136.41	-766.25	117.72	8.69	27.77
2021-10-01T23:30:54	3007.29	148.19	-769.24	118.03	8.89	28.00
2021-10-01T23:30:56	2998.10	159.97	-772.24	118.27	9.11	28.12
2021-10-01T23:30:58	2988.91	171.75	-775.23	118.51	9.33	28.23
2021-10-01T23:31:00	2979.71	183.53	-778.22	119.09	9.47	28.80
2021-10-01T23:31:02	2970.50	195.31	-781.21	119.67	9.69	29.39
2021-10-01T23:31:04	2961.28	207.09	-784.20	120.29	9.98	30.00
2021-10-01T23:31:06	2952.05	218.87	-787.18	120.96	10.34	30.64
2021-10-01T23:31:08	2942.82	230.64	-790.16	121.76	10.75	31.23
2021-10-01T23:31:10	2933.57	242.42	-793.14	122.64	11.17	31.69
2021-10-01T23:31:12	2924.32	254.20	-796.12	123.56	11.67	32.14
2021-10-01T23:31:14	2915.05	265.97	-799.09	124.44	12.12	32.55
2021-10-01T23:31:16	2905.78	277.75	-802.06	125.30	12.50	32.94
2021-10-01T23:31:18	2896.50	289.52	-805.03	126.04	12.76	33.33
2021-10-01T23:31:20	2887.21	301.29	-808.00	126.79	12.91	33.74
2021-10-01T23:31:22	2877.90	313.06	-810.96	127.65	13.01	34.12
2021-10-01T23:31:24	2868.59	324.83	-813.92	128.17	13.34	34.36
2021-10-01T23:31:26	2859.27	336.60	-816.88	128.58	13.82	34.40
2021-10-01T23:31:28	2849.95	348.37	-819.84	128.88	14.63	34.49
2021-10-01T23:31:30	2840.61	360.14	-822.79	129.19	15.50	34.74
2021-10-01T23:31:32	2831.26	371.90	-825.74	129.56	16.34	35.10
2021-10-01T23:31:34	2821.90	383.67	-828.69	130.03	17.19	35.52
2021-10-01T23:31:36	2812.54	395.44	-831.63	131.01	17.76	36.04
2021-10-01T23:31:38	2803.16	407.20	-834.57	132.19	18.07	36.51
2021-10-01T23:31:40	2793.77	418.96	-837.51	133.23	18.45	36.92
2021-10-01T23:31:42	2784.38	430.72	-840.45	134.11	18.95	37.28
2021-10-01T23:31:44	2774.97	442.48	-843.38	134.83	19.58	37.61
2021-10-01T23:31:46	2765.56	454.23	-846.31	135.39	20.36	37.93
2021-10-01T23:31:48	2756.14	465.99	-849.24	136.02	20.58	38.00
2021-10-01T23:31:50	2746.70	477.74	-852.16	136.91	20.73	38.06
2021-10-01T23:31:52	2737.26	489.49	-855.08	138.02	20.86	38.13
2021-10-01T23:31:54	2727.80	501.24	-858.00	139.36	21.00	38.21
2021-10-01T23:31:56	2718.34	512.99	-860.91	140.88	21.21	38.37
2021-10-01T23:31:58	2708.87	524.74	-863.83	141.81	21.75	39.02
2021-10-01T23:32:00	2699.38	536.48	-866.73	142.24	22.42	39.87
2021-10-01T23:32:02	2689.89	548.23	-869.64	142.44	23.23	40.76
2021-10-01T23:32:04	2680.39	559.97	-872.54	142.79	24.03	41.51
2021-10-01T23:32:06	2670.88	571.70	-875.44	143.29	24.78	42.06
2021-10-01T23:32:08	2661.35	583.44	-878.34	143.93	25.48	42.32
2021-10-01T23:32:10	2651.82	595.18	-881.23	144.79	26.19	42.55
2021-10-01T23:32:12	2642.28	606.91	-884.12	145.73	26.83	42.61
2021-10-01T23:32:14	2632.73	618.64	-887.00	146.44	27.47	42.59
2021-10-01T23:32:16	2623.16	630.37	-889.89	146.86	28.13	42.64
2021-10-01T23:32:18	2613.59	642.09	-892.76	147.08	28.72	42.78
2021-10-01T23:32:20	2604.01	653.82	-895.64	147.30	29.32	43.00
2021-10-01T23:32:22	2594.42	665.53	-898.51	147.57	29.93	43.29
2021-10-01T23:32:24	2584.81	677.25	-901.38	148.24	30.42	43.58
2021-10-01T23:32:26	2575.20	688.97	-904.25	149.22	30.84	43.81
2021-10-01T23:32:28	2565.58	700.68	-907.11	150.18	31.32	44.04
2021-10-01T23:32:30	2555.94	712.39	-909.96	150.95	31.83	44.25
2021-10-01T23:32:32	2546.30	724.10	-912.82	151.52	32.38	44.45
2021-10-01T23:32:34	2536.65	735.80	-915.67	151.88	32.98	44.65
2021-10-01T23:32:36	2526.98	747.50	-918.52	152.38	33.65	44.95
2021-10-01T23:32:38	2517.31	759.20	-921.36	153.09	34.28	45.26
2021-10-01T23:32:40	2507.62	770.89	-924.20	153.83	34.89	45.52
2021-10-01T23:32:42	2497.93	782.59	-927.03	154.55	35.48	45.76
2021-10-01T23:32:44	2488.23	794.27	-929.87	155.24	36.04	45.98
2021-10-01T23:32:46	2478.51	805.96	-932.69	155.78	36.59	46.24
2021-10-01T23:32:48	2468.79	817.64	-935.52	155.96	37.31	46.62
2021-10-01T23:32:50	2459.05	829.32	-938.34	156.26	38.10	47.07
2021-10-01T23:32:52	2449.31	840.99	-941.15	156.78	38.89	47.53
2021-10-01T23:32:54	2439.55	852.67	-943.97	157.52	39.70	48.00
2021-10-01T23:32:56	2429.78	864.34	-946.77	158.25	40.49	48.41
2021-10-01T23:32:58	2420.01	876.00	-949.58	158.91	41.25	48.69
2021-10-01T23:33:00	2410.22	887.66	-952.38	159.15	41.95	48.83
2021-10-01T23:33:02	2400.42	899.32	-955.17	159.37	42.69	48.99
2021-10-01T23:33:04	2390.61	910.97	-957.97	159.68	43.47	49.20
2021-10-01T23:33:06	2380.80	922.62	-960.75	160.01	44.21	49.57
2021-10-01T23:33:08	2370.97	934.26	-963.54	160.46	44.95	49.97
2021-10-01T23:33:10	2361.13	945.91	-966.32	161.02	45.66	50.41
2021-10-01T23:33:12	2351.28	957.54	-969.09	161.39	46.34	50.81
2021-10-01T23:33:14	2341.42	969.18	-971.86	161.61	47.02	51.25
2021-10-01T23:33:16	2331.55	980.80	-974.63	161.76	47.90	51.62
2021-10-01T23:33:18	2321.67	992.43	-977.39	161.98	48.93	51.99
2021-10-01T23:33:20	2311.79	1004.05	-980.15	162.32	50.01	52.35
2021-10-01T23:33:22	2301.89	1015.66	-982.90	162.77	51.13	52.66
2021-10-01T23:33:24	2291.97	1027.28	-985.65	163.12	52.14	52.86
2021-10-01T23:33:26	2282.05	1038.88	-988.40	163.31	52.99	53.00
2021-10-01T23:33:28	2272.12	1050.49	-991.14	163.42	53.88	53.19
2021-10-01T23:33:30	2262.18	1062.08	-993.87	163.47	54.83	53.43
2021-10-01T23:33:32	2252.23	1073.67	-996.61	163.48	55.82	53.71
2021-10-01T23:33:34	2242.27	1085.26	-999.33	163.73	56.88	53.96
2021-10-01T23:33:36	2232.30	1096.84	-1002.05	164.26	57.89	54.02
2021-10-01T23:33:38	2222.32	1108.42	-1004.77	164.59	58.86	54.06
2021-10-01T23:33:40	2212.33	1119.99	-1007.49	164.74	59.83	54.09
2021-10-01T23:33:42	2202.32	1131.56	-1010.19	164.73	60.80	54.13
2021-10-01T23:33:44	2192.31	1143.12	-1012.90	164.64	61.80	54.21
2021-10-01T23:33:46	2182.29	1154.68	-1015.60	164.99	62.95	54.41
2021-10-01T23:33:48	2172.26	1166.23	-1018.29	165.41	64.07	54.55
2021-10-01T23:33:50	2162.22	1177.78	-1020.98	165.77	65.14	54.59
2021-10-01T23:33:52	2152.16	1189.32	-1023.67	166.05	66.15	54.55
2021-10-01T23:33:54	2142.10	1200.86	-1026.35	166.17	67.09	54.49
2021-10-01T23:33:56	2132.03	1212.38	-1029.02	166.09	67.99	54.63
2021-10-01T23:33:58	2121.95	1223.91	-1031.69	166.06	69.05	54.95
2021-10-01T23:34:00	2111.85	1235.43	-1034.36	166.01	70.03	55.18
2021-10-01T23:34:02	2101.75	1246.94	-1037.02	165.93	70.91	55.33
2021-10-01T23:34:04	2091.64	1258.45	-1039.67	165.82	71.74	55.40
2021-10-01T23:34:06	2081.52	1269.95	-1042.32	165.60	72.57	55.45
2021-10-01T23:34:08	2071.39	1281.44	-1044.97	165.33	73.52	55.54
2021-10-01T23:34:10	2061.25	1292.93	-1047.61	165.31	74.66	55.65
2021-10-01T23:34:12	2051.10	1304.41	-1050.25	165.43	75.82	55.73
2021-10-01T23:34:14	2040.93	1315.89	-1052.88	165.63	76.93	55.74
2021-10-01T23:34:16	2030.76	1327.36	-1055.50	165.59	77.91	55.67
2021-10-01T23:34:18	2020.58	1338.83	-1058.13	165.30	78.82	55.60
2021-10-01T23:34:20	2010.39	1350.28	-1060.74	164.91	79.74	55.59
2021-10-01T23:34:22	2000.19	1361.73	-1063.35	164.71	80.72	55.60
2021-10-01T23:34:24	1989.99	1373.18	-1065.96	164.69	81.71	55.64
2021-10-01T23:34:26	1979.77	1384.62	-1068.56	164.68	82.65	55.68
2021-10-01T23:34:28	1969.54	1396.05	-1071.16	164.55	83.52	55.67
2021-10-01T23:34:30	1959.30	1407.47	-1073.75	164.28	84.37	55.64
2021-10-01T23:34:32	1949.06	1418.89	-1076.33	163.91	85.32	55.54
2021-10-01T23:34:34	1938.80	1430.31	-1078.91	163.67	86.25	55.36
2021-10-01T23:34:36	1928.54	1441.71	-1081.49	163.49	87.02	55.08
2021-10-01T23:34:38	1918.26	1453.11	-1084.06	163.21	87.71	54.76
2021-10-01T23:34:40	1907.98	1464.50	-1086.62	162.81	88.32	54.42
2021-10-01T23:34:42	1897.69	1475.89	-1089.18	162.60	89.01	54.14
2021-10-01T23:34:44	1887.39	1487.26	-1091.74	162.71	89.92	54.06
2021-10-01T23:34:46	1877.07	1498.63	-1094.29	162.68	90.87	54.06
2021-10-01T23:34:48	1866.76	1509.99	-1096.83	162.32	91.66	54.04
2021-10-01T23:34:50	1856.43	1521.35	-1099.37	161.67	92.30	54.01
2021-10-01T23:34:52	1846.09	1532.70	-1101.90	160.78	92.86	53.99
2021-10-01T23:34:54	1835.75	1544.04	-1104.43	160.51	93.75	54.22
2021-10-01T23:34:56	1825.39	1555.37	-1106.95	160.47	94.68	54.57
2021-10-01T23:34:58	1815.03	1566.70	-1109.47	160.20	95.43	54.84
2021-10-01T23:35:00	1804.66	1578.02	-1111.98	159.72	96.05	55.04
2021-10-01T23:35:02	1794.28	1589.33	-1114.49	159.09	96.54	55.19
2021-10-01T23:35:04	1783.89	1600.64	-1116.99	158.59	97.06	55.40
2021-10-01T23:35:06	1773.49	1611.93	-1119.49	158.46	97.62	55.65
2021-10-01T23:35:08	1763.08	1623.22	-1121.98	158.24	98.10	55.84
2021-10-01T23:35:10	1752.67	1634.50	-1124.47	157.94	98.52	55.97
2021-10-01T23:35:12	1742.25	1645.77	-1126.95	157.58	98.89	56.06
2021-10-01T23:35:14	1731.81	1657.04	-1129.42	157.17	99.25	56.11
2021-10-01T23:35:16	1721.38	1668.30	-1131.89	156.75	99.70	56.12
2021-10-01T23:35:18	1710.93	1679.55	-1134.36	156.32	100.13	56.12
2021-10-01T23:35:20	1700.48	1690.79	-1136.81	155.88	100.55	56.12
2021-10-01T23:35:22	1690.01	1702.02	-1139.27	155.47	100.98	56.11
2021-10-01T23:35:24	1679.54	1713.25	-1141.72	155.09	101.45	56.11
2021-10-01T23:35:26	1669.06	1724.47	-1144.16	154.58	101.85	56.13
2021-10-01T23:35:28	1658.58	1735.67	-1146.60	154.05	102.27	56.16
2021-10-01T23:35:30	1648.08	1746.88	-1149.03	153.49	102.72	56.29
2021-10-01T23:35:32	1637.58	1758.07	-1151.46	152.95	103.19	56.48
2021-10-01T23:35:34	1627.07	1769.26	-1153.88	152.42	103.66	56.71
2021-10-01T23:35:36	1616.55	1780.43	-1156.29	151.69	103.90	56.75
2021-10-01T23:35:38	1606.03	1791.60	-1158.70	150.74	104.14	56.63
2021-10-01T23:35:40	1595.49	1802.76	-1161.11	149.90	104.48	56.48
2021-10-01T23:35:42	1584.96	1813.92	-1163.51	149.14	104.90	56.31
2021-10-01T23:35:44	1574.41	1825.06	-1165.90	148.45	105.37	56.11
2021-10-01T23:35:46	1563.85	1836.20	-1168.29	147.71	105.77	55.88
2021-10-01T23:35:48	1553.29	1847.32	-1170.68	146.93	106.14	55.68
2021-10-01T23:35:50	1542.73	1858.44	-1173.05	146.23	106.57	55.56
2021-10-01T23:35:52	1532.15	1869.55	-1175.43	145.60	107.03	55.51
2021-10-01T23:35:54	1521.57	1880.65	-1177.80	145.00	107.51	55.51
2021-10-01T23:35:56	1510.98	1891.75	-1180.16	144.39	107.89	55.58
2021-10-01T23:35:58	1500.39	1902.83	-1182.51	143.68	108.16	55.70
2021-10-01T23:36:00	1489.78	1913.91	-1184.87	142.85	108.38	55.85
2021-10-01T23:36:02	1479.17	1924.98	-1187.21	142.02	108.56	55.98
2021-10-01T23:36:04	1468.56	1936.04	-1189.55	141.13	108.67	56.07
2021-10-01T23:36:06	1457.94	1947.09	-1191.89	140.23	108.74	56.12
2021-10-01T23:36:08	1447.31	1958.13	-1194.22	139.37	108.84	56.16
2021-10-01T23:36:10	1436.67	1969.17	-1196.55	138.60	109.07	56.21
2021-10-01T23:36:12	1426.03	1980.19	-1198.87	137.81	109.29	56.26
2021-10-01T23:36:14	1415.39	1991.21	-1201.18	136.98	109.47	56.30
2021-10-01T23:36:16	1404.73	2002.22	-1203.49	136.16	109.62	56.31
2021-10-01T23:36:18	1394.07	2013.21	-1205.79	135.40	109.75	56.29
2021-10-01T23:36:20	1383.41	2024.20	-1208.10	134.62	109.86	56.26
2021-10-01T23:36:22	1372.74	2035.19	-1210.39	133.76	109.94	56.22
2021-10-01T23:36:24	1362.06	2046.16	-1212.68	132.86	110.00	56.16
2021-10-01T23:36:26	1351.38	2057.12	-1214.96	131.93	110.05	56.09
2021-10-01T23:36:28	1340.69	2068.08	-1217.24	131.04	110.14	56.02
2021-10-01T23:36:30	1330.00	2079.03	-1219.51	130.16	110.24	55.94
2021-10-01T23:36:32	1319.29	2089.96	-1221.78	129.27	110.38	55.81
2021-10-01T23:36:34	1308.59	2100.90	-1224.04	128.38	110.51	55.68
2021-10-01T23:36:36	1297.88	2111.82	-1226.30	127.47	110.65	55.55
2021-10-01T23:36:38	1287.16	2122.73	-1228.55	126.58	110.71	55.38
2021-10-01T23:36:40	1276.44	2133.63	-1230.80	125.68	110.75	55.21
2021-10-01T23:36:42	1265.71	2144.53	-1233.04	124.75	110.79	55.04
2021-10-01T23:36:44	1254.98	2155.41	-1235.28	123.83	110.83	54.86
2021-10-01T23:36:46	1244.24	2166.29	-1237.51	122.90	110.83	54.66
2021-10-01T23:36:48	1233.50	2177.16	-1239.74	122.01	110.87	54.42
2021-10-01T23:36:50	1222.75	2188.01	-1241.96	121.13	110.95	54.17
2021-10-01T23:36:52	1212.00	2198.86	-1244.18	120.24	111.06	53.91
2021-10-01T23:36:54	1201.25	2209.71	-1246.39	119.35	111.17	53.68
2021-10-01T23:36:56	1190.49	2220.54	-1248.60	118.47	111.26	53.48
2021-10-01T23:36:58	1179.72	2231.36	-1250.80	117.61	111.30	53.32
2021-10-01T23:37:00	1168.95	2242.18	-1253.00	116.81	111.34	53.18
2021-10-01T23:37:02	1158.17	2252.99	-1255.19	116.00	111.38	53.03
2021-10-01T23:37:04	1147.39	2263.78	-1257.38	115.05	111.40	52.80
2021-10-01T23:37:06	1136.61	2274.57	-1259.56	114.06	111.38	52.54
2021-10-01T23:37:08	1125.82	2285.35	-1261.74	113.03	111.31	52.26
2021-10-01T23:37:10	1115.03	2296.13	-1263.92	112.09	111.28	51.99
2021-10-01T23:37:12	1104.23	2306.89	-1266.08	111.23	111.25	51.73
2021-10-01T23:37:14	1093.43	2317.64	-1268.25	110.35	111.15	51.40
2021-10-01T23:37:16	1082.62	2328.39	-1270.41	109.45	111.02	51.05
2021-10-01T23:37:18	1071.81	2339.13	-1272.56	108.55	110.86	50.71
2021-10-01T23:37:20	1061.00	2349.85	-1274.71	107.64	110.62	50.34
2021-10-01T23:37:22	1050.18	2360.57	-1276.85	106.71	110.32	49.98
2021-10-01T23:37:24	1039.36	2371.28	-1278.99	105.81	109.97	49.76
2021-10-01T23:37:26	1028.54	2381.98	-1281.13	104.95	109.61	49.65
2021-10-01T23:37:28	1017.71	2392.68	-1283.26	104.11	109.24	49.58
2021-10-01T23:37:30	1006.88	2403.36	-1285.38	103.27	108.86	49.55
2021-10-01T23:37:32	996.04	2414.04	-1287.51	102.40	108.46	49.51
2021-10-01T23:37:34	985.20	2424.71	-1289.62	101.51	108.00	49.47
2021-10-01T23:37:36	974.36	2435.37	-1291.74	100.72	107.53	49.47
2021-10-01T23:37:38	963.51	2446.02	-1293.84	99.98	107.07	49.47
2021-10-01T23:37:40	952.66	2456.66	-1295.94	99.30	106.63	49.47
2021-10-01T23:37:42	941.81	2467.29	-1298.04	98.74	106.20	49.57
2021-10-01T23:37:44	930.96	2477.92	-1300.14	98.14	105.74	49.69
2021-10-01T23:37:46	920.10	2488.54	-1302.23	97.49	105.22	49.92
2021-10-01T23:37:48	909.23	2499.14	-1304.31	96.85	104.68	50.14
2021-10-01T23:37:50	898.37	2509.74	-1306.39	96.24	104.12	50.36
2021-10-01T23:37:52	887.50	2520.33	-1308.47	95.61	103.53	50.55
2021-10-01T23:37:54	876.63	2530.92	-1310.54	94.97	102.90	50.72
2021-10-01T23:37:56	865.76	2541.49	-1312.61	94.24	102.09	50.85
2021-10-01T23:37:58	854.88	2552.06	-1314.67	93.51	101.26	50.99
2021-10-01T23:38:00	844.00	2562.62	-1316.73	92.81	100.44	51.14
2021-10-01T23:38:02	833.12	2573.17	-1318.79	92.15	99.63	51.31
2021-10-01T23:38:04	822.23	2583.71	-1320.84	91.56	98.85	51.46
2021-10-01T23:38:06	811.34	2594.24	-1322.88	90.94	98.02	51.68
2021-10-01T23:38:08	800.45	2604.77	-1324.92	90.26	97.13	51.99
2021-10-01T23:38:10	789.56	2615.28	-1326.96	89.55	96.20	52.33
2021-10-01T23:38:12	778.67	2625.79	-1328.99	88.82	95.23	52.70
2021-10-01T23:38:14	767.77	2636.29	-1331.02	88.23	94.38	53.15
2021-10-01T23:38:16	756.87	2646.78	-1333.05	87.69	93.57	53.59
2021-10-01T23:38:18	745.97	2657.27	-1335.07	87.16	92.73	53.92
2021-10-01T23:38:20	735.06	2667.74	-1337.09	86.59	91.85	54.23
2021-10-01T23:38:22	724.16	2678.21	-1339.10	85.98	90.93	54.52
2021-10-01T23:38:24	713.25	2688.67	-1341.11	85.32	89.97	54.78
2021-10-01T23:38:26	702.34	2699.12	-1343.12	84.64	89.04	54.99
2021-10-01T23:38:28	691.42	2709.57	-1345.11	84.06	88.36	55.23
2021-10-01T23:38:30	680.51	2720.00	-1347.11	83.48	87.67	55.44
2021-10-01T23:38:32	669.59	2730.43	-1349.10	82.89	87.00	55.61
2021-10-01T23:38:34	658.67	2740.85	-1351.09	82.29	86.32	55.75
2021-10-01T23:38:36	647.75	2751.26	-1353.08	81.80	85.79	55.86
2021-10-01T23:38:38	636.83	2761.67	-1355.06	81.43	85.24	55.91
2021-10-01T23:38:40	625.91	2772.06	-1357.04	81.09	84.67	55.98
2021-10-01T23:38:42	614.98	2782.45	-1359.01	80.75	84.08	56.07
2021-10-01T23:38:44	604.05	2792.83	-1360.98	80.41	83.45	56.16
2021-10-01T23:38:46	593.12	2803.21	-1362.95	79.99	82.79	56.26
2021-10-01T23:38:48	582.19	2813.57	-1364.91	79.37	82.20	56.38
2021-10-01T23:38:50	571.26	2823.93	-1366.87	78.71	81.56	56.52
2021-10-01T23:38:52	560.33	2834.28	-1368.82	78.06	80.82	56.70
2021-10-01T23:38:54	549.39	2844.62	-1370.77	77.44	79.96	56.89
2021-10-01T23:38:56	538.45	2854.96	-1372.72	76.85	78.98	57.10
2021-10-01T23:38:58	527.52	2865.28	-1374.66	76.39	78.23	57.16
2021-10-01T23:39:00	516.57	2875.60	-1376.60	75.82	77.68	57.13
2021-10-01T23:39:02	505.63	2885.92	-1378.54	75.26	77.21	57.13
2021-10-01T23:39:04	494.69	2896.22	-1380.47	74.72	76.80	57.16
2021-10-01T23:39:06	483.75	2906.52	-1382.40	74.20	76.42	57.22
2021-10-01T23:39:08	472.80	2916.81	-1384.33	73.79	75.99	57.26
2021-10-01T23:39:10	461.86	2927.09	-1386.25	73.55	75.33	57.24
2021-10-01T23:39:12	450.91	2937.37	-1388.17	73.23	74.70	57.19
2021-10-01T23:39:14	439.96	2947.64	-1390.09	72.84	74.11	57.12
2021-10-01T23:39:16	429.01	2957.90	-1392.00	72.42	73.56	57.05
2021-10-01T23:39:18	418.06	2968.15	-1393.91	72.00	73.05	56.97
2021-10-01T23:39:20	407.11	2978.40	-1395.81	71.59	72.46	56.97
2021-10-01T23:39:22	396.16	2988.64	-1397.71	71.14	71.86	56.94
2021-10-01T23:39:24	385.21	2998.87	-1399.61	70.65	71.27	56.83
2021-10-01T23:39:26	374.25	3009.09	-1401.51	70.15	70.69	56.67
2021-10-01T23:39:28	363.30	3019.31	-1403.40	69.63	70.11	56.48
2021-10-01T23:39:30	352.34	3029.52	-1405.29	68.96	69.30	56.21
2021-10-01T23:39:32	341.39	3039.73	-1407.17	68.14	68.42	56.04
2021-10-01T23:39:34	330.43	3049.92	-1409.06	67.34	67.67	55.92
2021-10-01T23:39:36	319.47	3060.11	-1410.93	66.60	67.10	55.88
2021-10-01T23:39:38	308.51	3070.30	-1412.81	65.96	66.74	55.94
2021-10-01T23:39:40	297.56	3080.47	-1414.68	65.60	66.64	56.24
2021-10-01T23:39:42	286.60	3090.64	-1416.55	65.33	66.54	56.65
2021-10-01T23:39:44	275.63	3100.81	-1418.42	64.88	66.14	56.96
2021-10-01T23:39:46	264.67	3110.96	-1420.28	64.29	65.49	57.20
2021-10-01T23:39:48	253.71	3121.11	-1422.14	63.55	64.57	57.39
2021-10-01T23:39:50	242.75	3131.25	-1424.00	62.58	63.34	57.36
2021-10-01T23:39:52	231.79	3141.39	-1425.85	61.37	61.89	56.64
2021-10-01T23:39:54	220.82	3151.52	-1427.70	59.56	60.60	55.65
2021-10-01T23:39:56	209.86	3161.64	-1429.55	57.76	59.11	54.77
2021-10-01T23:39:58	198.90	3171.76	-1431.39	56.03	57.35	54.04
2021-10-01T23:40:00	187.93	3181.86	-1433.23	54.40	55.42	53.53
2021-10-01T23:40:02	176.97	3191.97	-1435.07	52.93	54.10	53.51
2021-10-01T23:40:04	166.00	3202.06	-1436.91	51.46	52.79	53.14
2021-10-01T23:40:06	155.04	3212.15	-1438.74	50.23	52.26	52.44
2021-10-01T23:40:08	144.07	3222.24	-1440.57	48.91	51.92	52.00
2021-10-01T23:40:10	133.11	3232.31	-1442.40	47.52	51.77	51.79
2021-10-01T23:40:12	122.14	3242.38	-1444.22	46.93	52.25	52.07
2021-10-01T23:40:14	111.18	3252.45	-1446.04	46.88	52.57	52.47
2021-10-01T23:40:16	100.21	3262.50	-1447.86	46.64	52.12	52.33
2021-10-01T23:40:18	89.24	3272.55	-1449.68	45.76	50.86	51.26
2021-10-01T23:40:20	78.28	3282.60	-1451.49	44.49	49.12	49.61
2021-10-01T23:40:22	67.31	3292.64	-1453.30	42.49	47.10	47.26
2021-10-01T23:40:24	56.34	3302.67	-1455.11	40.39	45.22	45.32
2021-10-01T23:40:26	45.38	3312.70	-1456.91	38.52	43.52	44.13
2021-10-01T23:40:28	34.41	3322.72	-1458.71	36.57	42.17	43.62
2021-10-01T23:40:30	23.44	3332.73	-1460.52	34.69	41.00	43.27
2021-10-01T23:40:32	12.48	3342.74	-1462.31	32.67	39.68	43.00
2021-10-01T23:40:34	1.51	3352.75	-1464.10	30.48	37.79	42.62
2021-10-01T23:40:36	-9.46	3362.74	-1465.90	28.52	35.68	42.13
2021-10-01T23:40:38	-20.43	3372.73	-1467.69	26.77	33.41	41.52
2021-10-01T23:40:40	-31.39	3382.72	-1469.47	25.13	31.35	40.79
2021-10-01T23:40:42	-42.36	3392.70	-1471.26	23.57	29.36	39.85
2021-10-01T23:40:44	-53.33	3402.67	-1473.04	21.97	27.58	38.23
2021-10-01T23:40:46	-64.29	3412.64	-1474.81	20.54	25.79	36.96
2021-10-01T23:40:48	-75.26	3422.60	-1476.59	19.29	24.01	36.05
2021-10-01T23:40:50	-86.22	3432.55	-1478.36	17.99	22.29	35.05
2021-10-01T23:40:52	-97.19	3442.50	-1480.14	16.44	20.58	33.40
2021-10-01T23:40:54	-108.16	3452.45	-1481.90	14.34	18.66	31.36
2021-10-01T23:40:56	-119.12	3462.38	-1483.67	12.46	16.69	29.32
2021-10-01T23:40:58	-130.09	3472.32	-1485.43	10.83	14.63	27.30
2021-10-01T23:41:00	-141.05	3482.24	-1487.19	9.48	12.49	25.31
2021-10-01T23:41:02	-152.02	3492.16	-1488.95	8.42	10.77	23.53
2021-10-01T23:41:04	-162.98	3502.08	-1490.71	7.51	9.89	21.79
2021-10-01T23:41:06	-173.95	3511.99	-1492.46	6.76	9.14	20.08
2021-10-01T23:41:08	-184.91	3521.89	-1494.21	6.19	8.35	18.38
2021-10-01T23:41:10	-195.88	3531.79	-1495.96	5.81	7.49	16.69
2021-10-01T23:41:12	-206.84	3541.69	-1497.71	5.60	6.57	15.00
2021-10-01T23:41:14	-217.80	3551.58	-1499.46	5.49	5.61	13.33
2021-10-01T23:41:16	-228.76	3561.46	-1501.20	5.36	4.68	11.53
2021-10-01T23:41:18	-239.73	3571.34	-1502.94	5.31	3.81	9.80
2021-10-01T23:41:20	-250.69	3581.21	-1504.67	5.33	2.99	8.13
2021-10-01T23:41:22	-261.65	3591.07	-1506.41	5.42	2.22	6.53
2021-10-01T23:41:24	-272.61	3600.93	-1508.14	5.55	1.53	5.06
2021-10-01T23:41:26	-283.57	3610.79	-1509.87	5.73	1.01	3.94
2021-10-01T23:41:28	-294.53	3620.64	-1511.60	5.93	0.50	2.81
2021-10-01T23:41:30	-305.49	3630.49	-1513.33	6.14	0.02	1.68
2021-10-01T23:41:32	-316.45	3640.33	-1515.05	6.35	-0.44	0.52
2021-10-01T23:41:34	-327.41	3650.16	-1516.78	6.57	-0.90	-0.65
2021-10-01T23:41:36	-338.37	3660.00	-1518.50	6.89	-1.41	-1.85
2021-10-01T23:41:38	-349.33	3669.82	-1520.22	7.23	-1.86	-2.89
2021-10-01T23:41:40	-360.28	3679.64	-1521.93	7.57	-2.26	-3.90
2021-10-01T23:41:42	-371.24	3689.46	-1523.65	7.91	-2.61	-4.90
2021-10-01T23:41:44	-382.19	3699.26	-1525.36	8.26	-2.90	-5.87
2021-10-01T23:41:46	-393.15	3709.07	-1527.07	8.45	-3.35	-6.93
2021-10-01T23:41:48	-404.11	3718.87	-1528.77	8.54	-3.86	-8.07
2021-10-01T23:41:50	-415.06	3728.67	-1530.48	8.56	-4.38	-9.28
2021-10-01T23:41:52	-426.01	3738.46	-1532.18	8.58	-4.88	-10.53
2021-10-01T23:41:54	-436.97	3748.24	-1533.88	8.59	-5.37	-11.81
2021-10-01T23:41:56	-447.92	3758.02	-1535.58	8.69	-5.84	-12.89
2021-10-01T23:41:58	-458.87	3767.80	-1537.28	8.90	-6.29	-13.76
2021-10-01T23:42:00	-469.82	3777.57	-1538.98	9.11	-6.59	-14.34
2021-10-01T23:42:02	-480.78	3787.34	-1540.67	9.28	-6.80	-14.62
2021-10-01T23:42:04	-491.72	3797.10	-1542.36	9.43	-6.99	-14.73
2021-10-01T23:42:06	-502.67	3806.85	-1544.05	9.55	-7.19	-14.64
2021-10-01T23:42:08	-513.62	3816.61	-1545.74	9.70	-7.50	-14.39
2021-10-01T23:42:10	-524.57	3826.35	-1547.43	9.92	-7.93	-14.03
2021-10-01T23:42:12	-535.52	3836.09	-1549.11	9.84	-8.39	-13.85
2021-10-01T23:42:14	-546.46	3845.84	-1550.79	9.68	-8.90	-13.78
2021-10-01T23:42:16	-557.41	3855.57	-1552.47	9.48	-9.39	-13.87
2021-10-01T23:42:18	-568.36	3865.30	-1554.15	9.08	-9.52	-14.39
2021-10-01T23:42:20	-579.30	3875.02	-1555.83	8.80	-9.60	-14.85
2021-10-01T23:42:22	-590.25	3884.74	-1557.50	8.64	-9.64	-15.28
2021-10-01T23:42:24	-601.19	3894.46	-1559.18	8.68	-9.62	-15.64
2021-10-01T23:42:26	-612.13	3904.17	-1560.85	8.73	-9.69	-15.95
2021-10-01T23:42:28	-623.07	3913.87	-1562.52	8.68	-9.57	-16.01
2021-10-01T23:42:30	-634.01	3923.58	-1564.18	8.66	-9.46	-16.02
2021-10-01T23:42:32	-644.95	3933.27	-1565.85	8.68	-9.36	-16.01
2021-10-01T23:42:34	-655.89	3942.97	-1567.51	8.72	-9.30	-15.99
2021-10-01T23:42:36	-666.83	3952.66	-1569.18	8.57	-9.31	-16.30
2021-10-01T23:42:38	-677.77	3962.34	-1570.84	8.54	-9.45	-16.70
2021-10-01T23:42:40	-688.71	3972.02	-1572.49	8.63	-9.56	-17.05
2021-10-01T23:42:42	-699.65	3981.70	-1574.15	8.80	-9.60	-17.34
2021-10-01T23:42:44	-710.58	3991.37	-1575.81	9.02	-9.55	-17.57
2021-10-01T23:42:46	-721.52	4001.04	-1577.46	9.27	-9.41	-17.71
2021-10-01T23:42:48	-732.45	4010.70	-1579.11	9.39	-9.11	-17.42
2021-10-01T23:42:50	-743.38	4020.36	-1580.76	9.60	-8.86	-17.13
2021-10-01T23:42:52	-754.31	4030.01	-1582.41	9.85	-8.68	-16.91
2021-10-01T23:42:54	-765.25	4039.66	-1584.06	10.13	-8.58	-16.75
2021-10-01T23:42:56	-776.18	4049.31	-1585.70	10.43	-8.55	-16.65
2021-10-01T23:42:58	-787.11	4058.95	-1587.35	10.67	-8.49	-16.53
2021-10-01T23:43:00	-798.04	4068.59	-1588.99	10.65	-8.07	-16.23
2021-10-01T23:43:02	-808.96	4078.23	-1590.63	10.55	-7.69	-15.96
2021-10-01T23:43:04	-819.89	4087.86	-1592.27	10.36	-7.37	-15.72
2021-10-01T23:43:06	-830.82	4097.48	-1593.91	10.07	-7.09	-15.53
2021-10-01T23:43:08	-841.74	4107.11	-1595.55	9.67	-6.87	-15.40
2021-10-01T23:43:10	-852.67	4116.72	-1597.18	9.38	-6.86	-15.62
2021-10-01T23:43:12	-863.59	4126.34	-1598.81	9.18	-6.98	-16.00
2021-10-01T23:43:14	-874.52	4135.95	-1600.44	9.03	-7.04	-16.36
2021-10-01T23:43:16	-885.44	4145.56	-1602.07	8.93	-7.03	-16.69
2021-10-01T23:43:18	-896.36	4155.16	-1603.70	8.87	-6.93	-16.97
2021-10-01T23:43:20	-907.28	4164.76	-1605.33	9.21	-6.78	-17.31
2021-10-01T23:43:22	-918.20	4174.35	-1606.95	9.71	-6.65	-17.56
2021-10-01T23:43:24	-929.12	4183.94	-1608.58	10.27	-6.58	-17.54
2021-10-01T23:43:26	-940.04	4193.53	-1610.20	10.72	-6.52	-17.44
2021-10-01T23:43:28	-950.96	4203.11	-1611.82	11.09	-6.47	-17.25
2021-10-01T23:43:30	-961.87	4212.69	-1613.44	11.21	-6.44	-16.82
2021-10-01T23:43:32	-972.79	4222.27	-1615.06	11.18	-6.44	-16.36
2021-10-01T23:43:34	-983.70	4231.84	-1616.67	11.08	-6.49	-16.06
2021-10-01T23:43:36	-994.62	4241.41	-1618.29	10.85	-6.60	-15.94
2021-10-01T23:43:38	-1005.53	4250.98	-1619.90	10.71	-6.77	-15.92
2021-10-01T23:43:40	-1016.44	4260.54	-1621.51	10.70	-6.95	-15.96
2021-10-01T23:43:42	-1027.35	4270.10	-1623.12	10.74	-6.98	-15.91
2021-10-01T23:43:44	-1038.26	4279.65	-1624.73	10.77	-6.94	-15.78
2021-10-01T23:43:46	-1049.17	4289.20	-1626.34	10.65	-6.77	-15.69
2021-10-01T23:43:48	-1060.08	4298.75	-1627.95	10.27	-6.46	-15.79
2021-10-01T23:43:50	-1070.98	4308.29	-1629.55	9.85	-6.18	-15.89
2021-10-01T23:43:52	-1081.89	4317.83	-1631.16	9.47	-6.04	-16.00
2021-10-01T23:43:54	-1092.80	4327.37	-1632.76	9.19	-5.87	-16.14
2021-10-01T23:43:56	-1103.70	4336.90	-1634.36	8.98	-5.66	-16.33
2021-10-01T23:43:58	-1114.60	4346.43	-1635.96	8.90	-5.47	-16.51
2021-10-01T23:44:00	-1125.51	4355.95	-1637.56	8.92	-5.38	-16.60
2021-10-01T23:44:02	-1136.41	4365.47	-1639.16	8.94	-5.41	-16.71
2021-10-01T23:44:04	-1147.31	4374.99	-1640.75	8.94	-5.43	-16.80
2021-10-01T23:44:06	-1158.21	4384.51	-1642.35	8.90	-5.43	-16.85
2021-10-01T23:44:08	-1169.11	4394.02	-1643.94	8.83	-5.41	-16.90
2021-10-01T23:44:10	-1180.01	4403.53	-1645.53	8.80	-5.41	-16.88
2021-10-01T23:44:12	-1190.90	4413.04	-1647.12	8.95	-5.50	-16.63
2021-10-01T23:44:14	-1201.80	4422.54	-1648.71	9.05	-5.50	-16.32
2021-10-01T23:44:16	-1212.69	4432.04	-1650.30	9.09	-5.43	-16.03
2021-10-01T23:44:18	-1223.59	4441.53	-1651.89	9.07	-5.30	-15.76
2021-10-01T23:44:20	-1234.48	4451.02	-1653.47	9.00	-5.12	-15.52
2021-10-01T23:44:22	-1245.37	4460.51	-1655.06	8.93	-5.00	-15.38
2021-10-01T23:44:24	-1256.26	4470.00	-1656.64	9.00	-5.11	-15.43
2021-10-01T23:44:26	-1267.15	4479.48	-1658.22	9.02	-5.29	-15.46
2021-10-01T23:44:28	-1278.04	4488.96	-1659.81	8.98	-5.53	-15.47
2021-10-01T23:44:30	-1288.93	4498.43	-1661.39	8.88	-5.84	-15.45
2021-10-01T23:44:32	-1299.82	4507.90	-1662.96	8.86	-6.24	-15.45
2021-10-01T23:44:34	-1310.70	4517.37	-1664.54	9.17	-6.58	-15.54
2021-10-01T23:44:36	-1321.59	4526.84	-1666.11	9.31	-6.76	-15.50
2021-10-01T23:44:38	-1332.47	4536.30	-1667.69	9.36	-6.96	-15.40
2021-10-01T23:44:40	-1343.36	4545.76	-1669.26	9.31	-7.20	-15.26
2021-10-01T23:44:42	-1354.24	4555.22	-1670.84	9.18	-7.47	-15.06
2021-10-01T23:44:44	-1365.12	4564.67	-1672.41	9.00	-7.48	-15.08
2021-10-01T23:44:46	-1376.00	4574.12	-1673.98	8.94	-7.38	-15.12
2021-10-01T23:44:48	-1386.88	4583.57	-1675.55	9.24	-7.17	-15.20
2021-10-01T23:44:50	-1397.76	4593.01	-1677.12	9.61	-6.92	-15.22
2021-10-01T23:44:52	-1408.64	4602.46	-1678.68	10.05	-6.63	-15.19
2021-10-01T23:44:54	-1419.51	4611.90	-1680.25	10.62	-6.31	-14.94
2021-10-01T23:44:56	-1430.39	4621.33	-1681.81	11.23	-6.02	-14.54
2021-10-01T23:44:58	-1441.27	4630.76	-1683.38	11.78	-5.74	-14.07
2021-10-01T23:45:00	-1452.14	4640.19	-1684.94	12.05	-5.58	-13.52
2021-10-01T23:45:02	-1463.01	4649.62	-1686.50	12.28	-5.41	-12.98
2021-10-01T23:45:04	-1473.88	4659.04	-1688.06	12.40	-5.25	-12.61
2021-10-01T23:45:06	-1484.75	4668.46	-1689.62	12.34	-5.06	-12.57
2021-10-01T23:45:08	-1495.62	4677.88	-1691.18	12.27	-4.83	-12.60
2021-10-01T23:45:10	-1506.50	4687.29	-1692.74	12.18	-4.58	-12.71
2021-10-01T23:45:12	-1517.36	4696.70	-1694.29	12.04	-4.54	-13.04
2021-10-01T23:45:14	-1528.23	4706.11	-1695.85	11.90	-4.56	-13.36
2021-10-01T23:45:16	-1539.10	4715.52	-1697.40	11.75	-4.93	-13.69
2021-10-01T23:45:18	-1549.96	4724.92	-1698.95	11.57	-5.25	-13.85
2021-10-01T23:45:20	-1560.82	4734.32	-1700.51	11.36	-5.51	-13.81
2021-10-01T23:45:22	-1571.69	4743.72	-1702.06	11.11	-5.70	-13.59
2021-10-01T23:45:24	-1582.55	4753.12	-1703.61	11.16	-5.84	-13.49
2021-10-01T23:45:26	-1593.41	4762.51	-1705.15	11.35	-5.97	-13.66
2021-10-01T23:45:28	-1604.27	4771.90	-1706.70	11.51	-6.08	-13.80
2021-10-01T23:45:30	-1615.13	4781.28	-1708.25	11.63	-6.16	-13.86
2021-10-01T23:45:32	-1625.99	4790.67	-1709.80	11.69	-6.23	-13.84
2021-10-01T23:45:34	-1636.84	4800.05	-1711.34	11.70	-6.26	-13.72
2021-10-01T23:45:36	-1647.70	4809.43	-1712.88	11.72	-6.26	-13.60
2021-10-01T23:45:38	-1658.56	4818.80	-1714.43	11.74	-6.19	-13.46
2021-10-01T23:45:40	-1669.41	4828.17	-1715.97	11.75	-6.14	-13.39
2021-10-01T23:45:42	-1680.26	4837.54	-1717.51	11.76	-6.11	-13.42
2021-10-01T23:45:44	-1691.12	4846.91	-1719.05	11.77	-6.11	-13.53
2021-10-01T23:45:46	-1701.97	4856.28	-1720.59	11.84	-6.19	-13.65
2021-10-01T23:45:48	-1712.82	4865.64	-1722.13	11.81	-6.30	-13.55
