Time	POS_X	POS_Y	POS_Z	B_X	B_Y	B_Z
2021-10-01T23:23:36	4868.82	-2409.96	-87.23	2.47	-9.32	9.82
2021-10-01T23:23:38	4860.77	-2398.42	-90.39	2.89	-9.44	9.52
2021-10-01T23:23:40	4852.72	-2386.89	-93.55	3.43	-9.43	9.22
2021-10-01T23:23:42	4844.66	-2375.35	-96.71	3.98	-9.50	8.88
2021-10-01T23:23:44	4836.60	-2363.82	-99.87	4.54	-9.67	8.50
2021-10-01T23:23:46	4828.54	-2352.28	-103.02	5.08	-9.94	8.10
2021-10-01T23:23:48	4820.48	-2340.74	-106.18	5.46	-10.33	7.70
2021-10-01T23:23:50	4812.41	-2329.19	-109.34	5.72	-10.71	7.27
2021-10-01T23:23:52	4804.35	-2317.65	-112.50	5.99	-11.05	6.84
2021-10-01T23:23:54	4796.28	-2306.11	-115.65	6.30	-11.35	6.40
2021-10-01T23:23:56	4788.20	-2294.56	-118.81	6.64	-11.59	5.97
2021-10-01T23:23:58	4780.13	-2283.02	-121.97	7.13	-11.66	5.75
2021-10-01T23:24:00	4772.05	-2271.47	-125.12	7.70	-11.65	5.61
2021-10-01T23:24:02	4763.97	-2259.92	-128.28	8.30	-11.65	5.47
2021-10-01T23:24:04	4755.88	-2248.37	-131.44	8.92	-11.58	5.39
2021-10-01T23:24:06	4747.79	-2236.81	-134.59	9.57	-11.50	5.28
2021-10-01T23:24:08	4739.70	-2225.26	-137.75	10.15	-11.50	5.29
2021-10-01T23:24:10	4731.61	-2213.71	-140.91	10.70	-11.51	5.32
2021-10-01T23:24:12	4723.51	-2202.15	-144.06	11.25	-11.51	5.33
2021-10-01T23:24:14	4715.41	-2190.59	-147.22	11.78	-11.48	5.30
2021-10-01T23:24:16	4707.31	-2179.03	-150.37	12.32	-11.43	5.26
2021-10-01T23:24:18	4699.21	-2167.47	-153.53	12.86	-11.64	5.22
2021-10-01T23:24:20	4691.10	-2155.91	-156.69	13.41	-11.96	5.16
2021-10-01T23:24:22	4682.98	-2144.35	-159.84	13.95	-12.31	5.06
2021-10-01T23:24:24	4674.87	-2132.78	-163.00	14.51	-12.69	4.93
2021-10-01T23:24:26	4666.75	-2121.21	-166.15	15.06	-13.09	4.75
2021-10-01T23:24:28	4658.63	-2109.65	-169.31	15.54	-13.32	4.44
2021-10-01T23:24:30	4650.51	-2098.08	-172.46	16.01	-13.50	4.10
2021-10-01T23:24:32	4642.39	-2086.51	-175.62	16.42	-13.74	3.75
2021-10-01T23:24:34	4634.26	-2074.93	-178.77	16.82	-13.89	3.44
2021-10-01T23:24:36	4626.13	-2063.36	-181.93	17.28	-13.96	3.20
2021-10-01T23:24:38	4617.99	-2051.79	-185.09	17.92	-14.18	3.04
2021-10-01T23:24:40	4609.85	-2040.21	-188.24	18.56	-14.48	2.90
2021-10-01T23:24:42	4601.71	-2028.63	-191.40	19.14	-14.82	2.76
2021-10-01T23:24:44	4593.57	-2017.05	-194.55	19.66	-15.20	2.63
2021-10-01T23:24:46	4585.42	-2005.47	-197.70	20.04	-15.48	2.53
2021-10-01T23:24:48	4577.27	-1993.89	-200.86	20.49	-15.78	2.47
2021-10-01T23:24:50	4569.11	-1982.31	-204.01	21.03	-16.12	2.37
2021-10-01T23:24:52	4560.96	-1970.72	-207.17	21.64	-16.46	2.24
2021-10-01T23:24:54	4552.79	-1959.14	-210.32	22.33	-16.78	2.09
2021-10-01T23:24:56	4544.63	-1947.55	-213.47	23.08	-17.06	1.94
2021-10-01T23:24:58	4536.46	-1935.96	-216.63	23.42	-17.06	1.86
2021-10-01T23:25:00	4528.29	-1924.37	-219.78	23.63	-17.05	1.79
2021-10-01T23:25:02	4520.12	-1912.78	-222.93	23.89	-17.03	1.72
2021-10-01T23:25:04	4511.94	-1901.18	-226.09	24.21	-16.98	1.65
2021-10-01T23:25:06	4503.76	-1889.59	-229.24	24.60	-16.90	1.56
2021-10-01T23:25:08	4495.58	-1877.99	-232.39	25.01	-17.08	1.12
2021-10-01T23:25:10	4487.39	-1866.40	-235.55	25.41	-17.31	0.64
2021-10-01T23:25:12	4479.20	-1854.79	-238.70	25.83	-17.58	0.17
2021-10-01T23:25:14	4471.00	-1843.19	-241.85	26.14	-17.75	-0.23
2021-10-01T23:25:16	4462.81	-1831.59	-245.00	26.42	-17.78	-0.52
2021-10-01T23:25:18	4454.61	-1819.99	-248.15	26.87	-17.67	-0.64
2021-10-01T23:25:20	4446.40	-1808.38	-251.31	27.35	-17.67	-0.79
2021-10-01T23:25:22	4438.19	-1796.78	-254.46	27.89	-17.81	-0.98
2021-10-01T23:25:24	4429.98	-1785.17	-257.61	28.49	-18.12	-1.20
2021-10-01T23:25:26	4421.77	-1773.56	-260.76	29.08	-18.58	-1.44
2021-10-01T23:25:28	4413.55	-1761.95	-263.91	29.02	-18.97	-1.45
2021-10-01T23:25:30	4405.33	-1750.33	-267.06	28.94	-19.24	-1.40
2021-10-01T23:25:32	4397.10	-1738.72	-270.21	28.94	-19.41	-1.31
2021-10-01T23:25:34	4388.87	-1727.11	-273.36	29.07	-19.49	-1.20
2021-10-01T23:25:36	4380.64	-1715.49	-276.51	29.36	-19.40	-1.22
2021-10-01T23:25:38	4372.40	-1703.87	-279.66	29.67	-18.99	-1.63
2021-10-01T23:25:40	4364.16	-1692.25	-282.81	29.88	-18.52	-2.11
2021-10-01T23:25:42	4355.92	-1680.63	-285.96	30.15	-18.07	-2.76
2021-10-01T23:25:44	4347.67	-1669.01	-289.11	30.38	-17.74	-3.44
2021-10-01T23:25:46	4339.42	-1657.38	-292.26	30.93	-17.60	-3.71
2021-10-01T23:25:48	4331.17	-1645.76	-295.41	31.66	-17.63	-3.47
2021-10-01T23:25:50	4322.91	-1634.13	-298.55	32.24	-17.58	-3.20
2021-10-01T23:25:52	4314.65	-1622.50	-301.70	32.67	-17.46	-2.91
2021-10-01T23:25:54	4306.38	-1610.87	-304.85	32.95	-17.28	-2.59
2021-10-01T23:25:56	4298.11	-1599.24	-308.00	33.28	-17.24	-2.40
2021-10-01T23:25:58	4289.83	-1587.60	-311.14	33.65	-17.28	-2.41
2021-10-01T23:26:00	4281.56	-1575.97	-314.29	33.96	-17.27	-2.38
2021-10-01T23:26:02	4273.28	-1564.33	-317.44	34.23	-17.19	-2.32
2021-10-01T23:26:04	4264.99	-1552.70	-320.58	34.45	-17.05	-2.24
2021-10-01T23:26:06	4256.70	-1541.06	-323.73	34.80	-16.84	-2.02
2021-10-01T23:26:08	4248.41	-1529.42	-326.87	35.27	-16.54	-1.76
2021-10-01T23:26:10	4240.11	-1517.78	-330.02	35.61	-15.94	-1.36
2021-10-01T23:26:12	4231.81	-1506.13	-333.16	35.79	-15.31	-1.04
2021-10-01T23:26:14	4223.50	-1494.49	-336.31	35.83	-14.66	-0.79
2021-10-01T23:26:16	4215.19	-1482.84	-339.45	36.07	-14.09	-0.16
2021-10-01T23:26:18	4206.88	-1471.19	-342.60	36.50	-13.59	0.80
2021-10-01T23:26:20	4198.56	-1459.54	-345.74	36.93	-13.12	1.76
2021-10-01T23:26:22	4190.24	-1447.89	-348.89	37.60	-12.69	2.67
2021-10-01T23:26:24	4181.91	-1436.24	-352.03	38.36	-12.48	3.51
2021-10-01T23:26:26	4173.58	-1424.58	-355.17	39.36	-12.23	4.02
2021-10-01T23:26:28	4165.25	-1412.93	-358.31	40.46	-11.90	4.47
2021-10-01T23:26:30	4156.91	-1401.27	-361.45	41.59	-11.55	4.95
2021-10-01T23:26:32	4148.56	-1389.61	-364.60	42.77	-11.18	5.45
2021-10-01T23:26:34	4140.22	-1377.95	-367.74	44.02	-10.84	5.94
2021-10-01T23:26:36	4131.86	-1366.29	-370.88	44.86	-10.85	6.60
2021-10-01T23:26:38	4123.51	-1354.63	-374.02	45.35	-11.02	7.45
2021-10-01T23:26:40	4115.15	-1342.97	-377.16	45.82	-11.20	8.27
2021-10-01T23:26:42	4106.78	-1331.30	-380.30	46.30	-11.40	9.07
2021-10-01T23:26:44	4098.41	-1319.63	-383.44	46.83	-11.66	9.86
2021-10-01T23:26:46	4090.04	-1307.96	-386.57	47.09	-11.79	10.90
2021-10-01T23:26:48	4081.66	-1296.29	-389.71	47.34	-11.81	11.99
2021-10-01T23:26:50	4073.28	-1284.62	-392.85	47.60	-11.66	13.11
2021-10-01T23:26:52	4064.89	-1272.95	-395.99	47.91	-11.46	14.12
2021-10-01T23:26:54	4056.50	-1261.28	-399.13	48.34	-11.32	14.91
2021-10-01T23:26:56	4048.10	-1249.60	-402.26	48.95	-11.36	15.43
2021-10-01T23:26:58	4039.70	-1237.92	-405.40	49.53	-11.36	15.81
2021-10-01T23:27:00	4031.30	-1226.24	-408.53	50.09	-11.27	15.97
2021-10-01T23:27:02	4022.89	-1214.56	-411.67	50.64	-11.09	15.90
2021-10-01T23:27:04	4014.47	-1202.88	-414.80	51.33	-10.88	15.84
2021-10-01T23:27:06	4006.05	-1191.20	-417.94	52.24	-10.88	16.42
2021-10-01T23:27:08	3997.63	-1179.51	-421.07	53.22	-10.94	16.94
2021-10-01T23:27:10	3989.20	-1167.83	-424.21	54.23	-11.05	17.39
2021-10-01T23:27:12	3980.77	-1156.14	-427.34	55.24	-11.21	17.74
2021-10-01T23:27:14	3972.33	-1144.45	-430.47	56.28	-11.47	17.98
2021-10-01T23:27:16	3963.88	-1132.76	-433.60	57.41	-12.04	18.30
2021-10-01T23:27:18	3955.44	-1121.07	-436.73	58.31	-12.81	18.61
2021-10-01T23:27:20	3946.98	-1109.38	-439.86	59.23	-13.55	18.87
2021-10-01T23:27:22	3938.53	-1097.68	-442.99	60.18	-14.22	19.05
2021-10-01T23:27:24	3930.06	-1085.99	-446.12	61.40	-14.67	19.36
2021-10-01T23:27:26	3921.59	-1074.29	-449.25	63.29	-14.79	20.25
2021-10-01T23:27:28	3913.12	-1062.59	-452.38	65.37	-14.82	21.27
2021-10-01T23:27:30	3904.64	-1050.89	-455.51	67.66	-14.75	22.44
2021-10-01T23:27:32	3896.16	-1039.19	-458.63	69.88	-14.40	23.66
2021-10-01T23:27:34	3887.67	-1027.48	-461.76	71.63	-14.46	24.63
2021-10-01T23:27:36	3879.18	-1015.78	-464.89	72.77	-14.93	25.31
2021-10-01T23:27:38	3870.68	-1004.07	-468.01	74.06	-15.39	26.01
2021-10-01T23:27:40	3862.18	-992.37	-471.14	75.48	-15.82	26.76
2021-10-01T23:27:42	3853.67	-980.66	-474.26	77.03	-16.21	27.56
2021-10-01T23:27:44	3845.15	-968.95	-477.38	77.89	-16.28	28.25
2021-10-01T23:27:46	3836.63	-957.23	-480.51	78.15	-16.01	28.81
2021-10-01T23:27:48	3828.11	-945.52	-483.63	78.64	-15.67	29.44
2021-10-01T23:27:50	3819.58	-933.81	-486.75	79.38	-15.26	30.15
2021-10-01T23:27:52	3811.04	-922.09	-489.87	80.38	-14.81	30.99
2021-10-01T23:27:54	3802.50	-910.38	-492.99	80.24	-14.44	31.23
2021-10-01T23:27:56	3793.96	-898.66	-496.11	79.41	-14.20	30.98
2021-10-01T23:27:58	3785.41	-886.94	-499.23	78.43	-14.15	30.60
2021-10-01T23:28:00	3776.85	-875.22	-502.34	77.34	-14.20	30.16
2021-10-01T23:28:02	3768.28	-863.49	-505.46	76.23	-14.34	29.62
2021-10-01T23:28:04	3759.72	-851.77	-508.58	75.48	-13.89	29.58
2021-10-01T23:28:06	3751.14	-840.05	-511.69	74.78	-13.00	29.79
2021-10-01T23:28:08	3742.56	-828.32	-514.81	74.02	-11.81	30.14
2021-10-01T23:28:10	3733.98	-816.59	-517.92	73.20	-10.32	30.66
2021-10-01T23:28:12	3725.39	-804.87	-521.04	72.88	-9.13	31.28
2021-10-01T23:28:14	3716.79	-793.13	-524.15	73.62	-9.39	31.85
2021-10-01T23:28:16	3708.19	-781.41	-527.26	74.16	-9.73	32.27
2021-10-01T23:28:18	3699.58	-769.67	-530.37	74.39	-9.98	32.55
2021-10-01T23:28:20	3690.97	-757.94	-533.48	74.35	-10.16	32.73
2021-10-01T23:28:22	3682.35	-746.20	-536.59	74.12	-10.28	32.84
2021-10-01T23:28:24	3673.72	-734.47	-539.70	74.99	-10.20	33.22
2021-10-01T23:28:26	3665.09	-722.73	-542.80	76.08	-10.03	33.63
2021-10-01T23:28:28	3656.45	-710.99	-545.91	77.23	-9.68	34.15
2021-10-01T23:28:30	3647.80	-699.25	-549.02	78.45	-9.16	34.77
2021-10-01T23:28:32	3639.16	-687.51	-552.12	79.72	-8.56	35.41
2021-10-01T23:28:34	3630.50	-675.77	-555.22	80.55	-8.36	35.57
2021-10-01T23:28:36	3621.84	-664.02	-558.33	81.25	-8.26	35.68
2021-10-01T23:28:38	3613.17	-652.28	-561.43	81.74	-8.36	35.72
2021-10-01T23:28:40	3604.49	-640.53	-564.53	82.18	-8.60	35.73
2021-10-01T23:28:42	3595.82	-628.79	-567.63	82.65	-8.86	35.75
2021-10-01T23:28:44	3587.13	-617.04	-570.73	83.11	-8.79	35.85
2021-10-01T23:28:46	3578.44	-605.29	-573.83	83.48	-8.64	35.97
2021-10-01T23:28:48	3569.74	-593.54	-576.92	83.83	-8.32	36.13
2021-10-01T23:28:50	3561.03	-581.79	-580.02	84.18	-7.91	36.24
2021-10-01T23:28:52	3552.32	-570.04	-583.11	84.66	-7.74	36.32
2021-10-01T23:28:54	3543.60	-558.28	-586.21	85.27	-7.59	36.56
2021-10-01T23:28:56	3534.88	-546.53	-589.30	85.83	-7.35	36.85
2021-10-01T23:28:58	3526.14	-534.77	-592.39	86.37	-7.04	37.20
2021-10-01T23:29:00	3517.41	-523.02	-595.48	86.91	-6.71	37.62
2021-10-01T23:29:02	3508.66	-511.26	-598.57	87.32	-6.40	37.76
2021-10-01T23:29:04	3499.91	-499.50	-601.66	87.51	-6.18	37.55
2021-10-01T23:29:06	3491.15	-487.74	-604.74	87.63	-6.04	37.41
2021-10-01T23:29:08	3482.39	-475.98	-607.83	87.75	-5.99	37.41
2021-10-01T23:29:10	3473.62	-464.22	-610.92	87.90	-6.02	37.53
2021-10-01T23:29:12	3464.84	-452.46	-614.00	88.24	-5.97	37.78
2021-10-01T23:29:14	3456.06	-440.69	-617.08	88.72	-5.75	38.03
2021-10-01T23:29:16	3447.26	-428.93	-620.16	89.23	-5.38	38.25
2021-10-01T23:29:18	3438.47	-417.16	-623.24	89.97	-5.05	38.45
2021-10-01T23:29:20	3429.66	-405.40	-626.32	90.74	-4.71	38.77
2021-10-01T23:29:22	3420.85	-393.63	-629.40	91.74	-4.74	39.13
2021-10-01T23:29:24	3412.03	-381.86	-632.47	92.72	-4.96	39.46
2021-10-01T23:29:26	3403.20	-370.10	-635.55	93.47	-5.29	39.61
2021-10-01T23:29:28	3394.37	-358.33	-638.62	94.14	-5.67	39.67
2021-10-01T23:29:30	3385.53	-346.56	-641.69	94.66	-5.94	39.54
2021-10-01T23:29:32	3376.68	-334.79	-644.77	95.06	-5.22	39.21
2021-10-01T23:29:34	3367.82	-323.01	-647.83	95.56	-4.51	39.08
2021-10-01T23:29:36	3358.96	-311.24	-650.90	96.12	-3.84	39.12
2021-10-01T23:29:38	3350.09	-299.47	-653.97	96.72	-3.21	39.30
2021-10-01T23:29:40	3341.22	-287.70	-657.03	97.29	-2.65	39.57
2021-10-01T23:29:42	3332.33	-275.92	-660.10	97.79	-2.32	39.82
2021-10-01T23:29:44	3323.44	-264.15	-663.16	98.33	-2.01	40.07
2021-10-01T23:29:46	3314.54	-252.37	-666.22	98.85	-1.70	40.30
2021-10-01T23:29:48	3305.64	-240.59	-669.28	99.33	-1.40	40.50
2021-10-01T23:29:50	3296.72	-228.82	-672.33	99.78	-1.14	40.74
2021-10-01T23:29:52	3287.80	-217.04	-675.39	100.30	-0.98	41.24
2021-10-01T23:29:54	3278.87	-205.26	-678.44	100.83	-0.80	41.74
2021-10-01T23:29:56	3269.94	-193.48	-681.50	101.43	-0.60	42.32
2021-10-01T23:29:58	3260.99	-181.70	-684.55	102.16	-0.45	42.95
2021-10-01T23:30:00	3252.04	-169.92	-687.60	102.76	-0.38	43.46
2021-10-01T23:30:02	3243.08	-158.15	-690.65	102.96	-0.32	43.69
2021-10-01T23:30:04	3234.11	-146.37	-693.69	103.12	-0.17	43.85
2021-10-01T23:30:06	3225.14	-134.59	-696.74	103.29	0.03	43.97
2021-10-01T23:30:08	3216.15	-122.81	-699.78	103.41	0.30	44.10
2021-10-01T23:30:10	3207.17	-111.02	-702.82	103.62	0.62	44.50
2021-10-01T23:30:12	3198.16	-99.24	-705.86	104.09	0.87	45.06
2021-10-01T23:30:14	3189.16	-87.46	-708.90	104.67	1.06	45.63
2021-10-01T23:30:16	3180.14	-75.68	-711.93	105.32	1.22	46.20
2021-10-01T23:30:18	3171.12	-63.89	-714.97	106.01	1.35	46.77
2021-10-01T23:30:20	3162.09	-52.11	-718.00	106.57	1.63	47.19
2021-10-01T23:30:22	3153.05	-40.33	-721.03	106.95	2.14	47.57
2021-10-01T23:30:24	3144.00	-28.55	-724.06	107.26	2.65	47.99
2021-10-01T23:30:26	3134.95	-16.76	-727.09	107.51	3.16	48.46
2021-10-01T23:30:28	3125.88	-4.98	-730.11	107.72	3.65	48.96
2021-10-01T23:30:30	3116.81	6.80	-733.13	108.07	4.03	49.23
2021-10-01T23:30:32	3107.73	18.59	-736.15	108.51	4.31	49.40
2021-10-01T23:30:34	3098.64	30.37	-739.17	109.00	4.43	49.53
2021-10-01T23:30:36	3089.55	42.15	-742.19	109.51	4.44	49.65
2021-10-01T23:30:38	3080.44	53.93	-745.20	110.02	4.40	49.79
2021-10-01T23:30:40	3071.33	65.72	-748.22	110.97	4.57	50.33
2021-10-01T23:30:42	3062.20	77.50	-751.23	111.94	4.82	50.92
2021-10-01T23:30:44	3053.07	89.28	-754.24	112.86	5.08	51.52
2021-10-01T23:30:46	3043.93	101.06	-757.24	113.79	5.51	51.95
2021-10-01T23:30:48	3034.78	112.85	-760.25	114.62	6.20	52.03
2021-10-01T23:30:50	3025.63	124.63	-763.25	114.85	7.10	51.82
2021-10-01T23:30:52	3016.46	136.41	-766.25	115.08	7.93	51.74
2021-10-01T23:30:54	3007.29	148.19	-769.24	115.27	8.69	51.77
2021-10-01T23:30:56	2998.10	159.97	-772.24	115.41	9.43	51.86
2021-10-01T23:30:58	2988.91	171.75	-775.23	115.63	9.98	52.08
2021-10-01T23:31:00	2979.71	183.53	-778.22	116.30	10.04	52.58
2021-10-01T23:31:02	2970.50	195.31	-781.21	116.99	10.25	53.06
2021-10-01T23:31:04	2961.28	207.09	-784.20	117.73	10.58	53.56
2021-10-01T23:31:06	2952.05	218.87	-787.18	118.58	11.05	54.10
2021-10-01T23:31:08	2942.82	230.64	-790.16	119.52	11.66	54.63
2021-10-01T23:31:10	2933.57	242.42	-793.14	120.42	12.35	55.10
2021-10-01T23:31:12	2924.32	254.20	-796.12	121.03	12.94	55.49
2021-10-01T23:31:14	2915.05	265.97	-799.09	121.59	13.48	56.00
2021-10-01T23:31:16	2905.78	277.75	-802.06	122.13	13.97	56.65
2021-10-01T23:31:18	2896.50	289.52	-805.03	122.44	14.27	57.19
2021-10-01T23:31:20	2887.21	301.29	-808.00	122.51	14.50	57.54
2021-10-01T23:31:22	2877.90	313.06	-810.96	122.57	14.78	57.88
2021-10-01T23:31:24	2868.59	324.83	-813.92	122.78	15.06	57.84
2021-10-01T23:31:26	2859.27	336.60	-816.88	123.04	15.33	57.55
2021-10-01T23:31:28	2849.95	348.37	-819.84	123.55	15.76	57.11
2021-10-01T23:31:30	2840.61	360.14	-822.79	124.17	16.29	56.78
2021-10-01T23:31:32	2831.26	371.90	-825.74	124.78	16.85	56.58
2021-10-01T23:31:34	2821.90	383.67	-828.69	125.36	17.46	56.51
2021-10-01T23:31:36	2812.54	395.44	-831.63	126.04	18.14	56.73
2021-10-01T23:31:38	2803.16	407.20	-834.57	126.87	18.67	57.26
2021-10-01T23:31:40	2793.77	418.96	-837.51	127.66	19.14	57.78
2021-10-01T23:31:42	2784.38	430.72	-840.45	128.37	19.59	58.27
2021-10-01T23:31:44	2774.97	442.48	-843.38	128.98	20.02	58.72
2021-10-01T23:31:46	2765.56	454.23	-846.31	129.48	20.46	59.15
2021-10-01T23:31:48	2756.14	465.99	-849.24	129.95	20.80	59.46
2021-10-01T23:31:50	2746.70	477.74	-852.16	130.39	21.16	59.76
2021-10-01T23:31:52	2737.26	489.49	-855.08	130.76	21.54	60.02
2021-10-01T23:31:54	2727.80	501.24	-858.00	131.00	21.96	60.21
2021-10-01T23:31:56	2718.34	512.99	-860.91	131.12	22.42	60.31
2021-10-01T23:31:58	2708.87	524.74	-863.83	131.71	22.79	60.31
2021-10-01T23:32:00	2699.38	536.48	-866.73	132.59	23.13	60.37
2021-10-01T23:32:02	2689.89	548.23	-869.64	133.56	23.53	60.49
2021-10-01T23:32:04	2680.39	559.97	-872.54	134.40	24.00	60.65
2021-10-01T23:32:06	2670.88	571.70	-875.44	135.09	24.58	60.91
2021-10-01T23:32:08	2661.35	583.44	-878.34	135.64	25.38	61.48
2021-10-01T23:32:10	2651.82	595.18	-881.23	136.14	26.16	62.08
2021-10-01T23:32:12	2642.28	606.91	-884.12	136.71	26.94	62.77
2021-10-01T23:32:14	2632.73	618.64	-887.00	137.41	27.71	63.47
2021-10-01T23:32:16	2623.16	630.37	-889.89	138.14	28.38	64.00
2021-10-01T23:32:18	2613.59	642.09	-892.76	138.84	28.90	64.27
2021-10-01T23:32:20	2604.01	653.82	-895.64	139.45	29.40	64.48
2021-10-01T23:32:22	2594.42	665.53	-898.51	139.95	29.89	64.62
2021-10-01T23:32:24	2584.81	677.25	-901.38	140.42	30.55	64.74
2021-10-01T23:32:26	2575.20	688.97	-904.25	141.05	31.45	64.99
2021-10-01T23:32:28	2565.58	700.68	-907.11	141.75	32.41	65.34
2021-10-01T23:32:30	2555.94	712.39	-909.96	142.48	33.33	65.68
2021-10-01T23:32:32	2546.30	724.10	-912.82	143.20	34.22	66.03
2021-10-01T23:32:34	2536.65	735.80	-915.67	143.92	35.07	66.38
2021-10-01T23:32:36	2526.98	747.50	-918.52	144.45	35.88	66.61
2021-10-01T23:32:38	2517.31	759.20	-921.36	144.75	36.74	66.74
2021-10-01T23:32:40	2507.62	770.89	-924.20	145.01	37.59	66.86
2021-10-01T23:32:42	2497.93	782.59	-927.03	145.23	38.44	66.98
2021-10-01T23:32:44	2488.23	794.27	-929.87	145.40	39.26	67.07
2021-10-01T23:32:46	2478.51	805.96	-932.69	145.56	39.93	67.27
2021-10-01T23:32:48	2468.79	817.64	-935.52	145.98	40.53	67.61
2021-10-01T23:32:50	2459.05	829.32	-938.34	146.55	41.15	67.96
2021-10-01T23:32:52	2449.31	840.99	-941.15	147.20	41.77	68.26
2021-10-01T23:32:54	2439.55	852.67	-943.97	147.93	42.37	68.53
2021-10-01T23:32:56	2429.78	864.34	-946.77	148.41	43.09	68.77
2021-10-01T23:32:58	2420.01	876.00	-949.58	148.77	43.83	68.99
2021-10-01T23:33:00	2410.22	887.66	-952.38	148.80	44.70	69.16
2021-10-01T23:33:02	2400.42	899.32	-955.17	148.84	45.54	69.33
2021-10-01T23:33:04	2390.61	910.97	-957.97	148.91	46.29	69.49
2021-10-01T23:33:06	2380.80	922.62	-960.75	149.15	47.02	69.63
2021-10-01T23:33:08	2370.97	934.26	-963.54	149.45	47.80	69.83
2021-10-01T23:33:10	2361.13	945.91	-966.32	149.84	48.66	70.07
2021-10-01T23:33:12	2351.28	957.54	-969.09	150.40	49.85	70.29
2021-10-01T23:33:14	2341.42	969.18	-971.86	150.78	51.11	70.50
2021-10-01T23:33:16	2331.55	980.80	-974.63	151.17	52.21	70.65
2021-10-01T23:33:18	2321.67	992.43	-977.39	151.48	53.25	70.81
2021-10-01T23:33:20	2311.79	1004.05	-980.15	151.75	54.22	71.00
2021-10-01T23:33:22	2301.89	1015.66	-982.90	152.07	55.12	71.25
2021-10-01T23:33:24	2291.97	1027.28	-985.65	152.54	56.04	71.67
2021-10-01T23:33:26	2282.05	1038.88	-988.40	152.86	56.70	71.76
2021-10-01T23:33:28	2272.12	1050.49	-991.14	153.12	57.36	71.76
2021-10-01T23:33:30	2262.18	1062.08	-993.87	153.33	58.02	71.70
2021-10-01T23:33:32	2252.23	1073.67	-996.61	153.50	58.68	71.61
2021-10-01T23:33:34	2242.27	1085.26	-999.33	153.66	59.39	71.64
2021-10-01T23:33:36	2232.30	1096.84	-1002.05	153.89	60.49	72.11
2021-10-01T23:33:38	2222.32	1108.42	-1004.77	154.11	61.57	72.60
2021-10-01T23:33:40	2212.33	1119.99	-1007.49	154.32	62.64	73.10
2021-10-01T23:33:42	2202.32	1131.56	-1010.19	154.53	63.68	73.58
2021-10-01T23:33:44	2192.31	1143.12	-1012.90	154.71	64.66	73.98
2021-10-01T23:33:46	2182.29	1154.68	-1015.60	154.92	65.56	73.85
2021-10-01T23:33:48	2172.26	1166.23	-1018.29	155.19	66.47	73.64
2021-10-01T23:33:50	2162.22	1177.78	-1020.98	155.57	67.41	73.46
2021-10-01T23:33:52	2152.16	1189.32	-1023.67	156.13	68.39	73.32
2021-10-01T23:33:54	2142.10	1200.86	-1026.35	156.79	69.40	73.30
2021-10-01T23:33:56	2132.03	1212.38	-1029.02	157.06	70.40	73.41
2021-10-01T23:33:58	2121.95	1223.91	-1031.69	156.64	71.37	73.68
2021-10-01T23:34:00	2111.85	1235.43	-1034.36	156.12	72.31	74.07
2021-10-01T23:34:02	2101.75	1246.94	-1037.02	155.68	73.21	74.56
2021-10-01T23:34:04	2091.64	1258.45	-1039.67	155.42	74.05	75.07
2021-10-01T23:34:06	2081.52	1269.95	-1042.32	155.49	74.90	75.43
2021-10-01T23:34:08	2071.39	1281.44	-1044.97	155.61	75.83	75.55
2021-10-01T23:34:10	2061.25	1292.93	-1047.61	155.36	76.79	75.38
2021-10-01T23:34:12	2051.10	1304.41	-1050.25	154.87	77.70	75.19
2021-10-01T23:34:14	2040.93	1315.89	-1052.88	154.24	78.61	75.05
2021-10-01T23:34:16	2030.76	1327.36	-1055.50	153.85	79.62	75.15
2021-10-01T23:34:18	2020.58	1338.83	-1058.13	153.66	80.64	75.37
2021-10-01T23:34:20	2010.39	1350.28	-1060.74	153.63	81.63	75.73
2021-10-01T23:34:22	2000.19	1361.73	-1063.35	153.50	82.57	76.02
2021-10-01T23:34:24	1989.99	1373.18	-1065.96	153.26	83.43	76.17
2021-10-01T23:34:26	1979.77	1384.62	-1068.56	152.97	84.15	76.07
2021-10-01T23:34:28	1969.54	1396.05	-1071.16	152.70	84.90	75.90
2021-10-01T23:34:30	1959.30	1407.47	-1073.75	152.45	85.64	75.66
2021-10-01T23:34:32	1949.06	1418.89	-1076.33	152.07	86.30	75.52
2021-10-01T23:34:34	1938.80	1430.31	-1078.91	151.54	87.00	75.53
2021-10-01T23:34:36	1928.54	1441.71	-1081.49	151.25	87.87	75.73
2021-10-01T23:34:38	1918.26	1453.11	-1084.06	151.20	88.86	76.01
2021-10-01T23:34:40	1907.98	1464.50	-1086.62	151.43	89.93	76.37
2021-10-01T23:34:42	1897.69	1475.89	-1089.18	151.73	91.05	76.43
2021-10-01T23:34:44	1887.39	1487.26	-1091.74	151.42	92.03	76.14
2021-10-01T23:34:46	1877.07	1498.63	-1094.29	150.67	92.75	75.92
2021-10-01T23:34:48	1866.76	1509.99	-1096.83	149.95	93.36	75.94
2021-10-01T23:34:50	1856.43	1521.35	-1099.37	149.23	93.89	76.18
2021-10-01T23:34:52	1846.09	1532.70	-1101.90	148.53	94.36	76.62
2021-10-01T23:34:54	1835.75	1544.04	-1104.43	147.99	95.33	77.13
2021-10-01T23:34:56	1825.39	1555.37	-1106.95	147.47	96.67	77.21
2021-10-01T23:34:58	1815.03	1566.70	-1109.47	146.91	97.95	77.22
2021-10-01T23:35:00	1804.66	1578.02	-1111.98	146.30	99.13	77.15
2021-10-01T23:35:02	1794.28	1589.33	-1114.49	145.64	100.19	76.99
2021-10-01T23:35:04	1783.89	1600.64	-1116.99	144.92	101.00	76.40
2021-10-01T23:35:06	1773.49	1611.93	-1119.49	144.26	101.60	75.49
2021-10-01T23:35:08	1763.08	1623.22	-1121.98	143.49	102.34	74.87
2021-10-01T23:35:10	1752.67	1634.50	-1124.47	142.63	103.19	74.52
2021-10-01T23:35:12	1742.25	1645.77	-1126.95	141.68	104.10	74.44
2021-10-01T23:35:14	1731.81	1657.04	-1129.42	140.72	105.05	74.59
2021-10-01T23:35:16	1721.38	1668.30	-1131.89	140.23	106.11	74.61
2021-10-01T23:35:18	1710.93	1679.55	-1134.36	139.63	107.12	74.55
2021-10-01T23:35:20	1700.48	1690.79	-1136.81	138.96	108.10	74.42
2021-10-01T23:35:22	1690.01	1702.02	-1139.27	138.24	109.07	74.21
2021-10-01T23:35:24	1679.54	1713.25	-1141.72	137.52	110.04	73.92
2021-10-01T23:35:26	1669.06	1724.47	-1144.16	136.66	110.34	73.75
2021-10-01T23:35:28	1658.58	1735.67	-1146.60	135.74	110.59	73.70
2021-10-01T23:35:30	1648.08	1746.88	-1149.03	134.68	110.84	73.61
2021-10-01T23:35:32	1637.58	1758.07	-1151.46	133.57	111.16	73.47
2021-10-01T23:35:34	1627.07	1769.26	-1153.88	132.43	111.55	73.33
2021-10-01T23:35:36	1616.55	1780.43	-1156.29	131.44	112.24	73.70
2021-10-01T23:35:38	1606.03	1791.60	-1158.70	130.26	112.75	73.83
2021-10-01T23:35:40	1595.49	1802.76	-1161.11	129.07	113.15	73.75
2021-10-01T23:35:42	1584.96	1813.92	-1163.51	127.84	113.46	73.50
2021-10-01T23:35:44	1574.41	1825.06	-1165.90	126.58	113.70	73.08
2021-10-01T23:35:46	1563.85	1836.20	-1168.29	125.50	114.06	72.62
2021-10-01T23:35:48	1553.29	1847.32	-1170.68	124.87	114.83	72.51
2021-10-01T23:35:50	1542.73	1858.44	-1173.05	124.35	115.65	72.61
2021-10-01T23:35:52	1532.15	1869.55	-1175.43	123.80	116.41	72.83
2021-10-01T23:35:54	1521.57	1880.65	-1177.80	123.23	117.10	73.16
2021-10-01T23:35:56	1510.98	1891.75	-1180.16	122.53	117.71	73.10
2021-10-01T23:35:58	1500.39	1902.83	-1182.51	121.52	118.29	72.64
2021-10-01T23:36:00	1489.78	1913.91	-1184.87	120.36	118.71	72.00
2021-10-01T23:36:02	1479.17	1924.98	-1187.21	119.22	119.02	71.50
2021-10-01T23:36:04	1468.56	1936.04	-1189.55	118.07	119.23	71.10
2021-10-01T23:36:06	1457.94	1947.09	-1191.89	116.99	119.43	70.97
2021-10-01T23:36:08	1447.31	1958.13	-1194.22	115.91	119.62	71.00
2021-10-01T23:36:10	1436.67	1969.17	-1196.55	114.65	120.24	71.35
2021-10-01T23:36:12	1426.03	1980.19	-1198.87	113.41	120.92	71.72
2021-10-01T23:36:14	1415.39	1991.21	-1201.18	112.26	121.70	72.10
2021-10-01T23:36:16	1404.73	2002.22	-1203.49	111.25	122.47	72.34
2021-10-01T23:36:18	1394.07	2013.21	-1205.79	110.35	122.74	71.97
2021-10-01T23:36:20	1383.41	2024.20	-1208.10	109.37	122.62	71.13
2021-10-01T23:36:22	1372.74	2035.19	-1210.39	108.32	122.37	70.24
2021-10-01T23:36:24	1362.06	2046.16	-1212.68	107.21	122.16	69.43
2021-10-01T23:36:26	1351.38	2057.12	-1214.96	106.07	122.04	68.76
2021-10-01T23:36:28	1340.69	2068.08	-1217.24	105.03	122.46	68.56
2021-10-01T23:36:30	1330.00	2079.03	-1219.51	104.08	123.05	68.57
2021-10-01T23:36:32	1319.29	2089.96	-1221.78	103.66	123.81	68.75
2021-10-01T23:36:34	1308.59	2100.90	-1224.04	103.22	124.49	68.77
2021-10-01T23:36:36	1297.88	2111.82	-1226.30	102.77	125.08	68.59
2021-10-01T23:36:38	1287.16	2122.73	-1228.55	101.78	125.27	68.13
2021-10-01T23:36:40	1276.44	2133.63	-1230.80	100.47	125.29	67.61
2021-10-01T23:36:42	1265.71	2144.53	-1233.04	98.83	125.13	67.46
2021-10-01T23:36:44	1254.98	2155.41	-1235.28	97.40	125.06	67.49
2021-10-01T23:36:46	1244.24	2166.29	-1237.51	96.19	125.09	67.61
2021-10-01T23:36:48	1233.50	2177.16	-1239.74	95.48	125.29	67.74
2021-10-01T23:36:50	1222.75	2188.01	-1241.96	94.96	125.62	67.82
2021-10-01T23:36:52	1212.00	2198.86	-1244.18	94.23	125.85	67.72
2021-10-01T23:36:54	1201.25	2209.71	-1246.39	93.29	125.89	67.57
2021-10-01T23:36:56	1190.49	2220.54	-1248.60	92.29	125.90	67.53
2021-10-01T23:36:58	1179.72	2231.36	-1250.80	91.09	125.73	67.60
2021-10-01T23:37:00	1168.95	2242.18	-1253.00	89.59	125.25	67.60
2021-10-01T23:37:02	1158.17	2252.99	-1255.19	88.03	124.72	67.40
2021-10-01T23:37:04	1147.39	2263.78	-1257.38	86.69	124.22	67.15
2021-10-01T23:37:06	1136.61	2274.57	-1259.56	85.46	123.98	66.94
2021-10-01T23:37:08	1125.82	2285.35	-1261.74	84.41	124.03	66.80
2021-10-01T23:37:10	1115.03	2296.13	-1263.92	83.67	123.90	66.63
2021-10-01T23:37:12	1104.23	2306.89	-1266.08	82.75	123.70	66.34
2021-10-01T23:37:14	1093.43	2317.64	-1268.25	82.04	123.32	66.21
2021-10-01T23:37:16	1082.62	2328.39	-1270.41	81.52	123.03	66.28
2021-10-01T23:37:18	1071.81	2339.13	-1272.56	81.13	122.82	66.54
2021-10-01T23:37:20	1061.00	2349.85	-1274.71	80.59	122.76	67.00
2021-10-01T23:37:22	1050.18	2360.57	-1276.85	79.77	122.56	67.36
2021-10-01T23:37:24	1039.36	2371.28	-1278.99	78.46	122.25	67.44
2021-10-01T23:37:26	1028.54	2381.98	-1281.13	77.11	121.98	67.44
2021-10-01T23:37:28	1017.71	2392.68	-1283.26	75.93	121.74	67.46
2021-10-01T23:37:30	1006.88	2403.36	-1285.38	75.08	121.55	67.45
2021-10-01T23:37:32	996.04	2414.04	-1287.51	74.59	121.39	67.42
2021-10-01T23:37:34	985.20	2424.71	-1289.62	74.15	121.18	67.52
2021-10-01T23:37:36	974.36	2435.37	-1291.74	73.50	120.85	67.63
2021-10-01T23:37:38	963.51	2446.02	-1293.84	72.83	120.57	67.72
2021-10-01T23:37:40	952.66	2456.66	-1295.94	72.12	120.33	67.78
2021-10-01T23:37:42	941.81	2467.29	-1298.04	71.02	119.96	67.63
2021-10-01T23:37:44	930.96	2477.92	-1300.14	70.01	119.47	67.46
2021-10-01T23:37:46	920.10	2488.54	-1302.23	69.11	119.04	67.17
2021-10-01T23:37:48	909.23	2499.14	-1304.31	68.18	118.54	67.01
2021-10-01T23:37:50	898.37	2509.74	-1306.39	67.23	118.00	66.97
2021-10-01T23:37:52	887.50	2520.33	-1308.47	66.51	117.81	66.93
2021-10-01T23:37:54	876.63	2530.92	-1310.54	65.97	117.76	66.77
2021-10-01T23:37:56	865.76	2541.49	-1312.61	65.38	117.47	66.49
2021-10-01T23:37:58	854.88	2552.06	-1314.67	64.74	117.06	66.24
2021-10-01T23:38:00	844.00	2562.62	-1316.73	64.05	116.55	66.03
2021-10-01T23:38:02	833.12	2573.17	-1318.79	63.36	115.95	66.00
2021-10-01T23:38:04	822.23	2583.71	-1320.84	62.87	115.55	66.35
2021-10-01T23:38:06	811.34	2594.24	-1322.88	62.40	115.32	66.51
2021-10-01T23:38:08	800.45	2604.77	-1324.92	61.86	115.05	66.41
2021-10-01T23:38:10	789.56	2615.28	-1326.96	61.27	114.74	66.26
2021-10-01T23:38:12	778.67	2625.79	-1328.99	60.66	114.41	66.07
2021-10-01T23:38:14	767.77	2636.29	-1331.02	59.98	113.85	65.89
2021-10-01T23:38:16	756.87	2646.78	-1333.05	59.30	113.20	65.97
2021-10-01T23:38:18	745.97	2657.27	-1335.07	58.54	112.40	66.32
2021-10-01T23:38:20	735.06	2667.74	-1337.09	57.71	111.52	66.64
2021-10-01T23:38:22	724.16	2678.21	-1339.10	56.79	110.54	66.93
2021-10-01T23:38:24	713.25	2688.67	-1341.11	55.89	109.63	67.13
2021-10-01T23:38:26	702.34	2699.12	-1343.12	55.24	109.10	67.18
2021-10-01T23:38:28	691.42	2709.57	-1345.11	54.80	108.83	67.12
2021-10-01T23:38:30	680.51	2720.00	-1347.11	54.31	108.50	67.10
2021-10-01T23:38:32	669.59	2730.43	-1349.10	53.77	108.13	67.12
2021-10-01T23:38:34	658.67	2740.85	-1351.09	53.16	107.70	67.15
2021-10-01T23:38:36	647.75	2751.26	-1353.08	52.59	107.05	67.28
2021-10-01T23:38:38	636.83	2761.67	-1355.06	52.19	106.36	67.34
2021-10-01T23:38:40	625.91	2772.06	-1357.04	51.78	105.71	67.39
2021-10-01T23:38:42	614.98	2782.45	-1359.01	51.34	105.11	67.45
2021-10-01T23:38:44	604.05	2792.83	-1360.98	50.86	104.54	67.51
2021-10-01T23:38:46	593.12	2803.21	-1362.95	50.38	103.97	67.54
2021-10-01T23:38:48	582.19	2813.57	-1364.91	49.87	103.35	67.52
2021-10-01T23:38:50	571.26	2823.93	-1366.87	49.44	102.82	67.48
2021-10-01T23:38:52	560.33	2834.28	-1368.82	49.10	102.43	67.40
2021-10-01T23:38:54	549.39	2844.62	-1370.77	48.85	102.18	67.25
2021-10-01T23:38:56	538.45	2854.96	-1372.72	48.71	102.09	67.05
2021-10-01T23:38:58	527.52	2865.28	-1374.66	48.18	101.40	67.07
2021-10-01T23:39:00	516.57	2875.60	-1376.60	47.34	100.39	67.26
2021-10-01T23:39:02	505.63	2885.92	-1378.54	46.62	99.57	67.39
2021-10-01T23:39:04	494.69	2896.22	-1380.47	46.02	98.93	67.45
2021-10-01T23:39:06	483.75	2906.52	-1382.40	45.54	98.47	67.44
2021-10-01T23:39:08	472.80	2916.81	-1384.33	45.19	98.11	67.45
2021-10-01T23:39:10	461.86	2927.09	-1386.25	44.98	97.43	67.67
2021-10-01T23:39:12	450.91	2937.37	-1388.17	44.68	96.70	67.81
2021-10-01T23:39:14	439.96	2947.64	-1390.09	44.29	95.92	67.88
2021-10-01T23:39:16	429.01	2957.90	-1392.00	43.81	95.10	67.87
2021-10-01T23:39:18	418.06	2968.15	-1393.91	43.25	94.21	67.78
2021-10-01T23:39:20	407.11	2978.40	-1395.81	43.07	93.75	67.90
2021-10-01T23:39:22	396.16	2988.64	-1397.71	43.01	93.31	68.01
2021-10-01T23:39:24	385.21	2998.87	-1399.61	42.95	92.78	68.07
2021-10-01T23:39:26	374.25	3009.09	-1401.51	42.89	92.20	68.07
2021-10-01T23:39:28	363.30	3019.31	-1403.40	42.83	91.57	68.01
2021-10-01T23:39:30	352.34	3029.52	-1405.29	42.70	90.93	68.22
2021-10-01T23:39:32	341.39	3039.73	-1407.17	42.37	90.32	68.68
2021-10-01T23:39:34	330.43	3049.92	-1409.06	42.10	89.72	69.08
2021-10-01T23:39:36	319.47	3060.11	-1410.93	41.92	89.12	69.43
2021-10-01T23:39:38	308.51	3070.30	-1412.81	41.82	88.51	69.71
2021-10-01T23:39:40	297.56	3080.47	-1414.68	41.71	87.95	69.85
2021-10-01T23:39:42	286.60	3090.64	-1416.55	41.53	87.53	69.82
2021-10-01T23:39:44	275.63	3100.81	-1418.42	41.40	87.12	69.81
2021-10-01T23:39:46	264.67	3110.96	-1420.28	41.26	86.65	69.86
2021-10-01T23:39:48	253.71	3121.11	-1422.14	41.11	86.11	69.98
2021-10-01T23:39:50	242.75	3131.25	-1424.00	40.99	85.52	70.14
2021-10-01T23:39:52	231.79	3141.39	-1425.85	41.05	85.00	70.14
2021-10-01T23:39:54	220.82	3151.52	-1427.70	41.08	84.46	69.83
2021-10-01T23:39:56	209.86	3161.64	-1429.55	41.10	83.83	69.50
2021-10-01T23:39:58	198.90	3171.76	-1431.39	41.12	83.13	69.18
2021-10-01T23:40:00	187.93	3181.86	-1433.23	41.08	82.34	68.89
2021-10-01T23:40:02	176.97	3191.97	-1435.07	40.80	81.20	68.97
2021-10-01T23:40:04	166.00	3202.06	-1436.91	40.39	80.05	69.21
2021-10-01T23:40:06	155.04	3212.15	-1438.74	39.68	78.66	69.41
2021-10-01T23:40:08	144.07	3222.24	-1440.57	39.02	77.29	69.54
2021-10-01T23:40:10	133.11	3232.31	-1442.40	38.40	75.92	69.58
2021-10-01T23:40:12	122.14	3242.38	-1444.22	37.67	74.24	68.97
2021-10-01T23:40:14	111.18	3252.45	-1446.04	36.99	72.41	68.08
2021-10-01T23:40:16	100.21	3262.50	-1447.86	36.23	70.76	67.07
2021-10-01T23:40:18	89.24	3272.55	-1449.68	35.44	69.35	66.16
2021-10-01T23:40:20	78.28	3282.60	-1451.49	34.77	68.05	65.42
2021-10-01T23:40:22	67.31	3292.64	-1453.30	34.02	67.10	65.03
2021-10-01T23:40:24	56.34	3302.67	-1455.11	33.20	66.25	64.81
2021-10-01T23:40:26	45.38	3312.70	-1456.91	32.47	65.32	64.61
2021-10-01T23:40:28	34.41	3322.72	-1458.71	32.31	64.83	64.77
2021-10-01T23:40:30	23.44	3332.73	-1460.52	32.36	64.38	65.16
2021-10-01T23:40:32	12.48	3342.74	-1462.31	32.62	63.80	65.50
2021-10-01T23:40:34	1.51	3352.75	-1464.10	32.86	63.03	65.34
2021-10-01T23:40:36	-9.46	3362.74	-1465.90	32.92	62.23	64.95
2021-10-01T23:40:38	-20.43	3372.73	-1467.69	32.76	61.34	64.29
2021-10-01T23:40:40	-31.39	3382.72	-1469.47	32.50	60.16	63.26
2021-10-01T23:40:42	-42.36	3392.70	-1471.26	32.41	59.24	62.51
2021-10-01T23:40:44	-53.33	3402.67	-1473.04	32.49	59.07	62.38
2021-10-01T23:40:46	-64.29	3412.64	-1474.81	32.50	59.32	62.14
2021-10-01T23:40:48	-75.26	3422.60	-1476.59	32.42	59.99	61.76
2021-10-01T23:40:50	-86.22	3432.55	-1478.36	32.01	60.70	61.44
2021-10-01T23:40:52	-97.19	3442.50	-1480.14	31.31	60.85	61.36
2021-10-01T23:40:54	-108.16	3452.45	-1481.90	31.11	60.16	61.52
2021-10-01T23:40:56	-119.12	3462.38	-1483.67	31.01	59.59	61.31
2021-10-01T23:40:58	-130.09	3472.32	-1485.43	30.99	59.23	60.72
2021-10-01T23:41:00	-141.05	3482.24	-1487.19	31.08	59.14	59.72
2021-10-01T23:41:02	-152.02	3492.16	-1488.95	31.11	58.86	59.78
2021-10-01T23:41:04	-162.98	3502.08	-1490.71	30.18	57.38	60.93
2021-10-01T23:41:06	-173.95	3511.99	-1492.46	29.01	55.59	61.60
2021-10-01T23:41:08	-184.91	3521.89	-1494.21	27.96	53.85	61.57
2021-10-01T23:41:10	-195.88	3531.79	-1495.96	27.02	52.18	60.93
2021-10-01T23:41:12	-206.84	3541.69	-1497.71	26.19	50.62	59.74
2021-10-01T23:41:14	-217.80	3551.58	-1499.46	24.93	49.71	59.02
2021-10-01T23:41:16	-228.76	3561.46	-1501.20	23.55	48.88	58.37
2021-10-01T23:41:18	-239.73	3571.34	-1502.94	22.12	47.63	57.52
2021-10-01T23:41:20	-250.69	3581.21	-1504.67	20.64	45.99	56.46
2021-10-01T23:41:22	-261.65	3591.07	-1506.41	19.08	44.01	55.15
2021-10-01T23:41:24	-272.61	3600.93	-1508.14	17.50	41.86	53.64
2021-10-01T23:41:26	-283.57	3610.79	-1509.87	15.97	40.26	52.13
2021-10-01T23:41:28	-294.53	3620.64	-1511.60	14.42	38.47	50.56
2021-10-01T23:41:30	-305.49	3630.49	-1513.33	12.84	36.50	48.89
2021-10-01T23:41:32	-316.45	3640.33	-1515.05	11.20	34.37	47.11
2021-10-01T23:41:34	-327.41	3650.16	-1516.78	9.50	32.14	45.39
2021-10-01T23:41:36	-338.37	3660.00	-1518.50	8.22	30.78	45.83
2021-10-01T23:41:38	-349.33	3669.82	-1520.22	7.27	30.16	45.97
2021-10-01T23:41:40	-360.28	3679.64	-1521.93	6.23	29.53	45.79
2021-10-01T23:41:42	-371.24	3689.46	-1523.65	5.13	28.87	45.32
2021-10-01T23:41:44	-382.19	3699.26	-1525.36	3.98	28.18	44.54
2021-10-01T23:41:46	-393.15	3709.07	-1527.07	3.14	27.08	43.96
2021-10-01T23:41:48	-404.11	3718.87	-1528.77	2.16	25.65	43.80
2021-10-01T23:41:50	-415.06	3728.67	-1530.48	1.13	24.15	43.53
2021-10-01T23:41:52	-426.01	3738.46	-1532.18	0.28	22.66	43.26
2021-10-01T23:41:54	-436.97	3748.24	-1533.88	-0.40	21.10	43.02
2021-10-01T23:41:56	-447.92	3758.02	-1535.58	-1.17	19.84	42.06
2021-10-01T23:41:58	-458.87	3767.80	-1537.28	-2.10	18.88	40.86
2021-10-01T23:42:00	-469.82	3777.57	-1538.98	-3.01	18.31	39.66
2021-10-01T23:42:02	-480.78	3787.34	-1540.67	-3.68	17.78	38.26
2021-10-01T23:42:04	-491.72	3797.10	-1542.36	-4.10	17.05	36.72
2021-10-01T23:42:06	-502.67	3806.85	-1544.05	-4.49	16.18	35.19
2021-10-01T23:42:08	-513.62	3816.61	-1545.74	-5.06	15.35	34.23
2021-10-01T23:42:10	-524.57	3826.35	-1547.43	-5.55	14.50	33.80
2021-10-01T23:42:12	-535.52	3836.09	-1549.11	-6.24	13.71	33.88
2021-10-01T23:42:14	-546.46	3845.84	-1550.79	-6.94	12.95	33.74
2021-10-01T23:42:16	-557.41	3855.57	-1552.47	-7.46	12.26	33.25
2021-10-01T23:42:18	-568.36	3865.30	-1554.15	-7.38	11.87	32.33
2021-10-01T23:42:20	-579.30	3875.02	-1555.83	-7.17	11.50	31.29
2021-10-01T23:42:22	-590.25	3884.74	-1557.50	-6.86	11.14	30.12
2021-10-01T23:42:24	-601.19	3894.46	-1559.18	-6.60	11.11	29.14
2021-10-01T23:42:26	-612.13	3904.17	-1560.85	-6.35	11.10	28.20
2021-10-01T23:42:28	-623.07	3913.87	-1562.52	-6.44	10.94	27.27
2021-10-01T23:42:30	-634.01	3923.58	-1564.18	-6.58	10.75	26.42
2021-10-01T23:42:32	-644.95	3933.27	-1565.85	-6.75	10.56	25.66
2021-10-01T23:42:34	-655.89	3942.97	-1567.51	-6.98	10.35	24.96
2021-10-01T23:42:36	-666.83	3952.66	-1569.18	-7.24	10.23	24.94
2021-10-01T23:42:38	-677.77	3962.34	-1570.84	-7.35	10.01	25.08
2021-10-01T23:42:40	-688.71	3972.02	-1572.49	-7.36	9.75	25.10
2021-10-01T23:42:42	-699.65	3981.70	-1574.15	-7.32	9.51	24.99
2021-10-01T23:42:44	-710.58	3991.37	-1575.81	-7.23	9.29	24.74
2021-10-01T23:42:46	-721.52	4001.04	-1577.46	-7.10	9.06	24.37
2021-10-01T23:42:48	-732.45	4010.70	-1579.11	-7.12	8.76	23.90
2021-10-01T23:42:50	-743.38	4020.36	-1580.76	-7.31	8.42	23.36
2021-10-01T23:42:52	-754.31	4030.01	-1582.41	-7.58	8.08	22.78
2021-10-01T23:42:54	-765.25	4039.66	-1584.06	-7.89	7.76	22.15
2021-10-01T23:42:56	-776.18	4049.31	-1585.70	-8.25	7.47	21.50
2021-10-01T23:42:58	-787.11	4058.95	-1587.35	-8.65	7.34	20.94
2021-10-01T23:43:00	-798.04	4068.59	-1588.99	-8.95	7.53	20.84
2021-10-01T23:43:02	-808.96	4078.23	-1590.63	-9.22	7.65	20.71
2021-10-01T23:43:04	-819.89	4087.86	-1592.27	-9.42	7.69	20.55
2021-10-01T23:43:06	-830.82	4097.48	-1593.91	-9.57	7.66	20.36
2021-10-01T23:43:08	-841.74	4107.11	-1595.55	-9.65	7.55	20.16
2021-10-01T23:43:10	-852.67	4116.72	-1597.18	-9.66	7.34	20.38
2021-10-01T23:43:12	-863.59	4126.34	-1598.81	-9.63	6.93	20.60
2021-10-01T23:43:14	-874.52	4135.95	-1600.44	-9.59	6.56	20.84
2021-10-01T23:43:16	-885.44	4145.56	-1602.07	-9.55	6.25	21.13
2021-10-01T23:43:18	-896.36	4155.16	-1603.70	-9.52	5.98	21.45
2021-10-01T23:43:20	-907.28	4164.76	-1605.33	-9.19	5.76	21.25
2021-10-01T23:43:22	-918.20	4174.35	-1606.95	-8.84	5.68	20.89
2021-10-01T23:43:24	-929.12	4183.94	-1608.58	-8.63	5.90	20.44
2021-10-01T23:43:26	-940.04	4193.53	-1610.20	-8.43	6.23	20.05
2021-10-01T23:43:28	-950.96	4203.11	-1611.82	-8.23	6.66	19.70
2021-10-01T23:43:30	-961.87	4212.69	-1613.44	-8.14	7.18	19.33
2021-10-01T23:43:32	-972.79	4222.27	-1615.06	-8.09	7.71	18.93
2021-10-01T23:43:34	-983.70	4231.84	-1616.67	-7.98	8.26	18.59
2021-10-01T23:43:36	-994.62	4241.41	-1618.29	-7.83	8.82	18.54
2021-10-01T23:43:38	-1005.53	4250.98	-1619.90	-7.68	9.40	18.62
2021-10-01T23:43:40	-1016.44	4260.54	-1621.51	-7.52	9.90	18.76
2021-10-01T23:43:42	-1027.35	4270.10	-1623.12	-7.28	10.21	18.79
2021-10-01T23:43:44	-1038.26	4279.65	-1624.73	-6.96	10.53	18.77
2021-10-01T23:43:46	-1049.17	4289.20	-1626.34	-6.65	10.74	18.62
2021-10-01T23:43:48	-1060.08	4298.75	-1627.95	-6.52	10.70	18.33
2021-10-01T23:43:50	-1070.98	4308.29	-1629.55	-6.40	10.69	18.12
2021-10-01T23:43:52	-1081.89	4317.83	-1631.16	-6.46	10.81	18.15
2021-10-01T23:43:54	-1092.80	4327.37	-1632.76	-6.56	10.95	18.17
2021-10-01T23:43:56	-1103.70	4336.90	-1634.36	-6.70	11.11	18.16
2021-10-01T23:43:58	-1114.60	4346.43	-1635.96	-6.72	11.26	18.17
2021-10-01T23:44:00	-1125.51	4355.95	-1637.56	-6.49	11.34	18.28
2021-10-01T23:44:02	-1136.41	4365.47	-1639.16	-6.08	11.28	18.15
2021-10-01T23:44:04	-1147.31	4374.99	-1640.75	-5.74	11.22	18.02
2021-10-01T23:44:06	-1158.21	4384.51	-1642.35	-5.50	11.21	17.94
2021-10-01T23:44:08	-1169.11	4394.02	-1643.94	-5.34	11.24	17.89
2021-10-01T23:44:10	-1180.01	4403.53	-1645.53	-5.24	11.32	17.79
2021-10-01T23:44:12	-1190.90	4413.04	-1647.12	-5.20	11.34	17.54
2021-10-01T23:44:14	-1201.80	4422.54	-1648.71	-5.23	11.19	17.30
2021-10-01T23:44:16	-1212.69	4432.04	-1650.30	-5.31	10.89	17.10
2021-10-01T23:44:18	-1223.59	4441.53	-1651.89	-5.43	10.43	16.92
2021-10-01T23:44:20	-1234.48	4451.02	-1653.47	-5.60	9.79	16.76
2021-10-01T23:44:22	-1245.37	4460.51	-1655.06	-5.73	9.21	16.54
2021-10-01T23:44:24	-1256.26	4470.00	-1656.64	-5.74	9.07	16.15
2021-10-01T23:44:26	-1267.15	4479.48	-1658.22	-5.81	8.99	15.81
2021-10-01T23:44:28	-1278.04	4488.96	-1659.81	-5.94	8.99	15.54
2021-10-01T23:44:30	-1288.93	4498.43	-1661.39	-6.14	9.07	15.34
2021-10-01T23:44:32	-1299.82	4507.90	-1662.96	-6.33	9.32	15.18
2021-10-01T23:44:34	-1310.70	4517.37	-1664.54	-6.33	9.81	14.94
2021-10-01T23:44:36	-1321.59	4526.84	-1666.11	-6.26	10.30	14.69
2021-10-01T23:44:38	-1332.47	4536.30	-1667.69	-6.26	10.68	14.56
2021-10-01T23:44:40	-1343.36	4545.76	-1669.26	-6.31	10.95	14.55
2021-10-01T23:44:42	-1354.24	4555.22	-1670.84	-6.41	11.13	14.66
2021-10-01T23:44:44	-1365.12	4564.67	-1672.41	-6.28	10.88	14.63
2021-10-01T23:44:46	-1376.00	4574.12	-1673.98	-6.18	10.51	14.68
2021-10-01T23:44:48	-1386.88	4583.57	-1675.55	-6.14	10.17	14.84
2021-10-01T23:44:50	-1397.76	4593.01	-1677.12	-6.10	9.97	15.04
2021-10-01T23:44:52	-1408.64	4602.46	-1678.68	-6.03	9.92	15.31
2021-10-01T23:44:54	-1419.51	4611.90	-1680.25	-6.05	9.93	15.45
2021-10-01T23:44:56	-1430.39	4621.33	-1681.81	-6.15	9.91	15.43
2021-10-01T23:44:58	-1441.27	4630.76	-1683.38	-6.29	9.86	15.29
2021-10-01T23:45:00	-1452.14	4640.19	-1684.94	-6.59	9.61	14.80
2021-10-01T23:45:02	-1463.01	4649.62	-1686.50	-6.89	9.33	14.37
2021-10-01T23:45:04	-1473.88	4659.04	-1688.06	-7.20	8.99	14.14
2021-10-01T23:45:06	-1484.75	4668.46	-1689.62	-7.51	8.56	14.30
2021-10-01T23:45:08	-1495.62	4677.88	-1691.18	-7.81	8.18	14.57
2021-10-01T23:45:10	-1506.50	4687.29	-1692.74	-8.09	7.86	14.96
2021-10-01T23:45:12	-1517.36	4696.70	-1694.29	-8.25	7.61	15.39
2021-10-01T23:45:14	-1528.23	4706.11	-1695.85	-8.40	7.34	15.71
2021-10-01T23:45:16	-1539.10	4715.52	-1697.40	-8.77	7.18	15.90
2021-10-01T23:45:18	-1549.96	4724.92	-1698.95	-9.18	7.04	16.15
2021-10-01T23:45:20	-1560.82	4734.32	-1700.51	-9.64	6.92	16.45
2021-10-01T23:45:22	-1571.69	4743.72	-1702.06	-10.14	6.83	16.81
2021-10-01T23:45:24	-1582.55	4753.12	-1703.61	-10.59	6.75	16.99
2021-10-01T23:45:26	-1593.41	4762.51	-1705.15	-10.90	6.60	16.88
2021-10-01T23:45:28	-1604.27	4771.90	-1706.70	-11.15	6.45	16.68
2021-10-01T23:45:30	-1615.13	4781.28	-1708.25	-11.37	6.31	16.45
2021-10-01T23:45:32	-1625.99	4790.67	-1709.80	-11.56	6.18	16.20
2021-10-01T23:45:34	-1636.84	4800.05	-1711.34	-11.72	6.06	15.92
2021-10-01T23:45:36	-1647.70	4809.43	-1712.88	-11.57	6.16	16.15
2021-10-01T23:45:38	-1658.56	4818.80	-1714.43	-11.28	6.35	16.62
2021-10-01T23:45:40	-1669.41	4828.17	-1715.97	-11.03	6.55	17.18
2021-10-01T23:45:42	-1680.26	4837.54	-1717.51	-10.81	6.76	17.83
2021-10-01T23:45:44	-1691.12	4846.91	-1719.05	-10.62	6.98	18.60
2021-10-01T23:45:46	-1701.97	4856.28	-1720.59	-10.62	7.20	19.36
2021-10-01T23:45:48	-1712.82	4865.64	-1722.13	-10.91	7.29	19.22
