Time	POS_X	POS_Y	POS_Z	B_X	B_Y	B_Z
2021-10-01T23:23:36	4868.82	-2409.96	-87.23	4.79	-2.37	16.37
2021-10-01T23:23:38	4860.77	-2398.42	-90.39	4.87	-2.40	16.47
2021-10-01T23:23:40	4852.72	-2386.89	-93.55	4.94	-2.43	16.57
2021-10-01T23:23:42	4844.66	-2375.35	-96.71	5.01	-2.46	16.67
2021-10-01T23:23:44	4836.60	-2363.82	-99.87	5.09	-2.49	16.77
2021-10-01T23:23:46	4828.54	-2352.28	-103.02	5.16	-2.51	16.87
2021-10-01T23:23:48	4820.48	-2340.74	-106.18	5.24	-2.54	16.98
2021-10-01T23:23:50	4812.41	-2329.19	-109.34	5.32	-2.57	17.08
2021-10-01T23:23:52	4804.35	-2317.65	-112.50	5.39	-2.60	17.18
2021-10-01T23:23:54	4796.28	-2306.11	-115.65	5.47	-2.63	17.28
2021-10-01T23:23:56	4788.20	-2294.56	-118.81	5.55	-2.66	17.39
2021-10-01T23:23:58	4780.13	-2283.02	-121.97	5.64	-2.69	17.49
2021-10-01T23:24:00	4772.05	-2271.47	-125.12	5.72	-2.72	17.60
2021-10-01T23:24:02	4763.97	-2259.92	-128.28	5.80	-2.75	17.71
2021-10-01T23:24:04	4755.88	-2248.37	-131.44	5.89	-2.78	17.81
2021-10-01T23:24:06	4747.79	-2236.81	-134.59	5.97	-2.81	17.92
2021-10-01T23:24:08	4739.70	-2225.26	-137.75	6.06	-2.85	18.03
2021-10-01T23:24:10	4731.61	-2213.71	-140.91	6.15	-2.88	18.14
2021-10-01T23:24:12	4723.51	-2202.15	-144.06	6.24	-2.91	18.25
2021-10-01T23:24:14	4715.41	-2190.59	-147.22	6.33	-2.94	18.36
2021-10-01T23:24:16	4707.31	-2179.03	-150.37	6.42	-2.97	18.47
2021-10-01T23:24:18	4699.21	-2167.47	-153.53	6.52	-3.01	18.58
2021-10-01T23:24:20	4691.10	-2155.91	-156.69	6.61	-3.04	18.70
2021-10-01T23:24:22	4682.98	-2144.35	-159.84	6.71	-3.07	18.81
2021-10-01T23:24:24	4674.87	-2132.78	-163.00	6.81	-3.11	18.92
2021-10-01T23:24:26	4666.75	-2121.21	-166.15	6.91	-3.14	19.04
2021-10-01T23:24:28	4658.63	-2109.65	-169.31	7.01	-3.17	19.15
2021-10-01T23:24:30	4650.51	-2098.08	-172.46	7.11	-3.21	19.27
2021-10-01T23:24:32	4642.39	-2086.51	-175.62	7.21	-3.24	19.39
2021-10-01T23:24:34	4634.26	-2074.93	-178.77	7.32	-3.28	19.50
2021-10-01T23:24:36	4626.13	-2063.36	-181.93	7.42	-3.31	19.62
2021-10-01T23:24:38	4617.99	-2051.79	-185.09	7.53	-3.35	19.74
2021-10-01T23:24:40	4609.85	-2040.21	-188.24	7.64	-3.38	19.86
2021-10-01T23:24:42	4601.71	-2028.63	-191.40	7.75	-3.42	19.98
2021-10-01T23:24:44	4593.57	-2017.05	-194.55	7.86	-3.45	20.10
2021-10-01T23:24:46	4585.42	-2005.47	-197.70	7.97	-3.49	20.22
2021-10-01T23:24:48	4577.27	-1993.89	-200.86	8.09	-3.52	20.35
2021-10-01T23:24:50	4569.11	-1982.31	-204.01	8.20	-3.56	20.47
2021-10-01T23:24:52	4560.96	-1970.72	-207.17	8.32	-3.60	20.59
2021-10-01T23:24:54	4552.79	-1959.14	-210.32	8.44	-3.63	20.72
2021-10-01T23:24:56	4544.63	-1947.55	-213.47	8.56	-3.67	20.84
2021-10-01T23:24:58	4536.46	-1935.96	-216.63	8.69	-3.71	20.97
2021-10-01T23:25:00	4528.29	-1924.37	-219.78	8.81	-3.74	21.10
2021-10-01T23:25:02	4520.12	-1912.78	-222.93	8.94	-3.78	21.22
2021-10-01T23:25:04	4511.94	-1901.18	-226.09	9.07	-3.82	21.35
2021-10-01T23:25:06	4503.76	-1889.59	-229.24	9.20	-3.86	21.48
2021-10-01T23:25:08	4495.58	-1877.99	-232.39	9.33	-3.90	21.61
2021-10-01T23:25:10	4487.39	-1866.40	-235.55	9.46	-3.93	21.74
2021-10-01T23:25:12	4479.20	-1854.79	-238.70	9.60	-3.97	21.87
2021-10-01T23:25:14	4471.00	-1843.19	-241.85	9.73	-4.01	22.00
2021-10-01T23:25:16	4462.81	-1831.59	-245.00	9.87	-4.05	22.13
2021-10-01T23:25:18	4454.61	-1819.99	-248.15	10.01	-4.09	22.27
2021-10-01T23:25:20	4446.40	-1808.38	-251.31	10.15	-4.13	22.40
2021-10-01T23:25:22	4438.19	-1796.78	-254.46	10.30	-4.17	22.54
2021-10-01T23:25:24	4429.98	-1785.17	-257.61	10.45	-4.21	22.67
2021-10-01T23:25:26	4421.77	-1773.56	-260.76	10.59	-4.25	22.81
2021-10-01T23:25:28	4413.55	-1761.95	-263.91	10.75	-4.29	22.94
2021-10-01T23:25:30	4405.33	-1750.33	-267.06	10.90	-4.33	23.08
2021-10-01T23:25:32	4397.10	-1738.72	-270.21	11.05	-4.37	23.22
2021-10-01T23:25:34	4388.87	-1727.11	-273.36	11.21	-4.41	23.36
2021-10-01T23:25:36	4380.64	-1715.49	-276.51	11.37	-4.45	23.50
2021-10-01T23:25:38	4372.40	-1703.87	-279.66	11.53	-4.49	23.64
2021-10-01T23:25:40	4364.16	-1692.25	-282.81	11.69	-4.53	23.78
2021-10-01T23:25:42	4355.92	-1680.63	-285.96	11.86	-4.57	23.92
2021-10-01T23:25:44	4347.67	-1669.01	-289.11	12.03	-4.62	24.06
2021-10-01T23:25:46	4339.42	-1657.38	-292.26	12.19	-4.66	24.21
2021-10-01T23:25:48	4331.17	-1645.76	-295.41	12.37	-4.70	24.35
2021-10-01T23:25:50	4322.91	-1634.13	-298.55	12.54	-4.74	24.49
2021-10-01T23:25:52	4314.65	-1622.50	-301.70	12.72	-4.78	24.64
2021-10-01T23:25:54	4306.38	-1610.87	-304.85	12.90	-4.82	24.78
2021-10-01T23:25:56	4298.11	-1599.24	-308.00	13.08	-4.87	24.93
2021-10-01T23:25:58	4289.83	-1587.60	-311.14	13.26	-4.91	25.08
2021-10-01T23:26:00	4281.56	-1575.97	-314.29	13.45	-4.95	25.22
2021-10-01T23:26:02	4273.28	-1564.33	-317.44	13.64	-4.99	25.37
2021-10-01T23:26:04	4264.99	-1552.70	-320.58	13.83	-5.04	25.52
2021-10-01T23:26:06	4256.70	-1541.06	-323.73	14.02	-5.08	25.67
2021-10-01T23:26:08	4248.41	-1529.42	-326.87	14.22	-5.12	25.82
2021-10-01T23:26:10	4240.11	-1517.78	-330.02	14.42	-5.16	25.97
2021-10-01T23:26:12	4231.81	-1506.13	-333.16	14.62	-5.20	26.12
2021-10-01T23:26:14	4223.50	-1494.49	-336.31	14.83	-5.25	26.27
2021-10-01T23:26:16	4215.19	-1482.84	-339.45	15.03	-5.29	26.43
2021-10-01T23:26:18	4206.88	-1471.19	-342.60	15.24	-5.33	26.58
2021-10-01T23:26:20	4198.56	-1459.54	-345.74	15.46	-5.37	26.73
2021-10-01T23:26:22	4190.24	-1447.89	-348.89	15.67	-5.42	26.89
2021-10-01T23:26:24	4181.91	-1436.24	-352.03	15.89	-5.46	27.04
2021-10-01T23:26:26	4173.58	-1424.58	-355.17	16.11	-5.50	27.20
2021-10-01T23:26:28	4165.25	-1412.93	-358.31	16.34	-5.54	27.36
2021-10-01T23:26:30	4156.91	-1401.27	-361.45	16.57	-5.58	27.51
2021-10-01T23:26:32	4148.56	-1389.61	-364.60	16.80	-5.63	27.67
2021-10-01T23:26:34	4140.22	-1377.95	-367.74	17.03	-5.67	27.83
2021-10-01T23:26:36	4131.86	-1366.29	-370.88	17.27	-5.71	27.98
2021-10-01T23:26:38	4123.51	-1354.63	-374.02	17.51	-5.75	28.14
2021-10-01T23:26:40	4115.15	-1342.97	-377.16	17.75	-5.79	28.30
2021-10-01T23:26:42	4106.78	-1331.30	-380.30	17.99	-5.83	28.46
2021-10-01T23:26:44	4098.41	-1319.63	-383.44	18.24	-5.87	28.62
2021-10-01T23:26:46	4090.04	-1307.96	-386.57	18.50	-5.91	28.78
2021-10-01T23:26:48	4081.66	-1296.29	-389.71	18.75	-5.96	28.94
2021-10-01T23:26:50	4073.28	-1284.62	-392.85	19.01	-6.00	29.11
2021-10-01T23:26:52	4064.89	-1272.95	-395.99	19.27	-6.04	29.27
2021-10-01T23:26:54	4056.50	-1261.28	-399.13	19.54	-6.08	29.43
2021-10-01T23:26:56	4048.10	-1249.60	-402.26	19.81	-6.11	29.59
2021-10-01T23:26:58	4039.70	-1237.92	-405.40	20.08	-6.15	29.75
2021-10-01T23:27:00	4031.30	-1226.24	-408.53	20.36	-6.19	29.92
2021-10-01T23:27:02	4022.89	-1214.56	-411.67	20.64	-6.23	30.08
2021-10-01T23:27:04	4014.47	-1202.88	-414.80	20.92	-6.27	30.25
2021-10-01T23:27:06	4006.05	-1191.20	-417.94	21.21	-6.31	30.41
2021-10-01T23:27:08	3997.63	-1179.51	-421.07	21.50	-6.34	30.58
2021-10-01T23:27:10	3989.20	-1167.83	-424.21	21.79	-6.38	30.74
2021-10-01T23:27:12	3980.77	-1156.14	-427.34	22.09	-6.42	30.91
2021-10-01T23:27:14	3972.33	-1144.45	-430.47	22.39	-6.45	31.07
2021-10-01T23:27:16	3963.88	-1132.76	-433.60	22.70	-6.49	31.24
2021-10-01T23:27:18	3955.44	-1121.07	-436.73	23.01	-6.52	31.40
2021-10-01T23:27:20	3946.98	-1109.38	-439.86	23.32	-6.55	31.57
2021-10-01T23:27:22	3938.53	-1097.68	-442.99	23.64	-6.59	31.73
2021-10-01T23:27:24	3930.06	-1085.99	-446.12	23.96	-6.62	31.90
2021-10-01T23:27:26	3921.59	-1074.29	-449.25	24.29	-6.65	32.07
2021-10-01T23:27:28	3913.12	-1062.59	-452.38	24.62	-6.68	32.23
2021-10-01T23:27:30	3904.64	-1050.89	-455.51	24.95	-6.71	32.40
2021-10-01T23:27:32	3896.16	-1039.19	-458.63	25.29	-6.74	32.57
2021-10-01T23:27:34	3887.67	-1027.48	-461.76	25.63	-6.77	32.73
2021-10-01T23:27:36	3879.18	-1015.78	-464.89	25.97	-6.80	32.90
2021-10-01T23:27:38	3870.68	-1004.07	-468.01	26.32	-6.83	33.07
2021-10-01T23:27:40	3862.18	-992.37	-471.14	26.68	-6.86	33.23
2021-10-01T23:27:42	3853.67	-980.66	-474.26	27.04	-6.88	33.40
2021-10-01T23:27:44	3845.15	-968.95	-477.38	27.40	-6.91	33.57
2021-10-01T23:27:46	3836.63	-957.23	-480.51	27.77	-6.93	33.73
2021-10-01T23:27:48	3828.11	-945.52	-483.63	28.14	-6.95	33.90
2021-10-01T23:27:50	3819.58	-933.81	-486.75	28.52	-6.97	34.06
2021-10-01T23:27:52	3811.04	-922.09	-489.87	28.90	-6.99	34.23
2021-10-01T23:27:54	3802.50	-910.38	-492.99	29.29	-7.01	34.39
2021-10-01T23:27:56	3793.96	-898.66	-496.11	29.68	-7.03	34.56
2021-10-01T23:27:58	3785.41	-886.94	-499.23	30.07	-7.05	34.72
2021-10-01T23:28:00	3776.85	-875.22	-502.34	30.47	-7.06	34.89
2021-10-01T23:28:02	3768.28	-863.49	-505.46	30.88	-7.08	35.05
2021-10-01T23:28:04	3759.72	-851.77	-508.58	31.29	-7.09	35.22
2021-10-01T23:28:06	3751.14	-840.05	-511.69	31.70	-7.10	35.38
2021-10-01T23:28:08	3742.56	-828.32	-514.81	32.12	-7.11	35.54
2021-10-01T23:28:10	3733.98	-816.59	-517.92	32.54	-7.12	35.70
2021-10-01T23:28:12	3725.39	-804.87	-521.04	32.97	-7.12	35.87
2021-10-01T23:28:14	3716.79	-793.13	-524.15	33.41	-7.13	36.03
2021-10-01T23:28:16	3708.19	-781.41	-527.26	33.84	-7.13	36.19
2021-10-01T23:28:18	3699.58	-769.67	-530.37	34.29	-7.13	36.35
2021-10-01T23:28:20	3690.97	-757.94	-533.48	34.74	-7.13	36.50
2021-10-01T23:28:22	3682.35	-746.20	-536.59	35.19	-7.13	36.66
2021-10-01T23:28:24	3673.72	-734.47	-539.70	35.65	-7.13	36.82
2021-10-01T23:28:26	3665.09	-722.73	-542.80	36.11	-7.12	36.98
2021-10-01T23:28:28	3656.45	-710.99	-545.91	36.58	-7.11	37.13
2021-10-01T23:28:30	3647.80	-699.25	-549.02	37.06	-7.10	37.29
2021-10-01T23:28:32	3639.16	-687.51	-552.12	37.53	-7.09	37.44
2021-10-01T23:28:34	3630.50	-675.77	-555.22	38.02	-7.08	37.59
2021-10-01T23:28:36	3621.84	-664.02	-558.33	38.51	-7.06	37.74
2021-10-01T23:28:38	3613.17	-652.28	-561.43	39.00	-7.04	37.89
2021-10-01T23:28:40	3604.49	-640.53	-564.53	39.51	-7.02	38.04
2021-10-01T23:28:42	3595.82	-628.79	-567.63	40.01	-7.00	38.19
2021-10-01T23:28:44	3587.13	-617.04	-570.73	40.52	-6.97	38.34
2021-10-01T23:28:46	3578.44	-605.29	-573.83	41.04	-6.94	38.48
2021-10-01T23:28:48	3569.74	-593.54	-576.92	41.56	-6.91	38.63
2021-10-01T23:28:50	3561.03	-581.79	-580.02	42.09	-6.88	38.77
2021-10-01T23:28:52	3552.32	-570.04	-583.11	42.62	-6.84	38.91
2021-10-01T23:28:54	3543.60	-558.28	-586.21	43.16	-6.80	39.05
2021-10-01T23:28:56	3534.88	-546.53	-589.30	43.70	-6.76	39.19
2021-10-01T23:28:58	3526.14	-534.77	-592.39	44.25	-6.71	39.33
2021-10-01T23:29:00	3517.41	-523.02	-595.48	44.81	-6.66	39.46
2021-10-01T23:29:02	3508.66	-511.26	-598.57	45.37	-6.61	39.59
2021-10-01T23:29:04	3499.91	-499.50	-601.66	45.93	-6.56	39.72
2021-10-01T23:29:06	3491.15	-487.74	-604.74	46.50	-6.50	39.85
2021-10-01T23:29:08	3482.39	-475.98	-607.83	47.08	-6.43	39.98
2021-10-01T23:29:10	3473.62	-464.22	-610.92	47.66	-6.37	40.11
2021-10-01T23:29:12	3464.84	-452.46	-614.00	48.25	-6.30	40.23
2021-10-01T23:29:14	3456.06	-440.69	-617.08	48.84	-6.23	40.35
2021-10-01T23:29:16	3447.26	-428.93	-620.16	49.44	-6.15	40.47
2021-10-01T23:29:18	3438.47	-417.16	-623.24	50.04	-6.07	40.59
2021-10-01T23:29:20	3429.66	-405.40	-626.32	50.65	-5.99	40.70
2021-10-01T23:29:22	3420.85	-393.63	-629.40	51.27	-5.90	40.81
2021-10-01T23:29:24	3412.03	-381.86	-632.47	51.89	-5.81	40.92
2021-10-01T23:29:26	3403.20	-370.10	-635.55	52.52	-5.71	41.03
2021-10-01T23:29:28	3394.37	-358.33	-638.62	53.15	-5.61	41.14
2021-10-01T23:29:30	3385.53	-346.56	-641.69	53.78	-5.51	41.24
2021-10-01T23:29:32	3376.68	-334.79	-644.77	54.43	-5.40	41.34
2021-10-01T23:29:34	3367.82	-323.01	-647.83	55.07	-5.28	41.43
2021-10-01T23:29:36	3358.96	-311.24	-650.90	55.73	-5.16	41.53
2021-10-01T23:29:38	3350.09	-299.47	-653.97	56.38	-5.04	41.62
2021-10-01T23:29:40	3341.22	-287.70	-657.03	57.05	-4.91	41.71
2021-10-01T23:29:42	3332.33	-275.92	-660.10	57.72	-4.78	41.79
2021-10-01T23:29:44	3323.44	-264.15	-663.16	58.39	-4.64	41.88
2021-10-01T23:29:46	3314.54	-252.37	-666.22	59.07	-4.50	41.95
2021-10-01T23:29:48	3305.64	-240.59	-669.28	59.75	-4.35	42.03
2021-10-01T23:29:50	3296.72	-228.82	-672.33	60.44	-4.20	42.10
2021-10-01T23:29:52	3287.80	-217.04	-675.39	61.14	-4.04	42.17
2021-10-01T23:29:54	3278.87	-205.26	-678.44	61.83	-3.87	42.24
2021-10-01T23:29:56	3269.94	-193.48	-681.50	62.54	-3.70	42.30
2021-10-01T23:29:58	3260.99	-181.70	-684.55	63.25	-3.52	42.36
2021-10-01T23:30:00	3252.04	-169.92	-687.60	63.96	-3.34	42.42
2021-10-01T23:30:02	3243.08	-158.15	-690.65	64.68	-3.15	42.47
2021-10-01T23:30:04	3234.11	-146.37	-693.69	65.40	-2.96	42.51
2021-10-01T23:30:06	3225.14	-134.59	-696.74	66.13	-2.76	42.56
2021-10-01T23:30:08	3216.15	-122.81	-699.78	66.86	-2.55	42.60
2021-10-01T23:30:10	3207.17	-111.02	-702.82	67.60	-2.34	42.64
2021-10-01T23:30:12	3198.16	-99.24	-705.86	68.34	-2.12	42.67
2021-10-01T23:30:14	3189.16	-87.46	-708.90	69.08	-1.89	42.70
2021-10-01T23:30:16	3180.14	-75.68	-711.93	69.83	-1.66	42.72
2021-10-01T23:30:18	3171.12	-63.89	-714.97	70.58	-1.42	42.74
2021-10-01T23:30:20	3162.09	-52.11	-718.00	71.34	-1.18	42.76
2021-10-01T23:30:22	3153.05	-40.33	-721.03	72.10	-0.92	42.77
2021-10-01T23:30:24	3144.00	-28.55	-724.06	72.86	-0.66	42.77
2021-10-01T23:30:26	3134.95	-16.76	-727.09	73.63	-0.39	42.78
2021-10-01T23:30:28	3125.88	-4.98	-730.11	74.40	-0.12	42.77
2021-10-01T23:30:30	3116.81	6.80	-733.13	75.18	0.16	42.77
2021-10-01T23:30:32	3107.73	18.59	-736.15	75.96	0.45	42.76
2021-10-01T23:30:34	3098.64	30.37	-739.17	76.74	0.75	42.74
2021-10-01T23:30:36	3089.55	42.15	-742.19	77.52	1.06	42.72
2021-10-01T23:30:38	3080.44	53.93	-745.20	78.31	1.37	42.69
2021-10-01T23:30:40	3071.33	65.72	-748.22	79.10	1.69	42.66
2021-10-01T23:30:42	3062.20	77.50	-751.23	79.89	2.02	42.63
2021-10-01T23:30:44	3053.07	89.28	-754.24	80.68	2.36	42.59
2021-10-01T23:30:46	3043.93	101.06	-757.24	81.48	2.71	42.54
2021-10-01T23:30:48	3034.78	112.85	-760.25	82.28	3.06	42.49
2021-10-01T23:30:50	3025.63	124.63	-763.25	83.07	3.42	42.44
2021-10-01T23:30:52	3016.46	136.41	-766.25	83.88	3.79	42.38
2021-10-01T23:30:54	3007.29	148.19	-769.24	84.68	4.17	42.31
2021-10-01T23:30:56	2998.10	159.97	-772.24	85.48	4.56	42.24
2021-10-01T23:30:58	2988.91	171.75	-775.23	86.29	4.96	42.16
2021-10-01T23:31:00	2979.71	183.53	-778.22	87.10	5.36	42.08
2021-10-01T23:31:02	2970.50	195.31	-781.21	87.90	5.78	41.99
2021-10-01T23:31:04	2961.28	207.09	-784.20	88.71	6.20	41.90
2021-10-01T23:31:06	2952.05	218.87	-787.18	89.52	6.64	41.80
2021-10-01T23:31:08	2942.82	230.64	-790.16	90.33	7.08	41.70
2021-10-01T23:31:10	2933.57	242.42	-793.14	91.13	7.53	41.59
2021-10-01T23:31:12	2924.32	254.20	-796.12	91.94	7.99	41.47
2021-10-01T23:31:14	2915.05	265.97	-799.09	92.75	8.46	41.35
2021-10-01T23:31:16	2905.78	277.75	-802.06	93.55	8.94	41.22
2021-10-01T23:31:18	2896.50	289.52	-805.03	94.36	9.43	41.09
2021-10-01T23:31:20	2887.21	301.29	-808.00	95.16	9.93	40.95
2021-10-01T23:31:22	2877.90	313.06	-810.96	95.96	10.44	40.81
2021-10-01T23:31:24	2868.59	324.83	-813.92	96.77	10.96	40.66
2021-10-01T23:31:26	2859.27	336.60	-816.88	97.56	11.49	40.51
2021-10-01T23:31:28	2849.95	348.37	-819.84	98.36	12.02	40.34
2021-10-01T23:31:30	2840.61	360.14	-822.79	99.15	12.57	40.18
2021-10-01T23:31:32	2831.26	371.90	-825.74	99.94	13.13	40.01
2021-10-01T23:31:34	2821.90	383.67	-828.69	100.73	13.70	39.83
2021-10-01T23:31:36	2812.54	395.44	-831.63	101.52	14.27	39.64
2021-10-01T23:31:38	2803.16	407.20	-834.57	102.30	14.86	39.45
2021-10-01T23:31:40	2793.77	418.96	-837.51	103.07	15.46	39.26
2021-10-01T23:31:42	2784.38	430.72	-840.45	103.85	16.06	39.06
2021-10-01T23:31:44	2774.97	442.48	-843.38	104.62	16.68	38.85
2021-10-01T23:31:46	2765.56	454.23	-846.31	105.38	17.31	38.64
2021-10-01T23:31:48	2756.14	465.99	-849.24	106.14	17.95	38.42
2021-10-01T23:31:50	2746.70	477.74	-852.16	106.89	18.59	38.20
2021-10-01T23:31:52	2737.26	489.49	-855.08	107.64	19.25	37.97
2021-10-01T23:31:54	2727.80	501.24	-858.00	108.38	19.92	37.74
2021-10-01T23:31:56	2718.34	512.99	-860.91	109.12	20.59	37.50
2021-10-01T23:31:58	2708.87	524.74	-863.83	109.85	21.28	37.25
2021-10-01T23:32:00	2699.38	536.48	-866.73	110.57	21.97	37.00
2021-10-01T23:32:02	2689.89	548.23	-869.64	111.28	22.68	36.74
2021-10-01T23:32:04	2680.39	559.97	-872.54	111.99	23.40	36.48
2021-10-01T23:32:06	2670.88	571.70	-875.44	112.69	24.12	36.21
2021-10-01T23:32:08	2661.35	583.44	-878.34	113.38	24.86	35.94
2021-10-01T23:32:10	2651.82	595.18	-881.23	114.07	25.60	35.66
2021-10-01T23:32:12	2642.28	606.91	-884.12	114.74	26.36	35.38
2021-10-01T23:32:14	2632.73	618.64	-887.00	115.41	27.12	35.09
2021-10-01T23:32:16	2623.16	630.37	-889.89	116.06	27.89	34.80
2021-10-01T23:32:18	2613.59	642.09	-892.76	116.71	28.67	34.50
2021-10-01T23:32:20	2604.01	653.82	-895.64	117.35	29.46	34.20
2021-10-01T23:32:22	2594.42	665.53	-898.51	117.98	30.26	33.89
2021-10-01T23:32:24	2584.81	677.25	-901.38	118.59	31.07	33.58
2021-10-01T23:32:26	2575.20	688.97	-904.25	119.20	31.89	33.27
2021-10-01T23:32:28	2565.58	700.68	-907.11	119.79	32.72	32.95
2021-10-01T23:32:30	2555.94	712.39	-909.96	120.38	33.55	32.62
2021-10-01T23:32:32	2546.30	724.10	-912.82	120.95	34.39	32.29
2021-10-01T23:32:34	2536.65	735.80	-915.67	121.51	35.25	31.96
2021-10-01T23:32:36	2526.98	747.50	-918.52	122.05	36.10	31.62
2021-10-01T23:32:38	2517.31	759.20	-921.36	122.59	36.97	31.28
2021-10-01T23:32:40	2507.62	770.89	-924.20	123.11	37.85	30.94
2021-10-01T23:32:42	2497.93	782.59	-927.03	123.62	38.73	30.59
2021-10-01T23:32:44	2488.23	794.27	-929.87	124.11	39.62	30.24
2021-10-01T23:32:46	2478.51	805.96	-932.69	124.59	40.51	29.88
2021-10-01T23:32:48	2468.79	817.64	-935.52	125.06	41.42	29.52
2021-10-01T23:32:50	2459.05	829.32	-938.34	125.51	42.33	29.16
2021-10-01T23:32:52	2449.31	840.99	-941.15	125.95	43.25	28.80
2021-10-01T23:32:54	2439.55	852.67	-943.97	126.37	44.17	28.43
2021-10-01T23:32:56	2429.78	864.34	-946.77	126.78	45.10	28.06
2021-10-01T23:32:58	2420.01	876.00	-949.58	127.17	46.03	27.69
2021-10-01T23:33:00	2410.22	887.66	-952.38	127.55	46.97	27.31
2021-10-01T23:33:02	2400.42	899.32	-955.17	127.91	47.92	26.93
2021-10-01T23:33:04	2390.61	910.97	-957.97	128.25	48.87	26.55
2021-10-01T23:33:06	2380.80	922.62	-960.75	128.58	49.83	26.17
2021-10-01T23:33:08	2370.97	934.26	-963.54	128.89	50.79	25.79
2021-10-01T23:33:10	2361.13	945.91	-966.32	129.19	51.75	25.40
2021-10-01T23:33:12	2351.28	957.54	-969.09	129.46	52.72	25.02
2021-10-01T23:33:14	2341.42	969.18	-971.86	129.72	53.70	24.63
2021-10-01T23:33:16	2331.55	980.80	-974.63	129.97	54.67	24.24
2021-10-01T23:33:18	2321.67	992.43	-977.39	130.19	55.65	23.85
2021-10-01T23:33:20	2311.79	1004.05	-980.15	130.40	56.63	23.46
2021-10-01T23:33:22	2301.89	1015.66	-982.90	130.59	57.62	23.06
2021-10-01T23:33:24	2291.97	1027.28	-985.65	130.76	58.61	22.67
2021-10-01T23:33:26	2282.05	1038.88	-988.40	130.91	59.60	22.28
2021-10-01T23:33:28	2272.12	1050.49	-991.14	131.04	60.59	21.89
2021-10-01T23:33:30	2262.18	1062.08	-993.87	131.16	61.58	21.49
2021-10-01T23:33:32	2252.23	1073.67	-996.61	131.25	62.57	21.10
2021-10-01T23:33:34	2242.27	1085.26	-999.33	131.33	63.56	20.71
2021-10-01T23:33:36	2232.30	1096.84	-1002.05	131.39	64.56	20.32
2021-10-01T23:33:38	2222.32	1108.42	-1004.77	131.43	65.55	19.92
2021-10-01T23:33:40	2212.33	1119.99	-1007.49	131.45	66.55	19.53
2021-10-01T23:33:42	2202.32	1131.56	-1010.19	131.45	67.54	19.14
2021-10-01T23:33:44	2192.31	1143.12	-1012.90	131.43	68.53	18.76
2021-10-01T23:33:46	2182.29	1154.68	-1015.60	131.39	69.52	18.37
2021-10-01T23:33:48	2172.26	1166.23	-1018.29	131.34	70.51	17.98
2021-10-01T23:33:50	2162.22	1177.78	-1020.98	131.26	71.50	17.60
2021-10-01T23:33:52	2152.16	1189.32	-1023.67	131.16	72.48	17.22
2021-10-01T23:33:54	2142.10	1200.86	-1026.35	131.04	73.46	16.84
2021-10-01T23:33:56	2132.03	1212.38	-1029.02	130.91	74.44	16.46
2021-10-01T23:33:58	2121.95	1223.91	-1031.69	130.75	75.42	16.08
2021-10-01T23:34:00	2111.85	1235.43	-1034.36	130.58	76.39	15.71
2021-10-01T23:34:02	2101.75	1246.94	-1037.02	130.38	77.35	15.34
2021-10-01T23:34:04	2091.64	1258.45	-1039.67	130.17	78.32	14.97
2021-10-01T23:34:06	2081.52	1269.95	-1042.32	129.93	79.27	14.61
2021-10-01T23:34:08	2071.39	1281.44	-1044.97	129.68	80.23	14.24
2021-10-01T23:34:10	2061.25	1292.93	-1047.61	129.41	81.17	13.88
2021-10-01T23:34:12	2051.10	1304.41	-1050.25	129.12	82.11	13.53
2021-10-01T23:34:14	2040.93	1315.89	-1052.88	128.80	83.05	13.18
2021-10-01T23:34:16	2030.76	1327.36	-1055.50	128.47	83.97	12.83
2021-10-01T23:34:18	2020.58	1338.83	-1058.13	128.12	84.89	12.48
2021-10-01T23:34:20	2010.39	1350.28	-1060.74	127.75	85.81	12.14
2021-10-01T23:34:22	2000.19	1361.73	-1063.35	127.37	86.71	11.81
2021-10-01T23:34:24	1989.99	1373.18	-1065.96	126.96	87.61	11.47
2021-10-01T23:34:26	1979.77	1384.62	-1068.56	126.54	88.50	11.15
2021-10-01T23:34:28	1969.54	1396.05	-1071.16	126.09	89.38	10.82
2021-10-01T23:34:30	1959.30	1407.47	-1073.75	125.63	90.25	10.50
2021-10-01T23:34:32	1949.06	1418.89	-1076.33	125.15	91.11	10.19
2021-10-01T23:34:34	1938.80	1430.31	-1078.91	124.65	91.96	9.88
2021-10-01T23:34:36	1928.54	1441.71	-1081.49	124.14	92.80	9.57
2021-10-01T23:34:38	1918.26	1453.11	-1084.06	123.61	93.63	9.27
2021-10-01T23:34:40	1907.98	1464.50	-1086.62	123.06	94.45	8.98
2021-10-01T23:34:42	1897.69	1475.89	-1089.18	122.49	95.26	8.69
2021-10-01T23:34:44	1887.39	1487.26	-1091.74	121.91	96.06	8.40
2021-10-01T23:34:46	1877.07	1498.63	-1094.29	121.31	96.85	8.12
2021-10-01T23:34:48	1866.76	1509.99	-1096.83	120.69	97.62	7.85
2021-10-01T23:34:50	1856.43	1521.35	-1099.37	120.06	98.39	7.58
2021-10-01T23:34:52	1846.09	1532.70	-1101.90	119.41	99.14	7.32
2021-10-01T23:34:54	1835.75	1544.04	-1104.43	118.75	99.88	7.06
2021-10-01T23:34:56	1825.39	1555.37	-1106.95	118.07	100.60	6.81
2021-10-01T23:34:58	1815.03	1566.70	-1109.47	117.37	101.31	6.56
2021-10-01T23:35:00	1804.66	1578.02	-1111.98	116.66	102.01	6.32
2021-10-01T23:35:02	1794.28	1589.33	-1114.49	115.94	102.70	6.09
2021-10-01T23:35:04	1783.89	1600.64	-1116.99	115.20	103.37	5.86
2021-10-01T23:35:06	1773.49	1611.93	-1119.49	114.45	104.03	5.64
2021-10-01T23:35:08	1763.08	1623.22	-1121.98	113.69	104.67	5.42
2021-10-01T23:35:10	1752.67	1634.50	-1124.47	112.91	105.30	5.21
2021-10-01T23:35:12	1742.25	1645.77	-1126.95	112.12	105.91	5.01
2021-10-01T23:35:14	1731.81	1657.04	-1129.42	111.32	106.51	4.81
2021-10-01T23:35:16	1721.38	1668.30	-1131.89	110.50	107.10	4.62
2021-10-01T23:35:18	1710.93	1679.55	-1134.36	109.68	107.66	4.43
2021-10-01T23:35:20	1700.48	1690.79	-1136.81	108.84	108.22	4.25
2021-10-01T23:35:22	1690.01	1702.02	-1139.27	107.99	108.76	4.07
2021-10-01T23:35:24	1679.54	1713.25	-1141.72	107.13	109.28	3.91
2021-10-01T23:35:26	1669.06	1724.47	-1144.16	106.26	109.79	3.74
2021-10-01T23:35:28	1658.58	1735.67	-1146.60	105.38	110.28	3.59
2021-10-01T23:35:30	1648.08	1746.88	-1149.03	104.49	110.75	3.44
2021-10-01T23:35:32	1637.58	1758.07	-1151.46	103.59	111.21	3.29
2021-10-01T23:35:34	1627.07	1769.26	-1153.88	102.68	111.65	3.16
2021-10-01T23:35:36	1616.55	1780.43	-1156.29	101.76	112.08	3.03
2021-10-01T23:35:38	1606.03	1791.60	-1158.70	100.84	112.49	2.90
2021-10-01T23:35:40	1595.49	1802.76	-1161.11	99.91	112.89	2.78
2021-10-01T23:35:42	1584.96	1813.92	-1163.51	98.97	113.26	2.67
2021-10-01T23:35:44	1574.41	1825.06	-1165.90	98.02	113.62	2.56
2021-10-01T23:35:46	1563.85	1836.20	-1168.29	97.07	113.97	2.46
2021-10-01T23:35:48	1553.29	1847.32	-1170.68	96.10	114.30	2.36
2021-10-01T23:35:50	1542.73	1858.44	-1173.05	95.14	114.61	2.27
2021-10-01T23:35:52	1532.15	1869.55	-1175.43	94.17	114.90	2.19
2021-10-01T23:35:54	1521.57	1880.65	-1177.80	93.19	115.18	2.11
2021-10-01T23:35:56	1510.98	1891.75	-1180.16	92.21	115.44	2.03
2021-10-01T23:35:58	1500.39	1902.83	-1182.51	91.22	115.69	1.97
2021-10-01T23:36:00	1489.78	1913.91	-1184.87	90.23	115.92	1.90
2021-10-01T23:36:02	1479.17	1924.98	-1187.21	89.23	116.13	1.85
2021-10-01T23:36:04	1468.56	1936.04	-1189.55	88.24	116.32	1.79
2021-10-01T23:36:06	1457.94	1947.09	-1191.89	87.23	116.50	1.75
2021-10-01T23:36:08	1447.31	1958.13	-1194.22	86.23	116.67	1.71
2021-10-01T23:36:10	1436.67	1969.17	-1196.55	85.22	116.81	1.67
2021-10-01T23:36:12	1426.03	1980.19	-1198.87	84.22	116.94	1.64
2021-10-01T23:36:14	1415.39	1991.21	-1201.18	83.21	117.06	1.62
2021-10-01T23:36:16	1404.73	2002.22	-1203.49	82.19	117.15	1.59
2021-10-01T23:36:18	1394.07	2013.21	-1205.79	81.18	117.24	1.58
2021-10-01T23:36:20	1383.41	2024.20	-1208.10	80.17	117.30	1.57
2021-10-01T23:36:22	1372.74	2035.19	-1210.39	79.15	117.35	1.56
2021-10-01T23:36:24	1362.06	2046.16	-1212.68	78.14	117.39	1.56
2021-10-01T23:36:26	1351.38	2057.12	-1214.96	77.13	117.41	1.56
2021-10-01T23:36:28	1340.69	2068.08	-1217.24	76.11	117.41	1.57
2021-10-01T23:36:30	1330.00	2079.03	-1219.51	75.10	117.40	1.58
2021-10-01T23:36:32	1319.29	2089.96	-1221.78	74.09	117.37	1.60
2021-10-01T23:36:34	1308.59	2100.90	-1224.04	73.08	117.33	1.62
2021-10-01T23:36:36	1297.88	2111.82	-1226.30	72.07	117.27	1.64
2021-10-01T23:36:38	1287.16	2122.73	-1228.55	71.07	117.20	1.67
2021-10-01T23:36:40	1276.44	2133.63	-1230.80	70.06	117.12	1.70
2021-10-01T23:36:42	1265.71	2144.53	-1233.04	69.06	117.02	1.73
2021-10-01T23:36:44	1254.98	2155.41	-1235.28	68.07	116.90	1.77
2021-10-01T23:36:46	1244.24	2166.29	-1237.51	67.07	116.77	1.82
2021-10-01T23:36:48	1233.50	2177.16	-1239.74	66.08	116.63	1.86
2021-10-01T23:36:50	1222.75	2188.01	-1241.96	65.09	116.48	1.91
2021-10-01T23:36:52	1212.00	2198.86	-1244.18	64.11	116.31	1.96
2021-10-01T23:36:54	1201.25	2209.71	-1246.39	63.13	116.13	2.02
2021-10-01T23:36:56	1190.49	2220.54	-1248.60	62.15	115.93	2.08
2021-10-01T23:36:58	1179.72	2231.36	-1250.80	61.18	115.72	2.14
2021-10-01T23:37:00	1168.95	2242.18	-1253.00	60.22	115.50	2.21
2021-10-01T23:37:02	1158.17	2252.99	-1255.19	59.25	115.27	2.27
2021-10-01T23:37:04	1147.39	2263.78	-1257.38	58.30	115.02	2.34
2021-10-01T23:37:06	1136.61	2274.57	-1259.56	57.35	114.76	2.42
2021-10-01T23:37:08	1125.82	2285.35	-1261.74	56.40	114.50	2.49
2021-10-01T23:37:10	1115.03	2296.13	-1263.92	55.46	114.21	2.57
2021-10-01T23:37:12	1104.23	2306.89	-1266.08	54.53	113.92	2.65
2021-10-01T23:37:14	1093.43	2317.64	-1268.25	53.60	113.62	2.73
2021-10-01T23:37:16	1082.62	2328.39	-1270.41	52.68	113.30	2.82
2021-10-01T23:37:18	1071.81	2339.13	-1272.56	51.77	112.98	2.90
2021-10-01T23:37:20	1061.00	2349.85	-1274.71	50.86	112.64	2.99
2021-10-01T23:37:22	1050.18	2360.57	-1276.85	49.96	112.30	3.08
2021-10-01T23:37:24	1039.36	2371.28	-1278.99	49.07	111.94	3.17
2021-10-01T23:37:26	1028.54	2381.98	-1281.13	48.18	111.58	3.26
2021-10-01T23:37:28	1017.71	2392.68	-1283.26	47.30	111.20	3.36
2021-10-01T23:37:30	1006.88	2403.36	-1285.38	46.43	110.82	3.46
2021-10-01T23:37:32	996.04	2414.04	-1287.51	45.56	110.42	3.55
2021-10-01T23:37:34	985.20	2424.71	-1289.62	44.70	110.02	3.65
2021-10-01T23:37:36	974.36	2435.37	-1291.74	43.85	109.61	3.75
2021-10-01T23:37:38	963.51	2446.02	-1293.84	43.01	109.19	3.85
2021-10-01T23:37:40	952.66	2456.66	-1295.94	42.18	108.76	3.95
2021-10-01T23:37:42	941.81	2467.29	-1298.04	41.35	108.33	4.06
2021-10-01T23:37:44	930.96	2477.92	-1300.14	40.53	107.89	4.16
2021-10-01T23:37:46	920.10	2488.54	-1302.23	39.72	107.43	4.27
2021-10-01T23:37:48	909.23	2499.14	-1304.31	38.92	106.98	4.37
2021-10-01T23:37:50	898.37	2509.74	-1306.39	38.13	106.51	4.48
2021-10-01T23:37:52	887.50	2520.33	-1308.47	37.34	106.04	4.58
2021-10-01T23:37:54	876.63	2530.92	-1310.54	36.56	105.56	4.69
2021-10-01T23:37:56	865.76	2541.49	-1312.61	35.79	105.08	4.80
2021-10-01T23:37:58	854.88	2552.06	-1314.67	35.03	104.59	4.91
2021-10-01T23:38:00	844.00	2562.62	-1316.73	34.28	104.09	5.02
2021-10-01T23:38:02	833.12	2573.17	-1318.79	33.54	103.59	5.12
2021-10-01T23:38:04	822.23	2583.71	-1320.84	32.80	103.08	5.23
2021-10-01T23:38:06	811.34	2594.24	-1322.88	32.08	102.56	5.34
2021-10-01T23:38:08	800.45	2604.77	-1324.92	31.36	102.04	5.45
2021-10-01T23:38:10	789.56	2615.28	-1326.96	30.65	101.52	5.56
2021-10-01T23:38:12	778.67	2625.79	-1328.99	29.95	100.99	5.67
2021-10-01T23:38:14	767.77	2636.29	-1331.02	29.26	100.46	5.77
2021-10-01T23:38:16	756.87	2646.78	-1333.05	28.57	99.92	5.88
2021-10-01T23:38:18	745.97	2657.27	-1335.07	27.90	99.38	5.99
2021-10-01T23:38:20	735.06	2667.74	-1337.09	27.23	98.84	6.10
2021-10-01T23:38:22	724.16	2678.21	-1339.10	26.58	98.29	6.20
2021-10-01T23:38:24	713.25	2688.67	-1341.11	25.93	97.73	6.31
2021-10-01T23:38:26	702.34	2699.12	-1343.12	25.29	97.18	6.42
2021-10-01T23:38:28	691.42	2709.57	-1345.11	24.66	96.62	6.52
2021-10-01T23:38:30	680.51	2720.00	-1347.11	24.03	96.06	6.63
2021-10-01T23:38:32	669.59	2730.43	-1349.10	23.42	95.49	6.73
2021-10-01T23:38:34	658.67	2740.85	-1351.09	22.81	94.93	6.84
2021-10-01T23:38:36	647.75	2751.26	-1353.08	22.21	94.36	6.94
2021-10-01T23:38:38	636.83	2761.67	-1355.06	21.63	93.78	7.04
2021-10-01T23:38:40	625.91	2772.06	-1357.04	21.05	93.21	7.14
2021-10-01T23:38:42	614.98	2782.45	-1359.01	20.47	92.63	7.24
2021-10-01T23:38:44	604.05	2792.83	-1360.98	19.91	92.06	7.34
2021-10-01T23:38:46	593.12	2803.21	-1362.95	19.36	91.48	7.44
2021-10-01T23:38:48	582.19	2813.57	-1364.91	18.81	90.90	7.54
2021-10-01T23:38:50	571.26	2823.93	-1366.87	18.27	90.31	7.64
2021-10-01T23:38:52	560.33	2834.28	-1368.82	17.74	89.73	7.73
2021-10-01T23:38:54	549.39	2844.62	-1370.77	17.22	89.15	7.83
2021-10-01T23:38:56	538.45	2854.96	-1372.72	16.70	88.56	7.92
2021-10-01T23:38:58	527.52	2865.28	-1374.66	16.20	87.97	8.02
2021-10-01T23:39:00	516.57	2875.60	-1376.60	15.70	87.39	8.11
2021-10-01T23:39:02	505.63	2885.92	-1378.54	15.21	86.80	8.20
2021-10-01T23:39:04	494.69	2896.22	-1380.47	14.73	86.21	8.29
2021-10-01T23:39:06	483.75	2906.52	-1382.40	14.25	85.63	8.38
2021-10-01T23:39:08	472.80	2916.81	-1384.33	13.78	85.04	8.47
2021-10-01T23:39:10	461.86	2927.09	-1386.25	13.33	84.45	8.55
2021-10-01T23:39:12	450.91	2937.37	-1388.17	12.87	83.86	8.64
2021-10-01T23:39:14	439.96	2947.64	-1390.09	12.43	83.28	8.72
2021-10-01T23:39:16	429.01	2957.90	-1392.00	11.99	82.69	8.80
2021-10-01T23:39:18	418.06	2968.15	-1393.91	11.56	82.10	8.88
2021-10-01T23:39:20	407.11	2978.40	-1395.81	11.14	81.52	8.97
2021-10-01T23:39:22	396.16	2988.64	-1397.71	10.73	80.93	9.04
2021-10-01T23:39:24	385.21	2998.87	-1399.61	10.32	80.35	9.12
2021-10-01T23:39:26	374.25	3009.09	-1401.51	9.92	79.77	9.20
2021-10-01T23:39:28	363.30	3019.31	-1403.40	9.53	79.19	9.27
2021-10-01T23:39:30	352.34	3029.52	-1405.29	9.14	78.61	9.35
2021-10-01T23:39:32	341.39	3039.73	-1407.17	8.76	78.03	9.42
2021-10-01T23:39:34	330.43	3049.92	-1409.06	8.39	77.45	9.49
2021-10-01T23:39:36	319.47	3060.11	-1410.93	8.03	76.87	9.56
2021-10-01T23:39:38	308.51	3070.30	-1412.81	7.67	76.30	9.63
2021-10-01T23:39:40	297.56	3080.47	-1414.68	7.31	75.72	9.70
2021-10-01T23:39:42	286.60	3090.64	-1416.55	6.97	75.15	9.76
2021-10-01T23:39:44	275.63	3100.81	-1418.42	6.63	74.58	9.83
2021-10-01T23:39:46	264.67	3110.96	-1420.28	6.30	74.01	9.89
2021-10-01T23:39:48	253.71	3121.11	-1422.14	5.97	73.45	9.95
2021-10-01T23:39:50	242.75	3131.25	-1424.00	5.65	72.88	10.01
2021-10-01T23:39:52	231.79	3141.39	-1425.85	5.34	72.32	10.07
2021-10-01T23:39:54	220.82	3151.52	-1427.70	5.03	71.76	10.13
2021-10-01T23:39:56	209.86	3161.64	-1429.55	4.73	71.20	10.19
2021-10-01T23:39:58	198.90	3171.76	-1431.39	4.43	70.65	10.24
2021-10-01T23:40:00	187.93	3181.86	-1433.23	4.14	70.09	10.29
2021-10-01T23:40:02	176.97	3191.97	-1435.07	3.86	69.54	10.35
2021-10-01T23:40:04	166.00	3202.06	-1436.91	3.58	68.99	10.40
2021-10-01T23:40:06	155.04	3212.15	-1438.74	3.30	68.45	10.45
2021-10-01T23:40:08	144.07	3222.24	-1440.57	3.04	67.90	10.50
2021-10-01T23:40:10	133.11	3232.31	-1442.40	2.77	67.36	10.54
2021-10-01T23:40:12	122.14	3242.38	-1444.22	2.52	66.82	10.59
2021-10-01T23:40:14	111.18	3252.45	-1446.04	2.27	66.29	10.63
2021-10-01T23:40:16	100.21	3262.50	-1447.86	2.02	65.75	10.68
2021-10-01T23:40:18	89.24	3272.55	-1449.68	1.78	65.22	10.72
2021-10-01T23:40:20	78.28	3282.60	-1451.49	1.54	64.69	10.76
2021-10-01T23:40:22	67.31	3292.64	-1453.30	1.31	64.17	10.80
2021-10-01T23:40:24	56.34	3302.67	-1455.11	1.09	63.65	10.84
2021-10-01T23:40:26	45.38	3312.70	-1456.91	0.86	63.13	10.87
2021-10-01T23:40:28	34.41	3322.72	-1458.71	0.65	62.61	10.91
2021-10-01T23:40:30	23.44	3332.73	-1460.52	0.44	62.10	10.94
2021-10-01T23:40:32	12.48	3342.74	-1462.31	0.23	61.59	10.98
2021-10-01T23:40:34	1.51	3352.75	-1464.10	0.03	61.08	11.01
2021-10-01T23:40:36	-9.46	3362.74	-1465.90	-0.17	60.58	11.04
2021-10-01T23:40:38	-20.43	3372.73	-1467.69	-0.36	60.07	11.07
2021-10-01T23:40:40	-31.39	3382.72	-1469.47	-0.55	59.58	11.10
2021-10-01T23:40:42	-42.36	3392.70	-1471.26	-0.74	59.08	11.13
2021-10-01T23:40:44	-53.33	3402.67	-1473.04	-0.92	58.59	11.15
2021-10-01T23:40:46	-64.29	3412.64	-1474.81	-1.09	58.10	11.18
2021-10-01T23:40:48	-75.26	3422.60	-1476.59	-1.27	57.61	11.20
2021-10-01T23:40:50	-86.22	3432.55	-1478.36	-1.44	57.13	11.22
2021-10-01T23:40:52	-97.19	3442.50	-1480.14	-1.60	56.65	11.25
2021-10-01T23:40:54	-108.16	3452.45	-1481.90	-1.76	56.17	11.27
2021-10-01T23:40:56	-119.12	3462.38	-1483.67	-1.92	55.70	11.29
2021-10-01T23:40:58	-130.09	3472.32	-1485.43	-2.07	55.23	11.30
2021-10-01T23:41:00	-141.05	3482.24	-1487.19	-2.22	54.76	11.32
2021-10-01T23:41:02	-152.02	3492.16	-1488.95	-2.36	54.30	11.34
2021-10-01T23:41:04	-162.98	3502.08	-1490.71	-2.51	53.84	11.35
2021-10-01T23:41:06	-173.95	3511.99	-1492.46	-2.64	53.38	11.37
2021-10-01T23:41:08	-184.91	3521.89	-1494.21	-2.78	52.93	11.38
2021-10-01T23:41:10	-195.88	3531.79	-1495.96	-2.91	52.48	11.39
2021-10-01T23:41:12	-206.84	3541.69	-1497.71	-3.04	52.03	11.40
2021-10-01T23:41:14	-217.80	3551.58	-1499.46	-3.16	51.58	11.41
2021-10-01T23:41:16	-228.76	3561.46	-1501.20	-3.29	51.14	11.42
2021-10-01T23:41:18	-239.73	3571.34	-1502.94	-3.40	50.70	11.43
2021-10-01T23:41:20	-250.69	3581.21	-1504.67	-3.52	50.27	11.44
2021-10-01T23:41:22	-261.65	3591.07	-1506.41	-3.63	49.84	11.45
2021-10-01T23:41:24	-272.61	3600.93	-1508.14	-3.74	49.41	11.45
2021-10-01T23:41:26	-283.57	3610.79	-1509.87	-3.85	48.99	11.46
2021-10-01T23:41:28	-294.53	3620.64	-1511.60	-3.95	48.56	11.46
2021-10-01T23:41:30	-305.49	3630.49	-1513.33	-4.05	48.15	11.46
2021-10-01T23:41:32	-316.45	3640.33	-1515.05	-4.15	47.73	11.47
2021-10-01T23:41:34	-327.41	3650.16	-1516.78	-4.24	47.32	11.47
2021-10-01T23:41:36	-338.37	3660.00	-1518.50	-4.34	46.91	11.47
2021-10-01T23:41:38	-349.33	3669.82	-1520.22	-4.43	46.50	11.47
2021-10-01T23:41:40	-360.28	3679.64	-1521.93	-4.51	46.10	11.47
2021-10-01T23:41:42	-371.24	3689.46	-1523.65	-4.60	45.70	11.46
2021-10-01T23:41:44	-382.19	3699.26	-1525.36	-4.68	45.31	11.46
2021-10-01T23:41:46	-393.15	3709.07	-1527.07	-4.76	44.91	11.46
2021-10-01T23:41:48	-404.11	3718.87	-1528.77	-4.84	44.53	11.45
2021-10-01T23:41:50	-415.06	3728.67	-1530.48	-4.91	44.14	11.45
2021-10-01T23:41:52	-426.01	3738.46	-1532.18	-4.99	43.76	11.44
2021-10-01T23:41:54	-436.97	3748.24	-1533.88	-5.06	43.38	11.44
2021-10-01T23:41:56	-447.92	3758.02	-1535.58	-5.12	43.00	11.43
2021-10-01T23:41:58	-458.87	3767.80	-1537.28	-5.19	42.62	11.42
2021-10-01T23:42:00	-469.82	3777.57	-1538.98	-5.26	42.25	11.41
2021-10-01T23:42:02	-480.78	3787.34	-1540.67	-5.32	41.89	11.40
2021-10-01T23:42:04	-491.72	3797.10	-1542.36	-5.38	41.52	11.39
2021-10-01T23:42:06	-502.67	3806.85	-1544.05	-5.43	41.16	11.38
2021-10-01T23:42:08	-513.62	3816.61	-1545.74	-5.49	40.80	11.37
2021-10-01T23:42:10	-524.57	3826.35	-1547.43	-5.54	40.45	11.36
2021-10-01T23:42:12	-535.52	3836.09	-1549.11	-5.60	40.09	11.35
2021-10-01T23:42:14	-546.46	3845.84	-1550.79	-5.65	39.74	11.34
2021-10-01T23:42:16	-557.41	3855.57	-1552.47	-5.70	39.40	11.32
2021-10-01T23:42:18	-568.36	3865.30	-1554.15	-5.74	39.05	11.31
2021-10-01T23:42:20	-579.30	3875.02	-1555.83	-5.79	38.71	11.29
2021-10-01T23:42:22	-590.25	3884.74	-1557.50	-5.83	38.38	11.28
2021-10-01T23:42:24	-601.19	3894.46	-1559.18	-5.87	38.04	11.26
2021-10-01T23:42:26	-612.13	3904.17	-1560.85	-5.91	37.71	11.25
2021-10-01T23:42:28	-623.07	3913.87	-1562.52	-5.95	37.38	11.23
2021-10-01T23:42:30	-634.01	3923.58	-1564.18	-5.99	37.05	11.21
2021-10-01T23:42:32	-644.95	3933.27	-1565.85	-6.02	36.73	11.19
2021-10-01T23:42:34	-655.89	3942.97	-1567.51	-6.06	36.41	11.18
2021-10-01T23:42:36	-666.83	3952.66	-1569.18	-6.09	36.09	11.16
2021-10-01T23:42:38	-677.77	3962.34	-1570.84	-6.12	35.78	11.14
2021-10-01T23:42:40	-688.71	3972.02	-1572.49	-6.15	35.47	11.12
2021-10-01T23:42:42	-699.65	3981.70	-1574.15	-6.18	35.16	11.10
2021-10-01T23:42:44	-710.58	3991.37	-1575.81	-6.20	34.85	11.08
2021-10-01T23:42:46	-721.52	4001.04	-1577.46	-6.23	34.55	11.06
2021-10-01T23:42:48	-732.45	4010.70	-1579.11	-6.25	34.25	11.04
2021-10-01T23:42:50	-743.38	4020.36	-1580.76	-6.28	33.95	11.01
2021-10-01T23:42:52	-754.31	4030.01	-1582.41	-6.30	33.65	10.99
2021-10-01T23:42:54	-765.25	4039.66	-1584.06	-6.32	33.36	10.97
2021-10-01T23:42:56	-776.18	4049.31	-1585.70	-6.34	33.07	10.95
2021-10-01T23:42:58	-787.11	4058.95	-1587.35	-6.36	32.78	10.92
2021-10-01T23:43:00	-798.04	4068.59	-1588.99	-6.37	32.50	10.90
2021-10-01T23:43:02	-808.96	4078.23	-1590.63	-6.39	32.21	10.88
2021-10-01T23:43:04	-819.89	4087.86	-1592.27	-6.41	31.93	10.85
2021-10-01T23:43:06	-830.82	4097.48	-1593.91	-6.42	31.66	10.83
2021-10-01T23:43:08	-841.74	4107.11	-1595.55	-6.43	31.38	10.80
2021-10-01T23:43:10	-852.67	4116.72	-1597.18	-6.44	31.11	10.78
2021-10-01T23:43:12	-863.59	4126.34	-1598.81	-6.45	30.84	10.75
2021-10-01T23:43:14	-874.52	4135.95	-1600.44	-6.46	30.57	10.73
2021-10-01T23:43:16	-885.44	4145.56	-1602.07	-6.47	30.31	10.70
2021-10-01T23:43:18	-896.36	4155.16	-1603.70	-6.48	30.05	10.67
2021-10-01T23:43:20	-907.28	4164.76	-1605.33	-6.49	29.79	10.65
2021-10-01T23:43:22	-918.20	4174.35	-1606.95	-6.50	29.53	10.62
2021-10-01T23:43:24	-929.12	4183.94	-1608.58	-6.50	29.27	10.59
2021-10-01T23:43:26	-940.04	4193.53	-1610.20	-6.51	29.02	10.56
2021-10-01T23:43:28	-950.96	4203.11	-1611.82	-6.51	28.77	10.54
2021-10-01T23:43:30	-961.87	4212.69	-1613.44	-6.51	28.52	10.51
2021-10-01T23:43:32	-972.79	4222.27	-1615.06	-6.51	28.27	10.48
2021-10-01T23:43:34	-983.70	4231.84	-1616.67	-6.52	28.03	10.45
2021-10-01T23:43:36	-994.62	4241.41	-1618.29	-6.52	27.79	10.42
2021-10-01T23:43:38	-1005.53	4250.98	-1619.90	-6.52	27.55	10.40
2021-10-01T23:43:40	-1016.44	4260.54	-1621.51	-6.52	27.31	10.37
2021-10-01T23:43:42	-1027.35	4270.10	-1623.12	-6.51	27.08	10.34
2021-10-01T23:43:44	-1038.26	4279.65	-1624.73	-6.51	26.85	10.31
2021-10-01T23:43:46	-1049.17	4289.20	-1626.34	-6.51	26.61	10.28
2021-10-01T23:43:48	-1060.08	4298.75	-1627.95	-6.51	26.39	10.25
2021-10-01T23:43:50	-1070.98	4308.29	-1629.55	-6.50	26.16	10.22
2021-10-01T23:43:52	-1081.89	4317.83	-1631.16	-6.50	25.94	10.19
2021-10-01T23:43:54	-1092.80	4327.37	-1632.76	-6.49	25.71	10.16
2021-10-01T23:43:56	-1103.70	4336.90	-1634.36	-6.49	25.49	10.13
2021-10-01T23:43:58	-1114.60	4346.43	-1635.96	-6.48	25.28	10.10
2021-10-01T23:44:00	-1125.51	4355.95	-1637.56	-6.48	25.06	10.07
2021-10-01T23:44:02	-1136.41	4365.47	-1639.16	-6.47	24.85	10.04
2021-10-01T23:44:04	-1147.31	4374.99	-1640.75	-6.46	24.63	10.00
2021-10-01T23:44:06	-1158.21	4384.51	-1642.35	-6.45	24.43	9.97
2021-10-01T23:44:08	-1169.11	4394.02	-1643.94	-6.44	24.22	9.94
2021-10-01T23:44:10	-1180.01	4403.53	-1645.53	-6.43	24.01	9.91
2021-10-01T23:44:12	-1190.90	4413.04	-1647.12	-6.42	23.81	9.88
2021-10-01T23:44:14	-1201.80	4422.54	-1648.71	-6.41	23.61	9.85
2021-10-01T23:44:16	-1212.69	4432.04	-1650.30	-6.40	23.40	9.82
2021-10-01T23:44:18	-1223.59	4441.53	-1651.89	-6.39	23.21	9.78
2021-10-01T23:44:20	-1234.48	4451.02	-1653.47	-6.38	23.01	9.75
2021-10-01T23:44:22	-1245.37	4460.51	-1655.06	-6.37	22.82	9.72
2021-10-01T23:44:24	-1256.26	4470.00	-1656.64	-6.36	22.62	9.69
2021-10-01T23:44:26	-1267.15	4479.48	-1658.22	-6.35	22.43	9.66
2021-10-01T23:44:28	-1278.04	4488.96	-1659.81	-6.33	22.24	9.62
2021-10-01T23:44:30	-1288.93	4498.43	-1661.39	-6.32	22.06	9.59
2021-10-01T23:44:32	-1299.82	4507.90	-1662.96	-6.31	21.87	9.56
2021-10-01T23:44:34	-1310.70	4517.37	-1664.54	-6.29	21.69	9.53
2021-10-01T23:44:36	-1321.59	4526.84	-1666.11	-6.28	21.50	9.49
2021-10-01T23:44:38	-1332.47	4536.30	-1667.69	-6.26	21.32	9.46
2021-10-01T23:44:40	-1343.36	4545.76	-1669.26	-6.25	21.14	9.43
2021-10-01T23:44:42	-1354.24	4555.22	-1670.84	-6.23	20.97	9.40
2021-10-01T23:44:44	-1365.12	4564.67	-1672.41	-6.22	20.79	9.36
2021-10-01T23:44:46	-1376.00	4574.12	-1673.98	-6.20	20.62	9.33
2021-10-01T23:44:48	-1386.88	4583.57	-1675.55	-6.19	20.45	9.30
2021-10-01T23:44:50	-1397.76	4593.01	-1677.12	-6.17	20.28	9.27
2021-10-01T23:44:52	-1408.64	4602.46	-1678.68	-6.15	20.11	9.23
2021-10-01T23:44:54	-1419.51	4611.90	-1680.25	-6.14	19.94	9.20
2021-10-01T23:44:56	-1430.39	4621.33	-1681.81	-6.12	19.77	9.17
2021-10-01T23:44:58	-1441.27	4630.76	-1683.38	-6.10	19.61	9.14
2021-10-01T23:45:00	-1452.14	4640.19	-1684.94	-6.09	19.45	9.10
2021-10-01T23:45:02	-1463.01	4649.62	-1686.50	-6.07	19.29	9.07
2021-10-01T23:45:04	-1473.88	4659.04	-1688.06	-6.05	19.13	9.04
2021-10-01T23:45:06	-1484.75	4668.46	-1689.62	-6.03	18.97	9.01
2021-10-01T23:45:08	-1495.62	4677.88	-1691.18	-6.01	18.81	8.97
2021-10-01T23:45:10	-1506.50	4687.29	-1692.74	-6.00	18.66	8.94
2021-10-01T23:45:12	-1517.36	4696.70	-1694.29	-5.98	18.50	8.91
2021-10-01T23:45:14	-1528.23	4706.11	-1695.85	-5.96	18.35	8.87
2021-10-01T23:45:16	-1539.10	4715.52	-1697.40	-5.94	18.20	8.84
2021-10-01T23:45:18	-1549.96	4724.92	-1698.95	-5.92	18.05	8.81
2021-10-01T23:45:20	-1560.82	4734.32	-1700.51	-5.90	17.90	8.78
2021-10-01T23:45:22	-1571.69	4743.72	-1702.06	-5.88	17.76	8.74
2021-10-01T23:45:24	-1582.55	4753.12	-1703.61	-5.86	17.61	8.71
2021-10-01T23:45:26	-1593.41	4762.51	-1705.15	-5.84	17.47	8.68
2021-10-01T23:45:28	-1604.27	4771.90	-1706.70	-5.82	17.32	8.65
2021-10-01T23:45:30	-1615.13	4781.28	-1708.25	-5.80	17.18	8.61
2021-10-01T23:45:32	-1625.99	4790.67	-1709.80	-5.78	17.04	8.58
2021-10-01T23:45:34	-1636.84	4800.05	-1711.34	-5.76	16.90	8.55
2021-10-01T23:45:36	-1647.70	4809.43	-1712.88	-5.74	16.77	8.52
2021-10-01T23:45:38	-1658.56	4818.80	-1714.43	-5.72	16.63	8.48
2021-10-01T23:45:40	-1669.41	4828.17	-1715.97	-5.70	16.50	8.45
2021-10-01T23:45:42	-1680.26	4837.54	-1717.51	-5.68	16.36	8.42
2021-10-01T23:45:44	-1691.12	4846.91	-1719.05	-5.66	16.23	8.39
2021-10-01T23:45:46	-1701.97	4856.28	-1720.59	-5.64	16.10	8.35
2021-10-01T23:45:48	-1712.82	4865.64	-1722.13	-5.62	15.97	8.32
