Time	POS_X	POS_Y	POS_Z	B_X	B_Y	B_Z
2021-10-01T23:23:36	4868.82	-2409.96	-87.23	35.70	-20.73	15.67
2021-10-01T23:23:38	4860.77	-2398.42	-90.39	36.10	-20.37	15.54
2021-10-01T23:23:40	4852.72	-2386.89	-93.55	36.57	-19.79	15.42
2021-10-01T23:23:42	4844.66	-2375.35	-96.71	37.14	-19.22	15.30
2021-10-01T23:23:44	4836.60	-2363.82	-99.87	37.81	-18.68	15.18
2021-10-01T23:23:46	4828.54	-2352.28	-103.02	38.57	-18.15	15.03
2021-10-01T23:23:48	4820.48	-2340.74	-106.18	38.81	-17.90	15.08
2021-10-01T23:23:50	4812.41	-2329.19	-109.34	38.67	-18.33	15.30
2021-10-01T23:23:52	4804.35	-2317.65	-112.50	38.52	-18.67	15.55
2021-10-01T23:23:54	4796.28	-2306.11	-115.65	38.40	-18.89	15.80
2021-10-01T23:23:56	4788.20	-2294.56	-118.81	38.36	-18.95	16.04
2021-10-01T23:23:58	4780.13	-2283.02	-121.97	38.81	-18.77	16.23
2021-10-01T23:24:00	4772.05	-2271.47	-125.12	39.28	-18.53	16.45
2021-10-01T23:24:02	4763.97	-2259.92	-128.28	39.50	-18.25	16.70
2021-10-01T23:24:04	4755.88	-2248.37	-131.44	39.58	-18.14	17.00
2021-10-01T23:24:06	4747.79	-2236.81	-134.59	39.69	-18.08	17.30
2021-10-01T23:24:08	4739.70	-2225.26	-137.75	39.98	-18.25	17.39
2021-10-01T23:24:10	4731.61	-2213.71	-140.91	40.32	-18.36	17.42
2021-10-01T23:24:12	4723.51	-2202.15	-144.06	40.63	-18.30	17.47
2021-10-01T23:24:14	4715.41	-2190.59	-147.22	40.84	-18.06	17.50
2021-10-01T23:24:16	4707.31	-2179.03	-150.37	40.91	-17.64	17.51
2021-10-01T23:24:18	4699.21	-2167.47	-153.53	41.16	-17.74	17.57
2021-10-01T23:24:20	4691.10	-2155.91	-156.69	41.47	-18.08	17.67
2021-10-01T23:24:22	4682.98	-2144.35	-159.84	41.75	-18.45	17.77
2021-10-01T23:24:24	4674.87	-2132.78	-163.00	41.98	-18.84	17.87
2021-10-01T23:24:26	4666.75	-2121.21	-166.15	42.16	-19.21	17.98
2021-10-01T23:24:28	4658.63	-2109.65	-169.31	42.66	-19.31	18.36
2021-10-01T23:24:30	4650.51	-2098.08	-172.46	43.35	-19.32	18.85
2021-10-01T23:24:32	4642.39	-2086.51	-175.62	44.05	-19.05	19.39
2021-10-01T23:24:34	4634.26	-2074.93	-178.77	44.78	-18.73	19.95
2021-10-01T23:24:36	4626.13	-2063.36	-181.93	45.51	-18.44	20.50
2021-10-01T23:24:38	4617.99	-2051.79	-185.09	45.85	-18.36	20.78
2021-10-01T23:24:40	4609.85	-2040.21	-188.24	46.18	-18.45	21.06
2021-10-01T23:24:42	4601.71	-2028.63	-191.40	46.52	-18.67	21.35
2021-10-01T23:24:44	4593.57	-2017.05	-194.55	46.85	-18.99	21.64
2021-10-01T23:24:46	4585.42	-2005.47	-197.70	46.88	-19.25	21.95
2021-10-01T23:24:48	4577.27	-1993.89	-200.86	46.77	-19.16	22.10
2021-10-01T23:24:50	4569.11	-1982.31	-204.01	46.88	-19.03	22.22
2021-10-01T23:24:52	4560.96	-1970.72	-207.17	47.20	-18.90	22.31
2021-10-01T23:24:54	4552.79	-1959.14	-210.32	47.71	-18.76	22.38
2021-10-01T23:24:56	4544.63	-1947.55	-213.47	48.38	-18.62	22.43
2021-10-01T23:24:58	4536.46	-1935.96	-216.63	49.13	-18.45	22.57
2021-10-01T23:25:00	4528.29	-1924.37	-219.78	49.77	-18.36	22.52
2021-10-01T23:25:02	4520.12	-1912.78	-222.93	50.39	-18.37	22.49
2021-10-01T23:25:04	4511.94	-1901.18	-226.09	51.05	-18.44	22.55
2021-10-01T23:25:06	4503.76	-1889.59	-229.24	51.71	-18.60	22.72
2021-10-01T23:25:08	4495.58	-1877.99	-232.39	51.88	-18.89	23.20
2021-10-01T23:25:10	4487.39	-1866.40	-235.55	51.98	-19.17	23.70
2021-10-01T23:25:12	4479.20	-1854.79	-238.70	52.12	-19.43	24.22
2021-10-01T23:25:14	4471.00	-1843.19	-241.85	52.07	-19.56	24.80
2021-10-01T23:25:16	4462.81	-1831.59	-245.00	51.95	-19.67	25.31
2021-10-01T23:25:18	4454.61	-1819.99	-248.15	51.81	-19.84	25.44
2021-10-01T23:25:20	4446.40	-1808.38	-251.31	51.82	-20.05	25.46
2021-10-01T23:25:22	4438.19	-1796.78	-254.46	51.98	-20.30	25.36
2021-10-01T23:25:24	4429.98	-1785.17	-257.61	52.27	-20.58	25.12
2021-10-01T23:25:26	4421.77	-1773.56	-260.76	52.65	-20.82	24.82
2021-10-01T23:25:28	4413.55	-1761.95	-263.91	52.76	-20.48	25.04
2021-10-01T23:25:30	4405.33	-1750.33	-267.06	52.84	-20.07	25.38
2021-10-01T23:25:32	4397.10	-1738.72	-270.21	52.95	-19.65	25.80
2021-10-01T23:25:34	4388.87	-1727.11	-273.36	53.11	-19.23	26.26
2021-10-01T23:25:36	4380.64	-1715.49	-276.51	53.40	-18.90	26.74
2021-10-01T23:25:38	4372.40	-1703.87	-279.66	53.88	-18.90	27.03
2021-10-01T23:25:40	4364.16	-1692.25	-282.81	54.39	-19.03	27.13
2021-10-01T23:25:42	4355.92	-1680.63	-285.96	54.80	-19.23	27.17
2021-10-01T23:25:44	4347.67	-1669.01	-289.11	55.14	-19.42	27.29
2021-10-01T23:25:46	4339.42	-1657.38	-292.26	55.33	-19.49	27.62
2021-10-01T23:25:48	4331.17	-1645.76	-295.41	55.49	-19.48	28.11
2021-10-01T23:25:50	4322.91	-1634.13	-298.55	55.74	-19.48	28.72
2021-10-01T23:25:52	4314.65	-1622.50	-301.70	56.06	-19.52	29.43
2021-10-01T23:25:54	4306.38	-1610.87	-304.85	56.44	-19.58	30.23
2021-10-01T23:25:56	4298.11	-1599.24	-308.00	56.61	-19.42	30.37
2021-10-01T23:25:58	4289.83	-1587.60	-311.14	56.80	-19.23	30.12
2021-10-01T23:26:00	4281.56	-1575.97	-314.29	57.15	-19.09	29.78
2021-10-01T23:26:02	4273.28	-1564.33	-317.44	57.66	-19.00	29.34
2021-10-01T23:26:04	4264.99	-1552.70	-320.58	58.31	-18.92	28.80
2021-10-01T23:26:06	4256.70	-1541.06	-323.73	58.93	-18.84	28.58
2021-10-01T23:26:08	4248.41	-1529.42	-326.87	59.49	-18.83	28.91
2021-10-01T23:26:10	4240.11	-1517.78	-330.02	59.83	-18.88	29.71
2021-10-01T23:26:12	4231.81	-1506.13	-333.16	60.22	-18.91	30.49
2021-10-01T23:26:14	4223.50	-1494.49	-336.31	60.70	-18.95	31.23
2021-10-01T23:26:16	4215.19	-1482.84	-339.45	60.79	-18.95	31.64
2021-10-01T23:26:18	4206.88	-1471.19	-342.60	60.51	-18.89	31.80
2021-10-01T23:26:20	4198.56	-1459.54	-345.74	60.20	-18.81	31.86
2021-10-01T23:26:22	4190.24	-1447.89	-348.89	59.86	-18.73	31.77
2021-10-01T23:26:24	4181.91	-1436.24	-352.03	59.77	-18.86	31.68
2021-10-01T23:26:26	4173.58	-1424.58	-355.17	60.02	-18.92	31.78
2021-10-01T23:26:28	4165.25	-1412.93	-358.31	60.32	-18.86	31.92
2021-10-01T23:26:30	4156.91	-1401.27	-361.45	60.59	-18.68	32.02
2021-10-01T23:26:32	4148.56	-1389.61	-364.60	60.83	-18.40	32.08
2021-10-01T23:26:34	4140.22	-1377.95	-367.74	61.08	-18.00	32.09
2021-10-01T23:26:36	4131.86	-1366.29	-370.88	61.53	-17.89	32.26
2021-10-01T23:26:38	4123.51	-1354.63	-374.02	62.00	-17.99	32.64
2021-10-01T23:26:40	4115.15	-1342.97	-377.16	62.36	-18.07	33.01
2021-10-01T23:26:42	4106.78	-1331.30	-380.30	62.62	-18.11	33.36
2021-10-01T23:26:44	4098.41	-1319.63	-383.44	62.79	-18.10	33.70
2021-10-01T23:26:46	4090.04	-1307.96	-386.57	63.00	-17.98	33.85
2021-10-01T23:26:48	4081.66	-1296.29	-389.71	63.25	-17.85	33.94
2021-10-01T23:26:50	4073.28	-1284.62	-392.85	63.68	-17.80	34.04
2021-10-01T23:26:52	4064.89	-1272.95	-395.99	64.29	-17.82	34.27
2021-10-01T23:26:54	4056.50	-1261.28	-399.13	64.87	-17.76	34.58
2021-10-01T23:26:56	4048.10	-1249.60	-402.26	65.32	-17.67	35.03
2021-10-01T23:26:58	4039.70	-1237.92	-405.40	65.71	-17.61	35.48
2021-10-01T23:27:00	4031.30	-1226.24	-408.53	66.09	-17.59	35.93
2021-10-01T23:27:02	4022.89	-1214.56	-411.67	66.49	-17.58	36.38
2021-10-01T23:27:04	4014.47	-1202.88	-414.80	66.80	-17.53	36.58
2021-10-01T23:27:06	4006.05	-1191.20	-417.94	66.92	-17.55	36.54
2021-10-01T23:27:08	3997.63	-1179.51	-421.07	67.04	-17.61	36.62
2021-10-01T23:27:10	3989.20	-1167.83	-424.21	67.18	-17.71	36.83
2021-10-01T23:27:12	3980.77	-1156.14	-427.34	67.34	-17.86	37.18
2021-10-01T23:27:14	3972.33	-1144.45	-430.47	67.53	-18.04	37.61
2021-10-01T23:27:16	3963.88	-1132.76	-433.60	67.77	-18.09	37.92
2021-10-01T23:27:18	3955.44	-1121.07	-436.73	68.13	-18.09	38.07
2021-10-01T23:27:20	3946.98	-1109.38	-439.86	68.54	-18.10	38.16
2021-10-01T23:27:22	3938.53	-1097.68	-442.99	68.97	-18.16	38.20
2021-10-01T23:27:24	3930.06	-1085.99	-446.12	69.42	-18.25	38.22
2021-10-01T23:27:26	3921.59	-1074.29	-449.25	69.86	-18.30	38.17
2021-10-01T23:27:28	3913.12	-1062.59	-452.38	70.29	-18.28	38.07
2021-10-01T23:27:30	3904.64	-1050.89	-455.51	70.69	-18.18	37.93
2021-10-01T23:27:32	3896.16	-1039.19	-458.63	71.05	-18.12	37.98
2021-10-01T23:27:34	3887.67	-1027.48	-461.76	71.42	-18.12	38.21
2021-10-01T23:27:36	3879.18	-1015.78	-464.89	71.83	-18.17	38.59
2021-10-01T23:27:38	3870.68	-1004.07	-468.01	72.26	-18.18	38.90
2021-10-01T23:27:40	3862.18	-992.37	-471.14	72.72	-18.18	39.14
2021-10-01T23:27:42	3853.67	-980.66	-474.26	73.22	-18.17	39.31
2021-10-01T23:27:44	3845.15	-968.95	-477.38	73.54	-18.15	39.39
2021-10-01T23:27:46	3836.63	-957.23	-480.51	73.64	-18.14	39.45
2021-10-01T23:27:48	3828.11	-945.52	-483.63	73.77	-18.17	39.56
2021-10-01T23:27:50	3819.58	-933.81	-486.75	73.92	-18.22	39.70
2021-10-01T23:27:52	3811.04	-922.09	-489.87	74.09	-18.33	39.83
2021-10-01T23:27:54	3802.50	-910.38	-492.99	74.48	-18.56	40.02
2021-10-01T23:27:56	3793.96	-898.66	-496.11	75.00	-18.85	40.25
2021-10-01T23:27:58	3785.41	-886.94	-499.23	75.59	-18.96	40.52
2021-10-01T23:28:00	3776.85	-875.22	-502.34	76.20	-18.93	40.81
2021-10-01T23:28:02	3768.28	-863.49	-505.46	76.82	-18.86	41.11
2021-10-01T23:28:04	3759.72	-851.77	-508.58	77.40	-18.65	41.39
2021-10-01T23:28:06	3751.14	-840.05	-511.69	77.96	-18.46	41.64
2021-10-01T23:28:08	3742.56	-828.32	-514.81	78.51	-18.35	41.83
2021-10-01T23:28:10	3733.98	-816.59	-517.92	79.05	-18.33	41.96
2021-10-01T23:28:12	3725.39	-804.87	-521.04	79.46	-18.30	42.03
2021-10-01T23:28:14	3716.79	-793.13	-524.15	79.76	-18.25	42.04
2021-10-01T23:28:16	3708.19	-781.41	-527.26	80.08	-18.27	42.08
2021-10-01T23:28:18	3699.58	-769.67	-530.37	80.46	-18.37	42.15
2021-10-01T23:28:20	3690.97	-757.94	-533.48	80.89	-18.54	42.25
2021-10-01T23:28:22	3682.35	-746.20	-536.59	81.36	-18.77	42.39
2021-10-01T23:28:24	3673.72	-734.47	-539.70	81.87	-18.96	42.59
2021-10-01T23:28:26	3665.09	-722.73	-542.80	82.36	-19.06	42.86
2021-10-01T23:28:28	3656.45	-710.99	-545.91	82.88	-19.16	43.13
2021-10-01T23:28:30	3647.80	-699.25	-549.02	83.43	-19.26	43.40
2021-10-01T23:28:32	3639.16	-687.51	-552.12	84.02	-19.38	43.69
2021-10-01T23:28:34	3630.50	-675.77	-555.22	84.72	-19.43	44.05
2021-10-01T23:28:36	3621.84	-664.02	-558.33	85.50	-19.51	44.36
2021-10-01T23:28:38	3613.17	-652.28	-561.43	86.24	-19.55	44.58
2021-10-01T23:28:40	3604.49	-640.53	-564.53	86.94	-19.60	44.84
2021-10-01T23:28:42	3595.82	-628.79	-567.63	87.55	-19.67	45.11
2021-10-01T23:28:44	3587.13	-617.04	-570.73	87.91	-19.69	45.23
2021-10-01T23:28:46	3578.44	-605.29	-573.83	88.33	-19.73	45.37
2021-10-01T23:28:48	3569.74	-593.54	-576.92	88.73	-19.79	45.55
2021-10-01T23:28:50	3561.03	-581.79	-580.02	89.14	-19.86	45.78
2021-10-01T23:28:52	3552.32	-570.04	-583.11	89.61	-19.82	46.01
2021-10-01T23:28:54	3543.60	-558.28	-586.21	90.07	-19.75	46.25
2021-10-01T23:28:56	3534.88	-546.53	-589.30	90.52	-19.70	46.48
2021-10-01T23:28:58	3526.14	-534.77	-592.39	90.95	-19.65	46.68
2021-10-01T23:29:00	3517.41	-523.02	-595.48	91.35	-19.62	46.84
2021-10-01T23:29:02	3508.66	-511.26	-598.57	91.77	-19.72	47.02
2021-10-01T23:29:04	3499.91	-499.50	-601.66	92.22	-19.96	47.31
2021-10-01T23:29:06	3491.15	-487.74	-604.74	92.66	-20.21	47.64
2021-10-01T23:29:08	3482.39	-475.98	-607.83	93.13	-20.47	47.97
2021-10-01T23:29:10	3473.62	-464.22	-610.92	93.62	-20.78	48.32
2021-10-01T23:29:12	3464.84	-452.46	-614.00	94.12	-20.95	48.58
2021-10-01T23:29:14	3456.06	-440.69	-617.08	94.57	-21.04	48.78
2021-10-01T23:29:16	3447.26	-428.93	-620.16	94.99	-21.11	48.98
2021-10-01T23:29:18	3438.47	-417.16	-623.24	95.39	-21.10	49.14
2021-10-01T23:29:20	3429.66	-405.40	-626.32	95.85	-21.14	49.31
2021-10-01T23:29:22	3420.85	-393.63	-629.40	96.48	-21.20	49.30
2021-10-01T23:29:24	3412.03	-381.86	-632.47	97.14	-21.27	49.20
2021-10-01T23:29:26	3403.20	-370.10	-635.55	97.76	-21.38	49.09
2021-10-01T23:29:28	3394.37	-358.33	-638.62	98.36	-21.51	49.02
2021-10-01T23:29:30	3385.53	-346.56	-641.69	99.00	-21.67	48.99
2021-10-01T23:29:32	3376.68	-334.79	-644.77	99.86	-21.91	49.24
2021-10-01T23:29:34	3367.82	-323.01	-647.83	100.68	-22.12	49.42
2021-10-01T23:29:36	3358.96	-311.24	-650.90	101.44	-22.32	49.53
2021-10-01T23:29:38	3350.09	-299.47	-653.97	102.15	-22.50	49.58
2021-10-01T23:29:40	3341.22	-287.70	-657.03	102.74	-22.68	49.59
2021-10-01T23:29:42	3332.33	-275.92	-660.10	102.87	-22.76	49.80
2021-10-01T23:29:44	3323.44	-264.15	-663.16	103.13	-22.78	50.04
2021-10-01T23:29:46	3314.54	-252.37	-666.22	103.47	-22.82	50.34
2021-10-01T23:29:48	3305.64	-240.59	-669.28	103.85	-22.89	50.65
2021-10-01T23:29:50	3296.72	-228.82	-672.33	104.15	-22.87	50.85
2021-10-01T23:29:52	3287.80	-217.04	-675.39	104.11	-22.64	50.68
2021-10-01T23:29:54	3278.87	-205.26	-678.44	103.98	-22.40	50.39
2021-10-01T23:29:56	3269.94	-193.48	-681.50	103.85	-22.14	50.14
2021-10-01T23:29:58	3260.99	-181.70	-684.55	103.83	-21.93	49.90
2021-10-01T23:30:00	3252.04	-169.92	-687.60	103.84	-21.84	49.87
2021-10-01T23:30:02	3243.08	-158.15	-690.65	103.79	-21.82	50.29
2021-10-01T23:30:04	3234.11	-146.37	-693.69	103.67	-21.67	50.73
2021-10-01T23:30:06	3225.14	-134.59	-696.74	103.47	-21.42	51.14
2021-10-01T23:30:08	3216.15	-122.81	-699.78	103.14	-21.04	51.52
2021-10-01T23:30:10	3207.17	-111.02	-702.82	101.90	-20.43	51.41
2021-10-01T23:30:12	3198.16	-99.24	-705.86	100.03	-19.86	51.00
2021-10-01T23:30:14	3189.16	-87.46	-708.90	98.26	-19.38	50.79
2021-10-01T23:30:16	3180.14	-75.68	-711.93	96.60	-18.99	50.77
2021-10-01T23:30:18	3171.12	-63.89	-714.97	95.05	-18.66	50.97
2021-10-01T23:30:20	3162.09	-52.11	-718.00	93.24	-18.15	51.16
2021-10-01T23:30:22	3153.05	-40.33	-721.03	91.10	-17.45	50.95
2021-10-01T23:30:24	3144.00	-28.55	-724.06	88.95	-16.58	50.64
2021-10-01T23:30:26	3134.95	-16.76	-727.09	86.70	-15.58	50.19
2021-10-01T23:30:28	3125.88	-4.98	-730.11	84.30	-14.51	49.53
2021-10-01T23:30:30	3116.81	6.80	-733.13	83.21	-14.35	49.74
2021-10-01T23:30:32	3107.73	18.59	-736.15	82.43	-14.61	50.09
2021-10-01T23:30:34	3098.64	30.37	-739.17	81.81	-14.94	50.59
2021-10-01T23:30:36	3089.55	42.15	-742.19	80.73	-14.94	51.11
2021-10-01T23:30:38	3080.44	53.93	-745.20	79.00	-14.56	51.58
2021-10-01T23:30:40	3071.33	65.72	-748.22	78.16	-14.17	51.79
2021-10-01T23:30:42	3062.20	77.50	-751.23	77.66	-14.00	51.96
2021-10-01T23:30:44	3053.07	89.28	-754.24	77.25	-14.15	51.99
2021-10-01T23:30:46	3043.93	101.06	-757.24	76.90	-14.46	51.68
2021-10-01T23:30:48	3034.78	112.85	-760.25	76.18	-14.25	51.02
2021-10-01T23:30:50	3025.63	124.63	-763.25	74.62	-13.19	50.99
2021-10-01T23:30:52	3016.46	136.41	-766.25	73.22	-12.22	51.23
2021-10-01T23:30:54	3007.29	148.19	-769.24	71.97	-11.31	51.68
2021-10-01T23:30:56	2998.10	159.97	-772.24	70.87	-10.45	52.31
2021-10-01T23:30:58	2988.91	171.75	-775.23	70.10	-9.65	52.99
2021-10-01T23:31:00	2979.71	183.53	-778.22	69.67	-8.95	53.53
2021-10-01T23:31:02	2970.50	195.31	-781.21	69.18	-8.28	54.19
2021-10-01T23:31:04	2961.28	207.09	-784.20	68.62	-7.61	54.96
2021-10-01T23:31:06	2952.05	218.87	-787.18	68.00	-6.89	55.82
2021-10-01T23:31:08	2942.82	230.64	-790.16	66.87	-6.21	56.64
2021-10-01T23:31:10	2933.57	242.42	-793.14	65.01	-5.75	57.33
2021-10-01T23:31:12	2924.32	254.20	-796.12	64.34	-4.96	57.69
2021-10-01T23:31:14	2915.05	265.97	-799.09	64.01	-4.05	57.82
2021-10-01T23:31:16	2905.78	277.75	-802.06	63.95	-3.00	57.69
2021-10-01T23:31:18	2896.50	289.52	-805.03	64.99	-1.62	58.01
2021-10-01T23:31:20	2887.21	301.29	-808.00	66.24	-0.14	59.25
2021-10-01T23:31:22	2877.90	313.06	-810.96	66.91	1.34	60.98
2021-10-01T23:31:24	2868.59	324.83	-813.92	66.54	2.33	62.49
2021-10-01T23:31:26	2859.27	336.60	-816.88	66.12	3.43	63.74
2021-10-01T23:31:28	2849.95	348.37	-819.84	65.99	4.49	63.54
2021-10-01T23:31:30	2840.61	360.14	-822.79	65.96	5.35	63.01
2021-10-01T23:31:32	2831.26	371.90	-825.74	65.91	6.07	62.66
2021-10-01T23:31:34	2821.90	383.67	-828.69	65.78	6.69	62.36
2021-10-01T23:31:36	2812.54	395.44	-831.63	66.17	6.98	62.11
2021-10-01T23:31:38	2803.16	407.20	-834.57	69.07	6.90	61.16
2021-10-01T23:31:40	2793.77	418.96	-837.51	72.05	7.08	60.29
2021-10-01T23:31:42	2784.38	430.72	-840.45	74.61	7.62	59.70
2021-10-01T23:31:44	2774.97	442.48	-843.38	76.69	8.53	59.50
2021-10-01T23:31:46	2765.56	454.23	-846.31	78.24	9.85	59.76
2021-10-01T23:31:48	2756.14	465.99	-849.24	81.74	11.62	60.48
2021-10-01T23:31:50	2746.70	477.74	-852.16	85.66	13.42	60.94
2021-10-01T23:31:52	2737.26	489.49	-855.08	89.70	15.05	61.11
2021-10-01T23:31:54	2727.80	501.24	-858.00	93.87	16.46	61.06
2021-10-01T23:31:56	2718.34	512.99	-860.91	98.08	17.55	60.83
2021-10-01T23:31:58	2708.87	524.74	-863.83	100.96	18.25	60.58
2021-10-01T23:32:00	2699.38	536.48	-866.73	103.31	18.95	60.52
2021-10-01T23:32:02	2689.89	548.23	-869.64	105.33	19.65	60.68
2021-10-01T23:32:04	2680.39	559.97	-872.54	107.46	20.31	61.09
2021-10-01T23:32:06	2670.88	571.70	-875.44	109.27	21.05	61.45
2021-10-01T23:32:08	2661.35	583.44	-878.34	110.19	22.06	60.99
2021-10-01T23:32:10	2651.82	595.18	-881.23	111.47	22.98	60.56
2021-10-01T23:32:12	2642.28	606.91	-884.12	113.15	24.15	60.03
2021-10-01T23:32:14	2632.73	618.64	-887.00	114.95	25.50	59.39
2021-10-01T23:32:16	2623.16	630.37	-889.89	116.66	26.87	59.05
2021-10-01T23:32:18	2613.59	642.09	-892.76	118.25	28.45	59.27
2021-10-01T23:32:20	2604.01	653.82	-895.64	119.88	29.91	59.58
2021-10-01T23:32:22	2594.42	665.53	-898.51	121.58	31.19	60.09
2021-10-01T23:32:24	2584.81	677.25	-901.38	123.42	32.27	60.97
2021-10-01T23:32:26	2575.20	688.97	-904.25	124.50	33.27	61.41
2021-10-01T23:32:28	2565.58	700.68	-907.11	124.68	34.32	61.30
2021-10-01T23:32:30	2555.94	712.39	-909.96	124.77	35.52	61.21
2021-10-01T23:32:32	2546.30	724.10	-912.82	124.85	36.84	61.19
2021-10-01T23:32:34	2536.65	735.80	-915.67	124.97	38.24	61.26
2021-10-01T23:32:36	2526.98	747.50	-918.52	126.99	39.79	61.45
2021-10-01T23:32:38	2517.31	759.20	-921.36	129.97	41.17	61.59
2021-10-01T23:32:40	2507.62	770.89	-924.20	132.45	42.50	61.68
2021-10-01T23:32:42	2497.93	782.59	-927.03	134.51	43.82	61.68
2021-10-01T23:32:44	2488.23	794.27	-929.87	136.22	45.15	61.57
2021-10-01T23:32:46	2478.51	805.96	-932.69	136.96	45.46	61.14
2021-10-01T23:32:48	2468.79	817.64	-935.52	137.42	45.30	60.77
2021-10-01T23:32:50	2459.05	829.32	-938.34	137.86	45.22	60.55
2021-10-01T23:32:52	2449.31	840.99	-941.15	138.11	45.33	60.45
2021-10-01T23:32:54	2439.55	852.67	-943.97	138.07	45.70	60.50
2021-10-01T23:32:56	2429.78	864.34	-946.77	139.08	46.94	61.09
2021-10-01T23:32:58	2420.01	876.00	-949.58	140.68	48.48	61.85
2021-10-01T23:33:00	2410.22	887.66	-952.38	142.75	49.87	62.67
2021-10-01T23:33:02	2400.42	899.32	-955.17	144.89	51.12	63.31
2021-10-01T23:33:04	2390.61	910.97	-957.97	147.06	52.30	63.84
2021-10-01T23:33:06	2380.80	922.62	-960.75	147.18	52.90	63.57
2021-10-01T23:33:08	2370.97	934.26	-963.54	146.81	53.35	63.03
2021-10-01T23:33:10	2361.13	945.91	-966.32	146.03	53.73	62.22
2021-10-01T23:33:12	2351.28	957.54	-969.09	145.94	54.13	61.44
2021-10-01T23:33:14	2341.42	969.18	-971.86	146.37	54.58	60.93
2021-10-01T23:33:16	2331.55	980.80	-974.63	147.35	55.66	61.84
2021-10-01T23:33:18	2321.67	992.43	-977.39	148.02	56.96	62.85
2021-10-01T23:33:20	2311.79	1004.05	-980.15	148.32	58.44	63.69
2021-10-01T23:33:22	2301.89	1015.66	-982.90	148.34	60.10	64.27
2021-10-01T23:33:24	2291.97	1027.28	-985.65	148.36	61.56	64.37
2021-10-01T23:33:26	2282.05	1038.88	-988.40	149.27	61.97	63.99
2021-10-01T23:33:28	2272.12	1050.49	-991.14	150.01	62.41	63.23
2021-10-01T23:33:30	2262.18	1062.08	-993.87	150.58	62.90	62.15
2021-10-01T23:33:32	2252.23	1073.67	-996.61	150.93	63.46	60.80
2021-10-01T23:33:34	2242.27	1085.26	-999.33	151.26	64.21	59.98
2021-10-01T23:33:36	2232.30	1096.84	-1002.05	151.97	65.17	60.47
2021-10-01T23:33:38	2222.32	1108.42	-1004.77	152.94	66.22	61.04
2021-10-01T23:33:40	2212.33	1119.99	-1007.49	154.12	67.30	61.68
2021-10-01T23:33:42	2202.32	1131.56	-1010.19	155.47	68.38	62.37
2021-10-01T23:33:44	2192.31	1143.12	-1012.90	156.77	69.51	63.11
2021-10-01T23:33:46	2182.29	1154.68	-1015.60	156.70	70.99	63.41
2021-10-01T23:33:48	2172.26	1166.23	-1018.29	156.42	72.41	63.40
2021-10-01T23:33:50	2162.22	1177.78	-1020.98	156.20	73.76	63.18
2021-10-01T23:33:52	2152.16	1189.32	-1023.67	156.04	75.05	62.76
2021-10-01T23:33:54	2142.10	1200.86	-1026.35	156.06	76.25	62.28
2021-10-01T23:33:56	2132.03	1212.38	-1029.02	156.55	77.38	62.33
2021-10-01T23:33:58	2121.95	1223.91	-1031.69	157.19	78.41	62.86
2021-10-01T23:34:00	2111.85	1235.43	-1034.36	157.50	79.33	63.42
2021-10-01T23:34:02	2101.75	1246.94	-1037.02	157.65	80.27	64.04
2021-10-01T23:34:04	2091.64	1258.45	-1039.67	157.66	81.19	64.58
2021-10-01T23:34:06	2081.52	1269.95	-1042.32	157.55	81.99	64.71
2021-10-01T23:34:08	2071.39	1281.44	-1044.97	157.55	82.83	64.57
2021-10-01T23:34:10	2061.25	1292.93	-1047.61	157.48	83.80	64.28
2021-10-01T23:34:12	2051.10	1304.41	-1050.25	157.26	84.82	64.06
2021-10-01T23:34:14	2040.93	1315.89	-1052.88	157.02	85.88	63.89
2021-10-01T23:34:16	2030.76	1327.36	-1055.50	157.08	86.99	63.77
2021-10-01T23:34:18	2020.58	1338.83	-1058.13	157.20	88.24	63.64
2021-10-01T23:34:20	2010.39	1350.28	-1060.74	157.53	89.21	63.44
2021-10-01T23:34:22	2000.19	1361.73	-1063.35	157.61	90.06	63.01
2021-10-01T23:34:24	1989.99	1373.18	-1065.96	157.25	90.81	62.44
2021-10-01T23:34:26	1979.77	1384.62	-1068.56	156.56	91.38	62.17
2021-10-01T23:34:28	1969.54	1396.05	-1071.16	155.97	92.11	62.27
2021-10-01T23:34:30	1959.30	1407.47	-1073.75	155.48	92.95	62.66
2021-10-01T23:34:32	1949.06	1418.89	-1076.33	154.84	93.83	62.96
2021-10-01T23:34:34	1938.80	1430.31	-1078.91	154.01	94.72	63.07
2021-10-01T23:34:36	1928.54	1441.71	-1081.49	153.55	96.04	62.81
2021-10-01T23:34:38	1918.26	1453.11	-1084.06	153.26	97.40	62.66
2021-10-01T23:34:40	1907.98	1464.50	-1086.62	153.15	98.81	62.63
2021-10-01T23:34:42	1897.69	1475.89	-1089.18	152.99	99.97	62.24
2021-10-01T23:34:44	1887.39	1487.26	-1091.74	152.55	100.50	61.36
2021-10-01T23:34:46	1877.07	1498.63	-1094.29	151.91	100.78	60.31
2021-10-01T23:34:48	1866.76	1509.99	-1096.83	151.38	101.43	59.44
2021-10-01T23:34:50	1856.43	1521.35	-1099.37	150.91	102.37	58.72
2021-10-01T23:34:52	1846.09	1532.70	-1101.90	150.49	103.50	58.17
2021-10-01T23:34:54	1835.75	1544.04	-1104.43	150.39	104.85	58.68
2021-10-01T23:34:56	1825.39	1555.37	-1106.95	150.57	106.32	59.63
2021-10-01T23:34:58	1815.03	1566.70	-1109.47	150.54	107.84	60.40
2021-10-01T23:35:00	1804.66	1578.02	-1111.98	150.36	109.37	60.96
2021-10-01T23:35:02	1794.28	1589.33	-1114.49	150.07	110.85	61.31
2021-10-01T23:35:04	1783.89	1600.64	-1116.99	149.73	111.95	61.26
2021-10-01T23:35:06	1773.49	1611.93	-1119.49	149.41	112.55	61.00
2021-10-01T23:35:08	1763.08	1623.22	-1121.98	148.99	113.33	60.79
2021-10-01T23:35:10	1752.67	1634.50	-1124.47	148.54	114.27	60.64
2021-10-01T23:35:12	1742.25	1645.77	-1126.95	148.10	115.34	60.61
2021-10-01T23:35:14	1731.81	1657.04	-1129.42	147.64	116.47	60.66
2021-10-01T23:35:16	1721.38	1668.30	-1131.89	146.63	116.71	60.70
2021-10-01T23:35:18	1710.93	1679.55	-1134.36	145.64	117.00	60.80
2021-10-01T23:35:20	1700.48	1690.79	-1136.81	144.64	117.24	60.96
2021-10-01T23:35:22	1690.01	1702.02	-1139.27	143.65	117.32	61.16
2021-10-01T23:35:24	1679.54	1713.25	-1141.72	142.65	117.17	61.40
2021-10-01T23:35:26	1669.06	1724.47	-1144.16	141.84	117.74	61.01
2021-10-01T23:35:28	1658.58	1735.67	-1146.60	141.30	118.55	60.55
2021-10-01T23:35:30	1648.08	1746.88	-1149.03	141.01	119.45	60.22
2021-10-01T23:35:32	1637.58	1758.07	-1151.46	140.79	120.28	60.05
2021-10-01T23:35:34	1627.07	1769.26	-1153.88	140.60	121.02	60.03
2021-10-01T23:35:36	1616.55	1780.43	-1156.29	139.85	121.98	60.26
2021-10-01T23:35:38	1606.03	1791.60	-1158.70	138.61	123.13	60.35
2021-10-01T23:35:40	1595.49	1802.76	-1161.11	137.41	123.85	60.35
2021-10-01T23:35:42	1584.96	1813.92	-1163.51	136.21	124.15	60.26
2021-10-01T23:35:44	1574.41	1825.06	-1165.90	134.99	124.07	60.07
2021-10-01T23:35:46	1563.85	1836.20	-1168.29	134.14	124.38	59.70
2021-10-01T23:35:48	1553.29	1847.32	-1170.68	133.47	125.36	59.22
2021-10-01T23:35:50	1542.73	1858.44	-1173.05	132.81	126.31	58.75
2021-10-01T23:35:52	1532.15	1869.55	-1175.43	132.09	127.06	58.31
2021-10-01T23:35:54	1521.57	1880.65	-1177.80	131.34	127.65	57.91
2021-10-01T23:35:56	1510.98	1891.75	-1180.16	130.39	128.13	57.54
2021-10-01T23:35:58	1500.39	1902.83	-1182.51	129.17	128.55	57.28
2021-10-01T23:36:00	1489.78	1913.91	-1184.87	127.84	128.90	57.27
2021-10-01T23:36:02	1479.17	1924.98	-1187.21	126.60	129.28	57.29
2021-10-01T23:36:04	1468.56	1936.04	-1189.55	125.49	129.73	57.32
2021-10-01T23:36:06	1457.94	1947.09	-1191.89	124.53	130.09	57.42
2021-10-01T23:36:08	1447.31	1958.13	-1194.22	123.56	130.15	57.55
2021-10-01T23:36:10	1436.67	1969.17	-1196.55	122.17	129.87	57.50
2021-10-01T23:36:12	1426.03	1980.19	-1198.87	120.81	129.83	57.46
2021-10-01T23:36:14	1415.39	1991.21	-1201.18	119.54	130.12	57.47
2021-10-01T23:36:16	1404.73	2002.22	-1203.49	118.47	130.79	57.50
2021-10-01T23:36:18	1394.07	2013.21	-1205.79	117.79	131.50	57.35
2021-10-01T23:36:20	1383.41	2024.20	-1208.10	117.29	132.12	57.08
2021-10-01T23:36:22	1372.74	2035.19	-1210.39	116.70	132.59	56.70
2021-10-01T23:36:24	1362.06	2046.16	-1212.68	115.90	132.81	56.30
2021-10-01T23:36:26	1351.38	2057.12	-1214.96	114.90	132.81	55.90
2021-10-01T23:36:28	1340.69	2068.08	-1217.24	113.83	132.89	55.66
2021-10-01T23:36:30	1330.00	2079.03	-1219.51	112.80	132.92	55.32
2021-10-01T23:36:32	1319.29	2089.96	-1221.78	111.65	133.14	54.82
2021-10-01T23:36:34	1308.59	2100.90	-1224.04	110.61	133.39	54.37
2021-10-01T23:36:36	1297.88	2111.82	-1226.30	109.69	133.69	53.99
2021-10-01T23:36:38	1287.16	2122.73	-1228.55	108.85	133.99	53.75
2021-10-01T23:36:40	1276.44	2133.63	-1230.80	108.04	134.33	53.66
2021-10-01T23:36:42	1265.71	2144.53	-1233.04	106.99	134.47	53.74
2021-10-01T23:36:44	1254.98	2155.41	-1235.28	105.67	134.42	53.81
2021-10-01T23:36:46	1244.24	2166.29	-1237.51	104.15	134.19	53.84
2021-10-01T23:36:48	1233.50	2177.16	-1239.74	102.68	133.75	53.80
2021-10-01T23:36:50	1222.75	2188.01	-1241.96	101.37	133.24	53.69
2021-10-01T23:36:52	1212.00	2198.86	-1244.18	100.25	132.88	53.78
2021-10-01T23:36:54	1201.25	2209.71	-1246.39	99.31	132.80	54.02
2021-10-01T23:36:56	1190.49	2220.54	-1248.60	98.46	132.88	54.20
2021-10-01T23:36:58	1179.72	2231.36	-1250.80	97.81	133.08	54.29
2021-10-01T23:37:00	1168.95	2242.18	-1253.00	97.45	133.18	54.31
2021-10-01T23:37:02	1158.17	2252.99	-1255.19	97.19	133.11	54.27
2021-10-01T23:37:04	1147.39	2263.78	-1257.38	96.86	132.81	53.95
2021-10-01T23:37:06	1136.61	2274.57	-1259.56	96.30	132.46	53.69
2021-10-01T23:37:08	1125.82	2285.35	-1261.74	95.46	132.07	53.48
2021-10-01T23:37:10	1115.03	2296.13	-1263.92	94.18	131.64	53.26
2021-10-01T23:37:12	1104.23	2306.89	-1266.08	93.10	131.13	53.25
2021-10-01T23:37:14	1093.43	2317.64	-1268.25	91.82	130.50	53.43
2021-10-01T23:37:16	1082.62	2328.39	-1270.41	90.60	129.97	53.62
2021-10-01T23:37:18	1071.81	2339.13	-1272.56	89.44	129.53	53.83
2021-10-01T23:37:20	1061.00	2349.85	-1274.71	88.41	129.16	53.77
2021-10-01T23:37:22	1050.18	2360.57	-1276.85	87.52	128.79	53.62
2021-10-01T23:37:24	1039.36	2371.28	-1278.99	86.92	128.60	53.51
2021-10-01T23:37:26	1028.54	2381.98	-1281.13	86.27	128.33	53.42
2021-10-01T23:37:28	1017.71	2392.68	-1283.26	85.40	127.84	53.30
2021-10-01T23:37:30	1006.88	2403.36	-1285.38	84.41	127.23	53.23
2021-10-01T23:37:32	996.04	2414.04	-1287.51	83.46	126.69	53.19
2021-10-01T23:37:34	985.20	2424.71	-1289.62	82.51	126.03	53.26
2021-10-01T23:37:36	974.36	2435.37	-1291.74	81.73	125.29	53.68
2021-10-01T23:37:38	963.51	2446.02	-1293.84	81.03	124.71	54.16
2021-10-01T23:37:40	952.66	2456.66	-1295.94	80.41	124.30	54.71
2021-10-01T23:37:42	941.81	2467.29	-1298.04	79.81	123.75	55.19
2021-10-01T23:37:44	930.96	2477.92	-1300.14	79.26	123.26	55.57
2021-10-01T23:37:46	920.10	2488.54	-1302.23	78.85	122.69	55.58
2021-10-01T23:37:48	909.23	2499.14	-1304.31	78.45	122.02	55.58
2021-10-01T23:37:50	898.37	2509.74	-1306.39	78.05	121.24	55.56
2021-10-01T23:37:52	887.50	2520.33	-1308.47	77.41	120.50	55.49
2021-10-01T23:37:54	876.63	2530.92	-1310.54	76.49	119.58	55.28
2021-10-01T23:37:56	865.76	2541.49	-1312.61	75.38	118.81	55.24
2021-10-01T23:37:58	854.88	2552.06	-1314.67	74.59	118.35	55.32
2021-10-01T23:38:00	844.00	2562.62	-1316.73	74.25	118.18	55.48
2021-10-01T23:38:02	833.12	2573.17	-1318.79	74.23	118.31	55.71
2021-10-01T23:38:04	822.23	2583.71	-1320.84	73.82	118.31	55.99
2021-10-01T23:38:06	811.34	2594.24	-1322.88	72.83	117.62	56.26
2021-10-01T23:38:08	800.45	2604.77	-1324.92	71.54	116.36	56.53
2021-10-01T23:38:10	789.56	2615.28	-1326.96	70.35	115.00	56.82
2021-10-01T23:38:12	778.67	2625.79	-1328.99	69.23	113.55	57.15
2021-10-01T23:38:14	767.77	2636.29	-1331.02	68.21	112.60	57.18
2021-10-01T23:38:16	756.87	2646.78	-1333.05	67.40	112.08	56.99
2021-10-01T23:38:18	745.97	2657.27	-1335.07	66.66	111.58	56.67
2021-10-01T23:38:20	735.06	2667.74	-1337.09	65.77	110.76	56.53
2021-10-01T23:38:22	724.16	2678.21	-1339.10	64.73	109.62	56.54
2021-10-01T23:38:24	713.25	2688.67	-1341.11	63.65	108.35	56.73
2021-10-01T23:38:26	702.34	2699.12	-1343.12	62.79	107.46	57.18
2021-10-01T23:38:28	691.42	2709.57	-1345.11	62.62	107.33	57.70
2021-10-01T23:38:30	680.51	2720.00	-1347.11	62.48	107.20	58.01
2021-10-01T23:38:32	669.59	2730.43	-1349.10	62.37	107.07	58.15
2021-10-01T23:38:34	658.67	2740.85	-1351.09	62.25	106.93	58.12
2021-10-01T23:38:36	647.75	2751.26	-1353.08	61.71	106.55	57.75
2021-10-01T23:38:38	636.83	2761.67	-1355.06	60.43	105.55	57.56
2021-10-01T23:38:40	625.91	2772.06	-1357.04	59.14	104.34	57.44
2021-10-01T23:38:42	614.98	2782.45	-1359.01	57.97	103.06	57.34
2021-10-01T23:38:44	604.05	2792.83	-1360.98	56.89	101.71	57.27
2021-10-01T23:38:46	593.12	2803.21	-1362.95	55.93	100.47	57.46
2021-10-01T23:38:48	582.19	2813.57	-1364.91	55.32	100.21	58.14
2021-10-01T23:38:50	571.26	2823.93	-1366.87	55.04	100.52	58.89
2021-10-01T23:38:52	560.33	2834.28	-1368.82	54.97	100.89	59.57
2021-10-01T23:38:54	549.39	2844.62	-1370.77	55.08	101.30	60.18
2021-10-01T23:38:56	538.45	2854.96	-1372.72	55.37	101.74	60.72
2021-10-01T23:38:58	527.52	2865.28	-1374.66	54.77	101.39	60.92
2021-10-01T23:39:00	516.57	2875.60	-1376.60	53.50	99.96	60.68
2021-10-01T23:39:02	505.63	2885.92	-1378.54	52.55	98.62	60.39
2021-10-01T23:39:04	494.69	2896.22	-1380.47	51.96	97.43	60.10
2021-10-01T23:39:06	483.75	2906.52	-1382.40	51.67	96.39	59.81
2021-10-01T23:39:08	472.80	2916.81	-1384.33	51.59	95.56	59.64
2021-10-01T23:39:10	461.86	2927.09	-1386.25	51.28	94.98	59.90
2021-10-01T23:39:12	450.91	2937.37	-1388.17	50.82	94.28	60.07
2021-10-01T23:39:14	439.96	2947.64	-1390.09	50.20	93.44	60.13
2021-10-01T23:39:16	429.01	2957.90	-1392.00	49.42	92.45	60.08
2021-10-01T23:39:18	418.06	2968.15	-1393.91	48.51	91.29	59.88
2021-10-01T23:39:20	407.11	2978.40	-1395.81	48.11	90.41	59.98
2021-10-01T23:39:22	396.16	2988.64	-1397.71	47.74	89.65	60.05
2021-10-01T23:39:24	385.21	2998.87	-1399.61	47.30	89.03	60.04
2021-10-01T23:39:26	374.25	3009.09	-1401.51	46.83	88.57	59.95
2021-10-01T23:39:28	363.30	3019.31	-1403.40	46.35	88.27	59.78
2021-10-01T23:39:30	352.34	3029.52	-1405.29	45.84	87.62	59.88
2021-10-01T23:39:32	341.39	3039.73	-1407.17	45.49	86.58	60.24
2021-10-01T23:39:34	330.43	3049.92	-1409.06	45.22	85.47	60.56
2021-10-01T23:39:36	319.47	3060.11	-1410.93	45.04	84.24	60.83
2021-10-01T23:39:38	308.51	3070.30	-1412.81	44.94	82.87	61.06
2021-10-01T23:39:40	297.56	3080.47	-1414.68	44.79	81.72	61.05
2021-10-01T23:39:42	286.60	3090.64	-1416.55	44.46	81.50	60.85
2021-10-01T23:39:44	275.63	3100.81	-1418.42	44.08	81.41	60.66
2021-10-01T23:39:46	264.67	3110.96	-1420.28	43.72	81.01	60.44
2021-10-01T23:39:48	253.71	3121.11	-1422.14	43.39	80.31	60.18
2021-10-01T23:39:50	242.75	3131.25	-1424.00	43.21	79.32	60.10
2021-10-01T23:39:52	231.79	3141.39	-1425.85	43.39	78.48	60.80
2021-10-01T23:39:54	220.82	3151.52	-1427.70	43.31	78.23	61.67
2021-10-01T23:39:56	209.86	3161.64	-1429.55	43.16	77.95	62.48
2021-10-01T23:39:58	198.90	3171.76	-1431.39	42.97	77.55	63.22
2021-10-01T23:40:00	187.93	3181.86	-1433.23	42.71	76.96	63.88
2021-10-01T23:40:02	176.97	3191.97	-1435.07	41.79	76.34	63.89
2021-10-01T23:40:04	166.00	3202.06	-1436.91	40.79	75.64	64.07
2021-10-01T23:40:06	155.04	3212.15	-1438.74	39.96	74.76	64.39
2021-10-01T23:40:08	144.07	3222.24	-1440.57	39.40	73.90	64.93
2021-10-01T23:40:10	133.11	3232.31	-1442.40	39.09	73.09	65.70
2021-10-01T23:40:12	122.14	3242.38	-1444.22	38.75	72.48	66.59
2021-10-01T23:40:14	111.18	3252.45	-1446.04	38.27	72.13	67.45
2021-10-01T23:40:16	100.21	3262.50	-1447.86	37.64	71.83	68.26
2021-10-01T23:40:18	89.24	3272.55	-1449.68	36.94	71.30	68.96
2021-10-01T23:40:20	78.28	3282.60	-1451.49	36.22	70.61	69.52
2021-10-01T23:40:22	67.31	3292.64	-1453.30	35.63	69.41	69.82
2021-10-01T23:40:24	56.34	3302.67	-1455.11	35.13	68.03	70.04
2021-10-01T23:40:26	45.38	3312.70	-1456.91	34.61	66.78	70.33
2021-10-01T23:40:28	34.41	3322.72	-1458.71	34.43	66.09	70.64
2021-10-01T23:40:30	23.44	3332.73	-1460.52	34.46	65.64	71.15
2021-10-01T23:40:32	12.48	3342.74	-1462.31	34.72	65.68	71.75
2021-10-01T23:40:34	1.51	3352.75	-1464.10	35.20	66.19	72.09
2021-10-01T23:40:36	-9.46	3362.74	-1465.90	35.78	66.59	72.22
2021-10-01T23:40:38	-20.43	3372.73	-1467.69	36.35	66.88	72.15
2021-10-01T23:40:40	-31.39	3382.72	-1469.47	36.61	67.16	72.12
2021-10-01T23:40:42	-42.36	3392.70	-1471.26	36.91	67.40	72.20
2021-10-01T23:40:44	-53.33	3402.67	-1473.04	37.03	67.13	72.28
2021-10-01T23:40:46	-64.29	3412.64	-1474.81	36.95	66.64	72.32
2021-10-01T23:40:48	-75.26	3422.60	-1476.59	36.68	65.93	72.33
2021-10-01T23:40:50	-86.22	3432.55	-1478.36	36.23	64.98	71.88
2021-10-01T23:40:52	-97.19	3442.50	-1480.14	35.71	63.76	70.81
2021-10-01T23:40:54	-108.16	3452.45	-1481.90	35.16	62.95	68.95
2021-10-01T23:40:56	-119.12	3462.38	-1483.67	34.65	62.31	66.89
2021-10-01T23:40:58	-130.09	3472.32	-1485.43	34.20	61.85	64.63
2021-10-01T23:41:00	-141.05	3482.24	-1487.19	33.82	61.58	62.13
2021-10-01T23:41:02	-152.02	3492.16	-1488.95	32.93	60.90	60.18
2021-10-01T23:41:04	-162.98	3502.08	-1490.71	31.74	59.09	60.08
2021-10-01T23:41:06	-173.95	3511.99	-1492.46	30.48	56.97	60.14
2021-10-01T23:41:08	-184.91	3521.89	-1494.21	29.13	54.78	59.85
2021-10-01T23:41:10	-195.88	3531.79	-1495.96	27.71	52.51	59.31
2021-10-01T23:41:12	-206.84	3541.69	-1497.71	26.26	50.18	58.58
2021-10-01T23:41:14	-217.80	3551.58	-1499.46	23.91	49.81	58.77
2021-10-01T23:41:16	-228.76	3561.46	-1501.20	21.17	49.34	59.41
2021-10-01T23:41:18	-239.73	3571.34	-1502.94	18.57	48.16	59.81
2021-10-01T23:41:20	-250.69	3581.21	-1504.67	16.07	46.30	59.97
2021-10-01T23:41:22	-261.65	3591.07	-1506.41	13.65	43.82	59.92
2021-10-01T23:41:24	-272.61	3600.93	-1508.14	11.43	41.12	59.20
2021-10-01T23:41:26	-283.57	3610.79	-1509.87	9.76	39.26	56.93
2021-10-01T23:41:28	-294.53	3620.64	-1511.60	8.17	37.39	55.04
2021-10-01T23:41:30	-305.49	3630.49	-1513.33	6.61	35.52	53.53
2021-10-01T23:41:32	-316.45	3640.33	-1515.05	5.07	33.66	52.40
2021-10-01T23:41:34	-327.41	3650.16	-1516.78	3.49	31.80	51.60
2021-10-01T23:41:36	-338.37	3660.00	-1518.50	1.81	29.47	50.36
2021-10-01T23:41:38	-349.33	3669.82	-1520.22	0.56	27.45	49.09
2021-10-01T23:41:40	-360.28	3679.64	-1521.93	-0.45	25.79	47.88
2021-10-01T23:41:42	-371.24	3689.46	-1523.65	-1.25	24.47	46.78
2021-10-01T23:41:44	-382.19	3699.26	-1525.36	-1.82	23.52	45.82
2021-10-01T23:41:46	-393.15	3709.07	-1527.07	-2.12	22.51	44.64
2021-10-01T23:41:48	-404.11	3718.87	-1528.77	-2.28	21.04	43.19
2021-10-01T23:41:50	-415.06	3728.67	-1530.48	-2.43	19.23	41.34
2021-10-01T23:41:52	-426.01	3738.46	-1532.18	-2.69	17.37	39.24
2021-10-01T23:41:54	-436.97	3748.24	-1533.88	-3.07	15.45	36.90
2021-10-01T23:41:56	-447.92	3758.02	-1535.58	-3.55	13.50	34.76
2021-10-01T23:41:58	-458.87	3767.80	-1537.28	-3.94	11.77	33.19
2021-10-01T23:42:00	-469.82	3777.57	-1538.98	-4.11	10.37	32.12
2021-10-01T23:42:02	-480.78	3787.34	-1540.67	-4.08	9.20	31.16
2021-10-01T23:42:04	-491.72	3797.10	-1542.36	-3.91	8.21	30.25
2021-10-01T23:42:06	-502.67	3806.85	-1544.05	-3.57	7.48	29.04
2021-10-01T23:42:08	-513.62	3816.61	-1545.74	-3.20	6.82	27.48
2021-10-01T23:42:10	-524.57	3826.35	-1547.43	-2.94	5.99	26.01
2021-10-01T23:42:12	-535.52	3836.09	-1549.11	-3.12	5.16	24.33
2021-10-01T23:42:14	-546.46	3845.84	-1550.79	-3.52	4.32	22.59
2021-10-01T23:42:16	-557.41	3855.57	-1552.47	-4.06	3.50	20.89
2021-10-01T23:42:18	-568.36	3865.30	-1554.15	-4.66	2.79	19.29
2021-10-01T23:42:20	-579.30	3875.02	-1555.83	-5.15	2.06	17.75
2021-10-01T23:42:22	-590.25	3884.74	-1557.50	-5.55	1.30	16.26
2021-10-01T23:42:24	-601.19	3894.46	-1559.18	-5.58	0.83	15.37
2021-10-01T23:42:26	-612.13	3904.17	-1560.85	-5.43	0.52	14.52
2021-10-01T23:42:28	-623.07	3913.87	-1562.52	-5.13	0.39	13.80
2021-10-01T23:42:30	-634.01	3923.58	-1564.18	-4.86	0.22	13.08
2021-10-01T23:42:32	-644.95	3933.27	-1565.85	-4.63	-0.00	12.36
2021-10-01T23:42:34	-655.89	3942.97	-1567.51	-4.43	-0.26	11.64
2021-10-01T23:42:36	-666.83	3952.66	-1569.18	-4.27	-0.66	11.29
2021-10-01T23:42:38	-677.77	3962.34	-1570.84	-4.20	-1.19	11.02
2021-10-01T23:42:40	-688.71	3972.02	-1572.49	-4.15	-1.76	10.76
2021-10-01T23:42:42	-699.65	3981.70	-1574.15	-4.09	-2.32	10.47
2021-10-01T23:42:44	-710.58	3991.37	-1575.81	-4.02	-2.87	10.14
2021-10-01T23:42:46	-721.52	4001.04	-1577.46	-3.93	-3.39	9.80
2021-10-01T23:42:48	-732.45	4010.70	-1579.11	-3.74	-3.65	9.55
2021-10-01T23:42:50	-743.38	4020.36	-1580.76	-3.50	-3.89	9.31
2021-10-01T23:42:52	-754.31	4030.01	-1582.41	-3.24	-4.13	9.10
2021-10-01T23:42:54	-765.25	4039.66	-1584.06	-2.97	-4.36	8.92
2021-10-01T23:42:56	-776.18	4049.31	-1585.70	-2.67	-4.60	8.76
2021-10-01T23:42:58	-787.11	4058.95	-1587.35	-2.31	-4.77	8.64
2021-10-01T23:43:00	-798.04	4068.59	-1588.99	-1.76	-4.81	8.62
2021-10-01T23:43:02	-808.96	4078.23	-1590.63	-1.28	-4.91	8.65
2021-10-01T23:43:04	-819.89	4087.86	-1592.27	-0.86	-5.09	8.73
2021-10-01T23:43:06	-830.82	4097.48	-1593.91	-0.52	-5.33	8.87
2021-10-01T23:43:08	-841.74	4107.11	-1595.55	-0.25	-5.63	9.07
2021-10-01T23:43:10	-852.67	4116.72	-1597.18	-0.08	-5.68	8.97
2021-10-01T23:43:12	-863.59	4126.34	-1598.81	0.13	-5.61	8.79
2021-10-01T23:43:14	-874.52	4135.95	-1600.44	0.41	-5.58	8.66
2021-10-01T23:43:16	-885.44	4145.56	-1602.07	0.75	-5.58	8.59
2021-10-01T23:43:18	-896.36	4155.16	-1603.70	1.16	-5.62	8.59
2021-10-01T23:43:20	-907.28	4164.76	-1605.33	1.53	-5.60	8.54
2021-10-01T23:43:22	-918.20	4174.35	-1606.95	1.78	-5.55	8.38
2021-10-01T23:43:24	-929.12	4183.94	-1608.58	1.93	-5.53	8.18
2021-10-01T23:43:26	-940.04	4193.53	-1610.20	2.10	-5.52	8.02
2021-10-01T23:43:28	-950.96	4203.11	-1611.82	2.30	-5.52	7.89
2021-10-01T23:43:30	-961.87	4212.69	-1613.44	2.56	-5.51	7.81
2021-10-01T23:43:32	-972.79	4222.27	-1615.06	2.88	-5.49	7.73
2021-10-01T23:43:34	-983.70	4231.84	-1616.67	3.16	-5.47	7.59
2021-10-01T23:43:36	-994.62	4241.41	-1618.29	3.28	-5.44	7.34
2021-10-01T23:43:38	-1005.53	4250.98	-1619.90	3.39	-5.41	7.03
2021-10-01T23:43:40	-1016.44	4260.54	-1621.51	3.43	-5.38	6.68
2021-10-01T23:43:42	-1027.35	4270.10	-1623.12	3.44	-5.35	6.36
2021-10-01T23:43:44	-1038.26	4279.65	-1624.73	3.51	-5.34	6.03
2021-10-01T23:43:46	-1049.17	4289.20	-1626.34	3.62	-5.36	5.75
2021-10-01T23:43:48	-1060.08	4298.75	-1627.95	3.73	-5.50	5.60
2021-10-01T23:43:50	-1070.98	4308.29	-1629.55	3.81	-5.68	5.51
2021-10-01T23:43:52	-1081.89	4317.83	-1631.16	3.79	-5.91	5.46
2021-10-01T23:43:54	-1092.80	4327.37	-1632.76	3.80	-6.16	5.40
2021-10-01T23:43:56	-1103.70	4336.90	-1634.36	3.85	-6.43	5.33
2021-10-01T23:43:58	-1114.60	4346.43	-1635.96	3.93	-6.67	5.24
2021-10-01T23:44:00	-1125.51	4355.95	-1637.56	4.01	-6.83	5.18
2021-10-01T23:44:02	-1136.41	4365.47	-1639.16	4.04	-6.96	5.14
2021-10-01T23:44:04	-1147.31	4374.99	-1640.75	4.08	-7.07	5.18
2021-10-01T23:44:06	-1158.21	4384.51	-1642.35	4.14	-7.16	5.32
2021-10-01T23:44:08	-1169.11	4394.02	-1643.94	4.21	-7.23	5.55
2021-10-01T23:44:10	-1180.01	4403.53	-1645.53	4.27	-7.28	5.79
2021-10-01T23:44:12	-1190.90	4413.04	-1647.12	4.22	-7.15	5.76
2021-10-01T23:44:14	-1201.80	4422.54	-1648.71	4.14	-6.98	5.69
2021-10-01T23:44:16	-1212.69	4432.04	-1650.30	4.08	-6.87	5.62
2021-10-01T23:44:18	-1223.59	4441.53	-1651.89	4.03	-6.81	5.55
2021-10-01T23:44:20	-1234.48	4451.02	-1653.47	4.00	-6.80	5.49
2021-10-01T23:44:22	-1245.37	4460.51	-1655.06	3.93	-6.83	5.50
2021-10-01T23:44:24	-1256.26	4470.00	-1656.64	3.78	-6.90	5.64
2021-10-01T23:44:26	-1267.15	4479.48	-1658.22	3.66	-7.00	5.76
2021-10-01T23:44:28	-1278.04	4488.96	-1659.81	3.58	-7.14	5.85
2021-10-01T23:44:30	-1288.93	4498.43	-1661.39	3.54	-7.31	5.91
2021-10-01T23:44:32	-1299.82	4507.90	-1662.96	3.57	-7.52	5.91
2021-10-01T23:44:34	-1310.70	4517.37	-1664.54	3.75	-7.61	5.81
2021-10-01T23:44:36	-1321.59	4526.84	-1666.11	3.96	-7.59	5.78
2021-10-01T23:44:38	-1332.47	4536.30	-1667.69	4.14	-7.54	5.86
2021-10-01T23:44:40	-1343.36	4545.76	-1669.26	4.29	-7.46	6.04
2021-10-01T23:44:42	-1354.24	4555.22	-1670.84	4.40	-7.35	6.33
2021-10-01T23:44:44	-1365.12	4564.67	-1672.41	4.37	-7.36	6.71
2021-10-01T23:44:46	-1376.00	4574.12	-1673.98	4.25	-7.44	7.11
2021-10-01T23:44:48	-1386.88	4583.57	-1675.55	3.99	-7.55	7.55
2021-10-01T23:44:50	-1397.76	4593.01	-1677.12	3.81	-7.63	7.95
2021-10-01T23:44:52	-1408.64	4602.46	-1678.68	3.71	-7.65	8.30
2021-10-01T23:44:54	-1419.51	4611.90	-1680.25	3.75	-7.49	8.57
2021-10-01T23:44:56	-1430.39	4621.33	-1681.81	3.87	-7.17	8.75
2021-10-01T23:44:58	-1441.27	4630.76	-1683.38	4.06	-6.79	8.85
2021-10-01T23:45:00	-1452.14	4640.19	-1684.94	4.31	-6.43	8.82
2021-10-01T23:45:02	-1463.01	4649.62	-1686.50	4.52	-6.11	8.84
2021-10-01T23:45:04	-1473.88	4659.04	-1688.06	4.68	-5.81	8.90
2021-10-01T23:45:06	-1484.75	4668.46	-1689.62	4.81	-5.43	8.98
2021-10-01T23:45:08	-1495.62	4677.88	-1691.18	4.95	-5.02	9.09
2021-10-01T23:45:10	-1506.50	4687.29	-1692.74	5.10	-4.57	9.22
2021-10-01T23:45:12	-1517.36	4696.70	-1694.29	5.31	-4.07	9.49
2021-10-01T23:45:14	-1528.23	4706.11	-1695.85	5.51	-3.62	9.83
2021-10-01T23:45:16	-1539.10	4715.52	-1697.40	5.69	-3.28	10.05
2021-10-01T23:45:18	-1549.96	4724.92	-1698.95	5.84	-2.90	10.29
2021-10-01T23:45:20	-1560.82	4734.32	-1700.51	5.95	-2.48	10.53
2021-10-01T23:45:22	-1571.69	4743.72	-1702.06	6.03	-2.02	10.77
2021-10-01T23:45:24	-1582.55	4753.12	-1703.61	6.32	-1.69	10.72
2021-10-01T23:45:26	-1593.41	4762.51	-1705.15	6.72	-1.62	10.57
2021-10-01T23:45:28	-1604.27	4771.90	-1706.70	7.05	-1.59	10.45
2021-10-01T23:45:30	-1615.13	4781.28	-1708.25	7.29	-1.54	10.40
2021-10-01T23:45:32	-1625.99	4790.67	-1709.80	7.41	-1.47	10.43
2021-10-01T23:45:34	-1636.84	4800.05	-1711.34	7.43	-1.37	10.55
2021-10-01T23:45:36	-1647.70	4809.43	-1712.88	7.59	-1.17	10.72
2021-10-01T23:45:38	-1658.56	4818.80	-1714.43	7.87	-0.95	10.95
2021-10-01T23:45:40	-1669.41	4828.17	-1715.97	8.20	-0.79	11.15
2021-10-01T23:45:42	-1680.26	4837.54	-1717.51	8.59	-0.67	11.31
2021-10-01T23:45:44	-1691.12	4846.91	-1719.05	9.03	-0.60	11.44
2021-10-01T23:45:46	-1701.97	4856.28	-1720.59	9.37	-0.61	11.55
2021-10-01T23:45:48	-1712.82	4865.64	-1722.13	9.24	-0.68	11.62
