Time	POS_X	POS_Y	POS_Z	B_X	B_Y	B_Z
2021-10-01T23:23:36	4868.82	-2409.96	-87.23	33.40	-6.97	13.28
2021-10-01T23:23:38	4860.77	-2398.42	-90.39	33.27	-7.65	13.34
2021-10-01T23:23:40	4852.72	-2386.89	-93.55	33.11	-8.23	13.37
2021-10-01T23:23:42	4844.66	-2375.35	-96.71	32.97	-8.69	13.46
2021-10-01T23:23:44	4836.60	-2363.82	-99.87	32.84	-9.01	13.61
2021-10-01T23:23:46	4828.54	-2352.28	-103.02	32.72	-9.19	13.83
2021-10-01T23:23:48	4820.48	-2340.74	-106.18	32.89	-9.32	14.23
2021-10-01T23:23:50	4812.41	-2329.19	-109.34	33.32	-9.53	14.54
2021-10-01T23:23:52	4804.35	-2317.65	-112.50	33.73	-9.80	14.71
2021-10-01T23:23:54	4796.28	-2306.11	-115.65	34.11	-10.14	14.73
2021-10-01T23:23:56	4788.20	-2294.56	-118.81	34.45	-10.59	14.59
2021-10-01T23:23:58	4780.13	-2283.02	-121.97	34.58	-11.16	14.35
2021-10-01T23:24:00	4772.05	-2271.47	-125.12	34.57	-11.76	14.19
2021-10-01T23:24:02	4763.97	-2259.92	-128.28	34.49	-12.31	14.14
2021-10-01T23:24:04	4755.88	-2248.37	-131.44	34.27	-12.69	14.41
2021-10-01T23:24:06	4747.79	-2236.81	-134.59	34.08	-12.99	14.77
2021-10-01T23:24:08	4739.70	-2225.26	-137.75	34.04	-13.29	15.11
2021-10-01T23:24:10	4731.61	-2213.71	-140.91	34.12	-13.67	15.40
2021-10-01T23:24:12	4723.51	-2202.15	-144.06	34.23	-14.12	15.68
2021-10-01T23:24:14	4715.41	-2190.59	-147.22	34.35	-14.64	15.93
2021-10-01T23:24:16	4707.31	-2179.03	-150.37	34.46	-15.22	16.19
2021-10-01T23:24:18	4699.21	-2167.47	-153.53	34.37	-15.54	16.43
2021-10-01T23:24:20	4691.10	-2155.91	-156.69	34.31	-15.82	16.72
2021-10-01T23:24:22	4682.98	-2144.35	-159.84	34.32	-16.12	17.05
2021-10-01T23:24:24	4674.87	-2132.78	-163.00	34.40	-16.42	17.41
2021-10-01T23:24:26	4666.75	-2121.21	-166.15	34.56	-16.72	17.79
2021-10-01T23:24:28	4658.63	-2109.65	-169.31	34.76	-16.83	17.88
2021-10-01T23:24:30	4650.51	-2098.08	-172.46	35.03	-16.95	17.85
2021-10-01T23:24:32	4642.39	-2086.51	-175.62	35.20	-17.29	17.82
2021-10-01T23:24:34	4634.26	-2074.93	-178.77	35.45	-17.77	17.86
2021-10-01T23:24:36	4626.13	-2063.36	-181.93	35.80	-18.30	17.98
2021-10-01T23:24:38	4617.99	-2051.79	-185.09	36.05	-18.68	17.98
2021-10-01T23:24:40	4609.85	-2040.21	-188.24	36.23	-19.06	17.89
2021-10-01T23:24:42	4601.71	-2028.63	-191.40	36.36	-19.49	17.71
2021-10-01T23:24:44	4593.57	-2017.05	-194.55	36.46	-19.97	17.44
2021-10-01T23:24:46	4585.42	-2005.47	-197.70	36.55	-20.32	17.21
2021-10-01T23:24:48	4577.27	-1993.89	-200.86	36.87	-20.58	17.41
2021-10-01T23:24:50	4569.11	-1982.31	-204.01	37.20	-20.76	17.64
2021-10-01T23:24:52	4560.96	-1970.72	-207.17	37.52	-20.87	17.89
2021-10-01T23:24:54	4552.79	-1959.14	-210.32	37.81	-20.93	18.15
2021-10-01T23:24:56	4544.63	-1947.55	-213.47	38.06	-20.98	18.45
2021-10-01T23:24:58	4536.46	-1935.96	-216.63	38.07	-21.22	18.77
2021-10-01T23:25:00	4528.29	-1924.37	-219.78	38.07	-21.42	19.11
2021-10-01T23:25:02	4520.12	-1912.78	-222.93	38.13	-21.56	19.40
2021-10-01T23:25:04	4511.94	-1901.18	-226.09	38.22	-21.65	19.59
2021-10-01T23:25:06	4503.76	-1889.59	-229.24	38.34	-21.64	19.68
2021-10-01T23:25:08	4495.58	-1877.99	-232.39	38.26	-21.53	19.66
2021-10-01T23:25:10	4487.39	-1866.40	-235.55	38.22	-21.56	19.61
2021-10-01T23:25:12	4479.20	-1854.79	-238.70	38.15	-21.67	19.50
2021-10-01T23:25:14	4471.00	-1843.19	-241.85	37.98	-21.80	19.36
2021-10-01T23:25:16	4462.81	-1831.59	-245.00	37.81	-21.83	19.27
2021-10-01T23:25:18	4454.61	-1819.99	-248.15	38.15	-21.86	19.41
2021-10-01T23:25:20	4446.40	-1808.38	-251.31	38.52	-21.73	19.56
2021-10-01T23:25:22	4438.19	-1796.78	-254.46	38.92	-21.45	19.72
2021-10-01T23:25:24	4429.98	-1785.17	-257.61	39.39	-21.06	19.90
2021-10-01T23:25:26	4421.77	-1773.56	-260.76	39.91	-20.63	20.09
2021-10-01T23:25:28	4413.55	-1761.95	-263.91	40.52	-20.70	19.99
2021-10-01T23:25:30	4405.33	-1750.33	-267.06	41.06	-20.86	19.86
2021-10-01T23:25:32	4397.10	-1738.72	-270.21	41.51	-21.01	19.77
2021-10-01T23:25:34	4388.87	-1727.11	-273.36	41.90	-21.16	19.73
2021-10-01T23:25:36	4380.64	-1715.49	-276.51	42.14	-21.30	19.66
2021-10-01T23:25:38	4372.40	-1703.87	-279.66	42.17	-21.46	19.42
2021-10-01T23:25:40	4364.16	-1692.25	-282.81	42.21	-21.68	19.32
2021-10-01T23:25:42	4355.92	-1680.63	-285.96	42.27	-21.77	19.39
2021-10-01T23:25:44	4347.67	-1669.01	-289.11	42.31	-21.73	19.56
2021-10-01T23:25:46	4339.42	-1657.38	-292.26	42.55	-21.49	19.88
2021-10-01T23:25:48	4331.17	-1645.76	-295.41	42.99	-21.12	20.13
2021-10-01T23:25:50	4322.91	-1634.13	-298.55	43.40	-20.84	20.28
2021-10-01T23:25:52	4314.65	-1622.50	-301.70	43.77	-20.65	20.38
2021-10-01T23:25:54	4306.38	-1610.87	-304.85	44.11	-20.54	20.45
2021-10-01T23:25:56	4298.11	-1599.24	-308.00	44.47	-20.40	20.45
2021-10-01T23:25:58	4289.83	-1587.60	-311.14	44.74	-20.21	20.36
2021-10-01T23:26:00	4281.56	-1575.97	-314.29	44.96	-20.07	20.25
2021-10-01T23:26:02	4273.28	-1564.33	-317.44	45.17	-19.99	20.14
2021-10-01T23:26:04	4264.99	-1552.70	-320.58	45.38	-19.97	20.02
2021-10-01T23:26:06	4256.70	-1541.06	-323.73	45.58	-20.04	20.00
2021-10-01T23:26:08	4248.41	-1529.42	-326.87	45.79	-20.07	20.03
2021-10-01T23:26:10	4240.11	-1517.78	-330.02	45.99	-19.82	20.12
2021-10-01T23:26:12	4231.81	-1506.13	-333.16	46.25	-19.43	20.23
2021-10-01T23:26:14	4223.50	-1494.49	-336.31	46.58	-18.92	20.37
2021-10-01T23:26:16	4215.19	-1482.84	-339.45	46.87	-18.43	20.48
2021-10-01T23:26:18	4206.88	-1471.19	-342.60	47.02	-18.08	20.56
2021-10-01T23:26:20	4198.56	-1459.54	-345.74	47.06	-17.85	20.61
2021-10-01T23:26:22	4190.24	-1447.89	-348.89	47.04	-17.84	20.69
2021-10-01T23:26:24	4181.91	-1436.24	-352.03	47.00	-17.84	20.70
2021-10-01T23:26:26	4173.58	-1424.58	-355.17	47.30	-17.84	20.92
2021-10-01T23:26:28	4165.25	-1412.93	-358.31	47.80	-17.78	21.28
2021-10-01T23:26:30	4156.91	-1401.27	-361.45	48.38	-17.66	21.66
2021-10-01T23:26:32	4148.56	-1389.61	-364.60	49.02	-17.46	22.06
2021-10-01T23:26:34	4140.22	-1377.95	-367.74	49.72	-17.20	22.48
2021-10-01T23:26:36	4131.86	-1366.29	-370.88	49.97	-16.79	22.92
2021-10-01T23:26:38	4123.51	-1354.63	-374.02	49.94	-16.37	23.38
2021-10-01T23:26:40	4115.15	-1342.97	-377.16	49.90	-16.02	23.83
2021-10-01T23:26:42	4106.78	-1331.30	-380.30	49.88	-15.71	24.26
2021-10-01T23:26:44	4098.41	-1319.63	-383.44	49.89	-15.45	24.62
2021-10-01T23:26:46	4090.04	-1307.96	-386.57	50.18	-15.27	25.01
2021-10-01T23:26:48	4081.66	-1296.29	-389.71	50.45	-15.06	25.43
2021-10-01T23:26:50	4073.28	-1284.62	-392.85	50.64	-14.77	25.94
2021-10-01T23:26:52	4064.89	-1272.95	-395.99	50.76	-14.40	26.51
2021-10-01T23:26:54	4056.50	-1261.28	-399.13	50.84	-13.98	27.06
2021-10-01T23:26:56	4048.10	-1249.60	-402.26	51.08	-13.86	27.83
2021-10-01T23:26:58	4039.70	-1237.92	-405.40	51.34	-13.90	28.58
2021-10-01T23:27:00	4031.30	-1226.24	-408.53	51.61	-14.01	29.27
2021-10-01T23:27:02	4022.89	-1214.56	-411.67	51.86	-14.14	29.91
2021-10-01T23:27:04	4014.47	-1202.88	-414.80	52.10	-14.33	30.45
2021-10-01T23:27:06	4006.05	-1191.20	-417.94	52.36	-14.47	30.54
2021-10-01T23:27:08	3997.63	-1179.51	-421.07	52.61	-14.67	30.76
2021-10-01T23:27:10	3989.20	-1167.83	-424.21	52.81	-14.92	31.12
2021-10-01T23:27:12	3980.77	-1156.14	-427.34	52.94	-15.21	31.60
2021-10-01T23:27:14	3972.33	-1144.45	-430.47	53.01	-15.49	32.21
2021-10-01T23:27:16	3963.88	-1132.76	-433.60	53.19	-15.62	32.90
2021-10-01T23:27:18	3955.44	-1121.07	-436.73	53.45	-15.45	33.50
2021-10-01T23:27:20	3946.98	-1109.38	-439.86	53.76	-15.35	34.06
2021-10-01T23:27:22	3938.53	-1097.68	-442.99	54.11	-15.36	34.62
2021-10-01T23:27:24	3930.06	-1085.99	-446.12	54.52	-15.47	35.12
2021-10-01T23:27:26	3921.59	-1074.29	-449.25	54.96	-15.65	35.40
2021-10-01T23:27:28	3913.12	-1062.59	-452.38	55.34	-15.88	35.62
2021-10-01T23:27:30	3904.64	-1050.89	-455.51	55.63	-16.14	35.77
2021-10-01T23:27:32	3896.16	-1039.19	-458.63	55.90	-16.35	35.69
2021-10-01T23:27:34	3887.67	-1027.48	-461.76	56.37	-16.60	35.69
2021-10-01T23:27:36	3879.18	-1015.78	-464.89	57.14	-16.86	35.63
2021-10-01T23:27:38	3870.68	-1004.07	-468.01	57.99	-16.99	35.50
2021-10-01T23:27:40	3862.18	-992.37	-471.14	58.93	-17.02	35.30
2021-10-01T23:27:42	3853.67	-980.66	-474.26	59.97	-16.96	35.05
2021-10-01T23:27:44	3845.15	-968.95	-477.38	60.96	-16.91	35.01
2021-10-01T23:27:46	3836.63	-957.23	-480.51	61.67	-17.00	35.26
2021-10-01T23:27:48	3828.11	-945.52	-483.63	62.32	-17.08	35.59
2021-10-01T23:27:50	3819.58	-933.81	-486.75	62.91	-17.16	35.98
2021-10-01T23:27:52	3811.04	-922.09	-489.87	63.48	-17.26	36.41
2021-10-01T23:27:54	3802.50	-910.38	-492.99	63.94	-17.46	36.54
2021-10-01T23:27:56	3793.96	-898.66	-496.11	64.47	-17.72	36.49
2021-10-01T23:27:58	3785.41	-886.94	-499.23	65.16	-17.88	36.45
2021-10-01T23:28:00	3776.85	-875.22	-502.34	65.88	-17.94	36.33
2021-10-01T23:28:02	3768.28	-863.49	-505.46	66.56	-17.96	36.10
2021-10-01T23:28:04	3759.72	-851.77	-508.58	67.16	-17.88	36.25
2021-10-01T23:28:06	3751.14	-840.05	-511.69	67.70	-17.80	36.49
2021-10-01T23:28:08	3742.56	-828.32	-514.81	68.21	-17.72	36.64
2021-10-01T23:28:10	3733.98	-816.59	-517.92	68.71	-17.64	36.71
2021-10-01T23:28:12	3725.39	-804.87	-521.04	69.23	-17.58	36.97
2021-10-01T23:28:14	3716.79	-793.13	-524.15	69.84	-17.70	37.32
2021-10-01T23:28:16	3708.19	-781.41	-527.26	70.57	-17.94	37.63
2021-10-01T23:28:18	3699.58	-769.67	-530.37	71.39	-18.26	37.87
2021-10-01T23:28:20	3690.97	-757.94	-533.48	72.28	-18.65	38.07
2021-10-01T23:28:22	3682.35	-746.20	-536.59	73.23	-19.09	38.22
2021-10-01T23:28:24	3673.72	-734.47	-539.70	73.41	-18.91	38.29
2021-10-01T23:28:26	3665.09	-722.73	-542.80	73.47	-18.46	38.47
2021-10-01T23:28:28	3656.45	-710.99	-545.91	73.69	-18.09	38.72
2021-10-01T23:28:30	3647.80	-699.25	-549.02	74.05	-17.82	39.04
2021-10-01T23:28:32	3639.16	-687.51	-552.12	74.53	-17.62	39.47
2021-10-01T23:28:34	3630.50	-675.77	-555.22	74.95	-17.27	40.10
2021-10-01T23:28:36	3621.84	-664.02	-558.33	75.42	-16.94	40.70
2021-10-01T23:28:38	3613.17	-652.28	-561.43	75.73	-16.51	40.99
2021-10-01T23:28:40	3604.49	-640.53	-564.53	76.00	-16.14	41.10
2021-10-01T23:28:42	3595.82	-628.79	-567.63	76.22	-15.84	41.15
2021-10-01T23:28:44	3587.13	-617.04	-570.73	76.24	-15.51	41.28
2021-10-01T23:28:46	3578.44	-605.29	-573.83	76.27	-15.19	41.67
2021-10-01T23:28:48	3569.74	-593.54	-576.92	76.31	-14.79	42.27
2021-10-01T23:28:50	3561.03	-581.79	-580.02	76.40	-14.39	43.02
2021-10-01T23:28:52	3552.32	-570.04	-583.11	76.62	-14.28	42.99
2021-10-01T23:28:54	3543.60	-558.28	-586.21	76.82	-14.27	42.45
2021-10-01T23:28:56	3534.88	-546.53	-589.30	76.82	-14.25	42.03
2021-10-01T23:28:58	3526.14	-534.77	-592.39	76.61	-14.20	41.76
2021-10-01T23:29:00	3517.41	-523.02	-595.48	76.19	-14.09	41.65
2021-10-01T23:29:02	3508.66	-511.26	-598.57	76.27	-13.92	42.00
2021-10-01T23:29:04	3499.91	-499.50	-601.66	77.21	-13.60	42.74
2021-10-01T23:29:06	3491.15	-487.74	-604.74	78.16	-13.26	43.45
2021-10-01T23:29:08	3482.39	-475.98	-607.83	78.94	-12.97	44.08
2021-10-01T23:29:10	3473.62	-464.22	-610.92	79.57	-12.69	44.61
2021-10-01T23:29:12	3464.84	-452.46	-614.00	80.09	-12.52	45.03
2021-10-01T23:29:14	3456.06	-440.69	-617.08	80.71	-12.42	45.44
2021-10-01T23:29:16	3447.26	-428.93	-620.16	81.45	-12.35	45.87
2021-10-01T23:29:18	3438.47	-417.16	-623.24	82.35	-12.26	46.32
2021-10-01T23:29:20	3429.66	-405.40	-626.32	83.23	-12.21	46.73
2021-10-01T23:29:22	3420.85	-393.63	-629.40	83.91	-11.90	47.04
2021-10-01T23:29:24	3412.03	-381.86	-632.47	84.53	-11.41	47.19
2021-10-01T23:29:26	3403.20	-370.10	-635.55	85.11	-10.78	47.23
2021-10-01T23:29:28	3394.37	-358.33	-638.62	85.72	-10.07	47.14
2021-10-01T23:29:30	3385.53	-346.56	-641.69	86.47	-9.67	47.13
2021-10-01T23:29:32	3376.68	-334.79	-644.77	87.08	-9.84	47.44
2021-10-01T23:29:34	3367.82	-323.01	-647.83	87.61	-9.91	47.75
2021-10-01T23:29:36	3358.96	-311.24	-650.90	88.07	-9.89	48.06
2021-10-01T23:29:38	3350.09	-299.47	-653.97	88.47	-9.79	48.36
2021-10-01T23:29:40	3341.22	-287.70	-657.03	88.84	-9.63	48.67
2021-10-01T23:29:42	3332.33	-275.92	-660.10	89.40	-9.42	49.00
2021-10-01T23:29:44	3323.44	-264.15	-663.16	90.22	-9.10	49.33
2021-10-01T23:29:46	3314.54	-252.37	-666.22	90.99	-8.81	49.71
2021-10-01T23:29:48	3305.64	-240.59	-669.28	91.70	-8.55	50.11
2021-10-01T23:29:50	3296.72	-228.82	-672.33	92.41	-8.33	50.42
2021-10-01T23:29:52	3287.80	-217.04	-675.39	93.25	-8.13	50.38
2021-10-01T23:29:54	3278.87	-205.26	-678.44	94.10	-7.93	50.30
2021-10-01T23:29:56	3269.94	-193.48	-681.50	94.85	-7.59	50.09
2021-10-01T23:29:58	3260.99	-181.70	-684.55	95.57	-7.20	49.86
2021-10-01T23:30:00	3252.04	-169.92	-687.60	96.30	-6.77	49.69
2021-10-01T23:30:02	3243.08	-158.15	-690.65	97.07	-6.29	49.67
2021-10-01T23:30:04	3234.11	-146.37	-693.69	97.91	-5.86	49.77
2021-10-01T23:30:06	3225.14	-134.59	-696.74	98.81	-5.49	49.98
2021-10-01T23:30:08	3216.15	-122.81	-699.78	99.75	-5.18	50.28
2021-10-01T23:30:10	3207.17	-111.02	-702.82	100.53	-4.88	50.64
2021-10-01T23:30:12	3198.16	-99.24	-705.86	101.11	-4.52	51.02
2021-10-01T23:30:14	3189.16	-87.46	-708.90	101.66	-4.13	51.40
2021-10-01T23:30:16	3180.14	-75.68	-711.93	102.17	-3.71	51.80
2021-10-01T23:30:18	3171.12	-63.89	-714.97	102.64	-3.25	52.21
2021-10-01T23:30:20	3162.09	-52.11	-718.00	103.03	-2.93	52.52
2021-10-01T23:30:22	3153.05	-40.33	-721.03	103.56	-2.82	52.71
2021-10-01T23:30:24	3144.00	-28.55	-724.06	104.04	-2.71	52.83
2021-10-01T23:30:26	3134.95	-16.76	-727.09	104.48	-2.59	52.89
2021-10-01T23:30:28	3125.88	-4.98	-730.11	104.87	-2.45	52.87
2021-10-01T23:30:30	3116.81	6.80	-733.13	105.51	-2.21	53.02
2021-10-01T23:30:32	3107.73	18.59	-736.15	106.21	-1.93	53.25
2021-10-01T23:30:34	3098.64	30.37	-739.17	106.89	-1.67	53.56
2021-10-01T23:30:36	3089.55	42.15	-742.19	107.59	-1.42	53.95
2021-10-01T23:30:38	3080.44	53.93	-745.20	108.31	-1.18	54.40
2021-10-01T23:30:40	3071.33	65.72	-748.22	108.88	-0.95	55.05
2021-10-01T23:30:42	3062.20	77.50	-751.23	109.48	-0.69	55.68
2021-10-01T23:30:44	3053.07	89.28	-754.24	110.10	-0.40	56.27
2021-10-01T23:30:46	3043.93	101.06	-757.24	110.68	-0.07	56.79
2021-10-01T23:30:48	3034.78	112.85	-760.25	111.10	0.26	57.24
2021-10-01T23:30:50	3025.63	124.63	-763.25	111.32	0.49	57.62
2021-10-01T23:30:52	3016.46	136.41	-766.25	111.59	0.74	58.00
2021-10-01T23:30:54	3007.29	148.19	-769.24	111.88	1.02	58.40
2021-10-01T23:30:56	2998.10	159.97	-772.24	112.21	1.32	58.82
2021-10-01T23:30:58	2988.91	171.75	-775.23	112.72	1.62	59.43
2021-10-01T23:31:00	2979.71	183.53	-778.22	113.75	1.74	60.45
2021-10-01T23:31:02	2970.50	195.31	-781.21	114.64	1.80	61.46
2021-10-01T23:31:04	2961.28	207.09	-784.20	115.43	1.86	62.50
2021-10-01T23:31:06	2952.05	218.87	-787.18	116.10	1.97	63.62
2021-10-01T23:31:08	2942.82	230.64	-790.16	116.48	2.16	64.64
2021-10-01T23:31:10	2933.57	242.42	-793.14	116.72	2.35	65.53
2021-10-01T23:31:12	2924.32	254.20	-796.12	117.08	2.48	66.24
2021-10-01T23:31:14	2915.05	265.97	-799.09	117.10	2.70	66.81
2021-10-01T23:31:16	2905.78	277.75	-802.06	116.71	3.05	67.22
2021-10-01T23:31:18	2896.50	289.52	-805.03	116.12	3.03	67.26
2021-10-01T23:31:20	2887.21	301.29	-808.00	115.79	2.54	67.32
2021-10-01T23:31:22	2877.90	313.06	-810.96	115.63	1.95	67.62
2021-10-01T23:31:24	2868.59	324.83	-813.92	115.52	1.13	67.99
2021-10-01T23:31:26	2859.27	336.60	-816.88	115.05	0.54	68.31
2021-10-01T23:31:28	2849.95	348.37	-819.84	114.62	0.27	68.82
2021-10-01T23:31:30	2840.61	360.14	-822.79	114.46	0.09	69.56
2021-10-01T23:31:32	2831.26	371.90	-825.74	114.51	-0.09	70.47
2021-10-01T23:31:34	2821.90	383.67	-828.69	114.76	-0.30	71.51
2021-10-01T23:31:36	2812.54	395.44	-831.63	115.22	-0.41	72.41
2021-10-01T23:31:38	2803.16	407.20	-834.57	114.68	-0.16	72.44
2021-10-01T23:31:40	2793.77	418.96	-837.51	113.90	0.17	72.33
2021-10-01T23:31:42	2784.38	430.72	-840.45	113.10	0.54	72.30
2021-10-01T23:31:44	2774.97	442.48	-843.38	112.27	0.93	72.37
2021-10-01T23:31:46	2765.56	454.23	-846.31	111.43	1.32	72.61
2021-10-01T23:31:48	2756.14	465.99	-849.24	110.13	1.73	72.62
2021-10-01T23:31:50	2746.70	477.74	-852.16	108.73	2.01	72.32
2021-10-01T23:31:52	2737.26	489.49	-855.08	107.38	2.34	71.80
2021-10-01T23:31:54	2727.80	501.24	-858.00	106.08	2.73	71.03
2021-10-01T23:31:56	2718.34	512.99	-860.91	104.84	3.19	69.96
2021-10-01T23:31:58	2708.87	524.74	-863.83	104.06	3.63	68.81
2021-10-01T23:32:00	2699.38	536.48	-866.73	103.32	4.18	67.84
2021-10-01T23:32:02	2689.89	548.23	-869.64	102.39	4.76	66.91
2021-10-01T23:32:04	2680.39	559.97	-872.54	101.36	5.24	66.11
2021-10-01T23:32:06	2670.88	571.70	-875.44	100.37	5.85	65.44
2021-10-01T23:32:08	2661.35	583.44	-878.34	99.99	7.19	64.72
2021-10-01T23:32:10	2651.82	595.18	-881.23	99.92	8.60	63.87
2021-10-01T23:32:12	2642.28	606.91	-884.12	100.51	10.14	62.86
2021-10-01T23:32:14	2632.73	618.64	-887.00	101.64	11.81	61.56
2021-10-01T23:32:16	2623.16	630.37	-889.89	102.89	13.13	60.10
2021-10-01T23:32:18	2613.59	642.09	-892.76	103.84	13.61	58.95
2021-10-01T23:32:20	2604.01	653.82	-895.64	104.47	13.78	58.12
2021-10-01T23:32:22	2594.42	665.53	-898.51	104.85	13.68	57.65
2021-10-01T23:32:24	2584.81	677.25	-901.38	105.06	13.70	57.61
2021-10-01T23:32:26	2575.20	688.97	-904.25	106.00	14.87	57.76
2021-10-01T23:32:28	2565.58	700.68	-907.11	107.76	16.99	58.17
2021-10-01T23:32:30	2555.94	712.39	-909.96	109.91	19.37	58.89
2021-10-01T23:32:32	2546.30	724.10	-912.82	112.54	21.99	59.97
2021-10-01T23:32:34	2536.65	735.80	-915.67	115.78	24.78	61.45
2021-10-01T23:32:36	2526.98	747.50	-918.52	117.39	26.06	61.35
2021-10-01T23:32:38	2517.31	759.20	-921.36	117.38	26.30	60.01
2021-10-01T23:32:40	2507.62	770.89	-924.20	117.52	26.85	59.11
2021-10-01T23:32:42	2497.93	782.59	-927.03	117.80	27.57	58.61
2021-10-01T23:32:44	2488.23	794.27	-929.87	118.22	28.31	58.47
2021-10-01T23:32:46	2478.51	805.96	-932.69	119.12	28.98	59.00
2021-10-01T23:32:48	2468.79	817.64	-935.52	121.25	29.70	59.75
2021-10-01T23:32:50	2459.05	829.32	-938.34	123.49	30.41	60.30
2021-10-01T23:32:52	2449.31	840.99	-941.15	125.52	31.10	60.68
2021-10-01T23:32:54	2439.55	852.67	-943.97	127.49	31.83	60.97
2021-10-01T23:32:56	2429.78	864.34	-946.77	128.85	32.88	61.64
2021-10-01T23:32:58	2420.01	876.00	-949.58	129.68	34.12	62.42
2021-10-01T23:33:00	2410.22	887.66	-952.38	130.32	35.42	63.34
2021-10-01T23:33:02	2400.42	899.32	-955.17	131.31	36.81	63.91
2021-10-01T23:33:04	2390.61	910.97	-957.97	132.58	38.28	64.06
2021-10-01T23:33:06	2380.80	922.62	-960.75	133.80	39.26	64.40
2021-10-01T23:33:08	2370.97	934.26	-963.54	134.71	40.22	64.90
2021-10-01T23:33:10	2361.13	945.91	-966.32	135.46	41.28	65.55
2021-10-01T23:33:12	2351.28	957.54	-969.09	136.48	42.09	66.13
2021-10-01T23:33:14	2341.42	969.18	-971.86	137.32	42.78	66.47
2021-10-01T23:33:16	2331.55	980.80	-974.63	136.96	43.13	65.79
2021-10-01T23:33:18	2321.67	992.43	-977.39	136.90	43.49	65.51
2021-10-01T23:33:20	2311.79	1004.05	-980.15	137.16	43.95	65.61
2021-10-01T23:33:22	2301.89	1015.66	-982.90	137.61	44.68	66.09
2021-10-01T23:33:24	2291.97	1027.28	-985.65	138.17	46.10	66.91
2021-10-01T23:33:26	2282.05	1038.88	-988.40	138.79	48.19	67.50
2021-10-01T23:33:28	2272.12	1050.49	-991.14	139.29	49.93	67.89
2021-10-01T23:33:30	2262.18	1062.08	-993.87	139.67	51.30	68.12
2021-10-01T23:33:32	2252.23	1073.67	-996.61	139.95	52.33	68.23
2021-10-01T23:33:34	2242.27	1085.26	-999.33	139.99	53.26	68.41
2021-10-01T23:33:36	2232.30	1096.84	-1002.05	140.00	54.31	68.61
2021-10-01T23:33:38	2222.32	1108.42	-1004.77	140.26	55.26	68.69
2021-10-01T23:33:40	2212.33	1119.99	-1007.49	140.76	56.12	68.68
2021-10-01T23:33:42	2202.32	1131.56	-1010.19	141.50	56.89	68.62
2021-10-01T23:33:44	2192.31	1143.12	-1012.90	142.50	57.58	68.55
2021-10-01T23:33:46	2182.29	1154.68	-1015.60	142.91	58.72	68.79
2021-10-01T23:33:48	2172.26	1166.23	-1018.29	143.24	60.21	69.25
2021-10-01T23:33:50	2162.22	1177.78	-1020.98	143.79	61.85	69.81
2021-10-01T23:33:52	2152.16	1189.32	-1023.67	144.60	63.58	70.39
2021-10-01T23:33:54	2142.10	1200.86	-1026.35	145.55	65.25	70.86
2021-10-01T23:33:56	2132.03	1212.38	-1029.02	145.96	66.36	71.04
2021-10-01T23:33:58	2121.95	1223.91	-1031.69	145.64	67.33	71.22
2021-10-01T23:34:00	2111.85	1235.43	-1034.36	145.12	68.47	71.57
2021-10-01T23:34:02	2101.75	1246.94	-1037.02	144.57	69.80	72.13
2021-10-01T23:34:04	2091.64	1258.45	-1039.67	144.14	71.22	72.75
2021-10-01T23:34:06	2081.52	1269.95	-1042.32	144.35	72.46	73.19
2021-10-01T23:34:08	2071.39	1281.44	-1044.97	144.99	73.54	73.35
2021-10-01T23:34:10	2061.25	1292.93	-1047.61	145.31	74.39	73.24
2021-10-01T23:34:12	2051.10	1304.41	-1050.25	145.11	75.23	73.23
2021-10-01T23:34:14	2040.93	1315.89	-1052.88	144.60	76.16	73.27
2021-10-01T23:34:16	2030.76	1327.36	-1055.50	144.43	77.19	73.47
2021-10-01T23:34:18	2020.58	1338.83	-1058.13	144.48	78.12	73.88
2021-10-01T23:34:20	2010.39	1350.28	-1060.74	144.75	79.15	74.17
2021-10-01T23:34:22	2000.19	1361.73	-1063.35	144.68	80.24	74.17
2021-10-01T23:34:24	1989.99	1373.18	-1065.96	144.25	81.41	73.96
2021-10-01T23:34:26	1979.77	1384.62	-1068.56	143.82	82.61	73.81
2021-10-01T23:34:28	1969.54	1396.05	-1071.16	143.69	83.84	73.90
2021-10-01T23:34:30	1959.30	1407.47	-1073.75	143.83	84.98	74.17
2021-10-01T23:34:32	1949.06	1418.89	-1076.33	143.72	85.85	74.56
2021-10-01T23:34:34	1938.80	1430.31	-1078.91	143.36	86.83	75.01
2021-10-01T23:34:36	1928.54	1441.71	-1081.49	142.96	87.87	75.35
2021-10-01T23:34:38	1918.26	1453.11	-1084.06	142.70	88.74	75.73
2021-10-01T23:34:40	1907.98	1464.50	-1086.62	142.63	89.42	76.15
2021-10-01T23:34:42	1897.69	1475.89	-1089.18	142.67	89.99	76.23
2021-10-01T23:34:44	1887.39	1487.26	-1091.74	142.32	90.65	75.89
2021-10-01T23:34:46	1877.07	1498.63	-1094.29	141.95	91.94	75.25
2021-10-01T23:34:48	1866.76	1509.99	-1096.83	141.66	93.44	74.70
2021-10-01T23:34:50	1856.43	1521.35	-1099.37	141.46	95.09	74.22
2021-10-01T23:34:52	1846.09	1532.70	-1101.90	141.35	96.86	73.79
2021-10-01T23:34:54	1835.75	1544.04	-1104.43	141.57	98.34	73.55
2021-10-01T23:34:56	1825.39	1555.37	-1106.95	141.13	99.44	73.37
2021-10-01T23:34:58	1815.03	1566.70	-1109.47	140.61	100.59	73.16
2021-10-01T23:35:00	1804.66	1578.02	-1111.98	139.95	101.74	72.87
2021-10-01T23:35:02	1794.28	1589.33	-1114.49	139.10	102.87	72.44
2021-10-01T23:35:04	1783.89	1600.64	-1116.99	137.79	103.77	72.02
2021-10-01T23:35:06	1773.49	1611.93	-1119.49	136.74	104.21	71.96
2021-10-01T23:35:08	1763.08	1623.22	-1121.98	135.93	104.91	72.01
2021-10-01T23:35:10	1752.67	1634.50	-1124.47	135.36	105.83	72.17
2021-10-01T23:35:12	1742.25	1645.77	-1126.95	135.02	106.94	72.41
2021-10-01T23:35:14	1731.81	1657.04	-1129.42	134.87	108.17	72.71
2021-10-01T23:35:16	1721.38	1668.30	-1131.89	134.15	108.98	72.80
2021-10-01T23:35:18	1710.93	1679.55	-1134.36	133.36	109.70	72.81
2021-10-01T23:35:20	1700.48	1690.79	-1136.81	132.54	110.29	72.79
2021-10-01T23:35:22	1690.01	1702.02	-1139.27	131.69	110.70	72.76
2021-10-01T23:35:24	1679.54	1713.25	-1141.72	130.85	110.92	72.74
2021-10-01T23:35:26	1669.06	1724.47	-1144.16	130.23	111.19	72.26
2021-10-01T23:35:28	1658.58	1735.67	-1146.60	129.80	111.67	71.99
2021-10-01T23:35:30	1648.08	1746.88	-1149.03	129.54	112.34	71.97
2021-10-01T23:35:32	1637.58	1758.07	-1151.46	129.32	113.10	72.23
2021-10-01T23:35:34	1627.07	1769.26	-1153.88	129.09	113.90	72.70
2021-10-01T23:35:36	1616.55	1780.43	-1156.29	127.89	114.65	72.57
2021-10-01T23:35:38	1606.03	1791.60	-1158.70	126.54	115.11	71.55
2021-10-01T23:35:40	1595.49	1802.76	-1161.11	125.45	115.49	70.70
2021-10-01T23:35:42	1584.96	1813.92	-1163.51	124.62	115.81	70.02
2021-10-01T23:35:44	1574.41	1825.06	-1165.90	124.06	116.07	69.51
2021-10-01T23:35:46	1563.85	1836.20	-1168.29	124.29	117.00	69.31
2021-10-01T23:35:48	1553.29	1847.32	-1170.68	124.21	118.36	69.32
2021-10-01T23:35:50	1542.73	1858.44	-1173.05	123.77	119.29	69.20
2021-10-01T23:35:52	1532.15	1869.55	-1175.43	123.13	119.67	68.93
2021-10-01T23:35:54	1521.57	1880.65	-1177.80	122.30	119.50	68.53
2021-10-01T23:35:56	1510.98	1891.75	-1180.16	120.82	119.11	67.75
2021-10-01T23:35:58	1500.39	1902.83	-1182.51	119.14	119.09	66.91
2021-10-01T23:36:00	1489.78	1913.91	-1184.87	117.63	119.58	66.46
2021-10-01T23:36:02	1479.17	1924.98	-1187.21	116.20	120.12	66.32
2021-10-01T23:36:04	1468.56	1936.04	-1189.55	114.85	120.77	66.51
2021-10-01T23:36:06	1457.94	1947.09	-1191.89	113.84	121.26	66.80
2021-10-01T23:36:08	1447.31	1958.13	-1194.22	113.06	121.42	66.68
2021-10-01T23:36:10	1436.67	1969.17	-1196.55	112.30	121.10	66.48
2021-10-01T23:36:12	1426.03	1980.19	-1198.87	111.63	120.83	66.43
2021-10-01T23:36:14	1415.39	1991.21	-1201.18	111.11	120.70	66.58
2021-10-01T23:36:16	1404.73	2002.22	-1203.49	110.62	120.92	66.95
2021-10-01T23:36:18	1394.07	2013.21	-1205.79	109.91	121.63	67.15
2021-10-01T23:36:20	1383.41	2024.20	-1208.10	109.09	122.04	66.75
2021-10-01T23:36:22	1372.74	2035.19	-1210.39	108.30	122.05	66.11
2021-10-01T23:36:24	1362.06	2046.16	-1212.68	107.63	121.84	65.61
2021-10-01T23:36:26	1351.38	2057.12	-1214.96	107.02	121.48	65.30
2021-10-01T23:36:28	1340.69	2068.08	-1217.24	106.12	121.31	65.51
2021-10-01T23:36:30	1330.00	2079.03	-1219.51	105.11	121.37	65.85
2021-10-01T23:36:32	1319.29	2089.96	-1221.78	103.96	121.94	66.23
2021-10-01T23:36:34	1308.59	2100.90	-1224.04	103.05	122.28	66.49
2021-10-01T23:36:36	1297.88	2111.82	-1226.30	102.36	122.35	66.63
2021-10-01T23:36:38	1287.16	2122.73	-1228.55	101.70	122.58	66.29
2021-10-01T23:36:40	1276.44	2133.63	-1230.80	100.98	122.92	65.83
2021-10-01T23:36:42	1265.71	2144.53	-1233.04	99.95	123.21	65.04
2021-10-01T23:36:44	1254.98	2155.41	-1235.28	99.03	123.34	64.27
2021-10-01T23:36:46	1244.24	2166.29	-1237.51	98.25	123.28	63.59
2021-10-01T23:36:48	1233.50	2177.16	-1239.74	97.49	122.83	63.20
2021-10-01T23:36:50	1222.75	2188.01	-1241.96	96.63	122.21	62.98
2021-10-01T23:36:52	1212.00	2198.86	-1244.18	95.64	121.84	62.96
2021-10-01T23:36:54	1201.25	2209.71	-1246.39	94.62	121.65	63.04
2021-10-01T23:36:56	1190.49	2220.54	-1248.60	93.69	121.40	63.06
2021-10-01T23:36:58	1179.72	2231.36	-1250.80	92.96	121.27	63.10
2021-10-01T23:37:00	1168.95	2242.18	-1253.00	92.49	121.34	63.26
2021-10-01T23:37:02	1158.17	2252.99	-1255.19	92.05	121.36	63.44
2021-10-01T23:37:04	1147.39	2263.78	-1257.38	91.38	121.56	63.69
2021-10-01T23:37:06	1136.61	2274.57	-1259.56	90.94	121.83	63.98
2021-10-01T23:37:08	1125.82	2285.35	-1261.74	90.62	122.14	64.29
2021-10-01T23:37:10	1115.03	2296.13	-1263.92	89.30	121.92	64.09
2021-10-01T23:37:12	1104.23	2306.89	-1266.08	87.92	121.24	63.77
2021-10-01T23:37:14	1093.43	2317.64	-1268.25	86.33	120.59	63.00
2021-10-01T23:37:16	1082.62	2328.39	-1270.41	85.14	120.24	62.43
2021-10-01T23:37:18	1071.81	2339.13	-1272.56	84.36	120.13	62.09
2021-10-01T23:37:20	1061.00	2349.85	-1274.71	83.57	120.05	61.96
2021-10-01T23:37:22	1050.18	2360.57	-1276.85	82.65	119.61	61.87
2021-10-01T23:37:24	1039.36	2371.28	-1278.99	81.63	118.97	62.04
2021-10-01T23:37:26	1028.54	2381.98	-1281.13	80.85	118.38	62.37
2021-10-01T23:37:28	1017.71	2392.68	-1283.26	80.41	117.85	62.69
2021-10-01T23:37:30	1006.88	2403.36	-1285.38	80.16	117.63	62.94
2021-10-01T23:37:32	996.04	2414.04	-1287.51	79.76	117.70	62.97
2021-10-01T23:37:34	985.20	2424.71	-1289.62	79.03	117.58	62.76
2021-10-01T23:37:36	974.36	2435.37	-1291.74	77.72	117.36	62.38
2021-10-01T23:37:38	963.51	2446.02	-1293.84	76.35	117.08	62.10
2021-10-01T23:37:40	952.66	2456.66	-1295.94	74.95	116.78	61.94
2021-10-01T23:37:42	941.81	2467.29	-1298.04	73.69	116.53	61.98
2021-10-01T23:37:44	930.96	2477.92	-1300.14	72.56	116.44	62.07
2021-10-01T23:37:46	920.10	2488.54	-1302.23	72.00	116.08	62.22
2021-10-01T23:37:48	909.23	2499.14	-1304.31	71.50	115.65	62.33
2021-10-01T23:37:50	898.37	2509.74	-1306.39	71.03	115.13	62.40
2021-10-01T23:37:52	887.50	2520.33	-1308.47	70.38	114.53	62.53
2021-10-01T23:37:54	876.63	2530.92	-1310.54	69.43	114.00	62.64
2021-10-01T23:37:56	865.76	2541.49	-1312.61	68.55	113.60	62.99
2021-10-01T23:37:58	854.88	2552.06	-1314.67	67.77	113.32	63.44
2021-10-01T23:38:00	844.00	2562.62	-1316.73	67.05	113.12	63.89
2021-10-01T23:38:02	833.12	2573.17	-1318.79	66.47	112.93	64.28
2021-10-01T23:38:04	822.23	2583.71	-1320.84	66.01	112.50	64.52
2021-10-01T23:38:06	811.34	2594.24	-1322.88	65.14	111.77	64.67
2021-10-01T23:38:08	800.45	2604.77	-1324.92	64.21	110.92	64.76
2021-10-01T23:38:10	789.56	2615.28	-1326.96	63.44	110.17	64.83
2021-10-01T23:38:12	778.67	2625.79	-1328.99	62.82	109.50	64.87
2021-10-01T23:38:14	767.77	2636.29	-1331.02	62.58	109.23	64.82
2021-10-01T23:38:16	756.87	2646.78	-1333.05	62.38	109.11	64.67
2021-10-01T23:38:18	745.97	2657.27	-1335.07	61.97	108.70	64.30
2021-10-01T23:38:20	735.06	2667.74	-1337.09	61.28	108.08	63.93
2021-10-01T23:38:22	724.16	2678.21	-1339.10	60.34	107.26	63.58
2021-10-01T23:38:24	713.25	2688.67	-1341.11	59.27	106.25	63.34
2021-10-01T23:38:26	702.34	2699.12	-1343.12	58.35	105.21	63.35
2021-10-01T23:38:28	691.42	2709.57	-1345.11	57.87	104.74	63.61
2021-10-01T23:38:30	680.51	2720.00	-1347.11	57.42	104.49	63.85
2021-10-01T23:38:32	669.59	2730.43	-1349.10	56.99	104.45	64.07
2021-10-01T23:38:34	658.67	2740.85	-1351.09	56.57	104.59	64.23
2021-10-01T23:38:36	647.75	2751.26	-1353.08	56.11	104.38	64.08
2021-10-01T23:38:38	636.83	2761.67	-1355.06	55.61	103.70	63.93
2021-10-01T23:38:40	625.91	2772.06	-1357.04	55.00	102.93	63.85
2021-10-01T23:38:42	614.98	2782.45	-1359.01	54.25	102.15	63.81
2021-10-01T23:38:44	604.05	2792.83	-1360.98	53.36	101.38	63.79
2021-10-01T23:38:46	593.12	2803.21	-1362.95	52.53	100.70	63.84
2021-10-01T23:38:48	582.19	2813.57	-1364.91	52.16	100.09	63.97
2021-10-01T23:38:50	571.26	2823.93	-1366.87	51.82	99.46	64.02
2021-10-01T23:38:52	560.33	2834.28	-1368.82	51.36	98.84	63.99
2021-10-01T23:38:54	549.39	2844.62	-1370.77	50.79	98.22	63.88
2021-10-01T23:38:56	538.45	2854.96	-1372.72	50.11	97.61	63.68
2021-10-01T23:38:58	527.52	2865.28	-1374.66	49.58	97.00	63.81
2021-10-01T23:39:00	516.57	2875.60	-1376.60	49.02	96.55	64.41
2021-10-01T23:39:02	505.63	2885.92	-1378.54	48.35	96.27	65.09
2021-10-01T23:39:04	494.69	2896.22	-1380.47	47.59	96.12	65.82
2021-10-01T23:39:06	483.75	2906.52	-1382.40	46.76	96.10	66.57
2021-10-01T23:39:08	472.80	2916.81	-1384.33	45.94	95.94	67.10
2021-10-01T23:39:10	461.86	2927.09	-1386.25	45.67	94.91	66.80
2021-10-01T23:39:12	450.91	2937.37	-1388.17	45.38	93.98	66.48
2021-10-01T23:39:14	439.96	2947.64	-1390.09	45.06	93.15	66.14
2021-10-01T23:39:16	429.01	2957.90	-1392.00	44.71	92.43	65.79
2021-10-01T23:39:18	418.06	2968.15	-1393.91	44.30	91.83	65.41
2021-10-01T23:39:20	407.11	2978.40	-1395.81	43.76	91.01	65.72
2021-10-01T23:39:22	396.16	2988.64	-1397.71	43.25	90.21	66.14
2021-10-01T23:39:24	385.21	2998.87	-1399.61	42.76	89.46	66.52
2021-10-01T23:39:26	374.25	3009.09	-1401.51	42.26	88.73	66.85
2021-10-01T23:39:28	363.30	3019.31	-1403.40	41.77	88.03	67.16
2021-10-01T23:39:30	352.34	3029.52	-1405.29	41.32	87.48	67.41
2021-10-01T23:39:32	341.39	3039.73	-1407.17	41.07	87.19	67.57
2021-10-01T23:39:34	330.43	3049.92	-1409.06	40.85	86.83	67.75
2021-10-01T23:39:36	319.47	3060.11	-1410.93	40.66	86.40	67.96
2021-10-01T23:39:38	308.51	3070.30	-1412.81	40.52	85.89	68.19
2021-10-01T23:39:40	297.56	3080.47	-1414.68	40.48	85.24	68.34
2021-10-01T23:39:42	286.60	3090.64	-1416.55	40.25	84.52	68.26
2021-10-01T23:39:44	275.63	3100.81	-1418.42	39.77	83.88	68.10
2021-10-01T23:39:46	264.67	3110.96	-1420.28	39.23	83.26	67.91
2021-10-01T23:39:48	253.71	3121.11	-1422.14	38.66	82.64	67.70
2021-10-01T23:39:50	242.75	3131.25	-1424.00	38.08	82.03	67.50
2021-10-01T23:39:52	231.79	3141.39	-1425.85	37.65	81.37	67.45
2021-10-01T23:39:54	220.82	3151.52	-1427.70	37.21	80.65	67.73
2021-10-01T23:39:56	209.86	3161.64	-1429.55	36.66	79.92	67.92
2021-10-01T23:39:58	198.90	3171.76	-1431.39	35.98	79.21	67.95
2021-10-01T23:40:00	187.93	3181.86	-1433.23	35.15	78.49	67.86
2021-10-01T23:40:02	176.97	3191.97	-1435.07	34.38	77.86	68.13
2021-10-01T23:40:04	166.00	3202.06	-1436.91	33.74	77.29	68.53
2021-10-01T23:40:06	155.04	3212.15	-1438.74	33.40	76.85	69.21
2021-10-01T23:40:08	144.07	3222.24	-1440.57	33.08	76.53	69.74
2021-10-01T23:40:10	133.11	3232.31	-1442.40	32.77	76.32	70.12
2021-10-01T23:40:12	122.14	3242.38	-1444.22	32.31	75.82	70.25
2021-10-01T23:40:14	111.18	3252.45	-1446.04	31.68	75.19	70.26
2021-10-01T23:40:16	100.21	3262.50	-1447.86	31.11	74.30	70.29
2021-10-01T23:40:18	89.24	3272.55	-1449.68	30.64	73.42	70.52
2021-10-01T23:40:20	78.28	3282.60	-1451.49	30.16	72.74	70.91
2021-10-01T23:40:22	67.31	3292.64	-1453.30	29.84	72.13	71.42
2021-10-01T23:40:24	56.34	3302.67	-1455.11	29.65	71.41	71.93
2021-10-01T23:40:26	45.38	3312.70	-1456.91	29.49	70.63	72.42
2021-10-01T23:40:28	34.41	3322.72	-1458.71	29.23	69.85	72.55
2021-10-01T23:40:30	23.44	3332.73	-1460.52	28.95	69.19	72.80
2021-10-01T23:40:32	12.48	3342.74	-1462.31	28.55	68.76	72.87
2021-10-01T23:40:34	1.51	3352.75	-1464.10	27.96	68.44	72.41
2021-10-01T23:40:36	-9.46	3362.74	-1465.90	27.35	67.95	71.94
2021-10-01T23:40:38	-20.43	3372.73	-1467.69	26.76	67.38	71.44
2021-10-01T23:40:40	-31.39	3382.72	-1469.47	26.38	67.27	70.98
2021-10-01T23:40:42	-42.36	3392.70	-1471.26	26.20	67.45	70.72
2021-10-01T23:40:44	-53.33	3402.67	-1473.04	26.42	68.06	70.76
2021-10-01T23:40:46	-64.29	3412.64	-1474.81	26.74	68.82	70.97
2021-10-01T23:40:48	-75.26	3422.60	-1476.59	27.14	69.70	71.36
2021-10-01T23:40:50	-86.22	3432.55	-1478.36	27.63	70.72	71.97
2021-10-01T23:40:52	-97.19	3442.50	-1480.14	28.21	71.78	72.65
2021-10-01T23:40:54	-108.16	3452.45	-1481.90	28.77	72.46	72.82
2021-10-01T23:40:56	-119.12	3462.38	-1483.67	29.25	72.89	72.89
2021-10-01T23:40:58	-130.09	3472.32	-1485.43	29.63	73.09	72.89
2021-10-01T23:41:00	-141.05	3482.24	-1487.19	29.92	73.07	72.85
2021-10-01T23:41:02	-152.02	3492.16	-1488.95	29.95	72.86	72.52
2021-10-01T23:41:04	-162.98	3502.08	-1490.71	29.54	72.31	72.41
2021-10-01T23:41:06	-173.95	3511.99	-1492.46	29.10	71.81	72.60
2021-10-01T23:41:08	-184.91	3521.89	-1494.21	28.76	71.44	73.07
2021-10-01T23:41:10	-195.88	3531.79	-1495.96	28.50	71.18	73.83
2021-10-01T23:41:12	-206.84	3541.69	-1497.71	28.33	70.98	74.90
2021-10-01T23:41:14	-217.80	3551.58	-1499.46	26.51	68.55	73.63
2021-10-01T23:41:16	-228.76	3561.46	-1501.20	24.30	65.25	71.61
2021-10-01T23:41:18	-239.73	3571.34	-1502.94	22.33	61.87	69.69
2021-10-01T23:41:20	-250.69	3581.21	-1504.67	20.54	58.44	67.90
2021-10-01T23:41:22	-261.65	3591.07	-1506.41	18.89	54.98	66.26
2021-10-01T23:41:24	-272.61	3600.93	-1508.14	16.99	51.41	64.76
2021-10-01T23:41:26	-283.57	3610.79	-1509.87	14.19	47.88	63.67
2021-10-01T23:41:28	-294.53	3620.64	-1511.60	11.47	44.29	62.70
2021-10-01T23:41:30	-305.49	3630.49	-1513.33	8.80	40.61	61.89
2021-10-01T23:41:32	-316.45	3640.33	-1515.05	6.18	36.86	61.26
2021-10-01T23:41:34	-327.41	3650.16	-1516.78	3.67	33.08	60.76
2021-10-01T23:41:36	-338.37	3660.00	-1518.50	2.34	30.04	59.10
2021-10-01T23:41:38	-349.33	3669.82	-1520.22	1.71	27.23	56.79
2021-10-01T23:41:40	-360.28	3679.64	-1521.93	1.09	24.49	54.83
2021-10-01T23:41:42	-371.24	3689.46	-1523.65	0.43	21.79	53.26
2021-10-01T23:41:44	-382.19	3699.26	-1525.36	-0.30	19.14	52.13
2021-10-01T23:41:46	-393.15	3709.07	-1527.07	-0.73	17.14	50.62
2021-10-01T23:41:48	-404.11	3718.87	-1528.77	-1.26	15.64	48.82
2021-10-01T23:41:50	-415.06	3728.67	-1530.48	-2.02	14.40	47.18
2021-10-01T23:41:52	-426.01	3738.46	-1532.18	-2.69	13.24	45.81
2021-10-01T23:41:54	-436.97	3748.24	-1533.88	-3.30	12.14	44.71
2021-10-01T23:41:56	-447.92	3758.02	-1535.58	-3.58	11.03	43.74
2021-10-01T23:41:58	-458.87	3767.80	-1537.28	-3.47	9.88	42.51
2021-10-01T23:42:00	-469.82	3777.57	-1538.98	-3.33	8.77	40.64
2021-10-01T23:42:02	-480.78	3787.34	-1540.67	-3.34	7.76	38.53
2021-10-01T23:42:04	-491.72	3797.10	-1542.36	-3.44	6.82	36.41
2021-10-01T23:42:06	-502.67	3806.85	-1544.05	-3.82	5.78	34.47
2021-10-01T23:42:08	-513.62	3816.61	-1545.74	-4.45	4.44	32.81
2021-10-01T23:42:10	-524.57	3826.35	-1547.43	-4.99	3.02	31.12
2021-10-01T23:42:12	-535.52	3836.09	-1549.11	-5.16	1.84	29.53
2021-10-01T23:42:14	-546.46	3845.84	-1550.79	-5.26	0.74	28.19
2021-10-01T23:42:16	-557.41	3855.57	-1552.47	-5.43	-0.28	26.94
2021-10-01T23:42:18	-568.36	3865.30	-1554.15	-5.70	-0.96	25.31
2021-10-01T23:42:20	-579.30	3875.02	-1555.83	-5.84	-1.63	23.76
2021-10-01T23:42:22	-590.25	3884.74	-1557.50	-5.86	-2.29	22.28
2021-10-01T23:42:24	-601.19	3894.46	-1559.18	-5.88	-2.59	20.95
2021-10-01T23:42:26	-612.13	3904.17	-1560.85	-5.85	-2.75	19.76
2021-10-01T23:42:28	-623.07	3913.87	-1562.52	-5.90	-2.64	18.80
2021-10-01T23:42:30	-634.01	3923.58	-1564.18	-5.95	-2.57	17.82
2021-10-01T23:42:32	-644.95	3933.27	-1565.85	-6.00	-2.53	16.82
2021-10-01T23:42:34	-655.89	3942.97	-1567.51	-6.04	-2.50	15.81
2021-10-01T23:42:36	-666.83	3952.66	-1569.18	-5.98	-2.61	15.02
2021-10-01T23:42:38	-677.77	3962.34	-1570.84	-5.84	-2.81	14.29
2021-10-01T23:42:40	-688.71	3972.02	-1572.49	-5.67	-3.07	13.58
2021-10-01T23:42:42	-699.65	3981.70	-1574.15	-5.52	-3.33	12.90
2021-10-01T23:42:44	-710.58	3991.37	-1575.81	-5.39	-3.60	12.23
2021-10-01T23:42:46	-721.52	4001.04	-1577.46	-5.26	-3.86	11.61
2021-10-01T23:42:48	-732.45	4010.70	-1579.11	-4.85	-4.11	11.28
2021-10-01T23:42:50	-743.38	4020.36	-1580.76	-4.34	-4.35	11.02
2021-10-01T23:42:52	-754.31	4030.01	-1582.41	-3.84	-4.58	10.72
2021-10-01T23:42:54	-765.25	4039.66	-1584.06	-3.34	-4.79	10.40
2021-10-01T23:42:56	-776.18	4049.31	-1585.70	-2.86	-4.98	10.03
2021-10-01T23:42:58	-787.11	4058.95	-1587.35	-2.45	-5.13	9.69
2021-10-01T23:43:00	-798.04	4068.59	-1588.99	-2.25	-5.18	9.56
2021-10-01T23:43:02	-808.96	4078.23	-1590.63	-2.08	-5.22	9.45
2021-10-01T23:43:04	-819.89	4087.86	-1592.27	-1.95	-5.24	9.37
2021-10-01T23:43:06	-830.82	4097.48	-1593.91	-1.86	-5.24	9.32
2021-10-01T23:43:08	-841.74	4107.11	-1595.55	-1.80	-5.24	9.28
2021-10-01T23:43:10	-852.67	4116.72	-1597.18	-1.51	-5.41	9.25
2021-10-01T23:43:12	-863.59	4126.34	-1598.81	-1.08	-5.60	9.04
2021-10-01T23:43:14	-874.52	4135.95	-1600.44	-0.70	-5.77	8.76
2021-10-01T23:43:16	-885.44	4145.56	-1602.07	-0.38	-5.91	8.41
2021-10-01T23:43:18	-896.36	4155.16	-1603.70	-0.12	-6.02	7.97
2021-10-01T23:43:20	-907.28	4164.76	-1605.33	0.13	-6.24	7.81
2021-10-01T23:43:22	-918.20	4174.35	-1606.95	0.35	-6.49	7.91
2021-10-01T23:43:24	-929.12	4183.94	-1608.58	0.45	-6.70	8.16
2021-10-01T23:43:26	-940.04	4193.53	-1610.20	0.50	-6.88	8.35
2021-10-01T23:43:28	-950.96	4203.11	-1611.82	0.50	-7.06	8.46
2021-10-01T23:43:30	-961.87	4212.69	-1613.44	0.48	-7.22	8.37
2021-10-01T23:43:32	-972.79	4222.27	-1615.06	0.49	-7.41	8.19
2021-10-01T23:43:34	-983.70	4231.84	-1616.67	0.52	-7.63	8.08
2021-10-01T23:43:36	-994.62	4241.41	-1618.29	0.60	-7.76	8.05
2021-10-01T23:43:38	-1005.53	4250.98	-1619.90	0.71	-7.83	8.07
2021-10-01T23:43:40	-1016.44	4260.54	-1621.51	0.82	-7.84	8.13
2021-10-01T23:43:42	-1027.35	4270.10	-1623.12	0.85	-7.82	8.19
2021-10-01T23:43:44	-1038.26	4279.65	-1624.73	0.89	-7.82	8.29
2021-10-01T23:43:46	-1049.17	4289.20	-1626.34	0.94	-7.87	8.37
2021-10-01T23:43:48	-1060.08	4298.75	-1627.95	1.01	-7.98	8.36
2021-10-01T23:43:50	-1070.98	4308.29	-1629.55	1.11	-8.11	8.33
2021-10-01T23:43:52	-1081.89	4317.83	-1631.16	1.29	-8.12	8.28
2021-10-01T23:43:54	-1092.80	4327.37	-1632.76	1.48	-8.11	8.17
2021-10-01T23:43:56	-1103.70	4336.90	-1634.36	1.67	-8.05	8.01
2021-10-01T23:43:58	-1114.60	4346.43	-1635.96	1.84	-8.02	7.83
2021-10-01T23:44:00	-1125.51	4355.95	-1637.56	1.93	-8.09	7.75
2021-10-01T23:44:02	-1136.41	4365.47	-1639.16	2.00	-8.20	7.80
2021-10-01T23:44:04	-1147.31	4374.99	-1640.75	2.03	-8.28	7.90
2021-10-01T23:44:06	-1158.21	4384.51	-1642.35	2.02	-8.30	8.02
2021-10-01T23:44:08	-1169.11	4394.02	-1643.94	1.97	-8.27	8.16
2021-10-01T23:44:10	-1180.01	4403.53	-1645.53	1.89	-8.19	8.34
2021-10-01T23:44:12	-1190.90	4413.04	-1647.12	1.91	-8.33	8.60
2021-10-01T23:44:14	-1201.80	4422.54	-1648.71	2.00	-8.58	8.90
2021-10-01T23:44:16	-1212.69	4432.04	-1650.30	2.17	-8.77	9.20
2021-10-01T23:44:18	-1223.59	4441.53	-1651.89	2.40	-8.92	9.51
2021-10-01T23:44:20	-1234.48	4451.02	-1653.47	2.70	-8.99	9.83
2021-10-01T23:44:22	-1245.37	4460.51	-1655.06	2.94	-9.00	10.00
2021-10-01T23:44:24	-1256.26	4470.00	-1656.64	2.98	-8.98	9.92
2021-10-01T23:44:26	-1267.15	4479.48	-1658.22	3.04	-8.96	9.94
2021-10-01T23:44:28	-1278.04	4488.96	-1659.81	3.12	-8.94	10.06
2021-10-01T23:44:30	-1288.93	4498.43	-1661.39	3.23	-8.90	10.29
2021-10-01T23:44:32	-1299.82	4507.90	-1662.96	3.36	-8.76	10.64
2021-10-01T23:44:34	-1310.70	4517.37	-1664.54	3.51	-8.26	11.02
2021-10-01T23:44:36	-1321.59	4526.84	-1666.11	3.70	-7.71	11.24
2021-10-01T23:44:38	-1332.47	4536.30	-1667.69	3.89	-7.21	11.44
2021-10-01T23:44:40	-1343.36	4545.76	-1669.26	4.09	-6.78	11.62
2021-10-01T23:44:42	-1354.24	4555.22	-1670.84	4.29	-6.41	11.78
2021-10-01T23:44:44	-1365.12	4564.67	-1672.41	4.47	-5.90	11.78
2021-10-01T23:44:46	-1376.00	4574.12	-1673.98	4.53	-5.38	11.72
2021-10-01T23:44:48	-1386.88	4583.57	-1675.55	4.54	-4.96	11.76
2021-10-01T23:44:50	-1397.76	4593.01	-1677.12	4.57	-4.67	11.87
2021-10-01T23:44:52	-1408.64	4602.46	-1678.68	4.64	-4.49	12.04
2021-10-01T23:44:54	-1419.51	4611.90	-1680.25	4.55	-4.44	12.37
2021-10-01T23:44:56	-1430.39	4621.33	-1681.81	4.34	-4.42	12.74
2021-10-01T23:44:58	-1441.27	4630.76	-1683.38	4.11	-4.40	13.04
2021-10-01T23:45:00	-1452.14	4640.19	-1684.94	3.94	-4.31	13.10
2021-10-01T23:45:02	-1463.01	4649.62	-1686.50	3.88	-4.16	13.09
2021-10-01T23:45:04	-1473.88	4659.04	-1688.06	3.97	-3.93	12.89
2021-10-01T23:45:06	-1484.75	4668.46	-1689.62	4.21	-3.60	12.40
2021-10-01T23:45:08	-1495.62	4677.88	-1691.18	4.48	-3.24	11.88
2021-10-01T23:45:10	-1506.50	4687.29	-1692.74	4.76	-2.87	11.33
2021-10-01T23:45:12	-1517.36	4696.70	-1694.29	4.98	-2.57	10.76
2021-10-01T23:45:14	-1528.23	4706.11	-1695.85	5.20	-2.29	10.26
2021-10-01T23:45:16	-1539.10	4715.52	-1697.40	5.30	-2.25	10.01
2021-10-01T23:45:18	-1549.96	4724.92	-1698.95	5.39	-2.24	9.81
2021-10-01T23:45:20	-1560.82	4734.32	-1700.51	5.48	-2.25	9.68
2021-10-01T23:45:22	-1571.69	4743.72	-1702.06	5.57	-2.27	9.60
2021-10-01T23:45:24	-1582.55	4753.12	-1703.61	5.61	-2.25	9.61
2021-10-01T23:45:26	-1593.41	4762.51	-1705.15	5.79	-2.24	9.65
2021-10-01T23:45:28	-1604.27	4771.90	-1706.70	6.02	-2.24	9.65
2021-10-01T23:45:30	-1615.13	4781.28	-1708.25	6.27	-2.24	9.59
2021-10-01T23:45:32	-1625.99	4790.67	-1709.80	6.55	-2.25	9.48
2021-10-01T23:45:34	-1636.84	4800.05	-1711.34	6.85	-2.27	9.31
2021-10-01T23:45:36	-1647.70	4809.43	-1712.88	7.04	-2.06	9.16
2021-10-01T23:45:38	-1658.56	4818.80	-1714.43	7.25	-1.76	9.10
2021-10-01T23:45:40	-1669.41	4828.17	-1715.97	7.53	-1.46	9.06
2021-10-01T23:45:42	-1680.26	4837.54	-1717.51	7.88	-1.17	9.05
2021-10-01T23:45:44	-1691.12	4846.91	-1719.05	8.29	-0.89	9.04
2021-10-01T23:45:46	-1701.97	4856.28	-1720.59	8.67	-0.61	8.94
2021-10-01T23:45:48	-1712.82	4865.64	-1722.13	8.78	-0.39	8.50
