Time	POS_X	POS_Y	POS_Z	B_X	B_Y	B_Z
2021-10-01T23:23:36	4868.82	-2409.96	-87.23	76.72	-14.63	-2.18
2021-10-01T23:23:38	4860.77	-2398.42	-90.39	77.61	-14.82	-2.20
2021-10-01T23:23:40	4852.72	-2386.89	-93.55	78.30	-14.92	-2.40
2021-10-01T23:23:42	4844.66	-2375.35	-96.71	78.73	-15.02	-2.66
2021-10-01T23:23:44	4836.60	-2363.82	-99.87	78.91	-15.09	-2.97
2021-10-01T23:23:46	4828.54	-2352.28	-103.02	78.87	-15.13	-3.33
2021-10-01T23:23:48	4820.48	-2340.74	-106.18	78.69	-15.16	-3.53
2021-10-01T23:23:50	4812.41	-2329.19	-109.34	78.55	-15.04	-3.56
2021-10-01T23:23:52	4804.35	-2317.65	-112.50	78.20	-14.87	-3.54
2021-10-01T23:23:54	4796.28	-2306.11	-115.65	77.63	-14.64	-3.49
2021-10-01T23:23:56	4788.20	-2294.56	-118.81	76.95	-14.48	-3.39
2021-10-01T23:23:58	4780.13	-2283.02	-121.97	76.68	-14.71	-3.31
2021-10-01T23:24:00	4772.05	-2271.47	-125.12	76.63	-15.09	-3.32
2021-10-01T23:24:02	4763.97	-2259.92	-128.28	76.63	-15.48	-3.39
2021-10-01T23:24:04	4755.88	-2248.37	-131.44	76.71	-15.84	-3.59
2021-10-01T23:24:06	4747.79	-2236.81	-134.59	76.82	-16.13	-3.81
2021-10-01T23:24:08	4739.70	-2225.26	-137.75	76.91	-16.36	-4.08
2021-10-01T23:24:10	4731.61	-2213.71	-140.91	76.96	-16.56	-4.36
2021-10-01T23:24:12	4723.51	-2202.15	-144.06	76.98	-16.75	-4.62
2021-10-01T23:24:14	4715.41	-2190.59	-147.22	76.99	-16.93	-4.87
2021-10-01T23:24:16	4707.31	-2179.03	-150.37	76.98	-17.10	-5.12
2021-10-01T23:24:18	4699.21	-2167.47	-153.53	77.04	-17.24	-5.42
2021-10-01T23:24:20	4691.10	-2155.91	-156.69	77.08	-17.34	-5.70
2021-10-01T23:24:22	4682.98	-2144.35	-159.84	77.08	-17.42	-5.93
2021-10-01T23:24:24	4674.87	-2132.78	-163.00	77.04	-17.50	-6.11
2021-10-01T23:24:26	4666.75	-2121.21	-166.15	76.96	-17.59	-6.26
2021-10-01T23:24:28	4658.63	-2109.65	-169.31	76.92	-17.58	-6.40
2021-10-01T23:24:30	4650.51	-2098.08	-172.46	76.91	-17.54	-6.56
2021-10-01T23:24:32	4642.39	-2086.51	-175.62	76.87	-17.47	-6.70
2021-10-01T23:24:34	4634.26	-2074.93	-178.77	76.76	-17.36	-6.81
2021-10-01T23:24:36	4626.13	-2063.36	-181.93	76.64	-17.26	-6.90
2021-10-01T23:24:38	4617.99	-2051.79	-185.09	76.49	-17.18	-7.05
2021-10-01T23:24:40	4609.85	-2040.21	-188.24	76.35	-17.11	-7.19
2021-10-01T23:24:42	4601.71	-2028.63	-191.40	76.23	-17.03	-7.30
2021-10-01T23:24:44	4593.57	-2017.05	-194.55	76.12	-16.97	-7.39
2021-10-01T23:24:46	4585.42	-2005.47	-197.70	76.01	-16.86	-7.48
2021-10-01T23:24:48	4577.27	-1993.89	-200.86	75.91	-16.65	-7.57
2021-10-01T23:24:50	4569.11	-1982.31	-204.01	75.83	-16.45	-7.66
2021-10-01T23:24:52	4560.96	-1970.72	-207.17	75.76	-16.28	-7.74
2021-10-01T23:24:54	4552.79	-1959.14	-210.32	75.71	-16.12	-7.82
2021-10-01T23:24:56	4544.63	-1947.55	-213.47	75.66	-15.98	-7.88
2021-10-01T23:24:58	4536.46	-1935.96	-216.63	75.58	-15.80	-7.96
2021-10-01T23:25:00	4528.29	-1924.37	-219.78	75.47	-15.61	-8.04
2021-10-01T23:25:02	4520.12	-1912.78	-222.93	75.39	-15.44	-8.10
2021-10-01T23:25:04	4511.94	-1901.18	-226.09	75.34	-15.27	-8.14
2021-10-01T23:25:06	4503.76	-1889.59	-229.24	75.32	-15.12	-8.14
2021-10-01T23:25:08	4495.58	-1877.99	-232.39	75.42	-14.91	-8.17
2021-10-01T23:25:10	4487.39	-1866.40	-235.55	75.55	-14.67	-8.21
2021-10-01T23:25:12	4479.20	-1854.79	-238.70	75.68	-14.42	-8.24
2021-10-01T23:25:14	4471.00	-1843.19	-241.85	75.81	-14.18	-8.27
2021-10-01T23:25:16	4462.81	-1831.59	-245.00	75.92	-13.95	-8.27
2021-10-01T23:25:18	4454.61	-1819.99	-248.15	76.00	-13.72	-8.25
2021-10-01T23:25:20	4446.40	-1808.38	-251.31	76.09	-13.48	-8.22
2021-10-01T23:25:22	4438.19	-1796.78	-254.46	76.19	-13.23	-8.17
2021-10-01T23:25:24	4429.98	-1785.17	-257.61	76.28	-12.98	-8.11
2021-10-01T23:25:26	4421.77	-1773.56	-260.76	76.37	-12.72	-8.03
2021-10-01T23:25:28	4413.55	-1761.95	-263.91	76.45	-12.46	-7.87
2021-10-01T23:25:30	4405.33	-1750.33	-267.06	76.55	-12.21	-7.72
2021-10-01T23:25:32	4397.10	-1738.72	-270.21	76.67	-11.96	-7.56
2021-10-01T23:25:34	4388.87	-1727.11	-273.36	76.79	-11.72	-7.40
2021-10-01T23:25:36	4380.64	-1715.49	-276.51	76.91	-11.48	-7.23
2021-10-01T23:25:38	4372.40	-1703.87	-279.66	77.02	-11.24	-7.05
2021-10-01T23:25:40	4364.16	-1692.25	-282.81	77.14	-11.02	-6.87
2021-10-01T23:25:42	4355.92	-1680.63	-285.96	77.26	-10.79	-6.70
2021-10-01T23:25:44	4347.67	-1669.01	-289.11	77.39	-10.57	-6.54
2021-10-01T23:25:46	4339.42	-1657.38	-292.26	77.49	-10.34	-6.39
2021-10-01T23:25:48	4331.17	-1645.76	-295.41	77.58	-10.13	-6.22
2021-10-01T23:25:50	4322.91	-1634.13	-298.55	77.68	-9.93	-6.05
2021-10-01T23:25:52	4314.65	-1622.50	-301.70	77.78	-9.75	-5.89
2021-10-01T23:25:54	4306.38	-1610.87	-304.85	77.88	-9.58	-5.72
2021-10-01T23:25:56	4298.11	-1599.24	-308.00	77.99	-9.42	-5.53
2021-10-01T23:25:58	4289.83	-1587.60	-311.14	78.10	-9.26	-5.33
2021-10-01T23:26:00	4281.56	-1575.97	-314.29	78.22	-9.11	-5.14
2021-10-01T23:26:02	4273.28	-1564.33	-317.44	78.33	-8.96	-4.95
2021-10-01T23:26:04	4264.99	-1552.70	-320.58	78.45	-8.82	-4.77
2021-10-01T23:26:06	4256.70	-1541.06	-323.73	78.58	-8.68	-4.57
2021-10-01T23:26:08	4248.41	-1529.42	-326.87	78.72	-8.57	-4.35
2021-10-01T23:26:10	4240.11	-1517.78	-330.02	78.85	-8.44	-4.11
2021-10-01T23:26:12	4231.81	-1506.13	-333.16	78.98	-8.32	-3.89
2021-10-01T23:26:14	4223.50	-1494.49	-336.31	79.11	-8.20	-3.66
2021-10-01T23:26:16	4215.19	-1482.84	-339.45	79.23	-8.09	-3.42
2021-10-01T23:26:18	4206.88	-1471.19	-342.60	79.34	-7.98	-3.17
2021-10-01T23:26:20	4198.56	-1459.54	-345.74	79.44	-7.88	-2.92
2021-10-01T23:26:22	4190.24	-1447.89	-348.89	79.55	-7.77	-2.68
2021-10-01T23:26:24	4181.91	-1436.24	-352.03	79.65	-7.65	-2.43
2021-10-01T23:26:26	4173.58	-1424.58	-355.17	79.76	-7.54	-2.18
2021-10-01T23:26:28	4165.25	-1412.93	-358.31	79.88	-7.44	-1.93
2021-10-01T23:26:30	4156.91	-1401.27	-361.45	80.01	-7.34	-1.67
2021-10-01T23:26:32	4148.56	-1389.61	-364.60	80.15	-7.24	-1.41
2021-10-01T23:26:34	4140.22	-1377.95	-367.74	80.30	-7.15	-1.15
2021-10-01T23:26:36	4131.86	-1366.29	-370.88	80.42	-7.06	-0.88
2021-10-01T23:26:38	4123.51	-1354.63	-374.02	80.53	-6.98	-0.60
2021-10-01T23:26:40	4115.15	-1342.97	-377.16	80.65	-6.90	-0.33
2021-10-01T23:26:42	4106.78	-1331.30	-380.30	80.77	-6.82	-0.06
2021-10-01T23:26:44	4098.41	-1319.63	-383.44	80.89	-6.74	0.21
2021-10-01T23:26:46	4090.04	-1307.96	-386.57	81.02	-6.70	0.48
2021-10-01T23:26:48	4081.66	-1296.29	-389.71	81.15	-6.67	0.75
2021-10-01T23:26:50	4073.28	-1284.62	-392.85	81.29	-6.65	1.01
2021-10-01T23:26:52	4064.89	-1272.95	-395.99	81.42	-6.63	1.27
2021-10-01T23:26:54	4056.50	-1261.28	-399.13	81.55	-6.59	1.54
2021-10-01T23:26:56	4048.10	-1249.60	-402.26	81.69	-6.53	1.81
2021-10-01T23:26:58	4039.70	-1237.92	-405.40	81.84	-6.47	2.08
2021-10-01T23:27:00	4031.30	-1226.24	-408.53	82.01	-6.41	2.34
2021-10-01T23:27:02	4022.89	-1214.56	-411.67	82.20	-6.35	2.60
2021-10-01T23:27:04	4014.47	-1202.88	-414.80	82.38	-6.31	2.85
2021-10-01T23:27:06	4006.05	-1191.20	-417.94	82.55	-6.28	3.10
2021-10-01T23:27:08	3997.63	-1179.51	-421.07	82.71	-6.26	3.36
2021-10-01T23:27:10	3989.20	-1167.83	-424.21	82.87	-6.24	3.62
2021-10-01T23:27:12	3980.77	-1156.14	-427.34	83.02	-6.22	3.89
2021-10-01T23:27:14	3972.33	-1144.45	-430.47	83.17	-6.20	4.17
2021-10-01T23:27:16	3963.88	-1132.76	-433.60	83.34	-6.16	4.40
2021-10-01T23:27:18	3955.44	-1121.07	-436.73	83.54	-6.13	4.65
2021-10-01T23:27:20	3946.98	-1109.38	-439.86	83.73	-6.10	4.90
2021-10-01T23:27:22	3938.53	-1097.68	-442.99	83.92	-6.07	5.15
2021-10-01T23:27:24	3930.06	-1085.99	-446.12	84.11	-6.05	5.40
2021-10-01T23:27:26	3921.59	-1074.29	-449.25	84.31	-6.04	5.65
2021-10-01T23:27:28	3913.12	-1062.59	-452.38	84.51	-6.04	5.90
2021-10-01T23:27:30	3904.64	-1050.89	-455.51	84.71	-6.04	6.16
2021-10-01T23:27:32	3896.16	-1039.19	-458.63	84.94	-6.03	6.43
2021-10-01T23:27:34	3887.67	-1027.48	-461.76	85.19	-6.01	6.70
2021-10-01T23:27:36	3879.18	-1015.78	-464.89	85.45	-5.97	6.97
2021-10-01T23:27:38	3870.68	-1004.07	-468.01	85.71	-5.94	7.22
2021-10-01T23:27:40	3862.18	-992.37	-471.14	85.96	-5.91	7.48
2021-10-01T23:27:42	3853.67	-980.66	-474.26	86.21	-5.89	7.73
2021-10-01T23:27:44	3845.15	-968.95	-477.38	86.47	-5.89	7.99
2021-10-01T23:27:46	3836.63	-957.23	-480.51	86.76	-5.90	8.27
2021-10-01T23:27:48	3828.11	-945.52	-483.63	87.06	-5.90	8.55
2021-10-01T23:27:50	3819.58	-933.81	-486.75	87.37	-5.89	8.83
2021-10-01T23:27:52	3811.04	-922.09	-489.87	87.70	-5.87	9.11
2021-10-01T23:27:54	3802.50	-910.38	-492.99	88.00	-5.85	9.38
2021-10-01T23:27:56	3793.96	-898.66	-496.11	88.29	-5.83	9.64
2021-10-01T23:27:58	3785.41	-886.94	-499.23	88.56	-5.83	9.89
2021-10-01T23:28:00	3776.85	-875.22	-502.34	88.84	-5.85	10.14
2021-10-01T23:28:02	3768.28	-863.49	-505.46	89.14	-5.86	10.39
2021-10-01T23:28:04	3759.72	-851.77	-508.58	89.41	-5.88	10.61
2021-10-01T23:28:06	3751.14	-840.05	-511.69	89.68	-5.89	10.82
2021-10-01T23:28:08	3742.56	-828.32	-514.81	89.95	-5.90	11.04
2021-10-01T23:28:10	3733.98	-816.59	-517.92	90.22	-5.91	11.26
2021-10-01T23:28:12	3725.39	-804.87	-521.04	90.54	-5.91	11.49
2021-10-01T23:28:14	3716.79	-793.13	-524.15	90.90	-5.90	11.72
2021-10-01T23:28:16	3708.19	-781.41	-527.26	91.25	-5.88	11.95
2021-10-01T23:28:18	3699.58	-769.67	-530.37	91.60	-5.87	12.19
2021-10-01T23:28:20	3690.97	-757.94	-533.48	91.93	-5.86	12.43
2021-10-01T23:28:22	3682.35	-746.20	-536.59	92.26	-5.85	12.68
2021-10-01T23:28:24	3673.72	-734.47	-539.70	92.63	-5.82	12.93
2021-10-01T23:28:26	3665.09	-722.73	-542.80	93.01	-5.79	13.17
2021-10-01T23:28:28	3656.45	-710.99	-545.91	93.39	-5.76	13.41
2021-10-01T23:28:30	3647.80	-699.25	-549.02	93.77	-5.73	13.65
2021-10-01T23:28:32	3639.16	-687.51	-552.12	94.13	-5.70	13.88
2021-10-01T23:28:34	3630.50	-675.77	-555.22	94.49	-5.69	14.13
2021-10-01T23:28:36	3621.84	-664.02	-558.33	94.84	-5.66	14.38
2021-10-01T23:28:38	3613.17	-652.28	-561.43	95.23	-5.65	14.65
2021-10-01T23:28:40	3604.49	-640.53	-564.53	95.64	-5.64	14.93
2021-10-01T23:28:42	3595.82	-628.79	-567.63	96.05	-5.64	15.22
2021-10-01T23:28:44	3587.13	-617.04	-570.73	96.42	-5.66	15.53
2021-10-01T23:28:46	3578.44	-605.29	-573.83	96.80	-5.67	15.83
2021-10-01T23:28:48	3569.74	-593.54	-576.92	97.17	-5.69	16.10
2021-10-01T23:28:50	3561.03	-581.79	-580.02	97.55	-5.70	16.37
2021-10-01T23:28:52	3552.32	-570.04	-583.11	97.90	-5.71	16.61
2021-10-01T23:28:54	3543.60	-558.28	-586.21	98.24	-5.70	16.85
2021-10-01T23:28:56	3534.88	-546.53	-589.30	98.59	-5.69	17.08
2021-10-01T23:28:58	3526.14	-534.77	-592.39	98.96	-5.69	17.30
2021-10-01T23:29:00	3517.41	-523.02	-595.48	99.33	-5.69	17.52
2021-10-01T23:29:02	3508.66	-511.26	-598.57	99.70	-5.68	17.70
2021-10-01T23:29:04	3499.91	-499.50	-601.66	100.10	-5.63	17.87
2021-10-01T23:29:06	3491.15	-487.74	-604.74	100.52	-5.58	18.03
2021-10-01T23:29:08	3482.39	-475.98	-607.83	100.95	-5.52	18.20
2021-10-01T23:29:10	3473.62	-464.22	-610.92	101.37	-5.46	18.36
2021-10-01T23:29:12	3464.84	-452.46	-614.00	101.82	-5.39	18.54
2021-10-01T23:29:14	3456.06	-440.69	-617.08	102.28	-5.32	18.73
2021-10-01T23:29:16	3447.26	-428.93	-620.16	102.73	-5.24	18.93
2021-10-01T23:29:18	3438.47	-417.16	-623.24	103.21	-5.17	19.16
2021-10-01T23:29:20	3429.66	-405.40	-626.32	103.72	-5.10	19.37
2021-10-01T23:29:22	3420.85	-393.63	-629.40	104.23	-5.04	19.56
2021-10-01T23:29:24	3412.03	-381.86	-632.47	104.73	-4.97	19.76
2021-10-01T23:29:26	3403.20	-370.10	-635.55	105.23	-4.89	19.96
2021-10-01T23:29:28	3394.37	-358.33	-638.62	105.72	-4.80	20.16
2021-10-01T23:29:30	3385.53	-346.56	-641.69	106.23	-4.69	20.37
2021-10-01T23:29:32	3376.68	-334.79	-644.77	106.74	-4.56	20.58
2021-10-01T23:29:34	3367.82	-323.01	-647.83	107.25	-4.44	20.78
2021-10-01T23:29:36	3358.96	-311.24	-650.90	107.76	-4.31	20.99
2021-10-01T23:29:38	3350.09	-299.47	-653.97	108.28	-4.19	21.20
2021-10-01T23:29:40	3341.22	-287.70	-657.03	108.80	-4.06	21.40
2021-10-01T23:29:42	3332.33	-275.92	-660.10	109.33	-3.94	21.56
2021-10-01T23:29:44	3323.44	-264.15	-663.16	109.90	-3.83	21.73
2021-10-01T23:29:46	3314.54	-252.37	-666.22	110.48	-3.72	21.91
2021-10-01T23:29:48	3305.64	-240.59	-669.28	111.07	-3.59	22.09
2021-10-01T23:29:50	3296.72	-228.82	-672.33	111.66	-3.46	22.27
2021-10-01T23:29:52	3287.80	-217.04	-675.39	112.23	-3.31	22.44
2021-10-01T23:29:54	3278.87	-205.26	-678.44	112.82	-3.15	22.60
2021-10-01T23:29:56	3269.94	-193.48	-681.50	113.41	-2.98	22.76
2021-10-01T23:29:58	3260.99	-181.70	-684.55	113.99	-2.78	22.90
2021-10-01T23:30:00	3252.04	-169.92	-687.60	114.57	-2.59	23.04
2021-10-01T23:30:02	3243.08	-158.15	-690.65	115.14	-2.41	23.20
2021-10-01T23:30:04	3234.11	-146.37	-693.69	115.69	-2.21	23.37
2021-10-01T23:30:06	3225.14	-134.59	-696.74	116.24	-2.01	23.54
2021-10-01T23:30:08	3216.15	-122.81	-699.78	116.84	-1.82	23.71
2021-10-01T23:30:10	3207.17	-111.02	-702.82	117.52	-1.65	23.89
2021-10-01T23:30:12	3198.16	-99.24	-705.86	118.20	-1.47	24.05
2021-10-01T23:30:14	3189.16	-87.46	-708.90	118.87	-1.28	24.20
2021-10-01T23:30:16	3180.14	-75.68	-711.93	119.53	-1.07	24.34
2021-10-01T23:30:18	3171.12	-63.89	-714.97	120.18	-0.85	24.47
2021-10-01T23:30:20	3162.09	-52.11	-718.00	120.82	-0.63	24.60
2021-10-01T23:30:22	3153.05	-40.33	-721.03	121.49	-0.39	24.72
2021-10-01T23:30:24	3144.00	-28.55	-724.06	122.15	-0.14	24.84
2021-10-01T23:30:26	3134.95	-16.76	-727.09	122.82	0.10	24.97
2021-10-01T23:30:28	3125.88	-4.98	-730.11	123.48	0.36	25.09
2021-10-01T23:30:30	3116.81	6.80	-733.13	124.13	0.62	25.17
2021-10-01T23:30:32	3107.73	18.59	-736.15	124.80	0.88	25.24
2021-10-01T23:30:34	3098.64	30.37	-739.17	125.50	1.12	25.31
2021-10-01T23:30:36	3089.55	42.15	-742.19	126.19	1.35	25.38
2021-10-01T23:30:38	3080.44	53.93	-745.20	126.87	1.60	25.44
2021-10-01T23:30:40	3071.33	65.72	-748.22	127.54	1.88	25.56
2021-10-01T23:30:42	3062.20	77.50	-751.23	128.20	2.17	25.68
2021-10-01T23:30:44	3053.07	89.28	-754.24	128.86	2.48	25.79
2021-10-01T23:30:46	3043.93	101.06	-757.24	129.57	2.81	25.89
2021-10-01T23:30:48	3034.78	112.85	-760.25	130.37	3.16	25.98
2021-10-01T23:30:50	3025.63	124.63	-763.25	131.14	3.51	26.07
2021-10-01T23:30:52	3016.46	136.41	-766.25	131.89	3.85	26.17
2021-10-01T23:30:54	3007.29	148.19	-769.24	132.64	4.19	26.27
2021-10-01T23:30:56	2998.10	159.97	-772.24	133.39	4.53	26.38
2021-10-01T23:30:58	2988.91	171.75	-775.23	134.12	4.89	26.49
2021-10-01T23:31:00	2979.71	183.53	-778.22	134.79	5.27	26.56
2021-10-01T23:31:02	2970.50	195.31	-781.21	135.45	5.66	26.62
2021-10-01T23:31:04	2961.28	207.09	-784.20	136.11	6.06	26.67
2021-10-01T23:31:06	2952.05	218.87	-787.18	136.76	6.46	26.71
2021-10-01T23:31:08	2942.82	230.64	-790.16	137.40	6.86	26.72
2021-10-01T23:31:10	2933.57	242.42	-793.14	138.01	7.28	26.71
2021-10-01T23:31:12	2924.32	254.20	-796.12	138.84	7.71	26.70
2021-10-01T23:31:14	2915.05	265.97	-799.09	139.70	8.15	26.67
2021-10-01T23:31:16	2905.78	277.75	-802.06	140.58	8.59	26.63
2021-10-01T23:31:18	2896.50	289.52	-805.03	141.46	9.06	26.60
2021-10-01T23:31:20	2887.21	301.29	-808.00	142.29	9.54	26.57
2021-10-01T23:31:22	2877.90	313.06	-810.96	143.09	10.02	26.53
2021-10-01T23:31:24	2868.59	324.83	-813.92	143.79	10.55	26.51
2021-10-01T23:31:26	2859.27	336.60	-816.88	144.48	11.09	26.49
2021-10-01T23:31:28	2849.95	348.37	-819.84	145.15	11.60	26.52
2021-10-01T23:31:30	2840.61	360.14	-822.79	145.85	12.09	26.55
2021-10-01T23:31:32	2831.26	371.90	-825.74	146.59	12.61	26.59
2021-10-01T23:31:34	2821.90	383.67	-828.69	147.37	13.13	26.62
2021-10-01T23:31:36	2812.54	395.44	-831.63	148.16	13.65	26.59
2021-10-01T23:31:38	2803.16	407.20	-834.57	148.84	14.15	26.53
2021-10-01T23:31:40	2793.77	418.96	-837.51	149.47	14.67	26.47
2021-10-01T23:31:42	2784.38	430.72	-840.45	150.07	15.21	26.42
2021-10-01T23:31:44	2774.97	442.48	-843.38	150.63	15.77	26.39
2021-10-01T23:31:46	2765.56	454.23	-846.31	151.18	16.36	26.37
2021-10-01T23:31:48	2756.14	465.99	-849.24	151.94	16.99	26.31
2021-10-01T23:31:50	2746.70	477.74	-852.16	152.80	17.62	26.22
2021-10-01T23:31:52	2737.26	489.49	-855.08	153.63	18.24	26.13
2021-10-01T23:31:54	2727.80	501.24	-858.00	154.41	18.85	26.01
2021-10-01T23:31:56	2718.34	512.99	-860.91	155.13	19.46	25.88
2021-10-01T23:31:58	2708.87	524.74	-863.83	155.80	20.07	25.76
2021-10-01T23:32:00	2699.38	536.48	-866.73	156.45	20.73	25.66
2021-10-01T23:32:02	2689.89	548.23	-869.64	157.12	21.45	25.59
2021-10-01T23:32:04	2680.39	559.97	-872.54	157.81	22.18	25.52
2021-10-01T23:32:06	2670.88	571.70	-875.44	158.51	22.89	25.45
2021-10-01T23:32:08	2661.35	583.44	-878.34	159.25	23.59	25.35
2021-10-01T23:32:10	2651.82	595.18	-881.23	160.00	24.28	25.24
2021-10-01T23:32:12	2642.28	606.91	-884.12	160.70	24.97	25.10
2021-10-01T23:32:14	2632.73	618.64	-887.00	161.28	25.69	24.92
2021-10-01T23:32:16	2623.16	630.37	-889.89	161.80	26.43	24.77
2021-10-01T23:32:18	2613.59	642.09	-892.76	162.30	27.20	24.64
2021-10-01T23:32:20	2604.01	653.82	-895.64	162.84	28.00	24.53
2021-10-01T23:32:22	2594.42	665.53	-898.51	163.43	28.82	24.44
2021-10-01T23:32:24	2584.81	677.25	-901.38	164.14	29.64	24.31
2021-10-01T23:32:26	2575.20	688.97	-904.25	164.83	30.39	24.13
2021-10-01T23:32:28	2565.58	700.68	-907.11	165.43	31.12	23.94
2021-10-01T23:32:30	2555.94	712.39	-909.96	165.93	31.86	23.75
2021-10-01T23:32:32	2546.30	724.10	-912.82	166.35	32.63	23.57
2021-10-01T23:32:34	2536.65	735.80	-915.67	166.69	33.42	23.41
2021-10-01T23:32:36	2526.98	747.50	-918.52	167.29	34.23	23.31
2021-10-01T23:32:38	2517.31	759.20	-921.36	168.08	35.02	23.21
2021-10-01T23:32:40	2507.62	770.89	-924.20	168.82	35.80	23.07
2021-10-01T23:32:42	2497.93	782.59	-927.03	169.50	36.58	22.91
2021-10-01T23:32:44	2488.23	794.27	-929.87	170.10	37.36	22.72
2021-10-01T23:32:46	2478.51	805.96	-932.69	170.50	38.14	22.56
2021-10-01T23:32:48	2468.79	817.64	-935.52	170.78	39.00	22.45
2021-10-01T23:32:50	2459.05	829.32	-938.34	171.17	39.90	22.34
2021-10-01T23:32:52	2449.31	840.99	-941.15	171.66	40.81	22.23
2021-10-01T23:32:54	2439.55	852.67	-943.97	172.21	41.72	22.09
2021-10-01T23:32:56	2429.78	864.34	-946.77	172.70	42.61	21.91
2021-10-01T23:32:58	2420.01	876.00	-949.58	173.08	43.49	21.70
2021-10-01T23:33:00	2410.22	887.66	-952.38	173.36	44.44	21.48
2021-10-01T23:33:02	2400.42	899.32	-955.17	173.67	45.43	21.27
2021-10-01T23:33:04	2390.61	910.97	-957.97	174.06	46.46	21.09
2021-10-01T23:33:06	2380.80	922.62	-960.75	174.47	47.39	20.90
2021-10-01T23:33:08	2370.97	934.26	-963.54	174.85	48.28	20.70
2021-10-01T23:33:10	2361.13	945.91	-966.32	175.18	49.12	20.47
2021-10-01T23:33:12	2351.28	957.54	-969.09	175.40	49.99	20.23
2021-10-01T23:33:14	2341.42	969.18	-971.86	175.63	50.88	20.03
2021-10-01T23:33:16	2331.55	980.80	-974.63	175.94	51.85	19.83
2021-10-01T23:33:18	2321.67	992.43	-977.39	176.30	52.84	19.65
2021-10-01T23:33:20	2311.79	1004.05	-980.15	176.71	53.84	19.45
2021-10-01T23:33:22	2301.89	1015.66	-982.90	177.09	54.83	19.23
2021-10-01T23:33:24	2291.97	1027.28	-985.65	177.25	55.82	18.96
2021-10-01T23:33:26	2282.05	1038.88	-988.40	177.28	56.73	18.74
2021-10-01T23:33:28	2272.12	1050.49	-991.14	177.37	57.67	18.54
2021-10-01T23:33:30	2262.18	1062.08	-993.87	177.53	58.63	18.36
2021-10-01T23:33:32	2252.23	1073.67	-996.61	177.74	59.62	18.20
2021-10-01T23:33:34	2242.27	1085.26	-999.33	177.96	60.61	17.99
2021-10-01T23:33:36	2232.30	1096.84	-1002.05	178.04	61.53	17.66
2021-10-01T23:33:38	2222.32	1108.42	-1004.77	178.07	62.47	17.37
2021-10-01T23:33:40	2212.33	1119.99	-1007.49	178.05	63.45	17.12
2021-10-01T23:33:42	2202.32	1131.56	-1010.19	178.03	64.46	16.91
2021-10-01T23:33:44	2192.31	1143.12	-1012.90	178.02	65.48	16.74
2021-10-01T23:33:46	2182.29	1154.68	-1015.60	178.22	66.40	16.49
2021-10-01T23:33:48	2172.26	1166.23	-1018.29	178.37	67.31	16.22
2021-10-01T23:33:50	2162.22	1177.78	-1020.98	178.41	68.20	15.95
2021-10-01T23:33:52	2152.16	1189.32	-1023.67	178.36	69.09	15.70
2021-10-01T23:33:54	2142.10	1200.86	-1026.35	178.24	69.99	15.47
2021-10-01T23:33:56	2132.03	1212.38	-1029.02	178.19	70.95	15.26
2021-10-01T23:33:58	2121.95	1223.91	-1031.69	178.26	72.02	15.00
2021-10-01T23:34:00	2111.85	1235.43	-1034.36	178.22	73.07	14.77
2021-10-01T23:34:02	2101.75	1246.94	-1037.02	178.07	74.08	14.56
2021-10-01T23:34:04	2091.64	1258.45	-1039.67	177.84	75.05	14.35
2021-10-01T23:34:06	2081.52	1269.95	-1042.32	177.61	75.97	14.15
2021-10-01T23:34:08	2071.39	1281.44	-1044.97	177.42	76.92	13.96
2021-10-01T23:34:10	2061.25	1292.93	-1047.61	177.26	77.88	13.75
2021-10-01T23:34:12	2051.10	1304.41	-1050.25	177.05	78.84	13.54
2021-10-01T23:34:14	2040.93	1315.89	-1052.88	176.80	79.76	13.34
2021-10-01T23:34:16	2030.76	1327.36	-1055.50	176.55	80.67	13.15
2021-10-01T23:34:18	2020.58	1338.83	-1058.13	176.28	81.60	13.00
2021-10-01T23:34:20	2010.39	1350.28	-1060.74	176.07	82.59	12.82
2021-10-01T23:34:22	2000.19	1361.73	-1063.35	175.85	83.56	12.63
2021-10-01T23:34:24	1989.99	1373.18	-1065.96	175.56	84.46	12.44
2021-10-01T23:34:26	1979.77	1384.62	-1068.56	175.22	85.29	12.24
2021-10-01T23:34:28	1969.54	1396.05	-1071.16	174.83	86.11	12.07
2021-10-01T23:34:30	1959.30	1407.47	-1073.75	174.43	86.96	11.92
2021-10-01T23:34:32	1949.06	1418.89	-1076.33	174.05	87.87	11.74
2021-10-01T23:34:34	1938.80	1430.31	-1078.91	173.66	88.75	11.56
2021-10-01T23:34:36	1928.54	1441.71	-1081.49	173.26	89.60	11.39
2021-10-01T23:34:38	1918.26	1453.11	-1084.06	172.84	90.45	11.25
2021-10-01T23:34:40	1907.98	1464.50	-1086.62	172.40	91.31	11.13
2021-10-01T23:34:42	1897.69	1475.89	-1089.18	171.98	92.21	11.00
2021-10-01T23:34:44	1887.39	1487.26	-1091.74	171.56	93.05	10.85
2021-10-01T23:34:46	1877.07	1498.63	-1094.29	171.07	93.75	10.66
2021-10-01T23:34:48	1866.76	1509.99	-1096.83	170.53	94.44	10.49
2021-10-01T23:34:50	1856.43	1521.35	-1099.37	169.94	95.12	10.34
2021-10-01T23:34:52	1846.09	1532.70	-1101.90	169.32	95.81	10.21
2021-10-01T23:34:54	1835.75	1544.04	-1104.43	168.81	96.66	10.07
2021-10-01T23:34:56	1825.39	1555.37	-1106.95	168.31	97.51	9.96
2021-10-01T23:34:58	1815.03	1566.70	-1109.47	167.73	98.31	9.88
2021-10-01T23:35:00	1804.66	1578.02	-1111.98	167.10	99.06	9.82
2021-10-01T23:35:02	1794.28	1589.33	-1114.49	166.43	99.79	9.79
2021-10-01T23:35:04	1783.89	1600.64	-1116.99	165.78	100.51	9.76
2021-10-01T23:35:06	1773.49	1611.93	-1119.49	165.13	101.20	9.73
2021-10-01T23:35:08	1763.08	1623.22	-1121.98	164.45	101.85	9.71
2021-10-01T23:35:10	1752.67	1634.50	-1124.47	163.74	102.48	9.71
2021-10-01T23:35:12	1742.25	1645.77	-1126.95	163.01	103.10	9.71
2021-10-01T23:35:14	1731.81	1657.04	-1129.42	162.29	103.71	9.71
2021-10-01T23:35:16	1721.38	1668.30	-1131.89	161.62	104.34	9.61
2021-10-01T23:35:18	1710.93	1679.55	-1134.36	160.94	104.96	9.52
2021-10-01T23:35:20	1700.48	1690.79	-1136.81	160.25	105.56	9.45
2021-10-01T23:35:22	1690.01	1702.02	-1139.27	159.55	106.17	9.39
2021-10-01T23:35:24	1679.54	1713.25	-1141.72	158.86	106.77	9.34
2021-10-01T23:35:26	1669.06	1724.47	-1144.16	158.03	107.28	9.21
2021-10-01T23:35:28	1658.58	1735.67	-1146.60	157.19	107.78	9.09
2021-10-01T23:35:30	1648.08	1746.88	-1149.03	156.37	108.30	9.05
2021-10-01T23:35:32	1637.58	1758.07	-1151.46	155.58	108.83	9.05
2021-10-01T23:35:34	1627.07	1769.26	-1153.88	154.80	109.39	9.10
2021-10-01T23:35:36	1616.55	1780.43	-1156.29	154.06	109.86	9.15
2021-10-01T23:35:38	1606.03	1791.60	-1158.70	153.25	110.34	9.19
2021-10-01T23:35:40	1595.49	1802.76	-1161.11	152.44	110.79	9.22
2021-10-01T23:35:42	1584.96	1813.92	-1163.51	151.61	111.21	9.24
2021-10-01T23:35:44	1574.41	1825.06	-1165.90	150.77	111.59	9.24
2021-10-01T23:35:46	1563.85	1836.20	-1168.29	149.93	111.86	9.22
2021-10-01T23:35:48	1553.29	1847.32	-1170.68	149.06	112.15	9.24
2021-10-01T23:35:50	1542.73	1858.44	-1173.05	148.20	112.51	9.29
2021-10-01T23:35:52	1532.15	1869.55	-1175.43	147.36	112.89	9.39
2021-10-01T23:35:54	1521.57	1880.65	-1177.80	146.53	113.29	9.51
2021-10-01T23:35:56	1510.98	1891.75	-1180.16	145.67	113.62	9.65
2021-10-01T23:35:58	1500.39	1902.83	-1182.51	144.76	113.82	9.78
2021-10-01T23:36:00	1489.78	1913.91	-1184.87	143.85	114.02	9.95
2021-10-01T23:36:02	1479.17	1924.98	-1187.21	142.95	114.25	10.15
2021-10-01T23:36:04	1468.56	1936.04	-1189.55	142.07	114.53	10.40
2021-10-01T23:36:06	1457.94	1947.09	-1191.89	141.25	114.86	10.64
2021-10-01T23:36:08	1447.31	1958.13	-1194.22	140.48	115.21	10.86
2021-10-01T23:36:10	1436.67	1969.17	-1196.55	139.59	115.46	11.12
2021-10-01T23:36:12	1426.03	1980.19	-1198.87	138.65	115.63	11.42
2021-10-01T23:36:14	1415.39	1991.21	-1201.18	137.64	115.74	11.75
2021-10-01T23:36:16	1404.73	2002.22	-1203.49	136.58	115.75	12.07
2021-10-01T23:36:18	1394.07	2013.21	-1205.79	135.55	115.70	12.28
2021-10-01T23:36:20	1383.41	2024.20	-1208.10	134.65	115.72	12.41
2021-10-01T23:36:22	1372.74	2035.19	-1210.39	133.88	115.83	12.52
2021-10-01T23:36:24	1362.06	2046.16	-1212.68	133.15	115.97	12.67
2021-10-01T23:36:26	1351.38	2057.12	-1214.96	132.43	116.13	12.86
2021-10-01T23:36:28	1340.69	2068.08	-1217.24	131.57	116.07	13.11
2021-10-01T23:36:30	1330.00	2079.03	-1219.51	130.55	115.88	13.39
2021-10-01T23:36:32	1319.29	2089.96	-1221.78	129.46	115.64	13.74
2021-10-01T23:36:34	1308.59	2100.90	-1224.04	128.46	115.49	14.14
2021-10-01T23:36:36	1297.88	2111.82	-1226.30	127.55	115.42	14.59
2021-10-01T23:36:38	1287.16	2122.73	-1228.55	126.72	115.44	15.04
2021-10-01T23:36:40	1276.44	2133.63	-1230.80	125.89	115.42	15.48
2021-10-01T23:36:42	1265.71	2144.53	-1233.04	124.84	115.29	15.83
2021-10-01T23:36:44	1254.98	2155.41	-1235.28	123.70	115.11	16.15
2021-10-01T23:36:46	1244.24	2166.29	-1237.51	122.54	114.92	16.46
2021-10-01T23:36:48	1233.50	2177.16	-1239.74	121.56	114.72	16.75
2021-10-01T23:36:50	1222.75	2188.01	-1241.96	120.74	114.51	17.06
2021-10-01T23:36:52	1212.00	2198.86	-1244.18	120.02	114.31	17.42
2021-10-01T23:36:54	1201.25	2209.71	-1246.39	119.31	114.08	17.79
2021-10-01T23:36:56	1190.49	2220.54	-1248.60	118.56	113.81	18.15
2021-10-01T23:36:58	1179.72	2231.36	-1250.80	117.75	113.49	18.42
2021-10-01T23:37:00	1168.95	2242.18	-1253.00	116.93	113.11	18.58
2021-10-01T23:37:02	1158.17	2252.99	-1255.19	116.13	112.68	18.74
2021-10-01T23:37:04	1147.39	2263.78	-1257.38	115.30	112.31	18.98
2021-10-01T23:37:06	1136.61	2274.57	-1259.56	114.43	111.96	19.31
2021-10-01T23:37:08	1125.82	2285.35	-1261.74	113.52	111.63	19.74
2021-10-01T23:37:10	1115.03	2296.13	-1263.92	112.73	111.42	20.27
2021-10-01T23:37:12	1104.23	2306.89	-1266.08	111.93	111.20	20.82
2021-10-01T23:37:14	1093.43	2317.64	-1268.25	111.19	110.88	21.23
2021-10-01T23:37:16	1082.62	2328.39	-1270.41	110.41	110.53	21.60
2021-10-01T23:37:18	1071.81	2339.13	-1272.56	109.59	110.17	21.95
2021-10-01T23:37:20	1061.00	2349.85	-1274.71	108.74	109.82	22.14
2021-10-01T23:37:22	1050.18	2360.57	-1276.85	107.89	109.48	22.27
2021-10-01T23:37:24	1039.36	2371.28	-1278.99	107.06	109.12	22.40
2021-10-01T23:37:26	1028.54	2381.98	-1281.13	106.24	108.72	22.52
2021-10-01T23:37:28	1017.71	2392.68	-1283.26	105.42	108.30	22.61
2021-10-01T23:37:30	1006.88	2403.36	-1285.38	104.60	107.85	22.76
2021-10-01T23:37:32	996.04	2414.04	-1287.51	103.75	107.33	23.03
2021-10-01T23:37:34	985.20	2424.71	-1289.62	102.89	106.86	23.32
2021-10-01T23:37:36	974.36	2435.37	-1291.74	102.03	106.54	23.68
2021-10-01T23:37:38	963.51	2446.02	-1293.84	101.21	106.31	24.08
2021-10-01T23:37:40	952.66	2456.66	-1295.94	100.42	106.21	24.51
2021-10-01T23:37:42	941.81	2467.29	-1298.04	99.76	106.01	24.86
2021-10-01T23:37:44	930.96	2477.92	-1300.14	99.01	105.66	25.24
2021-10-01T23:37:46	920.10	2488.54	-1302.23	98.44	105.00	25.62
2021-10-01T23:37:48	909.23	2499.14	-1304.31	97.92	104.31	26.03
2021-10-01T23:37:50	898.37	2509.74	-1306.39	97.47	103.59	26.45
2021-10-01T23:37:52	887.50	2520.33	-1308.47	97.02	103.08	26.72
2021-10-01T23:37:54	876.63	2530.92	-1310.54	96.41	102.69	26.97
2021-10-01T23:37:56	865.76	2541.49	-1312.61	95.30	102.19	27.15
2021-10-01T23:37:58	854.88	2552.06	-1314.67	94.15	101.79	27.30
2021-10-01T23:38:00	844.00	2562.62	-1316.73	93.06	101.58	27.46
2021-10-01T23:38:02	833.12	2573.17	-1318.79	92.14	101.37	27.63
2021-10-01T23:38:04	822.23	2583.71	-1320.84	91.51	100.66	27.88
2021-10-01T23:38:06	811.34	2594.24	-1322.88	91.03	99.70	28.23
2021-10-01T23:38:08	800.45	2604.77	-1324.92	90.45	98.51	28.74
2021-10-01T23:38:10	789.56	2615.28	-1326.96	89.67	97.26	29.28
2021-10-01T23:38:12	778.67	2625.79	-1328.99	88.70	95.93	29.87
2021-10-01T23:38:14	767.77	2636.29	-1331.02	87.95	95.12	30.03
2021-10-01T23:38:16	756.87	2646.78	-1333.05	87.47	94.56	29.95
2021-10-01T23:38:18	745.97	2657.27	-1335.07	87.26	94.26	29.81
2021-10-01T23:38:20	735.06	2667.74	-1337.09	86.94	93.94	29.77
2021-10-01T23:38:22	724.16	2678.21	-1339.10	86.49	93.62	29.81
2021-10-01T23:38:24	713.25	2688.67	-1341.11	85.71	93.30	29.95
2021-10-01T23:38:26	702.34	2699.12	-1343.12	84.47	92.89	30.16
2021-10-01T23:38:28	691.42	2709.57	-1345.11	83.24	92.19	30.59
2021-10-01T23:38:30	680.51	2720.00	-1347.11	82.12	91.42	30.95
2021-10-01T23:38:32	669.59	2730.43	-1349.10	81.05	90.51	31.22
2021-10-01T23:38:34	658.67	2740.85	-1351.09	79.98	89.42	31.41
2021-10-01T23:38:36	647.75	2751.26	-1353.08	79.36	88.60	31.62
2021-10-01T23:38:38	636.83	2761.67	-1355.06	78.95	87.77	31.66
2021-10-01T23:38:40	625.91	2772.06	-1357.04	78.56	86.72	31.65
2021-10-01T23:38:42	614.98	2782.45	-1359.01	78.19	85.45	31.65
2021-10-01T23:38:44	604.05	2792.83	-1360.98	77.83	83.96	31.67
2021-10-01T23:38:46	593.12	2803.21	-1362.95	77.36	82.60	31.81
2021-10-01T23:38:48	582.19	2813.57	-1364.91	76.62	82.31	32.12
2021-10-01T23:38:50	571.26	2823.93	-1366.87	75.75	82.01	32.47
2021-10-01T23:38:52	560.33	2834.28	-1368.82	74.81	81.30	33.01
2021-10-01T23:38:54	549.39	2844.62	-1370.77	73.84	80.14	33.76
2021-10-01T23:38:56	538.45	2854.96	-1372.72	72.82	78.49	34.75
2021-10-01T23:38:58	527.52	2865.28	-1374.66	72.01	77.16	34.47
2021-10-01T23:39:00	516.57	2875.60	-1376.60	71.40	77.06	33.23
2021-10-01T23:39:02	505.63	2885.92	-1378.54	71.00	77.31	32.24
2021-10-01T23:39:04	494.69	2896.22	-1380.47	70.79	77.83	31.54
2021-10-01T23:39:06	483.75	2906.52	-1382.40	70.74	78.60	31.11
2021-10-01T23:39:08	472.80	2916.81	-1384.33	70.38	78.83	30.85
2021-10-01T23:39:10	461.86	2927.09	-1386.25	68.36	76.29	30.63
2021-10-01T23:39:12	450.91	2937.37	-1388.17	66.45	73.98	30.15
2021-10-01T23:39:14	439.96	2947.64	-1390.09	64.65	71.92	29.46
2021-10-01T23:39:16	429.01	2957.90	-1392.00	62.96	70.13	28.58
2021-10-01T23:39:18	418.06	2968.15	-1393.91	61.39	68.60	27.53
2021-10-01T23:39:20	407.11	2978.40	-1395.81	62.21	68.52	28.14
2021-10-01T23:39:22	396.16	2988.64	-1397.71	62.86	68.44	28.80
2021-10-01T23:39:24	385.21	2998.87	-1399.61	62.77	68.12	29.15
2021-10-01T23:39:26	374.25	3009.09	-1401.51	61.99	67.61	29.17
2021-10-01T23:39:28	363.30	3019.31	-1403.40	60.52	66.92	28.85
2021-10-01T23:39:30	352.34	3029.52	-1405.29	59.35	65.97	28.37
2021-10-01T23:39:32	341.39	3039.73	-1407.17	58.72	64.97	28.57
2021-10-01T23:39:34	330.43	3049.92	-1409.06	57.92	63.99	28.86
2021-10-01T23:39:36	319.47	3060.11	-1410.93	56.97	63.04	29.26
2021-10-01T23:39:38	308.51	3070.30	-1412.81	55.89	62.11	29.79
2021-10-01T23:39:40	297.56	3080.47	-1414.68	55.00	61.75	30.40
2021-10-01T23:39:42	286.60	3090.64	-1416.55	54.67	62.22	30.32
2021-10-01T23:39:44	275.63	3100.81	-1418.42	54.35	62.61	29.99
2021-10-01T23:39:46	264.67	3110.96	-1420.28	53.83	62.80	29.93
2021-10-01T23:39:48	253.71	3121.11	-1422.14	53.10	62.76	30.12
2021-10-01T23:39:50	242.75	3131.25	-1424.00	52.18	62.38	30.40
2021-10-01T23:39:52	231.79	3141.39	-1425.85	51.17	61.77	30.23
2021-10-01T23:39:54	220.82	3151.52	-1427.70	51.57	62.13	29.67
2021-10-01T23:39:56	209.86	3161.64	-1429.55	51.94	62.58	29.29
2021-10-01T23:39:58	198.90	3171.76	-1431.39	52.08	62.99	29.13
2021-10-01T23:40:00	187.93	3181.86	-1433.23	51.95	63.21	29.24
2021-10-01T23:40:02	176.97	3191.97	-1435.07	52.37	61.83	29.97
2021-10-01T23:40:04	166.00	3202.06	-1436.91	52.10	59.91	30.75
2021-10-01T23:40:06	155.04	3212.15	-1438.74	50.43	57.65	31.43
2021-10-01T23:40:08	144.07	3222.24	-1440.57	48.58	56.08	32.23
2021-10-01T23:40:10	133.11	3232.31	-1442.40	46.55	55.12	33.13
2021-10-01T23:40:12	122.14	3242.38	-1444.22	45.48	54.77	33.63
2021-10-01T23:40:14	111.18	3252.45	-1446.04	45.26	54.46	34.32
2021-10-01T23:40:16	100.21	3262.50	-1447.86	45.03	54.21	34.94
2021-10-01T23:40:18	89.24	3272.55	-1449.68	44.07	53.57	35.20
2021-10-01T23:40:20	78.28	3282.60	-1451.49	42.66	52.42	35.28
2021-10-01T23:40:22	67.31	3292.64	-1453.30	40.43	50.59	34.48
2021-10-01T23:40:24	56.34	3302.67	-1455.11	38.26	48.32	33.25
2021-10-01T23:40:26	45.38	3312.70	-1456.91	36.61	45.82	32.12
2021-10-01T23:40:28	34.41	3322.72	-1458.71	35.78	44.05	31.68
2021-10-01T23:40:30	23.44	3332.73	-1460.52	35.27	42.57	31.56
2021-10-01T23:40:32	12.48	3342.74	-1462.31	34.73	42.00	31.74
2021-10-01T23:40:34	1.51	3352.75	-1464.10	34.00	42.63	31.89
2021-10-01T23:40:36	-9.46	3362.74	-1465.90	33.54	43.13	31.63
2021-10-01T23:40:38	-20.43	3372.73	-1467.69	33.12	43.32	30.99
2021-10-01T23:40:40	-31.39	3382.72	-1469.47	31.57	42.52	30.53
2021-10-01T23:40:42	-42.36	3392.70	-1471.26	29.67	40.98	29.99
2021-10-01T23:40:44	-53.33	3402.67	-1473.04	26.36	38.36	29.40
2021-10-01T23:40:46	-64.29	3412.64	-1474.81	23.36	35.74	28.51
2021-10-01T23:40:48	-75.26	3422.60	-1476.59	20.71	33.14	27.36
2021-10-01T23:40:50	-86.22	3432.55	-1478.36	18.12	30.75	25.86
2021-10-01T23:40:52	-97.19	3442.50	-1480.14	15.51	28.63	24.16
2021-10-01T23:40:54	-108.16	3452.45	-1481.90	13.15	26.72	22.74
2021-10-01T23:40:56	-119.12	3462.38	-1483.67	10.86	24.64	21.25
2021-10-01T23:40:58	-130.09	3472.32	-1485.43	8.61	22.35	19.71
2021-10-01T23:41:00	-141.05	3482.24	-1487.19	6.39	19.81	18.14
2021-10-01T23:41:02	-152.02	3492.16	-1488.95	4.55	17.71	16.94
2021-10-01T23:41:04	-162.98	3502.08	-1490.71	2.97	16.22	16.07
2021-10-01T23:41:06	-173.95	3511.99	-1492.46	1.62	14.92	15.10
2021-10-01T23:41:08	-184.91	3521.89	-1494.21	0.54	13.71	14.01
2021-10-01T23:41:10	-195.88	3531.79	-1495.96	-0.29	12.57	12.81
2021-10-01T23:41:12	-206.84	3541.69	-1497.71	-0.90	11.51	11.52
2021-10-01T23:41:14	-217.80	3551.58	-1499.46	-1.58	10.38	10.08
2021-10-01T23:41:16	-228.76	3561.46	-1501.20	-2.34	9.30	8.60
2021-10-01T23:41:18	-239.73	3571.34	-1502.94	-3.04	8.29	7.17
2021-10-01T23:41:20	-250.69	3581.21	-1504.67	-3.69	7.35	5.81
2021-10-01T23:41:22	-261.65	3591.07	-1506.41	-4.29	6.50	4.50
2021-10-01T23:41:24	-272.61	3600.93	-1508.14	-4.79	5.79	3.42
2021-10-01T23:41:26	-283.57	3610.79	-1509.87	-5.10	5.27	2.90
2021-10-01T23:41:28	-294.53	3620.64	-1511.60	-5.47	4.75	2.40
2021-10-01T23:41:30	-305.49	3630.49	-1513.33	-5.90	4.23	1.95
2021-10-01T23:41:32	-316.45	3640.33	-1515.05	-6.41	3.71	1.54
2021-10-01T23:41:34	-327.41	3650.16	-1516.78	-6.97	3.21	1.20
2021-10-01T23:41:36	-338.37	3660.00	-1518.50	-7.28	2.87	1.03
2021-10-01T23:41:38	-349.33	3669.82	-1520.22	-7.47	2.65	0.97
2021-10-01T23:41:40	-360.28	3679.64	-1521.93	-7.63	2.55	0.88
2021-10-01T23:41:42	-371.24	3689.46	-1523.65	-7.76	2.57	0.75
2021-10-01T23:41:44	-382.19	3699.26	-1525.36	-7.84	2.71	0.59
2021-10-01T23:41:46	-393.15	3709.07	-1527.07	-7.94	2.94	0.23
2021-10-01T23:41:48	-404.11	3718.87	-1528.77	-8.07	3.16	-0.23
2021-10-01T23:41:50	-415.06	3728.67	-1530.48	-8.22	3.37	-0.72
2021-10-01T23:41:52	-426.01	3738.46	-1532.18	-8.38	3.58	-1.21
2021-10-01T23:41:54	-436.97	3748.24	-1533.88	-8.58	3.81	-1.68
2021-10-01T23:41:56	-447.92	3758.02	-1535.58	-8.67	4.04	-1.97
2021-10-01T23:41:58	-458.87	3767.80	-1537.28	-8.63	4.31	-2.10
2021-10-01T23:42:00	-469.82	3777.57	-1538.98	-8.54	4.64	-2.05
2021-10-01T23:42:02	-480.78	3787.34	-1540.67	-8.44	4.99	-1.90
2021-10-01T23:42:04	-491.72	3797.10	-1542.36	-8.35	5.37	-1.73
2021-10-01T23:42:06	-502.67	3806.85	-1544.05	-8.33	5.64	-1.55
2021-10-01T23:42:08	-513.62	3816.61	-1545.74	-8.37	5.74	-1.38
2021-10-01T23:42:10	-524.57	3826.35	-1547.43	-8.38	5.83	-1.26
2021-10-01T23:42:12	-535.52	3836.09	-1549.11	-8.36	6.01	-1.26
2021-10-01T23:42:14	-546.46	3845.84	-1550.79	-8.28	6.19	-1.27
2021-10-01T23:42:16	-557.41	3855.57	-1552.47	-8.12	6.36	-1.29
2021-10-01T23:42:18	-568.36	3865.30	-1554.15	-7.92	6.56	-1.30
2021-10-01T23:42:20	-579.30	3875.02	-1555.83	-7.72	6.67	-1.28
2021-10-01T23:42:22	-590.25	3884.74	-1557.50	-7.53	6.72	-1.22
2021-10-01T23:42:24	-601.19	3894.46	-1559.18	-7.48	6.68	-1.13
2021-10-01T23:42:26	-612.13	3904.17	-1560.85	-7.42	6.65	-1.07
2021-10-01T23:42:28	-623.07	3913.87	-1562.52	-7.48	6.67	-1.10
2021-10-01T23:42:30	-634.01	3923.58	-1564.18	-7.52	6.73	-1.10
2021-10-01T23:42:32	-644.95	3933.27	-1565.85	-7.52	6.83	-1.08
2021-10-01T23:42:34	-655.89	3942.97	-1567.51	-7.49	6.93	-1.04
2021-10-01T23:42:36	-666.83	3952.66	-1569.18	-7.41	6.96	-1.18
2021-10-01T23:42:38	-677.77	3962.34	-1570.84	-7.27	7.03	-1.61
2021-10-01T23:42:40	-688.71	3972.02	-1572.49	-7.16	7.08	-2.15
2021-10-01T23:42:42	-699.65	3981.70	-1574.15	-7.09	7.08	-2.75
2021-10-01T23:42:44	-710.58	3991.37	-1575.81	-7.06	7.03	-3.38
2021-10-01T23:42:46	-721.52	4001.04	-1577.46	-7.08	6.94	-4.05
2021-10-01T23:42:48	-732.45	4010.70	-1579.11	-7.13	6.98	-4.38
2021-10-01T23:42:50	-743.38	4020.36	-1580.76	-7.20	7.09	-4.48
2021-10-01T23:42:52	-754.31	4030.01	-1582.41	-7.25	7.26	-4.52
2021-10-01T23:42:54	-765.25	4039.66	-1584.06	-7.28	7.49	-4.51
2021-10-01T23:42:56	-776.18	4049.31	-1585.70	-7.31	7.77	-4.46
2021-10-01T23:42:58	-787.11	4058.95	-1587.35	-7.37	7.90	-4.24
2021-10-01T23:43:00	-798.04	4068.59	-1588.99	-7.51	7.44	-3.62
2021-10-01T23:43:02	-808.96	4078.23	-1590.63	-7.67	7.01	-3.10
2021-10-01T23:43:04	-819.89	4087.86	-1592.27	-7.83	6.61	-2.69
2021-10-01T23:43:06	-830.82	4097.48	-1593.91	-7.98	6.24	-2.40
2021-10-01T23:43:08	-841.74	4107.11	-1595.55	-8.09	5.95	-2.23
2021-10-01T23:43:10	-852.67	4116.72	-1597.18	-7.88	6.08	-2.39
2021-10-01T23:43:12	-863.59	4126.34	-1598.81	-7.56	6.25	-2.63
2021-10-01T23:43:14	-874.52	4135.95	-1600.44	-7.29	6.39	-2.83
2021-10-01T23:43:16	-885.44	4145.56	-1602.07	-7.08	6.48	-3.00
2021-10-01T23:43:18	-896.36	4155.16	-1603.70	-6.94	6.52	-3.11
2021-10-01T23:43:20	-907.28	4164.76	-1605.33	-7.13	6.40	-3.05
2021-10-01T23:43:22	-918.20	4174.35	-1606.95	-7.45	6.18	-2.91
2021-10-01T23:43:24	-929.12	4183.94	-1608.58	-7.77	5.89	-2.72
2021-10-01T23:43:26	-940.04	4193.53	-1610.20	-8.03	5.63	-2.53
2021-10-01T23:43:28	-950.96	4203.11	-1611.82	-8.24	5.41	-2.32
2021-10-01T23:43:30	-961.87	4212.69	-1613.44	-8.31	5.30	-2.14
2021-10-01T23:43:32	-972.79	4222.27	-1615.06	-8.30	5.30	-1.99
2021-10-01T23:43:34	-983.70	4231.84	-1616.67	-8.29	5.37	-1.88
2021-10-01T23:43:36	-994.62	4241.41	-1618.29	-8.30	5.47	-1.87
2021-10-01T23:43:38	-1005.53	4250.98	-1619.90	-8.32	5.54	-1.89
2021-10-01T23:43:40	-1016.44	4260.54	-1621.51	-8.37	5.53	-2.00
2021-10-01T23:43:42	-1027.35	4270.10	-1623.12	-8.49	5.38	-2.21
2021-10-01T23:43:44	-1038.26	4279.65	-1624.73	-8.62	5.18	-2.41
2021-10-01T23:43:46	-1049.17	4289.20	-1626.34	-8.73	4.98	-2.61
2021-10-01T23:43:48	-1060.08	4298.75	-1627.95	-8.79	4.83	-2.81
2021-10-01T23:43:50	-1070.98	4308.29	-1629.55	-8.80	4.73	-3.02
2021-10-01T23:43:52	-1081.89	4317.83	-1631.16	-8.82	4.78	-3.11
2021-10-01T23:43:54	-1092.80	4327.37	-1632.76	-8.83	4.82	-3.17
2021-10-01T23:43:56	-1103.70	4336.90	-1634.36	-8.85	4.84	-3.20
2021-10-01T23:43:58	-1114.60	4346.43	-1635.96	-8.89	4.84	-3.18
2021-10-01T23:44:00	-1125.51	4355.95	-1637.56	-8.98	4.81	-3.16
2021-10-01T23:44:02	-1136.41	4365.47	-1639.16	-9.12	4.66	-3.19
2021-10-01T23:44:04	-1147.31	4374.99	-1640.75	-9.24	4.48	-3.24
2021-10-01T23:44:06	-1158.21	4384.51	-1642.35	-9.35	4.28	-3.30
2021-10-01T23:44:08	-1169.11	4394.02	-1643.94	-9.44	4.06	-3.37
2021-10-01T23:44:10	-1180.01	4403.53	-1645.53	-9.47	3.83	-3.44
2021-10-01T23:44:12	-1190.90	4413.04	-1647.12	-9.46	3.81	-3.38
2021-10-01T23:44:14	-1201.80	4422.54	-1648.71	-9.49	3.92	-3.27
2021-10-01T23:44:16	-1212.69	4432.04	-1650.30	-9.51	4.02	-3.17
2021-10-01T23:44:18	-1223.59	4441.53	-1651.89	-9.52	4.10	-3.07
2021-10-01T23:44:20	-1234.48	4451.02	-1653.47	-9.51	4.16	-2.96
2021-10-01T23:44:22	-1245.37	4460.51	-1655.06	-9.49	4.12	-3.01
2021-10-01T23:44:24	-1256.26	4470.00	-1656.64	-9.51	3.95	-3.40
2021-10-01T23:44:26	-1267.15	4479.48	-1658.22	-9.56	3.80	-3.79
2021-10-01T23:44:28	-1278.04	4488.96	-1659.81	-9.65	3.66	-4.17
2021-10-01T23:44:30	-1288.93	4498.43	-1661.39	-9.76	3.55	-4.53
2021-10-01T23:44:32	-1299.82	4507.90	-1662.96	-9.80	3.51	-4.90
2021-10-01T23:44:34	-1310.70	4517.37	-1664.54	-9.42	3.64	-5.53
2021-10-01T23:44:36	-1321.59	4526.84	-1666.11	-9.03	3.84	-6.18
2021-10-01T23:44:38	-1332.47	4536.30	-1667.69	-8.67	4.04	-6.78
2021-10-01T23:44:40	-1343.36	4545.76	-1669.26	-8.37	4.24	-7.33
2021-10-01T23:44:42	-1354.24	4555.22	-1670.84	-8.12	4.42	-7.84
2021-10-01T23:44:44	-1365.12	4564.67	-1672.41	-7.98	4.57	-7.89
2021-10-01T23:44:46	-1376.00	4574.12	-1673.98	-7.88	4.70	-7.76
2021-10-01T23:44:48	-1386.88	4583.57	-1675.55	-7.74	4.90	-7.56
2021-10-01T23:44:50	-1397.76	4593.01	-1677.12	-7.54	5.12	-7.39
2021-10-01T23:44:52	-1408.64	4602.46	-1678.68	-7.29	5.36	-7.23
2021-10-01T23:44:54	-1419.51	4611.90	-1680.25	-7.12	5.61	-7.18
2021-10-01T23:44:56	-1430.39	4621.33	-1681.81	-7.06	5.86	-7.18
2021-10-01T23:44:58	-1441.27	4630.76	-1683.38	-7.05	6.10	-7.18
2021-10-01T23:45:00	-1452.14	4640.19	-1684.94	-7.08	6.29	-7.23
2021-10-01T23:45:02	-1463.01	4649.62	-1686.50	-7.11	6.46	-7.28
2021-10-01T23:45:04	-1473.88	4659.04	-1688.06	-7.15	6.66	-7.32
2021-10-01T23:45:06	-1484.75	4668.46	-1689.62	-7.22	6.95	-7.33
2021-10-01T23:45:08	-1495.62	4677.88	-1691.18	-7.32	7.23	-7.31
2021-10-01T23:45:10	-1506.50	4687.29	-1692.74	-7.41	7.51	-7.27
2021-10-01T23:45:12	-1517.36	4696.70	-1694.29	-7.36	7.80	-7.28
2021-10-01T23:45:14	-1528.23	4706.11	-1695.85	-7.32	8.10	-7.30
2021-10-01T23:45:16	-1539.10	4715.52	-1697.40	-7.24	8.35	-7.38
2021-10-01T23:45:18	-1549.96	4724.92	-1698.95	-7.13	8.62	-7.44
2021-10-01T23:45:20	-1560.82	4734.32	-1700.51	-6.99	8.89	-7.45
2021-10-01T23:45:22	-1571.69	4743.72	-1702.06	-6.80	9.17	-7.43
2021-10-01T23:45:24	-1582.55	4753.12	-1703.61	-6.72	9.36	-7.31
2021-10-01T23:45:26	-1593.41	4762.51	-1705.15	-6.82	9.59	-7.16
2021-10-01T23:45:28	-1604.27	4771.90	-1706.70	-6.96	9.74	-7.00
2021-10-01T23:45:30	-1615.13	4781.28	-1708.25	-7.06	9.78	-6.85
2021-10-01T23:45:32	-1625.99	4790.67	-1709.80	-7.12	9.72	-6.69
2021-10-01T23:45:34	-1636.84	4800.05	-1711.34	-7.13	9.54	-6.53
2021-10-01T23:45:36	-1647.70	4809.43	-1712.88	-7.34	9.54	-6.43
2021-10-01T23:45:38	-1658.56	4818.80	-1714.43	-7.53	9.60	-6.30
2021-10-01T23:45:40	-1669.41	4828.17	-1715.97	-7.65	9.71	-6.10
2021-10-01T23:45:42	-1680.26	4837.54	-1717.51	-7.69	9.87	-5.81
2021-10-01T23:45:44	-1691.12	4846.91	-1719.05	-7.66	10.08	-5.43
2021-10-01T23:45:46	-1701.97	4856.28	-1720.59	-7.63	10.28	-4.89
2021-10-01T23:45:48	-1712.82	4865.64	-1722.13	-8.03	10.34	-4.34
