Time	POS_X	POS_Y	POS_Z	B_X	B_Y	B_Z
2022-06-23T09:32:50	5334.52	-967.62	-325.79	-30.06	28.58	15.55
2022-06-23T09:32:52	5324.07	-958.60	-327.13	-30.15	28.08	15.98
2022-06-23T09:32:54	5313.62	-949.57	-328.48	-30.22	27.67	16.38
2022-06-23T09:32:56	5303.16	-940.55	-329.82	-30.27	27.37	16.77
2022-06-23T09:32:58	5292.70	-931.53	-331.17	-30.32	27.17	17.14
2022-06-23T09:33:00	5282.24	-922.50	-332.52	-30.36	27.08	17.50
2022-06-23T09:33:02	5271.78	-913.48	-333.86	-30.05	27.00	17.70
2022-06-23T09:33:04	5261.31	-904.45	-335.21	-29.51	26.90	17.70
2022-06-23T09:33:06	5250.84	-895.43	-336.55	-29.10	26.89	17.64
2022-06-23T09:33:08	5240.37	-886.40	-337.90	-28.82	26.95	17.50
2022-06-23T09:33:10	5229.89	-877.37	-339.24	-28.70	27.10	17.29
2022-06-23T09:33:12	5219.41	-868.34	-340.59	-28.68	27.30	17.03
2022-06-23T09:33:14	5208.93	-859.32	-341.93	-28.23	27.25	16.86
2022-06-23T09:33:16	5198.45	-850.29	-343.28	-27.74	27.28	16.91
2022-06-23T09:33:18	5187.96	-841.26	-344.62	-27.36	27.31	17.03
2022-06-23T09:33:20	5177.47	-832.23	-345.97	-27.10	27.35	17.21
2022-06-23T09:33:22	5166.97	-823.20	-347.31	-26.87	27.27	17.40
2022-06-23T09:33:24	5156.47	-814.17	-348.65	-26.65	26.81	17.28
2022-06-23T09:33:26	5145.97	-805.14	-350.00	-26.41	26.14	16.90
2022-06-23T09:33:28	5135.47	-796.10	-351.34	-26.19	25.47	16.49
2022-06-23T09:33:30	5124.96	-787.07	-352.68	-26.00	25.02	16.19
2022-06-23T09:33:32	5114.45	-778.04	-354.02	-25.82	24.80	16.00
2022-06-23T09:33:34	5103.94	-769.01	-355.37	-25.60	24.83	15.96
2022-06-23T09:33:36	5093.42	-759.97	-356.71	-25.19	25.05	16.21
2022-06-23T09:33:38	5082.90	-750.94	-358.05	-24.77	25.18	16.51
2022-06-23T09:33:40	5072.38	-741.90	-359.39	-24.23	25.10	16.76
2022-06-23T09:33:42	5061.85	-732.87	-360.73	-23.67	24.90	16.94
2022-06-23T09:33:44	5051.32	-723.83	-362.07	-23.23	24.74	17.16
2022-06-23T09:33:46	5040.79	-714.79	-363.42	-22.97	24.58	17.38
2022-06-23T09:33:48	5030.25	-705.76	-364.76	-22.77	24.47	17.60
2022-06-23T09:33:50	5019.71	-696.72	-366.10	-22.59	24.41	17.83
2022-06-23T09:33:52	5009.17	-687.68	-367.44	-22.36	24.40	18.06
2022-06-23T09:33:54	4998.62	-678.64	-368.78	-21.81	24.19	18.29
2022-06-23T09:33:56	4988.07	-669.60	-370.12	-21.26	23.80	18.49
2022-06-23T09:33:58	4977.52	-660.56	-371.46	-20.82	23.21	18.62
2022-06-23T09:34:00	4966.96	-651.52	-372.80	-20.50	22.62	18.73
2022-06-23T09:34:02	4956.40	-642.48	-374.13	-20.30	22.00	18.83
2022-06-23T09:34:04	4945.84	-633.44	-375.47	-20.24	21.36	18.91
2022-06-23T09:34:06	4935.27	-624.40	-376.81	-19.96	20.84	18.91
2022-06-23T09:34:08	4924.70	-615.36	-378.15	-19.07	20.64	18.79
2022-06-23T09:34:10	4914.13	-606.31	-379.49	-18.19	20.49	18.70
2022-06-23T09:34:12	4903.55	-597.27	-380.83	-17.33	20.38	18.64
2022-06-23T09:34:14	4892.97	-588.23	-382.16	-16.47	20.33	18.62
2022-06-23T09:34:16	4882.39	-579.18	-383.50	-15.62	20.31	18.65
2022-06-23T09:34:18	4871.80	-570.14	-384.84	-15.12	20.23	18.48
2022-06-23T09:34:20	4861.21	-561.09	-386.17	-14.95	20.06	18.17
2022-06-23T09:34:22	4850.61	-552.05	-387.51	-14.76	19.85	17.94
2022-06-23T09:34:24	4840.01	-543.00	-388.85	-14.57	19.60	17.79
2022-06-23T09:34:26	4829.41	-533.95	-390.18	-14.35	19.31	17.71
2022-06-23T09:34:28	4818.81	-524.91	-391.52	-14.12	19.00	17.67
2022-06-23T09:34:30	4808.20	-515.86	-392.85	-13.74	18.77	17.57
2022-06-23T09:34:32	4797.58	-506.81	-394.19	-13.26	18.55	17.73
2022-06-23T09:34:34	4786.97	-497.76	-395.52	-12.77	18.38	17.92
2022-06-23T09:34:36	4776.35	-488.72	-396.86	-12.25	18.24	18.15
2022-06-23T09:34:38	4765.72	-479.67	-398.19	-11.70	18.13	18.40
2022-06-23T09:34:40	4755.09	-470.62	-399.52	-11.19	18.03	18.59
2022-06-23T09:34:42	4744.46	-461.57	-400.86	-10.66	17.96	18.66
2022-06-23T09:34:44	4733.82	-452.52	-402.19	-9.91	17.92	18.42
2022-06-23T09:34:46	4723.19	-443.47	-403.52	-9.13	17.92	18.27
2022-06-23T09:34:48	4712.54	-434.42	-404.85	-8.37	17.94	18.28
2022-06-23T09:34:50	4701.89	-425.37	-406.19	-7.64	17.83	18.40
2022-06-23T09:34:52	4691.24	-416.31	-407.52	-6.97	17.52	18.56
2022-06-23T09:34:54	4680.59	-407.26	-408.85	-6.36	17.26	18.80
2022-06-23T09:34:56	4669.93	-398.21	-410.18	-5.78	16.95	18.93
2022-06-23T09:34:58	4659.27	-389.16	-411.51	-5.20	16.58	18.90
2022-06-23T09:35:00	4648.60	-380.10	-412.84	-4.62	16.23	18.81
2022-06-23T09:35:02	4637.93	-371.05	-414.17	-3.88	16.00	18.26
2022-06-23T09:35:04	4627.26	-362.00	-415.50	-3.13	15.76	17.68
2022-06-23T09:35:06	4616.58	-352.94	-416.83	-2.37	15.51	17.08
2022-06-23T09:35:08	4605.89	-343.89	-418.16	-1.60	15.28	16.50
2022-06-23T09:35:10	4595.21	-334.83	-419.48	-0.87	15.12	16.18
2022-06-23T09:35:12	4584.52	-325.78	-420.81	-0.10	15.10	16.21
2022-06-23T09:35:14	4573.82	-316.72	-422.14	0.79	15.15	16.34
2022-06-23T09:35:16	4563.12	-307.66	-423.47	1.78	15.20	16.41
2022-06-23T09:35:18	4552.42	-298.61	-424.80	2.86	15.25	16.43
2022-06-23T09:35:20	4541.71	-289.55	-426.12	4.02	15.29	16.36
2022-06-23T09:35:22	4531.00	-280.50	-427.45	4.89	15.10	16.28
2022-06-23T09:35:24	4520.28	-271.44	-428.77	5.52	14.66	16.17
2022-06-23T09:35:26	4509.56	-262.38	-430.10	6.21	14.25	16.00
2022-06-23T09:35:28	4498.84	-253.32	-431.42	6.96	13.87	15.76
2022-06-23T09:35:30	4488.11	-244.27	-432.75	7.77	13.50	15.45
2022-06-23T09:35:32	4477.38	-235.21	-434.07	8.63	13.14	15.08
2022-06-23T09:35:34	4466.64	-226.15	-435.40	9.78	12.85	15.04
2022-06-23T09:35:36	4455.90	-217.09	-436.72	10.99	12.60	15.13
2022-06-23T09:35:38	4445.16	-208.03	-438.04	12.17	12.45	15.29
2022-06-23T09:35:40	4434.40	-198.97	-439.36	13.31	12.38	15.52
2022-06-23T09:35:42	4423.65	-189.91	-440.69	14.43	12.41	15.80
2022-06-23T09:35:44	4412.89	-180.85	-442.01	15.45	12.55	15.95
2022-06-23T09:35:46	4402.13	-171.79	-443.33	16.44	12.68	15.99
2022-06-23T09:35:48	4391.36	-162.73	-444.65	17.52	12.71	15.99
2022-06-23T09:35:50	4380.59	-153.67	-445.97	18.59	12.73	15.92
2022-06-23T09:35:52	4369.81	-144.61	-447.29	19.63	12.73	15.78
2022-06-23T09:35:54	4359.03	-135.55	-448.61	20.73	12.66	15.56
2022-06-23T09:35:56	4348.25	-126.49	-449.93	22.00	12.54	15.36
2022-06-23T09:35:58	4337.46	-117.43	-451.24	23.32	12.49	15.24
2022-06-23T09:36:00	4326.66	-108.37	-452.56	24.79	12.42	14.98
2022-06-23T09:36:02	4315.86	-99.30	-453.88	26.28	12.31	14.69
2022-06-23T09:36:04	4305.06	-90.24	-455.20	27.77	12.16	14.38
2022-06-23T09:36:06	4294.25	-81.18	-456.51	29.22	11.89	14.18
2022-06-23T09:36:08	4283.44	-72.12	-457.83	30.72	11.64	14.12
2022-06-23T09:36:10	4272.62	-63.06	-459.14	32.26	11.40	14.19
2022-06-23T09:36:12	4261.80	-53.99	-460.46	34.02	11.31	14.46
2022-06-23T09:36:14	4250.97	-44.93	-461.77	36.03	11.26	14.71
2022-06-23T09:36:16	4240.14	-35.87	-463.09	37.81	11.73	14.79
2022-06-23T09:36:18	4229.30	-26.81	-464.40	39.59	12.32	14.89
2022-06-23T09:36:20	4218.46	-17.75	-465.71	41.47	12.86	15.03
2022-06-23T09:36:22	4207.61	-8.68	-467.03	43.43	13.34	15.22
2022-06-23T09:36:24	4196.76	0.38	-468.34	45.41	13.75	15.54
2022-06-23T09:36:26	4185.91	9.44	-469.65	47.12	13.66	15.95
2022-06-23T09:36:28	4175.04	18.50	-470.96	48.62	13.27	16.24
2022-06-23T09:36:30	4164.18	27.57	-472.27	50.18	12.88	16.45
2022-06-23T09:36:32	4153.31	36.63	-473.58	51.82	12.50	16.61
2022-06-23T09:36:34	4142.43	45.69	-474.89	53.57	12.13	16.74
2022-06-23T09:36:36	4131.55	54.76	-476.20	55.53	11.88	16.94
2022-06-23T09:36:38	4120.67	63.82	-477.50	57.41	12.31	17.71
2022-06-23T09:36:40	4109.77	72.88	-478.81	59.22	12.60	18.46
2022-06-23T09:36:42	4098.88	81.94	-480.12	60.97	12.72	19.23
2022-06-23T09:36:44	4087.98	91.00	-481.42	62.66	12.67	20.02
2022-06-23T09:36:46	4077.07	100.07	-482.73	64.30	12.43	20.85
2022-06-23T09:36:48	4066.16	109.13	-484.03	65.58	12.59	20.98
2022-06-23T09:36:50	4055.24	118.19	-485.34	66.09	13.01	20.59
2022-06-23T09:36:52	4044.32	127.25	-486.64	66.40	13.55	20.24
2022-06-23T09:36:54	4033.39	136.32	-487.94	66.78	14.11	20.10
2022-06-23T09:36:56	4022.46	145.38	-489.24	67.20	14.71	20.16
2022-06-23T09:36:58	4011.52	154.44	-490.54	67.59	15.19	20.35
2022-06-23T09:37:00	4000.58	163.50	-491.85	68.03	15.60	20.59
2022-06-23T09:37:02	3989.63	172.56	-493.15	68.73	15.93	20.97
2022-06-23T09:37:04	3978.68	181.62	-494.45	69.66	16.09	21.56
2022-06-23T09:37:06	3967.72	190.68	-495.74	70.57	16.17	22.26
2022-06-23T09:37:08	3956.76	199.74	-497.04	71.52	16.33	22.95
2022-06-23T09:37:10	3945.78	208.80	-498.34	72.50	16.71	23.58
2022-06-23T09:37:12	3934.81	217.87	-499.64	73.51	17.25	24.26
2022-06-23T09:37:14	3923.83	226.92	-500.93	74.54	17.89	24.96
2022-06-23T09:37:16	3912.84	235.98	-502.23	75.50	18.28	25.40
2022-06-23T09:37:18	3901.85	245.04	-503.52	76.26	18.55	25.96
2022-06-23T09:37:20	3890.85	254.10	-504.82	76.61	18.61	26.57
2022-06-23T09:37:22	3879.85	263.16	-506.11	76.92	18.65	27.22
2022-06-23T09:37:24	3868.84	272.22	-507.40	77.20	18.66	27.94
2022-06-23T09:37:26	3857.83	281.28	-508.69	77.44	18.60	28.74
2022-06-23T09:37:28	3846.81	290.33	-509.98	77.62	18.60	29.11
2022-06-23T09:37:30	3835.78	299.39	-511.28	77.91	18.77	28.95
2022-06-23T09:37:32	3824.75	308.45	-512.57	78.27	18.83	28.77
2022-06-23T09:37:34	3813.71	317.50	-513.85	78.69	18.80	28.59
2022-06-23T09:37:36	3802.67	326.56	-515.14	79.14	18.65	28.39
2022-06-23T09:37:38	3791.62	335.62	-516.43	79.63	18.40	28.18
2022-06-23T09:37:40	3780.56	344.67	-517.71	80.39	18.42	28.56
2022-06-23T09:37:42	3769.50	353.72	-519.00	81.02	18.73	29.26
2022-06-23T09:37:44	3758.44	362.78	-520.29	81.61	19.07	30.02
2022-06-23T09:37:46	3747.36	371.83	-521.57	82.16	19.42	30.84
2022-06-23T09:37:48	3736.28	380.88	-522.85	82.68	19.79	31.69
2022-06-23T09:37:50	3725.20	389.94	-524.13	83.06	20.05	32.45
2022-06-23T09:37:52	3714.11	398.99	-525.41	83.39	20.20	33.11
2022-06-23T09:37:54	3703.01	408.04	-526.70	83.59	19.95	33.47
2022-06-23T09:37:56	3691.91	417.09	-527.97	83.80	19.80	33.75
2022-06-23T09:37:58	3680.80	426.14	-529.25	84.01	19.75	33.98
2022-06-23T09:38:00	3669.69	435.19	-530.53	84.32	19.78	34.02
2022-06-23T09:38:02	3658.57	444.24	-531.81	84.51	19.98	34.02
2022-06-23T09:38:04	3647.44	453.28	-533.08	84.51	20.39	34.09
2022-06-23T09:38:06	3636.30	462.33	-534.36	84.82	20.81	34.25
2022-06-23T09:38:08	3625.16	471.38	-535.63	85.21	21.19	34.50
2022-06-23T09:38:10	3614.02	480.42	-536.90	85.65	21.33	34.92
2022-06-23T09:38:12	3602.86	489.47	-538.18	86.06	21.23	35.45
2022-06-23T09:38:14	3591.70	498.51	-539.45	86.39	21.12	36.03
2022-06-23T09:38:16	3580.54	507.55	-540.72	86.64	21.01	36.63
2022-06-23T09:38:18	3569.37	516.59	-541.99	86.73	20.83	37.24
2022-06-23T09:38:20	3558.19	525.64	-543.26	86.79	20.59	37.83
2022-06-23T09:38:22	3547.00	534.68	-544.53	87.04	20.34	38.41
2022-06-23T09:38:24	3535.81	543.71	-545.79	87.40	20.09	39.00
2022-06-23T09:38:26	3524.61	552.76	-547.06	87.85	19.84	39.60
2022-06-23T09:38:28	3513.41	561.79	-548.32	88.41	19.59	40.21
2022-06-23T09:38:30	3502.20	570.83	-549.58	88.99	19.57	40.82
2022-06-23T09:38:32	3490.98	579.86	-550.85	89.43	20.17	41.36
2022-06-23T09:38:34	3479.76	588.90	-552.11	89.84	20.66	41.86
2022-06-23T09:38:36	3468.53	597.93	-553.37	90.24	21.05	42.30
2022-06-23T09:38:38	3457.29	606.96	-554.63	90.62	21.35	42.72
2022-06-23T09:38:40	3446.04	615.99	-555.88	90.98	21.53	43.11
2022-06-23T09:38:42	3434.79	625.02	-557.14	91.32	21.58	43.46
2022-06-23T09:38:44	3423.53	634.05	-558.40	91.44	21.55	43.76
2022-06-23T09:38:46	3412.27	643.08	-559.65	91.53	21.58	44.08
2022-06-23T09:38:48	3401.00	652.10	-560.90	91.60	21.68	44.43
2022-06-23T09:38:50	3389.72	661.13	-562.16	91.63	21.83	44.76
2022-06-23T09:38:52	3378.43	670.15	-563.41	91.61	22.10	45.04
2022-06-23T09:38:54	3367.14	679.17	-564.66	91.70	22.47	45.35
2022-06-23T09:38:56	3355.84	688.19	-565.91	92.02	22.84	45.70
2022-06-23T09:38:58	3344.53	697.21	-567.15	92.52	23.13	46.09
2022-06-23T09:39:00	3333.22	706.23	-568.40	93.09	23.41	46.53
2022-06-23T09:39:02	3321.90	715.24	-569.64	93.67	23.47	46.75
2022-06-23T09:39:04	3310.57	724.26	-570.89	94.13	23.54	46.93
2022-06-23T09:39:06	3299.24	733.27	-572.13	94.46	23.62	47.04
2022-06-23T09:39:08	3287.89	742.28	-573.37	94.66	23.76	47.06
2022-06-23T09:39:10	3276.54	751.29	-574.62	94.90	24.22	47.13
2022-06-23T09:39:12	3265.19	760.30	-575.85	95.40	24.57	47.65
2022-06-23T09:39:14	3253.82	769.31	-577.09	95.85	24.94	48.15
2022-06-23T09:39:16	3242.45	778.31	-578.33	96.25	25.31	48.64
2022-06-23T09:39:18	3231.07	787.31	-579.56	96.60	25.69	49.12
2022-06-23T09:39:20	3219.68	796.32	-580.80	96.90	26.07	49.58
2022-06-23T09:39:22	3208.29	805.32	-582.03	96.89	26.75	49.71
2022-06-23T09:39:24	3196.89	814.31	-583.26	96.93	27.41	49.77
2022-06-23T09:39:26	3185.48	823.31	-584.49	97.05	28.05	49.77
2022-06-23T09:39:28	3174.07	832.30	-585.72	97.24	28.68	49.72
2022-06-23T09:39:30	3162.64	841.29	-586.94	97.49	29.30	49.60
2022-06-23T09:39:32	3151.21	850.29	-588.17	97.84	29.53	49.58
2022-06-23T09:39:34	3139.77	859.27	-589.39	98.13	29.76	49.61
2022-06-23T09:39:36	3128.33	868.26	-590.62	98.26	29.97	49.78
2022-06-23T09:39:38	3116.87	877.24	-591.84	98.33	30.19	50.05
2022-06-23T09:39:40	3105.41	886.23	-593.06	98.33	30.40	50.41
2022-06-23T09:39:42	3093.94	895.21	-594.27	98.32	30.40	50.76
2022-06-23T09:39:44	3082.46	904.18	-595.49	98.45	30.36	51.01
2022-06-23T09:39:46	3070.98	913.16	-596.71	98.69	30.32	51.17
2022-06-23T09:39:48	3059.49	922.13	-597.92	98.62	30.30	51.32
2022-06-23T09:39:50	3047.99	931.10	-599.13	98.37	30.29	51.46
2022-06-23T09:39:52	3036.48	940.07	-600.34	97.38	30.52	51.94
2022-06-23T09:39:54	3024.96	949.04	-601.55	96.40	30.72	52.51
2022-06-23T09:39:56	3013.44	958.00	-602.76	95.48	30.89	53.17
2022-06-23T09:39:58	3001.91	966.96	-603.97	94.61	31.03	53.91
2022-06-23T09:40:00	2990.37	975.92	-605.17	94.16	31.15	54.46
2022-06-23T09:40:02	2978.82	984.87	-606.37	94.30	31.45	54.49
2022-06-23T09:40:04	2967.26	993.83	-607.57	94.53	31.77	54.63
2022-06-23T09:40:06	2955.70	1002.78	-608.77	94.82	32.08	54.90
2022-06-23T09:40:08	2944.13	1011.72	-609.97	95.17	32.39	55.29
2022-06-23T09:40:10	2932.55	1020.67	-611.17	95.53	32.68	55.81
2022-06-23T09:40:12	2920.96	1029.61	-612.36	95.56	32.81	56.20
2022-06-23T09:40:14	2909.36	1038.55	-613.55	95.68	33.03	56.47
2022-06-23T09:40:16	2897.76	1047.49	-614.74	95.92	33.22	56.76
2022-06-23T09:40:18	2886.14	1056.42	-615.93	96.31	33.39	57.09
2022-06-23T09:40:20	2874.52	1065.35	-617.12	96.87	33.61	57.43
2022-06-23T09:40:22	2862.89	1074.28	-618.31	97.67	34.33	57.72
2022-06-23T09:40:24	2851.26	1083.20	-619.49	98.45	35.09	58.02
2022-06-23T09:40:26	2839.61	1092.12	-620.67	99.16	36.00	58.54
2022-06-23T09:40:28	2827.96	1101.04	-621.85	99.74	36.91	59.27
2022-06-23T09:40:30	2816.29	1109.96	-623.03	100.19	37.76	60.23
2022-06-23T09:40:32	2804.62	1118.87	-624.21	100.58	38.41	61.40
2022-06-23T09:40:34	2792.94	1127.78	-625.38	100.93	39.01	62.69
2022-06-23T09:40:36	2781.26	1136.68	-626.55	101.25	39.55	64.11
2022-06-23T09:40:38	2769.56	1145.58	-627.72	101.39	39.83	64.84
2022-06-23T09:40:40	2757.86	1154.48	-628.89	101.19	39.99	64.43
2022-06-23T09:40:42	2746.14	1163.37	-630.06	100.97	40.25	63.57
2022-06-23T09:40:44	2734.42	1172.27	-631.23	100.87	40.58	62.97
2022-06-23T09:40:46	2722.69	1181.16	-632.39	100.89	40.98	62.63
2022-06-23T09:40:48	2710.95	1190.04	-633.55	101.09	41.45	62.58
2022-06-23T09:40:50	2699.21	1198.92	-634.71	101.32	41.84	63.03
2022-06-23T09:40:52	2687.45	1207.79	-635.86	101.39	42.26	64.18
2022-06-23T09:40:54	2675.68	1216.67	-637.02	101.48	42.73	64.98
2022-06-23T09:40:56	2663.91	1225.53	-638.17	101.63	43.26	65.45
2022-06-23T09:40:58	2652.13	1234.40	-639.32	101.84	43.82	65.61
2022-06-23T09:41:00	2640.34	1243.26	-640.47	102.37	44.46	65.69
2022-06-23T09:41:02	2628.54	1252.12	-641.62	103.13	45.12	65.83
2022-06-23T09:41:04	2616.73	1260.97	-642.76	103.44	45.61	66.06
2022-06-23T09:41:06	2604.91	1269.82	-643.91	103.42	45.94	66.23
2022-06-23T09:41:08	2593.09	1278.66	-645.05	103.29	46.18	66.28
2022-06-23T09:41:10	2581.25	1287.50	-646.18	102.86	46.69	66.62
2022-06-23T09:41:12	2569.41	1296.33	-647.32	102.20	47.41	67.10
2022-06-23T09:41:14	2557.56	1305.16	-648.45	101.40	48.25	67.60
2022-06-23T09:41:16	2545.70	1313.99	-649.58	100.59	49.13	68.16
2022-06-23T09:41:18	2533.83	1322.81	-650.71	100.43	49.73	68.85
2022-06-23T09:41:20	2521.95	1331.63	-651.84	100.55	49.90	69.34
2022-06-23T09:41:22	2510.06	1340.44	-652.96	100.67	50.19	69.74
2022-06-23T09:41:24	2498.17	1349.25	-654.09	100.77	50.65	70.06
2022-06-23T09:41:26	2486.26	1358.05	-655.21	100.86	51.33	70.32
2022-06-23T09:41:28	2474.35	1366.85	-656.32	100.98	52.20	70.56
2022-06-23T09:41:30	2462.43	1375.64	-657.44	101.45	52.85	71.05
2022-06-23T09:41:32	2450.50	1384.43	-658.55	101.94	53.49	71.60
2022-06-23T09:41:34	2438.56	1393.21	-659.66	102.40	54.24	72.12
2022-06-23T09:41:36	2426.61	1401.99	-660.77	102.83	55.06	72.59
2022-06-23T09:41:38	2414.65	1410.76	-661.87	103.23	55.86	73.13
2022-06-23T09:41:40	2402.68	1419.53	-662.97	103.69	56.34	73.92
2022-06-23T09:41:42	2390.71	1428.30	-664.08	104.03	56.62	74.60
2022-06-23T09:41:44	2378.72	1437.05	-665.17	103.83	57.02	74.80
2022-06-23T09:41:46	2366.73	1445.80	-666.27	103.43	57.45	74.80
2022-06-23T09:41:48	2354.72	1454.55	-667.36	102.96	58.49	74.75
2022-06-23T09:41:50	2342.71	1463.29	-668.45	102.76	59.99	74.87
2022-06-23T09:41:52	2330.69	1472.03	-669.54	102.81	61.49	75.04
2022-06-23T09:41:54	2318.66	1480.76	-670.63	103.08	62.95	75.26
2022-06-23T09:41:56	2306.62	1489.48	-671.71	103.43	64.03	75.62
2022-06-23T09:41:58	2294.58	1498.20	-672.79	103.13	64.35	76.34
2022-06-23T09:42:00	2282.52	1506.91	-673.86	102.49	64.55	76.96
2022-06-23T09:42:02	2270.45	1515.62	-674.94	101.62	64.78	77.36
2022-06-23T09:42:04	2258.38	1524.32	-676.01	100.49	65.06	77.56
2022-06-23T09:42:06	2246.29	1533.01	-677.08	99.19	65.45	77.58
2022-06-23T09:42:08	2234.20	1541.70	-678.15	99.46	66.79	78.38
2022-06-23T09:42:10	2222.10	1550.38	-679.21	100.93	68.74	79.83
2022-06-23T09:42:12	2209.99	1559.06	-680.27	102.19	70.59	80.92
2022-06-23T09:42:14	2197.87	1567.73	-681.33	103.26	72.32	81.65
2022-06-23T09:42:16	2185.74	1576.39	-682.39	103.92	73.63	81.87
2022-06-23T09:42:18	2173.60	1585.05	-683.44	103.93	74.16	81.62
2022-06-23T09:42:20	2161.46	1593.70	-684.49	103.64	74.53	81.28
2022-06-23T09:42:22	2149.30	1602.34	-685.54	103.03	74.65	81.11
2022-06-23T09:42:24	2137.14	1610.98	-686.58	102.36	74.98	81.31
2022-06-23T09:42:26	2124.97	1619.61	-687.62	102.40	76.05	81.87
2022-06-23T09:42:28	2112.78	1628.23	-688.66	102.76	77.37	82.72
2022-06-23T09:42:30	2100.59	1636.85	-689.70	102.97	78.67	83.72
2022-06-23T09:42:32	2088.39	1645.46	-690.73	103.02	79.92	84.86
2022-06-23T09:42:34	2076.19	1654.06	-691.76	102.90	81.14	86.15
2022-06-23T09:42:36	2063.97	1662.66	-692.78	102.62	82.02	86.01
2022-06-23T09:42:38	2051.74	1671.25	-693.81	102.47	83.11	85.75
2022-06-23T09:42:40	2039.51	1679.83	-694.83	102.42	84.46	85.62
2022-06-23T09:42:42	2027.26	1688.41	-695.85	102.45	86.08	85.62
2022-06-23T09:42:44	2015.01	1696.97	-696.86	102.58	87.73	85.68
2022-06-23T09:42:46	2002.75	1705.53	-697.87	102.66	88.84	85.82
2022-06-23T09:42:48	1990.48	1714.09	-698.88	102.43	89.80	86.23
2022-06-23T09:42:50	1978.20	1722.63	-699.89	101.81	90.22	86.83
2022-06-23T09:42:52	1965.91	1731.17	-700.89	101.12	90.68	87.37
2022-06-23T09:42:54	1953.62	1739.70	-701.89	100.62	91.06	87.64
2022-06-23T09:42:56	1941.31	1748.22	-702.89	100.28	91.23	87.68
2022-06-23T09:42:58	1929.00	1756.74	-703.88	99.92	91.23	87.62
2022-06-23T09:43:00	1916.68	1765.24	-704.87	99.56	91.07	87.48
2022-06-23T09:43:02	1904.35	1773.74	-705.86	99.60	91.38	87.42
2022-06-23T09:43:04	1892.01	1782.23	-706.84	99.99	93.28	87.92
2022-06-23T09:43:06	1879.66	1790.72	-707.82	100.30	95.08	88.40
2022-06-23T09:43:08	1867.31	1799.19	-708.80	100.51	96.76	88.79
2022-06-23T09:43:10	1854.94	1807.66	-709.77	100.61	98.32	89.09
2022-06-23T09:43:12	1842.57	1816.12	-710.75	100.64	99.76	89.27
2022-06-23T09:43:14	1830.19	1824.57	-711.71	100.82	101.09	89.37
2022-06-23T09:43:16	1817.80	1833.01	-712.68	100.58	101.81	89.43
2022-06-23T09:43:18	1805.40	1841.44	-713.64	100.08	102.44	89.46
2022-06-23T09:43:20	1792.99	1849.87	-714.60	99.49	103.24	89.46
2022-06-23T09:43:22	1780.58	1858.28	-715.55	98.78	103.92	89.82
2022-06-23T09:43:24	1768.16	1866.69	-716.50	98.23	104.68	90.43
2022-06-23T09:43:26	1755.72	1875.09	-717.45	97.87	105.61	91.14
2022-06-23T09:43:28	1743.29	1883.48	-718.39	97.73	106.70	91.96
2022-06-23T09:43:30	1730.84	1891.87	-719.33	97.76	107.28	92.88
2022-06-23T09:43:32	1718.38	1900.24	-720.27	97.27	107.55	93.27
2022-06-23T09:43:34	1705.92	1908.60	-721.21	96.66	107.97	93.46
2022-06-23T09:43:36	1693.45	1916.96	-722.14	95.92	108.54	93.46
2022-06-23T09:43:38	1680.97	1925.30	-723.07	95.08	109.29	93.30
2022-06-23T09:43:40	1668.48	1933.64	-723.99	94.84	110.13	93.35
2022-06-23T09:43:42	1655.99	1941.97	-724.91	95.35	111.03	93.72
2022-06-23T09:43:44	1643.49	1950.29	-725.83	95.93	111.86	94.16
2022-06-23T09:43:46	1630.98	1958.60	-726.74	96.16	112.55	94.49
2022-06-23T09:43:48	1618.46	1966.90	-727.65	96.02	113.10	94.71
2022-06-23T09:43:50	1605.93	1975.19	-728.56	95.48	113.13	94.65
2022-06-23T09:43:52	1593.40	1983.48	-729.46	95.04	113.13	94.68
2022-06-23T09:43:54	1580.86	1991.75	-730.37	94.75	113.15	94.84
2022-06-23T09:43:56	1568.31	2000.01	-731.26	94.59	113.22	95.15
2022-06-23T09:43:58	1555.76	2008.27	-732.16	94.11	113.71	95.72
2022-06-23T09:44:00	1543.20	2016.51	-733.04	93.23	114.59	96.41
2022-06-23T09:44:02	1530.62	2024.75	-733.93	92.36	115.46	96.98
2022-06-23T09:44:04	1518.05	2032.97	-734.81	91.49	116.32	97.42
2022-06-23T09:44:06	1505.46	2041.19	-735.69	90.62	117.18	97.72
2022-06-23T09:44:08	1492.87	2049.40	-736.57	90.26	117.49	97.84
2022-06-23T09:44:10	1480.27	2057.59	-737.44	90.12	117.60	98.15
2022-06-23T09:44:12	1467.66	2065.77	-738.31	90.07	117.54	98.53
2022-06-23T09:44:14	1455.05	2073.95	-739.18	89.90	117.35	98.92
2022-06-23T09:44:16	1442.43	2082.12	-740.04	89.49	117.39	99.27
2022-06-23T09:44:18	1429.80	2090.27	-740.89	88.87	118.22	99.52
2022-06-23T09:44:20	1417.17	2098.42	-741.75	88.39	119.12	99.76
2022-06-23T09:44:22	1404.53	2106.56	-742.60	88.05	120.09	99.99
2022-06-23T09:44:24	1391.88	2114.69	-743.45	87.85	121.13	100.24
2022-06-23T09:44:26	1379.23	2122.80	-744.29	87.28	121.48	100.26
2022-06-23T09:44:28	1366.57	2130.91	-745.13	86.70	121.78	100.21
2022-06-23T09:44:30	1353.90	2139.01	-745.97	86.23	122.21	100.20
2022-06-23T09:44:32	1341.23	2147.09	-746.80	85.84	122.77	100.24
2022-06-23T09:44:34	1328.55	2155.17	-747.63	85.57	123.43	100.49
2022-06-23T09:44:36	1315.86	2163.23	-748.46	85.40	123.94	101.25
2022-06-23T09:44:38	1303.17	2171.29	-749.28	85.11	124.23	102.02
2022-06-23T09:44:40	1290.47	2179.33	-750.10	84.57	124.20	102.51
2022-06-23T09:44:42	1277.77	2187.37	-750.91	83.98	124.22	102.90
2022-06-23T09:44:44	1265.05	2195.39	-751.72	83.06	123.97	102.58
2022-06-23T09:44:46	1252.34	2203.41	-752.53	82.12	123.72	102.20
2022-06-23T09:44:48	1239.62	2211.41	-753.34	81.26	123.55	101.98
2022-06-23T09:44:50	1226.89	2219.40	-754.14	80.46	123.47	101.92
2022-06-23T09:44:52	1214.15	2227.38	-754.94	79.64	123.61	102.19
2022-06-23T09:44:54	1201.41	2235.35	-755.73	78.53	124.40	102.96
2022-06-23T09:44:56	1188.67	2243.31	-756.52	77.48	125.09	103.68
2022-06-23T09:44:58	1175.91	2251.27	-757.31	76.49	125.69	104.37
2022-06-23T09:45:00	1163.16	2259.21	-758.09	75.54	126.19	105.02
2022-06-23T09:45:02	1150.39	2267.13	-758.87	74.77	126.64	104.94
2022-06-23T09:45:04	1137.63	2275.05	-759.65	73.99	127.00	104.61
2022-06-23T09:45:06	1124.85	2282.96	-760.42	73.14	127.24	104.23
2022-06-23T09:45:08	1112.07	2290.86	-761.18	72.54	127.24	103.56
2022-06-23T09:45:10	1099.29	2298.74	-761.95	72.15	127.30	103.09
2022-06-23T09:45:12	1086.50	2306.62	-762.71	71.72	127.65	103.06
2022-06-23T09:45:14	1073.71	2314.48	-763.47	71.15	128.08	103.21
2022-06-23T09:45:16	1060.91	2322.34	-764.23	70.46	128.59	103.55
2022-06-23T09:45:18	1048.10	2330.18	-764.97	69.63	129.14	104.06
2022-06-23T09:45:20	1035.30	2338.02	-765.72	68.71	128.73	104.26
2022-06-23T09:45:22	1022.48	2345.84	-766.46	67.82	127.95	104.26
2022-06-23T09:45:24	1009.66	2353.65	-767.20	67.05	127.16	104.25
2022-06-23T09:45:26	996.84	2361.45	-767.94	66.39	126.45	104.28
2022-06-23T09:45:28	984.01	2369.24	-768.68	65.78	126.19	104.39
2022-06-23T09:45:30	971.18	2377.02	-769.41	65.17	126.57	104.56
2022-06-23T09:45:32	958.35	2384.78	-770.13	64.65	127.01	104.73
2022-06-23T09:45:34	945.50	2392.54	-770.85	64.23	127.51	104.92
2022-06-23T09:45:36	932.66	2400.29	-771.57	63.91	128.04	105.10
2022-06-23T09:45:38	919.81	2408.02	-772.29	63.27	128.00	105.26
2022-06-23T09:45:40	906.96	2415.75	-773.00	62.60	127.87	105.50
2022-06-23T09:45:42	894.10	2423.46	-773.71	61.94	127.69	105.82
2022-06-23T09:45:44	881.24	2431.16	-774.41	61.27	127.45	106.25
2022-06-23T09:45:46	868.37	2438.86	-775.11	60.46	127.12	106.50
2022-06-23T09:45:48	855.51	2446.54	-775.81	59.40	126.79	106.38
2022-06-23T09:45:50	842.63	2454.21	-776.51	58.19	126.49	106.16
2022-06-23T09:45:52	829.76	2461.86	-777.20	56.99	126.12	105.87
2022-06-23T09:45:54	816.88	2469.51	-777.89	55.87	125.74	105.76
2022-06-23T09:45:56	803.99	2477.15	-778.57	55.22	125.24	106.09
2022-06-23T09:45:58	791.10	2484.78	-779.25	54.53	124.80	106.34
2022-06-23T09:46:00	778.21	2492.39	-779.93	53.81	124.39	106.51
2022-06-23T09:46:02	765.32	2500.00	-780.60	53.04	124.01	106.59
2022-06-23T09:46:04	752.42	2507.59	-781.27	52.36	123.75	106.66
2022-06-23T09:46:06	739.52	2515.18	-781.94	51.87	123.65	106.70
2022-06-23T09:46:08	726.62	2522.75	-782.61	51.51	123.67	106.52
2022-06-23T09:46:10	713.71	2530.31	-783.27	51.06	123.67	106.43
2022-06-23T09:46:12	700.80	2537.86	-783.92	50.51	123.62	106.39
2022-06-23T09:46:14	687.89	2545.41	-784.58	49.94	123.32	106.21
2022-06-23T09:46:16	674.97	2552.93	-785.23	49.38	122.95	106.11
2022-06-23T09:46:18	662.05	2560.45	-785.88	48.82	122.50	106.08
2022-06-23T09:46:20	649.14	2567.96	-786.52	48.27	121.97	106.12
2022-06-23T09:46:22	636.21	2575.46	-787.16	47.35	121.33	106.10
2022-06-23T09:46:24	623.28	2582.95	-787.80	46.40	120.70	106.07
2022-06-23T09:46:26	610.35	2590.42	-788.43	45.57	120.09	106.06
2022-06-23T09:46:28	597.42	2597.89	-789.06	44.85	119.50	106.08
2022-06-23T09:46:30	584.49	2605.34	-789.69	44.17	118.90	106.15
2022-06-23T09:46:32	571.55	2612.79	-790.32	43.22	118.22	106.16
2022-06-23T09:46:34	558.61	2620.22	-790.94	42.07	117.44	106.03
2022-06-23T09:46:36	545.67	2627.65	-791.56	40.70	116.56	105.76
2022-06-23T09:46:38	532.73	2635.06	-792.17	39.64	115.80	105.50
2022-06-23T09:46:40	519.79	2642.46	-792.78	39.38	115.44	105.52
2022-06-23T09:46:42	506.84	2649.85	-793.39	39.16	115.08	105.60
2022-06-23T09:46:44	493.89	2657.24	-794.00	38.89	114.69	105.70
2022-06-23T09:46:46	480.94	2664.61	-794.60	38.57	114.25	105.81
2022-06-23T09:46:48	467.98	2671.97	-795.20	38.07	114.08	105.91
2022-06-23T09:46:50	455.03	2679.32	-795.79	37.46	114.33	105.98
2022-06-23T09:46:52	442.07	2686.66	-796.39	36.90	114.67	106.07
2022-06-23T09:46:54	429.11	2693.99	-796.98	36.27	114.83	106.27
2022-06-23T09:46:56	416.15	2701.31	-797.56	35.61	114.76	106.42
2022-06-23T09:46:58	403.19	2708.61	-798.15	34.88	113.85	106.40
2022-06-23T09:47:00	390.23	2715.92	-798.73	34.12	112.94	106.39
2022-06-23T09:47:02	377.27	2723.20	-799.30	33.32	112.03	106.38
2022-06-23T09:47:04	364.30	2730.48	-799.88	32.49	111.13	106.39
2022-06-23T09:47:06	351.33	2737.75	-800.45	31.80	110.30	106.52
2022-06-23T09:47:08	338.36	2745.01	-801.02	31.33	109.67	106.61
2022-06-23T09:47:10	325.40	2752.25	-801.59	30.95	109.12	106.53
2022-06-23T09:47:12	312.42	2759.49	-802.15	30.62	108.52	106.40
2022-06-23T09:47:14	299.45	2766.72	-802.71	30.24	107.89	106.26
2022-06-23T09:47:16	286.48	2773.94	-803.27	29.58	107.33	106.35
2022-06-23T09:47:18	273.51	2781.15	-803.82	28.97	106.91	106.53
2022-06-23T09:47:20	260.53	2788.34	-804.37	28.40	106.60	106.77
2022-06-23T09:47:22	247.56	2795.53	-804.92	27.88	106.39	107.07
2022-06-23T09:47:24	234.58	2802.71	-805.47	27.61	105.85	107.04
2022-06-23T09:47:26	221.60	2809.88	-806.01	27.31	105.09	106.95
2022-06-23T09:47:28	208.62	2817.04	-806.55	26.91	104.30	106.94
2022-06-23T09:47:30	195.64	2824.19	-807.09	26.41	103.46	107.03
2022-06-23T09:47:32	182.66	2831.33	-807.62	25.64	102.55	106.87
2022-06-23T09:47:34	169.68	2838.46	-808.15	24.57	101.63	106.23
2022-06-23T09:47:36	156.70	2845.58	-808.68	23.49	100.79	105.52
2022-06-23T09:47:38	143.72	2852.69	-809.21	22.39	100.04	104.74
2022-06-23T09:47:40	130.74	2859.79	-809.73	21.46	99.32	103.95
2022-06-23T09:47:42	117.76	2866.88	-810.25	21.30	98.41	104.21
2022-06-23T09:47:44	104.78	2873.96	-810.77	21.06	97.67	104.41
2022-06-23T09:47:46	91.79	2881.03	-811.28	20.77	97.07	104.53
2022-06-23T09:47:48	78.81	2888.10	-811.80	20.41	96.62	104.59
2022-06-23T09:47:50	65.83	2895.15	-812.31	19.94	96.24	104.48
2022-06-23T09:47:52	52.84	2902.19	-812.81	19.46	95.71	104.47
2022-06-23T09:47:54	39.86	2909.23	-813.32	19.01	95.01	104.69
2022-06-23T09:47:56	26.88	2916.25	-813.82	18.54	94.26	105.17
2022-06-23T09:47:58	13.89	2923.27	-814.32	17.96	93.78	105.71
2022-06-23T09:48:00	0.91	2930.28	-814.82	17.51	93.51	105.79
2022-06-23T09:48:02	-12.08	2937.28	-815.31	17.17	93.22	105.70
2022-06-23T09:48:04	-25.06	2944.27	-815.80	16.95	92.91	105.45
2022-06-23T09:48:06	-38.04	2951.25	-816.29	16.84	92.58	105.03
2022-06-23T09:48:08	-51.03	2958.22	-816.78	16.30	92.02	104.98
2022-06-23T09:48:10	-64.01	2965.18	-817.26	15.50	91.26	105.07
2022-06-23T09:48:12	-76.99	2972.13	-817.75	14.56	90.37	105.17
2022-06-23T09:48:14	-89.97	2979.08	-818.22	13.63	89.60	105.25
2022-06-23T09:48:16	-102.96	2986.01	-818.70	13.08	89.12	105.18
2022-06-23T09:48:18	-115.94	2992.94	-819.18	13.04	88.97	105.00
2022-06-23T09:48:20	-128.92	2999.86	-819.65	13.04	88.94	104.99
2022-06-23T09:48:22	-141.90	3006.77	-820.12	13.07	88.99	105.12
2022-06-23T09:48:24	-154.88	3013.67	-820.59	13.14	89.14	105.40
2022-06-23T09:48:26	-167.87	3020.56	-821.05	12.36	88.50	105.17
2022-06-23T09:48:28	-180.85	3027.44	-821.51	11.56	87.88	104.89
2022-06-23T09:48:30	-193.82	3034.32	-821.97	10.52	86.95	104.46
2022-06-23T09:48:32	-206.80	3041.18	-822.43	9.61	86.14	104.17
2022-06-23T09:48:34	-219.78	3048.04	-822.89	8.96	85.84	104.30
2022-06-23T09:48:36	-232.76	3054.89	-823.34	8.41	85.74	104.47
2022-06-23T09:48:38	-245.74	3061.73	-823.79	7.84	85.57	104.39
2022-06-23T09:48:40	-258.71	3068.56	-824.24	7.24	85.31	104.06
2022-06-23T09:48:42	-271.69	3075.39	-824.69	6.66	84.92	103.49
2022-06-23T09:48:44	-284.67	3082.20	-825.13	6.27	84.29	102.88
2022-06-23T09:48:46	-297.64	3089.01	-825.57	5.97	83.92	102.67
2022-06-23T09:48:48	-310.61	3095.81	-826.02	5.73	83.72	102.74
2022-06-23T09:48:50	-323.58	3102.60	-826.45	5.50	83.55	102.83
2022-06-23T09:48:52	-336.56	3109.38	-826.89	5.13	83.38	102.85
2022-06-23T09:48:54	-349.53	3116.16	-827.32	4.64	83.07	102.75
2022-06-23T09:48:56	-362.50	3122.92	-827.75	4.08	82.61	102.54
2022-06-23T09:48:58	-375.46	3129.68	-828.18	3.44	82.01	102.21
2022-06-23T09:49:00	-388.43	3136.44	-828.61	2.93	81.51	101.88
2022-06-23T09:49:02	-401.40	3143.18	-829.03	2.82	81.42	101.75
2022-06-23T09:49:04	-414.37	3149.92	-829.46	2.93	81.68	101.87
2022-06-23T09:49:06	-427.33	3156.64	-829.88	2.95	81.99	102.07
2022-06-23T09:49:08	-440.29	3163.36	-830.30	2.88	82.34	102.35
2022-06-23T09:49:10	-453.26	3170.07	-830.72	2.62	82.53	102.46
2022-06-23T09:49:12	-466.22	3176.78	-831.13	2.19	82.68	102.42
2022-06-23T09:49:14	-479.18	3183.48	-831.54	1.59	82.81	102.21
2022-06-23T09:49:16	-492.14	3190.17	-831.95	0.81	82.92	101.85
2022-06-23T09:49:18	-505.09	3196.85	-832.36	0.45	82.84	101.24
2022-06-23T09:49:20	-518.05	3203.52	-832.77	0.89	82.54	100.47
2022-06-23T09:49:22	-531.01	3210.19	-833.17	1.52	82.38	99.80
2022-06-23T09:49:24	-543.96	3216.85	-833.58	2.14	82.43	99.29
2022-06-23T09:49:26	-556.91	3223.50	-833.98	2.68	82.66	99.00
2022-06-23T09:49:28	-569.87	3230.15	-834.38	2.73	82.77	99.10
2022-06-23T09:49:30	-582.82	3236.78	-834.77	2.77	82.90	99.15
2022-06-23T09:49:32	-595.77	3243.41	-835.17	2.83	83.06	99.15
2022-06-23T09:49:34	-608.71	3250.04	-835.56	2.89	83.24	99.10
2022-06-23T09:49:36	-621.66	3256.65	-835.95	3.33	83.58	99.37
2022-06-23T09:49:38	-634.60	3263.26	-836.34	3.80	83.46	99.58
2022-06-23T09:49:40	-647.55	3269.86	-836.73	4.17	83.43	99.70
2022-06-23T09:49:42	-660.49	3276.46	-837.12	4.44	83.48	99.75
2022-06-23T09:49:44	-673.43	3283.04	-837.50	4.50	83.48	99.74
2022-06-23T09:49:46	-686.37	3289.63	-837.88	4.28	83.24	99.84
2022-06-23T09:49:48	-699.31	3296.20	-838.26	4.12	83.10	100.05
2022-06-23T09:49:50	-712.24	3302.76	-838.65	4.03	83.08	100.36
2022-06-23T09:49:52	-725.18	3309.33	-839.02	4.01	83.16	100.79
2022-06-23T09:49:54	-738.11	3315.88	-839.40	4.42	82.70	101.18
2022-06-23T09:49:56	-751.04	3322.42	-839.77	4.96	81.99	101.73
2022-06-23T09:49:58	-763.97	3328.97	-840.14	5.43	81.34	102.37
2022-06-23T09:50:00	-776.90	3335.50	-840.51	5.83	80.77	103.10
2022-06-23T09:50:02	-789.83	3342.02	-840.88	5.92	79.99	104.35
2022-06-23T09:50:04	-802.75	3348.54	-841.25	5.64	78.77	106.07
2022-06-23T09:50:06	-815.67	3355.06	-841.61	5.33	77.44	107.71
2022-06-23T09:50:08	-828.60	3361.56	-841.98	4.96	75.97	109.26
2022-06-23T09:50:10	-841.52	3368.06	-842.34	4.54	74.35	110.66
2022-06-23T09:50:12	-854.44	3374.55	-842.70	4.09	71.26	109.59
2022-06-23T09:50:14	-867.35	3381.04	-843.06	3.62	68.20	108.15
2022-06-23T09:50:16	-880.27	3387.52	-843.42	3.10	65.18	106.49
2022-06-23T09:50:18	-893.18	3394.00	-843.77	2.54	62.20	104.61
2022-06-23T09:50:20	-906.09	3400.46	-844.13	2.47	59.39	102.40
2022-06-23T09:50:22	-919.00	3406.93	-844.48	2.70	56.55	99.76
2022-06-23T09:50:24	-931.91	3413.38	-844.83	2.85	53.53	96.72
2022-06-23T09:50:26	-944.82	3419.83	-845.18	2.94	50.34	93.27
2022-06-23T09:50:28	-957.73	3426.27	-845.53	2.89	47.04	89.51
2022-06-23T09:50:30	-970.63	3432.71	-845.87	2.47	44.28	86.70
2022-06-23T09:50:32	-983.53	3439.14	-846.22	2.05	41.61	84.05
2022-06-23T09:50:34	-996.43	3445.57	-846.56	1.68	38.86	81.33
2022-06-23T09:50:36	-1009.33	3451.99	-846.90	1.37	36.02	78.54
2022-06-23T09:50:38	-1022.23	3458.40	-847.24	0.09	33.07	75.55
2022-06-23T09:50:40	-1035.12	3464.80	-847.58	-1.55	30.17	72.66
2022-06-23T09:50:42	-1048.01	3471.20	-847.92	-3.21	27.35	69.97
2022-06-23T09:50:44	-1060.90	3477.60	-848.25	-4.90	24.61	67.46
2022-06-23T09:50:46	-1073.79	3483.99	-848.59	-6.47	22.46	65.31
2022-06-23T09:50:48	-1086.68	3490.37	-848.92	-7.42	21.47	63.74
2022-06-23T09:50:50	-1099.56	3496.75	-849.25	-8.13	20.54	62.09
2022-06-23T09:50:52	-1112.45	3503.12	-849.58	-8.66	19.69	60.32
2022-06-23T09:50:54	-1125.33	3509.49	-849.91	-9.02	18.93	58.43
2022-06-23T09:50:56	-1138.21	3515.85	-850.24	-9.03	17.86	56.68
2022-06-23T09:50:58	-1151.09	3522.21	-850.57	-9.02	16.67	54.77
2022-06-23T09:51:00	-1163.96	3528.55	-850.89	-9.02	15.42	52.67
2022-06-23T09:51:02	-1176.84	3534.90	-851.21	-9.03	14.11	50.38
2022-06-23T09:51:04	-1189.71	3541.24	-851.54	-8.94	12.95	48.25
2022-06-23T09:51:06	-1202.58	3547.57	-851.86	-9.01	12.20	47.28
2022-06-23T09:51:08	-1215.45	3553.89	-852.17	-9.09	11.53	46.49
2022-06-23T09:51:10	-1228.32	3560.22	-852.49	-9.08	10.95	45.64
2022-06-23T09:51:12	-1241.18	3566.53	-852.81	-8.97	10.44	44.75
2022-06-23T09:51:14	-1254.04	3572.84	-853.13	-8.98	10.46	44.12
2022-06-23T09:51:16	-1266.90	3579.15	-853.44	-9.02	10.49	43.49
2022-06-23T09:51:18	-1279.76	3585.45	-853.75	-9.10	10.52	42.87
2022-06-23T09:51:20	-1292.62	3591.75	-854.07	-9.22	10.55	42.26
2022-06-23T09:51:22	-1305.48	3598.03	-854.38	-9.17	10.37	41.34
2022-06-23T09:51:24	-1318.33	3604.32	-854.68	-8.89	10.16	40.05
2022-06-23T09:51:26	-1331.18	3610.60	-854.99	-8.63	10.15	38.72
2022-06-23T09:51:28	-1344.03	3616.87	-855.30	-8.41	10.27	37.39
2022-06-23T09:51:30	-1356.88	3623.14	-855.60	-8.25	10.51	36.03
2022-06-23T09:51:32	-1369.72	3629.40	-855.91	-8.03	10.44	34.36
2022-06-23T09:51:34	-1382.57	3635.67	-856.21	-7.83	10.27	32.78
2022-06-23T09:51:36	-1395.41	3641.92	-856.51	-7.64	10.02	31.28
2022-06-23T09:51:38	-1408.25	3648.17	-856.81	-7.47	9.67	29.86
2022-06-23T09:51:40	-1421.09	3654.41	-857.11	-7.01	9.37	28.69
2022-06-23T09:51:42	-1433.92	3660.65	-857.41	-6.13	9.17	27.56
2022-06-23T09:51:44	-1446.76	3666.89	-857.71	-5.22	8.98	26.45
2022-06-23T09:51:46	-1459.59	3673.11	-858.00	-4.47	8.69	25.36
2022-06-23T09:51:48	-1472.42	3679.34	-858.30	-3.93	8.31	24.42
2022-06-23T09:51:50	-1485.25	3685.56	-858.59	-3.77	7.75	24.03
2022-06-23T09:51:52	-1498.07	3691.77	-858.88	-3.62	7.09	23.63
2022-06-23T09:51:54	-1510.89	3697.98	-859.18	-3.47	6.31	23.21
2022-06-23T09:51:56	-1523.72	3704.19	-859.47	-3.32	5.42	22.77
2022-06-23T09:51:58	-1536.54	3710.39	-859.76	-3.08	4.92	22.70
2022-06-23T09:52:00	-1549.36	3716.58	-860.04	-2.87	4.76	22.95
2022-06-23T09:52:02	-1562.17	3722.78	-860.33	-2.82	4.78	23.26
2022-06-23T09:52:04	-1574.99	3728.96	-860.62	-2.90	4.74	23.44
2022-06-23T09:52:06	-1587.80	3735.14	-860.90	-3.08	4.79	23.44
2022-06-23T09:52:08	-1600.61	3741.32	-861.19	-3.23	5.22	23.24
2022-06-23T09:52:10	-1613.42	3747.50	-861.47	-3.30	5.59	23.15
2022-06-23T09:52:12	-1626.22	3753.66	-861.75	-3.29	5.92	23.15
2022-06-23T09:52:14	-1639.03	3759.83	-862.03	-3.20	6.19	23.25
2022-06-23T09:52:16	-1651.83	3765.99	-862.31	-2.89	6.31	23.43
2022-06-23T09:52:18	-1664.63	3772.14	-862.59	-2.47	6.41	23.74
2022-06-23T09:52:20	-1677.43	3778.29	-862.87	-2.10	6.60	23.90
2022-06-23T09:52:22	-1690.22	3784.44	-863.15	-1.86	6.83	24.09
2022-06-23T09:52:24	-1703.02	3790.58	-863.42	-1.88	6.99	23.96
2022-06-23T09:52:26	-1715.81	3796.72	-863.69	-2.22	7.00	23.16
2022-06-23T09:52:28	-1728.60	3802.85	-863.97	-2.55	7.07	22.46
2022-06-23T09:52:30	-1741.39	3808.98	-864.24	-2.86	7.21	21.85
2022-06-23T09:52:32	-1754.17	3815.11	-864.51	-3.16	7.41	21.35
2022-06-23T09:52:34	-1766.96	3821.23	-864.78	-3.52	7.65	21.10
2022-06-23T09:52:36	-1779.74	3827.34	-865.05	-3.88	7.70	20.85
2022-06-23T09:52:38	-1792.52	3833.45	-865.32	-4.02	7.53	20.42
2022-06-23T09:52:40	-1805.30	3839.56	-865.59	-3.98	7.33	19.97
2022-06-23T09:52:42	-1818.08	3845.67	-865.86	-3.78	7.29	19.79
2022-06-23T09:52:44	-1830.85	3851.77	-866.12	-3.52	7.55	20.08
2022-06-23T09:52:46	-1843.62	3857.86	-866.39	-3.31	7.89	20.40
2022-06-23T09:52:48	-1856.39	3863.95	-866.65	-3.13	8.32	20.75
2022-06-23T09:52:50	-1869.16	3870.04	-866.91	-3.00	8.83	21.15
2022-06-23T09:52:52	-1881.93	3876.12	-867.18	-2.98	9.27	20.99
2022-06-23T09:52:54	-1894.69	3882.20	-867.44	-3.01	9.69	20.81
2022-06-23T09:52:56	-1907.46	3888.28	-867.70	-3.04	10.03	20.63
2022-06-23T09:52:58	-1920.22	3894.35	-867.96	-2.99	10.30	20.44
2022-06-23T09:53:00	-1932.98	3900.42	-868.22	-2.97	10.63	20.15
2022-06-23T09:53:02	-1945.73	3906.48	-868.47	-3.08	10.99	19.60
2022-06-23T09:53:04	-1958.49	3912.54	-868.73	-3.25	11.28	19.05
2022-06-23T09:53:06	-1971.24	3918.60	-868.99	-3.48	11.51	18.50
2022-06-23T09:53:08	-1983.99	3924.65	-869.25	-3.78	11.68	17.93
2022-06-23T09:53:10	-1996.74	3930.70	-869.50	-3.84	11.22	17.67
2022-06-23T09:53:12	-2009.49	3936.74	-869.75	-3.91	10.68	17.45
2022-06-23T09:53:14	-2022.23	3942.79	-870.00	-4.02	10.14	17.23
2022-06-23T09:53:16	-2034.97	3948.83	-870.26	-4.15	9.77	17.05
2022-06-23T09:53:18	-2047.71	3954.86	-870.51	-4.10	9.71	17.01
2022-06-23T09:53:20	-2060.45	3960.89	-870.76	-3.92	9.92	17.15
2022-06-23T09:53:22	-2073.19	3966.91	-871.01	-3.81	10.13	17.27
2022-06-23T09:53:24	-2085.93	3972.94	-871.26	-3.78	10.31	17.38
2022-06-23T09:53:26	-2098.66	3978.96	-871.50	-3.83	10.49	17.47
2022-06-23T09:53:28	-2111.39	3984.97	-871.75	-3.76	10.39	17.16
2022-06-23T09:53:30	-2124.12	3990.98	-872.00	-3.54	10.27	16.74
2022-06-23T09:53:32	-2136.85	3996.99	-872.24	-3.19	10.16	16.23
2022-06-23T09:53:34	-2149.57	4003.00	-872.49	-2.75	10.06	15.60
2022-06-23T09:53:36	-2162.30	4009.00	-872.73	-2.60	10.14	15.03
2022-06-23T09:53:38	-2175.02	4015.00	-872.97	-2.73	10.40	14.68
2022-06-23T09:53:40	-2187.74	4020.99	-873.22	-2.83	10.65	14.42
2022-06-23T09:53:42	-2200.46	4026.98	-873.46	-2.90	10.90	14.24
2022-06-23T09:53:44	-2213.17	4032.97	-873.70	-2.95	11.14	14.15
2022-06-23T09:53:46	-2225.89	4038.95	-873.94	-2.90	10.87	14.20
2022-06-23T09:53:48	-2238.60	4044.93	-874.18	-2.86	10.57	14.28
2022-06-23T09:53:50	-2251.31	4050.91	-874.42	-2.84	10.25	14.39
2022-06-23T09:53:52	-2264.01	4056.88	-874.65	-2.84	9.91	14.53
2022-06-23T09:53:54	-2276.72	4062.85	-874.89	-3.10	9.48	14.61
2022-06-23T09:53:56	-2289.43	4068.82	-875.13	-3.54	9.05	14.56
2022-06-23T09:53:58	-2302.13	4074.79	-875.36	-3.99	8.65	14.50
2022-06-23T09:54:00	-2314.83	4080.74	-875.60	-4.46	8.26	14.45
2022-06-23T09:54:02	-2327.53	4086.70	-875.83	-4.95	7.89	14.40
2022-06-23T09:54:04	-2340.23	4092.66	-876.07	-5.40	7.98	14.54
2022-06-23T09:54:06	-2352.92	4098.61	-876.30	-5.82	8.08	14.67
2022-06-23T09:54:08	-2365.61	4104.56	-876.53	-6.22	8.18	14.76
2022-06-23T09:54:10	-2378.30	4110.50	-876.76	-6.58	8.26	14.83
2022-06-23T09:54:12	-2390.99	4116.44	-876.99	-6.95	8.41	14.86
2022-06-23T09:54:14	-2403.68	4122.38	-877.22	-7.34	8.61	14.92
2022-06-23T09:54:16	-2416.37	4128.31	-877.45	-7.69	8.76	14.94
2022-06-23T09:54:18	-2429.05	4134.25	-877.68	-8.00	8.87	14.93
2022-06-23T09:54:20	-2441.73	4140.17	-877.91	-8.26	8.94	14.88
2022-06-23T09:54:22	-2454.41	4146.10	-878.14	-8.60	8.87	15.51
2022-06-23T09:54:24	-2467.09	4152.02	-878.37	-8.98	8.79	16.20
2022-06-23T09:54:26	-2479.76	4157.94	-878.59	-9.38	8.72	16.89
2022-06-23T09:54:28	-2492.44	4163.86	-878.81	-9.82	8.66	17.60
2022-06-23T09:54:30	-2505.11	4169.77	-879.04	-10.19	8.48	18.26
2022-06-23T09:54:32	-2517.78	4175.68	-879.27	-10.41	8.16	18.87
2022-06-23T09:54:34	-2530.45	4181.59	-879.49	-10.67	7.84	19.48
2022-06-23T09:54:36	-2543.12	4187.50	-879.71	-11.00	7.55	20.08
2022-06-23T09:54:38	-2555.78	4193.40	-879.93	-11.39	7.27	20.66
2022-06-23T09:54:40	-2568.45	4199.29	-880.16	-11.51	7.16	20.47
2022-06-23T09:54:42	-2581.11	4205.19	-880.38	-11.64	7.12	20.22
2022-06-23T09:54:44	-2593.77	4211.08	-880.60	-11.81	7.14	20.00
2022-06-23T09:54:46	-2606.43	4216.97	-880.82	-12.03	7.23	19.81
2022-06-23T09:54:48	-2619.08	4222.86	-881.04	-12.36	7.19	19.65
2022-06-23T09:54:50	-2631.74	4228.74	-881.25	-12.86	6.89	19.49
2022-06-23T09:54:52	-2644.39	4234.62	-881.47	-13.16	6.52	19.44
2022-06-23T09:54:54	-2657.04	4240.51	-881.69	-13.47	6.17	19.48
2022-06-23T09:54:56	-2669.69	4246.38	-881.91	-13.80	5.84	19.59
2022-06-23T09:54:58	-2682.33	4252.25	-882.12	-13.76	5.56	19.90
2022-06-23T09:55:00	-2694.98	4258.12	-882.34	-13.67	5.29	20.19
2022-06-23T09:55:02	-2707.62	4263.99	-882.55	-13.59	5.01	20.42
2022-06-23T09:55:04	-2720.26	4269.86	-882.77	-13.51	4.74	20.61
2022-06-23T09:55:06	-2732.90	4275.72	-882.98	-13.35	4.51	20.70
2022-06-23T09:55:08	-2745.54	4281.58	-883.20	-13.02	4.36	20.64
2022-06-23T09:55:10	-2758.18	4287.43	-883.41	-12.67	4.21	20.50
2022-06-23T09:55:12	-2770.81	4293.29	-883.62	-12.29	4.06	20.38
2022-06-23T09:55:14	-2783.44	4299.14	-883.83	-11.95	3.90	20.25
2022-06-23T09:55:16	-2796.07	4304.99	-884.04	-11.87	3.60	20.33
2022-06-23T09:55:18	-2808.70	4310.83	-884.25	-11.84	3.29	20.38
2022-06-23T09:55:20	-2821.33	4316.68	-884.46	-11.79	3.01	20.36
2022-06-23T09:55:22	-2833.96	4322.52	-884.67	-11.73	2.75	20.26
2022-06-23T09:55:24	-2846.58	4328.36	-884.88	-11.69	2.59	20.07
2022-06-23T09:55:26	-2859.20	4334.19	-885.09	-11.75	2.62	19.82
2022-06-23T09:55:28	-2871.82	4340.02	-885.30	-11.82	2.67	19.61
2022-06-23T09:55:30	-2884.44	4345.85	-885.51	-11.95	2.74	19.44
2022-06-23T09:55:32	-2897.06	4351.68	-885.71	-12.19	2.81	19.30
2022-06-23T09:55:34	-2909.67	4357.51	-885.92	-12.41	2.84	19.35
2022-06-23T09:55:36	-2922.29	4363.33	-886.13	-12.55	2.85	19.43
2022-06-23T09:55:38	-2934.90	4369.15	-886.33	-12.61	2.84	19.46
2022-06-23T09:55:40	-2947.51	4374.97	-886.53	-12.60	2.80	19.45
2022-06-23T09:55:42	-2960.12	4380.78	-886.74	-12.59	2.80	19.41
2022-06-23T09:55:44	-2972.72	4386.60	-886.94	-12.77	3.03	19.44
2022-06-23T09:55:46	-2985.33	4392.41	-887.14	-12.95	3.31	19.47
2022-06-23T09:55:48	-2997.93	4398.21	-887.35	-13.14	3.65	19.51
2022-06-23T09:55:50	-3010.53	4404.02	-887.55	-13.21	3.91	19.51
2022-06-23T09:55:52	-3023.13	4409.82	-887.75	-13.14	3.82	19.27
2022-06-23T09:55:54	-3035.73	4415.62	-887.96	-13.08	3.62	18.99
