Time	POS_X	POS_Y	POS_Z	B_X	B_Y	B_Z
2022-06-23T09:32:50	5334.52	-967.62	-325.79	62.01	-11.10	10.82
2022-06-23T09:32:52	5324.07	-958.60	-327.13	62.12	-11.20	10.89
2022-06-23T09:32:54	5313.62	-949.57	-328.48	62.25	-11.29	10.94
2022-06-23T09:32:56	5303.16	-940.55	-329.82	62.40	-11.38	10.97
2022-06-23T09:32:58	5292.70	-931.53	-331.17	62.57	-11.45	11.00
2022-06-23T09:33:00	5282.24	-922.50	-332.52	62.76	-11.51	11.02
2022-06-23T09:33:02	5271.78	-913.48	-333.86	62.87	-11.53	11.07
2022-06-23T09:33:04	5261.31	-904.45	-335.21	62.88	-11.52	11.19
2022-06-23T09:33:06	5250.84	-895.43	-336.55	62.87	-11.51	11.32
2022-06-23T09:33:08	5240.37	-886.40	-337.90	62.86	-11.49	11.48
2022-06-23T09:33:10	5229.89	-877.37	-339.24	62.82	-11.47	11.67
2022-06-23T09:33:12	5219.41	-868.34	-340.59	62.78	-11.45	11.86
2022-06-23T09:33:14	5208.93	-859.32	-341.93	62.82	-11.49	11.91
2022-06-23T09:33:16	5198.45	-850.29	-343.28	62.89	-11.57	11.82
2022-06-23T09:33:18	5187.96	-841.26	-344.62	62.93	-11.68	11.76
2022-06-23T09:33:20	5177.47	-832.23	-345.97	62.92	-11.82	11.72
2022-06-23T09:33:22	5166.97	-823.20	-347.31	62.89	-11.97	11.71
2022-06-23T09:33:24	5156.47	-814.17	-348.65	62.85	-12.04	11.70
2022-06-23T09:33:26	5145.97	-805.14	-350.00	62.81	-12.03	11.72
2022-06-23T09:33:28	5135.47	-796.10	-351.34	62.99	-11.92	11.68
2022-06-23T09:33:30	5124.96	-787.07	-352.68	63.18	-11.80	11.66
2022-06-23T09:33:32	5114.45	-778.04	-354.02	63.36	-11.69	11.68
2022-06-23T09:33:34	5103.94	-769.01	-355.37	63.53	-11.60	11.72
2022-06-23T09:33:36	5093.42	-759.97	-356.71	63.70	-11.57	11.73
2022-06-23T09:33:38	5082.90	-750.94	-358.05	63.81	-11.56	11.74
2022-06-23T09:33:40	5072.38	-741.90	-359.39	63.86	-11.59	11.75
2022-06-23T09:33:42	5061.85	-732.87	-360.73	63.92	-11.62	11.77
2022-06-23T09:33:44	5051.32	-723.83	-362.07	63.98	-11.65	11.82
2022-06-23T09:33:46	5040.79	-714.79	-363.42	64.09	-11.67	11.86
2022-06-23T09:33:48	5030.25	-705.76	-364.76	64.19	-11.70	11.88
2022-06-23T09:33:50	5019.71	-696.72	-366.10	64.27	-11.73	11.88
2022-06-23T09:33:52	5009.17	-687.68	-367.44	64.35	-11.76	11.85
2022-06-23T09:33:54	4998.62	-678.64	-368.78	64.43	-11.78	11.84
2022-06-23T09:33:56	4988.07	-669.60	-370.12	64.48	-11.82	11.87
2022-06-23T09:33:58	4977.52	-660.56	-371.46	64.54	-11.85	11.92
2022-06-23T09:34:00	4966.96	-651.52	-372.80	64.59	-11.89	11.99
2022-06-23T09:34:02	4956.40	-642.48	-374.13	64.64	-11.94	12.07
2022-06-23T09:34:04	4945.84	-633.44	-375.47	64.69	-11.98	12.18
2022-06-23T09:34:06	4935.27	-624.40	-376.81	64.74	-12.05	12.23
2022-06-23T09:34:08	4924.70	-615.36	-378.15	64.79	-12.20	12.33
2022-06-23T09:34:10	4914.13	-606.31	-379.49	64.84	-12.34	12.42
2022-06-23T09:34:12	4903.55	-597.27	-380.83	64.89	-12.47	12.52
2022-06-23T09:34:14	4892.97	-588.23	-382.16	64.95	-12.59	12.61
2022-06-23T09:34:16	4882.39	-579.18	-383.50	65.00	-12.70	12.69
2022-06-23T09:34:18	4871.80	-570.14	-384.84	65.08	-12.77	12.70
2022-06-23T09:34:20	4861.21	-561.09	-386.17	65.17	-12.82	12.65
2022-06-23T09:34:22	4850.61	-552.05	-387.51	65.27	-12.86	12.63
2022-06-23T09:34:24	4840.01	-543.00	-388.85	65.37	-12.90	12.64
2022-06-23T09:34:26	4829.41	-533.95	-390.18	65.48	-12.93	12.68
2022-06-23T09:34:28	4818.81	-524.91	-391.52	65.59	-12.95	12.76
2022-06-23T09:34:30	4808.20	-515.86	-392.85	65.67	-12.92	12.80
2022-06-23T09:34:32	4797.58	-506.81	-394.19	65.77	-12.93	12.77
2022-06-23T09:34:34	4786.97	-497.76	-395.52	65.86	-12.95	12.74
2022-06-23T09:34:36	4776.35	-488.72	-396.86	65.95	-13.01	12.73
2022-06-23T09:34:38	4765.72	-479.67	-398.19	66.03	-13.09	12.73
2022-06-23T09:34:40	4755.09	-470.62	-399.52	66.11	-13.16	12.77
2022-06-23T09:34:42	4744.46	-461.57	-400.86	66.17	-13.20	12.85
2022-06-23T09:34:44	4733.82	-452.52	-402.19	66.20	-13.10	12.92
2022-06-23T09:34:46	4723.19	-443.47	-403.52	66.23	-13.00	13.00
2022-06-23T09:34:48	4712.54	-434.42	-404.85	66.28	-12.90	13.06
2022-06-23T09:34:50	4701.89	-425.37	-406.19	66.32	-12.84	13.13
2022-06-23T09:34:52	4691.24	-416.31	-407.52	66.32	-12.82	13.19
2022-06-23T09:34:54	4680.59	-407.26	-408.85	66.33	-12.82	13.26
2022-06-23T09:34:56	4669.93	-398.21	-410.18	66.34	-12.86	13.30
2022-06-23T09:34:58	4659.27	-389.16	-411.51	66.36	-12.92	13.31
2022-06-23T09:35:00	4648.60	-380.10	-412.84	66.40	-12.99	13.32
2022-06-23T09:35:02	4637.93	-371.05	-414.17	66.53	-13.09	13.37
2022-06-23T09:35:04	4627.26	-362.00	-415.50	66.64	-13.18	13.44
2022-06-23T09:35:06	4616.58	-352.94	-416.83	66.74	-13.27	13.52
2022-06-23T09:35:08	4605.89	-343.89	-418.16	66.82	-13.35	13.63
2022-06-23T09:35:10	4595.21	-334.83	-419.48	66.91	-13.35	13.73
2022-06-23T09:35:12	4584.52	-325.78	-420.81	67.01	-13.32	13.83
2022-06-23T09:35:14	4573.82	-316.72	-422.14	67.13	-13.30	13.91
2022-06-23T09:35:16	4563.12	-307.66	-423.47	67.26	-13.31	13.98
2022-06-23T09:35:18	4552.42	-298.61	-424.80	67.41	-13.32	14.04
2022-06-23T09:35:20	4541.71	-289.55	-426.12	67.56	-13.36	14.10
2022-06-23T09:35:22	4531.00	-280.50	-427.45	67.64	-13.39	14.15
2022-06-23T09:35:24	4520.28	-271.44	-428.77	67.69	-13.41	14.18
2022-06-23T09:35:26	4509.56	-262.38	-430.10	67.74	-13.44	14.20
2022-06-23T09:35:28	4498.84	-253.32	-431.42	67.79	-13.46	14.20
2022-06-23T09:35:30	4488.11	-244.27	-432.75	67.85	-13.48	14.20
2022-06-23T09:35:32	4477.38	-235.21	-434.07	67.91	-13.50	14.17
2022-06-23T09:35:34	4466.64	-226.15	-435.40	67.98	-13.51	14.25
2022-06-23T09:35:36	4455.90	-217.09	-436.72	68.06	-13.53	14.34
2022-06-23T09:35:38	4445.16	-208.03	-438.04	68.16	-13.56	14.42
2022-06-23T09:35:40	4434.40	-198.97	-439.36	68.27	-13.59	14.50
2022-06-23T09:35:42	4423.65	-189.91	-440.69	68.40	-13.63	14.56
2022-06-23T09:35:44	4412.89	-180.85	-442.01	68.48	-13.69	14.63
2022-06-23T09:35:46	4402.13	-171.79	-443.33	68.49	-13.75	14.69
2022-06-23T09:35:48	4391.36	-162.73	-444.65	68.41	-13.81	14.76
2022-06-23T09:35:50	4380.59	-153.67	-445.97	68.35	-13.87	14.85
2022-06-23T09:35:52	4369.81	-144.61	-447.29	68.30	-13.93	14.96
2022-06-23T09:35:54	4359.03	-135.55	-448.61	68.28	-13.98	15.08
2022-06-23T09:35:56	4348.25	-126.49	-449.93	68.34	-14.03	15.20
2022-06-23T09:35:58	4337.46	-117.43	-451.24	68.41	-14.07	15.32
2022-06-23T09:36:00	4326.66	-108.37	-452.56	68.57	-14.13	15.42
2022-06-23T09:36:02	4315.86	-99.30	-453.88	68.72	-14.20	15.50
2022-06-23T09:36:04	4305.06	-90.24	-455.20	68.85	-14.29	15.57
2022-06-23T09:36:06	4294.25	-81.18	-456.51	68.92	-14.31	15.63
2022-06-23T09:36:08	4283.44	-72.12	-457.83	68.98	-14.33	15.70
2022-06-23T09:36:10	4272.62	-63.06	-459.14	69.03	-14.36	15.75
2022-06-23T09:36:12	4261.80	-53.99	-460.46	69.02	-14.40	15.88
2022-06-23T09:36:14	4250.97	-44.93	-461.77	68.98	-14.43	16.05
2022-06-23T09:36:16	4240.14	-35.87	-463.09	69.00	-14.47	16.22
2022-06-23T09:36:18	4229.30	-26.81	-464.40	69.04	-14.49	16.38
2022-06-23T09:36:20	4218.46	-17.75	-465.71	69.10	-14.50	16.53
2022-06-23T09:36:22	4207.61	-8.68	-467.03	69.18	-14.49	16.66
2022-06-23T09:36:24	4196.76	0.38	-468.34	69.29	-14.47	16.75
2022-06-23T09:36:26	4185.91	9.44	-469.65	69.38	-14.45	16.80
2022-06-23T09:36:28	4175.04	18.50	-470.96	69.44	-14.45	16.85
2022-06-23T09:36:30	4164.18	27.57	-472.27	69.49	-14.45	16.92
2022-06-23T09:36:32	4153.31	36.63	-473.58	69.53	-14.46	17.01
2022-06-23T09:36:34	4142.43	45.69	-474.89	69.57	-14.49	17.12
2022-06-23T09:36:36	4131.55	54.76	-476.20	69.61	-14.50	17.25
2022-06-23T09:36:38	4120.67	63.82	-477.50	69.72	-14.35	17.43
2022-06-23T09:36:40	4109.77	72.88	-478.81	69.82	-14.20	17.59
2022-06-23T09:36:42	4098.88	81.94	-480.12	69.91	-14.04	17.74
2022-06-23T09:36:44	4087.98	91.00	-481.42	69.99	-13.87	17.88
2022-06-23T09:36:46	4077.07	100.07	-482.73	70.05	-13.69	18.00
2022-06-23T09:36:48	4066.16	109.13	-484.03	70.00	-13.53	18.22
2022-06-23T09:36:50	4055.24	118.19	-485.34	70.01	-13.46	18.40
2022-06-23T09:36:52	4044.32	127.25	-486.64	70.07	-13.41	18.56
2022-06-23T09:36:54	4033.39	136.32	-487.94	70.15	-13.35	18.73
2022-06-23T09:36:56	4022.46	145.38	-489.24	70.27	-13.28	18.91
2022-06-23T09:36:58	4011.52	154.44	-490.54	70.44	-13.19	19.12
2022-06-23T09:37:00	4000.58	163.50	-491.85	70.58	-13.05	19.33
2022-06-23T09:37:02	3989.63	172.56	-493.15	70.58	-12.84	19.57
2022-06-23T09:37:04	3978.68	181.62	-494.45	70.49	-12.59	19.81
2022-06-23T09:37:06	3967.72	190.68	-495.74	70.45	-12.37	20.01
2022-06-23T09:37:08	3956.76	199.74	-497.04	70.41	-12.12	20.26
2022-06-23T09:37:10	3945.78	208.80	-498.34	70.37	-11.83	20.58
2022-06-23T09:37:12	3934.81	217.87	-499.64	70.41	-11.52	20.92
2022-06-23T09:37:14	3923.83	226.92	-500.93	70.42	-11.22	21.32
2022-06-23T09:37:16	3912.84	235.98	-502.23	69.88	-11.13	22.05
2022-06-23T09:37:18	3901.85	245.04	-503.52	69.41	-11.13	22.80
2022-06-23T09:37:20	3890.85	254.10	-504.82	69.04	-11.16	23.67
2022-06-23T09:37:22	3879.85	263.16	-506.11	68.85	-11.28	24.69
2022-06-23T09:37:24	3868.84	272.22	-507.40	68.87	-11.48	25.87
2022-06-23T09:37:26	3857.83	281.28	-508.69	69.10	-11.80	27.24
2022-06-23T09:37:28	3846.81	290.33	-509.98	68.73	-11.64	27.78
2022-06-23T09:37:30	3835.78	299.39	-511.28	67.86	-10.97	27.66
2022-06-23T09:37:32	3824.75	308.45	-512.57	67.04	-10.40	27.64
2022-06-23T09:37:34	3813.71	317.50	-513.85	66.28	-9.94	27.72
2022-06-23T09:37:36	3802.67	326.56	-515.14	65.59	-9.58	27.91
2022-06-23T09:37:38	3791.62	335.62	-516.43	64.97	-9.32	28.19
2022-06-23T09:37:40	3780.56	344.67	-517.71	63.63	-9.04	28.28
2022-06-23T09:37:42	3769.50	353.72	-519.00	62.29	-8.52	28.48
2022-06-23T09:37:44	3758.44	362.78	-520.29	61.00	-7.95	28.80
2022-06-23T09:37:46	3747.36	371.83	-521.57	59.75	-7.31	29.25
2022-06-23T09:37:48	3736.28	380.88	-522.85	58.54	-6.63	29.82
2022-06-23T09:37:50	3725.20	389.94	-524.13	57.84	-6.11	30.36
2022-06-23T09:37:52	3714.11	398.99	-525.41	57.44	-5.53	30.72
2022-06-23T09:37:54	3703.01	408.04	-526.70	57.67	-4.74	30.70
2022-06-23T09:37:56	3691.91	417.09	-527.97	57.83	-3.89	30.75
2022-06-23T09:37:58	3680.80	426.14	-529.25	57.92	-2.97	30.87
2022-06-23T09:38:00	3669.69	435.19	-530.53	58.00	-2.12	31.22
2022-06-23T09:38:02	3658.57	444.24	-531.81	58.10	-1.37	31.74
2022-06-23T09:38:04	3647.44	453.28	-533.08	58.20	-0.66	32.36
2022-06-23T09:38:06	3636.30	462.33	-534.36	57.97	-0.24	32.73
2022-06-23T09:38:08	3625.16	471.38	-535.63	57.65	0.12	33.11
2022-06-23T09:38:10	3614.02	480.42	-536.90	57.20	0.47	33.47
2022-06-23T09:38:12	3602.86	489.47	-538.18	56.73	0.82	33.77
2022-06-23T09:38:14	3591.70	498.51	-539.45	56.36	1.18	34.10
2022-06-23T09:38:16	3580.54	507.55	-540.72	56.07	1.56	34.46
2022-06-23T09:38:18	3569.37	516.59	-541.99	55.76	1.83	34.97
2022-06-23T09:38:20	3558.19	525.64	-543.26	55.32	1.84	35.50
2022-06-23T09:38:22	3547.00	534.68	-544.53	54.71	1.68	35.95
2022-06-23T09:38:24	3535.81	543.71	-545.79	54.15	1.55	36.44
2022-06-23T09:38:26	3524.61	552.76	-547.06	53.63	1.43	36.97
2022-06-23T09:38:28	3513.41	561.79	-548.32	53.16	1.31	37.56
2022-06-23T09:38:30	3502.20	570.83	-549.58	52.79	1.34	38.14
2022-06-23T09:38:32	3490.98	579.86	-550.85	52.56	1.76	38.53
2022-06-23T09:38:34	3479.76	588.90	-552.11	52.30	2.07	38.81
2022-06-23T09:38:36	3468.53	597.93	-553.37	52.01	2.27	38.99
2022-06-23T09:38:38	3457.29	606.96	-554.63	51.71	2.38	39.08
2022-06-23T09:38:40	3446.04	615.99	-555.88	51.37	2.43	39.16
2022-06-23T09:38:42	3434.79	625.02	-557.14	50.98	2.76	39.57
2022-06-23T09:38:44	3423.53	634.05	-558.40	50.92	2.95	40.08
2022-06-23T09:38:46	3412.27	643.08	-559.65	50.85	3.07	40.65
2022-06-23T09:38:48	3401.00	652.10	-560.90	50.72	3.13	41.29
2022-06-23T09:38:50	3389.72	661.13	-562.16	50.57	3.10	42.01
2022-06-23T09:38:52	3378.43	670.15	-563.41	50.76	2.88	42.60
2022-06-23T09:38:54	3367.14	679.17	-564.66	50.91	2.75	43.15
2022-06-23T09:38:56	3355.84	688.19	-565.91	51.07	2.81	43.73
2022-06-23T09:38:58	3344.53	697.21	-567.15	51.17	2.96	44.28
2022-06-23T09:39:00	3333.22	706.23	-568.40	51.14	3.11	44.72
2022-06-23T09:39:02	3321.90	715.24	-569.64	50.82	2.98	44.43
2022-06-23T09:39:04	3310.57	724.26	-570.89	50.39	2.80	43.88
2022-06-23T09:39:06	3299.24	733.27	-572.13	49.85	2.58	43.07
2022-06-23T09:39:08	3287.89	742.28	-573.37	49.30	2.26	41.98
2022-06-23T09:39:10	3276.54	751.29	-574.62	49.11	1.61	40.83
2022-06-23T09:39:12	3265.19	760.30	-575.85	49.48	1.34	41.12
2022-06-23T09:39:14	3253.82	769.31	-577.09	49.83	1.19	41.50
2022-06-23T09:39:16	3242.45	778.31	-578.33	50.14	1.16	41.92
2022-06-23T09:39:18	3231.07	787.31	-579.56	50.40	1.25	42.38
2022-06-23T09:39:20	3219.68	796.32	-580.80	50.61	1.48	42.87
2022-06-23T09:39:22	3208.29	805.32	-582.03	51.41	2.13	43.02
2022-06-23T09:39:24	3196.89	814.31	-583.26	52.13	2.73	43.21
2022-06-23T09:39:26	3185.48	823.31	-584.49	52.66	3.24	43.46
2022-06-23T09:39:28	3174.07	832.30	-585.72	53.01	3.67	43.78
2022-06-23T09:39:30	3162.64	841.29	-586.94	53.16	4.04	44.15
2022-06-23T09:39:32	3151.21	850.29	-588.17	53.30	4.45	44.16
2022-06-23T09:39:34	3139.77	859.27	-589.39	53.76	4.67	44.20
2022-06-23T09:39:36	3128.33	868.26	-590.62	54.53	4.64	44.12
2022-06-23T09:39:38	3116.87	877.24	-591.84	55.38	4.46	43.92
2022-06-23T09:39:40	3105.41	886.23	-593.06	56.30	4.16	43.60
2022-06-23T09:39:42	3093.94	895.21	-594.27	56.94	4.23	43.29
2022-06-23T09:39:44	3082.46	904.18	-595.49	57.65	4.54	43.05
2022-06-23T09:39:46	3070.98	913.16	-596.71	58.41	5.10	42.92
2022-06-23T09:39:48	3059.49	922.13	-597.92	58.86	6.04	43.16
2022-06-23T09:39:50	3047.99	931.10	-599.13	59.54	7.09	43.51
2022-06-23T09:39:52	3036.48	940.07	-600.34	60.91	7.88	44.23
2022-06-23T09:39:54	3024.96	949.04	-601.55	62.39	8.63	45.07
2022-06-23T09:39:56	3013.44	958.00	-602.76	63.96	9.34	46.02
2022-06-23T09:39:58	3001.91	966.96	-603.97	65.60	10.00	47.09
2022-06-23T09:40:00	2990.37	975.92	-605.17	66.57	10.52	48.11
2022-06-23T09:40:02	2978.82	984.87	-606.37	67.24	10.88	48.74
2022-06-23T09:40:04	2967.26	993.83	-607.57	68.01	11.14	49.39
2022-06-23T09:40:06	2955.70	1002.78	-608.77	68.89	11.31	50.03
2022-06-23T09:40:08	2944.13	1011.72	-609.97	69.91	11.37	50.66
2022-06-23T09:40:10	2932.55	1020.67	-611.17	71.03	11.35	51.21
2022-06-23T09:40:12	2920.96	1029.61	-612.36	71.12	11.88	50.77
2022-06-23T09:40:14	2909.36	1038.55	-613.55	71.28	12.36	50.47
2022-06-23T09:40:16	2897.76	1047.49	-614.74	71.63	12.88	50.32
2022-06-23T09:40:18	2886.14	1056.42	-615.93	72.22	13.41	50.30
2022-06-23T09:40:20	2874.52	1065.35	-617.12	73.04	13.97	50.49
2022-06-23T09:40:22	2862.89	1074.28	-618.31	73.70	14.75	51.03
2022-06-23T09:40:24	2851.26	1083.20	-619.49	74.02	15.65	51.24
2022-06-23T09:40:26	2839.61	1092.12	-620.67	73.80	16.42	51.45
2022-06-23T09:40:28	2827.96	1101.04	-621.85	73.80	17.08	51.73
2022-06-23T09:40:30	2816.29	1109.96	-623.03	74.06	17.69	52.32
2022-06-23T09:40:32	2804.62	1118.87	-624.21	74.31	18.34	53.71
2022-06-23T09:40:34	2792.94	1127.78	-625.38	74.40	18.97	54.92
2022-06-23T09:40:36	2781.26	1136.68	-626.55	74.34	19.59	55.98
2022-06-23T09:40:38	2769.56	1145.58	-627.72	74.45	20.45	56.87
2022-06-23T09:40:40	2757.86	1154.48	-628.89	74.73	21.35	57.71
2022-06-23T09:40:42	2746.14	1163.37	-630.06	74.90	22.09	58.59
2022-06-23T09:40:44	2734.42	1172.27	-631.23	75.02	22.94	59.47
2022-06-23T09:40:46	2722.69	1181.16	-632.39	75.11	23.90	60.33
2022-06-23T09:40:48	2710.95	1190.04	-633.55	75.13	24.91	61.12
2022-06-23T09:40:50	2699.21	1198.92	-634.71	75.44	25.48	61.64
2022-06-23T09:40:52	2687.45	1207.79	-635.86	76.12	25.21	61.56
2022-06-23T09:40:54	2675.68	1216.67	-637.02	76.76	25.32	61.53
2022-06-23T09:40:56	2663.91	1225.53	-638.17	77.35	25.78	61.54
2022-06-23T09:40:58	2652.13	1234.40	-639.32	77.90	26.58	61.59
2022-06-23T09:41:00	2640.34	1243.26	-640.47	78.54	27.52	61.77
2022-06-23T09:41:02	2628.54	1252.12	-641.62	79.37	28.29	62.12
2022-06-23T09:41:04	2616.73	1260.97	-642.76	79.94	28.83	62.59
2022-06-23T09:41:06	2604.91	1269.82	-643.91	80.23	29.44	63.03
2022-06-23T09:41:08	2593.09	1278.66	-645.05	80.44	30.23	63.42
2022-06-23T09:41:10	2581.25	1287.50	-646.18	80.47	31.12	64.33
2022-06-23T09:41:12	2569.41	1296.33	-647.32	80.47	31.98	65.45
2022-06-23T09:41:14	2557.56	1305.16	-648.45	80.48	32.80	66.59
2022-06-23T09:41:16	2545.70	1313.99	-649.58	80.50	33.49	67.70
2022-06-23T09:41:18	2533.83	1322.81	-650.71	80.47	33.82	68.62
2022-06-23T09:41:20	2521.95	1331.63	-651.84	80.86	35.30	69.01
2022-06-23T09:41:22	2510.06	1340.44	-652.96	81.23	36.69	69.52
2022-06-23T09:41:24	2498.17	1349.25	-654.09	81.57	37.92	70.18
2022-06-23T09:41:26	2486.26	1358.05	-655.21	81.86	39.00	71.00
2022-06-23T09:41:28	2474.35	1366.85	-656.32	82.08	39.91	71.88
2022-06-23T09:41:30	2462.43	1375.64	-657.44	82.06	40.55	71.64
2022-06-23T09:41:32	2450.50	1384.43	-658.55	82.22	41.27	71.40
2022-06-23T09:41:34	2438.56	1393.21	-659.66	82.47	42.00	71.42
2022-06-23T09:41:36	2426.61	1401.99	-660.77	82.79	42.72	71.68
2022-06-23T09:41:38	2414.65	1410.76	-661.87	83.23	43.57	72.37
2022-06-23T09:41:40	2402.68	1419.53	-662.97	83.75	44.72	73.66
2022-06-23T09:41:42	2390.71	1428.30	-664.08	84.19	45.89	75.12
2022-06-23T09:41:44	2378.72	1437.05	-665.17	84.56	47.00	76.23
2022-06-23T09:41:46	2366.73	1445.80	-666.27	84.87	47.82	77.02
2022-06-23T09:41:48	2354.72	1454.55	-667.36	85.13	48.09	76.93
2022-06-23T09:41:50	2342.71	1463.29	-668.45	85.57	48.05	76.41
2022-06-23T09:41:52	2330.69	1472.03	-669.54	86.22	48.01	76.03
2022-06-23T09:41:54	2318.66	1480.76	-670.63	87.12	47.95	75.79
2022-06-23T09:41:56	2306.62	1489.48	-671.71	88.07	48.44	76.13
2022-06-23T09:41:58	2294.58	1498.20	-672.79	88.51	50.09	77.25
2022-06-23T09:42:00	2282.52	1506.91	-673.86	88.77	51.91	78.29
2022-06-23T09:42:02	2270.45	1515.62	-674.94	88.98	53.68	79.09
2022-06-23T09:42:04	2258.38	1524.32	-676.01	89.13	55.38	79.66
2022-06-23T09:42:06	2246.29	1533.01	-677.08	89.28	56.97	79.97
2022-06-23T09:42:08	2234.20	1541.70	-678.15	90.06	57.97	80.15
2022-06-23T09:42:10	2222.10	1550.38	-679.21	90.63	58.44	80.27
2022-06-23T09:42:12	2209.99	1559.06	-680.27	90.94	59.23	80.45
2022-06-23T09:42:14	2197.87	1567.73	-681.33	90.96	60.36	80.69
2022-06-23T09:42:16	2185.74	1576.39	-682.39	90.70	61.85	81.36
2022-06-23T09:42:18	2173.60	1585.05	-683.44	90.73	63.34	82.81
2022-06-23T09:42:20	2161.46	1593.70	-684.49	91.35	64.73	84.19
2022-06-23T09:42:22	2149.30	1602.34	-685.54	92.15	65.96	85.40
2022-06-23T09:42:24	2137.14	1610.98	-686.58	92.69	67.07	86.09
2022-06-23T09:42:26	2124.97	1619.61	-687.62	92.40	67.63	85.99
2022-06-23T09:42:28	2112.78	1628.23	-688.66	91.72	67.87	85.74
2022-06-23T09:42:30	2100.59	1636.85	-689.70	91.18	68.10	85.65
2022-06-23T09:42:32	2088.39	1645.46	-690.73	90.76	68.34	85.78
2022-06-23T09:42:34	2076.19	1654.06	-691.76	90.46	68.60	86.15
2022-06-23T09:42:36	2063.97	1662.66	-692.78	90.76	69.87	87.54
2022-06-23T09:42:38	2051.74	1671.25	-693.81	91.10	71.10	88.82
2022-06-23T09:42:40	2039.51	1679.83	-694.83	91.45	72.17	89.83
2022-06-23T09:42:42	2027.26	1688.41	-695.85	91.81	73.08	90.57
2022-06-23T09:42:44	2015.01	1696.97	-696.86	92.08	73.89	91.05
2022-06-23T09:42:46	2002.75	1705.53	-697.87	92.34	74.81	91.44
2022-06-23T09:42:48	1990.48	1714.09	-698.88	92.93	75.73	91.81
2022-06-23T09:42:50	1978.20	1722.63	-699.89	93.62	76.59	92.22
2022-06-23T09:42:52	1965.91	1731.17	-700.89	94.17	77.29	92.62
2022-06-23T09:42:54	1953.62	1739.70	-701.89	93.97	77.64	92.50
2022-06-23T09:42:56	1941.31	1748.22	-702.89	93.45	77.88	91.83
2022-06-23T09:42:58	1929.00	1756.74	-703.88	93.07	78.19	90.89
2022-06-23T09:43:00	1916.68	1765.24	-704.87	92.81	78.59	89.70
2022-06-23T09:43:02	1904.35	1773.74	-705.86	92.55	79.02	88.57
2022-06-23T09:43:04	1892.01	1782.23	-706.84	92.50	79.57	89.94
2022-06-23T09:43:06	1879.66	1790.72	-707.82	92.35	80.26	91.33
2022-06-23T09:43:08	1867.31	1799.19	-708.80	92.09	81.06	92.64
2022-06-23T09:43:10	1854.94	1807.66	-709.77	91.70	81.95	93.84
2022-06-23T09:43:12	1842.57	1816.12	-710.75	91.26	82.72	94.67
2022-06-23T09:43:14	1830.19	1824.57	-711.71	91.00	83.07	94.98
2022-06-23T09:43:16	1817.80	1833.01	-712.68	91.04	83.46	95.47
2022-06-23T09:43:18	1805.40	1841.44	-713.64	91.19	84.05	96.03
2022-06-23T09:43:20	1792.99	1849.87	-714.60	91.32	84.82	96.57
2022-06-23T09:43:22	1780.58	1858.28	-715.55	91.13	85.45	96.53
2022-06-23T09:43:24	1768.16	1866.69	-716.50	90.74	85.72	96.27
2022-06-23T09:43:26	1755.72	1875.09	-717.45	90.27	85.70	96.04
2022-06-23T09:43:28	1743.29	1883.48	-718.39	89.71	85.38	95.81
2022-06-23T09:43:30	1730.84	1891.87	-719.33	88.73	84.66	95.73
2022-06-23T09:43:32	1718.38	1900.24	-720.27	87.76	84.29	96.04
2022-06-23T09:43:34	1705.92	1908.60	-721.21	86.81	83.96	96.39
2022-06-23T09:43:36	1693.45	1916.96	-722.14	85.90	83.67	96.77
2022-06-23T09:43:38	1680.97	1925.30	-723.07	85.04	83.44	97.18
2022-06-23T09:43:40	1668.48	1933.64	-723.99	84.15	83.43	97.52
2022-06-23T09:43:42	1655.99	1941.97	-724.91	83.17	83.62	97.63
2022-06-23T09:43:44	1643.49	1950.29	-725.83	82.58	84.07	97.22
2022-06-23T09:43:46	1630.98	1958.60	-726.74	82.03	84.55	96.67
2022-06-23T09:43:48	1618.46	1966.90	-727.65	81.52	85.07	95.97
2022-06-23T09:43:50	1605.93	1975.19	-728.56	81.67	86.14	96.68
2022-06-23T09:43:52	1593.40	1983.48	-729.46	81.86	87.11	97.61
2022-06-23T09:43:54	1580.86	1991.75	-730.37	82.06	87.94	98.70
2022-06-23T09:43:56	1568.31	2000.01	-731.26	82.18	88.60	99.85
2022-06-23T09:43:58	1555.76	2008.27	-732.16	81.74	88.94	99.83
2022-06-23T09:44:00	1543.20	2016.51	-733.04	81.22	89.15	99.11
2022-06-23T09:44:02	1530.62	2024.75	-733.93	80.79	89.47	98.72
2022-06-23T09:44:04	1518.05	2032.97	-734.81	80.44	89.90	98.69
2022-06-23T09:44:06	1505.46	2041.19	-735.69	80.17	90.43	99.01
2022-06-23T09:44:08	1492.87	2049.40	-736.57	79.41	91.43	99.52
2022-06-23T09:44:10	1480.27	2057.59	-737.44	78.43	92.42	100.01
2022-06-23T09:44:12	1467.66	2065.77	-738.31	77.77	93.06	100.44
2022-06-23T09:44:14	1455.05	2073.95	-739.18	77.28	93.65	100.83
2022-06-23T09:44:16	1442.43	2082.12	-740.04	77.11	94.23	101.31
2022-06-23T09:44:18	1429.80	2090.27	-740.89	77.30	94.93	101.99
2022-06-23T09:44:20	1417.17	2098.42	-741.75	77.50	95.64	102.57
2022-06-23T09:44:22	1404.53	2106.56	-742.60	77.71	96.38	103.03
2022-06-23T09:44:24	1391.88	2114.69	-743.45	77.87	97.28	103.43
2022-06-23T09:44:26	1379.23	2122.80	-744.29	77.86	98.31	104.38
2022-06-23T09:44:28	1366.57	2130.91	-745.13	77.62	98.98	105.37
2022-06-23T09:44:30	1353.90	2139.01	-745.97	77.14	99.36	106.25
2022-06-23T09:44:32	1341.23	2147.09	-746.80	76.40	99.42	106.98
2022-06-23T09:44:34	1328.55	2155.17	-747.63	75.53	99.37	107.23
2022-06-23T09:44:36	1315.86	2163.23	-748.46	74.92	99.69	106.61
2022-06-23T09:44:38	1303.17	2171.29	-749.28	74.48	100.04	106.05
2022-06-23T09:44:40	1290.47	2179.33	-750.10	74.34	100.57	105.53
2022-06-23T09:44:42	1277.77	2187.37	-750.91	74.11	101.00	105.17
2022-06-23T09:44:44	1265.05	2195.39	-751.72	73.79	101.50	105.34
2022-06-23T09:44:46	1252.34	2203.41	-752.53	73.38	101.99	105.68
2022-06-23T09:44:48	1239.62	2211.41	-753.34	72.86	102.42	106.03
2022-06-23T09:44:50	1226.89	2219.40	-754.14	72.26	102.79	106.39
2022-06-23T09:44:52	1214.15	2227.38	-754.94	71.61	103.19	106.64
2022-06-23T09:44:54	1201.41	2235.35	-755.73	71.45	103.81	106.47
2022-06-23T09:44:56	1188.67	2243.31	-756.52	71.13	104.39	106.38
2022-06-23T09:44:58	1175.91	2251.27	-757.31	70.63	104.92	106.36
2022-06-23T09:45:00	1163.16	2259.21	-758.09	69.97	105.41	106.41
2022-06-23T09:45:02	1150.39	2267.13	-758.87	69.51	105.38	106.90
2022-06-23T09:45:04	1137.63	2275.05	-759.65	69.26	105.20	107.61
2022-06-23T09:45:06	1124.85	2282.96	-760.42	69.17	104.98	108.43
2022-06-23T09:45:08	1112.07	2290.86	-761.18	69.16	104.75	109.03
2022-06-23T09:45:10	1099.29	2298.74	-761.95	68.89	104.58	109.11
2022-06-23T09:45:12	1086.50	2306.62	-762.71	68.28	104.79	108.65
2022-06-23T09:45:14	1073.71	2314.48	-763.47	67.81	105.11	108.37
2022-06-23T09:45:16	1060.91	2322.34	-764.23	67.48	105.54	108.27
2022-06-23T09:45:18	1048.10	2330.18	-764.97	67.28	106.07	108.34
2022-06-23T09:45:20	1035.30	2338.02	-765.72	66.91	106.31	108.22
2022-06-23T09:45:22	1022.48	2345.84	-766.46	66.25	106.35	108.06
2022-06-23T09:45:24	1009.66	2353.65	-767.20	65.41	106.00	107.86
2022-06-23T09:45:26	996.84	2361.45	-767.94	64.53	105.30	107.65
2022-06-23T09:45:28	984.01	2369.24	-768.68	63.54	104.52	107.61
2022-06-23T09:45:30	971.18	2377.02	-769.41	62.51	104.15	108.06
2022-06-23T09:45:32	958.35	2384.78	-770.13	61.60	103.91	108.73
2022-06-23T09:45:34	945.50	2392.54	-770.85	60.84	103.79	109.63
2022-06-23T09:45:36	932.66	2400.29	-771.57	60.22	103.91	110.66
2022-06-23T09:45:38	919.81	2408.02	-772.29	60.06	104.54	110.17
2022-06-23T09:45:40	906.96	2415.75	-773.00	59.86	104.98	109.62
2022-06-23T09:45:42	894.10	2423.46	-773.71	59.58	105.24	109.11
2022-06-23T09:45:44	881.24	2431.16	-774.41	59.22	105.33	108.62
2022-06-23T09:45:46	868.37	2438.86	-775.11	58.68	105.12	108.57
2022-06-23T09:45:48	855.51	2446.54	-775.81	58.09	104.54	109.09
2022-06-23T09:45:50	842.63	2454.21	-776.51	57.61	103.70	109.73
2022-06-23T09:45:52	829.76	2461.86	-777.20	56.92	102.90	110.26
2022-06-23T09:45:54	816.88	2469.51	-777.89	56.11	102.19	110.59
2022-06-23T09:45:56	803.99	2477.15	-778.57	55.23	102.11	110.47
2022-06-23T09:45:58	791.10	2484.78	-779.25	54.40	102.13	110.42
2022-06-23T09:46:00	778.21	2492.39	-779.93	53.63	102.28	110.44
2022-06-23T09:46:02	765.32	2500.00	-780.60	52.93	102.55	110.51
2022-06-23T09:46:04	752.42	2507.59	-781.27	52.25	102.60	110.47
2022-06-23T09:46:06	739.52	2515.18	-781.94	51.72	102.27	110.33
2022-06-23T09:46:08	726.62	2522.75	-782.61	51.36	101.85	110.28
2022-06-23T09:46:10	713.71	2530.31	-783.27	50.95	101.50	110.34
2022-06-23T09:46:12	700.80	2537.86	-783.92	50.48	101.28	110.46
2022-06-23T09:46:14	687.89	2545.41	-784.58	50.06	101.43	110.42
2022-06-23T09:46:16	674.97	2552.93	-785.23	49.77	101.59	110.41
2022-06-23T09:46:18	662.05	2560.45	-785.88	49.59	101.75	110.40
2022-06-23T09:46:20	649.14	2567.96	-786.52	49.52	101.92	110.39
2022-06-23T09:46:22	636.21	2575.46	-787.16	48.66	101.61	110.16
2022-06-23T09:46:24	623.28	2582.95	-787.80	47.49	101.02	109.95
2022-06-23T09:46:26	610.35	2590.42	-788.43	46.36	100.32	109.90
2022-06-23T09:46:28	597.42	2597.89	-789.06	45.25	99.50	110.00
2022-06-23T09:46:30	584.49	2605.34	-789.69	44.32	98.67	110.12
2022-06-23T09:46:32	571.55	2612.79	-790.32	43.76	98.01	110.00
2022-06-23T09:46:34	558.61	2620.22	-790.94	43.31	97.32	109.86
2022-06-23T09:46:36	545.67	2627.65	-791.56	42.97	96.62	109.71
2022-06-23T09:46:38	532.73	2635.06	-792.17	42.44	96.23	109.36
2022-06-23T09:46:40	519.79	2642.46	-792.78	41.60	96.21	109.12
2022-06-23T09:46:42	506.84	2649.85	-793.39	40.81	96.25	108.93
2022-06-23T09:46:44	493.89	2657.24	-794.00	40.10	96.30	108.79
2022-06-23T09:46:46	480.94	2664.61	-794.60	39.48	96.36	108.69
2022-06-23T09:46:48	467.98	2671.97	-795.20	38.92	96.42	108.68
2022-06-23T09:46:50	455.03	2679.32	-795.79	38.40	96.44	108.64
2022-06-23T09:46:52	442.07	2686.66	-796.39	37.92	96.35	108.49
2022-06-23T09:46:54	429.11	2693.99	-796.98	37.55	95.95	108.19
2022-06-23T09:46:56	416.15	2701.31	-797.56	37.20	95.43	107.70
2022-06-23T09:46:58	403.19	2708.61	-798.15	36.63	94.32	107.26
2022-06-23T09:47:00	390.23	2715.92	-798.73	36.04	93.22	106.90
2022-06-23T09:47:02	377.27	2723.20	-799.30	35.42	92.10	106.65
2022-06-23T09:47:04	364.30	2730.48	-799.88	34.78	90.99	106.51
2022-06-23T09:47:06	351.33	2737.75	-800.45	34.20	90.35	106.24
2022-06-23T09:47:08	338.36	2745.01	-801.02	33.68	90.33	106.05
2022-06-23T09:47:10	325.40	2752.25	-801.59	33.16	90.70	106.10
2022-06-23T09:47:12	312.42	2759.49	-802.15	32.64	91.02	106.12
2022-06-23T09:47:14	299.45	2766.72	-802.71	32.13	91.27	106.27
2022-06-23T09:47:16	286.48	2773.94	-803.27	31.65	91.47	106.86
2022-06-23T09:47:18	273.51	2781.15	-803.82	31.18	91.63	107.32
2022-06-23T09:47:20	260.53	2788.34	-804.37	30.71	91.76	107.65
2022-06-23T09:47:22	247.56	2795.53	-804.92	30.25	91.85	107.85
2022-06-23T09:47:24	234.58	2802.71	-805.47	29.62	90.92	107.26
2022-06-23T09:47:26	221.60	2809.88	-806.01	29.04	89.67	106.68
2022-06-23T09:47:28	208.62	2817.04	-806.55	28.57	88.63	106.41
2022-06-23T09:47:30	195.64	2824.19	-807.09	28.21	87.80	106.43
2022-06-23T09:47:32	182.66	2831.33	-807.62	28.03	87.20	106.43
2022-06-23T09:47:34	169.68	2838.46	-808.15	27.85	86.77	105.96
2022-06-23T09:47:36	156.70	2845.58	-808.68	27.53	86.43	105.39
2022-06-23T09:47:38	143.72	2852.69	-809.21	27.06	86.18	104.71
2022-06-23T09:47:40	130.74	2859.79	-809.73	26.56	85.91	104.00
2022-06-23T09:47:42	117.76	2866.88	-810.25	26.01	85.60	104.70
2022-06-23T09:47:44	104.78	2873.96	-810.77	25.45	85.29	105.32
2022-06-23T09:47:46	91.79	2881.03	-811.28	24.90	84.97	105.84
2022-06-23T09:47:48	78.81	2888.10	-811.80	24.34	84.65	106.29
2022-06-23T09:47:50	65.83	2895.15	-812.31	24.06	83.83	106.59
2022-06-23T09:47:52	52.84	2902.19	-812.81	24.06	82.89	106.89
2022-06-23T09:47:54	39.86	2909.23	-813.32	24.17	82.17	107.23
2022-06-23T09:47:56	26.88	2916.25	-813.82	24.15	81.57	107.49
2022-06-23T09:47:58	13.89	2923.27	-814.32	23.58	80.85	107.27
2022-06-23T09:48:00	0.91	2930.28	-814.82	22.68	79.85	106.64
2022-06-23T09:48:02	-12.08	2937.28	-815.31	21.91	78.79	106.15
2022-06-23T09:48:04	-25.06	2944.27	-815.80	21.26	77.66	105.82
2022-06-23T09:48:06	-38.04	2951.25	-816.29	20.73	76.46	105.63
2022-06-23T09:48:08	-51.03	2958.22	-816.78	20.52	76.01	105.62
2022-06-23T09:48:10	-64.01	2965.18	-817.26	20.38	75.86	105.76
2022-06-23T09:48:12	-76.99	2972.13	-817.75	20.29	75.79	105.94
2022-06-23T09:48:14	-89.97	2979.08	-818.22	20.38	75.59	105.64
2022-06-23T09:48:16	-102.96	2986.01	-818.70	20.20	75.08	105.26
2022-06-23T09:48:18	-115.94	2992.94	-819.18	19.57	74.50	105.13
2022-06-23T09:48:20	-128.92	2999.86	-819.65	18.85	74.03	105.11
2022-06-23T09:48:22	-141.90	3006.77	-820.12	18.03	73.68	105.22
2022-06-23T09:48:24	-154.88	3013.67	-820.59	17.11	73.44	105.45
2022-06-23T09:48:26	-167.87	3020.56	-821.05	17.15	72.93	104.49
2022-06-23T09:48:28	-180.85	3027.44	-821.51	17.27	72.63	103.69
2022-06-23T09:48:30	-193.82	3034.32	-821.97	17.73	72.34	103.04
2022-06-23T09:48:32	-206.80	3041.18	-822.43	18.13	72.00	102.45
2022-06-23T09:48:34	-219.78	3048.04	-822.89	18.59	71.44	102.34
2022-06-23T09:48:36	-232.76	3054.89	-823.34	19.12	70.76	102.56
2022-06-23T09:48:38	-245.74	3061.73	-823.79	19.62	70.07	102.83
2022-06-23T09:48:40	-258.71	3068.56	-824.24	20.08	69.39	103.13
2022-06-23T09:48:42	-271.69	3075.39	-824.69	20.35	68.68	103.27
2022-06-23T09:48:44	-284.67	3082.20	-825.13	19.77	67.87	102.33
2022-06-23T09:48:46	-297.64	3089.01	-825.57	19.14	67.20	101.53
2022-06-23T09:48:48	-310.61	3095.81	-826.02	18.65	66.71	101.18
2022-06-23T09:48:50	-323.58	3102.60	-826.45	18.31	66.26	101.11
2022-06-23T09:48:52	-336.56	3109.38	-826.89	18.70	65.89	101.96
2022-06-23T09:48:54	-349.53	3116.16	-827.32	19.25	65.41	102.86
2022-06-23T09:48:56	-362.50	3122.92	-827.75	19.78	64.80	103.56
2022-06-23T09:48:58	-375.46	3129.68	-828.18	20.27	64.07	104.06
2022-06-23T09:49:00	-388.43	3136.44	-828.61	20.57	63.31	104.23
2022-06-23T09:49:02	-401.40	3143.18	-829.03	20.53	62.82	103.96
2022-06-23T09:49:04	-414.37	3149.92	-829.46	20.56	62.72	103.62
2022-06-23T09:49:06	-427.33	3156.64	-829.88	20.75	62.59	103.34
2022-06-23T09:49:08	-440.29	3163.36	-830.30	21.11	62.43	103.13
2022-06-23T09:49:10	-453.26	3170.07	-830.72	21.13	61.68	102.92
2022-06-23T09:49:12	-466.22	3176.78	-831.13	20.99	60.87	102.83
2022-06-23T09:49:14	-479.18	3183.48	-831.54	20.72	60.05	102.85
2022-06-23T09:49:16	-492.14	3190.17	-831.95	20.31	59.22	103.02
2022-06-23T09:49:18	-505.09	3196.85	-832.36	20.21	58.34	103.38
2022-06-23T09:49:20	-518.05	3203.52	-832.77	20.44	57.24	103.64
2022-06-23T09:49:22	-531.01	3210.19	-833.17	20.60	56.09	103.75
2022-06-23T09:49:24	-543.96	3216.85	-833.58	20.71	55.00	103.81
2022-06-23T09:49:26	-556.91	3223.50	-833.98	20.73	54.01	103.89
2022-06-23T09:49:28	-569.87	3230.15	-834.38	20.43	53.38	104.31
2022-06-23T09:49:30	-582.82	3236.78	-834.77	20.12	52.77	104.83
2022-06-23T09:49:32	-595.77	3243.41	-835.17	19.81	52.16	105.41
2022-06-23T09:49:34	-608.71	3250.04	-835.56	19.50	51.57	106.07
2022-06-23T09:49:36	-621.66	3256.65	-835.95	18.94	50.44	106.05
2022-06-23T09:49:38	-634.60	3263.26	-836.34	18.28	48.65	105.54
2022-06-23T09:49:40	-647.55	3269.86	-836.73	17.56	46.85	105.01
2022-06-23T09:49:42	-660.49	3276.46	-837.12	16.79	45.04	104.48
2022-06-23T09:49:44	-673.43	3283.04	-837.50	16.03	43.27	103.58
2022-06-23T09:49:46	-686.37	3289.63	-837.88	15.35	41.60	101.66
2022-06-23T09:49:48	-699.31	3296.20	-838.26	14.55	39.87	99.49
2022-06-23T09:49:50	-712.24	3302.76	-838.65	13.63	38.10	97.06
2022-06-23T09:49:52	-725.18	3309.33	-839.02	12.59	36.29	94.37
2022-06-23T09:49:54	-738.11	3315.88	-839.40	11.48	35.33	93.15
2022-06-23T09:49:56	-751.04	3322.42	-839.77	10.54	34.63	92.33
2022-06-23T09:49:58	-763.97	3328.97	-840.14	9.58	33.88	91.72
2022-06-23T09:50:00	-776.90	3335.50	-840.51	8.60	33.06	91.31
2022-06-23T09:50:02	-789.83	3342.02	-840.88	7.99	32.02	91.38
2022-06-23T09:50:04	-802.75	3348.54	-841.25	7.85	30.78	91.74
2022-06-23T09:50:06	-815.67	3355.06	-841.61	7.73	29.55	91.99
2022-06-23T09:50:08	-828.60	3361.56	-841.98	7.61	28.34	92.11
2022-06-23T09:50:10	-841.52	3368.06	-842.34	7.47	27.17	92.13
2022-06-23T09:50:12	-854.44	3374.55	-842.70	6.59	27.14	93.28
2022-06-23T09:50:14	-867.35	3381.04	-843.06	5.53	27.30	94.37
2022-06-23T09:50:16	-880.27	3387.52	-843.42	4.32	27.56	95.27
2022-06-23T09:50:18	-893.18	3394.00	-843.77	2.93	27.90	95.97
2022-06-23T09:50:20	-906.09	3400.46	-844.13	1.75	28.74	95.42
2022-06-23T09:50:22	-919.00	3406.93	-844.48	0.81	29.74	93.85
2022-06-23T09:50:24	-931.91	3413.38	-844.83	-0.12	30.60	91.94
2022-06-23T09:50:26	-944.82	3419.83	-845.18	-1.03	31.31	89.68
2022-06-23T09:50:28	-957.73	3426.27	-845.53	-1.86	31.86	87.35
2022-06-23T09:50:30	-970.63	3432.71	-845.87	-2.07	32.44	86.90
2022-06-23T09:50:32	-983.53	3439.14	-846.22	-2.18	32.94	86.56
2022-06-23T09:50:34	-996.43	3445.57	-846.56	-2.33	33.23	86.02
2022-06-23T09:50:36	-1009.33	3451.99	-846.90	-2.52	33.30	85.30
2022-06-23T09:50:38	-1022.23	3458.40	-847.24	-2.85	33.26	84.03
2022-06-23T09:50:40	-1035.12	3464.80	-847.58	-3.42	33.00	82.45
2022-06-23T09:50:42	-1048.01	3471.20	-847.92	-4.21	32.48	80.69
2022-06-23T09:50:44	-1060.90	3477.60	-848.25	-5.22	31.70	78.74
2022-06-23T09:50:46	-1073.79	3483.99	-848.59	-6.38	30.58	76.49
2022-06-23T09:50:48	-1086.68	3490.37	-848.92	-6.82	29.36	74.29
2022-06-23T09:50:50	-1099.56	3496.75	-849.25	-7.21	28.12	72.38
2022-06-23T09:50:52	-1112.45	3503.12	-849.58	-7.76	26.83	70.64
2022-06-23T09:50:54	-1125.33	3509.49	-849.91	-8.45	25.48	69.07
2022-06-23T09:50:56	-1138.21	3515.85	-850.24	-8.83	25.56	67.74
2022-06-23T09:50:58	-1151.09	3522.21	-850.57	-9.36	25.93	66.30
2022-06-23T09:51:00	-1163.96	3528.55	-850.89	-10.10	26.38	64.71
2022-06-23T09:51:02	-1176.84	3534.90	-851.21	-11.08	26.90	62.96
2022-06-23T09:51:04	-1189.71	3541.24	-851.54	-11.84	26.95	60.79
2022-06-23T09:51:06	-1202.58	3547.57	-851.86	-11.34	26.14	57.63
2022-06-23T09:51:08	-1215.45	3553.89	-852.17	-10.80	25.36	54.58
2022-06-23T09:51:10	-1228.32	3560.22	-852.49	-10.48	24.66	51.85
2022-06-23T09:51:12	-1241.18	3566.53	-852.81	-10.38	24.05	49.43
2022-06-23T09:51:14	-1254.04	3572.84	-853.13	-9.90	21.55	47.72
2022-06-23T09:51:16	-1266.90	3579.15	-853.44	-9.55	19.12	46.01
2022-06-23T09:51:18	-1279.76	3585.45	-853.75	-9.36	16.83	44.29
2022-06-23T09:51:20	-1292.62	3591.75	-854.07	-9.32	14.67	42.56
2022-06-23T09:51:22	-1305.48	3598.03	-854.38	-9.46	12.53	39.98
2022-06-23T09:51:24	-1318.33	3604.32	-854.68	-9.35	10.53	36.81
2022-06-23T09:51:26	-1331.18	3610.60	-854.99	-9.16	8.79	33.92
2022-06-23T09:51:28	-1344.03	3616.87	-855.30	-9.00	7.26	31.28
2022-06-23T09:51:30	-1356.88	3623.14	-855.60	-8.88	5.99	28.99
2022-06-23T09:51:32	-1369.72	3629.40	-855.91	-8.60	5.40	28.23
2022-06-23T09:51:34	-1382.57	3635.67	-856.21	-8.34	4.75	27.39
2022-06-23T09:51:36	-1395.41	3641.92	-856.51	-8.11	4.03	26.47
2022-06-23T09:51:38	-1408.25	3648.17	-856.81	-7.90	3.24	25.46
2022-06-23T09:51:40	-1421.09	3654.41	-857.11	-7.90	2.09	24.39
2022-06-23T09:51:42	-1433.92	3660.65	-857.41	-8.09	0.72	23.56
2022-06-23T09:51:44	-1446.76	3666.89	-857.71	-8.30	-0.55	22.84
2022-06-23T09:51:46	-1459.59	3673.11	-858.00	-8.46	-1.65	22.06
2022-06-23T09:51:48	-1472.42	3679.34	-858.30	-8.53	-2.53	21.16
2022-06-23T09:51:50	-1485.25	3685.56	-858.59	-8.44	-3.03	19.99
2022-06-23T09:51:52	-1498.07	3691.77	-858.88	-8.33	-3.56	18.81
2022-06-23T09:51:54	-1510.89	3697.98	-859.18	-8.20	-4.11	17.64
2022-06-23T09:51:56	-1523.72	3704.19	-859.47	-8.06	-4.67	16.46
2022-06-23T09:51:58	-1536.54	3710.39	-859.76	-7.91	-5.11	15.53
2022-06-23T09:52:00	-1549.36	3716.58	-860.04	-7.64	-5.54	14.76
2022-06-23T09:52:02	-1562.17	3722.78	-860.33	-7.32	-5.94	14.16
2022-06-23T09:52:04	-1574.99	3728.96	-860.62	-7.03	-6.33	13.50
2022-06-23T09:52:06	-1587.80	3735.14	-860.90	-6.78	-6.65	12.89
2022-06-23T09:52:08	-1600.61	3741.32	-861.19	-6.54	-6.75	12.50
2022-06-23T09:52:10	-1613.42	3747.50	-861.47	-6.35	-6.86	12.07
2022-06-23T09:52:12	-1626.22	3753.66	-861.75	-6.22	-6.98	11.59
2022-06-23T09:52:14	-1639.03	3759.83	-862.03	-6.14	-7.11	11.05
2022-06-23T09:52:16	-1651.83	3765.99	-862.31	-6.14	-7.19	10.59
2022-06-23T09:52:18	-1664.63	3772.14	-862.59	-6.12	-7.21	10.17
2022-06-23T09:52:20	-1677.43	3778.29	-862.87	-6.05	-7.18	9.92
2022-06-23T09:52:22	-1690.22	3784.44	-863.15	-5.96	-7.16	9.69
2022-06-23T09:52:24	-1703.02	3790.58	-863.42	-5.84	-7.28	9.46
2022-06-23T09:52:26	-1715.81	3796.72	-863.69	-5.65	-7.62	9.25
2022-06-23T09:52:28	-1728.60	3802.85	-863.97	-5.46	-7.93	9.07
2022-06-23T09:52:30	-1741.39	3808.98	-864.24	-5.28	-8.19	8.91
2022-06-23T09:52:32	-1754.17	3815.11	-864.51	-5.10	-8.40	8.77
2022-06-23T09:52:34	-1766.96	3821.23	-864.78	-5.04	-8.68	8.51
2022-06-23T09:52:36	-1779.74	3827.34	-865.05	-5.02	-8.99	8.21
2022-06-23T09:52:38	-1792.52	3833.45	-865.32	-4.99	-9.43	7.90
2022-06-23T09:52:40	-1805.30	3839.56	-865.59	-4.93	-9.85	7.66
2022-06-23T09:52:42	-1818.08	3845.67	-865.86	-4.79	-10.15	7.49
2022-06-23T09:52:44	-1830.85	3851.77	-866.12	-4.49	-10.27	7.32
2022-06-23T09:52:46	-1843.62	3857.86	-866.39	-4.18	-10.33	7.10
2022-06-23T09:52:48	-1856.39	3863.95	-866.65	-3.84	-10.32	6.85
2022-06-23T09:52:50	-1869.16	3870.04	-866.91	-3.49	-10.24	6.57
2022-06-23T09:52:52	-1881.93	3876.12	-867.18	-3.19	-9.92	6.48
2022-06-23T09:52:54	-1894.69	3882.20	-867.44	-2.90	-9.55	6.43
2022-06-23T09:52:56	-1907.46	3888.28	-867.70	-2.58	-9.20	6.50
2022-06-23T09:52:58	-1920.22	3894.35	-867.96	-2.24	-8.88	6.76
2022-06-23T09:53:00	-1932.98	3900.42	-868.22	-1.92	-8.73	7.09
2022-06-23T09:53:02	-1945.73	3906.48	-868.47	-1.58	-8.82	7.45
2022-06-23T09:53:04	-1958.49	3912.54	-868.73	-1.24	-8.86	7.75
2022-06-23T09:53:06	-1971.24	3918.60	-868.99	-0.89	-8.87	8.00
2022-06-23T09:53:08	-1983.99	3924.65	-869.25	-0.54	-8.84	8.20
2022-06-23T09:53:10	-1996.74	3930.70	-869.50	-0.08	-8.66	8.39
2022-06-23T09:53:12	-2009.49	3936.74	-869.75	0.43	-8.46	8.59
2022-06-23T09:53:14	-2022.23	3942.79	-870.00	0.97	-8.25	8.78
2022-06-23T09:53:16	-2034.97	3948.83	-870.26	1.44	-8.05	9.02
2022-06-23T09:53:18	-2047.71	3954.86	-870.51	1.76	-7.77	9.43
2022-06-23T09:53:20	-2060.45	3960.89	-870.76	1.93	-7.41	9.99
2022-06-23T09:53:22	-2073.19	3966.91	-871.01	2.09	-7.07	10.55
2022-06-23T09:53:24	-2085.93	3972.94	-871.26	2.25	-6.74	11.13
2022-06-23T09:53:26	-2098.66	3978.96	-871.50	2.41	-6.42	11.71
2022-06-23T09:53:28	-2111.39	3984.97	-871.75	2.47	-6.23	12.36
2022-06-23T09:53:30	-2124.12	3990.98	-872.00	2.51	-6.05	12.96
2022-06-23T09:53:32	-2136.85	3996.99	-872.24	2.52	-5.88	13.51
2022-06-23T09:53:34	-2149.57	4003.00	-872.49	2.47	-5.73	14.03
2022-06-23T09:53:36	-2162.30	4009.00	-872.73	2.43	-5.54	14.55
2022-06-23T09:53:38	-2175.02	4015.00	-872.97	2.49	-5.31	15.00
2022-06-23T09:53:40	-2187.74	4020.99	-873.22	2.56	-5.10	15.39
2022-06-23T09:53:42	-2200.46	4026.98	-873.46	2.64	-4.91	15.71
2022-06-23T09:53:44	-2213.17	4032.97	-873.70	2.72	-4.73	15.97
2022-06-23T09:53:46	-2225.89	4038.95	-873.94	2.89	-4.28	16.02
2022-06-23T09:53:48	-2238.60	4044.93	-874.18	3.07	-3.77	16.14
2022-06-23T09:53:50	-2251.31	4050.91	-874.42	3.27	-3.23	16.32
2022-06-23T09:53:52	-2264.01	4056.88	-874.65	3.47	-2.66	16.56
2022-06-23T09:53:54	-2276.72	4062.85	-874.89	3.52	-2.42	16.81
2022-06-23T09:53:56	-2289.43	4068.82	-875.13	3.51	-2.40	17.06
2022-06-23T09:53:58	-2302.13	4074.79	-875.36	3.52	-2.36	17.24
2022-06-23T09:54:00	-2314.83	4080.74	-875.60	3.56	-2.29	17.36
2022-06-23T09:54:02	-2327.53	4086.70	-875.83	3.61	-2.21	17.41
2022-06-23T09:54:04	-2340.23	4092.66	-876.07	3.60	-2.44	17.33
2022-06-23T09:54:06	-2352.92	4098.61	-876.30	3.62	-2.60	17.20
2022-06-23T09:54:08	-2365.61	4104.56	-876.53	3.66	-2.67	17.02
2022-06-23T09:54:10	-2378.30	4110.50	-876.76	3.74	-2.66	16.80
2022-06-23T09:54:12	-2390.99	4116.44	-876.99	3.93	-2.55	16.69
2022-06-23T09:54:14	-2403.68	4122.38	-877.22	4.26	-2.44	16.79
2022-06-23T09:54:16	-2416.37	4128.31	-877.45	4.59	-2.37	16.86
2022-06-23T09:54:18	-2429.05	4134.25	-877.68	4.94	-2.36	16.89
2022-06-23T09:54:20	-2441.73	4140.17	-877.91	5.29	-2.39	16.88
2022-06-23T09:54:22	-2454.41	4146.10	-878.14	5.46	-2.45	16.73
2022-06-23T09:54:24	-2467.09	4152.02	-878.37	5.67	-2.50	16.56
2022-06-23T09:54:26	-2479.76	4157.94	-878.59	5.93	-2.51	16.38
2022-06-23T09:54:28	-2492.44	4163.86	-878.81	6.24	-2.49	16.19
2022-06-23T09:54:30	-2505.11	4169.77	-879.04	6.64	-2.44	15.95
2022-06-23T09:54:32	-2517.78	4175.68	-879.27	7.07	-2.40	15.62
2022-06-23T09:54:34	-2530.45	4181.59	-879.49	7.43	-2.36	15.27
2022-06-23T09:54:36	-2543.12	4187.50	-879.71	7.75	-2.30	14.90
2022-06-23T09:54:38	-2555.78	4193.40	-879.93	8.02	-2.21	14.51
2022-06-23T09:54:40	-2568.45	4199.29	-880.16	8.37	-2.10	14.32
2022-06-23T09:54:42	-2581.11	4205.19	-880.38	8.74	-2.00	14.10
2022-06-23T09:54:44	-2593.77	4211.08	-880.60	9.13	-1.90	13.83
2022-06-23T09:54:46	-2606.43	4216.97	-880.82	9.54	-1.81	13.52
2022-06-23T09:54:48	-2619.08	4222.86	-881.04	10.02	-1.76	13.03
2022-06-23T09:54:50	-2631.74	4228.74	-881.25	10.55	-1.78	12.33
2022-06-23T09:54:52	-2644.39	4234.62	-881.47	11.04	-1.87	11.65
2022-06-23T09:54:54	-2657.04	4240.51	-881.69	11.52	-1.94	11.03
2022-06-23T09:54:56	-2669.69	4246.38	-881.91	12.00	-1.99	10.48
2022-06-23T09:54:58	-2682.33	4252.25	-882.12	12.22	-1.83	10.08
2022-06-23T09:55:00	-2694.98	4258.12	-882.34	12.39	-1.63	9.70
2022-06-23T09:55:02	-2707.62	4263.99	-882.55	12.52	-1.43	9.29
2022-06-23T09:55:04	-2720.26	4269.86	-882.77	12.62	-1.22	8.88
2022-06-23T09:55:06	-2732.90	4275.72	-882.98	12.71	-1.01	8.44
2022-06-23T09:55:08	-2745.54	4281.58	-883.20	12.78	-0.78	7.93
2022-06-23T09:55:10	-2758.18	4287.43	-883.41	12.84	-0.55	7.38
2022-06-23T09:55:12	-2770.81	4293.29	-883.62	12.84	-0.38	6.83
2022-06-23T09:55:14	-2783.44	4299.14	-883.83	12.78	-0.25	6.25
2022-06-23T09:55:16	-2796.07	4304.99	-884.04	12.64	-0.48	5.76
2022-06-23T09:55:18	-2808.70	4310.83	-884.25	12.50	-0.81	5.28
2022-06-23T09:55:20	-2821.33	4316.68	-884.46	12.37	-1.15	4.80
2022-06-23T09:55:22	-2833.96	4322.52	-884.67	12.27	-1.50	4.31
2022-06-23T09:55:24	-2846.58	4328.36	-884.88	12.09	-1.87	3.81
2022-06-23T09:55:26	-2859.20	4334.19	-885.09	11.67	-2.22	3.31
2022-06-23T09:55:28	-2871.82	4340.02	-885.30	11.19	-2.54	2.83
2022-06-23T09:55:30	-2884.44	4345.85	-885.51	10.77	-2.89	2.42
2022-06-23T09:55:32	-2897.06	4351.68	-885.71	10.48	-3.28	2.06
2022-06-23T09:55:34	-2909.67	4357.51	-885.92	10.56	-3.76	1.85
2022-06-23T09:55:36	-2922.29	4363.33	-886.13	10.74	-4.23	1.69
2022-06-23T09:55:38	-2934.90	4369.15	-886.33	10.91	-4.66	1.55
2022-06-23T09:55:40	-2947.51	4374.97	-886.53	11.07	-5.05	1.43
2022-06-23T09:55:42	-2960.12	4380.78	-886.74	11.16	-5.43	1.32
2022-06-23T09:55:44	-2972.72	4386.60	-886.94	11.12	-5.89	1.18
2022-06-23T09:55:46	-2985.33	4392.41	-887.14	11.10	-6.37	1.04
2022-06-23T09:55:48	-2997.93	4398.21	-887.35	11.10	-6.85	0.90
2022-06-23T09:55:50	-3010.53	4404.02	-887.55	11.08	-7.32	0.72
2022-06-23T09:55:52	-3023.13	4409.82	-887.75	11.01	-7.70	0.54
2022-06-23T09:55:54	-3035.73	4415.62	-887.96	10.88	-8.04	0.40
