Time	POS_X	POS_Y	POS_Z	B_X	B_Y	B_Z
2022-06-23T09:32:50	5334.52	-967.62	-325.79	81.80	-2.19	-5.84
2022-06-23T09:32:52	5324.07	-958.60	-327.13	81.80	-2.17	-5.72
2022-06-23T09:32:54	5313.62	-949.57	-328.48	81.82	-2.15	-5.60
2022-06-23T09:32:56	5303.16	-940.55	-329.82	81.84	-2.12	-5.47
2022-06-23T09:32:58	5292.70	-931.53	-331.17	81.87	-2.10	-5.34
2022-06-23T09:33:00	5282.24	-922.50	-332.52	81.91	-2.07	-5.20
2022-06-23T09:33:02	5271.78	-913.48	-333.86	81.93	-2.03	-5.07
2022-06-23T09:33:04	5261.31	-904.45	-335.21	81.93	-1.98	-4.97
2022-06-23T09:33:06	5250.84	-895.43	-336.55	81.92	-1.93	-4.87
2022-06-23T09:33:08	5240.37	-886.40	-337.90	81.92	-1.89	-4.79
2022-06-23T09:33:10	5229.89	-877.37	-339.24	81.92	-1.85	-4.71
2022-06-23T09:33:12	5219.41	-868.34	-340.59	81.93	-1.81	-4.65
2022-06-23T09:33:14	5208.93	-859.32	-341.93	81.96	-1.77	-4.56
2022-06-23T09:33:16	5198.45	-850.29	-343.28	82.00	-1.73	-4.44
2022-06-23T09:33:18	5187.96	-841.26	-344.62	82.05	-1.68	-4.32
2022-06-23T09:33:20	5177.47	-832.23	-345.97	82.08	-1.64	-4.21
2022-06-23T09:33:22	5166.97	-823.20	-347.31	82.11	-1.60	-4.09
2022-06-23T09:33:24	5156.47	-814.17	-348.65	82.14	-1.56	-3.97
2022-06-23T09:33:26	5145.97	-805.14	-350.00	82.18	-1.52	-3.86
2022-06-23T09:33:28	5135.47	-796.10	-351.34	82.23	-1.49	-3.78
2022-06-23T09:33:30	5124.96	-787.07	-352.68	82.27	-1.46	-3.70
2022-06-23T09:33:32	5114.45	-778.04	-354.02	82.31	-1.44	-3.61
2022-06-23T09:33:34	5103.94	-769.01	-355.37	82.35	-1.42	-3.53
2022-06-23T09:33:36	5093.42	-759.97	-356.71	82.38	-1.40	-3.43
2022-06-23T09:33:38	5082.90	-750.94	-358.05	82.41	-1.39	-3.34
2022-06-23T09:33:40	5072.38	-741.90	-359.39	82.43	-1.37	-3.25
2022-06-23T09:33:42	5061.85	-732.87	-360.73	82.45	-1.36	-3.16
2022-06-23T09:33:44	5051.32	-723.83	-362.07	82.47	-1.34	-3.07
2022-06-23T09:33:46	5040.79	-714.79	-363.42	82.51	-1.33	-2.99
2022-06-23T09:33:48	5030.25	-705.76	-364.76	82.55	-1.31	-2.91
2022-06-23T09:33:50	5019.71	-696.72	-366.10	82.59	-1.29	-2.84
2022-06-23T09:33:52	5009.17	-687.68	-367.44	82.64	-1.26	-2.76
2022-06-23T09:33:54	4998.62	-678.64	-368.78	82.73	-1.23	-2.68
2022-06-23T09:33:56	4988.07	-669.60	-370.12	82.82	-1.20	-2.58
2022-06-23T09:33:58	4977.52	-660.56	-371.46	82.90	-1.15	-2.49
2022-06-23T09:34:00	4966.96	-651.52	-372.80	82.97	-1.11	-2.39
2022-06-23T09:34:02	4956.40	-642.48	-374.13	83.03	-1.08	-2.31
2022-06-23T09:34:04	4945.84	-633.44	-375.47	83.09	-1.05	-2.23
2022-06-23T09:34:06	4935.27	-624.40	-376.81	83.12	-1.02	-2.16
2022-06-23T09:34:08	4924.70	-615.36	-378.15	83.18	-1.01	-2.08
2022-06-23T09:34:10	4914.13	-606.31	-379.49	83.24	-0.98	-2.00
2022-06-23T09:34:12	4903.55	-597.27	-380.83	83.31	-0.96	-1.91
2022-06-23T09:34:14	4892.97	-588.23	-382.16	83.38	-0.93	-1.82
2022-06-23T09:34:16	4882.39	-579.18	-383.50	83.47	-0.90	-1.71
2022-06-23T09:34:18	4871.80	-570.14	-384.84	83.55	-0.87	-1.60
2022-06-23T09:34:20	4861.21	-561.09	-386.17	83.64	-0.86	-1.50
2022-06-23T09:34:22	4850.61	-552.05	-387.51	83.73	-0.84	-1.40
2022-06-23T09:34:24	4840.01	-543.00	-388.85	83.82	-0.82	-1.31
2022-06-23T09:34:26	4829.41	-533.95	-390.18	83.90	-0.80	-1.24
2022-06-23T09:34:28	4818.81	-524.91	-391.52	83.99	-0.78	-1.17
2022-06-23T09:34:30	4808.20	-515.86	-392.85	84.06	-0.77	-1.09
2022-06-23T09:34:32	4797.58	-506.81	-394.19	84.13	-0.78	-1.00
2022-06-23T09:34:34	4786.97	-497.76	-395.52	84.20	-0.79	-0.91
2022-06-23T09:34:36	4776.35	-488.72	-396.86	84.27	-0.79	-0.82
2022-06-23T09:34:38	4765.72	-479.67	-398.19	84.35	-0.79	-0.73
2022-06-23T09:34:40	4755.09	-470.62	-399.52	84.42	-0.78	-0.61
2022-06-23T09:34:42	4744.46	-461.57	-400.86	84.49	-0.77	-0.50
2022-06-23T09:34:44	4733.82	-452.52	-402.19	84.54	-0.76	-0.38
2022-06-23T09:34:46	4723.19	-443.47	-403.52	84.59	-0.75	-0.27
2022-06-23T09:34:48	4712.54	-434.42	-404.85	84.63	-0.73	-0.16
2022-06-23T09:34:50	4701.89	-425.37	-406.19	84.69	-0.71	-0.05
2022-06-23T09:34:52	4691.24	-416.31	-407.52	84.77	-0.69	0.05
2022-06-23T09:34:54	4680.59	-407.26	-408.85	84.84	-0.67	0.14
2022-06-23T09:34:56	4669.93	-398.21	-410.18	84.91	-0.64	0.23
2022-06-23T09:34:58	4659.27	-389.16	-411.51	84.96	-0.61	0.32
2022-06-23T09:35:00	4648.60	-380.10	-412.84	85.02	-0.59	0.42
2022-06-23T09:35:02	4637.93	-371.05	-414.17	85.05	-0.58	0.54
2022-06-23T09:35:04	4627.26	-362.00	-415.50	85.09	-0.57	0.66
2022-06-23T09:35:06	4616.58	-352.94	-416.83	85.13	-0.57	0.77
2022-06-23T09:35:08	4605.89	-343.89	-418.16	85.19	-0.56	0.87
2022-06-23T09:35:10	4595.21	-334.83	-419.48	85.24	-0.54	0.98
2022-06-23T09:35:12	4584.52	-325.78	-420.81	85.30	-0.51	1.09
2022-06-23T09:35:14	4573.82	-316.72	-422.14	85.37	-0.46	1.20
2022-06-23T09:35:16	4563.12	-307.66	-423.47	85.44	-0.41	1.30
2022-06-23T09:35:18	4552.42	-298.61	-424.80	85.51	-0.37	1.41
2022-06-23T09:35:20	4541.71	-289.55	-426.12	85.59	-0.33	1.51
2022-06-23T09:35:22	4531.00	-280.50	-427.45	85.66	-0.29	1.59
2022-06-23T09:35:24	4520.28	-271.44	-428.77	85.73	-0.25	1.68
2022-06-23T09:35:26	4509.56	-262.38	-430.10	85.80	-0.22	1.77
2022-06-23T09:35:28	4498.84	-253.32	-431.42	85.88	-0.18	1.86
2022-06-23T09:35:30	4488.11	-244.27	-432.75	85.97	-0.15	1.95
2022-06-23T09:35:32	4477.38	-235.21	-434.07	86.06	-0.12	2.04
2022-06-23T09:35:34	4466.64	-226.15	-435.40	86.14	-0.10	2.15
2022-06-23T09:35:36	4455.90	-217.09	-436.72	86.24	-0.06	2.27
2022-06-23T09:35:38	4445.16	-208.03	-438.04	86.34	-0.03	2.37
2022-06-23T09:35:40	4434.40	-198.97	-439.36	86.44	0.01	2.48
2022-06-23T09:35:42	4423.65	-189.91	-440.69	86.55	0.05	2.59
2022-06-23T09:35:44	4412.89	-180.85	-442.01	86.65	0.09	2.68
2022-06-23T09:35:46	4402.13	-171.79	-443.33	86.75	0.13	2.77
2022-06-23T09:35:48	4391.36	-162.73	-444.65	86.85	0.16	2.85
2022-06-23T09:35:50	4380.59	-153.67	-445.97	86.95	0.19	2.95
2022-06-23T09:35:52	4369.81	-144.61	-447.29	87.05	0.22	3.05
2022-06-23T09:35:54	4359.03	-135.55	-448.61	87.15	0.25	3.15
2022-06-23T09:35:56	4348.25	-126.49	-449.93	87.28	0.30	3.25
2022-06-23T09:35:58	4337.46	-117.43	-451.24	87.41	0.35	3.34
2022-06-23T09:36:00	4326.66	-108.37	-452.56	87.52	0.41	3.42
2022-06-23T09:36:02	4315.86	-99.30	-453.88	87.63	0.48	3.51
2022-06-23T09:36:04	4305.06	-90.24	-455.20	87.72	0.55	3.59
2022-06-23T09:36:06	4294.25	-81.18	-456.51	87.82	0.59	3.69
2022-06-23T09:36:08	4283.44	-72.12	-457.83	87.94	0.62	3.78
2022-06-23T09:36:10	4272.62	-63.06	-459.14	88.08	0.66	3.88
2022-06-23T09:36:12	4261.80	-53.99	-460.46	88.21	0.67	3.98
2022-06-23T09:36:14	4250.97	-44.93	-461.77	88.32	0.69	4.08
2022-06-23T09:36:16	4240.14	-35.87	-463.09	88.38	0.72	4.18
2022-06-23T09:36:18	4229.30	-26.81	-464.40	88.45	0.77	4.28
2022-06-23T09:36:20	4218.46	-17.75	-465.71	88.52	0.82	4.37
2022-06-23T09:36:22	4207.61	-8.68	-467.03	88.60	0.88	4.45
2022-06-23T09:36:24	4196.76	0.38	-468.34	88.70	0.94	4.53
2022-06-23T09:36:26	4185.91	9.44	-469.65	88.82	1.01	4.65
2022-06-23T09:36:28	4175.04	18.50	-470.96	88.95	1.08	4.79
2022-06-23T09:36:30	4164.18	27.57	-472.27	89.08	1.14	4.92
2022-06-23T09:36:32	4153.31	36.63	-473.58	89.21	1.20	5.04
2022-06-23T09:36:34	4142.43	45.69	-474.89	89.35	1.26	5.15
2022-06-23T09:36:36	4131.55	54.76	-476.20	89.48	1.32	5.26
2022-06-23T09:36:38	4120.67	63.82	-477.50	89.59	1.40	5.38
2022-06-23T09:36:40	4109.77	72.88	-478.81	89.71	1.47	5.49
2022-06-23T09:36:42	4098.88	81.94	-480.12	89.82	1.55	5.61
2022-06-23T09:36:44	4087.98	91.00	-481.42	89.94	1.62	5.72
2022-06-23T09:36:46	4077.07	100.07	-482.73	90.07	1.69	5.84
2022-06-23T09:36:48	4066.16	109.13	-484.03	90.19	1.76	5.98
2022-06-23T09:36:50	4055.24	118.19	-485.34	90.30	1.83	6.13
2022-06-23T09:36:52	4044.32	127.25	-486.64	90.41	1.91	6.28
2022-06-23T09:36:54	4033.39	136.32	-487.94	90.51	1.99	6.43
2022-06-23T09:36:56	4022.46	145.38	-489.24	90.62	2.07	6.57
2022-06-23T09:36:58	4011.52	154.44	-490.54	90.74	2.16	6.73
2022-06-23T09:37:00	4000.58	163.50	-491.85	90.86	2.26	6.89
2022-06-23T09:37:02	3989.63	172.56	-493.15	90.98	2.36	7.04
2022-06-23T09:37:04	3978.68	181.62	-494.45	91.10	2.45	7.19
2022-06-23T09:37:06	3967.72	190.68	-495.74	91.21	2.54	7.34
2022-06-23T09:37:08	3956.76	199.74	-497.04	91.32	2.63	7.49
2022-06-23T09:37:10	3945.78	208.80	-498.34	91.42	2.70	7.65
2022-06-23T09:37:12	3934.81	217.87	-499.64	91.52	2.78	7.82
2022-06-23T09:37:14	3923.83	226.92	-500.93	91.62	2.86	7.99
2022-06-23T09:37:16	3912.84	235.98	-502.23	91.71	2.96	8.15
2022-06-23T09:37:18	3901.85	245.04	-503.52	91.79	3.07	8.32
2022-06-23T09:37:20	3890.85	254.10	-504.82	91.90	3.18	8.49
2022-06-23T09:37:22	3879.85	263.16	-506.11	92.01	3.29	8.67
2022-06-23T09:37:24	3868.84	272.22	-507.40	92.13	3.41	8.84
2022-06-23T09:37:26	3857.83	281.28	-508.69	92.25	3.52	9.01
2022-06-23T09:37:28	3846.81	290.33	-509.98	92.36	3.62	9.18
2022-06-23T09:37:30	3835.78	299.39	-511.28	92.43	3.72	9.36
2022-06-23T09:37:32	3824.75	308.45	-512.57	92.51	3.81	9.53
2022-06-23T09:37:34	3813.71	317.50	-513.85	92.58	3.90	9.70
2022-06-23T09:37:36	3802.67	326.56	-515.14	92.65	3.99	9.88
2022-06-23T09:37:38	3791.62	335.62	-516.43	92.72	4.08	10.05
2022-06-23T09:37:40	3780.56	344.67	-517.71	92.83	4.17	10.22
2022-06-23T09:37:42	3769.50	353.72	-519.00	92.94	4.28	10.39
2022-06-23T09:37:44	3758.44	362.78	-520.29	93.04	4.38	10.56
2022-06-23T09:37:46	3747.36	371.83	-521.57	93.13	4.48	10.72
2022-06-23T09:37:48	3736.28	380.88	-522.85	93.22	4.57	10.89
2022-06-23T09:37:50	3725.20	389.94	-524.13	93.31	4.70	11.08
2022-06-23T09:37:52	3714.11	398.99	-525.41	93.41	4.85	11.26
2022-06-23T09:37:54	3703.01	408.04	-526.70	93.53	5.01	11.44
2022-06-23T09:37:56	3691.91	417.09	-527.97	93.65	5.16	11.61
2022-06-23T09:37:58	3680.80	426.14	-529.25	93.79	5.31	11.78
2022-06-23T09:38:00	3669.69	435.19	-530.53	93.92	5.45	11.94
2022-06-23T09:38:02	3658.57	444.24	-531.81	94.03	5.59	12.12
2022-06-23T09:38:04	3647.44	453.28	-533.08	94.14	5.73	12.30
2022-06-23T09:38:06	3636.30	462.33	-534.36	94.23	5.88	12.50
2022-06-23T09:38:08	3625.16	471.38	-535.63	94.32	6.03	12.70
2022-06-23T09:38:10	3614.02	480.42	-536.90	94.45	6.20	12.92
2022-06-23T09:38:12	3602.86	489.47	-538.18	94.59	6.36	13.15
2022-06-23T09:38:14	3591.70	498.51	-539.45	94.73	6.52	13.38
2022-06-23T09:38:16	3580.54	507.55	-540.72	94.86	6.69	13.60
2022-06-23T09:38:18	3569.37	516.59	-541.99	94.98	6.85	13.82
2022-06-23T09:38:20	3558.19	525.64	-543.26	95.11	7.01	14.04
2022-06-23T09:38:22	3547.00	534.68	-544.53	95.23	7.18	14.27
2022-06-23T09:38:24	3535.81	543.71	-545.79	95.36	7.36	14.50
2022-06-23T09:38:26	3524.61	552.76	-547.06	95.50	7.55	14.75
2022-06-23T09:38:28	3513.41	561.79	-548.32	95.63	7.76	15.00
2022-06-23T09:38:30	3502.20	570.83	-549.58	95.78	7.96	15.25
2022-06-23T09:38:32	3490.98	579.86	-550.85	95.93	8.15	15.51
2022-06-23T09:38:34	3479.76	588.90	-552.11	96.09	8.34	15.76
2022-06-23T09:38:36	3468.53	597.93	-553.37	96.24	8.51	16.01
2022-06-23T09:38:38	3457.29	606.96	-554.63	96.39	8.68	16.26
2022-06-23T09:38:40	3446.04	615.99	-555.88	96.54	8.85	16.51
2022-06-23T09:38:42	3434.79	625.02	-557.14	96.72	9.04	16.78
2022-06-23T09:38:44	3423.53	634.05	-558.40	96.89	9.29	17.05
2022-06-23T09:38:46	3412.27	643.08	-559.65	97.06	9.54	17.32
2022-06-23T09:38:48	3401.00	652.10	-560.90	97.23	9.79	17.59
2022-06-23T09:38:50	3389.72	661.13	-562.16	97.40	10.04	17.86
2022-06-23T09:38:52	3378.43	670.15	-563.41	97.58	10.28	18.15
2022-06-23T09:38:54	3367.14	679.17	-564.66	97.76	10.52	18.43
2022-06-23T09:38:56	3355.84	688.19	-565.91	97.92	10.75	18.72
2022-06-23T09:38:58	3344.53	697.21	-567.15	98.07	10.98	19.00
2022-06-23T09:39:00	3333.22	706.23	-568.40	98.22	11.21	19.29
2022-06-23T09:39:02	3321.90	715.24	-569.64	98.40	11.46	19.62
2022-06-23T09:39:04	3310.57	724.26	-570.89	98.57	11.71	19.95
2022-06-23T09:39:06	3299.24	733.27	-572.13	98.74	11.96	20.27
2022-06-23T09:39:08	3287.89	742.28	-573.37	98.90	12.21	20.59
2022-06-23T09:39:10	3276.54	751.29	-574.62	99.08	12.47	20.90
2022-06-23T09:39:12	3265.19	760.30	-575.85	99.25	12.75	21.25
2022-06-23T09:39:14	3253.82	769.31	-577.09	99.44	13.04	21.59
2022-06-23T09:39:16	3242.45	778.31	-578.33	99.62	13.33	21.93
2022-06-23T09:39:18	3231.07	787.31	-579.56	99.81	13.63	22.27
2022-06-23T09:39:20	3219.68	796.32	-580.80	100.00	13.93	22.60
2022-06-23T09:39:22	3208.29	805.32	-582.03	100.17	14.20	22.93
2022-06-23T09:39:24	3196.89	814.31	-583.26	100.35	14.47	23.26
2022-06-23T09:39:26	3185.48	823.31	-584.49	100.53	14.76	23.58
2022-06-23T09:39:28	3174.07	832.30	-585.72	100.71	15.05	23.90
2022-06-23T09:39:30	3162.64	841.29	-586.94	100.89	15.34	24.22
2022-06-23T09:39:32	3151.21	850.29	-588.17	101.12	15.66	24.57
2022-06-23T09:39:34	3139.77	859.27	-589.39	101.34	15.97	24.94
2022-06-23T09:39:36	3128.33	868.26	-590.62	101.54	16.29	25.32
2022-06-23T09:39:38	3116.87	877.24	-591.84	101.75	16.61	25.70
2022-06-23T09:39:40	3105.41	886.23	-593.06	101.95	16.94	26.09
2022-06-23T09:39:42	3093.94	895.21	-594.27	102.17	17.28	26.49
2022-06-23T09:39:44	3082.46	904.18	-595.49	102.38	17.63	26.87
2022-06-23T09:39:46	3070.98	913.16	-596.71	102.59	17.97	27.25
2022-06-23T09:39:48	3059.49	922.13	-597.92	102.77	18.29	27.62
2022-06-23T09:39:50	3047.99	931.10	-599.13	102.96	18.62	28.00
2022-06-23T09:39:52	3036.48	940.07	-600.34	103.18	18.94	28.43
2022-06-23T09:39:54	3024.96	949.04	-601.55	103.41	19.26	28.86
2022-06-23T09:39:56	3013.44	958.00	-602.76	103.62	19.58	29.27
2022-06-23T09:39:58	3001.91	966.96	-603.97	103.84	19.90	29.67
2022-06-23T09:40:00	2990.37	975.92	-605.17	104.05	20.22	30.05
2022-06-23T09:40:02	2978.82	984.87	-606.37	104.29	20.58	30.47
2022-06-23T09:40:04	2967.26	993.83	-607.57	104.54	20.94	30.88
2022-06-23T09:40:06	2955.70	1002.78	-608.77	104.80	21.31	31.28
2022-06-23T09:40:08	2944.13	1011.72	-609.97	105.07	21.69	31.69
2022-06-23T09:40:10	2932.55	1020.67	-611.17	105.34	22.08	32.08
2022-06-23T09:40:12	2920.96	1029.61	-612.36	105.56	22.46	32.48
2022-06-23T09:40:14	2909.36	1038.55	-613.55	105.73	22.82	32.90
2022-06-23T09:40:16	2897.76	1047.49	-614.74	105.89	23.18	33.33
2022-06-23T09:40:18	2886.14	1056.42	-615.93	106.06	23.55	33.77
2022-06-23T09:40:20	2874.52	1065.35	-617.12	106.23	23.92	34.22
2022-06-23T09:40:22	2862.89	1074.28	-618.31	106.48	24.33	34.68
2022-06-23T09:40:24	2851.26	1083.20	-619.49	106.72	24.75	35.14
2022-06-23T09:40:26	2839.61	1092.12	-620.67	106.95	25.15	35.56
2022-06-23T09:40:28	2827.96	1101.04	-621.85	107.15	25.56	35.97
2022-06-23T09:40:30	2816.29	1109.96	-623.03	107.33	25.98	36.37
2022-06-23T09:40:32	2804.62	1118.87	-624.21	107.53	26.40	36.76
2022-06-23T09:40:34	2792.94	1127.78	-625.38	107.74	26.82	37.12
2022-06-23T09:40:36	2781.26	1136.68	-626.55	107.96	27.24	37.46
2022-06-23T09:40:38	2769.56	1145.58	-627.72	108.19	27.65	37.79
2022-06-23T09:40:40	2757.86	1154.48	-628.89	108.42	28.09	38.16
2022-06-23T09:40:42	2746.14	1163.37	-630.06	108.66	28.60	38.59
2022-06-23T09:40:44	2734.42	1172.27	-631.23	108.91	29.12	39.02
2022-06-23T09:40:46	2722.69	1181.16	-632.39	109.16	29.65	39.44
2022-06-23T09:40:48	2710.95	1190.04	-633.55	109.41	30.18	39.87
2022-06-23T09:40:50	2699.21	1198.92	-634.71	109.62	30.68	40.32
2022-06-23T09:40:52	2687.45	1207.79	-635.86	109.77	31.11	40.78
2022-06-23T09:40:54	2675.68	1216.67	-637.02	109.94	31.55	41.25
2022-06-23T09:40:56	2663.91	1225.53	-638.17	110.14	32.01	41.72
2022-06-23T09:40:58	2652.13	1234.40	-639.32	110.37	32.49	42.21
2022-06-23T09:41:00	2640.34	1243.26	-640.47	110.60	32.97	42.67
2022-06-23T09:41:02	2628.54	1252.12	-641.62	110.81	33.45	43.09
2022-06-23T09:41:04	2616.73	1260.97	-642.76	110.99	33.92	43.48
2022-06-23T09:41:06	2604.91	1269.82	-643.91	111.16	34.39	43.89
2022-06-23T09:41:08	2593.09	1278.66	-645.05	111.33	34.88	44.30
2022-06-23T09:41:10	2581.25	1287.50	-646.18	111.55	35.43	44.71
2022-06-23T09:41:12	2569.41	1296.33	-647.32	111.76	35.98	45.10
2022-06-23T09:41:14	2557.56	1305.16	-648.45	111.94	36.52	45.48
2022-06-23T09:41:16	2545.70	1313.99	-649.58	112.08	37.05	45.84
2022-06-23T09:41:18	2533.83	1322.81	-650.71	112.17	37.54	46.20
2022-06-23T09:41:20	2521.95	1331.63	-651.84	112.42	38.06	46.68
2022-06-23T09:41:22	2510.06	1340.44	-652.96	112.73	38.60	47.16
2022-06-23T09:41:24	2498.17	1349.25	-654.09	113.08	39.14	47.63
2022-06-23T09:41:26	2486.26	1358.05	-655.21	113.48	39.68	48.08
2022-06-23T09:41:28	2474.35	1366.85	-656.32	113.88	40.22	48.52
2022-06-23T09:41:30	2462.43	1375.64	-657.44	113.88	40.71	48.98
2022-06-23T09:41:32	2450.50	1384.43	-658.55	113.88	41.22	49.45
2022-06-23T09:41:34	2438.56	1393.21	-659.66	113.94	41.77	49.93
2022-06-23T09:41:36	2426.61	1401.99	-660.77	114.06	42.33	50.42
2022-06-23T09:41:38	2414.65	1410.76	-661.87	114.27	42.93	50.90
2022-06-23T09:41:40	2402.68	1419.53	-662.97	114.53	43.50	51.34
2022-06-23T09:41:42	2390.71	1428.30	-664.08	114.71	44.03	51.74
2022-06-23T09:41:44	2378.72	1437.05	-665.17	114.87	44.50	52.15
2022-06-23T09:41:46	2366.73	1445.80	-666.27	115.03	44.99	52.60
2022-06-23T09:41:48	2354.72	1454.55	-667.36	115.24	45.57	53.11
2022-06-23T09:41:50	2342.71	1463.29	-668.45	115.50	46.19	53.63
2022-06-23T09:41:52	2330.69	1472.03	-669.54	115.77	46.79	54.11
2022-06-23T09:41:54	2318.66	1480.76	-670.63	116.03	47.34	54.55
2022-06-23T09:41:56	2306.62	1489.48	-671.71	116.22	47.89	54.92
2022-06-23T09:41:58	2294.58	1498.20	-672.79	116.30	48.52	55.30
2022-06-23T09:42:00	2282.52	1506.91	-673.86	116.43	49.17	55.71
2022-06-23T09:42:02	2270.45	1515.62	-674.94	116.63	49.81	56.16
2022-06-23T09:42:04	2258.38	1524.32	-676.01	116.89	50.44	56.64
2022-06-23T09:42:06	2246.29	1533.01	-677.08	117.18	51.05	57.16
2022-06-23T09:42:08	2234.20	1541.70	-678.15	117.26	51.68	57.74
2022-06-23T09:42:10	2222.10	1550.38	-679.21	117.18	52.30	58.25
2022-06-23T09:42:12	2209.99	1559.06	-680.27	117.14	52.91	58.74
2022-06-23T09:42:14	2197.87	1567.73	-681.33	117.13	53.52	59.20
2022-06-23T09:42:16	2185.74	1576.39	-682.39	117.18	54.11	59.61
2022-06-23T09:42:18	2173.60	1585.05	-683.44	117.26	54.62	59.92
2022-06-23T09:42:20	2161.46	1593.70	-684.49	117.26	55.11	60.21
2022-06-23T09:42:22	2149.30	1602.34	-685.54	117.26	55.62	60.51
2022-06-23T09:42:24	2137.14	1610.98	-686.58	117.31	56.22	60.87
2022-06-23T09:42:26	2124.97	1619.61	-687.62	117.42	56.93	61.33
2022-06-23T09:42:28	2112.78	1628.23	-688.66	117.48	57.62	61.87
2022-06-23T09:42:30	2100.59	1636.85	-689.70	117.44	58.22	62.42
2022-06-23T09:42:32	2088.39	1645.46	-690.73	117.28	58.75	62.97
2022-06-23T09:42:34	2076.19	1654.06	-691.76	117.01	59.20	63.52
2022-06-23T09:42:36	2063.97	1662.66	-692.78	117.28	59.82	64.24
2022-06-23T09:42:38	2051.74	1671.25	-693.81	117.49	60.40	64.90
2022-06-23T09:42:40	2039.51	1679.83	-694.83	117.58	60.91	65.49
2022-06-23T09:42:42	2027.26	1688.41	-695.85	117.55	61.38	66.01
2022-06-23T09:42:44	2015.01	1696.97	-696.86	117.44	61.80	66.45
2022-06-23T09:42:46	2002.75	1705.53	-697.87	117.50	62.24	66.86
2022-06-23T09:42:48	1990.48	1714.09	-698.88	117.66	62.72	67.29
2022-06-23T09:42:50	1978.20	1722.63	-699.89	117.77	63.22	67.70
2022-06-23T09:42:52	1965.91	1731.17	-700.89	117.78	63.69	68.12
2022-06-23T09:42:54	1953.62	1739.70	-701.89	117.58	64.21	68.58
2022-06-23T09:42:56	1941.31	1748.22	-702.89	117.35	64.78	69.09
2022-06-23T09:42:58	1929.00	1756.74	-703.88	117.19	65.36	69.63
2022-06-23T09:43:00	1916.68	1765.24	-704.87	117.09	65.94	70.20
2022-06-23T09:43:02	1904.35	1773.74	-705.86	117.03	66.43	70.75
2022-06-23T09:43:04	1892.01	1782.23	-706.84	116.82	66.84	71.11
2022-06-23T09:43:06	1879.66	1790.72	-707.82	116.64	67.31	71.53
2022-06-23T09:43:08	1867.31	1799.19	-708.80	116.51	67.82	72.00
2022-06-23T09:43:10	1854.94	1807.66	-709.77	116.44	68.37	72.53
2022-06-23T09:43:12	1842.57	1816.12	-710.75	116.38	68.95	73.09
2022-06-23T09:43:14	1830.19	1824.57	-711.71	116.16	69.47	73.62
2022-06-23T09:43:16	1817.80	1833.01	-712.68	115.81	69.93	74.09
2022-06-23T09:43:18	1805.40	1841.44	-713.64	115.47	70.35	74.54
2022-06-23T09:43:20	1792.99	1849.87	-714.60	115.16	70.73	74.98
2022-06-23T09:43:22	1780.58	1858.28	-715.55	114.89	71.24	75.41
2022-06-23T09:43:24	1768.16	1866.69	-716.50	114.60	71.79	75.80
2022-06-23T09:43:26	1755.72	1875.09	-717.45	114.27	72.31	76.14
2022-06-23T09:43:28	1743.29	1883.48	-718.39	113.90	72.78	76.43
2022-06-23T09:43:30	1730.84	1891.87	-719.33	113.63	73.34	76.69
2022-06-23T09:43:32	1718.38	1900.24	-720.27	113.58	73.94	77.13
2022-06-23T09:43:34	1705.92	1908.60	-721.21	113.52	74.50	77.57
2022-06-23T09:43:36	1693.45	1916.96	-722.14	113.45	75.02	78.02
2022-06-23T09:43:38	1680.97	1925.30	-723.07	113.37	75.50	78.48
2022-06-23T09:43:40	1668.48	1933.64	-723.99	113.02	76.06	78.99
2022-06-23T09:43:42	1655.99	1941.97	-724.91	112.34	76.65	79.56
2022-06-23T09:43:44	1643.49	1950.29	-725.83	111.55	77.17	80.19
2022-06-23T09:43:46	1630.98	1958.60	-726.74	110.80	77.70	80.78
2022-06-23T09:43:48	1618.46	1966.90	-727.65	110.06	78.22	81.34
2022-06-23T09:43:50	1605.93	1975.19	-728.56	109.61	78.85	81.76
2022-06-23T09:43:52	1593.40	1983.48	-729.46	109.15	79.44	82.16
2022-06-23T09:43:54	1580.86	1991.75	-730.37	108.66	80.00	82.56
2022-06-23T09:43:56	1568.31	2000.01	-731.26	108.20	80.53	82.96
2022-06-23T09:43:58	1555.76	2008.27	-732.16	107.82	81.12	83.23
2022-06-23T09:44:00	1543.20	2016.51	-733.04	107.33	81.92	83.43
2022-06-23T09:44:02	1530.62	2024.75	-733.93	106.96	82.79	83.72
2022-06-23T09:44:04	1518.05	2032.97	-734.81	106.70	83.75	84.12
2022-06-23T09:44:06	1505.46	2041.19	-735.69	106.57	84.81	84.61
2022-06-23T09:44:08	1492.87	2049.40	-736.57	106.07	85.61	85.04
2022-06-23T09:44:10	1480.27	2057.59	-737.44	105.37	86.23	85.35
2022-06-23T09:44:12	1467.66	2065.77	-738.31	104.50	86.73	85.49
2022-06-23T09:44:14	1455.05	2073.95	-739.18	103.75	87.21	85.66
2022-06-23T09:44:16	1442.43	2082.12	-740.04	103.04	87.66	85.85
2022-06-23T09:44:18	1429.80	2090.27	-740.89	102.13	88.08	86.14
2022-06-23T09:44:20	1417.17	2098.42	-741.75	101.18	88.49	86.59
2022-06-23T09:44:22	1404.53	2106.56	-742.60	100.19	88.91	87.20
2022-06-23T09:44:24	1391.88	2114.69	-743.45	99.19	89.38	87.87
2022-06-23T09:44:26	1379.23	2122.80	-744.29	98.51	90.40	87.70
2022-06-23T09:44:28	1366.57	2130.91	-745.13	97.73	91.32	87.42
2022-06-23T09:44:30	1353.90	2139.01	-745.97	96.79	91.99	87.17
2022-06-23T09:44:32	1341.23	2147.09	-746.80	95.69	92.43	86.97
2022-06-23T09:44:34	1328.55	2155.17	-747.63	94.39	92.62	86.85
2022-06-23T09:44:36	1315.86	2163.23	-748.46	93.04	92.53	86.96
2022-06-23T09:44:38	1303.17	2171.29	-749.28	91.77	92.37	87.25
2022-06-23T09:44:40	1290.47	2179.33	-750.10	90.71	92.89	87.38
2022-06-23T09:44:42	1277.77	2187.37	-750.91	89.82	93.66	87.35
2022-06-23T09:44:44	1265.05	2195.39	-751.72	88.86	94.73	87.43
2022-06-23T09:44:46	1252.34	2203.41	-752.53	87.87	95.58	87.60
2022-06-23T09:44:48	1239.62	2211.41	-753.34	86.88	96.14	87.80
2022-06-23T09:44:50	1226.89	2219.40	-754.14	85.90	96.42	88.03
2022-06-23T09:44:52	1214.15	2227.38	-754.94	84.95	96.75	88.12
2022-06-23T09:44:54	1201.41	2235.35	-755.73	83.92	97.88	87.88
2022-06-23T09:44:56	1188.67	2243.31	-756.52	82.93	99.06	87.65
2022-06-23T09:44:58	1175.91	2251.27	-757.31	82.01	100.29	87.41
2022-06-23T09:45:00	1163.16	2259.21	-758.09	81.14	101.55	87.17
2022-06-23T09:45:02	1150.39	2267.13	-758.87	79.93	102.22	87.01
2022-06-23T09:45:04	1137.63	2275.05	-759.65	78.71	102.46	86.80
2022-06-23T09:45:06	1124.85	2282.96	-760.42	77.60	102.41	86.48
2022-06-23T09:45:08	1112.07	2290.86	-761.18	76.62	102.24	86.56
2022-06-23T09:45:10	1099.29	2298.74	-761.95	75.59	102.28	87.00
2022-06-23T09:45:12	1086.50	2306.62	-762.71	74.71	102.88	87.67
2022-06-23T09:45:14	1073.71	2314.48	-763.47	73.86	103.66	88.11
2022-06-23T09:45:16	1060.91	2322.34	-764.23	73.05	104.63	88.34
2022-06-23T09:45:18	1048.10	2330.18	-764.97	72.30	105.80	88.37
2022-06-23T09:45:20	1035.30	2338.02	-765.72	71.40	106.07	88.46
2022-06-23T09:45:22	1022.48	2345.84	-766.46	70.45	105.85	88.50
2022-06-23T09:45:24	1009.66	2353.65	-767.20	69.56	105.60	88.56
2022-06-23T09:45:26	996.84	2361.45	-767.94	68.62	105.45	88.70
2022-06-23T09:45:28	984.01	2369.24	-768.68	67.86	105.50	88.91
2022-06-23T09:45:30	971.18	2377.02	-769.41	67.45	105.88	89.10
2022-06-23T09:45:32	958.35	2384.78	-770.13	67.03	106.47	89.27
2022-06-23T09:45:34	945.50	2392.54	-770.85	66.60	107.27	89.41
2022-06-23T09:45:36	932.66	2400.29	-771.57	66.10	108.08	89.53
2022-06-23T09:45:38	919.81	2408.02	-772.29	64.95	106.96	89.26
2022-06-23T09:45:40	906.96	2415.75	-773.00	63.91	106.05	89.10
2022-06-23T09:45:42	894.10	2423.46	-773.71	63.03	105.48	89.08
2022-06-23T09:45:44	881.24	2431.16	-774.41	62.33	105.24	89.23
2022-06-23T09:45:46	868.37	2438.86	-775.11	61.75	105.54	89.69
2022-06-23T09:45:48	855.51	2446.54	-775.81	61.05	106.25	90.36
2022-06-23T09:45:50	842.63	2454.21	-776.51	60.24	107.10	90.99
2022-06-23T09:45:52	829.76	2461.86	-777.20	59.41	107.66	91.20
2022-06-23T09:45:54	816.88	2469.51	-777.89	58.57	107.92	91.05
2022-06-23T09:45:56	803.99	2477.15	-778.57	57.72	107.43	90.29
2022-06-23T09:45:58	791.10	2484.78	-779.25	56.90	107.06	89.63
2022-06-23T09:46:00	778.21	2492.39	-779.93	56.11	106.83	89.09
2022-06-23T09:46:02	765.32	2500.00	-780.60	55.37	106.77	88.66
2022-06-23T09:46:04	752.42	2507.59	-781.27	54.58	106.68	88.72
2022-06-23T09:46:06	739.52	2515.18	-781.94	53.69	106.58	89.16
2022-06-23T09:46:08	726.62	2522.75	-782.61	52.85	106.53	89.71
2022-06-23T09:46:10	713.71	2530.31	-783.27	52.09	106.36	90.19
2022-06-23T09:46:12	700.80	2537.86	-783.92	51.40	106.03	90.51
2022-06-23T09:46:14	687.89	2545.41	-784.58	50.71	105.43	90.37
2022-06-23T09:46:16	674.97	2552.93	-785.23	49.94	104.77	90.20
2022-06-23T09:46:18	662.05	2560.45	-785.88	49.09	104.03	89.99
2022-06-23T09:46:20	649.14	2567.96	-786.52	48.15	103.23	89.73
2022-06-23T09:46:22	636.21	2575.46	-787.16	47.48	102.45	89.95
2022-06-23T09:46:24	623.28	2582.95	-787.80	46.97	101.77	90.28
2022-06-23T09:46:26	610.35	2590.42	-788.43	46.48	101.16	90.52
2022-06-23T09:46:28	597.42	2597.89	-789.06	46.03	100.63	90.67
2022-06-23T09:46:30	584.49	2605.34	-789.69	45.59	100.28	90.81
2022-06-23T09:46:32	571.55	2612.79	-790.32	45.13	100.15	91.11
2022-06-23T09:46:34	558.61	2620.22	-790.94	44.65	99.91	91.41
2022-06-23T09:46:36	545.67	2627.65	-791.56	44.14	99.58	91.71
2022-06-23T09:46:38	532.73	2635.06	-792.17	43.56	99.07	92.20
2022-06-23T09:46:40	519.79	2642.46	-792.78	42.97	98.67	92.23
2022-06-23T09:46:42	506.84	2649.85	-793.39	42.41	98.29	92.12
2022-06-23T09:46:44	493.89	2657.24	-794.00	41.86	97.94	91.92
2022-06-23T09:46:46	480.94	2664.61	-794.60	41.34	97.62	91.61
2022-06-23T09:46:48	467.98	2671.97	-795.20	40.70	97.32	91.32
2022-06-23T09:46:50	455.03	2679.32	-795.79	39.93	97.05	91.09
2022-06-23T09:46:52	442.07	2686.66	-796.39	39.21	96.80	90.95
2022-06-23T09:46:54	429.11	2693.99	-796.98	38.69	96.44	91.17
2022-06-23T09:46:56	416.15	2701.31	-797.56	38.32	95.99	91.46
2022-06-23T09:46:58	403.19	2708.61	-798.15	37.68	95.40	91.90
2022-06-23T09:47:00	390.23	2715.92	-798.73	36.94	94.96	92.26
2022-06-23T09:47:02	377.27	2723.20	-799.30	36.12	94.68	92.53
2022-06-23T09:47:04	364.30	2730.48	-799.88	35.22	94.55	92.71
2022-06-23T09:47:06	351.33	2737.75	-800.45	34.67	94.36	93.15
2022-06-23T09:47:08	338.36	2745.01	-801.02	34.33	93.98	93.65
2022-06-23T09:47:10	325.40	2752.25	-801.59	33.95	93.32	94.07
2022-06-23T09:47:12	312.42	2759.49	-802.15	33.55	92.61	94.50
2022-06-23T09:47:14	299.45	2766.72	-802.71	33.12	91.81	94.78
2022-06-23T09:47:16	286.48	2773.94	-803.27	32.69	90.92	94.52
2022-06-23T09:47:18	273.51	2781.15	-803.82	32.35	90.15	94.21
2022-06-23T09:47:20	260.53	2788.34	-804.37	32.08	89.51	93.87
2022-06-23T09:47:22	247.56	2795.53	-804.92	31.89	89.01	93.49
2022-06-23T09:47:24	234.58	2802.71	-805.47	31.43	88.59	93.71
2022-06-23T09:47:26	221.60	2809.88	-806.01	30.84	88.21	94.13
2022-06-23T09:47:28	208.62	2817.04	-806.55	30.23	87.74	94.49
2022-06-23T09:47:30	195.64	2824.19	-807.09	29.61	87.18	94.80
2022-06-23T09:47:32	182.66	2831.33	-807.62	29.01	86.72	95.06
2022-06-23T09:47:34	169.68	2838.46	-808.15	28.51	86.51	95.28
2022-06-23T09:47:36	156.70	2845.58	-808.68	28.10	86.34	95.50
2022-06-23T09:47:38	143.72	2852.69	-809.21	27.76	86.20	95.71
2022-06-23T09:47:40	130.74	2859.79	-809.73	27.45	86.03	95.86
2022-06-23T09:47:42	117.76	2866.88	-810.25	26.88	85.73	95.86
2022-06-23T09:47:44	104.78	2873.96	-810.77	26.34	85.43	95.97
2022-06-23T09:47:46	91.79	2881.03	-811.28	25.83	85.13	96.17
2022-06-23T09:47:48	78.81	2888.10	-811.80	25.34	84.82	96.46
2022-06-23T09:47:50	65.83	2895.15	-812.31	24.81	84.41	96.49
2022-06-23T09:47:52	52.84	2902.19	-812.81	24.28	83.95	96.34
2022-06-23T09:47:54	39.86	2909.23	-813.32	23.79	83.50	96.21
2022-06-23T09:47:56	26.88	2916.25	-813.82	23.34	83.03	96.00
2022-06-23T09:47:58	13.89	2923.27	-814.32	22.85	82.51	95.68
2022-06-23T09:48:00	0.91	2930.28	-814.82	22.23	82.14	95.52
2022-06-23T09:48:02	-12.08	2937.28	-815.31	21.63	81.77	95.33
2022-06-23T09:48:04	-25.06	2944.27	-815.80	21.05	81.41	95.12
2022-06-23T09:48:06	-38.04	2951.25	-816.29	20.49	81.06	94.88
2022-06-23T09:48:08	-51.03	2958.22	-816.78	20.06	80.28	94.52
2022-06-23T09:48:10	-64.01	2965.18	-817.26	19.64	79.43	94.27
2022-06-23T09:48:12	-76.99	2972.13	-817.75	19.23	78.64	94.11
2022-06-23T09:48:14	-89.97	2979.08	-818.22	18.89	78.02	93.87
2022-06-23T09:48:16	-102.96	2986.01	-818.70	18.57	77.67	93.53
2022-06-23T09:48:18	-115.94	2992.94	-819.18	18.25	77.56	93.08
2022-06-23T09:48:20	-128.92	2999.86	-819.65	17.93	77.41	92.74
2022-06-23T09:48:22	-141.90	3006.77	-820.12	17.61	77.22	92.52
2022-06-23T09:48:24	-154.88	3013.67	-820.59	17.28	77.01	92.42
2022-06-23T09:48:26	-167.87	3020.56	-821.05	17.21	76.77	92.15
2022-06-23T09:48:28	-180.85	3027.44	-821.51	17.12	76.59	91.89
2022-06-23T09:48:30	-193.82	3034.32	-821.97	17.19	76.54	91.58
2022-06-23T09:48:32	-206.80	3041.18	-822.43	17.29	76.59	91.40
2022-06-23T09:48:34	-219.78	3048.04	-822.89	17.34	76.57	91.13
2022-06-23T09:48:36	-232.76	3054.89	-823.34	17.27	76.51	90.71
2022-06-23T09:48:38	-245.74	3061.73	-823.79	17.09	76.51	90.27
2022-06-23T09:48:40	-258.71	3068.56	-824.24	16.81	76.57	89.81
2022-06-23T09:48:42	-271.69	3075.39	-824.69	16.50	76.64	89.47
2022-06-23T09:48:44	-284.67	3082.20	-825.13	16.51	76.55	89.70
2022-06-23T09:48:46	-297.64	3089.01	-825.57	16.64	76.20	89.80
2022-06-23T09:48:48	-310.61	3095.81	-826.02	16.77	75.66	89.72
2022-06-23T09:48:50	-323.58	3102.60	-826.45	16.82	75.10	89.50
2022-06-23T09:48:52	-336.56	3109.38	-826.89	16.85	74.56	89.06
2022-06-23T09:48:54	-349.53	3116.16	-827.32	16.98	74.10	88.66
2022-06-23T09:48:56	-362.50	3122.92	-827.75	17.19	73.72	88.34
2022-06-23T09:48:58	-375.46	3129.68	-828.18	17.51	73.41	88.09
2022-06-23T09:49:00	-388.43	3136.44	-828.61	17.84	72.84	87.90
2022-06-23T09:49:02	-401.40	3143.18	-829.03	18.02	71.70	87.75
2022-06-23T09:49:04	-414.37	3149.92	-829.46	18.13	70.65	87.76
2022-06-23T09:49:06	-427.33	3156.64	-829.88	18.27	69.71	87.71
2022-06-23T09:49:08	-440.29	3163.36	-830.30	18.44	68.87	87.59
2022-06-23T09:49:10	-453.26	3170.07	-830.72	18.55	68.27	87.69
2022-06-23T09:49:12	-466.22	3176.78	-831.13	18.54	67.69	87.79
2022-06-23T09:49:14	-479.18	3183.48	-831.54	18.42	67.12	87.88
2022-06-23T09:49:16	-492.14	3190.17	-831.95	18.18	66.57	87.96
2022-06-23T09:49:18	-505.09	3196.85	-832.36	18.03	65.73	88.38
2022-06-23T09:49:20	-518.05	3203.52	-832.77	18.01	64.47	89.11
2022-06-23T09:49:22	-531.01	3210.19	-833.17	17.92	63.01	89.61
2022-06-23T09:49:24	-543.96	3216.85	-833.58	17.78	61.51	89.82
2022-06-23T09:49:26	-556.91	3223.50	-833.98	17.50	59.98	89.76
2022-06-23T09:49:28	-569.87	3230.15	-834.38	16.61	58.68	89.47
2022-06-23T09:49:30	-582.82	3236.78	-834.77	15.71	57.48	89.09
2022-06-23T09:49:32	-595.77	3243.41	-835.17	14.79	56.36	88.65
2022-06-23T09:49:34	-608.71	3250.04	-835.56	13.86	55.33	88.13
2022-06-23T09:49:36	-621.66	3256.65	-835.95	13.05	54.64	87.53
2022-06-23T09:49:38	-634.60	3263.26	-836.34	12.13	54.08	87.18
2022-06-23T09:49:40	-647.55	3269.86	-836.73	11.30	53.44	86.86
2022-06-23T09:49:42	-660.49	3276.46	-837.12	10.57	52.72	86.57
2022-06-23T09:49:44	-673.43	3283.04	-837.50	10.18	51.82	86.31
2022-06-23T09:49:46	-686.37	3289.63	-837.88	10.44	50.72	85.99
2022-06-23T09:49:48	-699.31	3296.20	-838.26	10.68	49.76	85.61
2022-06-23T09:49:50	-712.24	3302.76	-838.65	10.92	48.92	85.18
2022-06-23T09:49:52	-725.18	3309.33	-839.02	11.15	48.21	84.71
2022-06-23T09:49:54	-738.11	3315.88	-839.40	10.87	48.56	83.31
2022-06-23T09:49:56	-751.04	3322.42	-839.77	10.57	48.96	81.37
2022-06-23T09:49:58	-763.97	3328.97	-840.14	10.37	49.10	79.22
2022-06-23T09:50:00	-776.90	3335.50	-840.51	10.28	48.96	76.83
2022-06-23T09:50:02	-789.83	3342.02	-840.88	10.24	48.31	74.85
2022-06-23T09:50:04	-802.75	3348.54	-841.25	10.00	47.38	73.46
2022-06-23T09:50:06	-815.67	3355.06	-841.61	9.56	46.54	71.93
2022-06-23T09:50:08	-828.60	3361.56	-841.98	8.93	45.80	70.24
2022-06-23T09:50:10	-841.52	3368.06	-842.34	8.09	45.12	68.37
2022-06-23T09:50:12	-854.44	3374.55	-842.70	6.93	43.11	65.64
2022-06-23T09:50:14	-867.35	3381.04	-843.06	5.96	40.92	63.12
2022-06-23T09:50:16	-880.27	3387.52	-843.42	5.17	38.79	60.73
2022-06-23T09:50:18	-893.18	3394.00	-843.77	4.57	36.70	58.46
2022-06-23T09:50:20	-906.09	3400.46	-844.13	4.45	34.88	56.48
2022-06-23T09:50:22	-919.00	3406.93	-844.48	4.47	33.09	54.72
2022-06-23T09:50:24	-931.91	3413.38	-844.83	4.37	31.14	53.10
2022-06-23T09:50:26	-944.82	3419.83	-845.18	4.16	29.03	51.61
2022-06-23T09:50:28	-957.73	3426.27	-845.53	3.78	26.98	50.08
2022-06-23T09:50:30	-970.63	3432.71	-845.87	3.26	26.27	47.65
2022-06-23T09:50:32	-983.53	3439.14	-846.22	2.81	25.65	45.09
2022-06-23T09:50:34	-996.43	3445.57	-846.56	2.39	25.00	42.34
2022-06-23T09:50:36	-1009.33	3451.99	-846.90	1.99	24.31	39.41
2022-06-23T09:50:38	-1022.23	3458.40	-847.24	1.70	22.74	36.20
2022-06-23T09:50:40	-1035.12	3464.80	-847.58	1.34	21.00	33.00
2022-06-23T09:50:42	-1048.01	3471.20	-847.92	0.83	19.42	29.87
2022-06-23T09:50:44	-1060.90	3477.60	-848.25	0.19	18.00	26.83
2022-06-23T09:50:46	-1073.79	3483.99	-848.59	-0.54	16.60	24.02
2022-06-23T09:50:48	-1086.68	3490.37	-848.92	-0.94	14.82	21.97
2022-06-23T09:50:50	-1099.56	3496.75	-849.25	-1.18	13.15	19.99
2022-06-23T09:50:52	-1112.45	3503.12	-849.58	-1.31	11.64	17.99
2022-06-23T09:50:54	-1125.33	3509.49	-849.91	-1.34	10.30	15.97
2022-06-23T09:50:56	-1138.21	3515.85	-850.24	-0.94	9.50	14.23
2022-06-23T09:50:58	-1151.09	3522.21	-850.57	-0.59	8.79	12.58
2022-06-23T09:51:00	-1163.96	3528.55	-850.89	-0.35	8.11	10.96
2022-06-23T09:51:02	-1176.84	3534.90	-851.21	-0.22	7.46	9.39
2022-06-23T09:51:04	-1189.71	3541.24	-851.54	-0.13	6.84	7.77
2022-06-23T09:51:06	-1202.58	3547.57	-851.86	0.03	6.24	6.07
2022-06-23T09:51:08	-1215.45	3553.89	-852.17	0.17	5.67	4.43
2022-06-23T09:51:10	-1228.32	3560.22	-852.49	0.27	5.12	2.87
2022-06-23T09:51:12	-1241.18	3566.53	-852.81	0.34	4.59	1.37
2022-06-23T09:51:14	-1254.04	3572.84	-853.13	0.30	4.11	-0.08
2022-06-23T09:51:16	-1266.90	3579.15	-853.44	0.27	3.63	-1.47
2022-06-23T09:51:18	-1279.76	3585.45	-853.75	0.25	3.17	-2.82
2022-06-23T09:51:20	-1292.62	3591.75	-854.07	0.24	2.71	-4.12
2022-06-23T09:51:22	-1305.48	3598.03	-854.38	0.25	2.34	-5.28
2022-06-23T09:51:24	-1318.33	3604.32	-854.68	0.27	2.08	-6.21
2022-06-23T09:51:26	-1331.18	3610.60	-854.99	0.30	1.85	-7.03
2022-06-23T09:51:28	-1344.03	3616.87	-855.30	0.35	1.63	-7.80
2022-06-23T09:51:30	-1356.88	3623.14	-855.60	0.42	1.41	-8.52
2022-06-23T09:51:32	-1369.72	3629.40	-855.91	0.42	1.22	-9.17
2022-06-23T09:51:34	-1382.57	3635.67	-856.21	0.39	1.07	-9.81
2022-06-23T09:51:36	-1395.41	3641.92	-856.51	0.32	0.95	-10.45
2022-06-23T09:51:38	-1408.25	3648.17	-856.81	0.21	0.88	-11.09
2022-06-23T09:51:40	-1421.09	3654.41	-857.11	0.17	0.84	-11.51
2022-06-23T09:51:42	-1433.92	3660.65	-857.41	0.22	0.88	-11.69
2022-06-23T09:51:44	-1446.76	3666.89	-857.71	0.29	0.96	-11.83
2022-06-23T09:51:46	-1459.59	3673.11	-858.00	0.37	1.05	-12.00
2022-06-23T09:51:48	-1472.42	3679.34	-858.30	0.47	1.13	-12.21
2022-06-23T09:51:50	-1485.25	3685.56	-858.59	0.54	1.20	-12.47
2022-06-23T09:51:52	-1498.07	3691.77	-858.88	0.59	1.25	-12.69
2022-06-23T09:51:54	-1510.89	3697.98	-859.18	0.60	1.29	-12.87
2022-06-23T09:51:56	-1523.72	3704.19	-859.47	0.58	1.33	-13.02
2022-06-23T09:51:58	-1536.54	3710.39	-859.76	0.55	1.58	-13.12
2022-06-23T09:52:00	-1549.36	3716.58	-860.04	0.52	1.95	-13.13
2022-06-23T09:52:02	-1562.17	3722.78	-860.33	0.49	2.31	-13.09
2022-06-23T09:52:04	-1574.99	3728.96	-860.62	0.44	2.66	-13.06
2022-06-23T09:52:06	-1587.80	3735.14	-860.90	0.35	2.92	-12.94
2022-06-23T09:52:08	-1600.61	3741.32	-861.19	0.25	2.91	-12.56
2022-06-23T09:52:10	-1613.42	3747.50	-861.47	0.25	2.90	-12.16
2022-06-23T09:52:12	-1626.22	3753.66	-861.75	0.33	2.91	-11.74
2022-06-23T09:52:14	-1639.03	3759.83	-862.03	0.49	2.93	-11.31
2022-06-23T09:52:16	-1651.83	3765.99	-862.31	0.49	3.07	-11.16
2022-06-23T09:52:18	-1664.63	3772.14	-862.59	0.38	3.22	-11.13
2022-06-23T09:52:20	-1677.43	3778.29	-862.87	0.06	3.35	-11.17
2022-06-23T09:52:22	-1690.22	3784.44	-863.15	-0.24	3.50	-11.15
2022-06-23T09:52:24	-1703.02	3790.58	-863.42	-0.56	3.75	-11.17
2022-06-23T09:52:26	-1715.81	3796.72	-863.69	-0.94	4.18	-11.32
2022-06-23T09:52:28	-1728.60	3802.85	-863.97	-1.29	4.59	-11.37
2022-06-23T09:52:30	-1741.39	3808.98	-864.24	-1.60	5.00	-11.33
2022-06-23T09:52:32	-1754.17	3815.11	-864.51	-1.88	5.40	-11.21
2022-06-23T09:52:34	-1766.96	3821.23	-864.78	-2.31	5.53	-10.83
2022-06-23T09:52:36	-1779.74	3827.34	-865.05	-2.81	5.62	-10.42
2022-06-23T09:52:38	-1792.52	3833.45	-865.32	-3.37	5.68	-10.12
2022-06-23T09:52:40	-1805.30	3839.56	-865.59	-3.92	5.71	-9.85
2022-06-23T09:52:42	-1818.08	3845.67	-865.86	-4.43	5.66	-9.51
2022-06-23T09:52:44	-1830.85	3851.77	-866.12	-4.90	5.54	-9.06
2022-06-23T09:52:46	-1843.62	3857.86	-866.39	-5.40	5.46	-8.60
2022-06-23T09:52:48	-1856.39	3863.95	-866.65	-5.93	5.44	-8.12
2022-06-23T09:52:50	-1869.16	3870.04	-866.91	-6.48	5.47	-7.63
2022-06-23T09:52:52	-1881.93	3876.12	-867.18	-6.95	5.47	-7.20
2022-06-23T09:52:54	-1894.69	3882.20	-867.44	-7.44	5.40	-6.76
2022-06-23T09:52:56	-1907.46	3888.28	-867.70	-7.97	5.21	-6.36
2022-06-23T09:52:58	-1920.22	3894.35	-867.96	-8.56	4.88	-6.04
2022-06-23T09:53:00	-1932.98	3900.42	-868.22	-9.26	4.52	-5.81
2022-06-23T09:53:02	-1945.73	3906.48	-868.47	-10.04	4.19	-5.65
2022-06-23T09:53:04	-1958.49	3912.54	-868.73	-10.74	3.91	-5.44
2022-06-23T09:53:06	-1971.24	3918.60	-868.99	-11.38	3.68	-5.17
2022-06-23T09:53:08	-1983.99	3924.65	-869.25	-11.94	3.49	-4.85
2022-06-23T09:53:10	-1996.74	3930.70	-869.50	-12.05	3.54	-4.60
2022-06-23T09:53:12	-2009.49	3936.74	-869.75	-12.07	3.65	-4.39
2022-06-23T09:53:14	-2022.23	3942.79	-870.00	-12.02	3.81	-4.23
2022-06-23T09:53:16	-2034.97	3948.83	-870.26	-12.17	4.04	-4.27
2022-06-23T09:53:18	-2047.71	3954.86	-870.51	-12.49	4.18	-4.32
2022-06-23T09:53:20	-2060.45	3960.89	-870.76	-12.98	4.21	-4.31
2022-06-23T09:53:22	-2073.19	3966.91	-871.01	-13.47	4.22	-4.23
2022-06-23T09:53:24	-2085.93	3972.94	-871.26	-13.96	4.19	-4.08
2022-06-23T09:53:26	-2098.66	3978.96	-871.50	-14.47	4.14	-3.86
2022-06-23T09:53:28	-2111.39	3984.97	-871.75	-14.97	3.96	-3.71
2022-06-23T09:53:30	-2124.12	3990.98	-872.00	-15.42	3.70	-3.57
2022-06-23T09:53:32	-2136.85	3996.99	-872.24	-15.81	3.36	-3.43
2022-06-23T09:53:34	-2149.57	4003.00	-872.49	-16.18	3.01	-3.43
2022-06-23T09:53:36	-2162.30	4009.00	-872.73	-16.68	2.75	-3.80
2022-06-23T09:53:38	-2175.02	4015.00	-872.97	-17.24	2.54	-4.35
2022-06-23T09:53:40	-2187.74	4020.99	-873.22	-17.71	2.31	-4.85
2022-06-23T09:53:42	-2200.46	4026.98	-873.46	-18.10	2.04	-5.28
2022-06-23T09:53:44	-2213.17	4032.97	-873.70	-18.41	1.75	-5.66
2022-06-23T09:53:46	-2225.89	4038.95	-873.94	-18.66	1.49	-5.79
2022-06-23T09:53:48	-2238.60	4044.93	-874.18	-18.85	1.26	-5.84
2022-06-23T09:53:50	-2251.31	4050.91	-874.42	-18.99	1.04	-5.83
2022-06-23T09:53:52	-2264.01	4056.88	-874.65	-19.07	0.84	-5.75
2022-06-23T09:53:54	-2276.72	4062.85	-874.89	-18.85	0.96	-5.74
2022-06-23T09:53:56	-2289.43	4068.82	-875.13	-18.39	1.24	-5.77
2022-06-23T09:53:58	-2302.13	4074.79	-875.36	-17.97	1.48	-5.84
2022-06-23T09:54:00	-2314.83	4080.74	-875.60	-17.59	1.66	-5.96
2022-06-23T09:54:02	-2327.53	4086.70	-875.83	-17.26	1.80	-6.13
2022-06-23T09:54:04	-2340.23	4092.66	-876.07	-17.52	1.98	-6.63
2022-06-23T09:54:06	-2352.92	4098.61	-876.30	-17.76	2.10	-7.14
2022-06-23T09:54:08	-2365.61	4104.56	-876.53	-17.93	2.15	-7.67
2022-06-23T09:54:10	-2378.30	4110.50	-876.76	-18.05	2.13	-8.21
2022-06-23T09:54:12	-2390.99	4116.44	-876.99	-18.10	2.12	-8.58
2022-06-23T09:54:14	-2403.68	4122.38	-877.22	-18.12	2.25	-8.79
2022-06-23T09:54:16	-2416.37	4128.31	-877.45	-18.12	2.43	-9.10
2022-06-23T09:54:18	-2429.05	4134.25	-877.68	-18.10	2.67	-9.50
2022-06-23T09:54:20	-2441.73	4140.17	-877.91	-18.06	2.96	-9.99
2022-06-23T09:54:22	-2454.41	4146.10	-878.14	-17.75	3.22	-10.58
2022-06-23T09:54:24	-2467.09	4152.02	-878.37	-17.40	3.50	-11.09
2022-06-23T09:54:26	-2479.76	4157.94	-878.59	-17.01	3.81	-11.52
2022-06-23T09:54:28	-2492.44	4163.86	-878.81	-16.60	4.15	-11.87
2022-06-23T09:54:30	-2505.11	4169.77	-879.04	-16.01	4.41	-12.33
2022-06-23T09:54:32	-2517.78	4175.68	-879.27	-15.23	4.57	-12.97
2022-06-23T09:54:34	-2530.45	4181.59	-879.49	-14.53	4.74	-13.60
2022-06-23T09:54:36	-2543.12	4187.50	-879.71	-13.94	4.94	-14.21
2022-06-23T09:54:38	-2555.78	4193.40	-879.93	-13.44	5.17	-14.82
2022-06-23T09:54:40	-2568.45	4199.29	-880.16	-12.63	5.31	-14.83
2022-06-23T09:54:42	-2581.11	4205.19	-880.38	-11.80	5.42	-14.73
2022-06-23T09:54:44	-2593.77	4211.08	-880.60	-10.96	5.51	-14.58
2022-06-23T09:54:46	-2606.43	4216.97	-880.82	-10.14	5.57	-14.37
2022-06-23T09:54:48	-2619.08	4222.86	-881.04	-9.57	5.67	-14.23
2022-06-23T09:54:50	-2631.74	4228.74	-881.25	-9.40	5.82	-14.26
2022-06-23T09:54:52	-2644.39	4234.62	-881.47	-9.19	5.98	-14.37
2022-06-23T09:54:54	-2657.04	4240.51	-881.69	-8.97	6.18	-14.50
2022-06-23T09:54:56	-2669.69	4246.38	-881.91	-8.77	6.42	-14.65
2022-06-23T09:54:58	-2682.33	4252.25	-882.12	-8.56	7.01	-14.44
2022-06-23T09:55:00	-2694.98	4258.12	-882.34	-8.33	7.63	-14.13
2022-06-23T09:55:02	-2707.62	4263.99	-882.55	-8.08	8.24	-13.76
2022-06-23T09:55:04	-2720.26	4269.86	-882.77	-7.80	8.82	-13.32
2022-06-23T09:55:06	-2732.90	4275.72	-882.98	-7.48	9.34	-12.98
2022-06-23T09:55:08	-2745.54	4281.58	-883.20	-7.10	9.77	-12.94
2022-06-23T09:55:10	-2758.18	4287.43	-883.41	-6.68	10.19	-12.98
2022-06-23T09:55:12	-2770.81	4293.29	-883.62	-6.25	10.58	-13.03
2022-06-23T09:55:14	-2783.44	4299.14	-883.83	-5.83	10.91	-13.04
2022-06-23T09:55:16	-2796.07	4304.99	-884.04	-5.40	11.22	-13.02
2022-06-23T09:55:18	-2808.70	4310.83	-884.25	-4.93	11.50	-12.93
2022-06-23T09:55:20	-2821.33	4316.68	-884.46	-4.43	11.75	-12.77
2022-06-23T09:55:22	-2833.96	4322.52	-884.67	-3.90	11.97	-12.54
2022-06-23T09:55:24	-2846.58	4328.36	-884.88	-3.44	12.12	-12.26
2022-06-23T09:55:26	-2859.20	4334.19	-885.09	-3.21	12.16	-11.98
2022-06-23T09:55:28	-2871.82	4340.02	-885.30	-2.98	12.13	-11.70
2022-06-23T09:55:30	-2884.44	4345.85	-885.51	-2.86	12.16	-11.45
2022-06-23T09:55:32	-2897.06	4351.68	-885.71	-2.86	12.33	-11.20
2022-06-23T09:55:34	-2909.67	4357.51	-885.92	-2.79	12.65	-11.05
2022-06-23T09:55:36	-2922.29	4363.33	-886.13	-2.66	13.05	-10.90
2022-06-23T09:55:38	-2934.90	4369.15	-886.33	-2.47	13.48	-10.73
2022-06-23T09:55:40	-2947.51	4374.97	-886.53	-2.23	13.94	-10.54
2022-06-23T09:55:42	-2960.12	4380.78	-886.74	-1.98	14.44	-10.26
2022-06-23T09:55:44	-2972.72	4386.60	-886.94	-1.87	15.00	-9.84
2022-06-23T09:55:46	-2985.33	4392.41	-887.14	-1.79	15.57	-9.45
2022-06-23T09:55:48	-2997.93	4398.21	-887.35	-1.75	16.13	-9.09
2022-06-23T09:55:50	-3010.53	4404.02	-887.55	-1.82	16.56	-8.83
2022-06-23T09:55:52	-3023.13	4409.82	-887.75	-2.02	16.85	-8.92
2022-06-23T09:55:54	-3035.73	4415.62	-887.96	-2.25	17.11	-9.15
