Time	POS_X	POS_Y	POS_Z	B_X	B_Y	B_Z
2022-06-23T09:32:50	5334.52	-967.62	-325.79	-23.39	9.60	19.39
2022-06-23T09:32:52	5324.07	-958.60	-327.13	-23.11	9.63	18.49
2022-06-23T09:32:54	5313.62	-949.57	-328.48	-22.73	9.76	17.62
2022-06-23T09:32:56	5303.16	-940.55	-329.82	-22.26	10.01	16.81
2022-06-23T09:32:58	5292.70	-931.53	-331.17	-21.70	10.37	16.09
2022-06-23T09:33:00	5282.24	-922.50	-332.52	-21.07	10.87	15.47
2022-06-23T09:33:02	5271.78	-913.48	-333.86	-20.34	11.28	15.17
2022-06-23T09:33:04	5261.31	-904.45	-335.21	-19.62	11.52	15.04
2022-06-23T09:33:06	5250.84	-895.43	-336.55	-18.92	11.73	14.92
2022-06-23T09:33:08	5240.37	-886.40	-337.90	-18.25	11.92	14.77
2022-06-23T09:33:10	5229.89	-877.37	-339.24	-17.61	12.08	14.60
2022-06-23T09:33:12	5219.41	-868.34	-340.59	-17.04	12.14	14.33
2022-06-23T09:33:14	5208.93	-859.32	-341.93	-16.55	11.62	13.72
2022-06-23T09:33:16	5198.45	-850.29	-343.28	-16.40	11.02	13.05
2022-06-23T09:33:18	5187.96	-841.26	-344.62	-16.10	10.38	12.37
2022-06-23T09:33:20	5177.47	-832.23	-345.97	-15.65	9.70	11.68
2022-06-23T09:33:22	5166.97	-823.20	-347.31	-15.01	8.94	10.98
2022-06-23T09:33:24	5156.47	-814.17	-348.65	-14.44	8.65	10.16
2022-06-23T09:33:26	5145.97	-805.14	-350.00	-13.87	8.63	9.28
2022-06-23T09:33:28	5135.47	-796.10	-351.34	-13.27	8.61	8.52
2022-06-23T09:33:30	5124.96	-787.07	-352.68	-12.65	8.53	7.80
2022-06-23T09:33:32	5114.45	-778.04	-354.02	-12.00	8.38	7.09
2022-06-23T09:33:34	5103.94	-769.01	-355.37	-11.38	8.19	6.46
2022-06-23T09:33:36	5093.42	-759.97	-356.71	-10.86	8.05	6.05
2022-06-23T09:33:38	5082.90	-750.94	-358.05	-10.30	7.90	5.69
2022-06-23T09:33:40	5072.38	-741.90	-359.39	-9.77	7.77	5.41
2022-06-23T09:33:42	5061.85	-732.87	-360.73	-9.29	7.68	5.16
2022-06-23T09:33:44	5051.32	-723.83	-362.07	-8.81	7.61	4.89
2022-06-23T09:33:46	5040.79	-714.79	-363.42	-8.17	7.48	4.48
2022-06-23T09:33:48	5030.25	-705.76	-364.76	-7.45	7.36	4.02
2022-06-23T09:33:50	5019.71	-696.72	-366.10	-6.69	7.27	3.54
2022-06-23T09:33:52	5009.17	-687.68	-367.44	-5.80	7.18	3.03
2022-06-23T09:33:54	4998.62	-678.64	-368.78	-4.46	6.99	2.58
2022-06-23T09:33:56	4988.07	-669.60	-370.12	-3.06	6.77	2.12
2022-06-23T09:33:58	4977.52	-660.56	-371.46	-1.63	6.52	1.61
2022-06-23T09:34:00	4966.96	-651.52	-372.80	-0.16	6.25	1.05
2022-06-23T09:34:02	4956.40	-642.48	-374.13	1.37	5.97	0.44
2022-06-23T09:34:04	4945.84	-633.44	-375.47	2.96	5.66	-0.23
2022-06-23T09:34:06	4935.27	-624.40	-376.81	4.77	5.41	-1.07
2022-06-23T09:34:08	4924.70	-615.36	-378.15	6.77	5.45	-1.90
2022-06-23T09:34:10	4914.13	-606.31	-379.49	8.91	5.55	-2.75
2022-06-23T09:34:12	4903.55	-597.27	-380.83	11.22	5.72	-3.60
2022-06-23T09:34:14	4892.97	-588.23	-382.16	13.71	5.94	-4.47
2022-06-23T09:34:16	4882.39	-579.18	-383.50	16.39	6.23	-5.35
2022-06-23T09:34:18	4871.80	-570.14	-384.84	18.50	6.52	-6.06
2022-06-23T09:34:20	4861.21	-561.09	-386.17	20.02	6.76	-6.61
2022-06-23T09:34:22	4850.61	-552.05	-387.51	21.62	6.99	-7.20
2022-06-23T09:34:24	4840.01	-543.00	-388.85	23.31	7.22	-7.82
2022-06-23T09:34:26	4829.41	-533.95	-390.18	25.10	7.43	-8.49
2022-06-23T09:34:28	4818.81	-524.91	-391.52	26.94	7.56	-9.16
2022-06-23T09:34:30	4808.20	-515.86	-392.85	28.50	7.48	-9.49
2022-06-23T09:34:32	4797.58	-506.81	-394.19	30.51	7.63	-9.64
2022-06-23T09:34:34	4786.97	-497.76	-395.52	32.58	7.70	-9.66
2022-06-23T09:34:36	4776.35	-488.72	-396.86	34.72	7.69	-9.54
2022-06-23T09:34:38	4765.72	-479.67	-398.19	36.93	7.60	-9.27
2022-06-23T09:34:40	4755.09	-470.62	-399.52	39.45	7.77	-9.19
2022-06-23T09:34:42	4744.46	-461.57	-400.86	42.11	8.17	-9.22
2022-06-23T09:34:44	4733.82	-452.52	-402.19	45.79	8.83	-9.91
2022-06-23T09:34:46	4723.19	-443.47	-403.52	49.88	9.61	-10.68
2022-06-23T09:34:48	4712.54	-434.42	-404.85	54.20	10.50	-11.48
2022-06-23T09:34:50	4701.89	-425.37	-406.19	58.47	11.45	-12.35
2022-06-23T09:34:52	4691.24	-416.31	-407.52	62.18	12.45	-13.18
2022-06-23T09:34:54	4680.59	-407.26	-408.85	65.59	13.56	-13.72
2022-06-23T09:34:56	4669.93	-398.21	-410.18	68.10	14.41	-13.81
2022-06-23T09:34:58	4659.27	-389.16	-411.51	70.04	14.93	-13.52
2022-06-23T09:35:00	4648.60	-380.10	-412.84	72.00	15.31	-13.03
2022-06-23T09:35:02	4637.93	-371.05	-414.17	73.96	15.43	-12.78
2022-06-23T09:35:04	4627.26	-362.00	-415.50	75.65	15.61	-12.51
2022-06-23T09:35:06	4616.58	-352.94	-416.83	77.07	15.83	-12.23
2022-06-23T09:35:08	4605.89	-343.89	-418.16	78.21	16.00	-11.94
2022-06-23T09:35:10	4595.21	-334.83	-419.48	79.24	15.84	-11.58
2022-06-23T09:35:12	4584.52	-325.78	-420.81	80.41	15.55	-11.57
2022-06-23T09:35:14	4573.82	-316.72	-422.14	81.50	15.31	-11.78
2022-06-23T09:35:16	4563.12	-307.66	-423.47	82.46	15.19	-11.99
2022-06-23T09:35:18	4552.42	-298.61	-424.80	83.29	15.17	-12.20
2022-06-23T09:35:20	4541.71	-289.55	-426.12	83.99	15.26	-12.41
2022-06-23T09:35:22	4531.00	-280.50	-427.45	84.30	15.18	-12.73
2022-06-23T09:35:24	4520.28	-271.44	-428.77	84.41	14.96	-12.88
2022-06-23T09:35:26	4509.56	-262.38	-430.10	84.48	14.80	-12.96
2022-06-23T09:35:28	4498.84	-253.32	-431.42	84.51	14.68	-13.00
2022-06-23T09:35:30	4488.11	-244.27	-432.75	84.52	14.60	-12.99
2022-06-23T09:35:32	4477.38	-235.21	-434.07	84.53	14.58	-12.94
2022-06-23T09:35:34	4466.64	-226.15	-435.40	84.89	14.43	-12.61
2022-06-23T09:35:36	4455.90	-217.09	-436.72	85.23	14.33	-12.31
2022-06-23T09:35:38	4445.16	-208.03	-438.04	85.56	14.24	-12.03
2022-06-23T09:35:40	4434.40	-198.97	-439.36	85.88	14.18	-11.76
2022-06-23T09:35:42	4423.65	-189.91	-440.69	86.19	14.13	-11.50
2022-06-23T09:35:44	4412.89	-180.85	-442.01	86.54	14.09	-11.31
2022-06-23T09:35:46	4402.13	-171.79	-443.33	86.91	14.02	-11.10
2022-06-23T09:35:48	4391.36	-162.73	-444.65	87.23	13.98	-10.80
2022-06-23T09:35:50	4380.59	-153.67	-445.97	87.51	13.92	-10.48
2022-06-23T09:35:52	4369.81	-144.61	-447.29	87.77	13.86	-10.17
2022-06-23T09:35:54	4359.03	-135.55	-448.61	87.96	13.82	-9.85
2022-06-23T09:35:56	4348.25	-126.49	-449.93	88.07	13.82	-9.50
2022-06-23T09:35:58	4337.46	-117.43	-451.24	88.20	13.85	-9.15
2022-06-23T09:36:00	4326.66	-108.37	-452.56	88.39	13.82	-8.71
2022-06-23T09:36:02	4315.86	-99.30	-453.88	88.59	13.77	-8.24
2022-06-23T09:36:04	4305.06	-90.24	-455.20	88.80	13.69	-7.74
2022-06-23T09:36:06	4294.25	-81.18	-456.51	89.01	13.64	-7.26
2022-06-23T09:36:08	4283.44	-72.12	-457.83	89.21	13.58	-6.81
2022-06-23T09:36:10	4272.62	-63.06	-459.14	89.41	13.49	-6.38
2022-06-23T09:36:12	4261.80	-53.99	-460.46	89.62	13.39	-6.04
2022-06-23T09:36:14	4250.97	-44.93	-461.77	89.84	13.31	-5.76
2022-06-23T09:36:16	4240.14	-35.87	-463.09	90.02	13.28	-5.50
2022-06-23T09:36:18	4229.30	-26.81	-464.40	90.16	13.26	-5.23
2022-06-23T09:36:20	4218.46	-17.75	-465.71	90.29	13.22	-4.96
2022-06-23T09:36:22	4207.61	-8.68	-467.03	90.40	13.18	-4.70
2022-06-23T09:36:24	4196.76	0.38	-468.34	90.48	13.12	-4.42
2022-06-23T09:36:26	4185.91	9.44	-469.65	90.56	13.02	-4.05
2022-06-23T09:36:28	4175.04	18.50	-470.96	90.68	12.96	-3.63
2022-06-23T09:36:30	4164.18	27.57	-472.27	90.81	12.92	-3.18
2022-06-23T09:36:32	4153.31	36.63	-473.58	90.95	12.92	-2.70
2022-06-23T09:36:34	4142.43	45.69	-474.89	91.10	12.93	-2.20
2022-06-23T09:36:36	4131.55	54.76	-476.20	91.23	12.96	-1.71
2022-06-23T09:36:38	4120.67	63.82	-477.50	91.36	13.04	-1.40
2022-06-23T09:36:40	4109.77	72.88	-478.81	91.50	13.10	-1.08
2022-06-23T09:36:42	4098.88	81.94	-480.12	91.65	13.15	-0.76
2022-06-23T09:36:44	4087.98	91.00	-481.42	91.81	13.20	-0.44
2022-06-23T09:36:46	4077.07	100.07	-482.73	91.98	13.23	-0.12
2022-06-23T09:36:48	4066.16	109.13	-484.03	92.18	13.25	0.26
2022-06-23T09:36:50	4055.24	118.19	-485.34	92.39	13.22	0.62
2022-06-23T09:36:52	4044.32	127.25	-486.64	92.62	13.20	1.01
2022-06-23T09:36:54	4033.39	136.32	-487.94	92.87	13.19	1.43
2022-06-23T09:36:56	4022.46	145.38	-489.24	93.15	13.19	1.88
2022-06-23T09:36:58	4011.52	154.44	-490.54	93.42	13.19	2.33
2022-06-23T09:37:00	4000.58	163.50	-491.85	93.62	13.20	2.77
2022-06-23T09:37:02	3989.63	172.56	-493.15	93.72	13.22	3.13
2022-06-23T09:37:04	3978.68	181.62	-494.45	93.73	13.25	3.36
2022-06-23T09:37:06	3967.72	190.68	-495.74	93.74	13.31	3.59
2022-06-23T09:37:08	3956.76	199.74	-497.04	93.85	13.37	3.78
2022-06-23T09:37:10	3945.78	208.80	-498.34	94.07	13.42	3.99
2022-06-23T09:37:12	3934.81	217.87	-499.64	94.32	13.48	4.23
2022-06-23T09:37:14	3923.83	226.92	-500.93	94.58	13.53	4.53
2022-06-23T09:37:16	3912.84	235.98	-502.23	94.75	13.52	4.90
2022-06-23T09:37:18	3901.85	245.04	-503.52	94.83	13.48	5.28
2022-06-23T09:37:20	3890.85	254.10	-504.82	94.81	13.36	5.67
2022-06-23T09:37:22	3879.85	263.16	-506.11	94.83	13.23	6.05
2022-06-23T09:37:24	3868.84	272.22	-507.40	94.89	13.09	6.43
2022-06-23T09:37:26	3857.83	281.28	-508.69	95.00	12.93	6.82
2022-06-23T09:37:28	3846.81	290.33	-509.98	95.07	12.85	7.16
2022-06-23T09:37:30	3835.78	299.39	-511.28	95.10	12.87	7.52
2022-06-23T09:37:32	3824.75	308.45	-512.57	95.13	12.86	7.87
2022-06-23T09:37:34	3813.71	317.50	-513.85	95.15	12.84	8.22
2022-06-23T09:37:36	3802.67	326.56	-515.14	95.16	12.80	8.56
2022-06-23T09:37:38	3791.62	335.62	-516.43	95.17	12.73	8.89
2022-06-23T09:37:40	3780.56	344.67	-517.71	95.31	12.70	9.22
2022-06-23T09:37:42	3769.50	353.72	-519.00	95.53	12.75	9.58
2022-06-23T09:37:44	3758.44	362.78	-520.29	95.76	12.83	9.97
2022-06-23T09:37:46	3747.36	371.83	-521.57	96.02	12.92	10.39
2022-06-23T09:37:48	3736.28	380.88	-522.85	96.29	13.03	10.83
2022-06-23T09:37:50	3725.20	389.94	-524.13	96.52	13.15	11.22
2022-06-23T09:37:52	3714.11	398.99	-525.41	96.71	13.21	11.56
2022-06-23T09:37:54	3703.01	408.04	-526.70	96.83	13.16	11.84
2022-06-23T09:37:56	3691.91	417.09	-527.97	96.93	13.13	12.12
2022-06-23T09:37:58	3680.80	426.14	-529.25	97.01	13.09	12.38
2022-06-23T09:38:00	3669.69	435.19	-530.53	97.16	13.09	12.70
2022-06-23T09:38:02	3658.57	444.24	-531.81	97.36	13.14	13.06
2022-06-23T09:38:04	3647.44	453.28	-533.08	97.59	13.19	13.43
2022-06-23T09:38:06	3636.30	462.33	-534.36	97.81	13.28	13.81
2022-06-23T09:38:08	3625.16	471.38	-535.63	98.02	13.37	14.17
2022-06-23T09:38:10	3614.02	480.42	-536.90	98.17	13.45	14.54
2022-06-23T09:38:12	3602.86	489.47	-538.18	98.26	13.52	14.91
2022-06-23T09:38:14	3591.70	498.51	-539.45	98.37	13.58	15.29
2022-06-23T09:38:16	3580.54	507.55	-540.72	98.47	13.64	15.68
2022-06-23T09:38:18	3569.37	516.59	-541.99	98.60	13.71	16.03
2022-06-23T09:38:20	3558.19	525.64	-543.26	98.80	13.80	16.35
2022-06-23T09:38:22	3547.00	534.68	-544.53	99.01	13.87	16.69
2022-06-23T09:38:24	3535.81	543.71	-545.79	99.18	13.94	17.02
2022-06-23T09:38:26	3524.61	552.76	-547.06	99.32	13.99	17.35
2022-06-23T09:38:28	3513.41	561.79	-548.32	99.42	14.04	17.67
2022-06-23T09:38:30	3502.20	570.83	-549.58	99.52	14.08	18.00
2022-06-23T09:38:32	3490.98	579.86	-550.85	99.71	14.14	18.38
2022-06-23T09:38:34	3479.76	588.90	-552.11	99.89	14.19	18.75
2022-06-23T09:38:36	3468.53	597.93	-553.37	100.07	14.24	19.11
2022-06-23T09:38:38	3457.29	606.96	-554.63	100.25	14.28	19.47
2022-06-23T09:38:40	3446.04	615.99	-555.88	100.40	14.31	19.82
2022-06-23T09:38:42	3434.79	625.02	-557.14	100.42	14.32	20.10
2022-06-23T09:38:44	3423.53	634.05	-558.40	100.50	14.37	20.33
2022-06-23T09:38:46	3412.27	643.08	-559.65	100.62	14.43	20.56
2022-06-23T09:38:48	3401.00	652.10	-560.90	100.77	14.52	20.81
2022-06-23T09:38:50	3389.72	661.13	-562.16	100.96	14.64	21.08
2022-06-23T09:38:52	3378.43	670.15	-563.41	101.22	14.76	21.43
2022-06-23T09:38:54	3367.14	679.17	-564.66	101.43	14.88	21.79
2022-06-23T09:38:56	3355.84	688.19	-565.91	101.56	14.98	22.16
2022-06-23T09:38:58	3344.53	697.21	-567.15	101.64	15.06	22.50
2022-06-23T09:39:00	3333.22	706.23	-568.40	101.72	15.13	22.81
2022-06-23T09:39:02	3321.90	715.24	-569.64	101.82	15.24	23.08
2022-06-23T09:39:04	3310.57	724.26	-570.89	101.92	15.36	23.35
2022-06-23T09:39:06	3299.24	733.27	-572.13	102.03	15.50	23.62
2022-06-23T09:39:08	3287.89	742.28	-573.37	102.15	15.66	23.89
2022-06-23T09:39:10	3276.54	751.29	-574.62	102.37	15.85	24.20
2022-06-23T09:39:12	3265.19	760.30	-575.85	102.64	16.06	24.49
2022-06-23T09:39:14	3253.82	769.31	-577.09	102.88	16.29	24.81
2022-06-23T09:39:16	3242.45	778.31	-578.33	103.08	16.54	25.15
2022-06-23T09:39:18	3231.07	787.31	-579.56	103.25	16.81	25.52
2022-06-23T09:39:20	3219.68	796.32	-580.80	103.39	17.11	25.91
2022-06-23T09:39:22	3208.29	805.32	-582.03	103.72	17.28	26.38
2022-06-23T09:39:24	3196.89	814.31	-583.26	104.03	17.42	26.84
2022-06-23T09:39:26	3185.48	823.31	-584.49	104.28	17.55	27.29
2022-06-23T09:39:28	3174.07	832.30	-585.72	104.49	17.69	27.72
2022-06-23T09:39:30	3162.64	841.29	-586.94	104.64	17.82	28.15
2022-06-23T09:39:32	3151.21	850.29	-588.17	104.73	17.97	28.69
2022-06-23T09:39:34	3139.77	859.27	-589.39	104.87	18.13	29.20
2022-06-23T09:39:36	3128.33	868.26	-590.62	105.09	18.29	29.66
2022-06-23T09:39:38	3116.87	877.24	-591.84	105.36	18.45	30.10
2022-06-23T09:39:40	3105.41	886.23	-593.06	105.68	18.61	30.51
2022-06-23T09:39:42	3093.94	895.21	-594.27	105.89	18.73	30.86
2022-06-23T09:39:44	3082.46	904.18	-595.49	106.04	18.87	31.22
2022-06-23T09:39:46	3070.98	913.16	-596.71	106.14	19.03	31.60
2022-06-23T09:39:48	3059.49	922.13	-597.92	106.18	19.22	32.04
2022-06-23T09:39:50	3047.99	931.10	-599.13	106.24	19.43	32.50
2022-06-23T09:39:52	3036.48	940.07	-600.34	106.58	19.64	33.01
2022-06-23T09:39:54	3024.96	949.04	-601.55	106.88	19.85	33.51
2022-06-23T09:39:56	3013.44	958.00	-602.76	107.14	20.06	34.01
2022-06-23T09:39:58	3001.91	966.96	-603.97	107.36	20.26	34.51
2022-06-23T09:40:00	2990.37	975.92	-605.17	107.56	20.49	35.00
2022-06-23T09:40:02	2978.82	984.87	-606.37	107.79	20.76	35.50
2022-06-23T09:40:04	2967.26	993.83	-607.57	108.05	21.05	36.00
2022-06-23T09:40:06	2955.70	1002.78	-608.77	108.36	21.34	36.50
2022-06-23T09:40:08	2944.13	1011.72	-609.97	108.69	21.64	36.99
2022-06-23T09:40:10	2932.55	1020.67	-611.17	109.04	21.96	37.47
2022-06-23T09:40:12	2920.96	1029.61	-612.36	109.18	22.22	37.92
2022-06-23T09:40:14	2909.36	1038.55	-613.55	109.28	22.49	38.34
2022-06-23T09:40:16	2897.76	1047.49	-614.74	109.42	22.78	38.78
2022-06-23T09:40:18	2886.14	1056.42	-615.93	109.58	23.11	39.24
2022-06-23T09:40:20	2874.52	1065.35	-617.12	109.82	23.46	39.72
2022-06-23T09:40:22	2862.89	1074.28	-618.31	110.20	23.80	40.15
2022-06-23T09:40:24	2851.26	1083.20	-619.49	110.51	24.12	40.55
2022-06-23T09:40:26	2839.61	1092.12	-620.67	110.81	24.37	40.93
2022-06-23T09:40:28	2827.96	1101.04	-621.85	111.08	24.64	41.34
2022-06-23T09:40:30	2816.29	1109.96	-623.03	111.34	24.95	41.82
2022-06-23T09:40:32	2804.62	1118.87	-624.21	111.71	25.31	42.41
2022-06-23T09:40:34	2792.94	1127.78	-625.38	112.10	25.66	42.96
2022-06-23T09:40:36	2781.26	1136.68	-626.55	112.51	26.02	43.48
2022-06-23T09:40:38	2769.56	1145.58	-627.72	112.87	26.36	43.94
2022-06-23T09:40:40	2757.86	1154.48	-628.89	113.05	26.68	44.35
2022-06-23T09:40:42	2746.14	1163.37	-630.06	113.13	27.03	44.76
2022-06-23T09:40:44	2734.42	1172.27	-631.23	113.29	27.40	45.19
2022-06-23T09:40:46	2722.69	1181.16	-632.39	113.52	27.76	45.64
2022-06-23T09:40:48	2710.95	1190.04	-633.55	113.84	28.13	46.11
2022-06-23T09:40:50	2699.21	1198.92	-634.71	114.19	28.50	46.58
2022-06-23T09:40:52	2687.45	1207.79	-635.86	114.46	28.90	46.99
2022-06-23T09:40:54	2675.68	1216.67	-637.02	114.74	29.32	47.44
2022-06-23T09:40:56	2663.91	1225.53	-638.17	115.04	29.77	47.93
2022-06-23T09:40:58	2652.13	1234.40	-639.32	115.36	30.22	48.45
2022-06-23T09:41:00	2640.34	1243.26	-640.47	115.82	30.66	48.97
2022-06-23T09:41:02	2628.54	1252.12	-641.62	116.33	31.03	49.42
2022-06-23T09:41:04	2616.73	1260.97	-642.76	116.75	31.34	49.86
2022-06-23T09:41:06	2604.91	1269.82	-643.91	117.08	31.66	50.30
2022-06-23T09:41:08	2593.09	1278.66	-645.05	117.35	31.99	50.73
2022-06-23T09:41:10	2581.25	1287.50	-646.18	117.58	32.37	51.22
2022-06-23T09:41:12	2569.41	1296.33	-647.32	117.85	32.75	51.67
2022-06-23T09:41:14	2557.56	1305.16	-648.45	118.18	33.11	52.08
2022-06-23T09:41:16	2545.70	1313.99	-649.58	118.53	33.45	52.46
2022-06-23T09:41:18	2533.83	1322.81	-650.71	118.81	33.80	52.91
2022-06-23T09:41:20	2521.95	1331.63	-651.84	119.08	34.21	53.49
2022-06-23T09:41:22	2510.06	1340.44	-652.96	119.42	34.63	54.10
2022-06-23T09:41:24	2498.17	1349.25	-654.09	119.83	35.03	54.73
2022-06-23T09:41:26	2486.26	1358.05	-655.21	120.30	35.43	55.38
2022-06-23T09:41:28	2474.35	1366.85	-656.32	120.79	35.80	56.03
2022-06-23T09:41:30	2462.43	1375.64	-657.44	120.74	36.04	56.61
2022-06-23T09:41:32	2450.50	1384.43	-658.55	120.69	36.32	57.15
2022-06-23T09:41:34	2438.56	1393.21	-659.66	120.73	36.65	57.68
2022-06-23T09:41:36	2426.61	1401.99	-660.77	120.87	37.03	58.20
2022-06-23T09:41:38	2414.65	1410.76	-661.87	121.13	37.45	58.71
2022-06-23T09:41:40	2402.68	1419.53	-662.97	121.38	37.84	59.17
2022-06-23T09:41:42	2390.71	1428.30	-664.08	121.53	38.18	59.60
2022-06-23T09:41:44	2378.72	1437.05	-665.17	121.68	38.51	59.99
2022-06-23T09:41:46	2366.73	1445.80	-666.27	121.83	38.85	60.39
2022-06-23T09:41:48	2354.72	1454.55	-667.36	122.07	39.29	60.87
2022-06-23T09:41:50	2342.71	1463.29	-668.45	122.37	39.75	61.37
2022-06-23T09:41:52	2330.69	1472.03	-669.54	122.64	40.19	61.85
2022-06-23T09:41:54	2318.66	1480.76	-670.63	122.89	40.61	62.31
2022-06-23T09:41:56	2306.62	1489.48	-671.71	123.05	40.93	62.79
2022-06-23T09:41:58	2294.58	1498.20	-672.79	123.11	41.21	63.32
2022-06-23T09:42:00	2282.52	1506.91	-673.86	123.21	41.49	63.86
2022-06-23T09:42:02	2270.45	1515.62	-674.94	123.36	41.78	64.41
2022-06-23T09:42:04	2258.38	1524.32	-676.01	123.54	42.07	64.97
2022-06-23T09:42:06	2246.29	1533.01	-677.08	123.77	42.36	65.54
2022-06-23T09:42:08	2234.20	1541.70	-678.15	123.89	42.73	66.06
2022-06-23T09:42:10	2222.10	1550.38	-679.21	123.94	43.16	66.49
2022-06-23T09:42:12	2209.99	1559.06	-680.27	124.04	43.60	66.92
2022-06-23T09:42:14	2197.87	1567.73	-681.33	124.17	44.04	67.33
2022-06-23T09:42:16	2185.74	1576.39	-682.39	124.32	44.50	67.72
2022-06-23T09:42:18	2173.60	1585.05	-683.44	124.38	44.98	68.05
2022-06-23T09:42:20	2161.46	1593.70	-684.49	124.35	45.47	68.34
2022-06-23T09:42:22	2149.30	1602.34	-685.54	124.32	45.93	68.65
2022-06-23T09:42:24	2137.14	1610.98	-686.58	124.41	46.39	69.02
2022-06-23T09:42:26	2124.97	1619.61	-687.62	124.63	46.91	69.52
2022-06-23T09:42:28	2112.78	1628.23	-688.66	124.76	47.40	70.03
2022-06-23T09:42:30	2100.59	1636.85	-689.70	124.71	47.81	70.49
2022-06-23T09:42:32	2088.39	1645.46	-690.73	124.48	48.14	70.91
2022-06-23T09:42:34	2076.19	1654.06	-691.76	124.07	48.40	71.28
2022-06-23T09:42:36	2063.97	1662.66	-692.78	124.34	49.13	71.95
2022-06-23T09:42:38	2051.74	1671.25	-693.81	124.58	49.82	72.61
2022-06-23T09:42:40	2039.51	1679.83	-694.83	124.68	50.42	73.20
2022-06-23T09:42:42	2027.26	1688.41	-695.85	124.65	50.93	73.75
2022-06-23T09:42:44	2015.01	1696.97	-696.86	124.46	51.44	74.25
2022-06-23T09:42:46	2002.75	1705.53	-697.87	124.22	52.20	74.78
2022-06-23T09:42:48	1990.48	1714.09	-698.88	124.15	53.03	75.34
2022-06-23T09:42:50	1978.20	1722.63	-699.89	124.14	53.84	75.85
2022-06-23T09:42:52	1965.91	1731.17	-700.89	124.06	54.58	76.29
2022-06-23T09:42:54	1953.62	1739.70	-701.89	123.92	55.20	76.59
2022-06-23T09:42:56	1941.31	1748.22	-702.89	123.81	55.80	76.80
2022-06-23T09:42:58	1929.00	1756.74	-703.88	123.74	56.42	77.00
2022-06-23T09:43:00	1916.68	1765.24	-704.87	123.71	57.06	77.19
2022-06-23T09:43:02	1904.35	1773.74	-705.86	123.69	57.73	77.38
2022-06-23T09:43:04	1892.01	1782.23	-706.84	123.60	58.55	77.65
2022-06-23T09:43:06	1879.66	1790.72	-707.82	123.42	59.38	77.92
2022-06-23T09:43:08	1867.31	1799.19	-708.80	123.17	60.20	78.19
2022-06-23T09:43:10	1854.94	1807.66	-709.77	122.86	61.02	78.47
2022-06-23T09:43:12	1842.57	1816.12	-710.75	122.51	61.88	78.78
2022-06-23T09:43:14	1830.19	1824.57	-711.71	122.11	62.72	79.16
2022-06-23T09:43:16	1817.80	1833.01	-712.68	121.84	63.45	79.61
2022-06-23T09:43:18	1805.40	1841.44	-713.64	121.66	64.15	80.07
2022-06-23T09:43:20	1792.99	1849.87	-714.60	121.49	64.86	80.54
2022-06-23T09:43:22	1780.58	1858.28	-715.55	121.30	65.83	81.03
2022-06-23T09:43:24	1768.16	1866.69	-716.50	121.04	66.88	81.48
2022-06-23T09:43:26	1755.72	1875.09	-717.45	120.71	67.91	81.89
2022-06-23T09:43:28	1743.29	1883.48	-718.39	120.32	68.90	82.23
2022-06-23T09:43:30	1730.84	1891.87	-719.33	119.96	69.90	82.62
2022-06-23T09:43:32	1718.38	1900.24	-720.27	119.56	70.89	82.90
2022-06-23T09:43:34	1705.92	1908.60	-721.21	119.09	71.91	83.11
2022-06-23T09:43:36	1693.45	1916.96	-722.14	118.55	72.97	83.27
2022-06-23T09:43:38	1680.97	1925.30	-723.07	117.96	74.05	83.38
2022-06-23T09:43:40	1668.48	1933.64	-723.99	117.31	74.98	83.56
2022-06-23T09:43:42	1655.99	1941.97	-724.91	116.64	75.67	83.88
2022-06-23T09:43:44	1643.49	1950.29	-725.83	116.11	76.13	84.05
2022-06-23T09:43:46	1630.98	1958.60	-726.74	115.60	76.58	84.12
2022-06-23T09:43:48	1618.46	1966.90	-727.65	115.09	77.03	84.08
2022-06-23T09:43:50	1605.93	1975.19	-728.56	114.58	77.84	83.99
2022-06-23T09:43:52	1593.40	1983.48	-729.46	114.06	78.63	83.88
2022-06-23T09:43:54	1580.86	1991.75	-730.37	113.54	79.41	83.73
2022-06-23T09:43:56	1568.31	2000.01	-731.26	113.00	80.21	83.60
2022-06-23T09:43:58	1555.76	2008.27	-732.16	112.31	80.90	83.69
2022-06-23T09:44:00	1543.20	2016.51	-733.04	111.52	81.16	83.76
2022-06-23T09:44:02	1530.62	2024.75	-733.93	110.90	81.39	83.71
2022-06-23T09:44:04	1518.05	2032.97	-734.81	110.44	81.58	83.57
2022-06-23T09:44:06	1505.46	2041.19	-735.69	110.13	81.73	83.33
2022-06-23T09:44:08	1492.87	2049.40	-736.57	109.48	82.26	83.22
2022-06-23T09:44:10	1480.27	2057.59	-737.44	108.53	82.86	83.23
2022-06-23T09:44:12	1467.66	2065.77	-738.31	107.61	83.47	83.53
2022-06-23T09:44:14	1455.05	2073.95	-739.18	106.96	83.99	83.79
2022-06-23T09:44:16	1442.43	2082.12	-740.04	106.69	84.51	83.89
2022-06-23T09:44:18	1429.80	2090.27	-740.89	106.61	85.26	83.62
2022-06-23T09:44:20	1417.17	2098.42	-741.75	106.36	86.09	83.26
2022-06-23T09:44:22	1404.53	2106.56	-742.60	105.96	86.99	82.79
2022-06-23T09:44:24	1391.88	2114.69	-743.45	105.40	87.88	82.32
2022-06-23T09:44:26	1379.23	2122.80	-744.29	104.36	87.83	82.91
2022-06-23T09:44:28	1366.57	2130.91	-745.13	103.31	87.57	83.76
2022-06-23T09:44:30	1353.90	2139.01	-745.97	102.39	87.25	84.66
2022-06-23T09:44:32	1341.23	2147.09	-746.80	101.61	86.90	85.62
2022-06-23T09:44:34	1328.55	2155.17	-747.63	100.87	86.96	86.42
2022-06-23T09:44:36	1315.86	2163.23	-748.46	99.76	88.11	86.33
2022-06-23T09:44:38	1303.17	2171.29	-749.28	98.53	89.25	85.65
2022-06-23T09:44:40	1290.47	2179.33	-750.10	97.84	90.37	85.07
2022-06-23T09:44:42	1277.77	2187.37	-750.91	97.43	91.25	84.73
2022-06-23T09:44:44	1265.05	2195.39	-751.72	96.83	91.77	85.56
2022-06-23T09:44:46	1252.34	2203.41	-752.53	95.89	92.35	86.83
2022-06-23T09:44:48	1239.62	2211.41	-753.34	94.67	93.07	88.23
2022-06-23T09:44:50	1226.89	2219.40	-754.14	93.21	93.92	89.76
2022-06-23T09:44:52	1214.15	2227.38	-754.94	91.71	94.77	91.03
2022-06-23T09:44:54	1201.41	2235.35	-755.73	90.89	94.77	90.47
2022-06-23T09:44:56	1188.67	2243.31	-756.52	90.24	94.95	89.77
2022-06-23T09:44:58	1175.91	2251.27	-757.31	89.75	95.29	88.95
2022-06-23T09:45:00	1163.16	2259.21	-758.09	89.41	95.78	88.03
2022-06-23T09:45:02	1150.39	2267.13	-758.87	88.96	96.42	87.44
2022-06-23T09:45:04	1137.63	2275.05	-759.65	88.13	96.92	87.16
2022-06-23T09:45:06	1124.85	2282.96	-760.42	86.94	97.25	87.10
2022-06-23T09:45:08	1112.07	2290.86	-761.18	85.42	97.59	87.56
2022-06-23T09:45:10	1099.29	2298.74	-761.95	84.07	97.95	88.11
2022-06-23T09:45:12	1086.50	2306.62	-762.71	83.23	98.20	88.55
2022-06-23T09:45:14	1073.71	2314.48	-763.47	82.46	98.58	88.72
2022-06-23T09:45:16	1060.91	2322.34	-764.23	81.77	99.07	88.65
2022-06-23T09:45:18	1048.10	2330.18	-764.97	81.14	99.70	88.33
2022-06-23T09:45:20	1035.30	2338.02	-765.72	80.04	100.04	87.97
2022-06-23T09:45:22	1022.48	2345.84	-766.46	78.69	100.05	87.80
2022-06-23T09:45:24	1009.66	2353.65	-767.20	77.47	100.15	87.90
2022-06-23T09:45:26	996.84	2361.45	-767.94	76.48	100.42	88.18
2022-06-23T09:45:28	984.01	2369.24	-768.68	75.67	100.72	88.50
2022-06-23T09:45:30	971.18	2377.02	-769.41	74.83	100.86	88.55
2022-06-23T09:45:32	958.35	2384.78	-770.13	73.91	101.02	88.47
2022-06-23T09:45:34	945.50	2392.54	-770.85	72.93	101.23	88.28
2022-06-23T09:45:36	932.66	2400.29	-771.57	71.95	101.45	88.03
2022-06-23T09:45:38	919.81	2408.02	-772.29	71.43	101.47	88.43
2022-06-23T09:45:40	906.96	2415.75	-773.00	70.82	101.70	88.87
2022-06-23T09:45:42	894.10	2423.46	-773.71	70.10	102.12	89.33
2022-06-23T09:45:44	881.24	2431.16	-774.41	69.28	102.72	89.79
2022-06-23T09:45:46	868.37	2438.86	-775.11	68.39	102.93	90.14
2022-06-23T09:45:48	855.51	2446.54	-775.81	67.44	102.56	90.33
2022-06-23T09:45:50	842.63	2454.21	-776.51	66.41	102.21	90.48
2022-06-23T09:45:52	829.76	2461.86	-777.20	65.37	101.80	90.49
2022-06-23T09:45:54	816.88	2469.51	-777.89	64.44	101.46	90.61
2022-06-23T09:45:56	803.99	2477.15	-778.57	63.82	101.62	90.83
2022-06-23T09:45:58	791.10	2484.78	-779.25	63.22	101.85	90.96
2022-06-23T09:46:00	778.21	2492.39	-779.93	62.65	102.16	91.00
2022-06-23T09:46:02	765.32	2500.00	-780.60	62.09	102.55	90.97
2022-06-23T09:46:04	752.42	2507.59	-781.27	61.50	102.74	90.83
2022-06-23T09:46:06	739.52	2515.18	-781.94	60.80	102.62	90.70
2022-06-23T09:46:08	726.62	2522.75	-782.61	59.89	102.36	90.76
2022-06-23T09:46:10	713.71	2530.31	-783.27	58.93	102.19	90.87
2022-06-23T09:46:12	700.80	2537.86	-783.92	57.95	102.05	91.07
2022-06-23T09:46:14	687.89	2545.41	-784.58	57.27	101.72	91.34
2022-06-23T09:46:16	674.97	2552.93	-785.23	56.71	101.46	91.50
2022-06-23T09:46:18	662.05	2560.45	-785.88	56.28	101.29	91.56
2022-06-23T09:46:20	649.14	2567.96	-786.52	55.97	101.19	91.54
2022-06-23T09:46:22	636.21	2575.46	-787.16	55.24	101.05	91.68
2022-06-23T09:46:24	623.28	2582.95	-787.80	54.32	100.78	91.89
2022-06-23T09:46:26	610.35	2590.42	-788.43	53.39	100.45	92.07
2022-06-23T09:46:28	597.42	2597.89	-789.06	52.46	100.06	92.24
2022-06-23T09:46:30	584.49	2605.34	-789.69	51.56	99.59	92.41
2022-06-23T09:46:32	571.55	2612.79	-790.32	50.70	99.14	92.63
2022-06-23T09:46:34	558.61	2620.22	-790.94	49.86	98.87	92.84
2022-06-23T09:46:36	545.67	2627.65	-791.56	49.03	98.78	93.03
2022-06-23T09:46:38	532.73	2635.06	-792.17	48.33	98.76	93.25
2022-06-23T09:46:40	519.79	2642.46	-792.78	47.91	98.32	93.13
2022-06-23T09:46:42	506.84	2649.85	-793.39	47.44	97.81	92.94
2022-06-23T09:46:44	493.89	2657.24	-794.00	46.90	97.28	92.72
2022-06-23T09:46:46	480.94	2664.61	-794.60	46.28	96.73	92.48
2022-06-23T09:46:48	467.98	2671.97	-795.20	45.76	96.14	92.47
2022-06-23T09:46:50	455.03	2679.32	-795.79	45.38	95.53	92.75
2022-06-23T09:46:52	442.07	2686.66	-796.39	45.01	94.97	93.11
2022-06-23T09:46:54	429.11	2693.99	-796.98	44.69	94.55	93.45
2022-06-23T09:46:56	416.15	2701.31	-797.56	44.18	94.13	93.61
2022-06-23T09:46:58	403.19	2708.61	-798.15	43.62	93.80	93.85
2022-06-23T09:47:00	390.23	2715.92	-798.73	43.07	93.41	94.14
2022-06-23T09:47:02	377.27	2723.20	-799.30	42.52	92.94	94.47
2022-06-23T09:47:04	364.30	2730.48	-799.88	41.98	92.39	94.84
2022-06-23T09:47:06	351.33	2737.75	-800.45	41.51	91.80	95.10
2022-06-23T09:47:08	338.36	2745.01	-801.02	41.18	91.29	95.30
2022-06-23T09:47:10	325.40	2752.25	-801.59	40.98	91.00	95.47
2022-06-23T09:47:12	312.42	2759.49	-802.15	40.88	90.81	95.70
2022-06-23T09:47:14	299.45	2766.72	-802.71	40.74	90.66	95.88
2022-06-23T09:47:16	286.48	2773.94	-803.27	40.25	90.24	95.72
2022-06-23T09:47:18	273.51	2781.15	-803.82	39.74	89.61	95.57
2022-06-23T09:47:20	260.53	2788.34	-804.37	39.21	88.77	95.43
2022-06-23T09:47:22	247.56	2795.53	-804.92	38.67	87.74	95.31
2022-06-23T09:47:24	234.58	2802.71	-805.47	38.02	87.18	95.14
2022-06-23T09:47:26	221.60	2809.88	-806.01	37.30	86.86	95.03
2022-06-23T09:47:28	208.62	2817.04	-806.55	36.56	86.58	94.93
2022-06-23T09:47:30	195.64	2824.19	-807.09	35.80	86.36	94.84
2022-06-23T09:47:32	182.66	2831.33	-807.62	35.25	86.01	94.84
2022-06-23T09:47:34	169.68	2838.46	-808.15	35.01	85.40	94.89
2022-06-23T09:47:36	156.70	2845.58	-808.68	34.77	84.71	94.84
2022-06-23T09:47:38	143.72	2852.69	-809.21	34.55	83.94	94.70
2022-06-23T09:47:40	130.74	2859.79	-809.73	34.43	83.15	94.60
2022-06-23T09:47:42	117.76	2866.88	-810.25	34.14	82.58	95.24
2022-06-23T09:47:44	104.78	2873.96	-810.77	33.81	82.01	95.71
2022-06-23T09:47:46	91.79	2881.03	-811.28	33.46	81.44	96.01
2022-06-23T09:47:48	78.81	2888.10	-811.80	33.10	80.86	96.13
2022-06-23T09:47:50	65.83	2895.15	-812.31	32.76	80.21	96.05
2022-06-23T09:47:52	52.84	2902.19	-812.81	32.39	79.50	95.94
2022-06-23T09:47:54	39.86	2909.23	-813.32	31.94	78.77	95.86
2022-06-23T09:47:56	26.88	2916.25	-813.82	31.48	78.01	95.87
2022-06-23T09:47:58	13.89	2923.27	-814.32	31.18	77.25	95.99
2022-06-23T09:48:00	0.91	2930.28	-814.82	31.05	76.50	96.00
2022-06-23T09:48:02	-12.08	2937.28	-815.31	30.89	75.78	96.05
2022-06-23T09:48:04	-25.06	2944.27	-815.80	30.68	75.10	96.13
2022-06-23T09:48:06	-38.04	2951.25	-816.29	30.44	74.45	96.25
2022-06-23T09:48:08	-51.03	2958.22	-816.78	29.99	73.82	96.37
2022-06-23T09:48:10	-64.01	2965.18	-817.26	29.47	73.19	96.43
2022-06-23T09:48:12	-76.99	2972.13	-817.75	28.93	72.56	96.44
2022-06-23T09:48:14	-89.97	2979.08	-818.22	28.46	71.85	96.36
2022-06-23T09:48:16	-102.96	2986.01	-818.70	28.04	71.20	96.19
2022-06-23T09:48:18	-115.94	2992.94	-819.18	27.66	70.78	96.12
2022-06-23T09:48:20	-128.92	2999.86	-819.65	27.27	70.43	96.07
2022-06-23T09:48:22	-141.90	3006.77	-820.12	26.84	70.14	96.02
2022-06-23T09:48:24	-154.88	3013.67	-820.59	26.40	69.93	95.98
2022-06-23T09:48:26	-167.87	3020.56	-821.05	26.05	69.33	96.06
2022-06-23T09:48:28	-180.85	3027.44	-821.51	25.71	68.77	96.10
2022-06-23T09:48:30	-193.82	3034.32	-821.97	25.46	68.14	96.14
2022-06-23T09:48:32	-206.80	3041.18	-822.43	25.23	67.52	96.05
2022-06-23T09:48:34	-219.78	3048.04	-822.89	25.18	66.79	95.81
2022-06-23T09:48:36	-232.76	3054.89	-823.34	25.22	65.98	95.56
2022-06-23T09:48:38	-245.74	3061.73	-823.79	25.26	65.19	95.35
2022-06-23T09:48:40	-258.71	3068.56	-824.24	25.28	64.41	95.18
2022-06-23T09:48:42	-271.69	3075.39	-824.69	25.27	63.73	95.10
2022-06-23T09:48:44	-284.67	3082.20	-825.13	25.14	63.46	95.22
2022-06-23T09:48:46	-297.64	3089.01	-825.57	25.04	63.27	95.49
2022-06-23T09:48:48	-310.61	3095.81	-826.02	24.90	63.01	95.78
2022-06-23T09:48:50	-323.58	3102.60	-826.45	24.75	62.63	95.96
2022-06-23T09:48:52	-336.56	3109.38	-826.89	24.38	62.02	95.77
2022-06-23T09:48:54	-349.53	3116.16	-827.32	23.81	61.35	95.54
2022-06-23T09:48:56	-362.50	3122.92	-827.75	23.11	60.65	95.34
2022-06-23T09:48:58	-375.46	3129.68	-828.18	22.26	59.94	95.18
2022-06-23T09:49:00	-388.43	3136.44	-828.61	21.61	59.43	95.10
2022-06-23T09:49:02	-401.40	3143.18	-829.03	21.66	59.40	95.15
2022-06-23T09:49:04	-414.37	3149.92	-829.46	22.06	59.32	95.17
2022-06-23T09:49:06	-427.33	3156.64	-829.88	22.34	59.09	95.18
2022-06-23T09:49:08	-440.29	3163.36	-830.30	22.49	58.69	95.18
2022-06-23T09:49:10	-453.26	3170.07	-830.72	21.83	57.43	94.79
2022-06-23T09:49:12	-466.22	3176.78	-831.13	21.03	56.09	94.24
2022-06-23T09:49:14	-479.18	3183.48	-831.54	20.13	54.72	93.53
2022-06-23T09:49:16	-492.14	3190.17	-831.95	19.13	53.32	92.68
2022-06-23T09:49:18	-505.09	3196.85	-832.36	18.46	52.17	92.22
2022-06-23T09:49:20	-518.05	3203.52	-832.77	18.31	51.53	92.21
2022-06-23T09:49:22	-531.01	3210.19	-833.17	18.18	50.98	92.23
2022-06-23T09:49:24	-543.96	3216.85	-833.58	18.00	50.35	92.26
2022-06-23T09:49:26	-556.91	3223.50	-833.98	17.75	49.66	92.32
2022-06-23T09:49:28	-569.87	3230.15	-834.38	17.41	49.14	92.40
2022-06-23T09:49:30	-582.82	3236.78	-834.77	17.00	48.61	92.53
2022-06-23T09:49:32	-595.77	3243.41	-835.17	16.53	48.08	92.70
2022-06-23T09:49:34	-608.71	3250.04	-835.56	15.98	47.53	92.90
2022-06-23T09:49:36	-621.66	3256.65	-835.95	15.45	46.97	92.79
2022-06-23T09:49:38	-634.60	3263.26	-836.34	14.58	46.41	92.01
2022-06-23T09:49:40	-647.55	3269.86	-836.73	13.81	45.83	91.32
2022-06-23T09:49:42	-660.49	3276.46	-837.12	13.15	45.21	90.75
2022-06-23T09:49:44	-673.43	3283.04	-837.50	12.50	44.53	89.97
2022-06-23T09:49:46	-686.37	3289.63	-837.88	11.62	43.90	88.66
2022-06-23T09:49:48	-699.31	3296.20	-838.26	10.81	43.46	87.69
2022-06-23T09:49:50	-712.24	3302.76	-838.65	10.03	43.22	87.06
2022-06-23T09:49:52	-725.18	3309.33	-839.02	9.30	43.19	86.75
2022-06-23T09:49:54	-738.11	3315.88	-839.40	8.47	41.97	86.57
2022-06-23T09:49:56	-751.04	3322.42	-839.77	7.35	40.26	85.83
2022-06-23T09:49:58	-763.97	3328.97	-840.14	6.10	38.90	84.95
2022-06-23T09:50:00	-776.90	3335.50	-840.51	4.71	37.91	83.92
2022-06-23T09:50:02	-789.83	3342.02	-840.88	3.46	37.25	82.15
2022-06-23T09:50:04	-802.75	3348.54	-841.25	2.88	36.68	79.46
2022-06-23T09:50:06	-815.67	3355.06	-841.61	2.80	36.17	76.55
2022-06-23T09:50:08	-828.60	3361.56	-841.98	3.25	35.72	73.43
2022-06-23T09:50:10	-841.52	3368.06	-842.34	4.18	35.28	70.08
2022-06-23T09:50:12	-854.44	3374.55	-842.70	4.47	32.52	66.66
2022-06-23T09:50:14	-867.35	3381.04	-843.06	4.36	29.56	63.12
2022-06-23T09:50:16	-880.27	3387.52	-843.42	4.01	26.80	59.61
2022-06-23T09:50:18	-893.18	3394.00	-843.77	3.42	24.25	56.16
2022-06-23T09:50:20	-906.09	3400.46	-844.13	2.57	22.45	53.27
2022-06-23T09:50:22	-919.00	3406.93	-844.48	1.68	20.98	50.84
2022-06-23T09:50:24	-931.91	3413.38	-844.83	0.82	19.38	48.53
2022-06-23T09:50:26	-944.82	3419.83	-845.18	-0.01	17.67	46.34
2022-06-23T09:50:28	-957.73	3426.27	-845.53	-0.72	15.78	43.86
2022-06-23T09:50:30	-970.63	3432.71	-845.87	-0.72	13.76	39.43
2022-06-23T09:50:32	-983.53	3439.14	-846.22	-0.60	11.93	35.20
2022-06-23T09:50:34	-996.43	3445.57	-846.56	-0.43	10.28	31.22
2022-06-23T09:50:36	-1009.33	3451.99	-846.90	-0.21	8.81	27.49
2022-06-23T09:50:38	-1022.23	3458.40	-847.24	-0.17	7.53	24.64
2022-06-23T09:50:40	-1035.12	3464.80	-847.58	-0.17	6.33	22.04
2022-06-23T09:50:42	-1048.01	3471.20	-847.92	-0.16	5.17	19.42
2022-06-23T09:50:44	-1060.90	3477.60	-848.25	-0.13	4.08	16.79
2022-06-23T09:50:46	-1073.79	3483.99	-848.59	-0.01	3.05	14.32
2022-06-23T09:50:48	-1086.68	3490.37	-848.92	0.44	2.12	12.50
2022-06-23T09:50:50	-1099.56	3496.75	-849.25	0.91	1.27	10.77
2022-06-23T09:50:52	-1112.45	3503.12	-849.58	1.38	0.50	9.06
2022-06-23T09:50:54	-1125.33	3509.49	-849.91	1.82	-0.20	7.37
2022-06-23T09:50:56	-1138.21	3515.85	-850.24	2.32	-0.63	5.72
2022-06-23T09:50:58	-1151.09	3522.21	-850.57	2.83	-1.05	4.12
2022-06-23T09:51:00	-1163.96	3528.55	-850.89	3.35	-1.50	2.57
2022-06-23T09:51:02	-1176.84	3534.90	-851.21	3.88	-1.96	1.07
2022-06-23T09:51:04	-1189.71	3541.24	-851.54	4.46	-2.41	-0.39
2022-06-23T09:51:06	-1202.58	3547.57	-851.86	5.11	-2.70	-1.68
2022-06-23T09:51:08	-1215.45	3553.89	-852.17	5.74	-3.00	-2.89
2022-06-23T09:51:10	-1228.32	3560.22	-852.49	6.36	-3.33	-4.08
2022-06-23T09:51:12	-1241.18	3566.53	-852.81	6.97	-3.70	-5.24
2022-06-23T09:51:14	-1254.04	3572.84	-853.13	7.29	-4.07	-6.43
2022-06-23T09:51:16	-1266.90	3579.15	-853.44	7.61	-4.51	-7.64
2022-06-23T09:51:18	-1279.76	3585.45	-853.75	7.92	-5.02	-8.85
2022-06-23T09:51:20	-1292.62	3591.75	-854.07	8.24	-5.60	-10.07
2022-06-23T09:51:22	-1305.48	3598.03	-854.38	8.50	-6.06	-11.11
2022-06-23T09:51:24	-1318.33	3604.32	-854.68	8.58	-6.23	-11.80
2022-06-23T09:51:26	-1331.18	3610.60	-854.99	8.64	-6.35	-12.38
2022-06-23T09:51:28	-1344.03	3616.87	-855.30	8.77	-6.48	-12.86
2022-06-23T09:51:30	-1356.88	3623.14	-855.60	8.95	-6.63	-13.26
2022-06-23T09:51:32	-1369.72	3629.40	-855.91	9.18	-7.09	-13.53
2022-06-23T09:51:34	-1382.57	3635.67	-856.21	9.37	-7.53	-13.77
2022-06-23T09:51:36	-1395.41	3641.92	-856.51	9.51	-7.97	-13.98
2022-06-23T09:51:38	-1408.25	3648.17	-856.81	9.61	-8.39	-14.15
2022-06-23T09:51:40	-1421.09	3654.41	-857.11	9.58	-9.03	-14.55
2022-06-23T09:51:42	-1433.92	3660.65	-857.41	9.44	-9.75	-15.29
2022-06-23T09:51:44	-1446.76	3666.89	-857.71	9.25	-10.38	-16.11
2022-06-23T09:51:46	-1459.59	3673.11	-858.00	9.06	-10.98	-16.90
2022-06-23T09:51:48	-1472.42	3679.34	-858.30	8.85	-11.39	-17.67
2022-06-23T09:51:50	-1485.25	3685.56	-858.59	8.59	-11.07	-18.54
2022-06-23T09:51:52	-1498.07	3691.77	-858.88	8.46	-10.83	-19.38
2022-06-23T09:51:54	-1510.89	3697.98	-859.18	8.45	-10.67	-20.21
2022-06-23T09:51:56	-1523.72	3704.19	-859.47	8.57	-10.59	-21.01
2022-06-23T09:51:58	-1536.54	3710.39	-859.76	8.52	-10.57	-20.99
2022-06-23T09:52:00	-1549.36	3716.58	-860.04	8.30	-10.50	-20.49
2022-06-23T09:52:02	-1562.17	3722.78	-860.33	8.16	-10.26	-19.88
2022-06-23T09:52:04	-1574.99	3728.96	-860.62	8.17	-9.95	-19.25
2022-06-23T09:52:06	-1587.80	3735.14	-860.90	8.39	-9.67	-18.73
2022-06-23T09:52:08	-1600.61	3741.32	-861.19	8.80	-9.77	-18.60
2022-06-23T09:52:10	-1613.42	3747.50	-861.47	9.11	-9.96	-18.45
2022-06-23T09:52:12	-1626.22	3753.66	-861.75	9.33	-10.24	-18.27
2022-06-23T09:52:14	-1639.03	3759.83	-862.03	9.45	-10.60	-18.06
2022-06-23T09:52:16	-1651.83	3765.99	-862.31	9.36	-11.01	-17.79
2022-06-23T09:52:18	-1664.63	3772.14	-862.59	9.04	-11.49	-17.51
2022-06-23T09:52:20	-1677.43	3778.29	-862.87	8.49	-11.95	-17.40
2022-06-23T09:52:22	-1690.22	3784.44	-863.15	7.98	-12.40	-17.38
2022-06-23T09:52:24	-1703.02	3790.58	-863.42	7.60	-12.71	-17.41
2022-06-23T09:52:26	-1715.81	3796.72	-863.69	7.54	-12.70	-17.36
2022-06-23T09:52:28	-1728.60	3802.85	-863.97	7.63	-12.66	-17.29
2022-06-23T09:52:30	-1741.39	3808.98	-864.24	7.87	-12.57	-17.20
2022-06-23T09:52:32	-1754.17	3815.11	-864.51	8.27	-12.44	-17.09
2022-06-23T09:52:34	-1766.96	3821.23	-864.78	8.57	-12.00	-16.96
2022-06-23T09:52:36	-1779.74	3827.34	-865.05	8.77	-11.45	-16.69
2022-06-23T09:52:38	-1792.52	3833.45	-865.32	8.97	-10.86	-16.32
2022-06-23T09:52:40	-1805.30	3839.56	-865.59	9.19	-10.34	-15.95
2022-06-23T09:52:42	-1818.08	3845.67	-865.86	9.38	-10.10	-15.85
2022-06-23T09:52:44	-1830.85	3851.77	-866.12	9.50	-10.24	-16.20
2022-06-23T09:52:46	-1843.62	3857.86	-866.39	9.61	-10.42	-16.53
2022-06-23T09:52:48	-1856.39	3863.95	-866.65	9.73	-10.65	-16.84
2022-06-23T09:52:50	-1869.16	3870.04	-866.91	9.84	-10.91	-17.14
2022-06-23T09:52:52	-1881.93	3876.12	-867.18	10.13	-10.63	-17.13
2022-06-23T09:52:54	-1894.69	3882.20	-867.44	10.43	-10.25	-17.05
2022-06-23T09:52:56	-1907.46	3888.28	-867.70	10.60	-9.83	-16.95
2022-06-23T09:52:58	-1920.22	3894.35	-867.96	10.57	-9.35	-16.87
2022-06-23T09:53:00	-1932.98	3900.42	-868.22	10.48	-8.96	-16.84
2022-06-23T09:53:02	-1945.73	3906.48	-868.47	10.36	-8.74	-16.88
2022-06-23T09:53:04	-1958.49	3912.54	-868.73	10.28	-8.51	-16.89
2022-06-23T09:53:06	-1971.24	3918.60	-868.99	10.24	-8.27	-16.87
2022-06-23T09:53:08	-1983.99	3924.65	-869.25	10.24	-8.01	-16.83
2022-06-23T09:53:10	-1996.74	3930.70	-869.50	10.46	-8.07	-17.01
2022-06-23T09:53:12	-2009.49	3936.74	-869.75	10.72	-8.17	-17.25
2022-06-23T09:53:14	-2022.23	3942.79	-870.00	11.00	-8.28	-17.54
2022-06-23T09:53:16	-2034.97	3948.83	-870.26	11.21	-8.55	-17.67
2022-06-23T09:53:18	-2047.71	3954.86	-870.51	11.25	-8.77	-17.50
2022-06-23T09:53:20	-2060.45	3960.89	-870.76	11.14	-8.92	-17.09
2022-06-23T09:53:22	-2073.19	3966.91	-871.01	11.06	-9.07	-16.74
2022-06-23T09:53:24	-2085.93	3972.94	-871.26	11.02	-9.23	-16.46
2022-06-23T09:53:26	-2098.66	3978.96	-871.50	11.02	-9.39	-16.24
2022-06-23T09:53:28	-2111.39	3984.97	-871.75	10.89	-9.28	-15.98
2022-06-23T09:53:30	-2124.12	3990.98	-872.00	10.71	-9.11	-15.80
2022-06-23T09:53:32	-2136.85	3996.99	-872.24	10.50	-8.90	-15.72
2022-06-23T09:53:34	-2149.57	4003.00	-872.49	10.26	-8.68	-15.73
2022-06-23T09:53:36	-2162.30	4009.00	-872.73	9.97	-8.62	-15.92
2022-06-23T09:53:38	-2175.02	4015.00	-872.97	9.71	-8.66	-16.33
2022-06-23T09:53:40	-2187.74	4020.99	-873.22	9.55	-8.68	-16.78
2022-06-23T09:53:42	-2200.46	4026.98	-873.46	9.48	-8.66	-17.28
2022-06-23T09:53:44	-2213.17	4032.97	-873.70	9.50	-8.61	-17.82
2022-06-23T09:53:46	-2225.89	4038.95	-873.94	9.80	-8.48	-17.99
2022-06-23T09:53:48	-2238.60	4044.93	-874.18	10.12	-8.30	-18.12
2022-06-23T09:53:50	-2251.31	4050.91	-874.42	10.45	-8.07	-18.24
2022-06-23T09:53:52	-2264.01	4056.88	-874.65	10.79	-7.80	-18.35
2022-06-23T09:53:54	-2276.72	4062.85	-874.89	11.36	-7.54	-17.95
2022-06-23T09:53:56	-2289.43	4068.82	-875.13	12.09	-7.26	-17.13
2022-06-23T09:53:58	-2302.13	4074.79	-875.36	12.76	-6.98	-16.24
2022-06-23T09:54:00	-2314.83	4080.74	-875.60	13.36	-6.73	-15.29
2022-06-23T09:54:02	-2327.53	4086.70	-875.83	13.88	-6.49	-14.29
2022-06-23T09:54:04	-2340.23	4092.66	-876.07	13.78	-6.73	-13.78
2022-06-23T09:54:06	-2352.92	4098.61	-876.30	13.62	-6.96	-13.35
2022-06-23T09:54:08	-2365.61	4104.56	-876.53	13.43	-7.15	-12.97
2022-06-23T09:54:10	-2378.30	4110.50	-876.76	13.22	-7.29	-12.64
2022-06-23T09:54:12	-2390.99	4116.44	-876.99	13.05	-7.53	-12.60
2022-06-23T09:54:14	-2403.68	4122.38	-877.22	12.91	-7.97	-12.91
2022-06-23T09:54:16	-2416.37	4128.31	-877.45	12.77	-8.41	-13.17
2022-06-23T09:54:18	-2429.05	4134.25	-877.68	12.60	-8.84	-13.37
2022-06-23T09:54:20	-2441.73	4140.17	-877.91	12.42	-9.26	-13.51
2022-06-23T09:54:22	-2454.41	4146.10	-878.14	12.13	-9.43	-13.36
2022-06-23T09:54:24	-2467.09	4152.02	-878.37	11.81	-9.58	-13.17
2022-06-23T09:54:26	-2479.76	4157.94	-878.59	11.46	-9.75	-12.97
2022-06-23T09:54:28	-2492.44	4163.86	-878.81	11.08	-9.91	-12.74
2022-06-23T09:54:30	-2505.11	4169.77	-879.04	10.86	-10.14	-12.69
2022-06-23T09:54:32	-2517.78	4175.68	-879.27	11.07	-10.32	-12.78
2022-06-23T09:54:34	-2530.45	4181.59	-879.49	11.28	-10.41	-12.83
2022-06-23T09:54:36	-2543.12	4187.50	-879.71	11.40	-10.47	-12.86
2022-06-23T09:54:38	-2555.78	4193.40	-879.93	11.42	-10.48	-12.89
2022-06-23T09:54:40	-2568.45	4199.29	-880.16	11.39	-10.28	-12.76
2022-06-23T09:54:42	-2581.11	4205.19	-880.38	11.37	-10.11	-12.62
2022-06-23T09:54:44	-2593.77	4211.08	-880.60	11.38	-9.98	-12.47
2022-06-23T09:54:46	-2606.43	4216.97	-880.82	11.41	-9.90	-12.32
2022-06-23T09:54:48	-2619.08	4222.86	-881.04	11.36	-9.76	-12.18
2022-06-23T09:54:50	-2631.74	4228.74	-881.25	11.16	-9.49	-12.10
2022-06-23T09:54:52	-2644.39	4234.62	-881.47	10.93	-9.20	-12.15
2022-06-23T09:54:54	-2657.04	4240.51	-881.69	10.78	-8.92	-12.23
2022-06-23T09:54:56	-2669.69	4246.38	-881.91	10.70	-8.65	-12.31
2022-06-23T09:54:58	-2682.33	4252.25	-882.12	10.80	-8.36	-12.55
2022-06-23T09:55:00	-2694.98	4258.12	-882.34	10.85	-8.02	-12.76
2022-06-23T09:55:02	-2707.62	4263.99	-882.55	10.80	-7.66	-12.93
2022-06-23T09:55:04	-2720.26	4269.86	-882.77	10.68	-7.25	-13.05
2022-06-23T09:55:06	-2732.90	4275.72	-882.98	10.52	-6.95	-13.16
2022-06-23T09:55:08	-2745.54	4281.58	-883.20	10.46	-6.86	-13.32
2022-06-23T09:55:10	-2758.18	4287.43	-883.41	10.47	-6.81	-13.51
2022-06-23T09:55:12	-2770.81	4293.29	-883.62	10.64	-6.84	-13.74
2022-06-23T09:55:14	-2783.44	4299.14	-883.83	10.78	-6.87	-13.99
2022-06-23T09:55:16	-2796.07	4304.99	-884.04	10.88	-6.98	-14.20
2022-06-23T09:55:18	-2808.70	4310.83	-884.25	10.97	-7.09	-14.39
2022-06-23T09:55:20	-2821.33	4316.68	-884.46	11.07	-7.19	-14.56
2022-06-23T09:55:22	-2833.96	4322.52	-884.67	11.17	-7.26	-14.72
2022-06-23T09:55:24	-2846.58	4328.36	-884.88	11.23	-7.28	-14.82
2022-06-23T09:55:26	-2859.20	4334.19	-885.09	11.12	-7.22	-14.78
2022-06-23T09:55:28	-2871.82	4340.02	-885.30	10.92	-7.17	-14.70
2022-06-23T09:55:30	-2884.44	4345.85	-885.51	10.67	-7.13	-14.59
2022-06-23T09:55:32	-2897.06	4351.68	-885.71	10.41	-7.11	-14.46
2022-06-23T09:55:34	-2909.67	4357.51	-885.92	10.47	-7.28	-14.57
2022-06-23T09:55:36	-2922.29	4363.33	-886.13	10.63	-7.44	-14.75
2022-06-23T09:55:38	-2934.90	4369.15	-886.33	10.83	-7.55	-14.91
2022-06-23T09:55:40	-2947.51	4374.97	-886.53	11.05	-7.59	-15.06
2022-06-23T09:55:42	-2960.12	4380.78	-886.74	11.25	-7.58	-15.12
2022-06-23T09:55:44	-2972.72	4386.60	-886.94	11.26	-7.57	-14.97
2022-06-23T09:55:46	-2985.33	4392.41	-887.14	11.27	-7.61	-14.89
2022-06-23T09:55:48	-2997.93	4398.21	-887.35	11.27	-7.72	-14.85
2022-06-23T09:55:50	-3010.53	4404.02	-887.55	11.24	-7.88	-14.90
2022-06-23T09:55:52	-3023.13	4409.82	-887.75	10.95	-8.00	-14.96
2022-06-23T09:55:54	-3035.73	4415.62	-887.96	10.60	-8.10	-14.98
