Time	POS_X	POS_Y	POS_Z	B_X	B_Y	B_Z
2022-06-23T09:32:50	5334.52	-967.62	-325.79	43.00	10.99	12.48
2022-06-23T09:32:52	5324.07	-958.60	-327.13	43.69	10.72	12.67
2022-06-23T09:32:54	5313.62	-949.57	-328.48	44.28	10.52	12.85
2022-06-23T09:32:56	5303.16	-940.55	-329.82	44.75	10.39	13.02
2022-06-23T09:32:58	5292.70	-931.53	-331.17	45.13	10.35	13.20
2022-06-23T09:33:00	5282.24	-922.50	-332.52	45.42	10.39	13.41
2022-06-23T09:33:02	5271.78	-913.48	-333.86	45.74	10.01	13.84
2022-06-23T09:33:04	5261.31	-904.45	-335.21	46.08	9.23	14.30
2022-06-23T09:33:06	5250.84	-895.43	-336.55	46.37	8.53	14.61
2022-06-23T09:33:08	5240.37	-886.40	-337.90	46.62	7.89	14.77
2022-06-23T09:33:10	5229.89	-877.37	-339.24	46.82	7.33	14.78
2022-06-23T09:33:12	5219.41	-868.34	-340.59	46.99	6.86	14.68
2022-06-23T09:33:14	5208.93	-859.32	-341.93	47.31	6.56	14.53
2022-06-23T09:33:16	5198.45	-850.29	-343.28	47.71	6.51	14.12
2022-06-23T09:33:18	5187.96	-841.26	-344.62	48.13	6.41	13.86
2022-06-23T09:33:20	5177.47	-832.23	-345.97	48.56	6.25	13.76
2022-06-23T09:33:22	5166.97	-823.20	-347.31	48.97	6.09	13.84
2022-06-23T09:33:24	5156.47	-814.17	-348.65	49.40	6.09	14.13
2022-06-23T09:33:26	5145.97	-805.14	-350.00	49.96	6.11	14.59
2022-06-23T09:33:28	5135.47	-796.10	-351.34	50.18	6.04	14.81
2022-06-23T09:33:30	5124.96	-787.07	-352.68	50.38	5.90	14.79
2022-06-23T09:33:32	5114.45	-778.04	-354.02	50.64	5.70	14.60
2022-06-23T09:33:34	5103.94	-769.01	-355.37	50.89	5.43	14.20
2022-06-23T09:33:36	5093.42	-759.97	-356.71	50.92	5.12	13.66
2022-06-23T09:33:38	5082.90	-750.94	-358.05	51.01	4.76	13.30
2022-06-23T09:33:40	5072.38	-741.90	-359.39	51.21	4.57	13.17
2022-06-23T09:33:42	5061.85	-732.87	-360.73	51.49	4.67	13.10
2022-06-23T09:33:44	5051.32	-723.83	-362.07	51.77	4.88	12.96
2022-06-23T09:33:46	5040.79	-714.79	-363.42	52.03	5.27	12.78
2022-06-23T09:33:48	5030.25	-705.76	-364.76	52.31	5.62	12.59
2022-06-23T09:33:50	5019.71	-696.72	-366.10	52.64	5.89	12.36
2022-06-23T09:33:52	5009.17	-687.68	-367.44	53.02	6.05	12.16
2022-06-23T09:33:54	4998.62	-678.64	-368.78	53.41	5.96	12.15
2022-06-23T09:33:56	4988.07	-669.60	-370.12	53.79	5.90	12.03
2022-06-23T09:33:58	4977.52	-660.56	-371.46	54.17	5.88	11.86
2022-06-23T09:34:00	4966.96	-651.52	-372.80	54.53	5.88	11.68
2022-06-23T09:34:02	4956.40	-642.48	-374.13	54.88	5.88	11.48
2022-06-23T09:34:04	4945.84	-633.44	-375.47	55.21	5.86	11.28
2022-06-23T09:34:06	4935.27	-624.40	-376.81	55.65	5.73	11.29
2022-06-23T09:34:08	4924.70	-615.36	-378.15	56.00	5.55	11.69
2022-06-23T09:34:10	4914.13	-606.31	-379.49	56.34	5.40	11.97
2022-06-23T09:34:12	4903.55	-597.27	-380.83	56.68	5.26	12.10
2022-06-23T09:34:14	4892.97	-588.23	-382.16	57.00	5.14	12.09
2022-06-23T09:34:16	4882.39	-579.18	-383.50	57.33	5.04	11.97
2022-06-23T09:34:18	4871.80	-570.14	-384.84	57.94	5.00	12.01
2022-06-23T09:34:20	4861.21	-561.09	-386.17	58.77	5.08	12.30
2022-06-23T09:34:22	4850.61	-552.05	-387.51	59.54	5.23	12.65
2022-06-23T09:34:24	4840.01	-543.00	-388.85	60.24	5.45	13.05
2022-06-23T09:34:26	4829.41	-533.95	-390.18	60.86	5.73	13.50
2022-06-23T09:34:28	4818.81	-524.91	-391.52	61.44	6.01	13.88
2022-06-23T09:34:30	4808.20	-515.86	-392.85	62.18	6.07	13.62
2022-06-23T09:34:32	4797.58	-506.81	-394.19	63.04	6.00	13.11
2022-06-23T09:34:34	4786.97	-497.76	-395.52	63.85	5.94	12.55
2022-06-23T09:34:36	4776.35	-488.72	-396.86	64.60	5.88	11.93
2022-06-23T09:34:38	4765.72	-479.67	-398.19	65.32	5.79	11.24
2022-06-23T09:34:40	4755.09	-470.62	-399.52	66.19	5.56	10.64
2022-06-23T09:34:42	4744.46	-461.57	-400.86	67.21	5.47	10.21
2022-06-23T09:34:44	4733.82	-452.52	-402.19	67.97	5.58	10.51
2022-06-23T09:34:46	4723.19	-443.47	-403.52	68.65	5.69	11.01
2022-06-23T09:34:48	4712.54	-434.42	-404.85	69.27	5.80	11.62
2022-06-23T09:34:50	4701.89	-425.37	-406.19	69.86	5.98	12.24
2022-06-23T09:34:52	4691.24	-416.31	-407.52	70.44	6.29	12.74
2022-06-23T09:34:54	4680.59	-407.26	-408.85	71.03	6.54	13.15
2022-06-23T09:34:56	4669.93	-398.21	-410.18	71.56	6.74	13.30
2022-06-23T09:34:58	4659.27	-389.16	-411.51	71.94	7.03	13.30
2022-06-23T09:35:00	4648.60	-380.10	-412.84	72.20	7.41	13.30
2022-06-23T09:35:02	4637.93	-371.05	-414.17	72.53	7.40	13.39
2022-06-23T09:35:04	4627.26	-362.00	-415.50	72.88	7.43	13.56
2022-06-23T09:35:06	4616.58	-352.94	-416.83	73.24	7.52	13.81
2022-06-23T09:35:08	4605.89	-343.89	-418.16	73.58	7.53	14.07
2022-06-23T09:35:10	4595.21	-334.83	-419.48	73.72	7.19	14.14
2022-06-23T09:35:12	4584.52	-325.78	-420.81	73.87	6.75	14.13
2022-06-23T09:35:14	4573.82	-316.72	-422.14	74.03	6.31	14.10
2022-06-23T09:35:16	4563.12	-307.66	-423.47	74.16	5.93	14.09
2022-06-23T09:35:18	4552.42	-298.61	-424.80	74.25	5.63	14.10
2022-06-23T09:35:20	4541.71	-289.55	-426.12	74.31	5.41	14.13
2022-06-23T09:35:22	4531.00	-280.50	-427.45	74.49	5.33	14.40
2022-06-23T09:35:24	4520.28	-271.44	-428.77	74.61	5.35	14.62
2022-06-23T09:35:26	4509.56	-262.38	-430.10	74.70	5.29	14.84
2022-06-23T09:35:28	4498.84	-253.32	-431.42	74.74	5.16	15.04
2022-06-23T09:35:30	4488.11	-244.27	-432.75	74.75	4.95	15.22
2022-06-23T09:35:32	4477.38	-235.21	-434.07	74.72	4.68	15.39
2022-06-23T09:35:34	4466.64	-226.15	-435.40	74.99	4.78	15.49
2022-06-23T09:35:36	4455.90	-217.09	-436.72	75.38	5.01	15.56
2022-06-23T09:35:38	4445.16	-208.03	-438.04	75.76	5.19	15.65
2022-06-23T09:35:40	4434.40	-198.97	-439.36	76.14	5.34	15.75
2022-06-23T09:35:42	4423.65	-189.91	-440.69	76.52	5.46	15.86
2022-06-23T09:35:44	4412.89	-180.85	-442.01	76.81	5.54	16.09
2022-06-23T09:35:46	4402.13	-171.79	-443.33	77.12	5.57	16.38
2022-06-23T09:35:48	4391.36	-162.73	-444.65	77.43	5.53	16.58
2022-06-23T09:35:50	4380.59	-153.67	-445.97	77.72	5.49	16.74
2022-06-23T09:35:52	4369.81	-144.61	-447.29	77.97	5.45	16.86
2022-06-23T09:35:54	4359.03	-135.55	-448.61	78.24	5.32	16.92
2022-06-23T09:35:56	4348.25	-126.49	-449.93	78.50	5.07	16.89
2022-06-23T09:35:58	4337.46	-117.43	-451.24	78.71	4.89	16.81
2022-06-23T09:36:00	4326.66	-108.37	-452.56	79.13	4.82	16.78
2022-06-23T09:36:02	4315.86	-99.30	-453.88	79.60	4.78	16.80
2022-06-23T09:36:04	4305.06	-90.24	-455.20	80.15	4.75	16.88
2022-06-23T09:36:06	4294.25	-81.18	-456.51	80.82	4.79	17.16
2022-06-23T09:36:08	4283.44	-72.12	-457.83	81.47	4.82	17.49
2022-06-23T09:36:10	4272.62	-63.06	-459.14	82.11	4.85	17.88
2022-06-23T09:36:12	4261.80	-53.99	-460.46	82.44	4.79	18.23
2022-06-23T09:36:14	4250.97	-44.93	-461.77	82.53	4.69	18.43
2022-06-23T09:36:16	4240.14	-35.87	-463.09	82.60	4.58	18.42
2022-06-23T09:36:18	4229.30	-26.81	-464.40	82.69	4.48	18.36
2022-06-23T09:36:20	4218.46	-17.75	-465.71	82.79	4.40	18.30
2022-06-23T09:36:22	4207.61	-8.68	-467.03	82.91	4.34	18.24
2022-06-23T09:36:24	4196.76	0.38	-468.34	83.05	4.36	18.26
2022-06-23T09:36:26	4185.91	9.44	-469.65	83.26	4.48	18.44
2022-06-23T09:36:28	4175.04	18.50	-470.96	83.52	4.57	18.63
2022-06-23T09:36:30	4164.18	27.57	-472.27	83.79	4.63	18.78
2022-06-23T09:36:32	4153.31	36.63	-473.58	84.06	4.65	18.88
2022-06-23T09:36:34	4142.43	45.69	-474.89	84.33	4.63	18.94
2022-06-23T09:36:36	4131.55	54.76	-476.20	84.56	4.62	19.01
2022-06-23T09:36:38	4120.67	63.82	-477.50	84.58	4.80	19.20
2022-06-23T09:36:40	4109.77	72.88	-478.81	84.69	4.98	19.39
2022-06-23T09:36:42	4098.88	81.94	-480.12	84.88	5.14	19.58
2022-06-23T09:36:44	4087.98	91.00	-481.42	85.13	5.30	19.77
2022-06-23T09:36:46	4077.07	100.07	-482.73	85.44	5.44	19.94
2022-06-23T09:36:48	4066.16	109.13	-484.03	85.76	5.62	19.94
2022-06-23T09:36:50	4055.24	118.19	-485.34	86.07	5.69	20.07
2022-06-23T09:36:52	4044.32	127.25	-486.64	86.37	5.74	20.29
2022-06-23T09:36:54	4033.39	136.32	-487.94	86.66	5.81	20.55
2022-06-23T09:36:56	4022.46	145.38	-489.24	86.95	5.88	20.84
2022-06-23T09:36:58	4011.52	154.44	-490.54	87.25	5.93	21.19
2022-06-23T09:37:00	4000.58	163.50	-491.85	87.54	5.97	21.53
2022-06-23T09:37:02	3989.63	172.56	-493.15	87.76	6.01	21.79
2022-06-23T09:37:04	3978.68	181.62	-494.45	87.91	6.05	21.97
2022-06-23T09:37:06	3967.72	190.68	-495.74	88.08	6.11	22.14
2022-06-23T09:37:08	3956.76	199.74	-497.04	88.19	6.22	22.28
2022-06-23T09:37:10	3945.78	208.80	-498.34	88.24	6.38	22.39
2022-06-23T09:37:12	3934.81	217.87	-499.64	88.27	6.54	22.52
2022-06-23T09:37:14	3923.83	226.92	-500.93	88.27	6.69	22.66
2022-06-23T09:37:16	3912.84	235.98	-502.23	88.38	6.83	22.79
2022-06-23T09:37:18	3901.85	245.04	-503.52	88.57	6.93	22.96
2022-06-23T09:37:20	3890.85	254.10	-504.82	88.83	6.97	23.19
2022-06-23T09:37:22	3879.85	263.16	-506.11	89.05	7.01	23.39
2022-06-23T09:37:24	3868.84	272.22	-507.40	89.24	7.06	23.58
2022-06-23T09:37:26	3857.83	281.28	-508.69	89.39	7.10	23.75
2022-06-23T09:37:28	3846.81	290.33	-509.98	89.62	7.21	23.89
2022-06-23T09:37:30	3835.78	299.39	-511.28	89.94	7.39	24.13
2022-06-23T09:37:32	3824.75	308.45	-512.57	90.22	7.56	24.36
2022-06-23T09:37:34	3813.71	317.50	-513.85	90.46	7.73	24.59
2022-06-23T09:37:36	3802.67	326.56	-515.14	90.66	7.90	24.80
2022-06-23T09:37:38	3791.62	335.62	-516.43	90.81	8.07	25.02
2022-06-23T09:37:40	3780.56	344.67	-517.71	91.03	8.25	25.10
2022-06-23T09:37:42	3769.50	353.72	-519.00	91.31	8.42	25.11
2022-06-23T09:37:44	3758.44	362.78	-520.29	91.58	8.60	25.11
2022-06-23T09:37:46	3747.36	371.83	-521.57	91.85	8.79	25.11
2022-06-23T09:37:48	3736.28	380.88	-522.85	92.11	8.98	25.12
2022-06-23T09:37:50	3725.20	389.94	-524.13	92.40	9.15	25.16
2022-06-23T09:37:52	3714.11	398.99	-525.41	92.70	9.32	25.25
2022-06-23T09:37:54	3703.01	408.04	-526.70	92.97	9.52	25.47
2022-06-23T09:37:56	3691.91	417.09	-527.97	93.25	9.72	25.69
2022-06-23T09:37:58	3680.80	426.14	-529.25	93.55	9.93	25.93
2022-06-23T09:38:00	3669.69	435.19	-530.53	93.80	10.14	26.13
2022-06-23T09:38:02	3658.57	444.24	-531.81	93.99	10.35	26.29
2022-06-23T09:38:04	3647.44	453.28	-533.08	94.16	10.55	26.42
2022-06-23T09:38:06	3636.30	462.33	-534.36	94.26	10.77	26.52
2022-06-23T09:38:08	3625.16	471.38	-535.63	94.34	10.99	26.62
2022-06-23T09:38:10	3614.02	480.42	-536.90	94.51	11.23	26.79
2022-06-23T09:38:12	3602.86	489.47	-538.18	94.80	11.44	27.01
2022-06-23T09:38:14	3591.70	498.51	-539.45	95.12	11.64	27.23
2022-06-23T09:38:16	3580.54	507.55	-540.72	95.46	11.82	27.44
2022-06-23T09:38:18	3569.37	516.59	-541.99	95.81	12.00	27.69
2022-06-23T09:38:20	3558.19	525.64	-543.26	96.07	12.21	27.96
2022-06-23T09:38:22	3547.00	534.68	-544.53	96.18	12.45	28.22
2022-06-23T09:38:24	3535.81	543.71	-545.79	96.29	12.68	28.50
2022-06-23T09:38:26	3524.61	552.76	-547.06	96.40	12.90	28.79
2022-06-23T09:38:28	3513.41	561.79	-548.32	96.51	13.11	29.11
2022-06-23T09:38:30	3502.20	570.83	-549.58	96.68	13.30	29.42
2022-06-23T09:38:32	3490.98	579.86	-550.85	97.02	13.53	29.68
2022-06-23T09:38:34	3479.76	588.90	-552.11	97.33	13.79	29.93
2022-06-23T09:38:36	3468.53	597.93	-553.37	97.61	14.09	30.17
2022-06-23T09:38:38	3457.29	606.96	-554.63	97.87	14.42	30.41
2022-06-23T09:38:40	3446.04	615.99	-555.88	98.09	14.79	30.64
2022-06-23T09:38:42	3434.79	625.02	-557.14	98.30	15.17	30.91
2022-06-23T09:38:44	3423.53	634.05	-558.40	98.52	15.48	31.23
2022-06-23T09:38:46	3412.27	643.08	-559.65	98.77	15.76	31.56
2022-06-23T09:38:48	3401.00	652.10	-560.90	99.03	16.02	31.91
2022-06-23T09:38:50	3389.72	661.13	-562.16	99.32	16.28	32.28
2022-06-23T09:38:52	3378.43	670.15	-563.41	99.63	16.58	32.65
2022-06-23T09:38:54	3367.14	679.17	-564.66	99.92	16.89	33.05
2022-06-23T09:38:56	3355.84	688.19	-565.91	100.22	17.16	33.43
2022-06-23T09:38:58	3344.53	697.21	-567.15	100.50	17.39	33.74
2022-06-23T09:39:00	3333.22	706.23	-568.40	100.75	17.61	34.02
2022-06-23T09:39:02	3321.90	715.24	-569.64	101.01	17.74	34.29
2022-06-23T09:39:04	3310.57	724.26	-570.89	101.30	17.88	34.56
2022-06-23T09:39:06	3299.24	733.27	-572.13	101.62	18.03	34.83
2022-06-23T09:39:08	3287.89	742.28	-573.37	101.97	18.19	35.09
2022-06-23T09:39:10	3276.54	751.29	-574.62	102.39	18.39	35.22
2022-06-23T09:39:12	3265.19	760.30	-575.85	102.87	18.78	35.43
2022-06-23T09:39:14	3253.82	769.31	-577.09	103.26	19.18	35.66
2022-06-23T09:39:16	3242.45	778.31	-578.33	103.56	19.58	35.89
2022-06-23T09:39:18	3231.07	787.31	-579.56	103.78	19.98	36.14
2022-06-23T09:39:20	3219.68	796.32	-580.80	103.93	20.39	36.39
2022-06-23T09:39:22	3208.29	805.32	-582.03	104.43	20.65	36.93
2022-06-23T09:39:24	3196.89	814.31	-583.26	104.91	20.92	37.49
2022-06-23T09:39:26	3185.48	823.31	-584.49	105.34	21.21	38.03
2022-06-23T09:39:28	3174.07	832.30	-585.72	105.73	21.52	38.53
2022-06-23T09:39:30	3162.64	841.29	-586.94	106.07	21.85	39.01
2022-06-23T09:39:32	3151.21	850.29	-588.17	106.22	22.17	39.46
2022-06-23T09:39:34	3139.77	859.27	-589.39	106.39	22.43	39.87
2022-06-23T09:39:36	3128.33	868.26	-590.62	106.61	22.64	40.24
2022-06-23T09:39:38	3116.87	877.24	-591.84	106.85	22.86	40.61
2022-06-23T09:39:40	3105.41	886.23	-593.06	107.10	23.07	40.99
2022-06-23T09:39:42	3093.94	895.21	-594.27	107.53	23.33	41.37
2022-06-23T09:39:44	3082.46	904.18	-595.49	107.94	23.59	41.70
2022-06-23T09:39:46	3070.98	913.16	-596.71	108.32	23.87	41.96
2022-06-23T09:39:48	3059.49	922.13	-597.92	108.66	24.19	42.09
2022-06-23T09:39:50	3047.99	931.10	-599.13	108.97	24.53	42.20
2022-06-23T09:39:52	3036.48	940.07	-600.34	109.29	24.96	42.36
2022-06-23T09:39:54	3024.96	949.04	-601.55	109.62	25.40	42.56
2022-06-23T09:39:56	3013.44	958.00	-602.76	109.96	25.85	42.81
2022-06-23T09:39:58	3001.91	966.96	-603.97	110.30	26.29	43.08
2022-06-23T09:40:00	2990.37	975.92	-605.17	110.69	26.72	43.42
2022-06-23T09:40:02	2978.82	984.87	-606.37	111.11	27.15	43.77
2022-06-23T09:40:04	2967.26	993.83	-607.57	111.50	27.62	44.10
2022-06-23T09:40:06	2955.70	1002.78	-608.77	111.86	28.11	44.41
2022-06-23T09:40:08	2944.13	1011.72	-609.97	112.19	28.64	44.69
2022-06-23T09:40:10	2932.55	1020.67	-611.17	112.50	29.18	44.95
2022-06-23T09:40:12	2920.96	1029.61	-612.36	112.97	29.61	45.24
2022-06-23T09:40:14	2909.36	1038.55	-613.55	113.43	29.99	45.57
2022-06-23T09:40:16	2897.76	1047.49	-614.74	113.84	30.40	45.91
2022-06-23T09:40:18	2886.14	1056.42	-615.93	114.23	30.83	46.27
2022-06-23T09:40:20	2874.52	1065.35	-617.12	114.60	31.31	46.63
2022-06-23T09:40:22	2862.89	1074.28	-618.31	115.07	31.85	46.98
2022-06-23T09:40:24	2851.26	1083.20	-619.49	115.58	32.40	47.29
2022-06-23T09:40:26	2839.61	1092.12	-620.67	116.01	32.89	47.54
2022-06-23T09:40:28	2827.96	1101.04	-621.85	116.38	33.35	47.79
2022-06-23T09:40:30	2816.29	1109.96	-623.03	116.67	33.80	48.07
2022-06-23T09:40:32	2804.62	1118.87	-624.21	116.91	34.29	48.46
2022-06-23T09:40:34	2792.94	1127.78	-625.38	117.19	34.81	48.89
2022-06-23T09:40:36	2781.26	1136.68	-626.55	117.50	35.36	49.34
2022-06-23T09:40:38	2769.56	1145.58	-627.72	117.88	35.90	49.80
2022-06-23T09:40:40	2757.86	1154.48	-628.89	118.24	36.40	50.16
2022-06-23T09:40:42	2746.14	1163.37	-630.06	118.57	36.90	50.39
2022-06-23T09:40:44	2734.42	1172.27	-631.23	118.90	37.46	50.63
2022-06-23T09:40:46	2722.69	1181.16	-632.39	119.24	38.08	50.87
2022-06-23T09:40:48	2710.95	1190.04	-633.55	119.59	38.76	51.11
2022-06-23T09:40:50	2699.21	1198.92	-634.71	120.05	39.45	51.36
2022-06-23T09:40:52	2687.45	1207.79	-635.86	120.59	40.00	51.60
2022-06-23T09:40:54	2675.68	1216.67	-637.02	121.03	40.55	51.86
2022-06-23T09:40:56	2663.91	1225.53	-638.17	121.39	41.09	52.13
2022-06-23T09:40:58	2652.13	1234.40	-639.32	121.67	41.63	52.43
2022-06-23T09:41:00	2640.34	1243.26	-640.47	122.02	42.24	52.80
2022-06-23T09:41:02	2628.54	1252.12	-641.62	122.52	42.93	53.22
2022-06-23T09:41:04	2616.73	1260.97	-642.76	123.05	43.61	53.65
2022-06-23T09:41:06	2604.91	1269.82	-643.91	123.52	44.24	54.05
2022-06-23T09:41:08	2593.09	1278.66	-645.05	123.91	44.82	54.41
2022-06-23T09:41:10	2581.25	1287.50	-646.18	124.17	45.35	54.78
2022-06-23T09:41:12	2569.41	1296.33	-647.32	124.45	45.93	55.19
2022-06-23T09:41:14	2557.56	1305.16	-648.45	124.78	46.57	55.63
2022-06-23T09:41:16	2545.70	1313.99	-649.58	125.17	47.25	56.08
2022-06-23T09:41:18	2533.83	1322.81	-650.71	125.54	47.82	56.46
2022-06-23T09:41:20	2521.95	1331.63	-651.84	125.90	48.42	56.70
2022-06-23T09:41:22	2510.06	1340.44	-652.96	126.26	49.07	56.96
2022-06-23T09:41:24	2498.17	1349.25	-654.09	126.61	49.78	57.23
2022-06-23T09:41:26	2486.26	1358.05	-655.21	126.96	50.53	57.53
2022-06-23T09:41:28	2474.35	1366.85	-656.32	127.33	51.31	57.86
2022-06-23T09:41:30	2462.43	1375.64	-657.44	127.65	51.90	58.18
2022-06-23T09:41:32	2450.50	1384.43	-658.55	127.87	52.47	58.46
2022-06-23T09:41:34	2438.56	1393.21	-659.66	128.03	53.06	58.69
2022-06-23T09:41:36	2426.61	1401.99	-660.77	128.15	53.67	58.89
2022-06-23T09:41:38	2414.65	1410.76	-661.87	128.25	54.35	59.11
2022-06-23T09:41:40	2402.68	1419.53	-662.97	128.40	55.15	59.42
2022-06-23T09:41:42	2390.71	1428.30	-664.08	128.57	55.94	59.73
2022-06-23T09:41:44	2378.72	1437.05	-665.17	128.90	56.74	60.04
2022-06-23T09:41:46	2366.73	1445.80	-666.27	129.23	57.55	60.31
2022-06-23T09:41:48	2354.72	1454.55	-667.36	129.52	58.44	60.52
2022-06-23T09:41:50	2342.71	1463.29	-668.45	129.78	59.39	60.71
2022-06-23T09:41:52	2330.69	1472.03	-669.54	130.05	60.35	60.92
2022-06-23T09:41:54	2318.66	1480.76	-670.63	130.36	61.32	61.16
2022-06-23T09:41:56	2306.62	1489.48	-671.71	130.58	62.19	61.47
2022-06-23T09:41:58	2294.58	1498.20	-672.79	130.69	62.99	61.84
2022-06-23T09:42:00	2282.52	1506.91	-673.86	130.76	63.83	62.22
2022-06-23T09:42:02	2270.45	1515.62	-674.94	130.76	64.72	62.62
2022-06-23T09:42:04	2258.38	1524.32	-676.01	130.70	65.65	63.04
2022-06-23T09:42:06	2246.29	1533.01	-677.08	130.60	66.60	63.48
2022-06-23T09:42:08	2234.20	1541.70	-678.15	130.53	67.28	64.10
2022-06-23T09:42:10	2222.10	1550.38	-679.21	130.70	67.89	64.50
2022-06-23T09:42:12	2209.99	1559.06	-680.27	130.91	68.55	64.76
2022-06-23T09:42:14	2197.87	1567.73	-681.33	131.16	69.27	64.89
2022-06-23T09:42:16	2185.74	1576.39	-682.39	131.43	70.03	64.80
2022-06-23T09:42:18	2173.60	1585.05	-683.44	131.50	70.74	64.53
2022-06-23T09:42:20	2161.46	1593.70	-684.49	131.35	71.39	64.27
2022-06-23T09:42:22	2149.30	1602.34	-685.54	131.11	72.01	64.24
2022-06-23T09:42:24	2137.14	1610.98	-686.58	131.03	72.67	64.48
2022-06-23T09:42:26	2124.97	1619.61	-687.62	131.07	73.57	64.92
2022-06-23T09:42:28	2112.78	1628.23	-688.66	131.08	74.48	65.35
2022-06-23T09:42:30	2100.59	1636.85	-689.70	130.96	75.25	65.66
2022-06-23T09:42:32	2088.39	1645.46	-690.73	130.73	75.86	65.83
2022-06-23T09:42:34	2076.19	1654.06	-691.76	130.41	76.35	65.88
2022-06-23T09:42:36	2063.97	1662.66	-692.78	129.69	77.43	65.79
2022-06-23T09:42:38	2051.74	1671.25	-693.81	129.08	78.50	65.61
2022-06-23T09:42:40	2039.51	1679.83	-694.83	128.61	79.47	65.34
2022-06-23T09:42:42	2027.26	1688.41	-695.85	128.27	80.33	64.98
2022-06-23T09:42:44	2015.01	1696.97	-696.86	128.06	81.30	64.69
2022-06-23T09:42:46	2002.75	1705.53	-697.87	127.74	82.75	64.91
2022-06-23T09:42:48	1990.48	1714.09	-698.88	127.21	84.13	65.37
2022-06-23T09:42:50	1978.20	1722.63	-699.89	126.86	85.15	65.94
2022-06-23T09:42:52	1965.91	1731.17	-700.89	126.75	86.05	66.46
2022-06-23T09:42:54	1953.62	1739.70	-701.89	126.75	86.81	66.90
2022-06-23T09:42:56	1941.31	1748.22	-702.89	126.55	87.61	67.16
2022-06-23T09:42:58	1929.00	1756.74	-703.88	126.14	88.49	67.25
2022-06-23T09:43:00	1916.68	1765.24	-704.87	125.55	89.42	67.19
2022-06-23T09:43:02	1904.35	1773.74	-705.86	124.86	90.53	67.16
2022-06-23T09:43:04	1892.01	1782.23	-706.84	124.62	91.51	67.34
2022-06-23T09:43:06	1879.66	1790.72	-707.82	124.33	92.58	67.39
2022-06-23T09:43:08	1867.31	1799.19	-708.80	124.01	93.76	67.32
2022-06-23T09:43:10	1854.94	1807.66	-709.77	123.65	95.06	67.14
2022-06-23T09:43:12	1842.57	1816.12	-710.75	123.57	96.41	67.05
2022-06-23T09:43:14	1830.19	1824.57	-711.71	123.97	97.58	67.24
2022-06-23T09:43:16	1817.80	1833.01	-712.68	124.19	98.30	67.50
2022-06-23T09:43:18	1805.40	1841.44	-713.64	124.04	98.85	67.82
2022-06-23T09:43:20	1792.99	1849.87	-714.60	123.55	99.35	68.17
2022-06-23T09:43:22	1780.58	1858.28	-715.55	122.79	100.18	68.75
2022-06-23T09:43:24	1768.16	1866.69	-716.50	122.30	101.29	69.55
2022-06-23T09:43:26	1755.72	1875.09	-717.45	122.13	102.56	70.49
2022-06-23T09:43:28	1743.29	1883.48	-718.39	122.28	103.98	71.57
2022-06-23T09:43:30	1730.84	1891.87	-719.33	121.93	105.08	71.96
2022-06-23T09:43:32	1718.38	1900.24	-720.27	120.41	105.72	71.25
2022-06-23T09:43:34	1705.92	1908.60	-721.21	119.10	106.37	70.65
2022-06-23T09:43:36	1693.45	1916.96	-722.14	118.01	107.01	70.16
2022-06-23T09:43:38	1680.97	1925.30	-723.07	117.13	107.65	69.76
2022-06-23T09:43:40	1668.48	1933.64	-723.99	116.76	108.39	69.58
2022-06-23T09:43:42	1655.99	1941.97	-724.91	116.67	109.35	69.52
2022-06-23T09:43:44	1643.49	1950.29	-725.83	116.35	110.56	69.78
2022-06-23T09:43:46	1630.98	1958.60	-726.74	115.86	111.74	70.09
2022-06-23T09:43:48	1618.46	1966.90	-727.65	115.19	112.89	70.47
2022-06-23T09:43:50	1605.93	1975.19	-728.56	114.22	114.01	70.23
2022-06-23T09:43:52	1593.40	1983.48	-729.46	113.28	115.08	69.79
2022-06-23T09:43:54	1580.86	1991.75	-730.37	112.42	116.13	69.21
2022-06-23T09:43:56	1568.31	2000.01	-731.26	111.69	117.12	68.54
2022-06-23T09:43:58	1555.76	2008.27	-732.16	111.08	118.08	68.73
2022-06-23T09:44:00	1543.20	2016.51	-733.04	110.27	119.27	69.55
2022-06-23T09:44:02	1530.62	2024.75	-733.93	109.54	120.47	70.24
2022-06-23T09:44:04	1518.05	2032.97	-734.81	108.91	121.67	70.79
2022-06-23T09:44:06	1505.46	2041.19	-735.69	108.38	122.87	71.19
2022-06-23T09:44:08	1492.87	2049.40	-736.57	107.70	123.45	71.65
2022-06-23T09:44:10	1480.27	2057.59	-737.44	106.74	123.82	72.08
2022-06-23T09:44:12	1467.66	2065.77	-738.31	105.81	124.29	72.38
2022-06-23T09:44:14	1455.05	2073.95	-739.18	105.09	124.97	72.80
2022-06-23T09:44:16	1442.43	2082.12	-740.04	104.64	125.90	73.19
2022-06-23T09:44:18	1429.80	2090.27	-740.89	104.25	126.93	73.24
2022-06-23T09:44:20	1417.17	2098.42	-741.75	103.61	127.79	73.17
2022-06-23T09:44:22	1404.53	2106.56	-742.60	102.73	128.50	72.98
2022-06-23T09:44:24	1391.88	2114.69	-743.45	101.66	129.06	72.71
2022-06-23T09:44:26	1379.23	2122.80	-744.29	100.68	129.11	72.95
2022-06-23T09:44:28	1366.57	2130.91	-745.13	99.76	129.37	73.25
2022-06-23T09:44:30	1353.90	2139.01	-745.97	98.92	129.99	73.51
2022-06-23T09:44:32	1341.23	2147.09	-746.80	98.15	130.96	73.72
2022-06-23T09:44:34	1328.55	2155.17	-747.63	97.58	132.15	73.82
2022-06-23T09:44:36	1315.86	2163.23	-748.46	97.30	132.90	73.75
2022-06-23T09:44:38	1303.17	2171.29	-749.28	96.88	133.37	73.63
2022-06-23T09:44:40	1290.47	2179.33	-750.10	96.32	133.46	73.63
2022-06-23T09:44:42	1277.77	2187.37	-750.91	95.69	133.67	73.76
2022-06-23T09:44:44	1265.05	2195.39	-751.72	94.95	134.10	74.35
2022-06-23T09:44:46	1252.34	2203.41	-752.53	94.17	134.56	75.07
2022-06-23T09:44:48	1239.62	2211.41	-753.34	93.36	135.01	75.84
2022-06-23T09:44:50	1226.89	2219.40	-754.14	92.50	135.43	76.63
2022-06-23T09:44:52	1214.15	2227.38	-754.94	91.49	135.67	77.17
2022-06-23T09:44:54	1201.41	2235.35	-755.73	90.28	135.40	76.62
2022-06-23T09:44:56	1188.67	2243.31	-756.52	89.31	135.40	76.16
2022-06-23T09:44:58	1175.91	2251.27	-757.31	88.57	135.66	75.77
2022-06-23T09:45:00	1163.16	2259.21	-758.09	88.06	136.17	75.46
2022-06-23T09:45:02	1150.39	2267.13	-758.87	87.45	136.88	75.73
2022-06-23T09:45:04	1137.63	2275.05	-759.65	86.62	137.41	76.18
2022-06-23T09:45:06	1124.85	2282.96	-760.42	85.61	137.73	76.68
2022-06-23T09:45:08	1112.07	2290.86	-761.18	84.39	137.72	77.26
2022-06-23T09:45:10	1099.29	2298.74	-761.95	83.20	137.65	77.84
2022-06-23T09:45:12	1086.50	2306.62	-762.71	82.15	137.69	78.24
2022-06-23T09:45:14	1073.71	2314.48	-763.47	81.15	137.94	78.51
2022-06-23T09:45:16	1060.91	2322.34	-764.23	80.22	138.40	78.64
2022-06-23T09:45:18	1048.10	2330.18	-764.97	79.35	139.07	78.65
2022-06-23T09:45:20	1035.30	2338.02	-765.72	78.43	139.13	78.27
2022-06-23T09:45:22	1022.48	2345.84	-766.46	77.58	138.81	77.94
2022-06-23T09:45:24	1009.66	2353.65	-767.20	76.83	138.33	77.79
2022-06-23T09:45:26	996.84	2361.45	-767.94	76.07	137.80	77.72
2022-06-23T09:45:28	984.01	2369.24	-768.68	75.33	137.47	77.91
2022-06-23T09:45:30	971.18	2377.02	-769.41	74.55	137.64	78.33
2022-06-23T09:45:32	958.35	2384.78	-770.13	73.71	137.87	78.67
2022-06-23T09:45:34	945.50	2392.54	-770.85	72.81	138.18	78.91
2022-06-23T09:45:36	932.66	2400.29	-771.57	71.89	138.55	79.06
2022-06-23T09:45:38	919.81	2408.02	-772.29	71.07	138.47	79.17
2022-06-23T09:45:40	906.96	2415.75	-773.00	70.25	138.28	79.25
2022-06-23T09:45:42	894.10	2423.46	-773.71	69.41	138.03	79.32
2022-06-23T09:45:44	881.24	2431.16	-774.41	68.57	137.71	79.38
2022-06-23T09:45:46	868.37	2438.86	-775.11	67.80	137.50	79.51
2022-06-23T09:45:48	855.51	2446.54	-775.81	67.09	137.51	79.73
2022-06-23T09:45:50	842.63	2454.21	-776.51	66.34	137.59	79.95
2022-06-23T09:45:52	829.76	2461.86	-777.20	65.52	137.73	80.10
2022-06-23T09:45:54	816.88	2469.51	-777.89	64.61	137.68	80.18
2022-06-23T09:45:56	803.99	2477.15	-778.57	63.51	137.03	80.16
2022-06-23T09:45:58	791.10	2484.78	-779.25	62.45	136.40	80.16
2022-06-23T09:46:00	778.21	2492.39	-779.93	61.44	135.78	80.19
2022-06-23T09:46:02	765.32	2500.00	-780.60	60.49	135.19	80.25
2022-06-23T09:46:04	752.42	2507.59	-781.27	59.61	134.86	80.43
2022-06-23T09:46:06	739.52	2515.18	-781.94	58.82	134.80	80.69
2022-06-23T09:46:08	726.62	2522.75	-782.61	58.19	134.85	80.98
2022-06-23T09:46:10	713.71	2530.31	-783.27	57.62	134.68	81.25
2022-06-23T09:46:12	700.80	2537.86	-783.92	57.07	134.34	81.47
2022-06-23T09:46:14	687.89	2545.41	-784.58	56.41	134.09	81.62
2022-06-23T09:46:16	674.97	2552.93	-785.23	55.75	133.90	81.82
2022-06-23T09:46:18	662.05	2560.45	-785.88	55.10	133.77	82.07
2022-06-23T09:46:20	649.14	2567.96	-786.52	54.47	133.70	82.38
2022-06-23T09:46:22	636.21	2575.46	-787.16	53.40	133.20	82.50
2022-06-23T09:46:24	623.28	2582.95	-787.80	52.23	132.60	82.42
2022-06-23T09:46:26	610.35	2590.42	-788.43	51.17	132.12	82.23
2022-06-23T09:46:28	597.42	2597.89	-789.06	50.22	131.76	81.91
2022-06-23T09:46:30	584.49	2605.34	-789.69	49.43	131.50	81.65
2022-06-23T09:46:32	571.55	2612.79	-790.32	48.74	131.27	81.72
2022-06-23T09:46:34	558.61	2620.22	-790.94	48.05	131.08	81.81
2022-06-23T09:46:36	545.67	2627.65	-791.56	47.36	130.92	81.94
2022-06-23T09:46:38	532.73	2635.06	-792.17	46.79	130.50	82.35
2022-06-23T09:46:40	519.79	2642.46	-792.78	46.09	129.88	82.93
2022-06-23T09:46:42	506.84	2649.85	-793.39	45.24	129.18	83.38
2022-06-23T09:46:44	493.89	2657.24	-794.00	44.24	128.43	83.66
2022-06-23T09:46:46	480.94	2664.61	-794.60	43.08	127.61	83.78
2022-06-23T09:46:48	467.98	2671.97	-795.20	42.06	126.64	83.75
2022-06-23T09:46:50	455.03	2679.32	-795.79	41.40	125.60	83.70
2022-06-23T09:46:52	442.07	2686.66	-796.39	40.91	124.73	83.68
2022-06-23T09:46:54	429.11	2693.99	-796.98	40.51	124.17	83.77
2022-06-23T09:46:56	416.15	2701.31	-797.56	40.08	123.69	83.91
2022-06-23T09:46:58	403.19	2708.61	-798.15	39.47	123.30	84.00
2022-06-23T09:47:00	390.23	2715.92	-798.73	38.80	122.87	84.12
2022-06-23T09:47:02	377.27	2723.20	-799.30	38.09	122.43	84.27
2022-06-23T09:47:04	364.30	2730.48	-799.88	37.33	121.95	84.45
2022-06-23T09:47:06	351.33	2737.75	-800.45	36.88	121.53	84.74
2022-06-23T09:47:08	338.36	2745.01	-801.02	36.72	121.09	85.01
2022-06-23T09:47:10	325.40	2752.25	-801.59	36.43	120.46	85.14
2022-06-23T09:47:12	312.42	2759.49	-802.15	35.94	119.70	85.24
2022-06-23T09:47:14	299.45	2766.72	-802.71	35.19	118.75	85.29
2022-06-23T09:47:16	286.48	2773.94	-803.27	34.24	117.54	85.35
2022-06-23T09:47:18	273.51	2781.15	-803.82	33.39	116.27	85.48
2022-06-23T09:47:20	260.53	2788.34	-804.37	32.63	114.96	85.68
2022-06-23T09:47:22	247.56	2795.53	-804.92	31.98	113.61	85.94
2022-06-23T09:47:24	234.58	2802.71	-805.47	31.56	113.24	86.16
2022-06-23T09:47:26	221.60	2809.88	-806.01	31.31	113.32	86.38
2022-06-23T09:47:28	208.62	2817.04	-806.55	31.10	113.38	86.62
2022-06-23T09:47:30	195.64	2824.19	-807.09	30.93	113.41	86.88
2022-06-23T09:47:32	182.66	2831.33	-807.62	30.75	113.26	87.07
2022-06-23T09:47:34	169.68	2838.46	-808.15	30.45	112.82	87.13
2022-06-23T09:47:36	156.70	2845.58	-808.68	30.06	112.24	87.16
2022-06-23T09:47:38	143.72	2852.69	-809.21	29.61	111.53	87.17
2022-06-23T09:47:40	130.74	2859.79	-809.73	29.08	110.73	87.17
2022-06-23T09:47:42	117.76	2866.88	-810.25	28.46	110.07	87.37
2022-06-23T09:47:44	104.78	2873.96	-810.77	27.91	109.36	87.59
2022-06-23T09:47:46	91.79	2881.03	-811.28	27.45	108.60	87.83
2022-06-23T09:47:48	78.81	2888.10	-811.80	27.06	107.79	88.09
2022-06-23T09:47:50	65.83	2895.15	-812.31	26.71	107.10	88.21
2022-06-23T09:47:52	52.84	2902.19	-812.81	26.33	106.57	88.21
2022-06-23T09:47:54	39.86	2909.23	-813.32	25.94	106.11	88.20
2022-06-23T09:47:56	26.88	2916.25	-813.82	25.56	105.74	88.18
2022-06-23T09:47:58	13.89	2923.27	-814.32	25.24	105.30	88.23
2022-06-23T09:48:00	0.91	2930.28	-814.82	25.03	104.39	88.44
2022-06-23T09:48:02	-12.08	2937.28	-815.31	24.83	103.53	88.68
2022-06-23T09:48:04	-25.06	2944.27	-815.80	24.64	102.71	88.98
2022-06-23T09:48:06	-38.04	2951.25	-816.29	24.45	101.95	89.32
2022-06-23T09:48:08	-51.03	2958.22	-816.78	23.92	101.32	89.62
2022-06-23T09:48:10	-64.01	2965.18	-817.26	23.27	100.67	89.84
2022-06-23T09:48:12	-76.99	2972.13	-817.75	22.60	99.96	89.98
2022-06-23T09:48:14	-89.97	2979.08	-818.22	22.04	99.23	90.04
2022-06-23T09:48:16	-102.96	2986.01	-818.70	21.77	98.58	90.11
2022-06-23T09:48:18	-115.94	2992.94	-819.18	21.74	98.04	90.20
2022-06-23T09:48:20	-128.92	2999.86	-819.65	21.68	97.42	90.25
2022-06-23T09:48:22	-141.90	3006.77	-820.12	21.58	96.73	90.28
2022-06-23T09:48:24	-154.88	3013.67	-820.59	21.45	95.98	90.28
2022-06-23T09:48:26	-167.87	3020.56	-821.05	21.27	95.12	90.48
2022-06-23T09:48:28	-180.85	3027.44	-821.51	21.13	94.26	90.79
2022-06-23T09:48:30	-193.82	3034.32	-821.97	20.91	93.68	91.16
2022-06-23T09:48:32	-206.80	3041.18	-822.43	20.72	93.11	91.51
2022-06-23T09:48:34	-219.78	3048.04	-822.89	20.34	92.61	91.51
2022-06-23T09:48:36	-232.76	3054.89	-823.34	19.87	92.18	91.28
2022-06-23T09:48:38	-245.74	3061.73	-823.79	19.47	91.78	91.02
2022-06-23T09:48:40	-258.71	3068.56	-824.24	19.14	91.40	90.74
2022-06-23T09:48:42	-271.69	3075.39	-824.69	18.92	90.98	90.49
2022-06-23T09:48:44	-284.67	3082.20	-825.13	18.96	90.28	90.48
2022-06-23T09:48:46	-297.64	3089.01	-825.57	19.00	89.56	90.56
2022-06-23T09:48:48	-310.61	3095.81	-826.02	19.00	88.87	90.68
2022-06-23T09:48:50	-323.58	3102.60	-826.45	18.95	88.21	90.75
2022-06-23T09:48:52	-336.56	3109.38	-826.89	18.99	87.73	90.91
2022-06-23T09:48:54	-349.53	3116.16	-827.32	19.08	87.27	91.16
2022-06-23T09:48:56	-362.50	3122.92	-827.75	19.19	86.78	91.45
2022-06-23T09:48:58	-375.46	3129.68	-828.18	19.33	86.28	91.80
2022-06-23T09:49:00	-388.43	3136.44	-828.61	19.38	85.65	92.11
2022-06-23T09:49:02	-401.40	3143.18	-829.03	19.29	84.82	92.26
2022-06-23T09:49:04	-414.37	3149.92	-829.46	19.28	84.03	92.15
2022-06-23T09:49:06	-427.33	3156.64	-829.88	19.34	83.20	92.09
2022-06-23T09:49:08	-440.29	3163.36	-830.30	19.47	82.32	92.09
2022-06-23T09:49:10	-453.26	3170.07	-830.72	19.40	82.09	92.04
2022-06-23T09:49:12	-466.22	3176.78	-831.13	19.26	81.90	92.07
2022-06-23T09:49:14	-479.18	3183.48	-831.54	19.07	81.71	92.16
2022-06-23T09:49:16	-492.14	3190.17	-831.95	18.83	81.52	92.33
2022-06-23T09:49:18	-505.09	3196.85	-832.36	18.75	80.99	92.37
2022-06-23T09:49:20	-518.05	3203.52	-832.77	18.82	79.91	92.08
2022-06-23T09:49:22	-531.01	3210.19	-833.17	18.87	78.74	91.65
2022-06-23T09:49:24	-543.96	3216.85	-833.58	18.91	77.65	91.22
2022-06-23T09:49:26	-556.91	3223.50	-833.98	18.86	76.56	90.78
2022-06-23T09:49:28	-569.87	3230.15	-834.38	18.05	75.01	90.57
2022-06-23T09:49:30	-582.82	3236.78	-834.77	17.13	73.56	90.53
2022-06-23T09:49:32	-595.77	3243.41	-835.17	16.12	72.21	90.67
2022-06-23T09:49:34	-608.71	3250.04	-835.56	15.00	70.94	90.99
2022-06-23T09:49:36	-621.66	3256.65	-835.95	14.36	69.83	90.57
2022-06-23T09:49:38	-634.60	3263.26	-836.34	14.46	68.55	89.68
2022-06-23T09:49:40	-647.55	3269.86	-836.73	14.64	67.55	88.99
2022-06-23T09:49:42	-660.49	3276.46	-837.12	14.88	66.82	88.50
2022-06-23T09:49:44	-673.43	3283.04	-837.50	15.11	66.12	88.24
2022-06-23T09:49:46	-686.37	3289.63	-837.88	15.06	64.82	88.10
2022-06-23T09:49:48	-699.31	3296.20	-838.26	14.90	63.40	87.88
2022-06-23T09:49:50	-712.24	3302.76	-838.65	14.61	61.87	87.61
2022-06-23T09:49:52	-725.18	3309.33	-839.02	14.21	60.22	87.29
2022-06-23T09:49:54	-738.11	3315.88	-839.40	13.55	59.25	87.55
2022-06-23T09:49:56	-751.04	3322.42	-839.77	12.52	58.50	87.86
2022-06-23T09:49:58	-763.97	3328.97	-840.14	11.56	57.76	88.20
2022-06-23T09:50:00	-776.90	3335.50	-840.51	10.67	57.02	88.58
2022-06-23T09:50:02	-789.83	3342.02	-840.88	9.89	56.38	88.92
2022-06-23T09:50:04	-802.75	3348.54	-841.25	9.11	55.81	89.08
2022-06-23T09:50:06	-815.67	3355.06	-841.61	8.26	55.14	89.14
2022-06-23T09:50:08	-828.60	3361.56	-841.98	7.34	54.37	89.08
2022-06-23T09:50:10	-841.52	3368.06	-842.34	6.32	53.49	88.88
2022-06-23T09:50:12	-854.44	3374.55	-842.70	4.43	51.23	85.96
2022-06-23T09:50:14	-867.35	3381.04	-843.06	2.57	48.81	82.66
2022-06-23T09:50:16	-880.27	3387.52	-843.42	0.82	46.50	79.60
2022-06-23T09:50:18	-893.18	3394.00	-843.77	-0.81	44.29	76.77
2022-06-23T09:50:20	-906.09	3400.46	-844.13	-1.69	42.71	74.63
2022-06-23T09:50:22	-919.00	3406.93	-844.48	-2.01	41.34	72.87
2022-06-23T09:50:24	-931.91	3413.38	-844.83	-2.21	39.79	71.14
2022-06-23T09:50:26	-944.82	3419.83	-845.18	-2.29	38.06	69.45
2022-06-23T09:50:28	-957.73	3426.27	-845.53	-2.44	36.14	67.77
2022-06-23T09:50:30	-970.63	3432.71	-845.87	-3.80	34.56	66.44
2022-06-23T09:50:32	-983.53	3439.14	-846.22	-5.02	33.22	65.24
2022-06-23T09:50:34	-996.43	3445.57	-846.56	-5.97	31.95	63.95
2022-06-23T09:50:36	-1009.33	3451.99	-846.90	-6.64	30.73	62.56
2022-06-23T09:50:38	-1022.23	3458.40	-847.24	-6.70	29.31	61.31
2022-06-23T09:50:40	-1035.12	3464.80	-847.58	-6.66	27.84	60.04
2022-06-23T09:50:42	-1048.01	3471.20	-847.92	-6.70	26.44	58.69
2022-06-23T09:50:44	-1060.90	3477.60	-848.25	-6.81	25.08	57.28
2022-06-23T09:50:46	-1073.79	3483.99	-848.59	-7.27	23.72	55.64
2022-06-23T09:50:48	-1086.68	3490.37	-848.92	-8.60	21.97	53.45
2022-06-23T09:50:50	-1099.56	3496.75	-849.25	-9.94	20.27	51.30
2022-06-23T09:50:52	-1112.45	3503.12	-849.58	-11.25	18.72	49.25
2022-06-23T09:50:54	-1125.33	3509.49	-849.91	-12.52	17.31	47.30
2022-06-23T09:50:56	-1138.21	3515.85	-850.24	-13.06	16.51	45.51
2022-06-23T09:50:58	-1151.09	3522.21	-850.57	-13.37	15.89	43.80
2022-06-23T09:51:00	-1163.96	3528.55	-850.89	-13.56	15.34	42.18
2022-06-23T09:51:02	-1176.84	3534.90	-851.21	-13.62	14.87	40.64
2022-06-23T09:51:04	-1189.71	3541.24	-851.54	-13.41	14.66	39.46
2022-06-23T09:51:06	-1202.58	3547.57	-851.86	-12.95	14.88	38.85
2022-06-23T09:51:08	-1215.45	3553.89	-852.17	-12.44	15.15	38.38
2022-06-23T09:51:10	-1228.32	3560.22	-852.49	-11.91	15.46	38.01
2022-06-23T09:51:12	-1241.18	3566.53	-852.81	-11.34	15.80	37.75
2022-06-23T09:51:14	-1254.04	3572.84	-853.13	-10.48	14.79	36.66
2022-06-23T09:51:16	-1266.90	3579.15	-853.44	-9.80	13.82	35.39
2022-06-23T09:51:18	-1279.76	3585.45	-853.75	-9.29	12.95	33.98
2022-06-23T09:51:20	-1292.62	3591.75	-854.07	-8.95	12.16	32.43
2022-06-23T09:51:22	-1305.48	3598.03	-854.38	-9.14	11.23	30.75
2022-06-23T09:51:24	-1318.33	3604.32	-854.68	-9.40	10.01	29.23
2022-06-23T09:51:26	-1331.18	3610.60	-854.99	-9.49	8.88	27.95
2022-06-23T09:51:28	-1344.03	3616.87	-855.30	-9.52	7.87	26.84
2022-06-23T09:51:30	-1356.88	3623.14	-855.60	-9.45	7.06	25.98
2022-06-23T09:51:32	-1369.72	3629.40	-855.91	-9.11	7.03	25.93
2022-06-23T09:51:34	-1382.57	3635.67	-856.21	-8.79	6.97	25.82
2022-06-23T09:51:36	-1395.41	3641.92	-856.51	-8.49	6.89	25.66
2022-06-23T09:51:38	-1408.25	3648.17	-856.81	-8.21	6.78	25.44
2022-06-23T09:51:40	-1421.09	3654.41	-857.11	-7.56	6.84	24.89
2022-06-23T09:51:42	-1433.92	3660.65	-857.41	-6.66	6.80	24.13
2022-06-23T09:51:44	-1446.76	3666.89	-857.71	-5.93	6.61	23.48
2022-06-23T09:51:46	-1459.59	3673.11	-858.00	-5.38	6.38	22.92
2022-06-23T09:51:48	-1472.42	3679.34	-858.30	-5.07	6.13	22.56
2022-06-23T09:51:50	-1485.25	3685.56	-858.59	-5.08	5.95	22.65
2022-06-23T09:51:52	-1498.07	3691.77	-858.88	-4.99	5.80	22.78
2022-06-23T09:51:54	-1510.89	3697.98	-859.18	-4.79	5.67	22.95
2022-06-23T09:51:56	-1523.72	3704.19	-859.47	-4.50	5.57	23.15
2022-06-23T09:51:58	-1536.54	3710.39	-859.76	-4.20	5.75	23.28
2022-06-23T09:52:00	-1549.36	3716.58	-860.04	-4.01	6.24	23.34
2022-06-23T09:52:02	-1562.17	3722.78	-860.33	-3.95	6.90	23.39
2022-06-23T09:52:04	-1574.99	3728.96	-860.62	-3.86	7.49	23.41
2022-06-23T09:52:06	-1587.80	3735.14	-860.90	-3.84	7.98	23.24
2022-06-23T09:52:08	-1600.61	3741.32	-861.19	-4.03	8.33	22.55
2022-06-23T09:52:10	-1613.42	3747.50	-861.47	-4.16	8.63	21.77
2022-06-23T09:52:12	-1626.22	3753.66	-861.75	-4.23	8.86	20.91
2022-06-23T09:52:14	-1639.03	3759.83	-862.03	-4.24	9.04	19.96
2022-06-23T09:52:16	-1651.83	3765.99	-862.31	-4.07	9.26	19.01
2022-06-23T09:52:18	-1664.63	3772.14	-862.59	-3.78	9.63	18.10
2022-06-23T09:52:20	-1677.43	3778.29	-862.87	-3.42	10.00	17.37
2022-06-23T09:52:22	-1690.22	3784.44	-863.15	-3.06	10.29	16.86
2022-06-23T09:52:24	-1703.02	3790.58	-863.42	-2.73	10.53	16.70
2022-06-23T09:52:26	-1715.81	3796.72	-863.69	-2.49	10.84	16.89
2022-06-23T09:52:28	-1728.60	3802.85	-863.97	-2.28	11.19	17.02
2022-06-23T09:52:30	-1741.39	3808.98	-864.24	-2.12	11.57	17.10
2022-06-23T09:52:32	-1754.17	3815.11	-864.51	-1.99	11.99	17.12
2022-06-23T09:52:34	-1766.96	3821.23	-864.78	-2.02	12.24	17.01
2022-06-23T09:52:36	-1779.74	3827.34	-865.05	-2.16	12.48	16.85
2022-06-23T09:52:38	-1792.52	3833.45	-865.32	-2.29	12.72	16.54
2022-06-23T09:52:40	-1805.30	3839.56	-865.59	-2.37	12.99	16.14
2022-06-23T09:52:42	-1818.08	3845.67	-865.86	-2.35	13.18	15.73
2022-06-23T09:52:44	-1830.85	3851.77	-866.12	-2.17	13.21	15.41
2022-06-23T09:52:46	-1843.62	3857.86	-866.39	-1.99	13.22	15.10
2022-06-23T09:52:48	-1856.39	3863.95	-866.65	-1.79	13.22	14.79
2022-06-23T09:52:50	-1869.16	3870.04	-866.91	-1.57	13.20	14.50
2022-06-23T09:52:52	-1881.93	3876.12	-867.18	-1.56	13.33	14.41
2022-06-23T09:52:54	-1894.69	3882.20	-867.44	-1.56	13.51	14.36
2022-06-23T09:52:56	-1907.46	3888.28	-867.70	-1.53	13.68	14.38
2022-06-23T09:52:58	-1920.22	3894.35	-867.96	-1.48	13.83	14.45
2022-06-23T09:53:00	-1932.98	3900.42	-868.22	-1.40	13.89	14.49
2022-06-23T09:53:02	-1945.73	3906.48	-868.47	-1.31	13.87	14.60
2022-06-23T09:53:04	-1958.49	3912.54	-868.73	-1.24	13.84	14.80
2022-06-23T09:53:06	-1971.24	3918.60	-868.99	-1.20	13.79	15.08
2022-06-23T09:53:08	-1983.99	3924.65	-869.25	-1.19	13.73	15.45
2022-06-23T09:53:10	-1996.74	3930.70	-869.50	-1.27	13.37	15.63
2022-06-23T09:53:12	-2009.49	3936.74	-869.75	-1.33	12.95	15.80
2022-06-23T09:53:14	-2022.23	3942.79	-870.00	-1.38	12.49	15.97
2022-06-23T09:53:16	-2034.97	3948.83	-870.26	-1.76	11.94	15.98
2022-06-23T09:53:18	-2047.71	3954.86	-870.51	-2.35	11.38	15.89
2022-06-23T09:53:20	-2060.45	3960.89	-870.76	-3.12	10.82	15.68
2022-06-23T09:53:22	-2073.19	3966.91	-871.01	-3.90	10.24	15.37
2022-06-23T09:53:24	-2085.93	3972.94	-871.26	-4.68	9.65	14.95
2022-06-23T09:53:26	-2098.66	3978.96	-871.50	-5.48	9.05	14.43
2022-06-23T09:53:28	-2111.39	3984.97	-871.75	-5.94	9.01	14.11
2022-06-23T09:53:30	-2124.12	3990.98	-872.00	-6.31	9.09	13.90
2022-06-23T09:53:32	-2136.85	3996.99	-872.24	-6.62	9.25	13.79
2022-06-23T09:53:34	-2149.57	4003.00	-872.49	-6.83	9.53	13.90
2022-06-23T09:53:36	-2162.30	4009.00	-872.73	-6.93	9.56	14.21
2022-06-23T09:53:38	-2175.02	4015.00	-872.97	-6.99	9.23	14.46
2022-06-23T09:53:40	-2187.74	4020.99	-873.22	-7.09	8.86	14.69
2022-06-23T09:53:42	-2200.46	4026.98	-873.46	-7.25	8.45	14.90
2022-06-23T09:53:44	-2213.17	4032.97	-873.70	-7.46	8.00	15.09
2022-06-23T09:53:46	-2225.89	4038.95	-873.94	-7.56	7.68	15.73
2022-06-23T09:53:48	-2238.60	4044.93	-874.18	-7.68	7.34	16.35
2022-06-23T09:53:50	-2251.31	4050.91	-874.42	-7.83	6.98	16.90
2022-06-23T09:53:52	-2264.01	4056.88	-874.65	-8.01	6.59	17.39
2022-06-23T09:53:54	-2276.72	4062.85	-874.89	-8.04	6.13	17.79
2022-06-23T09:53:56	-2289.43	4068.82	-875.13	-8.11	5.62	18.08
2022-06-23T09:53:58	-2302.13	4074.79	-875.36	-8.18	5.18	18.33
2022-06-23T09:54:00	-2314.83	4080.74	-875.60	-8.24	4.81	18.52
2022-06-23T09:54:02	-2327.53	4086.70	-875.83	-8.30	4.52	18.67
2022-06-23T09:54:04	-2340.23	4092.66	-876.07	-8.52	4.45	18.52
2022-06-23T09:54:06	-2352.92	4098.61	-876.30	-8.83	4.28	18.39
2022-06-23T09:54:08	-2365.61	4104.56	-876.53	-9.23	4.00	18.30
2022-06-23T09:54:10	-2378.30	4110.50	-876.76	-9.71	3.61	18.25
2022-06-23T09:54:12	-2390.99	4116.44	-876.99	-9.96	3.32	18.24
2022-06-23T09:54:14	-2403.68	4122.38	-877.22	-9.73	3.36	18.23
2022-06-23T09:54:16	-2416.37	4128.31	-877.45	-9.51	3.44	18.19
2022-06-23T09:54:18	-2429.05	4134.25	-877.68	-9.30	3.56	18.11
2022-06-23T09:54:20	-2441.73	4140.17	-877.91	-9.11	3.72	18.01
2022-06-23T09:54:22	-2454.41	4146.10	-878.14	-8.80	3.86	18.14
2022-06-23T09:54:24	-2467.09	4152.02	-878.37	-8.51	3.94	18.29
2022-06-23T09:54:26	-2479.76	4157.94	-878.59	-8.26	3.95	18.44
2022-06-23T09:54:28	-2492.44	4163.86	-878.81	-8.04	3.89	18.59
2022-06-23T09:54:30	-2505.11	4169.77	-879.04	-7.88	3.81	18.83
2022-06-23T09:54:32	-2517.78	4175.68	-879.27	-7.86	3.68	19.25
2022-06-23T09:54:34	-2530.45	4181.59	-879.49	-7.94	3.51	19.72
2022-06-23T09:54:36	-2543.12	4187.50	-879.71	-8.06	3.33	20.20
2022-06-23T09:54:38	-2555.78	4193.40	-879.93	-8.22	3.14	20.70
2022-06-23T09:54:40	-2568.45	4199.29	-880.16	-8.81	3.29	20.88
2022-06-23T09:54:42	-2581.11	4205.19	-880.38	-9.49	3.45	20.93
2022-06-23T09:54:44	-2593.77	4211.08	-880.60	-10.21	3.59	20.87
2022-06-23T09:54:46	-2606.43	4216.97	-880.82	-10.98	3.72	20.69
2022-06-23T09:54:48	-2619.08	4222.86	-881.04	-11.71	3.73	20.55
2022-06-23T09:54:50	-2631.74	4228.74	-881.25	-12.30	3.62	20.67
2022-06-23T09:54:52	-2644.39	4234.62	-881.47	-12.67	3.61	20.78
2022-06-23T09:54:54	-2657.04	4240.51	-881.69	-13.00	3.62	20.94
2022-06-23T09:54:56	-2669.69	4246.38	-881.91	-13.28	3.65	21.18
2022-06-23T09:54:58	-2682.33	4252.25	-882.12	-13.63	3.28	21.43
2022-06-23T09:55:00	-2694.98	4258.12	-882.34	-14.08	2.81	21.77
2022-06-23T09:55:02	-2707.62	4263.99	-882.55	-14.63	2.30	22.20
2022-06-23T09:55:04	-2720.26	4269.86	-882.77	-15.29	1.75	22.70
2022-06-23T09:55:06	-2732.90	4275.72	-882.98	-15.75	1.25	23.05
2022-06-23T09:55:08	-2745.54	4281.58	-883.20	-15.67	0.93	22.97
2022-06-23T09:55:10	-2758.18	4287.43	-883.41	-15.45	0.62	22.76
2022-06-23T09:55:12	-2770.81	4293.29	-883.62	-15.08	0.34	22.19
2022-06-23T09:55:14	-2783.44	4299.14	-883.83	-14.75	0.13	21.65
2022-06-23T09:55:16	-2796.07	4304.99	-884.04	-14.86	0.16	21.14
2022-06-23T09:55:18	-2808.70	4310.83	-884.25	-15.04	0.20	20.74
2022-06-23T09:55:20	-2821.33	4316.68	-884.46	-15.21	0.22	20.46
2022-06-23T09:55:22	-2833.96	4322.52	-884.67	-15.36	0.21	20.30
2022-06-23T09:55:24	-2846.58	4328.36	-884.88	-15.49	0.22	20.18
2022-06-23T09:55:26	-2859.20	4334.19	-885.09	-15.61	0.40	19.93
2022-06-23T09:55:28	-2871.82	4340.02	-885.30	-15.72	0.65	19.67
2022-06-23T09:55:30	-2884.44	4345.85	-885.51	-15.77	0.93	19.31
2022-06-23T09:55:32	-2897.06	4351.68	-885.71	-15.73	1.18	18.88
2022-06-23T09:55:34	-2909.67	4357.51	-885.92	-15.74	1.19	18.40
2022-06-23T09:55:36	-2922.29	4363.33	-886.13	-15.84	1.15	17.98
2022-06-23T09:55:38	-2934.90	4369.15	-886.33	-16.00	1.16	17.63
2022-06-23T09:55:40	-2947.51	4374.97	-886.53	-16.21	1.19	17.37
2022-06-23T09:55:42	-2960.12	4380.78	-886.74	-16.43	1.22	17.10
2022-06-23T09:55:44	-2972.72	4386.60	-886.94	-16.43	1.18	16.59
2022-06-23T09:55:46	-2985.33	4392.41	-887.14	-16.35	1.19	16.07
2022-06-23T09:55:48	-2997.93	4398.21	-887.35	-16.21	1.25	15.55
2022-06-23T09:55:50	-3010.53	4404.02	-887.55	-16.03	1.28	15.11
2022-06-23T09:55:52	-3023.13	4409.82	-887.75	-16.10	0.92	15.00
2022-06-23T09:55:54	-3035.73	4415.62	-887.96	-16.23	0.47	14.94
