Time	POS_X	POS_Y	POS_Z	B_X	B_Y	B_Z
2022-06-23T09:32:50	5334.52	-967.62	-325.79	81.08	-0.71	-6.51
2022-06-23T09:32:52	5324.07	-958.60	-327.13	81.09	-0.67	-6.47
2022-06-23T09:32:54	5313.62	-949.57	-328.48	81.11	-0.64	-6.43
2022-06-23T09:32:56	5303.16	-940.55	-329.82	81.13	-0.62	-6.40
2022-06-23T09:32:58	5292.70	-931.53	-331.17	81.15	-0.60	-6.37
2022-06-23T09:33:00	5282.24	-922.50	-332.52	81.18	-0.59	-6.35
2022-06-23T09:33:02	5271.78	-913.48	-333.86	81.19	-0.57	-6.30
2022-06-23T09:33:04	5261.31	-904.45	-335.21	81.20	-0.54	-6.23
2022-06-23T09:33:06	5250.84	-895.43	-336.55	81.21	-0.52	-6.17
2022-06-23T09:33:08	5240.37	-886.40	-337.90	81.22	-0.50	-6.10
2022-06-23T09:33:10	5229.89	-877.37	-339.24	81.23	-0.48	-6.04
2022-06-23T09:33:12	5219.41	-868.34	-340.59	81.24	-0.46	-5.98
2022-06-23T09:33:14	5208.93	-859.32	-341.93	81.22	-0.44	-5.90
2022-06-23T09:33:16	5198.45	-850.29	-343.28	81.20	-0.40	-5.83
2022-06-23T09:33:18	5187.96	-841.26	-344.62	81.19	-0.36	-5.76
2022-06-23T09:33:20	5177.47	-832.23	-345.97	81.19	-0.32	-5.69
2022-06-23T09:33:22	5166.97	-823.20	-347.31	81.19	-0.27	-5.62
2022-06-23T09:33:24	5156.47	-814.17	-348.65	81.18	-0.21	-5.55
2022-06-23T09:33:26	5145.97	-805.14	-350.00	81.15	-0.18	-5.47
2022-06-23T09:33:28	5135.47	-796.10	-351.34	81.11	-0.16	-5.40
2022-06-23T09:33:30	5124.96	-787.07	-352.68	81.07	-0.14	-5.33
2022-06-23T09:33:32	5114.45	-778.04	-354.02	81.04	-0.13	-5.26
2022-06-23T09:33:34	5103.94	-769.01	-355.37	81.02	-0.11	-5.19
2022-06-23T09:33:36	5093.42	-759.97	-356.71	81.01	-0.09	-5.13
2022-06-23T09:33:38	5082.90	-750.94	-358.05	81.02	-0.08	-5.06
2022-06-23T09:33:40	5072.38	-741.90	-359.39	81.03	-0.06	-4.99
2022-06-23T09:33:42	5061.85	-732.87	-360.73	81.06	-0.03	-4.91
2022-06-23T09:33:44	5051.32	-723.83	-362.07	81.08	-0.01	-4.83
2022-06-23T09:33:46	5040.79	-714.79	-363.42	81.09	0.01	-4.74
2022-06-23T09:33:48	5030.25	-705.76	-364.76	81.10	0.03	-4.65
2022-06-23T09:33:50	5019.71	-696.72	-366.10	81.12	0.03	-4.54
2022-06-23T09:33:52	5009.17	-687.68	-367.44	81.14	0.03	-4.44
2022-06-23T09:33:54	4998.62	-678.64	-368.78	81.15	0.03	-4.35
2022-06-23T09:33:56	4988.07	-669.60	-370.12	81.17	0.05	-4.26
2022-06-23T09:33:58	4977.52	-660.56	-371.46	81.18	0.07	-4.16
2022-06-23T09:34:00	4966.96	-651.52	-372.80	81.20	0.10	-4.06
2022-06-23T09:34:02	4956.40	-642.48	-374.13	81.22	0.12	-3.96
2022-06-23T09:34:04	4945.84	-633.44	-375.47	81.24	0.14	-3.86
2022-06-23T09:34:06	4935.27	-624.40	-376.81	81.28	0.17	-3.77
2022-06-23T09:34:08	4924.70	-615.36	-378.15	81.35	0.17	-3.69
2022-06-23T09:34:10	4914.13	-606.31	-379.49	81.41	0.18	-3.60
2022-06-23T09:34:12	4903.55	-597.27	-380.83	81.48	0.19	-3.51
2022-06-23T09:34:14	4892.97	-588.23	-382.16	81.54	0.19	-3.41
2022-06-23T09:34:16	4882.39	-579.18	-383.50	81.59	0.20	-3.32
2022-06-23T09:34:18	4871.80	-570.14	-384.84	81.64	0.19	-3.22
2022-06-23T09:34:20	4861.21	-561.09	-386.17	81.68	0.17	-3.12
2022-06-23T09:34:22	4850.61	-552.05	-387.51	81.74	0.15	-3.03
2022-06-23T09:34:24	4840.01	-543.00	-388.85	81.80	0.14	-2.94
2022-06-23T09:34:26	4829.41	-533.95	-390.18	81.88	0.13	-2.84
2022-06-23T09:34:28	4818.81	-524.91	-391.52	81.96	0.13	-2.76
2022-06-23T09:34:30	4808.20	-515.86	-392.85	82.01	0.15	-2.67
2022-06-23T09:34:32	4797.58	-506.81	-394.19	82.04	0.18	-2.58
2022-06-23T09:34:34	4786.97	-497.76	-395.52	82.07	0.21	-2.49
2022-06-23T09:34:36	4776.35	-488.72	-396.86	82.11	0.24	-2.39
2022-06-23T09:34:38	4765.72	-479.67	-398.19	82.14	0.28	-2.30
2022-06-23T09:34:40	4755.09	-470.62	-399.52	82.21	0.29	-2.19
2022-06-23T09:34:42	4744.46	-461.57	-400.86	82.29	0.30	-2.06
2022-06-23T09:34:44	4733.82	-452.52	-402.19	82.38	0.28	-1.93
2022-06-23T09:34:46	4723.19	-443.47	-403.52	82.46	0.27	-1.81
2022-06-23T09:34:48	4712.54	-434.42	-404.85	82.54	0.26	-1.69
2022-06-23T09:34:50	4701.89	-425.37	-406.19	82.60	0.26	-1.58
2022-06-23T09:34:52	4691.24	-416.31	-407.52	82.64	0.27	-1.48
2022-06-23T09:34:54	4680.59	-407.26	-408.85	82.67	0.29	-1.39
2022-06-23T09:34:56	4669.93	-398.21	-410.18	82.70	0.30	-1.31
2022-06-23T09:34:58	4659.27	-389.16	-411.51	82.74	0.31	-1.22
2022-06-23T09:35:00	4648.60	-380.10	-412.84	82.80	0.32	-1.13
2022-06-23T09:35:02	4637.93	-371.05	-414.17	82.89	0.32	-1.02
2022-06-23T09:35:04	4627.26	-362.00	-415.50	82.96	0.32	-0.91
2022-06-23T09:35:06	4616.58	-352.94	-416.83	83.03	0.33	-0.80
2022-06-23T09:35:08	4605.89	-343.89	-418.16	83.09	0.34	-0.69
2022-06-23T09:35:10	4595.21	-334.83	-419.48	83.14	0.35	-0.59
2022-06-23T09:35:12	4584.52	-325.78	-420.81	83.22	0.36	-0.50
2022-06-23T09:35:14	4573.82	-316.72	-422.14	83.30	0.37	-0.42
2022-06-23T09:35:16	4563.12	-307.66	-423.47	83.37	0.38	-0.34
2022-06-23T09:35:18	4552.42	-298.61	-424.80	83.44	0.38	-0.26
2022-06-23T09:35:20	4541.71	-289.55	-426.12	83.50	0.39	-0.18
2022-06-23T09:35:22	4531.00	-280.50	-427.45	83.57	0.42	-0.11
2022-06-23T09:35:24	4520.28	-271.44	-428.77	83.65	0.47	-0.03
2022-06-23T09:35:26	4509.56	-262.38	-430.10	83.73	0.51	0.06
2022-06-23T09:35:28	4498.84	-253.32	-431.42	83.80	0.55	0.14
2022-06-23T09:35:30	4488.11	-244.27	-432.75	83.87	0.58	0.24
2022-06-23T09:35:32	4477.38	-235.21	-434.07	83.94	0.60	0.34
2022-06-23T09:35:34	4466.64	-226.15	-435.40	84.03	0.65	0.47
2022-06-23T09:35:36	4455.90	-217.09	-436.72	84.12	0.71	0.60
2022-06-23T09:35:38	4445.16	-208.03	-438.04	84.21	0.77	0.72
2022-06-23T09:35:40	4434.40	-198.97	-439.36	84.30	0.83	0.85
2022-06-23T09:35:42	4423.65	-189.91	-440.69	84.39	0.89	0.97
2022-06-23T09:35:44	4412.89	-180.85	-442.01	84.48	0.92	1.09
2022-06-23T09:35:46	4402.13	-171.79	-443.33	84.55	0.94	1.20
2022-06-23T09:35:48	4391.36	-162.73	-444.65	84.64	0.96	1.31
2022-06-23T09:35:50	4380.59	-153.67	-445.97	84.72	0.99	1.41
2022-06-23T09:35:52	4369.81	-144.61	-447.29	84.82	1.03	1.52
2022-06-23T09:35:54	4359.03	-135.55	-448.61	84.92	1.06	1.63
2022-06-23T09:35:56	4348.25	-126.49	-449.93	85.02	1.08	1.77
2022-06-23T09:35:58	4337.46	-117.43	-451.24	85.12	1.11	1.91
2022-06-23T09:36:00	4326.66	-108.37	-452.56	85.19	1.12	2.06
2022-06-23T09:36:02	4315.86	-99.30	-453.88	85.26	1.14	2.20
2022-06-23T09:36:04	4305.06	-90.24	-455.20	85.32	1.16	2.34
2022-06-23T09:36:06	4294.25	-81.18	-456.51	85.41	1.19	2.49
2022-06-23T09:36:08	4283.44	-72.12	-457.83	85.50	1.23	2.63
2022-06-23T09:36:10	4272.62	-63.06	-459.14	85.59	1.27	2.78
2022-06-23T09:36:12	4261.80	-53.99	-460.46	85.72	1.32	2.91
2022-06-23T09:36:14	4250.97	-44.93	-461.77	85.86	1.37	3.04
2022-06-23T09:36:16	4240.14	-35.87	-463.09	85.99	1.42	3.17
2022-06-23T09:36:18	4229.30	-26.81	-464.40	86.12	1.46	3.30
2022-06-23T09:36:20	4218.46	-17.75	-465.71	86.24	1.50	3.42
2022-06-23T09:36:22	4207.61	-8.68	-467.03	86.36	1.53	3.56
2022-06-23T09:36:24	4196.76	0.38	-468.34	86.48	1.56	3.69
2022-06-23T09:36:26	4185.91	9.44	-469.65	86.60	1.60	3.84
2022-06-23T09:36:28	4175.04	18.50	-470.96	86.73	1.65	4.00
2022-06-23T09:36:30	4164.18	27.57	-472.27	86.86	1.70	4.14
2022-06-23T09:36:32	4153.31	36.63	-473.58	87.00	1.74	4.28
2022-06-23T09:36:34	4142.43	45.69	-474.89	87.14	1.79	4.41
2022-06-23T09:36:36	4131.55	54.76	-476.20	87.27	1.84	4.54
2022-06-23T09:36:38	4120.67	63.82	-477.50	87.41	1.91	4.69
2022-06-23T09:36:40	4109.77	72.88	-478.81	87.55	1.98	4.85
2022-06-23T09:36:42	4098.88	81.94	-480.12	87.69	2.04	5.00
2022-06-23T09:36:44	4087.98	91.00	-481.42	87.84	2.11	5.16
2022-06-23T09:36:46	4077.07	100.07	-482.73	88.00	2.18	5.32
2022-06-23T09:36:48	4066.16	109.13	-484.03	88.15	2.24	5.47
2022-06-23T09:36:50	4055.24	118.19	-485.34	88.29	2.29	5.61
2022-06-23T09:36:52	4044.32	127.25	-486.64	88.43	2.34	5.76
2022-06-23T09:36:54	4033.39	136.32	-487.94	88.56	2.39	5.91
2022-06-23T09:36:56	4022.46	145.38	-489.24	88.69	2.44	6.06
2022-06-23T09:36:58	4011.52	154.44	-490.54	88.86	2.51	6.24
2022-06-23T09:37:00	4000.58	163.50	-491.85	89.04	2.58	6.42
2022-06-23T09:37:02	3989.63	172.56	-493.15	89.23	2.66	6.62
2022-06-23T09:37:04	3978.68	181.62	-494.45	89.40	2.76	6.81
2022-06-23T09:37:06	3967.72	190.68	-495.74	89.57	2.85	7.00
2022-06-23T09:37:08	3956.76	199.74	-497.04	89.71	2.95	7.19
2022-06-23T09:37:10	3945.78	208.80	-498.34	89.85	3.05	7.37
2022-06-23T09:37:12	3934.81	217.87	-499.64	90.00	3.14	7.56
2022-06-23T09:37:14	3923.83	226.92	-500.93	90.15	3.24	7.74
2022-06-23T09:37:16	3912.84	235.98	-502.23	90.30	3.31	7.91
2022-06-23T09:37:18	3901.85	245.04	-503.52	90.47	3.37	8.09
2022-06-23T09:37:20	3890.85	254.10	-504.82	90.64	3.43	8.29
2022-06-23T09:37:22	3879.85	263.16	-506.11	90.81	3.49	8.48
2022-06-23T09:37:24	3868.84	272.22	-507.40	90.97	3.57	8.67
2022-06-23T09:37:26	3857.83	281.28	-508.69	91.13	3.65	8.85
2022-06-23T09:37:28	3846.81	290.33	-509.98	91.30	3.76	9.03
2022-06-23T09:37:30	3835.78	299.39	-511.28	91.49	3.88	9.24
2022-06-23T09:37:32	3824.75	308.45	-512.57	91.69	3.99	9.45
2022-06-23T09:37:34	3813.71	317.50	-513.85	91.88	4.10	9.66
2022-06-23T09:37:36	3802.67	326.56	-515.14	92.09	4.20	9.87
2022-06-23T09:37:38	3791.62	335.62	-516.43	92.29	4.29	10.09
2022-06-23T09:37:40	3780.56	344.67	-517.71	92.51	4.42	10.32
2022-06-23T09:37:42	3769.50	353.72	-519.00	92.73	4.56	10.53
2022-06-23T09:37:44	3758.44	362.78	-520.29	92.95	4.70	10.75
2022-06-23T09:37:46	3747.36	371.83	-521.57	93.16	4.83	10.96
2022-06-23T09:37:48	3736.28	380.88	-522.85	93.37	4.97	11.17
2022-06-23T09:37:50	3725.20	389.94	-524.13	93.59	5.10	11.38
2022-06-23T09:37:52	3714.11	398.99	-525.41	93.82	5.22	11.60
2022-06-23T09:37:54	3703.01	408.04	-526.70	94.04	5.34	11.81
2022-06-23T09:37:56	3691.91	417.09	-527.97	94.26	5.47	12.02
2022-06-23T09:37:58	3680.80	426.14	-529.25	94.48	5.60	12.23
2022-06-23T09:38:00	3669.69	435.19	-530.53	94.72	5.74	12.46
2022-06-23T09:38:02	3658.57	444.24	-531.81	94.97	5.88	12.70
2022-06-23T09:38:04	3647.44	453.28	-533.08	95.22	6.03	12.93
2022-06-23T09:38:06	3636.30	462.33	-534.36	95.47	6.17	13.15
2022-06-23T09:38:08	3625.16	471.38	-535.63	95.72	6.32	13.36
2022-06-23T09:38:10	3614.02	480.42	-536.90	95.99	6.48	13.58
2022-06-23T09:38:12	3602.86	489.47	-538.18	96.27	6.64	13.82
2022-06-23T09:38:14	3591.70	498.51	-539.45	96.55	6.82	14.06
2022-06-23T09:38:16	3580.54	507.55	-540.72	96.83	7.00	14.30
2022-06-23T09:38:18	3569.37	516.59	-541.99	97.10	7.18	14.55
2022-06-23T09:38:20	3558.19	525.64	-543.26	97.36	7.36	14.81
2022-06-23T09:38:22	3547.00	534.68	-544.53	97.64	7.53	15.06
2022-06-23T09:38:24	3535.81	543.71	-545.79	97.91	7.70	15.32
2022-06-23T09:38:26	3524.61	552.76	-547.06	98.17	7.87	15.57
2022-06-23T09:38:28	3513.41	561.79	-548.32	98.43	8.04	15.83
2022-06-23T09:38:30	3502.20	570.83	-549.58	98.69	8.21	16.09
2022-06-23T09:38:32	3490.98	579.86	-550.85	99.02	8.41	16.34
2022-06-23T09:38:34	3479.76	588.90	-552.11	99.35	8.61	16.60
2022-06-23T09:38:36	3468.53	597.93	-553.37	99.68	8.81	16.85
2022-06-23T09:38:38	3457.29	606.96	-554.63	100.01	9.02	17.11
2022-06-23T09:38:40	3446.04	615.99	-555.88	100.34	9.23	17.37
2022-06-23T09:38:42	3434.79	625.02	-557.14	100.64	9.47	17.63
2022-06-23T09:38:44	3423.53	634.05	-558.40	100.92	9.70	17.87
2022-06-23T09:38:46	3412.27	643.08	-559.65	101.20	9.94	18.12
2022-06-23T09:38:48	3401.00	652.10	-560.90	101.49	10.19	18.38
2022-06-23T09:38:50	3389.72	661.13	-562.16	101.80	10.45	18.65
2022-06-23T09:38:52	3378.43	670.15	-563.41	102.19	10.67	18.92
2022-06-23T09:38:54	3367.14	679.17	-564.66	102.56	10.90	19.19
2022-06-23T09:38:56	3355.84	688.19	-565.91	102.92	11.12	19.46
2022-06-23T09:38:58	3344.53	697.21	-567.15	103.26	11.33	19.73
2022-06-23T09:39:00	3333.22	706.23	-568.40	103.59	11.55	20.00
2022-06-23T09:39:02	3321.90	715.24	-569.64	103.95	11.80	20.32
2022-06-23T09:39:04	3310.57	724.26	-570.89	104.32	12.06	20.64
2022-06-23T09:39:06	3299.24	733.27	-572.13	104.70	12.32	20.95
2022-06-23T09:39:08	3287.89	742.28	-573.37	105.09	12.59	21.25
2022-06-23T09:39:10	3276.54	751.29	-574.62	105.44	12.84	21.54
2022-06-23T09:39:12	3265.19	760.30	-575.85	105.75	13.09	21.81
2022-06-23T09:39:14	3253.82	769.31	-577.09	106.07	13.35	22.10
2022-06-23T09:39:16	3242.45	778.31	-578.33	106.39	13.61	22.38
2022-06-23T09:39:18	3231.07	787.31	-579.56	106.72	13.88	22.68
2022-06-23T09:39:20	3219.68	796.32	-580.80	107.07	14.15	22.98
2022-06-23T09:39:22	3208.29	805.32	-582.03	107.49	14.44	23.26
2022-06-23T09:39:24	3196.89	814.31	-583.26	107.90	14.74	23.52
2022-06-23T09:39:26	3185.48	823.31	-584.49	108.29	15.04	23.78
2022-06-23T09:39:28	3174.07	832.30	-585.72	108.66	15.35	24.04
2022-06-23T09:39:30	3162.64	841.29	-586.94	109.01	15.66	24.29
2022-06-23T09:39:32	3151.21	850.29	-588.17	109.42	16.02	24.58
2022-06-23T09:39:34	3139.77	859.27	-589.39	109.82	16.38	24.87
2022-06-23T09:39:36	3128.33	868.26	-590.62	110.22	16.73	25.15
2022-06-23T09:39:38	3116.87	877.24	-591.84	110.62	17.07	25.43
2022-06-23T09:39:40	3105.41	886.23	-593.06	111.02	17.41	25.69
2022-06-23T09:39:42	3093.94	895.21	-594.27	111.39	17.78	26.00
2022-06-23T09:39:44	3082.46	904.18	-595.49	111.75	18.17	26.32
2022-06-23T09:39:46	3070.98	913.16	-596.71	112.11	18.57	26.66
2022-06-23T09:39:48	3059.49	922.13	-597.92	112.48	18.98	26.99
2022-06-23T09:39:50	3047.99	931.10	-599.13	112.88	19.38	27.32
2022-06-23T09:39:52	3036.48	940.07	-600.34	113.33	19.79	27.61
2022-06-23T09:39:54	3024.96	949.04	-601.55	113.76	20.19	27.90
2022-06-23T09:39:56	3013.44	958.00	-602.76	114.14	20.59	28.17
2022-06-23T09:39:58	3001.91	966.96	-603.97	114.50	20.99	28.43
2022-06-23T09:40:00	2990.37	975.92	-605.17	114.85	21.39	28.71
2022-06-23T09:40:02	2978.82	984.87	-606.37	115.33	21.83	29.07
2022-06-23T09:40:04	2967.26	993.83	-607.57	115.78	22.26	29.41
2022-06-23T09:40:06	2955.70	1002.78	-608.77	116.20	22.68	29.76
2022-06-23T09:40:08	2944.13	1011.72	-609.97	116.60	23.08	30.09
2022-06-23T09:40:10	2932.55	1020.67	-611.17	116.97	23.48	30.42
2022-06-23T09:40:12	2920.96	1029.61	-612.36	117.36	23.97	30.73
2022-06-23T09:40:14	2909.36	1038.55	-613.55	117.77	24.49	30.99
2022-06-23T09:40:16	2897.76	1047.49	-614.74	118.19	25.01	31.24
2022-06-23T09:40:18	2886.14	1056.42	-615.93	118.63	25.52	31.47
2022-06-23T09:40:20	2874.52	1065.35	-617.12	119.07	26.04	31.68
2022-06-23T09:40:22	2862.89	1074.28	-618.31	119.50	26.55	31.92
2022-06-23T09:40:24	2851.26	1083.20	-619.49	119.89	27.08	32.17
2022-06-23T09:40:26	2839.61	1092.12	-620.67	120.27	27.60	32.46
2022-06-23T09:40:28	2827.96	1101.04	-621.85	120.66	28.13	32.76
2022-06-23T09:40:30	2816.29	1109.96	-623.03	121.11	28.69	33.07
2022-06-23T09:40:32	2804.62	1118.87	-624.21	121.64	29.28	33.38
2022-06-23T09:40:34	2792.94	1127.78	-625.38	122.13	29.86	33.68
2022-06-23T09:40:36	2781.26	1136.68	-626.55	122.58	30.43	33.96
2022-06-23T09:40:38	2769.56	1145.58	-627.72	122.98	30.97	34.23
2022-06-23T09:40:40	2757.86	1154.48	-628.89	123.35	31.51	34.51
2022-06-23T09:40:42	2746.14	1163.37	-630.06	123.78	32.07	34.79
2022-06-23T09:40:44	2734.42	1172.27	-631.23	124.21	32.63	35.06
2022-06-23T09:40:46	2722.69	1181.16	-632.39	124.64	33.19	35.30
2022-06-23T09:40:48	2710.95	1190.04	-633.55	125.07	33.75	35.53
2022-06-23T09:40:50	2699.21	1198.92	-634.71	125.47	34.36	35.76
2022-06-23T09:40:52	2687.45	1207.79	-635.86	125.84	35.05	36.04
2022-06-23T09:40:54	2675.68	1216.67	-637.02	126.24	35.73	36.30
2022-06-23T09:40:56	2663.91	1225.53	-638.17	126.67	36.40	36.55
2022-06-23T09:40:58	2652.13	1234.40	-639.32	127.12	37.05	36.77
2022-06-23T09:41:00	2640.34	1243.26	-640.47	127.60	37.70	37.00
2022-06-23T09:41:02	2628.54	1252.12	-641.62	128.02	38.34	37.25
2022-06-23T09:41:04	2616.73	1260.97	-642.76	128.36	38.94	37.52
2022-06-23T09:41:06	2604.91	1269.82	-643.91	128.70	39.56	37.81
2022-06-23T09:41:08	2593.09	1278.66	-645.05	129.06	40.20	38.10
2022-06-23T09:41:10	2581.25	1287.50	-646.18	129.51	40.90	38.36
2022-06-23T09:41:12	2569.41	1296.33	-647.32	129.92	41.58	38.59
2022-06-23T09:41:14	2557.56	1305.16	-648.45	130.28	42.24	38.80
2022-06-23T09:41:16	2545.70	1313.99	-649.58	130.58	42.88	38.99
2022-06-23T09:41:18	2533.83	1322.81	-650.71	130.91	43.54	39.19
2022-06-23T09:41:20	2521.95	1331.63	-651.84	131.36	44.30	39.46
2022-06-23T09:41:22	2510.06	1340.44	-652.96	131.81	45.05	39.71
2022-06-23T09:41:24	2498.17	1349.25	-654.09	132.24	45.77	39.94
2022-06-23T09:41:26	2486.26	1358.05	-655.21	132.66	46.48	40.15
2022-06-23T09:41:28	2474.35	1366.85	-656.32	133.04	47.17	40.35
2022-06-23T09:41:30	2462.43	1375.64	-657.44	133.31	47.93	40.61
2022-06-23T09:41:32	2450.50	1384.43	-658.55	133.60	48.70	40.86
2022-06-23T09:41:34	2438.56	1393.21	-659.66	133.95	49.48	41.11
2022-06-23T09:41:36	2426.61	1401.99	-660.77	134.35	50.27	41.34
2022-06-23T09:41:38	2414.65	1410.76	-661.87	134.76	51.06	41.55
2022-06-23T09:41:40	2402.68	1419.53	-662.97	135.03	51.83	41.72
2022-06-23T09:41:42	2390.71	1428.30	-664.08	135.19	52.57	41.92
2022-06-23T09:41:44	2378.72	1437.05	-665.17	135.36	53.30	42.14
2022-06-23T09:41:46	2366.73	1445.80	-666.27	135.60	54.05	42.38
2022-06-23T09:41:48	2354.72	1454.55	-667.36	136.00	54.87	42.61
2022-06-23T09:41:50	2342.71	1463.29	-668.45	136.43	55.70	42.82
2022-06-23T09:41:52	2330.69	1472.03	-669.54	136.74	56.49	42.99
2022-06-23T09:41:54	2318.66	1480.76	-670.63	136.95	57.24	43.14
2022-06-23T09:41:56	2306.62	1489.48	-671.71	137.14	57.98	43.30
2022-06-23T09:41:58	2294.58	1498.20	-672.79	137.50	58.85	43.51
2022-06-23T09:42:00	2282.52	1506.91	-673.86	137.86	59.72	43.73
2022-06-23T09:42:02	2270.45	1515.62	-674.94	138.18	60.56	43.93
2022-06-23T09:42:04	2258.38	1524.32	-676.01	138.46	61.36	44.12
2022-06-23T09:42:06	2246.29	1533.01	-677.08	138.70	62.13	44.31
2022-06-23T09:42:08	2234.20	1541.70	-678.15	138.85	63.02	44.51
2022-06-23T09:42:10	2222.10	1550.38	-679.21	138.98	63.89	44.76
2022-06-23T09:42:12	2209.99	1559.06	-680.27	139.10	64.73	45.02
2022-06-23T09:42:14	2197.87	1567.73	-681.33	139.18	65.52	45.29
2022-06-23T09:42:16	2185.74	1576.39	-682.39	139.29	66.32	45.54
2022-06-23T09:42:18	2173.60	1585.05	-683.44	139.48	67.19	45.72
2022-06-23T09:42:20	2161.46	1593.70	-684.49	139.68	68.10	45.90
2022-06-23T09:42:22	2149.30	1602.34	-685.54	139.87	69.00	46.02
2022-06-23T09:42:24	2137.14	1610.98	-686.58	139.99	69.82	46.08
2022-06-23T09:42:26	2124.97	1619.61	-687.62	140.05	70.55	46.17
2022-06-23T09:42:28	2112.78	1628.23	-688.66	140.14	71.28	46.32
2022-06-23T09:42:30	2100.59	1636.85	-689.70	140.27	72.04	46.52
2022-06-23T09:42:32	2088.39	1645.46	-690.73	140.43	72.83	46.78
2022-06-23T09:42:34	2076.19	1654.06	-691.76	140.64	73.66	47.08
2022-06-23T09:42:36	2063.97	1662.66	-692.78	140.80	74.45	47.28
2022-06-23T09:42:38	2051.74	1671.25	-693.81	140.83	75.21	47.49
2022-06-23T09:42:40	2039.51	1679.83	-694.83	140.73	75.97	47.72
2022-06-23T09:42:42	2027.26	1688.41	-695.85	140.52	76.71	47.97
2022-06-23T09:42:44	2015.01	1696.97	-696.86	140.35	77.51	48.24
2022-06-23T09:42:46	2002.75	1705.53	-697.87	140.60	78.48	48.48
2022-06-23T09:42:48	1990.48	1714.09	-698.88	140.96	79.40	48.69
2022-06-23T09:42:50	1978.20	1722.63	-699.89	141.18	80.19	48.89
2022-06-23T09:42:52	1965.91	1731.17	-700.89	141.19	80.89	49.08
2022-06-23T09:42:54	1953.62	1739.70	-701.89	140.88	81.63	49.32
2022-06-23T09:42:56	1941.31	1748.22	-702.89	140.59	82.46	49.63
2022-06-23T09:42:58	1929.00	1756.74	-703.88	140.51	83.33	49.95
2022-06-23T09:43:00	1916.68	1765.24	-704.87	140.60	84.23	50.30
2022-06-23T09:43:02	1904.35	1773.74	-705.86	140.70	85.10	50.66
2022-06-23T09:43:04	1892.01	1782.23	-706.84	140.27	85.69	50.88
2022-06-23T09:43:06	1879.66	1790.72	-707.82	139.96	86.29	51.09
2022-06-23T09:43:08	1867.31	1799.19	-708.80	139.78	86.93	51.29
2022-06-23T09:43:10	1854.94	1807.66	-709.77	139.72	87.58	51.48
2022-06-23T09:43:12	1842.57	1816.12	-710.75	139.70	88.27	51.68
2022-06-23T09:43:14	1830.19	1824.57	-711.71	139.48	88.95	51.90
2022-06-23T09:43:16	1817.80	1833.01	-712.68	139.16	89.58	52.12
2022-06-23T09:43:18	1805.40	1841.44	-713.64	138.93	90.22	52.36
2022-06-23T09:43:20	1792.99	1849.87	-714.60	138.79	90.86	52.59
2022-06-23T09:43:22	1780.58	1858.28	-715.55	138.74	91.57	52.87
2022-06-23T09:43:24	1768.16	1866.69	-716.50	138.58	92.30	53.17
2022-06-23T09:43:26	1755.72	1875.09	-717.45	138.30	93.02	53.48
2022-06-23T09:43:28	1743.29	1883.48	-718.39	137.91	93.73	53.81
2022-06-23T09:43:30	1730.84	1891.87	-719.33	137.62	94.43	54.11
2022-06-23T09:43:32	1718.38	1900.24	-720.27	137.41	95.20	54.36
2022-06-23T09:43:34	1705.92	1908.60	-721.21	137.10	95.91	54.62
2022-06-23T09:43:36	1693.45	1916.96	-722.14	136.70	96.56	54.88
2022-06-23T09:43:38	1680.97	1925.30	-723.07	136.21	97.16	55.14
2022-06-23T09:43:40	1668.48	1933.64	-723.99	135.74	97.73	55.39
2022-06-23T09:43:42	1655.99	1941.97	-724.91	135.34	98.29	55.62
2022-06-23T09:43:44	1643.49	1950.29	-725.83	135.14	99.00	55.78
2022-06-23T09:43:46	1630.98	1958.60	-726.74	134.98	99.78	55.97
2022-06-23T09:43:48	1618.46	1966.90	-727.65	134.88	100.65	56.22
2022-06-23T09:43:50	1605.93	1975.19	-728.56	134.63	101.42	56.52
2022-06-23T09:43:52	1593.40	1983.48	-729.46	134.20	101.99	56.82
2022-06-23T09:43:54	1580.86	1991.75	-730.37	133.59	102.36	57.14
2022-06-23T09:43:56	1568.31	2000.01	-731.26	132.82	102.56	57.46
2022-06-23T09:43:58	1555.76	2008.27	-732.16	132.41	102.98	57.78
2022-06-23T09:44:00	1543.20	2016.51	-733.04	132.16	103.60	58.10
2022-06-23T09:44:02	1530.62	2024.75	-733.93	131.74	104.14	58.42
2022-06-23T09:44:04	1518.05	2032.97	-734.81	131.15	104.59	58.72
2022-06-23T09:44:06	1505.46	2041.19	-735.69	130.39	104.97	59.02
2022-06-23T09:44:08	1492.87	2049.40	-736.57	129.65	105.60	59.37
2022-06-23T09:44:10	1480.27	2057.59	-737.44	129.15	106.38	59.77
2022-06-23T09:44:12	1467.66	2065.77	-738.31	128.87	107.15	60.15
2022-06-23T09:44:14	1455.05	2073.95	-739.18	128.44	107.82	60.49
2022-06-23T09:44:16	1442.43	2082.12	-740.04	127.89	108.35	60.81
2022-06-23T09:44:18	1429.80	2090.27	-740.89	127.28	108.70	61.14
2022-06-23T09:44:20	1417.17	2098.42	-741.75	126.60	108.96	61.48
2022-06-23T09:44:22	1404.53	2106.56	-742.60	125.86	109.10	61.84
2022-06-23T09:44:24	1391.88	2114.69	-743.45	125.09	109.21	62.23
2022-06-23T09:44:26	1379.23	2122.80	-744.29	124.55	109.96	62.63
2022-06-23T09:44:28	1366.57	2130.91	-745.13	123.90	110.69	62.98
2022-06-23T09:44:30	1353.90	2139.01	-745.97	123.12	111.28	63.29
2022-06-23T09:44:32	1341.23	2147.09	-746.80	122.21	111.75	63.56
2022-06-23T09:44:34	1328.55	2155.17	-747.63	121.25	112.20	63.77
2022-06-23T09:44:36	1315.86	2163.23	-748.46	120.50	112.94	63.95
2022-06-23T09:44:38	1303.17	2171.29	-749.28	119.91	113.71	64.17
2022-06-23T09:44:40	1290.47	2179.33	-750.10	119.33	114.34	64.25
2022-06-23T09:44:42	1277.77	2187.37	-750.91	118.56	114.81	64.31
2022-06-23T09:44:44	1265.05	2195.39	-751.72	117.43	115.26	64.15
2022-06-23T09:44:46	1252.34	2203.41	-752.53	116.30	115.79	63.99
2022-06-23T09:44:48	1239.62	2211.41	-753.34	115.26	116.37	63.87
2022-06-23T09:44:50	1226.89	2219.40	-754.14	114.29	117.01	63.80
2022-06-23T09:44:52	1214.15	2227.38	-754.94	113.41	117.72	63.88
2022-06-23T09:44:54	1201.41	2235.35	-755.73	112.69	118.86	64.51
2022-06-23T09:44:56	1188.67	2243.31	-756.52	111.87	119.79	65.08
2022-06-23T09:44:58	1175.91	2251.27	-757.31	110.96	120.51	65.57
2022-06-23T09:45:00	1163.16	2259.21	-758.09	109.96	121.03	66.00
2022-06-23T09:45:02	1150.39	2267.13	-758.87	108.80	121.30	66.49
2022-06-23T09:45:04	1137.63	2275.05	-759.65	107.71	121.48	66.97
2022-06-23T09:45:06	1124.85	2282.96	-760.42	106.70	121.60	67.43
2022-06-23T09:45:08	1112.07	2290.86	-761.18	105.78	121.93	67.58
2022-06-23T09:45:10	1099.29	2298.74	-761.95	104.82	122.56	67.32
2022-06-23T09:45:12	1086.50	2306.62	-762.71	103.53	123.30	66.48
2022-06-23T09:45:14	1073.71	2314.48	-763.47	102.07	123.77	65.75
2022-06-23T09:45:16	1060.91	2322.34	-764.23	100.45	123.99	65.10
2022-06-23T09:45:18	1048.10	2330.18	-764.97	98.68	123.95	64.54
2022-06-23T09:45:20	1035.30	2338.02	-765.72	96.81	123.88	64.61
2022-06-23T09:45:22	1022.48	2345.84	-766.46	95.42	124.05	65.13
2022-06-23T09:45:24	1009.66	2353.65	-767.20	94.49	124.57	65.71
2022-06-23T09:45:26	996.84	2361.45	-767.94	93.69	125.29	66.20
2022-06-23T09:45:28	984.01	2369.24	-768.68	93.04	126.10	66.60
2022-06-23T09:45:30	971.18	2377.02	-769.41	92.32	126.63	66.91
2022-06-23T09:45:32	958.35	2384.78	-770.13	91.40	126.99	67.16
2022-06-23T09:45:34	945.50	2392.54	-770.85	90.29	127.17	67.35
2022-06-23T09:45:36	932.66	2400.29	-771.57	88.98	127.11	67.48
2022-06-23T09:45:38	919.81	2408.02	-772.29	87.70	126.74	67.03
2022-06-23T09:45:40	906.96	2415.75	-773.00	86.50	126.38	66.66
2022-06-23T09:45:42	894.10	2423.46	-773.71	85.37	126.01	66.44
2022-06-23T09:45:44	881.24	2431.16	-774.41	84.31	125.62	66.34
2022-06-23T09:45:46	868.37	2438.86	-775.11	83.07	125.42	66.40
2022-06-23T09:45:48	855.51	2446.54	-775.81	81.58	125.54	66.43
2022-06-23T09:45:50	842.63	2454.21	-776.51	80.13	125.83	66.36
2022-06-23T09:45:52	829.76	2461.86	-777.20	78.56	126.13	66.01
2022-06-23T09:45:54	816.88	2469.51	-777.89	77.06	126.20	65.66
2022-06-23T09:45:56	803.99	2477.15	-778.57	75.69	125.91	65.74
2022-06-23T09:45:58	791.10	2484.78	-779.25	74.43	125.49	66.10
2022-06-23T09:46:00	778.21	2492.39	-779.93	73.28	124.95	66.75
2022-06-23T09:46:02	765.32	2500.00	-780.60	72.24	124.29	67.69
2022-06-23T09:46:04	752.42	2507.59	-781.27	71.56	123.65	68.43
2022-06-23T09:46:06	739.52	2515.18	-781.94	71.15	123.40	68.71
2022-06-23T09:46:08	726.62	2522.75	-782.61	70.55	123.71	68.47
2022-06-23T09:46:10	713.71	2530.31	-783.27	70.02	123.87	68.26
2022-06-23T09:46:12	700.80	2537.86	-783.92	69.37	123.99	68.06
2022-06-23T09:46:14	687.89	2545.41	-784.58	67.70	124.39	67.72
2022-06-23T09:46:16	674.97	2552.93	-785.23	66.04	124.54	67.46
2022-06-23T09:46:18	662.05	2560.45	-785.88	64.38	124.45	67.29
2022-06-23T09:46:20	649.14	2567.96	-786.52	62.73	124.14	67.19
2022-06-23T09:46:22	636.21	2575.46	-787.16	61.86	123.78	67.15
2022-06-23T09:46:24	623.28	2582.95	-787.80	61.19	123.50	67.09
2022-06-23T09:46:26	610.35	2590.42	-788.43	60.40	123.20	67.02
2022-06-23T09:46:28	597.42	2597.89	-789.06	59.50	122.89	66.97
2022-06-23T09:46:30	584.49	2605.34	-789.69	58.51	122.66	66.97
2022-06-23T09:46:32	571.55	2612.79	-790.32	57.59	122.62	67.05
2022-06-23T09:46:34	558.61	2620.22	-790.94	56.67	122.57	67.09
2022-06-23T09:46:36	545.67	2627.65	-791.56	55.75	122.50	67.08
2022-06-23T09:46:38	532.73	2635.06	-792.17	54.97	122.07	67.26
2022-06-23T09:46:40	519.79	2642.46	-792.78	54.26	121.49	68.06
2022-06-23T09:46:42	506.84	2649.85	-793.39	53.55	120.99	68.94
2022-06-23T09:46:44	493.89	2657.24	-794.00	52.81	120.58	69.84
2022-06-23T09:46:46	480.94	2664.61	-794.60	52.06	120.27	70.75
2022-06-23T09:46:48	467.98	2671.97	-795.20	51.28	119.98	71.40
2022-06-23T09:46:50	455.03	2679.32	-795.79	50.53	119.68	71.73
2022-06-23T09:46:52	442.07	2686.66	-796.39	49.81	119.42	71.92
2022-06-23T09:46:54	429.11	2693.99	-796.98	49.08	119.13	71.80
2022-06-23T09:46:56	416.15	2701.31	-797.56	48.41	118.74	71.70
2022-06-23T09:46:58	403.19	2708.61	-798.15	47.68	117.89	71.63
2022-06-23T09:47:00	390.23	2715.92	-798.73	46.97	117.13	71.66
2022-06-23T09:47:02	377.27	2723.20	-799.30	46.30	116.47	71.79
2022-06-23T09:47:04	364.30	2730.48	-799.88	45.65	115.91	72.02
2022-06-23T09:47:06	351.33	2737.75	-800.45	45.10	115.38	72.45
2022-06-23T09:47:08	338.36	2745.01	-801.02	44.53	114.77	72.91
2022-06-23T09:47:10	325.40	2752.25	-801.59	43.79	114.03	73.31
2022-06-23T09:47:12	312.42	2759.49	-802.15	42.96	113.25	73.70
2022-06-23T09:47:14	299.45	2766.72	-802.71	42.10	112.40	74.03
2022-06-23T09:47:16	286.48	2773.94	-803.27	41.36	111.57	74.24
2022-06-23T09:47:18	273.51	2781.15	-803.82	40.71	110.84	74.46
2022-06-23T09:47:20	260.53	2788.34	-804.37	40.17	110.22	74.67
2022-06-23T09:47:22	247.56	2795.53	-804.92	39.73	109.72	74.88
2022-06-23T09:47:24	234.58	2802.71	-805.47	39.30	109.10	75.03
2022-06-23T09:47:26	221.60	2809.88	-806.01	38.86	108.43	75.12
2022-06-23T09:47:28	208.62	2817.04	-806.55	38.31	107.71	75.12
2022-06-23T09:47:30	195.64	2824.19	-807.09	37.64	106.93	75.01
2022-06-23T09:47:32	182.66	2831.33	-807.62	37.08	106.24	75.04
2022-06-23T09:47:34	169.68	2838.46	-808.15	36.86	105.79	75.33
2022-06-23T09:47:36	156.70	2845.58	-808.68	36.75	105.44	75.64
2022-06-23T09:47:38	143.72	2852.69	-809.21	36.73	105.19	75.95
2022-06-23T09:47:40	130.74	2859.79	-809.73	36.66	104.89	76.22
2022-06-23T09:47:42	117.76	2866.88	-810.25	36.03	103.83	76.22
2022-06-23T09:47:44	104.78	2873.96	-810.77	35.38	102.88	76.20
2022-06-23T09:47:46	91.79	2881.03	-811.28	34.71	102.04	76.14
2022-06-23T09:47:48	78.81	2888.10	-811.80	34.03	101.30	76.06
2022-06-23T09:47:50	65.83	2895.15	-812.31	33.43	100.87	76.15
2022-06-23T09:47:52	52.84	2902.19	-812.81	32.95	100.54	76.39
2022-06-23T09:47:54	39.86	2909.23	-813.32	32.55	100.17	76.65
2022-06-23T09:47:56	26.88	2916.25	-813.82	32.21	99.73	76.91
2022-06-23T09:47:58	13.89	2923.27	-814.32	31.77	98.99	77.00
2022-06-23T09:48:00	0.91	2930.28	-814.82	31.10	97.69	76.79
2022-06-23T09:48:02	-12.08	2937.28	-815.31	30.49	96.48	76.66
2022-06-23T09:48:04	-25.06	2944.27	-815.80	29.96	95.35	76.60
2022-06-23T09:48:06	-38.04	2951.25	-816.29	29.48	94.30	76.61
2022-06-23T09:48:08	-51.03	2958.22	-816.78	29.33	93.87	76.76
2022-06-23T09:48:10	-64.01	2965.18	-817.26	29.28	93.63	76.94
2022-06-23T09:48:12	-76.99	2972.13	-817.75	29.24	93.43	77.17
2022-06-23T09:48:14	-89.97	2979.08	-818.22	29.08	93.02	77.59
2022-06-23T09:48:16	-102.96	2986.01	-818.70	28.78	92.29	77.91
2022-06-23T09:48:18	-115.94	2992.94	-819.18	28.32	91.33	78.00
2022-06-23T09:48:20	-128.92	2999.86	-819.65	27.87	90.46	78.01
2022-06-23T09:48:22	-141.90	3006.77	-820.12	27.44	89.68	77.94
2022-06-23T09:48:24	-154.88	3013.67	-820.59	27.02	88.98	77.78
2022-06-23T09:48:26	-167.87	3020.56	-821.05	26.66	88.56	77.58
2022-06-23T09:48:28	-180.85	3027.44	-821.51	26.35	88.18	77.28
2022-06-23T09:48:30	-193.82	3034.32	-821.97	26.13	87.94	77.07
2022-06-23T09:48:32	-206.80	3041.18	-822.43	25.88	87.63	76.83
2022-06-23T09:48:34	-219.78	3048.04	-822.89	25.66	87.23	77.06
2022-06-23T09:48:36	-232.76	3054.89	-823.34	25.50	86.84	77.65
2022-06-23T09:48:38	-245.74	3061.73	-823.79	25.35	86.50	78.27
2022-06-23T09:48:40	-258.71	3068.56	-824.24	25.22	86.20	78.91
2022-06-23T09:48:42	-271.69	3075.39	-824.69	25.11	85.88	79.48
2022-06-23T09:48:44	-284.67	3082.20	-825.13	25.08	85.32	79.54
2022-06-23T09:48:46	-297.64	3089.01	-825.57	25.06	84.78	79.62
2022-06-23T09:48:48	-310.61	3095.81	-826.02	24.92	84.15	79.65
2022-06-23T09:48:50	-323.58	3102.60	-826.45	24.61	83.41	79.59
2022-06-23T09:48:52	-336.56	3109.38	-826.89	24.53	82.81	80.03
2022-06-23T09:48:54	-349.53	3116.16	-827.32	24.52	82.36	80.63
2022-06-23T09:48:56	-362.50	3122.92	-827.75	24.47	82.01	81.21
2022-06-23T09:48:58	-375.46	3129.68	-828.18	24.39	81.75	81.78
2022-06-23T09:49:00	-388.43	3136.44	-828.61	24.27	81.24	82.11
2022-06-23T09:49:02	-401.40	3143.18	-829.03	24.20	80.08	82.14
2022-06-23T09:49:04	-414.37	3149.92	-829.46	24.42	78.89	82.14
2022-06-23T09:49:06	-427.33	3156.64	-829.88	24.60	77.93	82.08
2022-06-23T09:49:08	-440.29	3163.36	-830.30	24.74	77.21	81.97
2022-06-23T09:49:10	-453.26	3170.07	-830.72	24.95	76.66	81.87
2022-06-23T09:49:12	-466.22	3176.78	-831.13	25.12	76.05	81.70
2022-06-23T09:49:14	-479.18	3183.48	-831.54	25.26	75.37	81.46
2022-06-23T09:49:16	-492.14	3190.17	-831.95	25.37	74.63	81.14
2022-06-23T09:49:18	-505.09	3196.85	-832.36	25.59	74.15	81.14
2022-06-23T09:49:20	-518.05	3203.52	-832.77	25.77	73.84	81.75
2022-06-23T09:49:22	-531.01	3210.19	-833.17	25.74	73.15	82.23
2022-06-23T09:49:24	-543.96	3216.85	-833.58	25.60	72.14	82.42
2022-06-23T09:49:26	-556.91	3223.50	-833.98	25.28	70.62	82.19
2022-06-23T09:49:28	-569.87	3230.15	-834.38	24.32	67.60	81.01
2022-06-23T09:49:30	-582.82	3236.78	-834.77	23.16	64.48	79.60
2022-06-23T09:49:32	-595.77	3243.41	-835.17	21.82	61.26	77.95
2022-06-23T09:49:34	-608.71	3250.04	-835.56	20.29	57.92	76.09
2022-06-23T09:49:36	-621.66	3256.65	-835.95	18.94	55.71	74.35
2022-06-23T09:49:38	-634.60	3263.26	-836.34	17.84	54.88	73.15
2022-06-23T09:49:40	-647.55	3269.86	-836.73	16.77	54.09	72.23
2022-06-23T09:49:42	-660.49	3276.46	-837.12	15.76	53.33	71.55
2022-06-23T09:49:44	-673.43	3283.04	-837.50	14.89	52.43	70.99
2022-06-23T09:49:46	-686.37	3289.63	-837.88	14.33	51.08	70.02
2022-06-23T09:49:48	-699.31	3296.20	-838.26	13.95	49.63	68.80
2022-06-23T09:49:50	-712.24	3302.76	-838.65	13.75	48.07	67.32
2022-06-23T09:49:52	-725.18	3309.33	-839.02	13.72	46.40	65.60
2022-06-23T09:49:54	-738.11	3315.88	-839.40	12.88	44.67	63.59
2022-06-23T09:49:56	-751.04	3322.42	-839.77	11.50	42.88	61.36
2022-06-23T09:49:58	-763.97	3328.97	-840.14	10.22	41.19	59.26
2022-06-23T09:50:00	-776.90	3335.50	-840.51	9.04	39.61	57.30
2022-06-23T09:50:02	-789.83	3342.02	-840.88	8.11	38.12	55.55
2022-06-23T09:50:04	-802.75	3348.54	-841.25	7.44	36.49	53.84
2022-06-23T09:50:06	-815.67	3355.06	-841.61	6.87	34.68	52.02
2022-06-23T09:50:08	-828.60	3361.56	-841.98	6.39	32.68	50.11
2022-06-23T09:50:10	-841.52	3368.06	-842.34	6.00	30.48	48.09
2022-06-23T09:50:12	-854.44	3374.55	-842.70	4.85	28.74	45.66
2022-06-23T09:50:14	-867.35	3381.04	-843.06	3.83	27.17	43.21
2022-06-23T09:50:16	-880.27	3387.52	-843.42	2.82	25.66	40.85
2022-06-23T09:50:18	-893.18	3394.00	-843.77	1.81	24.23	38.60
2022-06-23T09:50:20	-906.09	3400.46	-844.13	1.48	22.97	36.06
2022-06-23T09:50:22	-919.00	3406.93	-844.48	1.70	21.83	33.40
2022-06-23T09:50:24	-931.91	3413.38	-844.83	2.02	20.70	30.90
2022-06-23T09:50:26	-944.82	3419.83	-845.18	2.46	19.59	28.56
2022-06-23T09:50:28	-957.73	3426.27	-845.53	2.94	18.55	26.38
2022-06-23T09:50:30	-970.63	3432.71	-845.87	3.10	17.66	24.08
2022-06-23T09:50:32	-983.53	3439.14	-846.22	3.21	16.67	21.70
2022-06-23T09:50:34	-996.43	3445.57	-846.56	3.30	15.60	19.35
2022-06-23T09:50:36	-1009.33	3451.99	-846.90	3.37	14.46	17.04
2022-06-23T09:50:38	-1022.23	3458.40	-847.24	3.08	13.05	14.83
2022-06-23T09:50:40	-1035.12	3464.80	-847.58	2.72	11.70	12.75
2022-06-23T09:50:42	-1048.01	3471.20	-847.92	2.40	10.50	10.76
2022-06-23T09:50:44	-1060.90	3477.60	-848.25	2.13	9.46	8.88
2022-06-23T09:50:46	-1073.79	3483.99	-848.59	1.99	8.55	7.08
2022-06-23T09:50:48	-1086.68	3490.37	-848.92	1.97	7.83	5.53
2022-06-23T09:50:50	-1099.56	3496.75	-849.25	1.89	7.15	4.11
2022-06-23T09:50:52	-1112.45	3503.12	-849.58	1.80	6.48	2.77
2022-06-23T09:50:54	-1125.33	3509.49	-849.91	1.67	5.80	1.51
2022-06-23T09:50:56	-1138.21	3515.85	-850.24	1.43	5.22	0.38
2022-06-23T09:50:58	-1151.09	3522.21	-850.57	1.15	4.66	-0.70
2022-06-23T09:51:00	-1163.96	3528.55	-850.89	0.85	4.12	-1.73
2022-06-23T09:51:02	-1176.84	3534.90	-851.21	0.53	3.60	-2.73
2022-06-23T09:51:04	-1189.71	3541.24	-851.54	0.18	3.09	-3.63
2022-06-23T09:51:06	-1202.58	3547.57	-851.86	-0.18	2.72	-4.34
2022-06-23T09:51:08	-1215.45	3553.89	-852.17	-0.50	2.41	-5.00
2022-06-23T09:51:10	-1228.32	3560.22	-852.49	-0.81	2.12	-5.62
2022-06-23T09:51:12	-1241.18	3566.53	-852.81	-1.11	1.85	-6.21
2022-06-23T09:51:14	-1254.04	3572.84	-853.13	-1.40	1.65	-6.75
2022-06-23T09:51:16	-1266.90	3579.15	-853.44	-1.70	1.46	-7.25
2022-06-23T09:51:18	-1279.76	3585.45	-853.75	-2.01	1.30	-7.71
2022-06-23T09:51:20	-1292.62	3591.75	-854.07	-2.32	1.16	-8.13
2022-06-23T09:51:22	-1305.48	3598.03	-854.38	-2.55	1.04	-8.37
2022-06-23T09:51:24	-1318.33	3604.32	-854.68	-2.77	0.92	-8.38
2022-06-23T09:51:26	-1331.18	3610.60	-854.99	-2.96	0.81	-8.36
2022-06-23T09:51:28	-1344.03	3616.87	-855.30	-3.12	0.72	-8.36
2022-06-23T09:51:30	-1356.88	3623.14	-855.60	-3.26	0.66	-8.39
2022-06-23T09:51:32	-1369.72	3629.40	-855.91	-3.45	0.70	-8.49
2022-06-23T09:51:34	-1382.57	3635.67	-856.21	-3.60	0.76	-8.53
2022-06-23T09:51:36	-1395.41	3641.92	-856.51	-3.72	0.83	-8.51
2022-06-23T09:51:38	-1408.25	3648.17	-856.81	-3.81	0.91	-8.42
2022-06-23T09:51:40	-1421.09	3654.41	-857.11	-3.81	1.04	-8.32
2022-06-23T09:51:42	-1433.92	3660.65	-857.41	-3.81	1.23	-8.21
2022-06-23T09:51:44	-1446.76	3666.89	-857.71	-3.84	1.46	-8.05
2022-06-23T09:51:46	-1459.59	3673.11	-858.00	-3.89	1.71	-7.85
2022-06-23T09:51:48	-1472.42	3679.34	-858.30	-3.96	1.99	-7.57
2022-06-23T09:51:50	-1485.25	3685.56	-858.59	-4.01	2.32	-7.11
2022-06-23T09:51:52	-1498.07	3691.77	-858.88	-4.01	2.66	-6.68
2022-06-23T09:51:54	-1510.89	3697.98	-859.18	-3.97	3.00	-6.27
2022-06-23T09:51:56	-1523.72	3704.19	-859.47	-3.88	3.33	-5.89
2022-06-23T09:51:58	-1536.54	3710.39	-859.76	-3.80	3.59	-5.51
2022-06-23T09:52:00	-1549.36	3716.58	-860.04	-3.76	3.83	-5.15
2022-06-23T09:52:02	-1562.17	3722.78	-860.33	-3.77	4.08	-4.76
2022-06-23T09:52:04	-1574.99	3728.96	-860.62	-3.75	4.32	-4.32
2022-06-23T09:52:06	-1587.80	3735.14	-860.90	-3.75	4.59	-3.81
2022-06-23T09:52:08	-1600.61	3741.32	-861.19	-3.82	4.98	-3.21
2022-06-23T09:52:10	-1613.42	3747.50	-861.47	-3.88	5.38	-2.67
2022-06-23T09:52:12	-1626.22	3753.66	-861.75	-3.94	5.78	-2.17
2022-06-23T09:52:14	-1639.03	3759.83	-862.03	-3.99	6.19	-1.72
2022-06-23T09:52:16	-1651.83	3765.99	-862.31	-3.97	6.63	-1.69
2022-06-23T09:52:18	-1664.63	3772.14	-862.59	-3.92	7.07	-1.80
2022-06-23T09:52:20	-1677.43	3778.29	-862.87	-3.91	7.47	-1.89
2022-06-23T09:52:22	-1690.22	3784.44	-863.15	-3.92	7.84	-1.91
2022-06-23T09:52:24	-1703.02	3790.58	-863.42	-3.99	8.17	-1.77
2022-06-23T09:52:26	-1715.81	3796.72	-863.69	-4.13	8.43	-1.45
2022-06-23T09:52:28	-1728.60	3802.85	-863.97	-4.26	8.69	-1.14
2022-06-23T09:52:30	-1741.39	3808.98	-864.24	-4.39	8.96	-0.85
2022-06-23T09:52:32	-1754.17	3815.11	-864.51	-4.51	9.22	-0.57
2022-06-23T09:52:34	-1766.96	3821.23	-864.78	-4.63	9.33	-0.52
2022-06-23T09:52:36	-1779.74	3827.34	-865.05	-4.72	9.40	-0.55
2022-06-23T09:52:38	-1792.52	3833.45	-865.32	-4.73	9.46	-0.72
2022-06-23T09:52:40	-1805.30	3839.56	-865.59	-4.74	9.48	-0.89
2022-06-23T09:52:42	-1818.08	3845.67	-865.86	-4.80	9.49	-0.99
2022-06-23T09:52:44	-1830.85	3851.77	-866.12	-4.95	9.52	-1.02
2022-06-23T09:52:46	-1843.62	3857.86	-866.39	-5.16	9.54	-1.05
2022-06-23T09:52:48	-1856.39	3863.95	-866.65	-5.41	9.54	-1.10
2022-06-23T09:52:50	-1869.16	3870.04	-866.91	-5.72	9.51	-1.16
2022-06-23T09:52:52	-1881.93	3876.12	-867.18	-5.82	9.29	-1.25
2022-06-23T09:52:54	-1894.69	3882.20	-867.44	-5.85	9.01	-1.33
2022-06-23T09:52:56	-1907.46	3888.28	-867.70	-5.85	8.74	-1.38
2022-06-23T09:52:58	-1920.22	3894.35	-867.96	-5.87	8.55	-1.44
2022-06-23T09:53:00	-1932.98	3900.42	-868.22	-5.95	8.45	-1.56
2022-06-23T09:53:02	-1945.73	3906.48	-868.47	-6.07	8.37	-1.74
2022-06-23T09:53:04	-1958.49	3912.54	-868.73	-6.17	8.24	-1.90
2022-06-23T09:53:06	-1971.24	3918.60	-868.99	-6.23	8.08	-2.06
2022-06-23T09:53:08	-1983.99	3924.65	-869.25	-6.28	7.86	-2.21
2022-06-23T09:53:10	-1996.74	3930.70	-869.50	-6.60	7.74	-2.38
2022-06-23T09:53:12	-2009.49	3936.74	-869.75	-6.97	7.57	-2.53
2022-06-23T09:53:14	-2022.23	3942.79	-870.00	-7.34	7.36	-2.65
2022-06-23T09:53:16	-2034.97	3948.83	-870.26	-7.73	7.17	-2.87
2022-06-23T09:53:18	-2047.71	3954.86	-870.51	-7.99	6.91	-3.17
2022-06-23T09:53:20	-2060.45	3960.89	-870.76	-8.11	6.60	-3.56
2022-06-23T09:53:22	-2073.19	3966.91	-871.01	-8.23	6.31	-3.97
2022-06-23T09:53:24	-2085.93	3972.94	-871.26	-8.35	6.04	-4.38
2022-06-23T09:53:26	-2098.66	3978.96	-871.50	-8.47	5.79	-4.80
2022-06-23T09:53:28	-2111.39	3984.97	-871.75	-8.33	5.76	-5.32
2022-06-23T09:53:30	-2124.12	3990.98	-872.00	-8.17	5.77	-5.83
2022-06-23T09:53:32	-2136.85	3996.99	-872.24	-8.01	5.80	-6.35
2022-06-23T09:53:34	-2149.57	4003.00	-872.49	-7.83	5.87	-6.84
2022-06-23T09:53:36	-2162.30	4009.00	-872.73	-7.66	5.98	-7.32
2022-06-23T09:53:38	-2175.02	4015.00	-872.97	-7.53	6.04	-7.74
2022-06-23T09:53:40	-2187.74	4020.99	-873.22	-7.42	6.08	-8.15
2022-06-23T09:53:42	-2200.46	4026.98	-873.46	-7.33	6.08	-8.54
2022-06-23T09:53:44	-2213.17	4032.97	-873.70	-7.26	6.05	-8.91
2022-06-23T09:53:46	-2225.89	4038.95	-873.94	-7.37	5.96	-9.18
2022-06-23T09:53:48	-2238.60	4044.93	-874.18	-7.51	5.85	-9.42
2022-06-23T09:53:50	-2251.31	4050.91	-874.42	-7.66	5.72	-9.63
2022-06-23T09:53:52	-2264.01	4056.88	-874.65	-7.82	5.55	-9.80
2022-06-23T09:53:54	-2276.72	4062.85	-874.89	-7.94	5.61	-10.13
2022-06-23T09:53:56	-2289.43	4068.82	-875.13	-8.04	5.79	-10.50
2022-06-23T09:53:58	-2302.13	4074.79	-875.36	-8.12	5.92	-10.87
2022-06-23T09:54:00	-2314.83	4080.74	-875.60	-8.19	6.00	-11.24
2022-06-23T09:54:02	-2327.53	4086.70	-875.83	-8.24	6.03	-11.61
2022-06-23T09:54:04	-2340.23	4092.66	-876.07	-8.12	6.02	-12.05
2022-06-23T09:54:06	-2352.92	4098.61	-876.30	-7.97	6.00	-12.49
2022-06-23T09:54:08	-2365.61	4104.56	-876.53	-7.80	5.97	-12.93
2022-06-23T09:54:10	-2378.30	4110.50	-876.76	-7.59	5.92	-13.37
2022-06-23T09:54:12	-2390.99	4116.44	-876.99	-7.40	5.92	-13.59
2022-06-23T09:54:14	-2403.68	4122.38	-877.22	-7.27	6.09	-13.49
2022-06-23T09:54:16	-2416.37	4128.31	-877.45	-7.19	6.32	-13.35
2022-06-23T09:54:18	-2429.05	4134.25	-877.68	-7.16	6.59	-13.17
2022-06-23T09:54:20	-2441.73	4140.17	-877.91	-7.18	6.92	-12.94
2022-06-23T09:54:22	-2454.41	4146.10	-878.14	-7.12	7.13	-12.95
2022-06-23T09:54:24	-2467.09	4152.02	-878.37	-7.02	7.29	-12.98
2022-06-23T09:54:26	-2479.76	4157.94	-878.59	-6.89	7.39	-13.00
2022-06-23T09:54:28	-2492.44	4163.86	-878.81	-6.71	7.45	-13.03
2022-06-23T09:54:30	-2505.11	4169.77	-879.04	-6.66	7.48	-13.08
2022-06-23T09:54:32	-2517.78	4175.68	-879.27	-6.86	7.51	-13.21
2022-06-23T09:54:34	-2530.45	4181.59	-879.49	-7.08	7.54	-13.33
2022-06-23T09:54:36	-2543.12	4187.50	-879.71	-7.30	7.57	-13.41
2022-06-23T09:54:38	-2555.78	4193.40	-879.93	-7.51	7.59	-13.44
2022-06-23T09:54:40	-2568.45	4199.29	-880.16	-7.59	7.82	-13.16
2022-06-23T09:54:42	-2581.11	4205.19	-880.38	-7.60	8.05	-12.77
2022-06-23T09:54:44	-2593.77	4211.08	-880.60	-7.56	8.27	-12.30
2022-06-23T09:54:46	-2606.43	4216.97	-880.82	-7.47	8.49	-11.76
2022-06-23T09:54:48	-2619.08	4222.86	-881.04	-7.37	8.79	-11.19
2022-06-23T09:54:50	-2631.74	4228.74	-881.25	-7.35	9.21	-10.68
2022-06-23T09:54:52	-2644.39	4234.62	-881.47	-7.47	9.69	-10.21
2022-06-23T09:54:54	-2657.04	4240.51	-881.69	-7.53	10.16	-9.74
2022-06-23T09:54:56	-2669.69	4246.38	-881.91	-7.53	10.62	-9.27
2022-06-23T09:54:58	-2682.33	4252.25	-882.12	-7.47	11.16	-8.94
2022-06-23T09:55:00	-2694.98	4258.12	-882.34	-7.40	11.72	-8.59
2022-06-23T09:55:02	-2707.62	4263.99	-882.55	-7.34	12.29	-8.20
2022-06-23T09:55:04	-2720.26	4269.86	-882.77	-7.28	12.87	-7.78
2022-06-23T09:55:06	-2732.90	4275.72	-882.98	-7.27	13.36	-7.36
2022-06-23T09:55:08	-2745.54	4281.58	-883.20	-7.35	13.63	-7.06
2022-06-23T09:55:10	-2758.18	4287.43	-883.41	-7.48	13.84	-6.82
2022-06-23T09:55:12	-2770.81	4293.29	-883.62	-7.73	13.96	-6.68
2022-06-23T09:55:14	-2783.44	4299.14	-883.83	-8.02	14.07	-6.56
2022-06-23T09:55:16	-2796.07	4304.99	-884.04	-8.55	14.06	-6.27
2022-06-23T09:55:18	-2808.70	4310.83	-884.25	-9.06	14.07	-5.94
2022-06-23T09:55:20	-2821.33	4316.68	-884.46	-9.53	14.15	-5.59
2022-06-23T09:55:22	-2833.96	4322.52	-884.67	-9.93	14.28	-5.23
2022-06-23T09:55:24	-2846.58	4328.36	-884.88	-10.24	14.37	-4.88
2022-06-23T09:55:26	-2859.20	4334.19	-885.09	-10.39	14.20	-4.57
2022-06-23T09:55:28	-2871.82	4340.02	-885.30	-10.55	13.94	-4.25
2022-06-23T09:55:30	-2884.44	4345.85	-885.51	-10.74	13.61	-3.88
2022-06-23T09:55:32	-2897.06	4351.68	-885.71	-11.01	13.28	-3.42
2022-06-23T09:55:34	-2909.67	4357.51	-885.92	-11.45	12.85	-2.83
2022-06-23T09:55:36	-2922.29	4363.33	-886.13	-11.86	12.35	-2.21
2022-06-23T09:55:38	-2934.90	4369.15	-886.33	-12.20	11.78	-1.57
2022-06-23T09:55:40	-2947.51	4374.97	-886.53	-12.46	11.14	-0.93
2022-06-23T09:55:42	-2960.12	4380.78	-886.74	-12.67	10.50	-0.34
2022-06-23T09:55:44	-2972.72	4386.60	-886.94	-12.97	10.08	0.02
2022-06-23T09:55:46	-2985.33	4392.41	-887.14	-13.30	9.64	0.31
2022-06-23T09:55:48	-2997.93	4398.21	-887.35	-13.64	9.18	0.51
2022-06-23T09:55:50	-3010.53	4404.02	-887.55	-13.93	8.82	0.56
2022-06-23T09:55:52	-3023.13	4409.82	-887.75	-14.15	8.61	0.63
2022-06-23T09:55:54	-3035.73	4415.62	-887.96	-14.37	8.41	0.72
