Time	POS_X	POS_Y	POS_Z	B_X	B_Y	B_Z
2022-06-23T09:32:50	5334.52	-967.62	-325.79	64.97	-15.66	17.52
2022-06-23T09:32:52	5324.07	-958.60	-327.13	65.04	-15.70	17.51
2022-06-23T09:32:54	5313.62	-949.57	-328.48	65.12	-15.74	17.50
2022-06-23T09:32:56	5303.16	-940.55	-329.82	65.20	-15.77	17.49
2022-06-23T09:32:58	5292.70	-931.53	-331.17	65.28	-15.79	17.47
2022-06-23T09:33:00	5282.24	-922.50	-332.52	65.37	-15.80	17.45
2022-06-23T09:33:02	5271.78	-913.48	-333.86	65.40	-15.84	17.47
2022-06-23T09:33:04	5261.31	-904.45	-335.21	65.42	-15.91	17.52
2022-06-23T09:33:06	5250.84	-895.43	-336.55	65.45	-15.98	17.55
2022-06-23T09:33:08	5240.37	-886.40	-337.90	65.52	-16.03	17.57
2022-06-23T09:33:10	5229.89	-877.37	-339.24	65.61	-16.08	17.58
2022-06-23T09:33:12	5219.41	-868.34	-340.59	65.73	-16.11	17.59
2022-06-23T09:33:14	5208.93	-859.32	-341.93	65.82	-16.11	17.57
2022-06-23T09:33:16	5198.45	-850.29	-343.28	65.87	-16.12	17.58
2022-06-23T09:33:18	5187.96	-841.26	-344.62	65.92	-16.12	17.59
2022-06-23T09:33:20	5177.47	-832.23	-345.97	65.97	-16.11	17.61
2022-06-23T09:33:22	5166.97	-823.20	-347.31	66.01	-16.10	17.62
2022-06-23T09:33:24	5156.47	-814.17	-348.65	66.06	-16.12	17.67
2022-06-23T09:33:26	5145.97	-805.14	-350.00	66.12	-16.17	17.72
2022-06-23T09:33:28	5135.47	-796.10	-351.34	66.19	-16.22	17.79
2022-06-23T09:33:30	5124.96	-787.07	-352.68	66.27	-16.26	17.85
2022-06-23T09:33:32	5114.45	-778.04	-354.02	66.36	-16.30	17.88
2022-06-23T09:33:34	5103.94	-769.01	-355.37	66.44	-16.34	17.89
2022-06-23T09:33:36	5093.42	-759.97	-356.71	66.51	-16.34	17.90
2022-06-23T09:33:38	5082.90	-750.94	-358.05	66.58	-16.34	17.93
2022-06-23T09:33:40	5072.38	-741.90	-359.39	66.64	-16.34	17.97
2022-06-23T09:33:42	5061.85	-732.87	-360.73	66.68	-16.35	18.01
2022-06-23T09:33:44	5051.32	-723.83	-362.07	66.74	-16.35	18.04
2022-06-23T09:33:46	5040.79	-714.79	-363.42	66.81	-16.36	18.05
2022-06-23T09:33:48	5030.25	-705.76	-364.76	66.86	-16.35	18.05
2022-06-23T09:33:50	5019.71	-696.72	-366.10	66.90	-16.33	18.06
2022-06-23T09:33:52	5009.17	-687.68	-367.44	66.93	-16.32	18.08
2022-06-23T09:33:54	4998.62	-678.64	-368.78	66.98	-16.37	18.14
2022-06-23T09:33:56	4988.07	-669.60	-370.12	67.03	-16.43	18.20
2022-06-23T09:33:58	4977.52	-660.56	-371.46	67.08	-16.49	18.26
2022-06-23T09:34:00	4966.96	-651.52	-372.80	67.13	-16.53	18.34
2022-06-23T09:34:02	4956.40	-642.48	-374.13	67.18	-16.54	18.42
2022-06-23T09:34:04	4945.84	-633.44	-375.47	67.23	-16.53	18.51
2022-06-23T09:34:06	4935.27	-624.40	-376.81	67.29	-16.53	18.61
2022-06-23T09:34:08	4924.70	-615.36	-378.15	67.36	-16.56	18.68
2022-06-23T09:34:10	4914.13	-606.31	-379.49	67.42	-16.57	18.74
2022-06-23T09:34:12	4903.55	-597.27	-380.83	67.50	-16.56	18.83
2022-06-23T09:34:14	4892.97	-588.23	-382.16	67.57	-16.54	18.92
2022-06-23T09:34:16	4882.39	-579.18	-383.50	67.64	-16.51	19.03
2022-06-23T09:34:18	4871.80	-570.14	-384.84	67.64	-16.46	19.08
2022-06-23T09:34:20	4861.21	-561.09	-386.17	67.57	-16.42	19.05
2022-06-23T09:34:22	4850.61	-552.05	-387.51	67.50	-16.39	19.03
2022-06-23T09:34:24	4840.01	-543.00	-388.85	67.44	-16.36	19.03
2022-06-23T09:34:26	4829.41	-533.95	-390.18	67.38	-16.33	19.03
2022-06-23T09:34:28	4818.81	-524.91	-391.52	67.32	-16.31	19.04
2022-06-23T09:34:30	4808.20	-515.86	-392.85	67.24	-16.28	19.07
2022-06-23T09:34:32	4797.58	-506.81	-394.19	67.09	-16.26	19.15
2022-06-23T09:34:34	4786.97	-497.76	-395.52	66.91	-16.27	19.24
2022-06-23T09:34:36	4776.35	-488.72	-396.86	66.70	-16.30	19.34
2022-06-23T09:34:38	4765.72	-479.67	-398.19	66.46	-16.35	19.45
2022-06-23T09:34:40	4755.09	-470.62	-399.52	66.33	-16.43	19.64
2022-06-23T09:34:42	4744.46	-461.57	-400.86	66.22	-16.50	19.85
2022-06-23T09:34:44	4733.82	-452.52	-402.19	66.16	-16.49	20.04
2022-06-23T09:34:46	4723.19	-443.47	-403.52	66.09	-16.40	20.18
2022-06-23T09:34:48	4712.54	-434.42	-404.85	66.01	-16.24	20.26
2022-06-23T09:34:50	4701.89	-425.37	-406.19	65.96	-16.09	20.30
2022-06-23T09:34:52	4691.24	-416.31	-407.52	65.94	-16.07	20.30
2022-06-23T09:34:54	4680.59	-407.26	-408.85	65.87	-16.08	20.26
2022-06-23T09:34:56	4669.93	-398.21	-410.18	65.83	-16.19	20.27
2022-06-23T09:34:58	4659.27	-389.16	-411.51	65.83	-16.30	20.36
2022-06-23T09:35:00	4648.60	-380.10	-412.84	65.79	-16.34	20.46
2022-06-23T09:35:02	4637.93	-371.05	-414.17	65.94	-16.46	20.71
2022-06-23T09:35:04	4627.26	-362.00	-415.50	66.10	-16.52	20.92
2022-06-23T09:35:06	4616.58	-352.94	-416.83	66.27	-16.55	21.10
2022-06-23T09:35:08	4605.89	-343.89	-418.16	66.44	-16.55	21.24
2022-06-23T09:35:10	4595.21	-334.83	-419.48	66.55	-16.55	21.34
2022-06-23T09:35:12	4584.52	-325.78	-420.81	66.53	-16.54	21.49
2022-06-23T09:35:14	4573.82	-316.72	-422.14	66.46	-16.55	21.67
2022-06-23T09:35:16	4563.12	-307.66	-423.47	66.37	-16.56	21.87
2022-06-23T09:35:18	4552.42	-298.61	-424.80	66.27	-16.59	22.10
2022-06-23T09:35:20	4541.71	-289.55	-426.12	66.16	-16.63	22.34
2022-06-23T09:35:22	4531.00	-280.50	-427.45	66.22	-16.64	22.55
2022-06-23T09:35:24	4520.28	-271.44	-428.77	66.35	-16.60	22.72
2022-06-23T09:35:26	4509.56	-262.38	-430.10	66.47	-16.51	22.87
2022-06-23T09:35:28	4498.84	-253.32	-431.42	66.58	-16.38	23.01
2022-06-23T09:35:30	4488.11	-244.27	-432.75	66.70	-16.20	23.13
2022-06-23T09:35:32	4477.38	-235.21	-434.07	66.80	-15.97	23.23
2022-06-23T09:35:34	4466.64	-226.15	-435.40	66.85	-16.13	23.31
2022-06-23T09:35:36	4455.90	-217.09	-436.72	66.90	-16.33	23.43
2022-06-23T09:35:38	4445.16	-208.03	-438.04	66.95	-16.44	23.58
2022-06-23T09:35:40	4434.40	-198.97	-439.36	67.00	-16.47	23.77
2022-06-23T09:35:42	4423.65	-189.91	-440.69	67.04	-16.41	24.00
2022-06-23T09:35:44	4412.89	-180.85	-442.01	67.21	-16.29	24.21
2022-06-23T09:35:46	4402.13	-171.79	-443.33	67.43	-16.22	24.29
2022-06-23T09:35:48	4391.36	-162.73	-444.65	67.66	-16.37	24.26
2022-06-23T09:35:50	4380.59	-153.67	-445.97	67.82	-16.53	24.28
2022-06-23T09:35:52	4369.81	-144.61	-447.29	67.93	-16.71	24.33
2022-06-23T09:35:54	4359.03	-135.55	-448.61	68.07	-16.89	24.42
2022-06-23T09:35:56	4348.25	-126.49	-449.93	68.38	-17.03	24.54
2022-06-23T09:35:58	4337.46	-117.43	-451.24	68.73	-17.12	24.70
2022-06-23T09:36:00	4326.66	-108.37	-452.56	69.25	-17.04	24.75
2022-06-23T09:36:02	4315.86	-99.30	-453.88	69.70	-16.97	24.80
2022-06-23T09:36:04	4305.06	-90.24	-455.20	70.07	-16.90	24.85
2022-06-23T09:36:06	4294.25	-81.18	-456.51	70.42	-16.82	24.96
2022-06-23T09:36:08	4283.44	-72.12	-457.83	70.80	-16.78	25.10
2022-06-23T09:36:10	4272.62	-63.06	-459.14	71.22	-16.78	25.27
2022-06-23T09:36:12	4261.80	-53.99	-460.46	71.44	-16.68	25.40
2022-06-23T09:36:14	4250.97	-44.93	-461.77	71.51	-16.51	25.47
2022-06-23T09:36:16	4240.14	-35.87	-463.09	71.40	-16.28	25.54
2022-06-23T09:36:18	4229.30	-26.81	-464.40	71.29	-16.06	25.59
2022-06-23T09:36:20	4218.46	-17.75	-465.71	71.25	-15.85	25.62
2022-06-23T09:36:22	4207.61	-8.68	-467.03	71.26	-15.66	25.63
2022-06-23T09:36:24	4196.76	0.38	-468.34	71.33	-15.52	25.67
2022-06-23T09:36:26	4185.91	9.44	-469.65	71.45	-15.50	25.87
2022-06-23T09:36:28	4175.04	18.50	-470.96	71.55	-15.50	26.10
2022-06-23T09:36:30	4164.18	27.57	-472.27	71.60	-15.46	26.33
2022-06-23T09:36:32	4153.31	36.63	-473.58	71.60	-15.38	26.55
2022-06-23T09:36:34	4142.43	45.69	-474.89	71.57	-15.27	26.75
2022-06-23T09:36:36	4131.55	54.76	-476.20	71.54	-15.14	26.92
2022-06-23T09:36:38	4120.67	63.82	-477.50	71.42	-15.22	26.93
2022-06-23T09:36:40	4109.77	72.88	-478.81	71.30	-15.29	27.01
2022-06-23T09:36:42	4098.88	81.94	-480.12	71.19	-15.38	27.16
2022-06-23T09:36:44	4087.98	91.00	-481.42	71.08	-15.46	27.37
2022-06-23T09:36:46	4077.07	100.07	-482.73	70.99	-15.54	27.64
2022-06-23T09:36:48	4066.16	109.13	-484.03	71.14	-15.57	27.87
2022-06-23T09:36:50	4055.24	118.19	-485.34	71.16	-15.38	27.94
2022-06-23T09:36:52	4044.32	127.25	-486.64	71.09	-15.11	27.96
2022-06-23T09:36:54	4033.39	136.32	-487.94	70.99	-14.87	27.98
2022-06-23T09:36:56	4022.46	145.38	-489.24	70.86	-14.64	28.01
2022-06-23T09:36:58	4011.52	154.44	-490.54	70.43	-14.39	28.15
2022-06-23T09:37:00	4000.58	163.50	-491.85	69.91	-14.17	28.37
2022-06-23T09:37:02	3989.63	172.56	-493.15	69.43	-13.99	28.74
2022-06-23T09:37:04	3978.68	181.62	-494.45	69.04	-13.82	29.22
2022-06-23T09:37:06	3967.72	190.68	-495.74	68.70	-13.58	29.64
2022-06-23T09:37:08	3956.76	199.74	-497.04	68.50	-13.29	29.92
2022-06-23T09:37:10	3945.78	208.80	-498.34	68.32	-12.94	30.10
2022-06-23T09:37:12	3934.81	217.87	-499.64	68.07	-12.53	30.24
2022-06-23T09:37:14	3923.83	226.92	-500.93	67.73	-12.05	30.37
2022-06-23T09:37:16	3912.84	235.98	-502.23	67.41	-11.70	30.76
2022-06-23T09:37:18	3901.85	245.04	-503.52	67.23	-11.50	31.40
2022-06-23T09:37:20	3890.85	254.10	-504.82	67.22	-11.53	32.27
2022-06-23T09:37:22	3879.85	263.16	-506.11	67.15	-11.47	33.13
2022-06-23T09:37:24	3868.84	272.22	-507.40	67.01	-11.32	34.00
2022-06-23T09:37:26	3857.83	281.28	-508.69	66.80	-11.08	34.88
2022-06-23T09:37:28	3846.81	290.33	-509.98	66.74	-10.78	35.47
2022-06-23T09:37:30	3835.78	299.39	-511.28	66.83	-10.53	35.41
2022-06-23T09:37:32	3824.75	308.45	-512.57	66.67	-10.16	35.31
2022-06-23T09:37:34	3813.71	317.50	-513.85	66.26	-9.67	35.16
2022-06-23T09:37:36	3802.67	326.56	-515.14	65.56	-9.05	34.95
2022-06-23T09:37:38	3791.62	335.62	-516.43	64.58	-8.26	34.67
2022-06-23T09:37:40	3780.56	344.67	-517.71	64.99	-8.23	34.91
2022-06-23T09:37:42	3769.50	353.72	-519.00	65.49	-8.39	35.14
2022-06-23T09:37:44	3758.44	362.78	-520.29	65.60	-8.51	35.26
2022-06-23T09:37:46	3747.36	371.83	-521.57	65.34	-8.58	35.27
2022-06-23T09:37:48	3736.28	380.88	-522.85	64.72	-8.60	35.21
2022-06-23T09:37:50	3725.20	389.94	-524.13	64.22	-8.57	35.35
2022-06-23T09:37:52	3714.11	398.99	-525.41	64.14	-8.66	35.71
2022-06-23T09:37:54	3703.01	408.04	-526.70	64.44	-8.70	35.87
2022-06-23T09:37:56	3691.91	417.09	-527.97	64.51	-8.56	35.89
2022-06-23T09:37:58	3680.80	426.14	-529.25	64.37	-8.22	35.75
2022-06-23T09:38:00	3669.69	435.19	-530.53	64.06	-7.57	35.54
2022-06-23T09:38:02	3658.57	444.24	-531.81	63.81	-6.85	35.38
2022-06-23T09:38:04	3647.44	453.28	-533.08	63.64	-6.20	35.23
2022-06-23T09:38:06	3636.30	462.33	-534.36	63.83	-5.85	35.62
2022-06-23T09:38:08	3625.16	471.38	-535.63	63.85	-5.44	36.09
2022-06-23T09:38:10	3614.02	480.42	-536.90	63.57	-5.02	36.33
2022-06-23T09:38:12	3602.86	489.47	-538.18	63.20	-4.68	36.24
2022-06-23T09:38:14	3591.70	498.51	-539.45	62.86	-4.32	35.99
2022-06-23T09:38:16	3580.54	507.55	-540.72	62.57	-3.94	35.58
2022-06-23T09:38:18	3569.37	516.59	-541.99	62.57	-3.81	34.99
2022-06-23T09:38:20	3558.19	525.64	-543.26	62.83	-3.79	34.56
2022-06-23T09:38:22	3547.00	534.68	-544.53	63.22	-3.43	34.61
2022-06-23T09:38:24	3535.81	543.71	-545.79	63.61	-2.83	34.94
2022-06-23T09:38:26	3524.61	552.76	-547.06	64.03	-2.00	35.55
2022-06-23T09:38:28	3513.41	561.79	-548.32	64.49	-0.96	36.42
2022-06-23T09:38:30	3502.20	570.83	-549.58	65.13	0.05	37.29
2022-06-23T09:38:32	3490.98	579.86	-550.85	66.06	0.34	37.37
2022-06-23T09:38:34	3479.76	588.90	-552.11	66.74	0.59	37.38
2022-06-23T09:38:36	3468.53	597.93	-553.37	67.17	0.79	37.33
2022-06-23T09:38:38	3457.29	606.96	-554.63	67.37	0.96	37.21
2022-06-23T09:38:40	3446.04	615.99	-555.88	67.39	1.15	37.04
2022-06-23T09:38:42	3434.79	625.02	-557.14	67.61	1.66	36.77
2022-06-23T09:38:44	3423.53	634.05	-558.40	69.02	2.31	36.47
2022-06-23T09:38:46	3412.27	643.08	-559.65	70.73	2.94	36.27
2022-06-23T09:38:48	3401.00	652.10	-560.90	72.60	3.50	36.20
2022-06-23T09:38:50	3389.72	661.13	-562.16	74.59	3.99	36.24
2022-06-23T09:38:52	3378.43	670.15	-563.41	76.37	4.38	36.21
2022-06-23T09:38:54	3367.14	679.17	-564.66	78.02	4.77	36.16
2022-06-23T09:38:56	3355.84	688.19	-565.91	79.40	5.09	36.05
2022-06-23T09:38:58	3344.53	697.21	-567.15	80.67	5.34	35.89
2022-06-23T09:39:00	3333.22	706.23	-568.40	82.00	5.58	35.74
2022-06-23T09:39:02	3321.90	715.24	-569.64	82.90	6.02	35.76
2022-06-23T09:39:04	3310.57	724.26	-570.89	83.71	6.43	35.76
2022-06-23T09:39:06	3299.24	733.27	-572.13	84.45	6.80	35.72
2022-06-23T09:39:08	3287.89	742.28	-573.37	85.12	7.10	35.74
2022-06-23T09:39:10	3276.54	751.29	-574.62	85.84	7.30	36.12
2022-06-23T09:39:12	3265.19	760.30	-575.85	86.94	7.43	36.49
2022-06-23T09:39:14	3253.82	769.31	-577.09	87.95	7.74	36.96
2022-06-23T09:39:16	3242.45	778.31	-578.33	88.89	8.21	37.52
2022-06-23T09:39:18	3231.07	787.31	-579.56	89.74	8.84	38.16
2022-06-23T09:39:20	3219.68	796.32	-580.80	90.52	9.62	38.88
2022-06-23T09:39:22	3208.29	805.32	-582.03	91.65	10.29	38.68
2022-06-23T09:39:24	3196.89	814.31	-583.26	92.82	10.94	38.49
2022-06-23T09:39:26	3185.48	823.31	-584.49	93.97	11.64	38.43
2022-06-23T09:39:28	3174.07	832.30	-585.72	95.09	12.37	38.52
2022-06-23T09:39:30	3162.64	841.29	-586.94	96.18	13.13	38.74
2022-06-23T09:39:32	3151.21	850.29	-588.17	97.37	13.70	38.88
2022-06-23T09:39:34	3139.77	859.27	-589.39	98.32	14.24	38.93
2022-06-23T09:39:36	3128.33	868.26	-590.62	99.12	14.72	38.96
2022-06-23T09:39:38	3116.87	877.24	-591.84	99.94	15.22	39.04
2022-06-23T09:39:40	3105.41	886.23	-593.06	100.77	15.75	39.19
2022-06-23T09:39:42	3093.94	895.21	-594.27	101.79	16.09	39.43
2022-06-23T09:39:44	3082.46	904.18	-595.49	102.74	16.56	39.71
2022-06-23T09:39:46	3070.98	913.16	-596.71	103.59	17.12	40.02
2022-06-23T09:39:48	3059.49	922.13	-597.92	104.18	17.40	40.30
2022-06-23T09:39:50	3047.99	931.10	-599.13	104.69	17.57	40.49
2022-06-23T09:39:52	3036.48	940.07	-600.34	105.15	17.84	40.64
2022-06-23T09:39:54	3024.96	949.04	-601.55	105.54	18.22	40.67
2022-06-23T09:39:56	3013.44	958.00	-602.76	105.88	18.71	40.59
2022-06-23T09:39:58	3001.91	966.96	-603.97	106.16	19.30	40.41
2022-06-23T09:40:00	2990.37	975.92	-605.17	106.47	20.02	40.65
2022-06-23T09:40:02	2978.82	984.87	-606.37	106.97	20.52	41.78
2022-06-23T09:40:04	2967.26	993.83	-607.57	107.44	20.93	42.77
2022-06-23T09:40:06	2955.70	1002.78	-608.77	107.91	21.24	43.62
2022-06-23T09:40:08	2944.13	1011.72	-609.97	108.37	21.46	44.34
2022-06-23T09:40:10	2932.55	1020.67	-611.17	108.80	21.56	44.93
2022-06-23T09:40:12	2920.96	1029.61	-612.36	108.74	21.50	44.99
2022-06-23T09:40:14	2909.36	1038.55	-613.55	108.57	21.56	44.94
2022-06-23T09:40:16	2897.76	1047.49	-614.74	108.48	21.68	44.99
2022-06-23T09:40:18	2886.14	1056.42	-615.93	108.44	21.85	45.14
2022-06-23T09:40:20	2874.52	1065.35	-617.12	108.47	22.12	45.43
2022-06-23T09:40:22	2862.89	1074.28	-618.31	108.71	22.63	45.98
2022-06-23T09:40:24	2851.26	1083.20	-619.49	108.88	23.09	46.57
2022-06-23T09:40:26	2839.61	1092.12	-620.67	108.20	23.03	47.02
2022-06-23T09:40:28	2827.96	1101.04	-621.85	107.51	22.79	47.39
2022-06-23T09:40:30	2816.29	1109.96	-623.03	106.81	22.45	47.65
2022-06-23T09:40:32	2804.62	1118.87	-624.21	106.08	22.42	47.81
2022-06-23T09:40:34	2792.94	1127.78	-625.38	105.55	22.70	48.01
2022-06-23T09:40:36	2781.26	1136.68	-626.55	105.22	23.32	48.24
2022-06-23T09:40:38	2769.56	1145.58	-627.72	105.41	24.34	48.64
2022-06-23T09:40:40	2757.86	1154.48	-628.89	106.01	25.27	49.21
2022-06-23T09:40:42	2746.14	1163.37	-630.06	106.70	25.87	49.77
2022-06-23T09:40:44	2734.42	1172.27	-631.23	107.22	26.32	50.28
2022-06-23T09:40:46	2722.69	1181.16	-632.39	107.56	26.59	50.73
2022-06-23T09:40:48	2710.95	1190.04	-633.55	107.72	26.70	51.09
2022-06-23T09:40:50	2699.21	1198.92	-634.71	107.86	26.94	51.12
2022-06-23T09:40:52	2687.45	1207.79	-635.86	108.67	27.79	51.02
2022-06-23T09:40:54	2675.68	1216.67	-637.02	109.36	28.74	51.22
2022-06-23T09:40:56	2663.91	1225.53	-638.17	109.95	29.78	51.69
2022-06-23T09:40:58	2652.13	1234.40	-639.32	110.45	30.91	52.42
2022-06-23T09:41:00	2640.34	1243.26	-640.47	111.36	32.07	53.15
2022-06-23T09:41:02	2628.54	1252.12	-641.62	112.67	33.12	53.62
2022-06-23T09:41:04	2616.73	1260.97	-642.76	113.91	33.96	53.67
2022-06-23T09:41:06	2604.91	1269.82	-643.91	114.86	34.69	53.72
2022-06-23T09:41:08	2593.09	1278.66	-645.05	115.58	35.36	53.95
2022-06-23T09:41:10	2581.25	1287.50	-646.18	115.89	35.79	54.13
2022-06-23T09:41:12	2569.41	1296.33	-647.32	116.35	36.22	54.22
2022-06-23T09:41:14	2557.56	1305.16	-648.45	117.09	36.73	54.29
2022-06-23T09:41:16	2545.70	1313.99	-649.58	118.08	37.33	54.36
2022-06-23T09:41:18	2533.83	1322.81	-650.71	119.11	38.10	54.58
2022-06-23T09:41:20	2521.95	1331.63	-651.84	119.74	38.97	54.82
2022-06-23T09:41:22	2510.06	1340.44	-652.96	120.11	39.81	55.01
2022-06-23T09:41:24	2498.17	1349.25	-654.09	120.27	40.62	55.14
2022-06-23T09:41:26	2486.26	1358.05	-655.21	120.21	41.40	55.19
2022-06-23T09:41:28	2474.35	1366.85	-656.32	120.13	42.14	55.24
2022-06-23T09:41:30	2462.43	1375.64	-657.44	121.33	42.61	56.06
2022-06-23T09:41:32	2450.50	1384.43	-658.55	122.38	43.05	56.91
2022-06-23T09:41:34	2438.56	1393.21	-659.66	123.22	43.54	57.75
2022-06-23T09:41:36	2426.61	1401.99	-660.77	123.84	44.07	58.57
2022-06-23T09:41:38	2414.65	1410.76	-661.87	124.01	44.66	59.12
2022-06-23T09:41:40	2402.68	1419.53	-662.97	123.78	45.23	59.14
2022-06-23T09:41:42	2390.71	1428.30	-664.08	123.85	45.71	59.08
2022-06-23T09:41:44	2378.72	1437.05	-665.17	124.14	46.20	58.90
2022-06-23T09:41:46	2366.73	1445.80	-666.27	124.48	46.72	58.79
2022-06-23T09:41:48	2354.72	1454.55	-667.36	124.68	47.58	58.84
2022-06-23T09:41:50	2342.71	1463.29	-668.45	124.65	48.68	58.93
2022-06-23T09:41:52	2330.69	1472.03	-669.54	124.53	49.73	58.95
2022-06-23T09:41:54	2318.66	1480.76	-670.63	124.33	50.75	58.89
2022-06-23T09:41:56	2306.62	1489.48	-671.71	124.47	51.75	58.99
2022-06-23T09:41:58	2294.58	1498.20	-672.79	125.10	52.94	59.66
2022-06-23T09:42:00	2282.52	1506.91	-673.86	125.66	54.27	60.42
2022-06-23T09:42:02	2270.45	1515.62	-674.94	126.04	55.65	61.20
2022-06-23T09:42:04	2258.38	1524.32	-676.01	126.24	57.08	61.99
2022-06-23T09:42:06	2246.29	1533.01	-677.08	126.25	58.52	62.74
2022-06-23T09:42:08	2234.20	1541.70	-678.15	126.47	59.39	62.61
2022-06-23T09:42:10	2222.10	1550.38	-679.21	126.54	60.18	61.96
2022-06-23T09:42:12	2209.99	1559.06	-680.27	126.70	61.07	61.61
2022-06-23T09:42:14	2197.87	1567.73	-681.33	126.99	62.09	61.60
2022-06-23T09:42:16	2185.74	1576.39	-682.39	127.34	63.21	61.92
2022-06-23T09:42:18	2173.60	1585.05	-683.44	127.63	64.16	62.31
2022-06-23T09:42:20	2161.46	1593.70	-684.49	127.99	64.93	62.69
2022-06-23T09:42:22	2149.30	1602.34	-685.54	128.12	65.62	63.00
2022-06-23T09:42:24	2137.14	1610.98	-686.58	127.87	66.45	63.21
2022-06-23T09:42:26	2124.97	1619.61	-687.62	127.45	67.72	63.13
2022-06-23T09:42:28	2112.78	1628.23	-688.66	127.17	69.04	62.90
2022-06-23T09:42:30	2100.59	1636.85	-689.70	127.15	70.12	62.65
2022-06-23T09:42:32	2088.39	1645.46	-690.73	127.40	70.93	62.41
2022-06-23T09:42:34	2076.19	1654.06	-691.76	127.94	71.49	62.18
2022-06-23T09:42:36	2063.97	1662.66	-692.78	127.29	72.55	62.58
2022-06-23T09:42:38	2051.74	1671.25	-693.81	126.68	73.72	63.10
2022-06-23T09:42:40	2039.51	1679.83	-694.83	126.29	74.90	63.72
2022-06-23T09:42:42	2027.26	1688.41	-695.85	126.10	76.07	64.41
2022-06-23T09:42:44	2015.01	1696.97	-696.86	126.01	77.35	64.98
2022-06-23T09:42:46	2002.75	1705.53	-697.87	125.70	78.89	65.01
2022-06-23T09:42:48	1990.48	1714.09	-698.88	125.37	80.27	64.98
2022-06-23T09:42:50	1978.20	1722.63	-699.89	125.12	81.47	64.82
2022-06-23T09:42:52	1965.91	1731.17	-700.89	124.97	82.64	64.84
2022-06-23T09:42:54	1953.62	1739.70	-701.89	124.93	83.66	64.81
2022-06-23T09:42:56	1941.31	1748.22	-702.89	124.78	84.58	64.72
2022-06-23T09:42:58	1929.00	1756.74	-703.88	124.47	85.49	64.68
2022-06-23T09:43:00	1916.68	1765.24	-704.87	123.99	86.41	64.69
2022-06-23T09:43:02	1904.35	1773.74	-705.86	123.56	87.37	64.60
2022-06-23T09:43:04	1892.01	1782.23	-706.84	123.40	89.24	64.64
2022-06-23T09:43:06	1879.66	1790.72	-707.82	122.99	90.82	64.80
2022-06-23T09:43:08	1867.31	1799.19	-708.80	122.28	92.07	65.09
2022-06-23T09:43:10	1854.94	1807.66	-709.77	121.28	93.01	65.50
2022-06-23T09:43:12	1842.57	1816.12	-710.75	120.25	93.64	65.86
2022-06-23T09:43:14	1830.19	1824.57	-711.71	119.86	94.24	65.91
2022-06-23T09:43:16	1817.80	1833.01	-712.68	119.98	95.35	65.70
2022-06-23T09:43:18	1805.40	1841.44	-713.64	120.05	96.68	65.43
2022-06-23T09:43:20	1792.99	1849.87	-714.60	119.90	98.04	65.24
2022-06-23T09:43:22	1780.58	1858.28	-715.55	119.59	99.68	65.34
2022-06-23T09:43:24	1768.16	1866.69	-716.50	119.56	101.42	65.54
2022-06-23T09:43:26	1755.72	1875.09	-717.45	119.88	103.13	65.75
2022-06-23T09:43:28	1743.29	1883.48	-718.39	120.53	104.79	65.97
2022-06-23T09:43:30	1730.84	1891.87	-719.33	120.11	105.96	66.02
2022-06-23T09:43:32	1718.38	1900.24	-720.27	118.72	106.79	65.62
2022-06-23T09:43:34	1705.92	1908.60	-721.21	117.65	107.43	65.49
2022-06-23T09:43:36	1693.45	1916.96	-722.14	116.93	107.87	65.62
2022-06-23T09:43:38	1680.97	1925.30	-723.07	116.54	108.12	66.00
2022-06-23T09:43:40	1668.48	1933.64	-723.99	116.08	108.50	66.53
2022-06-23T09:43:42	1655.99	1941.97	-724.91	115.38	109.37	66.92
2022-06-23T09:43:44	1643.49	1950.29	-725.83	114.51	110.84	66.94
2022-06-23T09:43:46	1630.98	1958.60	-726.74	113.75	112.07	67.05
2022-06-23T09:43:48	1618.46	1966.90	-727.65	113.08	113.05	67.23
2022-06-23T09:43:50	1605.93	1975.19	-728.56	112.23	113.50	67.09
2022-06-23T09:43:52	1593.40	1983.48	-729.46	111.31	113.90	66.91
2022-06-23T09:43:54	1580.86	1991.75	-730.37	110.37	114.28	66.70
2022-06-23T09:43:56	1568.31	2000.01	-731.26	109.48	114.68	66.45
2022-06-23T09:43:58	1555.76	2008.27	-732.16	108.97	115.54	66.19
2022-06-23T09:44:00	1543.20	2016.51	-733.04	108.50	116.74	66.16
2022-06-23T09:44:02	1530.62	2024.75	-733.93	108.19	118.02	66.31
2022-06-23T09:44:04	1518.05	2032.97	-734.81	108.10	119.39	66.67
2022-06-23T09:44:06	1505.46	2041.19	-735.69	108.24	120.84	67.25
2022-06-23T09:44:08	1492.87	2049.40	-736.57	107.95	122.14	67.35
2022-06-23T09:44:10	1480.27	2057.59	-737.44	106.96	122.89	67.12
2022-06-23T09:44:12	1467.66	2065.77	-738.31	105.54	122.99	66.74
2022-06-23T09:44:14	1455.05	2073.95	-739.18	104.28	123.06	66.41
2022-06-23T09:44:16	1442.43	2082.12	-740.04	103.27	122.91	66.33
2022-06-23T09:44:18	1429.80	2090.27	-740.89	102.44	122.58	66.63
2022-06-23T09:44:20	1417.17	2098.42	-741.75	101.57	122.61	66.83
2022-06-23T09:44:22	1404.53	2106.56	-742.60	100.64	123.01	66.94
2022-06-23T09:44:24	1391.88	2114.69	-743.45	99.71	123.69	66.98
2022-06-23T09:44:26	1379.23	2122.80	-744.29	99.28	123.95	67.43
2022-06-23T09:44:28	1366.57	2130.91	-745.13	98.88	124.33	67.72
2022-06-23T09:44:30	1353.90	2139.01	-745.97	98.37	124.88	67.69
2022-06-23T09:44:32	1341.23	2147.09	-746.80	97.74	125.61	67.38
2022-06-23T09:44:34	1328.55	2155.17	-747.63	96.92	126.19	66.90
2022-06-23T09:44:36	1315.86	2163.23	-748.46	95.77	125.75	66.75
2022-06-23T09:44:38	1303.17	2171.29	-749.28	94.46	125.05	67.05
2022-06-23T09:44:40	1290.47	2179.33	-750.10	93.53	124.74	68.20
2022-06-23T09:44:42	1277.77	2187.37	-750.91	92.93	124.96	69.41
2022-06-23T09:44:44	1265.05	2195.39	-751.72	92.97	126.28	70.37
2022-06-23T09:44:46	1252.34	2203.41	-752.53	92.88	127.54	71.01
2022-06-23T09:44:48	1239.62	2211.41	-753.34	92.48	128.50	71.37
2022-06-23T09:44:50	1226.89	2219.40	-754.14	91.79	129.18	71.47
2022-06-23T09:44:52	1214.15	2227.38	-754.94	90.60	129.43	71.29
2022-06-23T09:44:54	1201.41	2235.35	-755.73	88.84	128.88	70.84
2022-06-23T09:44:56	1188.67	2243.31	-756.52	87.56	128.78	70.64
2022-06-23T09:44:58	1175.91	2251.27	-757.31	86.73	129.10	70.71
2022-06-23T09:45:00	1163.16	2259.21	-758.09	86.33	129.83	71.03
2022-06-23T09:45:02	1150.39	2267.13	-758.87	86.11	130.98	71.66
2022-06-23T09:45:04	1137.63	2275.05	-759.65	85.59	131.91	72.28
2022-06-23T09:45:06	1124.85	2282.96	-760.42	84.75	132.54	72.81
2022-06-23T09:45:08	1112.07	2290.86	-761.18	83.75	132.73	73.07
2022-06-23T09:45:10	1099.29	2298.74	-761.95	82.77	132.64	73.20
2022-06-23T09:45:12	1086.50	2306.62	-762.71	81.82	132.49	73.19
2022-06-23T09:45:14	1073.71	2314.48	-763.47	81.06	132.53	73.27
2022-06-23T09:45:16	1060.91	2322.34	-764.23	80.48	132.77	73.45
2022-06-23T09:45:18	1048.10	2330.18	-764.97	80.09	133.20	73.73
2022-06-23T09:45:20	1035.30	2338.02	-765.72	79.34	133.19	73.49
2022-06-23T09:45:22	1022.48	2345.84	-766.46	78.15	132.82	73.06
2022-06-23T09:45:24	1009.66	2353.65	-767.20	76.81	132.23	72.81
2022-06-23T09:45:26	996.84	2361.45	-767.94	75.48	131.55	72.76
2022-06-23T09:45:28	984.01	2369.24	-768.68	74.41	130.93	73.01
2022-06-23T09:45:30	971.18	2377.02	-769.41	73.79	130.74	73.35
2022-06-23T09:45:32	958.35	2384.78	-770.13	73.17	130.80	73.51
2022-06-23T09:45:34	945.50	2392.54	-770.85	72.55	131.15	73.49
2022-06-23T09:45:36	932.66	2400.29	-771.57	71.97	131.75	73.30
2022-06-23T09:45:38	919.81	2408.02	-772.29	71.34	131.05	73.56
2022-06-23T09:45:40	906.96	2415.75	-773.00	70.73	130.34	73.88
2022-06-23T09:45:42	894.10	2423.46	-773.71	70.17	129.73	74.21
2022-06-23T09:45:44	881.24	2431.16	-774.41	69.66	129.21	74.56
2022-06-23T09:45:46	868.37	2438.86	-775.11	69.12	129.17	75.01
2022-06-23T09:45:48	855.51	2446.54	-775.81	68.45	129.53	75.61
2022-06-23T09:45:50	842.63	2454.21	-776.51	67.70	129.85	76.25
2022-06-23T09:45:52	829.76	2461.86	-777.20	66.82	129.88	76.76
2022-06-23T09:45:54	816.88	2469.51	-777.89	65.95	129.70	77.24
2022-06-23T09:45:56	803.99	2477.15	-778.57	65.39	128.86	76.90
2022-06-23T09:45:58	791.10	2484.78	-779.25	64.92	128.06	76.53
2022-06-23T09:46:00	778.21	2492.39	-779.93	64.54	127.30	76.14
2022-06-23T09:46:02	765.32	2500.00	-780.60	64.26	126.57	75.75
2022-06-23T09:46:04	752.42	2507.59	-781.27	63.62	126.16	75.39
2022-06-23T09:46:06	739.52	2515.18	-781.94	62.61	125.99	75.02
2022-06-23T09:46:08	726.62	2522.75	-782.61	61.40	125.82	74.75
2022-06-23T09:46:10	713.71	2530.31	-783.27	60.14	125.58	74.39
2022-06-23T09:46:12	700.80	2537.86	-783.92	58.96	125.25	74.21
2022-06-23T09:46:14	687.89	2545.41	-784.58	58.32	124.86	75.21
2022-06-23T09:46:16	674.97	2552.93	-785.23	57.57	124.41	76.13
2022-06-23T09:46:18	662.05	2560.45	-785.88	56.72	123.89	76.95
2022-06-23T09:46:20	649.14	2567.96	-786.52	55.76	123.27	77.66
2022-06-23T09:46:22	636.21	2575.46	-787.16	54.98	122.92	78.43
2022-06-23T09:46:24	623.28	2582.95	-787.80	54.31	122.63	79.13
2022-06-23T09:46:26	610.35	2590.42	-788.43	53.65	122.19	79.66
2022-06-23T09:46:28	597.42	2597.89	-789.06	52.97	121.60	80.00
2022-06-23T09:46:30	584.49	2605.34	-789.69	52.25	120.85	80.10
2022-06-23T09:46:32	571.55	2612.79	-790.32	51.48	120.05	80.08
2022-06-23T09:46:34	558.61	2620.22	-790.94	50.77	119.29	80.10
2022-06-23T09:46:36	545.67	2627.65	-791.56	50.12	118.57	80.15
2022-06-23T09:46:38	532.73	2635.06	-792.17	49.73	118.34	80.37
2022-06-23T09:46:40	519.79	2642.46	-792.78	49.51	118.15	80.56
2022-06-23T09:46:42	506.84	2649.85	-793.39	49.26	117.79	80.67
2022-06-23T09:46:44	493.89	2657.24	-794.00	48.94	117.26	80.67
2022-06-23T09:46:46	480.94	2664.61	-794.60	48.53	116.55	80.57
2022-06-23T09:46:48	467.98	2671.97	-795.20	47.64	115.78	80.74
2022-06-23T09:46:50	455.03	2679.32	-795.79	46.29	115.10	81.54
2022-06-23T09:46:52	442.07	2686.66	-796.39	45.02	114.42	82.58
2022-06-23T09:46:54	429.11	2693.99	-796.98	44.03	113.80	83.61
2022-06-23T09:46:56	416.15	2701.31	-797.56	43.19	113.28	84.75
2022-06-23T09:46:58	403.19	2708.61	-798.15	42.75	112.70	84.16
2022-06-23T09:47:00	390.23	2715.92	-798.73	42.18	112.07	83.76
2022-06-23T09:47:02	377.27	2723.20	-799.30	41.48	111.40	83.54
2022-06-23T09:47:04	364.30	2730.48	-799.88	40.65	110.68	83.52
2022-06-23T09:47:06	351.33	2737.75	-800.45	39.97	109.90	83.61
2022-06-23T09:47:08	338.36	2745.01	-801.02	39.70	109.29	83.49
2022-06-23T09:47:10	325.40	2752.25	-801.59	39.66	108.80	83.33
2022-06-23T09:47:12	312.42	2759.49	-802.15	39.52	108.29	83.43
2022-06-23T09:47:14	299.45	2766.72	-802.71	39.27	107.78	83.80
2022-06-23T09:47:16	286.48	2773.94	-803.27	38.88	107.15	84.25
2022-06-23T09:47:18	273.51	2781.15	-803.82	38.45	106.30	84.61
2022-06-23T09:47:20	260.53	2788.34	-804.37	37.99	105.24	84.88
2022-06-23T09:47:22	247.56	2795.53	-804.92	37.50	103.98	85.07
2022-06-23T09:47:24	234.58	2802.71	-805.47	37.01	103.65	85.29
2022-06-23T09:47:26	221.60	2809.88	-806.01	36.48	103.82	85.52
2022-06-23T09:47:28	208.62	2817.04	-806.55	35.99	103.89	86.00
2022-06-23T09:47:30	195.64	2824.19	-807.09	35.54	103.85	86.72
2022-06-23T09:47:32	182.66	2831.33	-807.62	35.03	103.37	87.28
2022-06-23T09:47:34	169.68	2838.46	-808.15	34.41	102.26	87.32
2022-06-23T09:47:36	156.70	2845.58	-808.68	33.78	100.99	87.30
2022-06-23T09:47:38	143.72	2852.69	-809.21	33.15	99.56	87.24
2022-06-23T09:47:40	130.74	2859.79	-809.73	32.45	98.23	86.93
2022-06-23T09:47:42	117.76	2866.88	-810.25	32.19	98.41	86.47
2022-06-23T09:47:44	104.78	2873.96	-810.77	32.00	98.49	86.17
2022-06-23T09:47:46	91.79	2881.03	-811.28	31.87	98.44	86.05
2022-06-23T09:47:48	78.81	2888.10	-811.80	31.80	98.28	86.10
2022-06-23T09:47:50	65.83	2895.15	-812.31	31.32	97.61	86.27
2022-06-23T09:47:52	52.84	2902.19	-812.81	30.50	96.64	86.22
2022-06-23T09:47:54	39.86	2909.23	-813.32	29.64	95.63	85.92
2022-06-23T09:47:56	26.88	2916.25	-813.82	28.69	94.57	85.63
2022-06-23T09:47:58	13.89	2923.27	-814.32	27.66	93.52	85.96
2022-06-23T09:48:00	0.91	2930.28	-814.82	26.75	92.59	86.97
2022-06-23T09:48:02	-12.08	2937.28	-815.31	25.95	91.76	87.81
2022-06-23T09:48:04	-25.06	2944.27	-815.80	25.26	91.03	88.47
2022-06-23T09:48:06	-38.04	2951.25	-816.29	24.68	90.40	88.94
2022-06-23T09:48:08	-51.03	2958.22	-816.78	24.59	90.09	89.07
2022-06-23T09:48:10	-64.01	2965.18	-817.26	24.64	89.95	89.10
2022-06-23T09:48:12	-76.99	2972.13	-817.75	24.76	89.89	89.11
2022-06-23T09:48:14	-89.97	2979.08	-818.22	24.93	89.66	89.18
2022-06-23T09:48:16	-102.96	2986.01	-818.70	24.60	89.05	89.18
2022-06-23T09:48:18	-115.94	2992.94	-819.18	23.73	88.16	89.13
2022-06-23T09:48:20	-128.92	2999.86	-819.65	22.98	87.38	89.04
2022-06-23T09:48:22	-141.90	3006.77	-820.12	22.35	86.70	88.91
2022-06-23T09:48:24	-154.88	3013.67	-820.59	21.82	86.11	88.73
2022-06-23T09:48:26	-167.87	3020.56	-821.05	21.47	85.59	88.68
2022-06-23T09:48:28	-180.85	3027.44	-821.51	20.99	85.20	88.61
2022-06-23T09:48:30	-193.82	3034.32	-821.97	20.18	84.84	88.95
2022-06-23T09:48:32	-206.80	3041.18	-822.43	19.30	84.51	89.29
2022-06-23T09:48:34	-219.78	3048.04	-822.89	18.74	84.02	89.41
2022-06-23T09:48:36	-232.76	3054.89	-823.34	18.43	83.45	89.36
2022-06-23T09:48:38	-245.74	3061.73	-823.79	18.16	82.93	89.25
2022-06-23T09:48:40	-258.71	3068.56	-824.24	17.93	82.46	89.10
2022-06-23T09:48:42	-271.69	3075.39	-824.69	17.65	82.11	89.05
2022-06-23T09:48:44	-284.67	3082.20	-825.13	17.07	82.06	89.63
2022-06-23T09:48:46	-297.64	3089.01	-825.57	16.68	82.04	90.25
2022-06-23T09:48:48	-310.61	3095.81	-826.02	16.46	81.96	90.71
2022-06-23T09:48:50	-323.58	3102.60	-826.45	16.28	81.75	90.90
2022-06-23T09:48:52	-336.56	3109.38	-826.89	16.55	81.55	90.95
2022-06-23T09:48:54	-349.53	3116.16	-827.32	16.87	81.33	91.00
2022-06-23T09:48:56	-362.50	3122.92	-827.75	17.10	81.03	91.04
2022-06-23T09:48:58	-375.46	3129.68	-828.18	17.25	80.67	91.06
2022-06-23T09:49:00	-388.43	3136.44	-828.61	17.32	80.35	90.90
2022-06-23T09:49:02	-401.40	3143.18	-829.03	17.45	80.32	90.48
2022-06-23T09:49:04	-414.37	3149.92	-829.46	17.67	80.57	90.19
2022-06-23T09:49:06	-427.33	3156.64	-829.88	17.90	80.74	89.95
2022-06-23T09:49:08	-440.29	3163.36	-830.30	18.15	80.84	89.75
2022-06-23T09:49:10	-453.26	3170.07	-830.72	18.21	80.14	89.55
2022-06-23T09:49:12	-466.22	3176.78	-831.13	18.27	79.34	89.26
2022-06-23T09:49:14	-479.18	3183.48	-831.54	18.35	78.49	88.85
2022-06-23T09:49:16	-492.14	3190.17	-831.95	18.44	77.57	88.35
2022-06-23T09:49:18	-505.09	3196.85	-832.36	18.59	77.05	87.85
2022-06-23T09:49:20	-518.05	3203.52	-832.77	18.81	77.18	87.65
2022-06-23T09:49:22	-531.01	3210.19	-833.17	19.02	77.37	87.61
2022-06-23T09:49:24	-543.96	3216.85	-833.58	19.21	77.43	87.60
2022-06-23T09:49:26	-556.91	3223.50	-833.98	19.42	77.30	87.69
2022-06-23T09:49:28	-569.87	3230.15	-834.38	19.94	76.65	88.39
2022-06-23T09:49:30	-582.82	3236.78	-834.77	20.39	75.96	89.15
2022-06-23T09:49:32	-595.77	3243.41	-835.17	20.76	75.22	89.97
2022-06-23T09:49:34	-608.71	3250.04	-835.56	21.06	74.42	90.83
2022-06-23T09:49:36	-621.66	3256.65	-835.95	21.01	73.29	91.25
2022-06-23T09:49:38	-634.60	3263.26	-836.34	20.65	72.27	91.35
2022-06-23T09:49:40	-647.55	3269.86	-836.73	20.38	71.36	91.53
2022-06-23T09:49:42	-660.49	3276.46	-837.12	20.18	70.58	91.81
2022-06-23T09:49:44	-673.43	3283.04	-837.50	19.99	69.72	92.35
2022-06-23T09:49:46	-686.37	3289.63	-837.88	19.55	68.22	93.15
2022-06-23T09:49:48	-699.31	3296.20	-838.26	18.98	66.38	93.69
2022-06-23T09:49:50	-712.24	3302.76	-838.65	18.29	64.21	93.98
2022-06-23T09:49:52	-725.18	3309.33	-839.02	17.46	61.72	94.02
2022-06-23T09:49:54	-738.11	3315.88	-839.40	15.39	58.73	93.36
2022-06-23T09:49:56	-751.04	3322.42	-839.77	12.83	55.74	92.36
2022-06-23T09:49:58	-763.97	3328.97	-840.14	10.42	52.85	91.29
2022-06-23T09:50:00	-776.90	3335.50	-840.51	8.18	50.07	90.17
2022-06-23T09:50:02	-789.83	3342.02	-840.88	6.45	47.86	88.99
2022-06-23T09:50:04	-802.75	3348.54	-841.25	5.31	46.05	87.81
2022-06-23T09:50:06	-815.67	3355.06	-841.61	4.31	43.93	86.66
2022-06-23T09:50:08	-828.60	3361.56	-841.98	3.44	41.51	85.52
2022-06-23T09:50:10	-841.52	3368.06	-842.34	2.70	38.82	84.40
2022-06-23T09:50:12	-854.44	3374.55	-842.70	1.65	38.14	84.30
2022-06-23T09:50:14	-867.35	3381.04	-843.06	0.59	37.63	84.27
2022-06-23T09:50:16	-880.27	3387.52	-843.42	-0.47	36.75	83.93
2022-06-23T09:50:18	-893.18	3394.00	-843.77	-1.55	35.52	83.29
2022-06-23T09:50:20	-906.09	3400.46	-844.13	-2.19	34.52	82.71
2022-06-23T09:50:22	-919.00	3406.93	-844.48	-2.41	33.79	81.85
2022-06-23T09:50:24	-931.91	3413.38	-844.83	-2.50	32.99	80.39
2022-06-23T09:50:26	-944.82	3419.83	-845.18	-2.45	32.12	78.33
2022-06-23T09:50:28	-957.73	3426.27	-845.53	-2.46	31.11	75.57
2022-06-23T09:50:30	-970.63	3432.71	-845.87	-3.64	29.97	72.33
2022-06-23T09:50:32	-983.53	3439.14	-846.22	-4.67	28.97	69.35
2022-06-23T09:50:34	-996.43	3445.57	-846.56	-5.41	28.04	66.54
2022-06-23T09:50:36	-1009.33	3451.99	-846.90	-5.86	27.19	63.89
2022-06-23T09:50:38	-1022.23	3458.40	-847.24	-5.71	25.67	61.73
2022-06-23T09:50:40	-1035.12	3464.80	-847.58	-5.44	23.95	59.65
2022-06-23T09:50:42	-1048.01	3471.20	-847.92	-5.22	22.30	57.49
2022-06-23T09:50:44	-1060.90	3477.60	-848.25	-5.05	20.72	55.24
2022-06-23T09:50:46	-1073.79	3483.99	-848.59	-5.00	19.09	52.54
2022-06-23T09:50:48	-1086.68	3490.37	-848.92	-5.25	17.30	49.35
2022-06-23T09:50:50	-1099.56	3496.75	-849.25	-5.40	15.52	46.34
2022-06-23T09:50:52	-1112.45	3503.12	-849.58	-5.37	13.72	43.38
2022-06-23T09:50:54	-1125.33	3509.49	-849.91	-5.14	11.90	40.50
2022-06-23T09:50:56	-1138.21	3515.85	-850.24	-5.64	11.15	38.87
2022-06-23T09:50:58	-1151.09	3522.21	-850.57	-6.30	10.54	37.40
2022-06-23T09:51:00	-1163.96	3528.55	-850.89	-6.99	9.91	35.90
2022-06-23T09:51:02	-1176.84	3534.90	-851.21	-7.70	9.24	34.35
2022-06-23T09:51:04	-1189.71	3541.24	-851.54	-8.30	8.30	32.56
2022-06-23T09:51:06	-1202.58	3547.57	-851.86	-8.80	6.78	30.73
2022-06-23T09:51:08	-1215.45	3553.89	-852.17	-9.24	5.31	29.06
2022-06-23T09:51:10	-1228.32	3560.22	-852.49	-9.61	3.99	27.48
2022-06-23T09:51:12	-1241.18	3566.53	-852.81	-9.90	2.82	26.01
2022-06-23T09:51:14	-1254.04	3572.84	-853.13	-9.94	1.69	24.83
2022-06-23T09:51:16	-1266.90	3579.15	-853.44	-10.03	0.66	23.63
2022-06-23T09:51:18	-1279.76	3585.45	-853.75	-10.18	-0.25	22.39
2022-06-23T09:51:20	-1292.62	3591.75	-854.07	-10.40	-1.03	21.11
2022-06-23T09:51:22	-1305.48	3598.03	-854.38	-10.53	-1.79	19.77
2022-06-23T09:51:24	-1318.33	3604.32	-854.68	-10.42	-2.49	18.44
2022-06-23T09:51:26	-1331.18	3610.60	-854.99	-10.23	-3.11	17.16
2022-06-23T09:51:28	-1344.03	3616.87	-855.30	-10.03	-3.69	15.91
2022-06-23T09:51:30	-1356.88	3623.14	-855.60	-9.80	-4.23	14.73
2022-06-23T09:51:32	-1369.72	3629.40	-855.91	-9.33	-4.83	13.96
2022-06-23T09:51:34	-1382.57	3635.67	-856.21	-8.92	-5.48	13.24
2022-06-23T09:51:36	-1395.41	3641.92	-856.51	-8.55	-6.18	12.56
2022-06-23T09:51:38	-1408.25	3648.17	-856.81	-8.25	-6.94	11.94
2022-06-23T09:51:40	-1421.09	3654.41	-857.11	-7.93	-7.52	11.45
2022-06-23T09:51:42	-1433.92	3660.65	-857.41	-7.52	-7.74	11.14
2022-06-23T09:51:44	-1446.76	3666.89	-857.71	-7.08	-7.82	10.93
2022-06-23T09:51:46	-1459.59	3673.11	-858.00	-6.64	-7.88	10.76
2022-06-23T09:51:48	-1472.42	3679.34	-858.30	-6.20	-7.91	10.62
2022-06-23T09:51:50	-1485.25	3685.56	-858.59	-5.88	-7.73	10.49
2022-06-23T09:51:52	-1498.07	3691.77	-858.88	-5.63	-7.56	10.41
2022-06-23T09:51:54	-1510.89	3697.98	-859.18	-5.44	-7.39	10.39
2022-06-23T09:51:56	-1523.72	3704.19	-859.47	-5.32	-7.23	10.43
2022-06-23T09:51:58	-1536.54	3710.39	-859.76	-5.12	-7.01	10.48
2022-06-23T09:52:00	-1549.36	3716.58	-860.04	-4.82	-6.87	10.56
2022-06-23T09:52:02	-1562.17	3722.78	-860.33	-4.53	-6.86	10.68
2022-06-23T09:52:04	-1574.99	3728.96	-860.62	-4.27	-6.87	10.78
2022-06-23T09:52:06	-1587.80	3735.14	-860.90	-4.01	-6.89	10.88
2022-06-23T09:52:08	-1600.61	3741.32	-861.19	-3.70	-6.82	10.97
2022-06-23T09:52:10	-1613.42	3747.50	-861.47	-3.35	-6.71	11.05
2022-06-23T09:52:12	-1626.22	3753.66	-861.75	-2.97	-6.54	11.11
2022-06-23T09:52:14	-1639.03	3759.83	-862.03	-2.56	-6.33	11.16
2022-06-23T09:52:16	-1651.83	3765.99	-862.31	-2.23	-6.33	11.21
2022-06-23T09:52:18	-1664.63	3772.14	-862.59	-1.95	-6.37	11.31
2022-06-23T09:52:20	-1677.43	3778.29	-862.87	-1.66	-6.32	11.54
2022-06-23T09:52:22	-1690.22	3784.44	-863.15	-1.41	-6.30	11.78
2022-06-23T09:52:24	-1703.02	3790.58	-863.42	-1.16	-6.37	12.04
2022-06-23T09:52:26	-1715.81	3796.72	-863.69	-0.79	-6.58	12.35
2022-06-23T09:52:28	-1728.60	3802.85	-863.97	-0.40	-6.77	12.70
2022-06-23T09:52:30	-1741.39	3808.98	-864.24	0.02	-6.96	13.10
2022-06-23T09:52:32	-1754.17	3815.11	-864.51	0.48	-7.14	13.56
2022-06-23T09:52:34	-1766.96	3821.23	-864.78	0.86	-7.03	13.74
2022-06-23T09:52:36	-1779.74	3827.34	-865.05	1.23	-6.85	13.81
2022-06-23T09:52:38	-1792.52	3833.45	-865.32	1.57	-6.61	13.63
2022-06-23T09:52:40	-1805.30	3839.56	-865.59	1.91	-6.37	13.42
2022-06-23T09:52:42	-1818.08	3845.67	-865.86	2.25	-6.21	13.27
2022-06-23T09:52:44	-1830.85	3851.77	-866.12	2.52	-6.21	13.22
2022-06-23T09:52:46	-1843.62	3857.86	-866.39	2.72	-6.23	13.19
2022-06-23T09:52:48	-1856.39	3863.95	-866.65	2.84	-6.30	13.19
2022-06-23T09:52:50	-1869.16	3870.04	-866.91	2.89	-6.41	13.22
2022-06-23T09:52:52	-1881.93	3876.12	-867.18	3.03	-6.49	13.48
2022-06-23T09:52:54	-1894.69	3882.20	-867.44	3.25	-6.59	13.82
2022-06-23T09:52:56	-1907.46	3888.28	-867.70	3.48	-6.64	14.13
2022-06-23T09:52:58	-1920.22	3894.35	-867.96	3.68	-6.53	14.35
2022-06-23T09:53:00	-1932.98	3900.42	-868.22	3.95	-6.10	14.43
2022-06-23T09:53:02	-1945.73	3906.48	-868.47	4.32	-5.33	14.35
2022-06-23T09:53:04	-1958.49	3912.54	-868.73	4.75	-4.63	14.32
2022-06-23T09:53:06	-1971.24	3918.60	-868.99	5.22	-3.99	14.35
2022-06-23T09:53:08	-1983.99	3924.65	-869.25	5.74	-3.41	14.43
2022-06-23T09:53:10	-1996.74	3930.70	-869.50	5.85	-3.10	14.36
2022-06-23T09:53:12	-2009.49	3936.74	-869.75	5.91	-2.86	14.26
2022-06-23T09:53:14	-2022.23	3942.79	-870.00	5.94	-2.69	14.17
2022-06-23T09:53:16	-2034.97	3948.83	-870.26	5.98	-2.56	13.98
2022-06-23T09:53:18	-2047.71	3954.86	-870.51	6.16	-2.35	13.95
2022-06-23T09:53:20	-2060.45	3960.89	-870.76	6.43	-2.02	14.04
2022-06-23T09:53:22	-2073.19	3966.91	-871.01	6.60	-1.68	14.12
2022-06-23T09:53:24	-2085.93	3972.94	-871.26	6.68	-1.31	14.19
2022-06-23T09:53:26	-2098.66	3978.96	-871.50	6.66	-0.92	14.24
2022-06-23T09:53:28	-2111.39	3984.97	-871.75	6.71	-0.70	14.28
2022-06-23T09:53:30	-2124.12	3990.98	-872.00	6.83	-0.50	14.34
2022-06-23T09:53:32	-2136.85	3996.99	-872.24	7.02	-0.30	14.42
2022-06-23T09:53:34	-2149.57	4003.00	-872.49	7.37	-0.14	14.43
2022-06-23T09:53:36	-2162.30	4009.00	-872.73	7.71	-0.04	14.14
2022-06-23T09:53:38	-2175.02	4015.00	-872.97	7.94	-0.03	13.67
2022-06-23T09:53:40	-2187.74	4020.99	-873.22	8.14	-0.10	13.26
2022-06-23T09:53:42	-2200.46	4026.98	-873.46	8.31	-0.25	12.89
2022-06-23T09:53:44	-2213.17	4032.97	-873.70	8.45	-0.47	12.59
2022-06-23T09:53:46	-2225.89	4038.95	-873.94	8.54	-0.65	12.20
2022-06-23T09:53:48	-2238.60	4044.93	-874.18	8.56	-0.80	11.79
2022-06-23T09:53:50	-2251.31	4050.91	-874.42	8.50	-0.92	11.38
2022-06-23T09:53:52	-2264.01	4056.88	-874.65	8.37	-1.00	10.95
2022-06-23T09:53:54	-2276.72	4062.85	-874.89	8.51	-0.92	10.83
2022-06-23T09:53:56	-2289.43	4068.82	-875.13	8.75	-0.86	10.93
2022-06-23T09:53:58	-2302.13	4074.79	-875.36	8.98	-0.83	11.00
2022-06-23T09:54:00	-2314.83	4080.74	-875.60	9.19	-0.81	11.02
2022-06-23T09:54:02	-2327.53	4086.70	-875.83	9.38	-0.82	11.00
2022-06-23T09:54:04	-2340.23	4092.66	-876.07	9.45	-0.78	10.67
2022-06-23T09:54:06	-2352.92	4098.61	-876.30	9.49	-0.78	10.34
2022-06-23T09:54:08	-2365.61	4104.56	-876.53	9.52	-0.83	10.02
2022-06-23T09:54:10	-2378.30	4110.50	-876.76	9.54	-0.91	9.71
2022-06-23T09:54:12	-2390.99	4116.44	-876.99	9.62	-1.08	9.20
2022-06-23T09:54:14	-2403.68	4122.38	-877.22	9.78	-1.34	8.41
2022-06-23T09:54:16	-2416.37	4128.31	-877.45	9.90	-1.59	7.64
2022-06-23T09:54:18	-2429.05	4134.25	-877.68	10.00	-1.84	6.89
2022-06-23T09:54:20	-2441.73	4140.17	-877.91	10.06	-2.07	6.17
2022-06-23T09:54:22	-2454.41	4146.10	-878.14	10.08	-2.49	5.47
2022-06-23T09:54:24	-2467.09	4152.02	-878.37	10.06	-2.92	4.78
2022-06-23T09:54:26	-2479.76	4157.94	-878.59	10.01	-3.34	4.08
2022-06-23T09:54:28	-2492.44	4163.86	-878.81	9.92	-3.75	3.38
2022-06-23T09:54:30	-2505.11	4169.77	-879.04	9.77	-4.21	2.79
2022-06-23T09:54:32	-2517.78	4175.68	-879.27	9.55	-4.74	2.38
2022-06-23T09:54:34	-2530.45	4181.59	-879.49	9.34	-5.24	1.98
2022-06-23T09:54:36	-2543.12	4187.50	-879.71	9.11	-5.71	1.57
2022-06-23T09:54:38	-2555.78	4193.40	-879.93	8.88	-6.17	1.17
2022-06-23T09:54:40	-2568.45	4199.29	-880.16	8.80	-6.58	1.07
2022-06-23T09:54:42	-2581.11	4205.19	-880.38	8.77	-7.01	0.99
2022-06-23T09:54:44	-2593.77	4211.08	-880.60	8.80	-7.44	0.93
2022-06-23T09:54:46	-2606.43	4216.97	-880.82	8.86	-7.89	0.86
2022-06-23T09:54:48	-2619.08	4222.86	-881.04	8.87	-8.28	0.81
2022-06-23T09:54:50	-2631.74	4228.74	-881.25	8.71	-8.55	0.78
2022-06-23T09:54:52	-2644.39	4234.62	-881.47	8.52	-8.81	0.78
2022-06-23T09:54:54	-2657.04	4240.51	-881.69	8.29	-9.07	0.75
2022-06-23T09:54:56	-2669.69	4246.38	-881.91	8.03	-9.34	0.67
2022-06-23T09:54:58	-2682.33	4252.25	-882.12	7.82	-9.61	0.36
2022-06-23T09:55:00	-2694.98	4258.12	-882.34	7.59	-9.90	0.03
2022-06-23T09:55:02	-2707.62	4263.99	-882.55	7.33	-10.19	-0.30
2022-06-23T09:55:04	-2720.26	4269.86	-882.77	7.05	-10.49	-0.62
2022-06-23T09:55:06	-2732.90	4275.72	-882.98	6.73	-10.81	-0.80
2022-06-23T09:55:08	-2745.54	4281.58	-883.20	6.39	-11.21	-0.72
2022-06-23T09:55:10	-2758.18	4287.43	-883.41	6.12	-11.64	-0.57
2022-06-23T09:55:12	-2770.81	4293.29	-883.62	5.91	-12.08	-0.36
2022-06-23T09:55:14	-2783.44	4299.14	-883.83	5.69	-12.51	-0.14
2022-06-23T09:55:16	-2796.07	4304.99	-884.04	5.45	-12.93	0.08
2022-06-23T09:55:18	-2808.70	4310.83	-884.25	5.21	-13.34	0.33
2022-06-23T09:55:20	-2821.33	4316.68	-884.46	4.96	-13.75	0.60
2022-06-23T09:55:22	-2833.96	4322.52	-884.67	4.70	-14.16	0.90
2022-06-23T09:55:24	-2846.58	4328.36	-884.88	4.44	-14.46	1.27
2022-06-23T09:55:26	-2859.20	4334.19	-885.09	4.22	-14.48	1.78
2022-06-23T09:55:28	-2871.82	4340.02	-885.30	4.02	-14.50	2.34
2022-06-23T09:55:30	-2884.44	4345.85	-885.51	3.78	-14.46	3.00
2022-06-23T09:55:32	-2897.06	4351.68	-885.71	3.46	-14.35	3.75
2022-06-23T09:55:34	-2909.67	4357.51	-885.92	3.25	-14.21	4.60
2022-06-23T09:55:36	-2922.29	4363.33	-886.13	3.09	-14.07	5.48
2022-06-23T09:55:38	-2934.90	4369.15	-886.33	2.93	-13.92	6.35
2022-06-23T09:55:40	-2947.51	4374.97	-886.53	2.78	-13.77	7.23
2022-06-23T09:55:42	-2960.12	4380.78	-886.74	2.67	-13.62	8.09
2022-06-23T09:55:44	-2972.72	4386.60	-886.94	2.67	-13.44	8.96
2022-06-23T09:55:46	-2985.33	4392.41	-887.14	2.71	-13.24	9.85
2022-06-23T09:55:48	-2997.93	4398.21	-887.35	2.78	-13.01	10.77
2022-06-23T09:55:50	-3010.53	4404.02	-887.55	2.98	-12.66	11.52
2022-06-23T09:55:52	-3023.13	4409.82	-887.75	3.37	-12.08	11.80
2022-06-23T09:55:54	-3035.73	4415.62	-887.96	3.84	-11.49	11.93
