Time	POS_X	POS_Y	POS_Z	B_X	B_Y	B_Z
2022-06-23T09:32:50	5334.52	-967.62	-325.79	59.71	-9.76	0.20
2022-06-23T09:32:52	5324.07	-958.60	-327.13	60.34	-10.06	0.49
2022-06-23T09:32:54	5313.62	-949.57	-328.48	60.95	-10.31	0.67
2022-06-23T09:32:56	5303.16	-940.55	-329.82	61.57	-10.48	0.76
2022-06-23T09:32:58	5292.70	-931.53	-331.17	62.20	-10.60	0.80
2022-06-23T09:33:00	5282.24	-922.50	-332.52	62.84	-10.65	0.80
2022-06-23T09:33:02	5271.78	-913.48	-333.86	62.84	-10.58	0.77
2022-06-23T09:33:04	5261.31	-904.45	-335.21	62.40	-10.53	0.72
2022-06-23T09:33:06	5250.84	-895.43	-336.55	62.13	-10.55	0.64
2022-06-23T09:33:08	5240.37	-886.40	-337.90	62.04	-10.67	0.54
2022-06-23T09:33:10	5229.89	-877.37	-339.24	62.13	-10.91	0.41
2022-06-23T09:33:12	5219.41	-868.34	-340.59	62.40	-11.25	0.24
2022-06-23T09:33:14	5208.93	-859.32	-341.93	62.76	-11.21	0.08
2022-06-23T09:33:16	5198.45	-850.29	-343.28	63.04	-10.41	0.01
2022-06-23T09:33:18	5187.96	-841.26	-344.62	63.34	-9.68	-0.07
2022-06-23T09:33:20	5177.47	-832.23	-345.97	63.66	-9.04	-0.18
2022-06-23T09:33:22	5166.97	-823.20	-347.31	63.84	-8.48	-0.35
2022-06-23T09:33:24	5156.47	-814.17	-348.65	63.81	-8.03	-0.42
2022-06-23T09:33:26	5145.97	-805.14	-350.00	63.84	-7.57	-0.30
2022-06-23T09:33:28	5135.47	-796.10	-351.34	63.75	-7.37	0.00
2022-06-23T09:33:30	5124.96	-787.07	-352.68	63.64	-7.19	0.17
2022-06-23T09:33:32	5114.45	-778.04	-354.02	63.57	-6.99	0.18
2022-06-23T09:33:34	5103.94	-769.01	-355.37	63.55	-6.79	-0.02
2022-06-23T09:33:36	5093.42	-759.97	-356.71	63.54	-6.65	-0.43
2022-06-23T09:33:38	5082.90	-750.94	-358.05	63.51	-6.50	-0.88
2022-06-23T09:33:40	5072.38	-741.90	-359.39	63.61	-6.19	-1.16
2022-06-23T09:33:42	5061.85	-732.87	-360.73	63.83	-5.72	-1.21
2022-06-23T09:33:44	5051.32	-723.83	-362.07	64.01	-5.23	-1.23
2022-06-23T09:33:46	5040.79	-714.79	-363.42	64.37	-4.82	-0.97
2022-06-23T09:33:48	5030.25	-705.76	-364.76	64.78	-4.48	-0.69
2022-06-23T09:33:50	5019.71	-696.72	-366.10	65.17	-4.20	-0.48
2022-06-23T09:33:52	5009.17	-687.68	-367.44	65.54	-4.03	-0.35
2022-06-23T09:33:54	4998.62	-678.64	-368.78	65.88	-4.00	-0.45
2022-06-23T09:33:56	4988.07	-669.60	-370.12	66.16	-3.85	-0.62
2022-06-23T09:33:58	4977.52	-660.56	-371.46	66.32	-3.70	-0.78
2022-06-23T09:34:00	4966.96	-651.52	-372.80	66.51	-3.53	-0.95
2022-06-23T09:34:02	4956.40	-642.48	-374.13	66.74	-3.33	-1.14
2022-06-23T09:34:04	4945.84	-633.44	-375.47	67.01	-3.12	-1.33
2022-06-23T09:34:06	4935.27	-624.40	-376.81	66.79	-3.14	-1.34
2022-06-23T09:34:08	4924.70	-615.36	-378.15	66.41	-3.11	-1.21
2022-06-23T09:34:10	4914.13	-606.31	-379.49	66.09	-3.06	-1.16
2022-06-23T09:34:12	4903.55	-597.27	-380.83	65.85	-2.98	-1.18
2022-06-23T09:34:14	4892.97	-588.23	-382.16	65.67	-2.89	-1.29
2022-06-23T09:34:16	4882.39	-579.18	-383.50	65.56	-2.77	-1.46
2022-06-23T09:34:18	4871.80	-570.14	-384.84	65.63	-2.45	-1.45
2022-06-23T09:34:20	4861.21	-561.09	-386.17	65.77	-2.00	-1.27
2022-06-23T09:34:22	4850.61	-552.05	-387.51	65.83	-1.63	-1.16
2022-06-23T09:34:24	4840.01	-543.00	-388.85	65.81	-1.37	-1.11
2022-06-23T09:34:26	4829.41	-533.95	-390.18	65.74	-1.19	-1.12
2022-06-23T09:34:28	4818.81	-524.91	-391.52	65.61	-1.10	-1.18
2022-06-23T09:34:30	4808.20	-515.86	-392.85	65.58	-0.86	-1.18
2022-06-23T09:34:32	4797.58	-506.81	-394.19	65.64	-0.63	-1.11
2022-06-23T09:34:34	4786.97	-497.76	-395.52	65.54	-0.42	-0.97
2022-06-23T09:34:36	4776.35	-488.72	-396.86	65.28	-0.23	-0.76
2022-06-23T09:34:38	4765.72	-479.67	-398.19	64.86	-0.07	-0.47
2022-06-23T09:34:40	4755.09	-470.62	-399.52	64.59	0.06	-0.07
2022-06-23T09:34:42	4744.46	-461.57	-400.86	64.46	0.13	0.33
2022-06-23T09:34:44	4733.82	-452.52	-402.19	64.95	0.10	0.71
2022-06-23T09:34:46	4723.19	-443.47	-403.52	65.53	-0.02	1.00
2022-06-23T09:34:48	4712.54	-434.42	-404.85	66.14	-0.20	1.18
2022-06-23T09:34:50	4701.89	-425.37	-406.19	66.64	-0.28	1.19
2022-06-23T09:34:52	4691.24	-416.31	-407.52	67.01	-0.10	1.04
2022-06-23T09:34:54	4680.59	-407.26	-408.85	67.42	0.11	0.86
2022-06-23T09:34:56	4669.93	-398.21	-410.18	67.53	0.46	0.96
2022-06-23T09:34:58	4659.27	-389.16	-411.51	67.39	0.85	1.29
2022-06-23T09:35:00	4648.60	-380.10	-412.84	67.27	1.20	1.63
2022-06-23T09:35:02	4637.93	-371.05	-414.17	67.09	1.18	2.08
2022-06-23T09:35:04	4627.26	-362.00	-415.50	66.95	1.14	2.37
2022-06-23T09:35:06	4616.58	-352.94	-416.83	66.87	1.07	2.53
2022-06-23T09:35:08	4605.89	-343.89	-418.16	66.89	0.99	2.62
2022-06-23T09:35:10	4595.21	-334.83	-419.48	67.16	0.97	2.89
2022-06-23T09:35:12	4584.52	-325.78	-420.81	67.50	1.03	3.44
2022-06-23T09:35:14	4573.82	-316.72	-422.14	67.84	1.13	4.09
2022-06-23T09:35:16	4563.12	-307.66	-423.47	68.14	1.24	4.71
2022-06-23T09:35:18	4552.42	-298.61	-424.80	68.40	1.36	5.32
2022-06-23T09:35:20	4541.71	-289.55	-426.12	68.63	1.49	5.91
2022-06-23T09:35:22	4531.00	-280.50	-427.45	68.73	1.52	6.45
2022-06-23T09:35:24	4520.28	-271.44	-428.77	68.80	1.54	6.97
2022-06-23T09:35:26	4509.56	-262.38	-430.10	68.84	1.58	7.48
2022-06-23T09:35:28	4498.84	-253.32	-431.42	68.84	1.63	7.98
2022-06-23T09:35:30	4488.11	-244.27	-432.75	68.80	1.69	8.45
2022-06-23T09:35:32	4477.38	-235.21	-434.07	68.73	1.75	8.91
2022-06-23T09:35:34	4466.64	-226.15	-435.40	68.69	1.72	9.32
2022-06-23T09:35:36	4455.90	-217.09	-436.72	68.65	1.66	9.71
2022-06-23T09:35:38	4445.16	-208.03	-438.04	68.62	1.61	10.11
2022-06-23T09:35:40	4434.40	-198.97	-439.36	68.58	1.57	10.51
2022-06-23T09:35:42	4423.65	-189.91	-440.69	68.56	1.54	10.93
2022-06-23T09:35:44	4412.89	-180.85	-442.01	68.52	1.45	11.34
2022-06-23T09:35:46	4402.13	-171.79	-443.33	68.46	1.36	11.73
2022-06-23T09:35:48	4391.36	-162.73	-444.65	68.41	1.29	12.09
2022-06-23T09:35:50	4380.59	-153.67	-445.97	68.38	1.25	12.46
2022-06-23T09:35:52	4369.81	-144.61	-447.29	68.36	1.23	12.83
2022-06-23T09:35:54	4359.03	-135.55	-448.61	68.38	1.24	13.21
2022-06-23T09:35:56	4348.25	-126.49	-449.93	68.46	1.28	13.60
2022-06-23T09:35:58	4337.46	-117.43	-451.24	68.55	1.34	13.99
2022-06-23T09:36:00	4326.66	-108.37	-452.56	68.58	1.30	14.34
2022-06-23T09:36:02	4315.86	-99.30	-453.88	68.60	1.26	14.68
2022-06-23T09:36:04	4305.06	-90.24	-455.20	68.60	1.21	15.02
2022-06-23T09:36:06	4294.25	-81.18	-456.51	68.59	1.17	15.38
2022-06-23T09:36:08	4283.44	-72.12	-457.83	68.60	1.15	15.76
2022-06-23T09:36:10	4272.62	-63.06	-459.14	68.63	1.15	16.16
2022-06-23T09:36:12	4261.80	-53.99	-460.46	68.69	1.18	16.52
2022-06-23T09:36:14	4250.97	-44.93	-461.77	68.77	1.22	16.87
2022-06-23T09:36:16	4240.14	-35.87	-463.09	68.88	1.24	17.21
2022-06-23T09:36:18	4229.30	-26.81	-464.40	68.99	1.27	17.55
2022-06-23T09:36:20	4218.46	-17.75	-465.71	69.10	1.30	17.90
2022-06-23T09:36:22	4207.61	-8.68	-467.03	69.20	1.35	18.26
2022-06-23T09:36:24	4196.76	0.38	-468.34	69.28	1.40	18.63
2022-06-23T09:36:26	4185.91	9.44	-469.65	69.32	1.43	19.00
2022-06-23T09:36:28	4175.04	18.50	-470.96	69.35	1.44	19.36
2022-06-23T09:36:30	4164.18	27.57	-472.27	69.38	1.45	19.70
2022-06-23T09:36:32	4153.31	36.63	-473.58	69.41	1.46	20.03
2022-06-23T09:36:34	4142.43	45.69	-474.89	69.44	1.46	20.35
2022-06-23T09:36:36	4131.55	54.76	-476.20	69.49	1.47	20.66
2022-06-23T09:36:38	4120.67	63.82	-477.50	69.69	1.52	20.98
2022-06-23T09:36:40	4109.77	72.88	-478.81	69.89	1.57	21.29
2022-06-23T09:36:42	4098.88	81.94	-480.12	70.08	1.63	21.61
2022-06-23T09:36:44	4087.98	91.00	-481.42	70.28	1.68	21.92
2022-06-23T09:36:46	4077.07	100.07	-482.73	70.46	1.74	22.24
2022-06-23T09:36:48	4066.16	109.13	-484.03	70.60	1.84	22.60
2022-06-23T09:36:50	4055.24	118.19	-485.34	70.72	1.92	22.93
2022-06-23T09:36:52	4044.32	127.25	-486.64	70.84	2.00	23.25
2022-06-23T09:36:54	4033.39	136.32	-487.94	70.96	2.08	23.58
2022-06-23T09:36:56	4022.46	145.38	-489.24	71.07	2.16	23.91
2022-06-23T09:36:58	4011.52	154.44	-490.54	71.28	2.25	24.27
2022-06-23T09:37:00	4000.58	163.50	-491.85	71.52	2.35	24.63
2022-06-23T09:37:02	3989.63	172.56	-493.15	71.76	2.46	24.99
2022-06-23T09:37:04	3978.68	181.62	-494.45	72.00	2.55	25.35
2022-06-23T09:37:06	3967.72	190.68	-495.74	72.22	2.64	25.70
2022-06-23T09:37:08	3956.76	199.74	-497.04	72.39	2.71	26.09
2022-06-23T09:37:10	3945.78	208.80	-498.34	72.53	2.78	26.51
2022-06-23T09:37:12	3934.81	217.87	-499.64	72.70	2.85	26.94
2022-06-23T09:37:14	3923.83	226.92	-500.93	72.87	2.93	27.37
2022-06-23T09:37:16	3912.84	235.98	-502.23	73.04	3.05	27.76
2022-06-23T09:37:18	3901.85	245.04	-503.52	73.23	3.17	28.12
2022-06-23T09:37:20	3890.85	254.10	-504.82	73.46	3.26	28.38
2022-06-23T09:37:22	3879.85	263.16	-506.11	73.64	3.36	28.65
2022-06-23T09:37:24	3868.84	272.22	-507.40	73.79	3.47	28.91
2022-06-23T09:37:26	3857.83	281.28	-508.69	73.89	3.58	29.18
2022-06-23T09:37:28	3846.81	290.33	-509.98	73.99	3.71	29.49
2022-06-23T09:37:30	3835.78	299.39	-511.28	74.30	3.89	29.96
2022-06-23T09:37:32	3824.75	308.45	-512.57	74.65	4.05	30.37
2022-06-23T09:37:34	3813.71	317.50	-513.85	75.03	4.17	30.73
2022-06-23T09:37:36	3802.67	326.56	-515.14	75.44	4.26	31.02
2022-06-23T09:37:38	3791.62	335.62	-516.43	75.85	4.31	31.25
2022-06-23T09:37:40	3780.56	344.67	-517.71	75.86	4.49	31.52
2022-06-23T09:37:42	3769.50	353.72	-519.00	75.89	4.66	31.91
2022-06-23T09:37:44	3758.44	362.78	-520.29	76.01	4.84	32.32
2022-06-23T09:37:46	3747.36	371.83	-521.57	76.20	5.02	32.77
2022-06-23T09:37:48	3736.28	380.88	-522.85	76.48	5.20	33.25
2022-06-23T09:37:50	3725.20	389.94	-524.13	76.90	5.29	33.59
2022-06-23T09:37:52	3714.11	398.99	-525.41	77.29	5.40	33.86
2022-06-23T09:37:54	3703.01	408.04	-526.70	77.66	5.54	34.13
2022-06-23T09:37:56	3691.91	417.09	-527.97	78.01	5.66	34.44
2022-06-23T09:37:58	3680.80	426.14	-529.25	78.34	5.75	34.80
2022-06-23T09:38:00	3669.69	435.19	-530.53	78.77	5.85	35.21
2022-06-23T09:38:02	3658.57	444.24	-531.81	79.29	5.97	35.57
2022-06-23T09:38:04	3647.44	453.28	-533.08	79.80	6.08	35.87
2022-06-23T09:38:06	3636.30	462.33	-534.36	80.20	6.21	36.07
2022-06-23T09:38:08	3625.16	471.38	-535.63	80.53	6.34	36.28
2022-06-23T09:38:10	3614.02	480.42	-536.90	80.80	6.52	36.51
2022-06-23T09:38:12	3602.86	489.47	-538.18	81.03	6.76	36.74
2022-06-23T09:38:14	3591.70	498.51	-539.45	81.26	7.00	36.94
2022-06-23T09:38:16	3580.54	507.55	-540.72	81.49	7.26	37.12
2022-06-23T09:38:18	3569.37	516.59	-541.99	81.70	7.54	37.34
2022-06-23T09:38:20	3558.19	525.64	-543.26	81.88	7.84	37.60
2022-06-23T09:38:22	3547.00	534.68	-544.53	82.11	8.10	37.84
2022-06-23T09:38:24	3535.81	543.71	-545.79	82.40	8.35	38.09
2022-06-23T09:38:26	3524.61	552.76	-547.06	82.75	8.59	38.37
2022-06-23T09:38:28	3513.41	561.79	-548.32	83.15	8.82	38.66
2022-06-23T09:38:30	3502.20	570.83	-549.58	83.52	9.08	38.95
2022-06-23T09:38:32	3490.98	579.86	-550.85	83.64	9.42	39.17
2022-06-23T09:38:34	3479.76	588.90	-552.11	83.71	9.75	39.42
2022-06-23T09:38:36	3468.53	597.93	-553.37	83.75	10.05	39.69
2022-06-23T09:38:38	3457.29	606.96	-554.63	83.74	10.34	39.97
2022-06-23T09:38:40	3446.04	615.99	-555.88	83.71	10.60	40.28
2022-06-23T09:38:42	3434.79	625.02	-557.14	83.77	10.86	40.74
2022-06-23T09:38:44	3423.53	634.05	-558.40	84.10	11.03	41.23
2022-06-23T09:38:46	3412.27	643.08	-559.65	84.47	11.18	41.69
2022-06-23T09:38:48	3401.00	652.10	-560.90	84.86	11.31	42.12
2022-06-23T09:38:50	3389.72	661.13	-562.16	85.24	11.40	42.52
2022-06-23T09:38:52	3378.43	670.15	-563.41	85.51	11.50	42.90
2022-06-23T09:38:54	3367.14	679.17	-564.66	85.77	11.62	43.29
2022-06-23T09:38:56	3355.84	688.19	-565.91	85.98	11.85	43.59
2022-06-23T09:38:58	3344.53	697.21	-567.15	86.21	12.18	43.84
2022-06-23T09:39:00	3333.22	706.23	-568.40	86.51	12.49	44.13
2022-06-23T09:39:02	3321.90	715.24	-569.64	86.78	12.77	44.38
2022-06-23T09:39:04	3310.57	724.26	-570.89	87.10	13.05	44.63
2022-06-23T09:39:06	3299.24	733.27	-572.13	87.49	13.34	44.90
2022-06-23T09:39:08	3287.89	742.28	-573.37	87.88	13.60	45.19
2022-06-23T09:39:10	3276.54	751.29	-574.62	87.99	13.71	45.44
2022-06-23T09:39:12	3265.19	760.30	-575.85	87.95	13.81	45.75
2022-06-23T09:39:14	3253.82	769.31	-577.09	87.92	13.98	46.07
2022-06-23T09:39:16	3242.45	778.31	-578.33	87.92	14.20	46.38
2022-06-23T09:39:18	3231.07	787.31	-579.56	87.94	14.47	46.70
2022-06-23T09:39:20	3219.68	796.32	-580.80	87.98	14.79	47.02
2022-06-23T09:39:22	3208.29	805.32	-582.03	88.41	15.29	47.31
2022-06-23T09:39:24	3196.89	814.31	-583.26	88.72	15.75	47.63
2022-06-23T09:39:26	3185.48	823.31	-584.49	88.84	16.16	47.94
2022-06-23T09:39:28	3174.07	832.30	-585.72	88.81	16.52	48.26
2022-06-23T09:39:30	3162.64	841.29	-586.94	88.62	16.83	48.57
2022-06-23T09:39:32	3151.21	850.29	-588.17	88.85	17.15	48.98
2022-06-23T09:39:34	3139.77	859.27	-589.39	89.19	17.44	49.31
2022-06-23T09:39:36	3128.33	868.26	-590.62	89.52	17.79	49.71
2022-06-23T09:39:38	3116.87	877.24	-591.84	89.81	18.18	50.17
2022-06-23T09:39:40	3105.41	886.23	-593.06	90.05	18.60	50.69
2022-06-23T09:39:42	3093.94	895.21	-594.27	89.83	19.05	51.38
2022-06-23T09:39:44	3082.46	904.18	-595.49	89.59	19.43	52.11
2022-06-23T09:39:46	3070.98	913.16	-596.71	89.37	19.72	52.83
2022-06-23T09:39:48	3059.49	922.13	-597.92	89.36	19.98	53.47
2022-06-23T09:39:50	3047.99	931.10	-599.13	89.42	20.28	54.02
2022-06-23T09:39:52	3036.48	940.07	-600.34	89.81	20.72	54.06
2022-06-23T09:39:54	3024.96	949.04	-601.55	90.15	21.26	54.12
2022-06-23T09:39:56	3013.44	958.00	-602.76	90.45	21.89	54.21
2022-06-23T09:39:58	3001.91	966.96	-603.97	90.72	22.62	54.34
2022-06-23T09:40:00	2990.37	975.92	-605.17	91.18	23.23	54.66
2022-06-23T09:40:02	2978.82	984.87	-606.37	91.56	23.11	55.05
2022-06-23T09:40:04	2967.26	993.83	-607.57	92.02	23.10	55.42
2022-06-23T09:40:06	2955.70	1002.78	-608.77	92.57	23.18	55.79
2022-06-23T09:40:08	2944.13	1011.72	-609.97	93.23	23.34	56.16
2022-06-23T09:40:10	2932.55	1020.67	-611.17	93.97	23.58	56.57
2022-06-23T09:40:12	2920.96	1029.61	-612.36	93.87	23.69	56.96
2022-06-23T09:40:14	2909.36	1038.55	-613.55	93.26	23.73	57.23
2022-06-23T09:40:16	2897.76	1047.49	-614.74	92.78	23.70	57.62
2022-06-23T09:40:18	2886.14	1056.42	-615.93	92.43	23.62	58.13
2022-06-23T09:40:20	2874.52	1065.35	-617.12	92.19	23.61	58.74
2022-06-23T09:40:22	2862.89	1074.28	-618.31	91.96	24.34	59.14
2022-06-23T09:40:24	2851.26	1083.20	-619.49	91.84	25.18	59.59
2022-06-23T09:40:26	2839.61	1092.12	-620.67	91.83	26.10	59.93
2022-06-23T09:40:28	2827.96	1101.04	-621.85	91.98	26.85	60.19
2022-06-23T09:40:30	2816.29	1109.96	-623.03	92.25	27.39	60.36
2022-06-23T09:40:32	2804.62	1118.87	-624.21	92.41	27.64	60.47
2022-06-23T09:40:34	2792.94	1127.78	-625.38	92.56	27.73	60.67
2022-06-23T09:40:36	2781.26	1136.68	-626.55	92.68	27.67	60.96
2022-06-23T09:40:38	2769.56	1145.58	-627.72	92.75	27.58	61.23
2022-06-23T09:40:40	2757.86	1154.48	-628.89	92.68	27.65	61.41
2022-06-23T09:40:42	2746.14	1163.37	-630.06	92.25	28.15	61.66
2022-06-23T09:40:44	2734.42	1172.27	-631.23	91.91	28.83	62.02
2022-06-23T09:40:46	2722.69	1181.16	-632.39	91.62	29.70	62.47
2022-06-23T09:40:48	2710.95	1190.04	-633.55	91.40	30.73	63.01
2022-06-23T09:40:50	2699.21	1198.92	-634.71	91.45	31.48	63.82
2022-06-23T09:40:52	2687.45	1207.79	-635.86	91.57	31.45	64.67
2022-06-23T09:40:54	2675.68	1216.67	-637.02	91.68	31.46	65.33
2022-06-23T09:40:56	2663.91	1225.53	-638.17	91.79	31.54	65.81
2022-06-23T09:40:58	2652.13	1234.40	-639.32	91.92	31.67	66.12
2022-06-23T09:41:00	2640.34	1243.26	-640.47	92.06	31.89	66.24
2022-06-23T09:41:02	2628.54	1252.12	-641.62	91.97	32.16	66.30
2022-06-23T09:41:04	2616.73	1260.97	-642.76	91.91	32.46	66.50
2022-06-23T09:41:06	2604.91	1269.82	-643.91	91.98	32.76	66.75
2022-06-23T09:41:08	2593.09	1278.66	-645.05	92.05	33.06	66.97
2022-06-23T09:41:10	2581.25	1287.50	-646.18	92.18	33.78	67.38
2022-06-23T09:41:12	2569.41	1296.33	-647.32	92.11	34.73	67.86
2022-06-23T09:41:14	2557.56	1305.16	-648.45	91.80	35.77	68.35
2022-06-23T09:41:16	2545.70	1313.99	-649.58	91.36	36.81	68.86
2022-06-23T09:41:18	2533.83	1322.81	-650.71	91.39	37.55	69.41
2022-06-23T09:41:20	2521.95	1331.63	-651.84	91.88	37.84	69.78
2022-06-23T09:41:22	2510.06	1340.44	-652.96	92.09	38.06	70.18
2022-06-23T09:41:24	2498.17	1349.25	-654.09	91.98	38.27	70.64
2022-06-23T09:41:26	2486.26	1358.05	-655.21	91.56	38.46	71.16
2022-06-23T09:41:28	2474.35	1366.85	-656.32	90.96	38.74	71.72
2022-06-23T09:41:30	2462.43	1375.64	-657.44	91.45	39.96	71.89
2022-06-23T09:41:32	2450.50	1384.43	-658.55	91.96	41.12	72.20
2022-06-23T09:41:34	2438.56	1393.21	-659.66	92.28	42.14	72.71
2022-06-23T09:41:36	2426.61	1401.99	-660.77	92.43	43.04	73.44
2022-06-23T09:41:38	2414.65	1410.76	-661.87	92.39	43.83	74.38
2022-06-23T09:41:40	2402.68	1419.53	-662.97	92.27	44.62	75.29
2022-06-23T09:41:42	2390.71	1428.30	-664.08	92.18	45.46	76.02
2022-06-23T09:41:44	2378.72	1437.05	-665.17	91.95	46.19	76.29
2022-06-23T09:41:46	2366.73	1445.80	-666.27	91.56	46.89	76.54
2022-06-23T09:41:48	2354.72	1454.55	-667.36	91.39	47.55	76.97
2022-06-23T09:41:50	2342.71	1463.29	-668.45	91.50	48.21	77.61
2022-06-23T09:41:52	2330.69	1472.03	-669.54	91.60	48.88	78.36
2022-06-23T09:41:54	2318.66	1480.76	-670.63	91.67	49.57	79.19
2022-06-23T09:41:56	2306.62	1489.48	-671.71	92.26	50.52	80.10
2022-06-23T09:41:58	2294.58	1498.20	-672.79	92.93	51.74	80.31
2022-06-23T09:42:00	2282.52	1506.91	-673.86	93.31	52.93	80.35
2022-06-23T09:42:02	2270.45	1515.62	-674.94	93.44	54.10	80.40
2022-06-23T09:42:04	2258.38	1524.32	-676.01	93.30	55.22	80.48
2022-06-23T09:42:06	2246.29	1533.01	-677.08	92.91	56.31	80.60
2022-06-23T09:42:08	2234.20	1541.70	-678.15	93.07	57.35	81.30
2022-06-23T09:42:10	2222.10	1550.38	-679.21	92.82	57.70	81.80
2022-06-23T09:42:12	2209.99	1559.06	-680.27	92.31	57.93	82.08
2022-06-23T09:42:14	2197.87	1567.73	-681.33	91.53	58.05	82.13
2022-06-23T09:42:16	2185.74	1576.39	-682.39	90.91	58.07	82.28
2022-06-23T09:42:18	2173.60	1585.05	-683.44	91.09	58.36	83.07
2022-06-23T09:42:20	2161.46	1593.70	-684.49	91.32	59.08	83.96
2022-06-23T09:42:22	2149.30	1602.34	-685.54	91.95	60.52	85.16
2022-06-23T09:42:24	2137.14	1610.98	-686.58	92.88	62.54	86.69
2022-06-23T09:42:26	2124.97	1619.61	-687.62	93.42	64.25	87.67
2022-06-23T09:42:28	2112.78	1628.23	-688.66	93.70	65.41	87.98
2022-06-23T09:42:30	2100.59	1636.85	-689.70	93.92	66.21	87.86
2022-06-23T09:42:32	2088.39	1645.46	-690.73	94.06	66.66	87.33
2022-06-23T09:42:34	2076.19	1654.06	-691.76	94.14	66.80	86.44
2022-06-23T09:42:36	2063.97	1662.66	-692.78	93.27	67.63	86.75
2022-06-23T09:42:38	2051.74	1671.25	-693.81	92.46	68.46	87.12
2022-06-23T09:42:40	2039.51	1679.83	-694.83	91.82	69.23	87.40
2022-06-23T09:42:42	2027.26	1688.41	-695.85	91.34	69.92	87.60
2022-06-23T09:42:44	2015.01	1696.97	-696.86	91.16	70.57	87.77
2022-06-23T09:42:46	2002.75	1705.53	-697.87	91.44	71.37	88.06
2022-06-23T09:42:48	1990.48	1714.09	-698.88	91.76	72.33	88.42
2022-06-23T09:42:50	1978.20	1722.63	-699.89	92.71	73.56	89.39
2022-06-23T09:42:52	1965.91	1731.17	-700.89	93.62	74.78	90.35
2022-06-23T09:42:54	1953.62	1739.70	-701.89	94.30	75.71	91.04
2022-06-23T09:42:56	1941.31	1748.22	-702.89	94.45	76.28	91.24
2022-06-23T09:42:58	1929.00	1756.74	-703.88	94.12	76.62	91.03
2022-06-23T09:43:00	1916.68	1765.24	-704.87	93.34	76.72	90.42
2022-06-23T09:43:02	1904.35	1773.74	-705.86	92.32	76.79	89.77
2022-06-23T09:43:04	1892.01	1782.23	-706.84	92.76	78.38	91.35
2022-06-23T09:43:06	1879.66	1790.72	-707.82	93.13	79.80	92.92
2022-06-23T09:43:08	1867.31	1799.19	-708.80	93.42	81.02	94.41
2022-06-23T09:43:10	1854.94	1807.66	-709.77	93.63	82.08	95.85
2022-06-23T09:43:12	1842.57	1816.12	-710.75	93.53	82.89	97.02
2022-06-23T09:43:14	1830.19	1824.57	-711.71	92.81	83.43	97.62
2022-06-23T09:43:16	1817.80	1833.01	-712.68	91.90	84.07	97.80
2022-06-23T09:43:18	1805.40	1841.44	-713.64	90.99	84.77	97.77
2022-06-23T09:43:20	1792.99	1849.87	-714.60	90.15	85.48	97.64
2022-06-23T09:43:22	1780.58	1858.28	-715.55	89.70	86.11	97.56
2022-06-23T09:43:24	1768.16	1866.69	-716.50	89.52	86.72	97.69
2022-06-23T09:43:26	1755.72	1875.09	-717.45	89.45	87.34	97.99
2022-06-23T09:43:28	1743.29	1883.48	-718.39	89.51	88.00	98.48
2022-06-23T09:43:30	1730.84	1891.87	-719.33	89.59	88.89	99.32
2022-06-23T09:43:32	1718.38	1900.24	-720.27	89.13	89.83	99.83
2022-06-23T09:43:34	1705.92	1908.60	-721.21	88.71	90.68	100.17
2022-06-23T09:43:36	1693.45	1916.96	-722.14	88.33	91.43	100.34
2022-06-23T09:43:38	1680.97	1925.30	-723.07	88.00	92.06	100.36
2022-06-23T09:43:40	1668.48	1933.64	-723.99	87.97	92.66	100.15
2022-06-23T09:43:42	1655.99	1941.97	-724.91	88.05	93.23	99.80
2022-06-23T09:43:44	1643.49	1950.29	-725.83	87.94	94.05	99.74
2022-06-23T09:43:46	1630.98	1958.60	-726.74	87.81	94.91	99.78
2022-06-23T09:43:48	1618.46	1966.90	-727.65	87.64	95.81	99.93
2022-06-23T09:43:50	1605.93	1975.19	-728.56	87.08	96.48	100.76
2022-06-23T09:43:52	1593.40	1983.48	-729.46	86.45	97.01	101.51
2022-06-23T09:43:54	1580.86	1991.75	-730.37	85.75	97.40	102.12
2022-06-23T09:43:56	1568.31	2000.01	-731.26	85.03	97.62	102.57
2022-06-23T09:43:58	1555.76	2008.27	-732.16	84.90	98.04	102.90
2022-06-23T09:44:00	1543.20	2016.51	-733.04	85.21	98.77	103.24
2022-06-23T09:44:02	1530.62	2024.75	-733.93	85.36	99.35	103.59
2022-06-23T09:44:04	1518.05	2032.97	-734.81	85.35	99.79	103.96
2022-06-23T09:44:06	1505.46	2041.19	-735.69	85.16	100.08	104.35
2022-06-23T09:44:08	1492.87	2049.40	-736.57	84.65	100.43	104.75
2022-06-23T09:44:10	1480.27	2057.59	-737.44	84.25	100.96	105.26
2022-06-23T09:44:12	1467.66	2065.77	-738.31	83.94	101.74	105.78
2022-06-23T09:44:14	1455.05	2073.95	-739.18	83.66	102.44	106.18
2022-06-23T09:44:16	1442.43	2082.12	-740.04	83.31	102.99	106.37
2022-06-23T09:44:18	1429.80	2090.27	-740.89	82.70	103.22	106.26
2022-06-23T09:44:20	1417.17	2098.42	-741.75	82.05	103.26	106.06
2022-06-23T09:44:22	1404.53	2106.56	-742.60	81.36	103.11	105.76
2022-06-23T09:44:24	1391.88	2114.69	-743.45	80.59	102.86	105.48
2022-06-23T09:44:26	1379.23	2122.80	-744.29	79.93	103.46	106.28
2022-06-23T09:44:28	1366.57	2130.91	-745.13	79.34	104.15	107.12
2022-06-23T09:44:30	1353.90	2139.01	-745.97	78.74	104.77	107.75
2022-06-23T09:44:32	1341.23	2147.09	-746.80	78.13	105.31	108.16
2022-06-23T09:44:34	1328.55	2155.17	-747.63	77.49	105.83	108.28
2022-06-23T09:44:36	1315.86	2163.23	-748.46	76.79	106.51	108.28
2022-06-23T09:44:38	1303.17	2171.29	-749.28	76.23	107.20	108.39
2022-06-23T09:44:40	1290.47	2179.33	-750.10	75.85	107.94	108.52
2022-06-23T09:44:42	1277.77	2187.37	-750.91	75.39	108.59	108.72
2022-06-23T09:44:44	1265.05	2195.39	-751.72	74.86	108.77	108.96
2022-06-23T09:44:46	1252.34	2203.41	-752.53	74.33	108.88	109.24
2022-06-23T09:44:48	1239.62	2211.41	-753.34	73.81	109.05	109.56
2022-06-23T09:44:50	1226.89	2219.40	-754.14	73.30	109.29	109.91
2022-06-23T09:44:52	1214.15	2227.38	-754.94	72.80	109.66	110.18
2022-06-23T09:44:54	1201.41	2235.35	-755.73	72.29	109.92	109.97
2022-06-23T09:44:56	1188.67	2243.31	-756.52	71.81	110.21	109.83
2022-06-23T09:44:58	1175.91	2251.27	-757.31	71.34	110.52	109.74
2022-06-23T09:45:00	1163.16	2259.21	-758.09	70.89	110.85	109.72
2022-06-23T09:45:02	1150.39	2267.13	-758.87	70.38	110.96	109.89
2022-06-23T09:45:04	1137.63	2275.05	-759.65	69.87	111.05	110.23
2022-06-23T09:45:06	1124.85	2282.96	-760.42	69.40	111.18	110.69
2022-06-23T09:45:08	1112.07	2290.86	-761.18	68.87	111.16	111.02
2022-06-23T09:45:10	1099.29	2298.74	-761.95	68.11	110.97	111.22
2022-06-23T09:45:12	1086.50	2306.62	-762.71	67.01	110.76	111.31
2022-06-23T09:45:14	1073.71	2314.48	-763.47	65.98	110.64	111.50
2022-06-23T09:45:16	1060.91	2322.34	-764.23	65.03	110.61	111.81
2022-06-23T09:45:18	1048.10	2330.18	-764.97	64.14	110.65	112.22
2022-06-23T09:45:20	1035.30	2338.02	-765.72	63.73	111.02	112.29
2022-06-23T09:45:22	1022.48	2345.84	-766.46	63.44	111.53	112.11
2022-06-23T09:45:24	1009.66	2353.65	-767.20	63.11	111.96	111.82
2022-06-23T09:45:26	996.84	2361.45	-767.94	62.65	112.22	111.57
2022-06-23T09:45:28	984.01	2369.24	-768.68	62.03	112.29	111.48
2022-06-23T09:45:30	971.18	2377.02	-769.41	61.33	112.30	111.66
2022-06-23T09:45:32	958.35	2384.78	-770.13	60.67	112.31	111.86
2022-06-23T09:45:34	945.50	2392.54	-770.85	60.04	112.35	112.09
2022-06-23T09:45:36	932.66	2400.29	-771.57	59.47	112.38	112.33
2022-06-23T09:45:38	919.81	2408.02	-772.29	58.73	112.04	112.37
2022-06-23T09:45:40	906.96	2415.75	-773.00	57.98	111.74	112.36
2022-06-23T09:45:42	894.10	2423.46	-773.71	57.22	111.51	112.30
2022-06-23T09:45:44	881.24	2431.16	-774.41	56.45	111.36	112.19
2022-06-23T09:45:46	868.37	2438.86	-775.11	55.83	111.35	112.15
2022-06-23T09:45:48	855.51	2446.54	-775.81	55.40	111.40	112.28
2022-06-23T09:45:50	842.63	2454.21	-776.51	54.99	111.40	112.44
2022-06-23T09:45:52	829.76	2461.86	-777.20	54.55	111.26	112.66
2022-06-23T09:45:54	816.88	2469.51	-777.89	54.03	111.06	112.87
2022-06-23T09:45:56	803.99	2477.15	-778.57	53.04	110.81	112.79
2022-06-23T09:45:58	791.10	2484.78	-779.25	52.13	110.54	112.69
2022-06-23T09:46:00	778.21	2492.39	-779.93	51.31	110.25	112.56
2022-06-23T09:46:02	765.32	2500.00	-780.60	50.56	109.93	112.41
2022-06-23T09:46:04	752.42	2507.59	-781.27	49.82	109.75	112.38
2022-06-23T09:46:06	739.52	2515.18	-781.94	48.99	109.75	112.53
2022-06-23T09:46:08	726.62	2522.75	-782.61	48.21	109.86	112.73
2022-06-23T09:46:10	713.71	2530.31	-783.27	47.39	109.99	112.87
2022-06-23T09:46:12	700.80	2537.86	-783.92	46.60	110.02	112.91
2022-06-23T09:46:14	687.89	2545.41	-784.58	46.21	109.55	112.82
2022-06-23T09:46:16	674.97	2552.93	-785.23	45.81	109.11	112.74
2022-06-23T09:46:18	662.05	2560.45	-785.88	45.41	108.70	112.68
2022-06-23T09:46:20	649.14	2567.96	-786.52	44.99	108.34	112.64
2022-06-23T09:46:22	636.21	2575.46	-787.16	44.26	108.12	112.44
2022-06-23T09:46:24	623.28	2582.95	-787.80	43.45	107.94	112.25
2022-06-23T09:46:26	610.35	2590.42	-788.43	42.68	107.77	112.13
2022-06-23T09:46:28	597.42	2597.89	-789.06	41.95	107.62	112.09
2022-06-23T09:46:30	584.49	2605.34	-789.69	41.35	107.38	112.18
2022-06-23T09:46:32	571.55	2612.79	-790.32	40.92	106.86	112.40
2022-06-23T09:46:34	558.61	2620.22	-790.94	40.49	106.26	112.57
2022-06-23T09:46:36	545.67	2627.65	-791.56	40.06	105.58	112.68
2022-06-23T09:46:38	532.73	2635.06	-792.17	39.61	105.13	112.37
2022-06-23T09:46:40	519.79	2642.46	-792.78	38.97	104.93	112.14
2022-06-23T09:46:42	506.84	2649.85	-793.39	38.31	104.75	112.03
2022-06-23T09:46:44	493.89	2657.24	-794.00	37.63	104.54	112.04
2022-06-23T09:46:46	480.94	2664.61	-794.60	36.95	104.33	112.17
2022-06-23T09:46:48	467.98	2671.97	-795.20	36.27	104.04	112.23
2022-06-23T09:46:50	455.03	2679.32	-795.79	35.66	103.73	112.15
2022-06-23T09:46:52	442.07	2686.66	-796.39	35.11	103.44	112.13
2022-06-23T09:46:54	429.11	2693.99	-796.98	34.53	102.94	112.18
2022-06-23T09:46:56	416.15	2701.31	-797.56	33.94	102.40	112.25
2022-06-23T09:46:58	403.19	2708.61	-798.15	33.51	101.72	112.41
2022-06-23T09:47:00	390.23	2715.92	-798.73	33.06	101.07	112.51
2022-06-23T09:47:02	377.27	2723.20	-799.30	32.60	100.43	112.56
2022-06-23T09:47:04	364.30	2730.48	-799.88	32.11	99.82	112.55
2022-06-23T09:47:06	351.33	2737.75	-800.45	31.53	99.33	112.41
2022-06-23T09:47:08	338.36	2745.01	-801.02	31.00	99.03	112.22
2022-06-23T09:47:10	325.40	2752.25	-801.59	30.58	98.68	111.99
2022-06-23T09:47:12	312.42	2759.49	-802.15	30.20	98.24	111.84
2022-06-23T09:47:14	299.45	2766.72	-802.71	29.85	97.72	111.79
2022-06-23T09:47:16	286.48	2773.94	-803.27	29.48	97.26	111.82
2022-06-23T09:47:18	273.51	2781.15	-803.82	29.09	96.85	111.84
2022-06-23T09:47:20	260.53	2788.34	-804.37	28.67	96.47	111.87
2022-06-23T09:47:22	247.56	2795.53	-804.92	28.24	96.14	111.90
2022-06-23T09:47:24	234.58	2802.71	-805.47	27.66	95.37	112.00
2022-06-23T09:47:26	221.60	2809.88	-806.01	27.12	94.57	112.18
2022-06-23T09:47:28	208.62	2817.04	-806.55	26.68	93.85	112.46
2022-06-23T09:47:30	195.64	2824.19	-807.09	26.32	93.20	112.82
2022-06-23T09:47:32	182.66	2831.33	-807.62	25.99	92.59	112.84
2022-06-23T09:47:34	169.68	2838.46	-808.15	25.62	91.97	112.42
2022-06-23T09:47:36	156.70	2845.58	-808.68	25.29	91.35	112.13
2022-06-23T09:47:38	143.72	2852.69	-809.21	24.99	90.74	111.96
2022-06-23T09:47:40	130.74	2859.79	-809.73	24.60	90.14	111.81
2022-06-23T09:47:42	117.76	2866.88	-810.25	24.04	89.72	111.28
2022-06-23T09:47:44	104.78	2873.96	-810.77	23.53	89.21	110.77
2022-06-23T09:47:46	91.79	2881.03	-811.28	23.09	88.63	110.27
2022-06-23T09:47:48	78.81	2888.10	-811.80	22.71	87.98	109.79
2022-06-23T09:47:50	65.83	2895.15	-812.31	22.14	87.40	109.72
2022-06-23T09:47:52	52.84	2902.19	-812.81	21.33	86.91	109.85
2022-06-23T09:47:54	39.86	2909.23	-813.32	20.41	86.46	109.92
2022-06-23T09:47:56	26.88	2916.25	-813.82	19.47	86.04	109.97
2022-06-23T09:47:58	13.89	2923.27	-814.32	18.78	85.52	110.05
2022-06-23T09:48:00	0.91	2930.28	-814.82	18.61	84.88	110.09
2022-06-23T09:48:02	-12.08	2937.28	-815.31	18.41	84.28	110.06
2022-06-23T09:48:04	-25.06	2944.27	-815.80	18.20	83.72	109.95
2022-06-23T09:48:06	-38.04	2951.25	-816.29	17.96	83.21	109.76
2022-06-23T09:48:08	-51.03	2958.22	-816.78	17.55	82.65	109.63
2022-06-23T09:48:10	-64.01	2965.18	-817.26	17.12	82.08	109.54
2022-06-23T09:48:12	-76.99	2972.13	-817.75	16.70	81.52	109.50
2022-06-23T09:48:14	-89.97	2979.08	-818.22	16.24	80.96	109.57
2022-06-23T09:48:16	-102.96	2986.01	-818.70	15.84	80.38	109.65
2022-06-23T09:48:18	-115.94	2992.94	-819.18	15.51	79.79	109.79
2022-06-23T09:48:20	-128.92	2999.86	-819.65	15.19	79.19	109.90
2022-06-23T09:48:22	-141.90	3006.77	-820.12	14.86	78.57	109.98
2022-06-23T09:48:24	-154.88	3013.67	-820.59	14.53	77.94	110.02
2022-06-23T09:48:26	-167.87	3020.56	-821.05	14.16	77.36	109.43
2022-06-23T09:48:28	-180.85	3027.44	-821.51	13.89	76.80	108.87
2022-06-23T09:48:30	-193.82	3034.32	-821.97	13.69	76.38	108.47
2022-06-23T09:48:32	-206.80	3041.18	-822.43	13.56	75.95	108.18
2022-06-23T09:48:34	-219.78	3048.04	-822.89	13.16	75.62	108.17
2022-06-23T09:48:36	-232.76	3054.89	-823.34	12.50	75.42	108.28
2022-06-23T09:48:38	-245.74	3061.73	-823.79	11.84	75.26	108.34
2022-06-23T09:48:40	-258.71	3068.56	-824.24	11.16	75.15	108.38
2022-06-23T09:48:42	-271.69	3075.39	-824.69	10.55	75.00	108.43
2022-06-23T09:48:44	-284.67	3082.20	-825.13	10.33	74.51	108.65
2022-06-23T09:48:46	-297.64	3089.01	-825.57	10.08	73.93	108.80
2022-06-23T09:48:48	-310.61	3095.81	-826.02	9.81	73.32	108.83
2022-06-23T09:48:50	-323.58	3102.60	-826.45	9.53	72.72	108.77
2022-06-23T09:48:52	-336.56	3109.38	-826.89	9.11	72.48	108.43
2022-06-23T09:48:54	-349.53	3116.16	-827.32	8.68	72.39	108.16
2022-06-23T09:48:56	-362.50	3122.92	-827.75	8.25	72.37	108.07
2022-06-23T09:48:58	-375.46	3129.68	-828.18	7.83	72.40	108.15
2022-06-23T09:49:00	-388.43	3136.44	-828.61	7.59	72.45	108.27
2022-06-23T09:49:02	-401.40	3143.18	-829.03	7.63	72.44	108.13
2022-06-23T09:49:04	-414.37	3149.92	-829.46	7.65	72.39	107.77
2022-06-23T09:49:06	-427.33	3156.64	-829.88	7.59	72.31	107.40
2022-06-23T09:49:08	-440.29	3163.36	-830.30	7.46	72.20	107.05
2022-06-23T09:49:10	-453.26	3170.07	-830.72	7.19	71.79	106.68
2022-06-23T09:49:12	-466.22	3176.78	-831.13	7.00	71.35	106.38
2022-06-23T09:49:14	-479.18	3183.48	-831.54	6.91	70.90	106.15
2022-06-23T09:49:16	-492.14	3190.17	-831.95	6.92	70.45	105.98
2022-06-23T09:49:18	-505.09	3196.85	-832.36	6.97	70.25	105.81
2022-06-23T09:49:20	-518.05	3203.52	-832.77	6.97	70.42	105.43
2022-06-23T09:49:22	-531.01	3210.19	-833.17	6.96	70.65	105.06
2022-06-23T09:49:24	-543.96	3216.85	-833.58	6.93	70.85	104.83
2022-06-23T09:49:26	-556.91	3223.50	-833.98	6.95	70.96	104.71
2022-06-23T09:49:28	-569.87	3230.15	-834.38	7.29	70.57	104.66
2022-06-23T09:49:30	-582.82	3236.78	-834.77	7.64	70.16	104.59
2022-06-23T09:49:32	-595.77	3243.41	-835.17	7.98	69.73	104.51
2022-06-23T09:49:34	-608.71	3250.04	-835.56	8.33	69.28	104.42
2022-06-23T09:49:36	-621.66	3256.65	-835.95	8.71	69.04	104.54
2022-06-23T09:49:38	-634.60	3263.26	-836.34	9.22	69.05	104.55
2022-06-23T09:49:40	-647.55	3269.86	-836.73	9.83	69.11	104.59
2022-06-23T09:49:42	-660.49	3276.46	-837.12	10.55	69.20	104.68
2022-06-23T09:49:44	-673.43	3283.04	-837.50	11.25	69.31	104.67
2022-06-23T09:49:46	-686.37	3289.63	-837.88	11.60	69.39	104.39
2022-06-23T09:49:48	-699.31	3296.20	-838.26	11.80	69.46	104.26
2022-06-23T09:49:50	-712.24	3302.76	-838.65	11.86	69.54	104.28
2022-06-23T09:49:52	-725.18	3309.33	-839.02	11.79	69.62	104.44
2022-06-23T09:49:54	-738.11	3315.88	-839.40	11.59	69.39	104.86
2022-06-23T09:49:56	-751.04	3322.42	-839.77	11.39	68.89	104.97
2022-06-23T09:49:58	-763.97	3328.97	-840.14	11.18	68.36	104.96
2022-06-23T09:50:00	-776.90	3335.50	-840.51	10.98	67.81	104.83
2022-06-23T09:50:02	-789.83	3342.02	-840.88	10.83	66.72	104.20
2022-06-23T09:50:04	-802.75	3348.54	-841.25	10.69	64.94	103.15
2022-06-23T09:50:06	-815.67	3355.06	-841.61	10.44	63.09	102.25
2022-06-23T09:50:08	-828.60	3361.56	-841.98	10.10	61.18	101.51
2022-06-23T09:50:10	-841.52	3368.06	-842.34	9.63	59.19	100.87
2022-06-23T09:50:12	-854.44	3374.55	-842.70	8.04	56.01	98.31
2022-06-23T09:50:14	-867.35	3381.04	-843.06	6.37	52.94	95.85
2022-06-23T09:50:16	-880.27	3387.52	-843.42	4.92	49.95	93.63
2022-06-23T09:50:18	-893.18	3394.00	-843.77	3.71	47.04	91.64
2022-06-23T09:50:20	-906.09	3400.46	-844.13	2.67	45.03	91.05
2022-06-23T09:50:22	-919.00	3406.93	-844.48	1.70	43.37	91.04
2022-06-23T09:50:24	-931.91	3413.38	-844.83	0.83	41.43	90.73
2022-06-23T09:50:26	-944.82	3419.83	-845.18	0.05	39.21	90.12
2022-06-23T09:50:28	-957.73	3426.27	-845.53	-0.70	36.92	89.15
2022-06-23T09:50:30	-970.63	3432.71	-845.87	-1.88	35.96	87.39
2022-06-23T09:50:32	-983.53	3439.14	-846.22	-2.86	35.16	85.20
2022-06-23T09:50:34	-996.43	3445.57	-846.56	-3.56	34.38	82.63
2022-06-23T09:50:36	-1009.33	3451.99	-846.90	-3.99	33.61	79.65
2022-06-23T09:50:38	-1022.23	3458.40	-847.24	-3.81	32.55	77.31
2022-06-23T09:50:40	-1035.12	3464.80	-847.58	-3.61	31.48	75.68
2022-06-23T09:50:42	-1048.01	3471.20	-847.92	-3.60	30.53	74.51
2022-06-23T09:50:44	-1060.90	3477.60	-848.25	-3.76	29.69	73.79
2022-06-23T09:50:46	-1073.79	3483.99	-848.59	-3.77	28.63	73.04
2022-06-23T09:50:48	-1086.68	3490.37	-848.92	-2.88	26.41	70.83
2022-06-23T09:50:50	-1099.56	3496.75	-849.25	-1.93	24.21	68.67
2022-06-23T09:50:52	-1112.45	3503.12	-849.58	-0.97	22.21	66.73
2022-06-23T09:50:54	-1125.33	3509.49	-849.91	-0.01	20.41	65.01
2022-06-23T09:50:56	-1138.21	3515.85	-850.24	-0.38	19.49	62.30
2022-06-23T09:50:58	-1151.09	3522.21	-850.57	-1.04	18.81	60.02
2022-06-23T09:51:00	-1163.96	3528.55	-850.89	-1.80	18.24	58.40
2022-06-23T09:51:02	-1176.84	3534.90	-851.21	-2.65	17.81	57.44
2022-06-23T09:51:04	-1189.71	3541.24	-851.54	-3.25	17.55	56.51
2022-06-23T09:51:06	-1202.58	3547.57	-851.86	-3.50	17.27	53.87
2022-06-23T09:51:08	-1215.45	3553.89	-852.17	-3.87	16.98	50.98
2022-06-23T09:51:10	-1228.32	3560.22	-852.49	-4.30	16.73	48.12
2022-06-23T09:51:12	-1241.18	3566.53	-852.81	-4.81	16.52	45.29
2022-06-23T09:51:14	-1254.04	3572.84	-853.13	-4.95	16.69	43.29
2022-06-23T09:51:16	-1266.90	3579.15	-853.44	-4.94	16.77	41.49
2022-06-23T09:51:18	-1279.76	3585.45	-853.75	-4.80	16.76	39.86
2022-06-23T09:51:20	-1292.62	3591.75	-854.07	-4.54	16.66	38.39
2022-06-23T09:51:22	-1305.48	3598.03	-854.38	-4.34	16.05	37.74
2022-06-23T09:51:24	-1318.33	3604.32	-854.68	-4.28	15.08	37.54
2022-06-23T09:51:26	-1331.18	3610.60	-854.99	-4.31	14.19	37.06
2022-06-23T09:51:28	-1344.03	3616.87	-855.30	-4.41	13.36	36.40
2022-06-23T09:51:30	-1356.88	3623.14	-855.60	-4.59	12.64	35.48
2022-06-23T09:51:32	-1369.72	3629.40	-855.91	-4.73	12.54	33.70
2022-06-23T09:51:34	-1382.57	3635.67	-856.21	-4.76	12.57	32.01
2022-06-23T09:51:36	-1395.41	3641.92	-856.51	-4.67	12.71	30.40
2022-06-23T09:51:38	-1408.25	3648.17	-856.81	-4.48	12.99	28.88
2022-06-23T09:51:40	-1421.09	3654.41	-857.11	-4.53	12.58	27.65
2022-06-23T09:51:42	-1433.92	3660.65	-857.41	-4.82	11.48	26.90
2022-06-23T09:51:44	-1446.76	3666.89	-857.71	-5.17	10.35	26.38
2022-06-23T09:51:46	-1459.59	3673.11	-858.00	-5.55	9.29	25.91
2022-06-23T09:51:48	-1472.42	3679.34	-858.30	-5.92	8.44	25.51
2022-06-23T09:51:50	-1485.25	3685.56	-858.59	-6.08	8.26	25.10
2022-06-23T09:51:52	-1498.07	3691.77	-858.88	-6.09	8.07	24.51
2022-06-23T09:51:54	-1510.89	3697.98	-859.18	-5.94	7.85	23.73
2022-06-23T09:51:56	-1523.72	3704.19	-859.47	-5.63	7.61	22.76
2022-06-23T09:51:58	-1536.54	3710.39	-859.76	-5.28	7.55	22.23
2022-06-23T09:52:00	-1549.36	3716.58	-860.04	-5.06	7.64	22.17
2022-06-23T09:52:02	-1562.17	3722.78	-860.33	-4.93	7.70	22.25
2022-06-23T09:52:04	-1574.99	3728.96	-860.62	-4.80	7.62	22.22
2022-06-23T09:52:06	-1587.80	3735.14	-860.90	-4.69	7.31	22.11
2022-06-23T09:52:08	-1600.61	3741.32	-861.19	-4.72	6.80	22.07
2022-06-23T09:52:10	-1613.42	3747.50	-861.47	-4.75	6.38	22.12
2022-06-23T09:52:12	-1626.22	3753.66	-861.75	-4.78	6.07	22.26
2022-06-23T09:52:14	-1639.03	3759.83	-862.03	-4.83	5.86	22.47
2022-06-23T09:52:16	-1651.83	3765.99	-862.31	-5.13	6.02	22.31
2022-06-23T09:52:18	-1664.63	3772.14	-862.59	-5.55	6.29	22.14
2022-06-23T09:52:20	-1677.43	3778.29	-862.87	-5.82	6.51	22.16
2022-06-23T09:52:22	-1690.22	3784.44	-863.15	-6.02	6.71	22.24
2022-06-23T09:52:24	-1703.02	3790.58	-863.42	-6.12	6.82	22.50
2022-06-23T09:52:26	-1715.81	3796.72	-863.69	-6.15	6.82	22.98
2022-06-23T09:52:28	-1728.60	3802.85	-863.97	-6.24	6.94	23.43
2022-06-23T09:52:30	-1741.39	3808.98	-864.24	-6.38	7.15	23.86
2022-06-23T09:52:32	-1754.17	3815.11	-864.51	-6.59	7.47	24.27
2022-06-23T09:52:34	-1766.96	3821.23	-864.78	-6.14	7.51	24.39
2022-06-23T09:52:36	-1779.74	3827.34	-865.05	-5.59	7.49	24.56
2022-06-23T09:52:38	-1792.52	3833.45	-865.32	-4.98	7.48	24.46
2022-06-23T09:52:40	-1805.30	3839.56	-865.59	-4.41	7.49	24.26
2022-06-23T09:52:42	-1818.08	3845.67	-865.86	-3.96	7.50	23.83
2022-06-23T09:52:44	-1830.85	3851.77	-866.12	-3.62	7.46	23.01
2022-06-23T09:52:46	-1843.62	3857.86	-866.39	-3.21	7.35	22.24
2022-06-23T09:52:48	-1856.39	3863.95	-866.65	-2.75	7.17	21.52
2022-06-23T09:52:50	-1869.16	3870.04	-866.91	-2.24	6.91	20.85
2022-06-23T09:52:52	-1881.93	3876.12	-867.18	-2.26	6.86	20.28
2022-06-23T09:52:54	-1894.69	3882.20	-867.44	-2.42	6.84	19.78
2022-06-23T09:52:56	-1907.46	3888.28	-867.70	-2.74	6.81	19.38
2022-06-23T09:52:58	-1920.22	3894.35	-867.96	-3.18	6.75	19.05
2022-06-23T09:53:00	-1932.98	3900.42	-868.22	-3.54	6.68	18.90
2022-06-23T09:53:02	-1945.73	3906.48	-868.47	-3.75	6.58	18.92
2022-06-23T09:53:04	-1958.49	3912.54	-868.73	-3.86	6.50	18.89
2022-06-23T09:53:06	-1971.24	3918.60	-868.99	-3.88	6.42	18.83
2022-06-23T09:53:08	-1983.99	3924.65	-869.25	-3.81	6.35	18.73
2022-06-23T09:53:10	-1996.74	3930.70	-869.50	-3.74	6.55	18.58
2022-06-23T09:53:12	-2009.49	3936.74	-869.75	-3.70	6.80	18.48
2022-06-23T09:53:14	-2022.23	3942.79	-870.00	-3.70	7.06	18.45
2022-06-23T09:53:16	-2034.97	3948.83	-870.26	-3.86	7.34	18.45
2022-06-23T09:53:18	-2047.71	3954.86	-870.51	-3.98	7.62	18.38
2022-06-23T09:53:20	-2060.45	3960.89	-870.76	-4.06	7.85	18.13
2022-06-23T09:53:22	-2073.19	3966.91	-871.01	-4.17	8.08	17.89
2022-06-23T09:53:24	-2085.93	3972.94	-871.26	-4.31	8.30	17.63
2022-06-23T09:53:26	-2098.66	3978.96	-871.50	-4.48	8.52	17.37
2022-06-23T09:53:28	-2111.39	3984.97	-871.75	-4.76	8.52	17.02
2022-06-23T09:53:30	-2124.12	3990.98	-872.00	-5.05	8.51	16.54
2022-06-23T09:53:32	-2136.85	3996.99	-872.24	-5.34	8.50	15.95
2022-06-23T09:53:34	-2149.57	4003.00	-872.49	-5.60	8.46	15.35
2022-06-23T09:53:36	-2162.30	4009.00	-872.73	-5.79	8.24	15.06
2022-06-23T09:53:38	-2175.02	4015.00	-872.97	-5.95	7.84	14.97
2022-06-23T09:53:40	-2187.74	4020.99	-873.22	-6.09	7.52	14.83
2022-06-23T09:53:42	-2200.46	4026.98	-873.46	-6.21	7.28	14.65
2022-06-23T09:53:44	-2213.17	4032.97	-873.70	-6.33	7.12	14.43
2022-06-23T09:53:46	-2225.89	4038.95	-873.94	-6.29	7.31	14.76
2022-06-23T09:53:48	-2238.60	4044.93	-874.18	-6.23	7.46	15.15
2022-06-23T09:53:50	-2251.31	4050.91	-874.42	-6.17	7.57	15.60
2022-06-23T09:53:52	-2264.01	4056.88	-874.65	-6.10	7.62	16.08
2022-06-23T09:53:54	-2276.72	4062.85	-874.89	-5.96	7.62	16.69
2022-06-23T09:53:56	-2289.43	4068.82	-875.13	-5.91	7.65	17.34
2022-06-23T09:53:58	-2302.13	4074.79	-875.36	-5.98	7.63	17.94
2022-06-23T09:54:00	-2314.83	4080.74	-875.60	-6.17	7.56	18.48
2022-06-23T09:54:02	-2327.53	4086.70	-875.83	-6.48	7.45	18.98
2022-06-23T09:54:04	-2340.23	4092.66	-876.07	-6.81	7.37	19.03
2022-06-23T09:54:06	-2352.92	4098.61	-876.30	-7.14	7.31	19.10
2022-06-23T09:54:08	-2365.61	4104.56	-876.53	-7.47	7.25	19.20
2022-06-23T09:54:10	-2378.30	4110.50	-876.76	-7.80	7.20	19.34
2022-06-23T09:54:12	-2390.99	4116.44	-876.99	-8.18	7.11	19.31
2022-06-23T09:54:14	-2403.68	4122.38	-877.22	-8.57	6.92	19.08
2022-06-23T09:54:16	-2416.37	4128.31	-877.45	-8.95	6.74	18.88
2022-06-23T09:54:18	-2429.05	4134.25	-877.68	-9.33	6.57	18.70
2022-06-23T09:54:20	-2441.73	4140.17	-877.91	-9.70	6.40	18.56
2022-06-23T09:54:22	-2454.41	4146.10	-878.14	-10.18	6.21	18.48
2022-06-23T09:54:24	-2467.09	4152.02	-878.37	-10.69	6.06	18.31
2022-06-23T09:54:26	-2479.76	4157.94	-878.59	-11.22	5.92	18.04
2022-06-23T09:54:28	-2492.44	4163.86	-878.81	-11.77	5.82	17.67
2022-06-23T09:54:30	-2505.11	4169.77	-879.04	-12.18	5.77	17.29
2022-06-23T09:54:32	-2517.78	4175.68	-879.27	-12.29	5.78	17.03
2022-06-23T09:54:34	-2530.45	4181.59	-879.49	-12.36	5.79	16.87
2022-06-23T09:54:36	-2543.12	4187.50	-879.71	-12.46	5.78	16.80
2022-06-23T09:54:38	-2555.78	4193.40	-879.93	-12.57	5.76	16.82
2022-06-23T09:54:40	-2568.45	4199.29	-880.16	-12.64	5.18	17.11
2022-06-23T09:54:42	-2581.11	4205.19	-880.38	-12.79	4.51	17.38
2022-06-23T09:54:44	-2593.77	4211.08	-880.60	-13.01	3.80	17.62
2022-06-23T09:54:46	-2606.43	4216.97	-880.82	-13.31	3.06	17.82
2022-06-23T09:54:48	-2619.08	4222.86	-881.04	-13.57	2.44	17.97
2022-06-23T09:54:50	-2631.74	4228.74	-881.25	-13.65	2.10	18.03
2022-06-23T09:54:52	-2644.39	4234.62	-881.47	-13.56	1.94	18.00
2022-06-23T09:54:54	-2657.04	4240.51	-881.69	-13.51	1.83	18.04
2022-06-23T09:54:56	-2669.69	4246.38	-881.91	-13.51	1.76	18.16
2022-06-23T09:54:58	-2682.33	4252.25	-882.12	-13.61	1.92	18.23
2022-06-23T09:55:00	-2694.98	4258.12	-882.34	-13.73	2.11	18.27
2022-06-23T09:55:02	-2707.62	4263.99	-882.55	-13.87	2.32	18.29
2022-06-23T09:55:04	-2720.26	4269.86	-882.77	-14.04	2.53	18.30
2022-06-23T09:55:06	-2732.90	4275.72	-882.98	-14.19	2.80	18.24
2022-06-23T09:55:08	-2745.54	4281.58	-883.20	-14.31	3.17	18.09
2022-06-23T09:55:10	-2758.18	4287.43	-883.41	-14.36	3.57	17.92
2022-06-23T09:55:12	-2770.81	4293.29	-883.62	-14.21	4.02	17.67
2022-06-23T09:55:14	-2783.44	4299.14	-883.83	-14.09	4.49	17.46
2022-06-23T09:55:16	-2796.07	4304.99	-884.04	-13.74	4.92	17.53
2022-06-23T09:55:18	-2808.70	4310.83	-884.25	-13.41	5.34	17.70
2022-06-23T09:55:20	-2821.33	4316.68	-884.46	-13.13	5.77	17.91
2022-06-23T09:55:22	-2833.96	4322.52	-884.67	-12.93	6.22	18.15
2022-06-23T09:55:24	-2846.58	4328.36	-884.88	-12.89	6.51	18.41
2022-06-23T09:55:26	-2859.20	4334.19	-885.09	-13.14	6.38	18.62
2022-06-23T09:55:28	-2871.82	4340.02	-885.30	-13.44	6.21	18.86
2022-06-23T09:55:30	-2884.44	4345.85	-885.51	-13.83	5.94	19.03
2022-06-23T09:55:32	-2897.06	4351.68	-885.71	-14.30	5.64	18.98
2022-06-23T09:55:34	-2909.67	4357.51	-885.92	-14.56	5.46	18.40
2022-06-23T09:55:36	-2922.29	4363.33	-886.13	-14.68	5.33	17.70
2022-06-23T09:55:38	-2934.90	4369.15	-886.33	-14.70	5.24	17.04
2022-06-23T09:55:40	-2947.51	4374.97	-886.53	-14.62	5.19	16.40
2022-06-23T09:55:42	-2960.12	4380.78	-886.74	-14.46	5.16	15.86
2022-06-23T09:55:44	-2972.72	4386.60	-886.94	-14.42	5.11	15.59
2022-06-23T09:55:46	-2985.33	4392.41	-887.14	-14.46	5.11	15.42
2022-06-23T09:55:48	-2997.93	4398.21	-887.35	-14.58	5.15	15.35
2022-06-23T09:55:50	-3010.53	4404.02	-887.55	-14.77	5.10	15.41
2022-06-23T09:55:52	-3023.13	4409.82	-887.75	-14.99	5.17	15.28
2022-06-23T09:55:54	-3035.73	4415.62	-887.96	-15.24	5.32	15.04
