Time	POS_X	POS_Y	POS_Z	B_X	B_Y	B_Z
2023-06-19T19:16:52	3412.20	-4003.44	1375.44	-8.19	0.17	11.20
2023-06-19T19:16:54	3411.13	-3994.28	1375.00	-9.57	0.22	11.39
2023-06-19T19:16:56	3410.07	-3985.12	1374.57	-10.97	0.27	11.58
2023-06-19T19:16:58	3409.00	-3975.95	1374.14	-12.38	0.31	11.77
2023-06-19T19:17:00	3407.93	-3966.79	1373.71	-13.80	0.35	11.95
2023-06-19T19:17:02	3406.86	-3957.62	1373.27	-15.23	0.38	12.14
2023-06-19T19:17:04	3405.79	-3948.45	1372.84	-16.67	0.39	12.31
2023-06-19T19:17:06	3404.71	-3939.28	1372.40	-18.14	0.19	12.37
2023-06-19T19:17:08	3403.64	-3930.10	1371.97	-19.60	-0.00	12.44
2023-06-19T19:17:10	3402.56	-3920.92	1371.53	-21.06	-0.19	12.52
2023-06-19T19:17:12	3401.48	-3911.74	1371.09	-22.51	-0.38	12.61
2023-06-19T19:17:14	3400.39	-3902.56	1370.65	-23.95	-0.56	12.70
2023-06-19T19:17:16	3399.31	-3893.37	1370.21	-25.39	-0.74	12.81
2023-06-19T19:17:18	3398.22	-3884.18	1369.77	-26.84	-0.45	12.87
2023-06-19T19:17:20	3397.13	-3875.00	1369.33	-28.27	-0.04	12.91
2023-06-19T19:17:22	3396.05	-3865.80	1368.89	-29.67	0.39	12.94
2023-06-19T19:17:24	3394.95	-3856.61	1368.45	-31.05	0.83	12.96
2023-06-19T19:17:26	3393.86	-3847.41	1368.00	-32.41	1.29	12.97
2023-06-19T19:17:28	3392.76	-3838.22	1367.56	-33.75	1.76	12.97
2023-06-19T19:17:30	3391.66	-3829.02	1367.11	-34.98	2.26	12.86
2023-06-19T19:17:32	3390.56	-3819.82	1366.67	-36.16	2.77	12.67
2023-06-19T19:17:34	3389.46	-3810.61	1366.22	-37.35	3.27	12.48
2023-06-19T19:17:36	3388.36	-3801.40	1365.78	-38.53	3.78	12.31
2023-06-19T19:17:38	3387.25	-3792.19	1365.33	-39.71	4.28	12.14
2023-06-19T19:17:40	3386.14	-3782.98	1364.88	-40.89	4.79	11.97
2023-06-19T19:17:42	3385.03	-3773.76	1364.43	-42.02	5.17	11.77
2023-06-19T19:17:44	3383.92	-3764.55	1363.98	-43.06	5.35	11.49
2023-06-19T19:17:46	3382.81	-3755.33	1363.53	-44.08	5.51	11.23
2023-06-19T19:17:48	3381.69	-3746.11	1363.07	-45.08	5.67	10.98
2023-06-19T19:17:50	3380.57	-3736.88	1362.62	-46.07	5.82	10.73
2023-06-19T19:17:52	3379.45	-3727.66	1362.16	-47.03	5.95	10.49
2023-06-19T19:17:54	3378.33	-3718.43	1361.71	-47.99	6.10	10.38
2023-06-19T19:17:56	3377.21	-3709.20	1361.25	-48.93	6.30	10.83
2023-06-19T19:17:58	3376.08	-3699.97	1360.80	-49.90	6.51	11.26
2023-06-19T19:18:00	3374.95	-3690.73	1360.34	-50.88	6.72	11.66
2023-06-19T19:18:02	3373.82	-3681.50	1359.88	-51.88	6.93	12.03
2023-06-19T19:18:04	3372.69	-3672.26	1359.42	-52.89	7.15	12.38
2023-06-19T19:18:06	3371.56	-3663.01	1358.96	-53.92	7.36	12.70
2023-06-19T19:18:08	3370.42	-3653.77	1358.50	-54.86	7.50	12.17
2023-06-19T19:18:10	3369.28	-3644.52	1358.04	-55.82	7.63	11.64
2023-06-19T19:18:12	3368.14	-3635.27	1357.58	-56.79	7.76	11.14
2023-06-19T19:18:14	3366.99	-3626.02	1357.11	-57.79	7.88	10.66
2023-06-19T19:18:16	3365.85	-3616.77	1356.65	-58.81	7.99	10.20
2023-06-19T19:18:18	3364.70	-3607.51	1356.18	-59.85	8.10	9.76
2023-06-19T19:18:20	3363.55	-3598.25	1355.72	-60.57	8.18	9.37
2023-06-19T19:18:22	3362.40	-3588.99	1355.25	-61.23	8.27	8.99
2023-06-19T19:18:24	3361.24	-3579.73	1354.78	-61.90	8.36	8.62
2023-06-19T19:18:26	3360.09	-3570.46	1354.31	-62.58	8.46	8.25
2023-06-19T19:18:28	3358.93	-3561.19	1353.84	-63.28	8.56	7.90
2023-06-19T19:18:30	3357.77	-3551.92	1353.37	-63.98	8.68	7.55
2023-06-19T19:18:32	3356.61	-3542.65	1352.90	-64.39	8.79	7.14
2023-06-19T19:18:34	3355.44	-3533.37	1352.43	-64.61	8.89	6.69
2023-06-19T19:18:36	3354.27	-3524.10	1351.95	-64.83	8.97	6.23
2023-06-19T19:18:38	3353.10	-3514.82	1351.48	-65.03	9.05	5.76
2023-06-19T19:18:40	3351.93	-3505.53	1351.01	-65.21	9.13	5.28
2023-06-19T19:18:42	3350.76	-3496.25	1350.53	-65.39	9.19	4.79
2023-06-19T19:18:44	3349.58	-3486.96	1350.05	-65.60	9.25	4.33
2023-06-19T19:18:46	3348.40	-3477.67	1349.57	-65.85	9.30	3.89
2023-06-19T19:18:48	3347.22	-3468.38	1349.09	-66.10	9.35	3.45
2023-06-19T19:18:50	3346.04	-3459.08	1348.61	-66.34	9.40	3.02
2023-06-19T19:18:52	3344.85	-3449.78	1348.13	-66.58	9.45	2.59
2023-06-19T19:18:54	3343.66	-3440.49	1347.65	-66.81	9.50	2.16
2023-06-19T19:18:56	3342.47	-3431.18	1347.17	-67.07	9.60	1.88
2023-06-19T19:18:58	3341.28	-3421.88	1346.68	-67.39	9.83	1.89
2023-06-19T19:19:00	3340.08	-3412.57	1346.20	-67.71	10.06	1.91
2023-06-19T19:19:02	3338.89	-3403.26	1345.71	-68.04	10.29	1.93
2023-06-19T19:19:04	3337.69	-3393.95	1345.23	-68.37	10.52	1.94
2023-06-19T19:19:06	3336.49	-3384.64	1344.74	-68.71	10.74	1.96
2023-06-19T19:19:08	3335.28	-3375.32	1344.25	-69.00	10.96	1.95
2023-06-19T19:19:10	3334.07	-3366.00	1343.76	-69.04	11.11	1.88
2023-06-19T19:19:12	3332.86	-3356.68	1343.27	-69.06	11.26	1.80
2023-06-19T19:19:14	3331.65	-3347.35	1342.78	-69.08	11.42	1.70
2023-06-19T19:19:16	3330.44	-3338.02	1342.28	-69.10	11.58	1.61
2023-06-19T19:19:18	3329.22	-3328.69	1341.79	-69.13	11.74	1.51
2023-06-19T19:19:20	3328.00	-3319.36	1341.29	-69.16	11.90	1.42
2023-06-19T19:19:22	3326.78	-3310.03	1340.80	-69.33	12.16	1.40
2023-06-19T19:19:24	3325.56	-3300.69	1340.30	-69.49	12.42	1.40
2023-06-19T19:19:26	3324.33	-3291.35	1339.80	-69.66	12.68	1.39
2023-06-19T19:19:28	3323.10	-3282.01	1339.31	-69.83	12.93	1.40
2023-06-19T19:19:30	3321.87	-3272.66	1338.81	-70.01	13.18	1.41
2023-06-19T19:19:32	3320.64	-3263.32	1338.31	-70.19	13.44	1.42
2023-06-19T19:19:34	3319.40	-3253.97	1337.80	-70.26	13.50	1.37
2023-06-19T19:19:36	3318.16	-3244.61	1337.30	-70.31	13.55	1.30
2023-06-19T19:19:38	3316.92	-3235.26	1336.80	-70.37	13.60	1.23
2023-06-19T19:19:40	3315.67	-3225.90	1336.29	-70.42	13.66	1.16
2023-06-19T19:19:42	3314.43	-3216.54	1335.79	-70.47	13.71	1.09
2023-06-19T19:19:44	3313.18	-3207.18	1335.28	-70.52	13.78	1.01
2023-06-19T19:19:46	3311.92	-3197.82	1334.77	-70.62	13.85	1.03
2023-06-19T19:19:48	3310.67	-3188.45	1334.26	-70.72	13.92	1.08
2023-06-19T19:19:50	3309.41	-3179.08	1333.75	-70.83	13.99	1.12
2023-06-19T19:19:52	3308.15	-3169.71	1333.24	-70.94	14.06	1.15
2023-06-19T19:19:54	3306.89	-3160.33	1332.73	-71.04	14.14	1.19
2023-06-19T19:19:56	3305.62	-3150.95	1332.21	-71.15	14.21	1.22
2023-06-19T19:19:58	3304.35	-3141.57	1331.70	-71.20	14.28	1.26
2023-06-19T19:20:00	3303.08	-3132.19	1331.18	-71.22	14.34	1.32
2023-06-19T19:20:02	3301.81	-3122.80	1330.66	-71.25	14.39	1.37
2023-06-19T19:20:04	3300.53	-3113.41	1330.15	-71.27	14.45	1.43
2023-06-19T19:20:06	3299.26	-3104.02	1329.63	-71.29	14.51	1.50
2023-06-19T19:20:08	3297.97	-3094.63	1329.11	-71.31	14.56	1.56
2023-06-19T19:20:10	3296.69	-3085.23	1328.58	-71.35	14.61	1.63
2023-06-19T19:20:12	3295.40	-3075.83	1328.06	-71.39	14.66	1.69
2023-06-19T19:20:14	3294.11	-3066.43	1327.54	-71.43	14.71	1.76
2023-06-19T19:20:16	3292.82	-3057.03	1327.01	-71.47	14.75	1.82
2023-06-19T19:20:18	3291.53	-3047.62	1326.49	-71.51	14.79	1.88
2023-06-19T19:20:20	3290.23	-3038.21	1325.96	-71.55	14.83	1.94
2023-06-19T19:20:22	3288.93	-3028.80	1325.43	-71.57	14.88	1.99
2023-06-19T19:20:24	3287.62	-3019.39	1324.90	-71.59	14.93	2.05
2023-06-19T19:20:26	3286.32	-3009.97	1324.37	-71.60	14.98	2.10
2023-06-19T19:20:28	3285.01	-3000.55	1323.84	-71.62	15.04	2.16
2023-06-19T19:20:30	3283.69	-2991.13	1323.31	-71.63	15.09	2.21
2023-06-19T19:20:32	3282.38	-2981.70	1322.78	-71.65	15.15	2.26
2023-06-19T19:20:34	3281.06	-2972.27	1322.24	-71.67	15.22	2.32
2023-06-19T19:20:36	3279.74	-2962.85	1321.70	-71.68	15.32	2.39
2023-06-19T19:20:38	3278.42	-2953.41	1321.16	-71.70	15.41	2.46
2023-06-19T19:20:40	3277.09	-2943.98	1320.63	-71.71	15.51	2.53
2023-06-19T19:20:42	3275.76	-2934.54	1320.09	-71.73	15.60	2.61
2023-06-19T19:20:44	3274.43	-2925.10	1319.54	-71.75	15.70	2.68
2023-06-19T19:20:46	3273.09	-2915.65	1319.00	-71.77	15.80	2.75
2023-06-19T19:20:48	3271.75	-2906.21	1318.46	-71.78	15.88	2.81
2023-06-19T19:20:50	3270.41	-2896.76	1317.91	-71.79	15.97	2.86
2023-06-19T19:20:52	3269.07	-2887.31	1317.37	-71.79	16.06	2.92
2023-06-19T19:20:54	3267.72	-2877.85	1316.82	-71.80	16.16	2.98
2023-06-19T19:20:56	3266.37	-2868.39	1316.27	-71.81	16.25	3.04
2023-06-19T19:20:58	3265.02	-2858.93	1315.72	-71.82	16.33	3.11
2023-06-19T19:21:00	3263.66	-2849.47	1315.17	-71.81	16.39	3.21
2023-06-19T19:21:02	3262.30	-2840.01	1314.62	-71.81	16.45	3.32
2023-06-19T19:21:04	3260.94	-2830.54	1314.07	-71.81	16.50	3.42
2023-06-19T19:21:06	3259.57	-2821.07	1313.51	-71.80	16.56	3.53
2023-06-19T19:21:08	3258.20	-2811.59	1312.95	-71.80	16.63	3.63
2023-06-19T19:21:10	3256.83	-2802.12	1312.40	-71.80	16.69	3.75
2023-06-19T19:21:12	3255.46	-2792.64	1311.84	-71.80	16.77	3.87
2023-06-19T19:21:14	3254.08	-2783.16	1311.28	-71.80	16.85	4.00
2023-06-19T19:21:16	3252.70	-2773.67	1310.72	-71.81	16.93	4.12
2023-06-19T19:21:18	3251.31	-2764.19	1310.16	-71.81	17.01	4.25
2023-06-19T19:21:20	3249.92	-2754.69	1309.59	-71.81	17.09	4.37
2023-06-19T19:21:22	3248.53	-2745.20	1309.03	-71.81	17.16	4.49
2023-06-19T19:21:24	3247.14	-2735.71	1308.46	-71.80	17.20	4.60
2023-06-19T19:21:26	3245.74	-2726.21	1307.89	-71.79	17.24	4.70
2023-06-19T19:21:28	3244.34	-2716.71	1307.33	-71.79	17.29	4.80
2023-06-19T19:21:30	3242.94	-2707.20	1306.75	-71.78	17.33	4.91
2023-06-19T19:21:32	3241.53	-2697.70	1306.18	-71.78	17.37	5.01
2023-06-19T19:21:34	3240.12	-2688.19	1305.61	-71.79	17.41	5.11
2023-06-19T19:21:36	3238.71	-2678.68	1305.03	-71.81	17.44	5.22
2023-06-19T19:21:38	3237.29	-2669.16	1304.46	-71.83	17.46	5.33
2023-06-19T19:21:40	3235.87	-2659.64	1303.88	-71.86	17.49	5.44
2023-06-19T19:21:42	3234.45	-2650.12	1303.30	-71.88	17.52	5.54
2023-06-19T19:21:44	3233.02	-2640.60	1302.73	-71.90	17.55	5.65
2023-06-19T19:21:46	3231.59	-2631.07	1302.15	-71.94	17.58	5.76
2023-06-19T19:21:48	3230.15	-2621.55	1301.56	-71.99	17.62	5.85
2023-06-19T19:21:50	3228.72	-2612.02	1300.98	-72.04	17.65	5.95
2023-06-19T19:21:52	3227.28	-2602.48	1300.39	-72.09	17.69	6.05
2023-06-19T19:21:54	3225.84	-2592.94	1299.81	-72.14	17.72	6.16
2023-06-19T19:21:56	3224.39	-2583.40	1299.22	-72.19	17.75	6.26
2023-06-19T19:21:58	3222.94	-2573.86	1298.63	-72.24	17.77	6.36
2023-06-19T19:22:00	3221.48	-2564.32	1298.04	-72.28	17.78	6.46
2023-06-19T19:22:02	3220.02	-2554.77	1297.45	-72.33	17.79	6.57
2023-06-19T19:22:04	3218.56	-2545.22	1296.85	-72.38	17.80	6.67
2023-06-19T19:22:06	3217.10	-2535.66	1296.25	-72.43	17.81	6.78
2023-06-19T19:22:08	3215.63	-2526.11	1295.66	-72.47	17.82	6.88
2023-06-19T19:22:10	3214.16	-2516.55	1295.06	-72.52	17.84	6.99
2023-06-19T19:22:12	3212.68	-2506.98	1294.46	-72.58	17.85	7.08
2023-06-19T19:22:14	3211.21	-2497.42	1293.86	-72.64	17.87	7.17
2023-06-19T19:22:16	3209.72	-2487.85	1293.26	-72.69	17.89	7.27
2023-06-19T19:22:18	3208.24	-2478.28	1292.66	-72.75	17.91	7.36
2023-06-19T19:22:20	3206.75	-2468.70	1292.05	-72.81	17.93	7.46
2023-06-19T19:22:22	3205.25	-2459.13	1291.44	-72.87	17.95	7.57
2023-06-19T19:22:24	3203.76	-2449.55	1290.83	-72.97	17.97	7.69
2023-06-19T19:22:26	3202.26	-2439.97	1290.22	-73.06	17.99	7.81
2023-06-19T19:22:28	3200.75	-2430.38	1289.61	-73.16	18.00	7.93
2023-06-19T19:22:30	3199.24	-2420.79	1289.00	-73.26	18.02	8.05
2023-06-19T19:22:32	3197.73	-2411.20	1288.39	-73.36	18.03	8.18
2023-06-19T19:22:34	3196.21	-2401.61	1287.77	-73.45	18.05	8.31
2023-06-19T19:22:36	3194.70	-2392.01	1287.15	-73.53	18.10	8.45
2023-06-19T19:22:38	3193.17	-2382.41	1286.53	-73.61	18.14	8.58
2023-06-19T19:22:40	3191.64	-2372.81	1285.91	-73.70	18.19	8.72
2023-06-19T19:22:42	3190.11	-2363.21	1285.29	-73.78	18.23	8.85
2023-06-19T19:22:44	3188.58	-2353.60	1284.67	-73.86	18.27	8.99
2023-06-19T19:22:46	3187.04	-2343.99	1284.04	-73.93	18.31	9.12
2023-06-19T19:22:48	3185.50	-2334.37	1283.42	-73.97	18.33	9.26
2023-06-19T19:22:50	3183.95	-2324.75	1282.79	-74.01	18.35	9.39
2023-06-19T19:22:52	3182.40	-2315.14	1282.16	-74.05	18.37	9.53
2023-06-19T19:22:54	3180.85	-2305.51	1281.52	-74.10	18.40	9.66
2023-06-19T19:22:56	3179.29	-2295.89	1280.89	-74.14	18.42	9.80
2023-06-19T19:22:58	3177.73	-2286.26	1280.26	-74.18	18.44	9.93
2023-06-19T19:23:00	3176.17	-2276.63	1279.62	-74.21	18.45	10.03
2023-06-19T19:23:02	3174.59	-2266.99	1278.98	-74.24	18.46	10.14
2023-06-19T19:23:04	3173.02	-2257.36	1278.34	-74.27	18.47	10.25
2023-06-19T19:23:06	3171.44	-2247.72	1277.70	-74.30	18.48	10.35
2023-06-19T19:23:08	3169.86	-2238.07	1277.06	-74.33	18.49	10.45
2023-06-19T19:23:10	3168.27	-2228.43	1276.42	-74.39	18.49	10.55
2023-06-19T19:23:12	3166.69	-2218.78	1275.77	-74.50	18.46	10.65
2023-06-19T19:23:14	3165.09	-2209.13	1275.12	-74.60	18.43	10.75
2023-06-19T19:23:16	3163.49	-2199.47	1274.47	-74.71	18.40	10.84
2023-06-19T19:23:18	3161.89	-2189.82	1273.82	-74.82	18.37	10.94
2023-06-19T19:23:20	3160.28	-2180.16	1273.17	-74.94	18.33	11.04
2023-06-19T19:23:22	3158.67	-2170.49	1272.51	-75.06	18.29	11.14
2023-06-19T19:23:24	3157.06	-2160.83	1271.85	-75.18	18.25	11.24
2023-06-19T19:23:26	3155.44	-2151.16	1271.20	-75.31	18.20	11.34
2023-06-19T19:23:28	3153.81	-2141.49	1270.54	-75.42	18.16	11.45
2023-06-19T19:23:30	3152.19	-2131.81	1269.88	-75.54	18.12	11.56
2023-06-19T19:23:32	3150.56	-2122.13	1269.21	-75.65	18.08	11.67
2023-06-19T19:23:34	3148.92	-2112.45	1268.55	-75.78	18.06	11.81
2023-06-19T19:23:36	3147.28	-2102.77	1267.88	-75.92	18.04	11.97
2023-06-19T19:23:38	3145.64	-2093.08	1267.21	-76.05	18.03	12.14
2023-06-19T19:23:40	3143.99	-2083.39	1266.54	-76.19	18.02	12.30
2023-06-19T19:23:42	3142.33	-2073.70	1265.87	-76.33	18.01	12.47
2023-06-19T19:23:44	3140.68	-2064.01	1265.20	-76.47	18.00	12.63
2023-06-19T19:23:46	3139.01	-2054.31	1264.52	-76.61	17.97	12.80
2023-06-19T19:23:48	3137.35	-2044.61	1263.84	-76.76	17.93	12.98
2023-06-19T19:23:50	3135.68	-2034.90	1263.17	-76.91	17.90	13.16
2023-06-19T19:23:52	3134.00	-2025.20	1262.49	-77.06	17.86	13.34
2023-06-19T19:23:54	3132.32	-2015.49	1261.80	-77.21	17.83	13.53
2023-06-19T19:23:56	3130.64	-2005.78	1261.12	-77.37	17.80	13.71
2023-06-19T19:23:58	3128.95	-1996.06	1260.43	-77.49	17.76	13.90
2023-06-19T19:24:00	3127.26	-1986.34	1259.74	-77.61	17.72	14.09
2023-06-19T19:24:02	3125.56	-1976.62	1259.05	-77.73	17.67	14.28
2023-06-19T19:24:04	3123.85	-1966.89	1258.36	-77.85	17.63	14.47
2023-06-19T19:24:06	3122.15	-1957.17	1257.67	-77.98	17.59	14.67
2023-06-19T19:24:08	3120.44	-1947.43	1256.97	-78.10	17.55	14.86
2023-06-19T19:24:10	3118.72	-1937.70	1256.27	-78.23	17.48	15.10
2023-06-19T19:24:12	3117.00	-1927.97	1255.57	-78.36	17.40	15.34
2023-06-19T19:24:14	3115.27	-1918.23	1254.87	-78.50	17.33	15.58
2023-06-19T19:24:16	3113.54	-1908.49	1254.17	-78.63	17.25	15.81
2023-06-19T19:24:18	3111.81	-1898.74	1253.46	-78.77	17.17	16.05
2023-06-19T19:24:20	3110.07	-1888.99	1252.76	-78.91	17.09	16.28
2023-06-19T19:24:22	3108.32	-1879.24	1252.05	-79.03	17.02	16.52
2023-06-19T19:24:24	3106.57	-1869.49	1251.34	-79.15	16.94	16.75
2023-06-19T19:24:26	3104.82	-1859.73	1250.62	-79.27	16.85	16.99
2023-06-19T19:24:28	3103.06	-1849.97	1249.91	-79.39	16.77	17.23
2023-06-19T19:24:30	3101.30	-1840.21	1249.19	-79.51	16.69	17.48
2023-06-19T19:24:32	3099.53	-1830.44	1248.47	-79.65	16.61	17.72
2023-06-19T19:24:34	3097.75	-1820.67	1247.75	-79.84	16.55	17.94
2023-06-19T19:24:36	3095.98	-1810.90	1247.03	-80.02	16.48	18.16
2023-06-19T19:24:38	3094.19	-1801.13	1246.30	-80.21	16.42	18.39
2023-06-19T19:24:40	3092.40	-1791.35	1245.58	-80.40	16.35	18.62
2023-06-19T19:24:42	3090.61	-1781.57	1244.85	-80.59	16.28	18.85
2023-06-19T19:24:44	3088.81	-1771.79	1244.12	-80.78	16.21	19.09
2023-06-19T19:24:46	3087.01	-1762.00	1243.38	-80.98	16.12	19.36
2023-06-19T19:24:48	3085.20	-1752.22	1242.65	-81.17	16.03	19.63
2023-06-19T19:24:50	3083.39	-1742.42	1241.91	-81.37	15.94	19.91
2023-06-19T19:24:52	3081.57	-1732.63	1241.17	-81.56	15.86	20.19
2023-06-19T19:24:54	3079.74	-1722.83	1240.43	-81.76	15.77	20.47
2023-06-19T19:24:56	3077.92	-1713.03	1239.69	-81.95	15.70	20.77
2023-06-19T19:24:58	3076.08	-1703.23	1238.94	-82.13	15.65	21.09
2023-06-19T19:25:00	3074.24	-1693.42	1238.20	-82.31	15.59	21.41
2023-06-19T19:25:02	3072.40	-1683.61	1237.45	-82.49	15.54	21.74
2023-06-19T19:25:04	3070.55	-1673.80	1236.69	-82.67	15.48	22.06
2023-06-19T19:25:06	3068.69	-1663.98	1235.94	-82.85	15.43	22.39
2023-06-19T19:25:08	3066.83	-1654.17	1235.18	-83.00	15.36	22.71
2023-06-19T19:25:10	3064.97	-1644.35	1234.43	-83.16	15.30	23.02
2023-06-19T19:25:12	3063.10	-1634.52	1233.66	-83.31	15.23	23.34
2023-06-19T19:25:14	3061.22	-1624.70	1232.90	-83.46	15.16	23.65
2023-06-19T19:25:16	3059.34	-1614.87	1232.14	-83.62	15.10	23.97
2023-06-19T19:25:18	3057.45	-1605.03	1231.37	-83.77	15.03	24.28
2023-06-19T19:25:20	3055.56	-1595.20	1230.60	-83.95	14.97	24.62
2023-06-19T19:25:22	3053.66	-1585.36	1229.83	-84.13	14.90	24.96
2023-06-19T19:25:24	3051.76	-1575.52	1229.05	-84.32	14.84	25.31
2023-06-19T19:25:26	3049.85	-1565.67	1228.28	-84.51	14.77	25.66
2023-06-19T19:25:28	3047.93	-1555.83	1227.50	-84.70	14.71	26.01
2023-06-19T19:25:30	3046.01	-1545.98	1226.72	-84.89	14.65	26.37
2023-06-19T19:25:32	3044.09	-1536.13	1225.94	-85.08	14.60	26.72
2023-06-19T19:25:34	3042.16	-1526.27	1225.15	-85.26	14.55	27.07
2023-06-19T19:25:36	3040.22	-1516.41	1224.37	-85.44	14.49	27.42
2023-06-19T19:25:38	3038.28	-1506.55	1223.58	-85.62	14.43	27.77
2023-06-19T19:25:40	3036.33	-1496.69	1222.78	-85.80	14.37	28.13
2023-06-19T19:25:42	3034.38	-1486.82	1221.99	-85.99	14.30	28.49
2023-06-19T19:25:44	3032.41	-1476.95	1221.20	-86.19	14.22	28.86
2023-06-19T19:25:46	3030.45	-1467.08	1220.40	-86.40	14.14	29.23
2023-06-19T19:25:48	3028.48	-1457.20	1219.59	-86.60	14.07	29.61
2023-06-19T19:25:50	3026.50	-1447.33	1218.79	-86.80	13.99	29.99
2023-06-19T19:25:52	3024.52	-1437.45	1217.99	-87.00	13.91	30.38
2023-06-19T19:25:54	3022.53	-1427.56	1217.18	-87.18	13.84	30.77
2023-06-19T19:25:56	3020.54	-1417.68	1216.37	-87.36	13.78	31.18
2023-06-19T19:25:58	3018.54	-1407.79	1215.55	-87.55	13.72	31.60
2023-06-19T19:26:00	3016.53	-1397.90	1214.74	-87.73	13.66	32.01
2023-06-19T19:26:02	3014.52	-1388.00	1213.92	-87.92	13.61	32.42
2023-06-19T19:26:04	3012.50	-1378.10	1213.10	-88.12	13.55	32.84
2023-06-19T19:26:06	3010.48	-1368.20	1212.28	-88.32	13.48	33.23
2023-06-19T19:26:08	3008.45	-1358.30	1211.45	-88.54	13.41	33.61
2023-06-19T19:26:10	3006.41	-1348.39	1210.63	-88.75	13.34	34.00
2023-06-19T19:26:12	3004.37	-1338.48	1209.80	-88.97	13.27	34.38
2023-06-19T19:26:14	3002.32	-1328.57	1208.96	-89.19	13.20	34.77
2023-06-19T19:26:16	3000.27	-1318.66	1208.13	-89.41	13.13	35.16
2023-06-19T19:26:18	2998.21	-1308.74	1207.29	-89.61	13.09	35.56
2023-06-19T19:26:20	2996.14	-1298.82	1206.45	-89.80	13.06	35.98
2023-06-19T19:26:22	2994.07	-1288.90	1205.61	-90.00	13.03	36.39
2023-06-19T19:26:24	2991.99	-1278.97	1204.76	-90.19	13.00	36.81
2023-06-19T19:26:26	2989.90	-1269.05	1203.92	-90.38	12.98	37.24
2023-06-19T19:26:28	2987.81	-1259.12	1203.07	-90.59	12.96	37.68
2023-06-19T19:26:30	2985.71	-1249.18	1202.21	-90.83	12.92	38.11
2023-06-19T19:26:32	2983.61	-1239.25	1201.36	-91.06	12.89	38.55
2023-06-19T19:26:34	2981.50	-1229.31	1200.50	-91.30	12.85	38.99
2023-06-19T19:26:36	2979.38	-1219.37	1199.64	-91.53	12.81	39.43
2023-06-19T19:26:38	2977.25	-1209.43	1198.78	-91.75	12.77	39.87
2023-06-19T19:26:40	2975.12	-1199.48	1197.91	-91.99	12.72	40.32
2023-06-19T19:26:42	2972.99	-1189.53	1197.04	-92.23	12.67	40.76
2023-06-19T19:26:44	2970.84	-1179.58	1196.17	-92.47	12.61	41.21
2023-06-19T19:26:46	2968.69	-1169.62	1195.30	-92.71	12.56	41.65
2023-06-19T19:26:48	2966.54	-1159.67	1194.42	-92.96	12.50	42.10
2023-06-19T19:26:50	2964.38	-1149.71	1193.54	-93.21	12.45	42.54
2023-06-19T19:26:52	2962.21	-1139.75	1192.66	-93.45	12.39	42.98
2023-06-19T19:26:54	2960.03	-1129.78	1191.78	-93.68	12.34	43.42
2023-06-19T19:26:56	2957.85	-1119.81	1190.89	-93.92	12.29	43.86
2023-06-19T19:26:58	2955.66	-1109.84	1190.00	-94.17	12.24	44.32
2023-06-19T19:27:00	2953.46	-1099.87	1189.11	-94.42	12.19	44.77
2023-06-19T19:27:02	2951.26	-1089.89	1188.21	-94.67	12.14	45.24
2023-06-19T19:27:04	2949.05	-1079.92	1187.31	-94.92	12.11	45.72
2023-06-19T19:27:06	2946.83	-1069.94	1186.42	-95.17	12.07	46.21
2023-06-19T19:27:08	2944.61	-1059.96	1185.51	-95.42	12.03	46.70
2023-06-19T19:27:10	2942.38	-1049.97	1184.61	-95.67	11.99	47.20
2023-06-19T19:27:12	2940.14	-1039.98	1183.70	-95.92	11.95	47.71
2023-06-19T19:27:14	2937.90	-1029.99	1182.79	-96.16	11.92	48.22
2023-06-19T19:27:16	2935.65	-1020.00	1181.87	-96.39	11.93	48.69
2023-06-19T19:27:18	2933.39	-1010.00	1180.95	-96.62	11.95	49.16
2023-06-19T19:27:20	2931.12	-1000.01	1180.03	-96.87	11.97	49.63
2023-06-19T19:27:22	2928.85	-990.01	1179.11	-97.12	11.98	50.10
2023-06-19T19:27:24	2926.57	-980.00	1178.18	-97.38	12.00	50.58
2023-06-19T19:27:26	2924.28	-970.00	1177.25	-97.65	11.99	51.02
2023-06-19T19:27:28	2921.99	-959.99	1176.32	-97.93	11.95	51.45
2023-06-19T19:27:30	2919.69	-949.98	1175.39	-98.20	11.91	51.87
2023-06-19T19:27:32	2917.38	-939.97	1174.45	-98.47	11.87	52.30
2023-06-19T19:27:34	2915.07	-929.96	1173.51	-98.74	11.83	52.72
2023-06-19T19:27:36	2912.75	-919.94	1172.56	-99.01	11.78	53.16
2023-06-19T19:27:38	2910.41	-909.92	1171.62	-99.30	11.69	53.63
2023-06-19T19:27:40	2908.08	-899.90	1170.67	-99.59	11.60	54.12
2023-06-19T19:27:42	2905.73	-889.88	1169.72	-99.87	11.51	54.62
2023-06-19T19:27:44	2903.38	-879.85	1168.76	-100.16	11.43	55.13
2023-06-19T19:27:46	2901.02	-869.83	1167.80	-100.44	11.35	55.65
2023-06-19T19:27:48	2898.66	-859.79	1166.84	-100.72	11.27	56.18
2023-06-19T19:27:50	2896.28	-849.76	1165.88	-100.96	11.21	56.73
2023-06-19T19:27:52	2893.90	-839.73	1164.91	-101.20	11.14	57.27
2023-06-19T19:27:54	2891.51	-829.69	1163.94	-101.44	11.07	57.82
2023-06-19T19:27:56	2889.12	-819.65	1162.97	-101.68	10.99	58.37
2023-06-19T19:27:58	2886.71	-809.61	1161.99	-101.92	10.91	58.91
2023-06-19T19:28:00	2884.30	-799.57	1161.01	-102.15	10.85	59.41
2023-06-19T19:28:02	2881.88	-789.52	1160.03	-102.38	10.84	59.84
2023-06-19T19:28:04	2879.45	-779.47	1159.04	-102.60	10.83	60.26
2023-06-19T19:28:06	2877.02	-769.42	1158.05	-102.82	10.82	60.68
2023-06-19T19:28:08	2874.58	-759.37	1157.06	-103.06	10.82	61.11
2023-06-19T19:28:10	2872.13	-749.32	1156.06	-103.31	10.81	61.55
2023-06-19T19:28:12	2869.67	-739.26	1155.06	-103.65	10.78	62.01
2023-06-19T19:28:14	2867.20	-729.20	1154.06	-104.03	10.75	62.48
2023-06-19T19:28:16	2864.73	-719.14	1153.06	-104.41	10.72	62.94
2023-06-19T19:28:18	2862.25	-709.08	1152.05	-104.80	10.69	63.41
2023-06-19T19:28:20	2859.76	-699.02	1151.04	-105.19	10.67	63.87
2023-06-19T19:28:22	2857.26	-688.95	1150.03	-105.58	10.65	64.32
2023-06-19T19:28:24	2854.75	-678.88	1149.01	-105.95	10.51	64.81
2023-06-19T19:28:26	2852.24	-668.81	1147.99	-106.33	10.38	65.29
2023-06-19T19:28:28	2849.72	-658.74	1146.96	-106.72	10.27	65.77
2023-06-19T19:28:30	2847.19	-648.67	1145.94	-107.10	10.18	66.24
2023-06-19T19:28:32	2844.65	-638.59	1144.90	-107.49	10.11	66.70
2023-06-19T19:28:34	2842.11	-628.51	1143.87	-107.85	10.00	67.16
2023-06-19T19:28:36	2839.55	-618.44	1142.83	-108.16	9.79	67.62
2023-06-19T19:28:38	2836.99	-608.36	1141.79	-108.46	9.58	68.09
2023-06-19T19:28:40	2834.42	-598.27	1140.75	-108.77	9.35	68.55
2023-06-19T19:28:42	2831.84	-588.19	1139.70	-109.09	9.11	69.04
2023-06-19T19:28:44	2829.26	-578.10	1138.65	-109.41	8.87	69.54
2023-06-19T19:28:46	2826.66	-568.01	1137.60	-109.72	8.67	70.08
2023-06-19T19:28:48	2824.06	-557.92	1136.54	-110.02	8.49	70.65
2023-06-19T19:28:50	2821.45	-547.83	1135.48	-110.31	8.32	71.22
2023-06-19T19:28:52	2818.83	-537.74	1134.42	-110.60	8.15	71.80
2023-06-19T19:28:54	2816.20	-527.65	1133.35	-110.95	8.00	72.45
2023-06-19T19:28:56	2813.56	-517.55	1132.28	-111.30	7.86	73.10
2023-06-19T19:28:58	2810.92	-507.45	1131.20	-111.59	7.70	73.80
2023-06-19T19:29:00	2808.26	-497.35	1130.13	-111.90	7.53	74.49
2023-06-19T19:29:02	2805.60	-487.25	1129.04	-112.21	7.34	75.15
2023-06-19T19:29:04	2802.93	-477.15	1127.96	-112.55	7.14	75.80
2023-06-19T19:29:06	2800.25	-467.05	1126.87	-112.89	6.92	76.43
2023-06-19T19:29:08	2797.56	-456.94	1125.78	-113.23	6.68	77.01
2023-06-19T19:29:10	2794.87	-446.83	1124.68	-113.48	6.41	77.49
2023-06-19T19:29:12	2792.16	-436.72	1123.59	-113.71	6.13	77.97
2023-06-19T19:29:14	2789.45	-426.61	1122.48	-113.91	5.86	78.44
2023-06-19T19:29:16	2786.72	-416.50	1121.38	-114.07	5.58	78.92
2023-06-19T19:29:18	2783.99	-406.39	1120.27	-114.22	5.30	79.39
2023-06-19T19:29:20	2781.25	-396.28	1119.16	-114.49	5.08	79.79
2023-06-19T19:29:22	2778.50	-386.16	1118.04	-114.83	4.87	80.16
2023-06-19T19:29:24	2775.74	-376.05	1116.92	-115.17	4.67	80.54
2023-06-19T19:29:26	2772.98	-365.93	1115.80	-115.50	4.47	80.93
2023-06-19T19:29:28	2770.20	-355.81	1114.67	-115.82	4.27	81.33
2023-06-19T19:29:30	2767.42	-345.69	1113.54	-116.14	4.08	81.74
2023-06-19T19:29:32	2764.62	-335.57	1112.41	-116.23	3.90	82.23
2023-06-19T19:29:34	2761.82	-325.45	1111.27	-116.30	3.74	82.72
2023-06-19T19:29:36	2759.01	-315.33	1110.13	-116.46	3.53	83.31
2023-06-19T19:29:38	2756.19	-305.20	1108.98	-116.65	3.31	83.92
2023-06-19T19:29:40	2753.36	-295.08	1107.83	-116.87	3.05	84.55
2023-06-19T19:29:42	2750.52	-284.95	1106.68	-117.16	2.81	85.13
2023-06-19T19:29:44	2747.67	-274.82	1105.52	-117.58	2.61	85.60
2023-06-19T19:29:46	2744.81	-264.70	1104.36	-118.04	2.40	86.02
2023-06-19T19:29:48	2741.95	-254.57	1103.20	-118.55	2.18	86.39
2023-06-19T19:29:50	2739.07	-244.44	1102.03	-119.11	1.94	86.71
2023-06-19T19:29:52	2736.19	-234.31	1100.86	-119.73	1.68	86.98
2023-06-19T19:29:54	2733.29	-224.17	1099.69	-120.07	1.29	87.39
2023-06-19T19:29:56	2730.39	-214.04	1098.51	-120.24	0.89	87.88
2023-06-19T19:29:58	2727.48	-203.91	1097.32	-120.34	0.53	88.39
2023-06-19T19:30:00	2724.56	-193.78	1096.14	-120.37	0.21	88.91
2023-06-19T19:30:02	2721.62	-183.64	1094.95	-120.33	-0.06	89.45
2023-06-19T19:30:04	2718.68	-173.51	1093.75	-120.28	-0.25	90.02
2023-06-19T19:30:06	2715.73	-163.37	1092.56	-120.82	-0.31	90.76
2023-06-19T19:30:08	2712.77	-153.24	1091.36	-121.37	-0.34	91.51
2023-06-19T19:30:10	2709.81	-143.10	1090.15	-121.93	-0.35	92.26
2023-06-19T19:30:12	2706.83	-132.96	1088.94	-122.50	-0.33	93.02
2023-06-19T19:30:14	2703.84	-122.82	1087.73	-123.11	-0.30	93.79
2023-06-19T19:30:16	2700.84	-112.69	1086.51	-123.64	-0.66	94.50
2023-06-19T19:30:18	2697.83	-102.55	1085.29	-123.93	-1.44	95.05
2023-06-19T19:30:20	2694.82	-92.41	1084.07	-124.21	-2.25	95.60
2023-06-19T19:30:22	2691.79	-82.27	1082.84	-124.45	-3.11	96.15
2023-06-19T19:30:24	2688.75	-72.13	1081.61	-124.65	-3.98	96.68
2023-06-19T19:30:26	2685.71	-61.99	1080.37	-124.83	-4.85	97.20
2023-06-19T19:30:28	2682.65	-51.85	1079.13	-125.01	-5.14	97.70
2023-06-19T19:30:30	2679.59	-41.71	1077.88	-125.15	-5.26	98.21
2023-06-19T19:30:32	2676.51	-31.57	1076.64	-125.25	-5.34	98.72
2023-06-19T19:30:34	2673.43	-21.43	1075.39	-125.30	-5.37	99.23
2023-06-19T19:30:36	2670.33	-11.29	1074.13	-125.31	-5.36	99.76
2023-06-19T19:30:38	2667.23	-1.15	1072.87	-125.31	-5.36	100.29
2023-06-19T19:30:40	2664.11	8.99	1071.60	-125.36	-5.59	100.87
2023-06-19T19:30:42	2660.99	19.13	1070.34	-125.36	-5.84	101.44
2023-06-19T19:30:44	2657.86	29.28	1069.07	-125.33	-6.12	102.01
2023-06-19T19:30:46	2654.71	39.42	1067.79	-125.24	-6.41	102.57
2023-06-19T19:30:48	2651.56	49.55	1066.51	-125.10	-6.73	103.13
2023-06-19T19:30:50	2648.39	59.70	1065.23	-125.16	-7.09	103.60
2023-06-19T19:30:52	2645.22	69.84	1063.94	-125.50	-7.44	103.94
2023-06-19T19:30:54	2642.04	79.98	1062.65	-125.80	-7.76	104.22
2023-06-19T19:30:56	2638.84	90.11	1061.35	-126.03	-8.06	104.47
2023-06-19T19:30:58	2635.64	100.25	1060.05	-126.18	-8.33	104.69
2023-06-19T19:31:00	2632.42	110.39	1058.75	-126.27	-8.57	104.88
2023-06-19T19:31:02	2629.20	120.53	1057.44	-126.01	-8.57	105.06
2023-06-19T19:31:04	2625.97	130.67	1056.12	-125.70	-8.57	105.29
2023-06-19T19:31:06	2622.72	140.81	1054.81	-125.39	-8.58	105.57
2023-06-19T19:31:08	2619.47	150.94	1053.49	-125.07	-8.62	105.92
2023-06-19T19:31:10	2616.20	161.08	1052.16	-124.75	-8.69	106.33
2023-06-19T19:31:12	2612.93	171.21	1050.83	-124.47	-8.80	106.84
2023-06-19T19:31:14	2609.64	181.35	1049.50	-124.37	-8.92	107.48
2023-06-19T19:31:16	2606.35	191.48	1048.17	-124.28	-9.00	108.14
2023-06-19T19:31:18	2603.04	201.62	1046.82	-124.21	-9.02	108.82
2023-06-19T19:31:20	2599.73	211.75	1045.48	-124.15	-9.00	109.50
2023-06-19T19:31:22	2596.40	221.88	1044.13	-124.11	-8.94	110.20
2023-06-19T19:31:24	2593.06	232.01	1042.78	-124.09	-8.95	110.79
2023-06-19T19:31:26	2589.72	242.15	1041.42	-124.19	-9.04	111.30
2023-06-19T19:31:28	2586.36	252.27	1040.05	-124.48	-9.34	111.86
2023-06-19T19:31:30	2582.99	262.40	1038.69	-124.70	-9.64	112.34
2023-06-19T19:31:32	2579.62	272.53	1037.32	-124.83	-9.94	112.73
2023-06-19T19:31:34	2576.23	282.66	1035.94	-124.87	-10.24	113.01
2023-06-19T19:31:36	2572.83	292.78	1034.56	-125.02	-10.76	113.44
2023-06-19T19:31:38	2569.42	302.90	1033.18	-125.23	-11.28	113.95
2023-06-19T19:31:40	2566.00	313.03	1031.80	-125.50	-11.79	114.52
2023-06-19T19:31:42	2562.57	323.15	1030.40	-125.83	-12.28	115.15
2023-06-19T19:31:44	2559.13	333.27	1029.01	-126.21	-12.77	115.85
2023-06-19T19:31:46	2555.68	343.39	1027.61	-126.39	-13.20	116.52
2023-06-19T19:31:48	2552.22	353.51	1026.21	-126.02	-13.53	117.01
2023-06-19T19:31:50	2548.75	363.62	1024.80	-125.60	-13.89	117.48
2023-06-19T19:31:52	2545.27	373.73	1023.38	-125.23	-14.26	118.00
2023-06-19T19:31:54	2541.77	383.85	1021.97	-124.91	-14.64	118.54
2023-06-19T19:31:56	2538.27	393.96	1020.55	-124.66	-15.03	119.12
2023-06-19T19:31:58	2534.75	404.07	1019.12	-124.67	-15.39	119.76
2023-06-19T19:32:00	2531.23	414.18	1017.69	-124.72	-15.72	120.43
2023-06-19T19:32:02	2527.70	424.28	1016.26	-124.67	-16.00	121.06
2023-06-19T19:32:04	2524.15	434.39	1014.82	-124.62	-16.24	121.71
2023-06-19T19:32:06	2520.60	444.49	1013.38	-124.57	-16.46	122.36
2023-06-19T19:32:08	2517.03	454.59	1011.93	-124.53	-16.63	123.00
2023-06-19T19:32:10	2513.45	464.69	1010.48	-124.02	-16.61	122.86
2023-06-19T19:32:12	2509.86	474.79	1009.02	-123.56	-16.65	122.76
2023-06-19T19:32:14	2506.27	484.88	1007.56	-123.14	-16.77	122.71
2023-06-19T19:32:16	2502.66	494.98	1006.10	-122.75	-16.97	122.72
2023-06-19T19:32:18	2499.04	505.07	1004.63	-122.41	-17.25	122.79
2023-06-19T19:32:20	2495.41	515.15	1003.16	-122.10	-17.58	123.15
2023-06-19T19:32:22	2491.76	525.24	1001.68	-121.78	-17.91	123.97
2023-06-19T19:32:24	2488.11	535.33	1000.20	-121.41	-18.26	124.76
2023-06-19T19:32:26	2484.45	545.41	998.72	-120.98	-18.63	125.54
2023-06-19T19:32:28	2480.78	555.49	997.23	-120.49	-19.04	126.31
2023-06-19T19:32:30	2477.09	565.57	995.73	-119.96	-19.49	127.09
2023-06-19T19:32:32	2473.40	575.64	994.24	-119.64	-19.65	127.21
2023-06-19T19:32:34	2469.69	585.71	992.73	-119.49	-19.70	127.05
2023-06-19T19:32:36	2465.98	595.78	991.23	-119.38	-19.83	126.95
2023-06-19T19:32:38	2462.25	605.85	989.72	-119.31	-20.03	126.91
2023-06-19T19:32:40	2458.51	615.91	988.20	-119.30	-20.31	126.95
2023-06-19T19:32:42	2454.76	625.97	986.68	-119.36	-20.69	127.06
2023-06-19T19:32:44	2451.01	636.03	985.15	-118.91	-21.54	127.64
2023-06-19T19:32:46	2447.24	646.09	983.63	-118.48	-22.42	128.16
2023-06-19T19:32:48	2443.46	656.14	982.10	-118.06	-23.33	128.63
2023-06-19T19:32:50	2439.67	666.19	980.56	-117.64	-24.26	129.03
2023-06-19T19:32:52	2435.86	676.24	979.02	-117.19	-25.23	129.38
2023-06-19T19:32:54	2432.05	686.29	977.47	-116.67	-26.13	129.63
2023-06-19T19:32:56	2428.23	696.33	975.92	-115.98	-26.80	129.70
2023-06-19T19:32:58	2424.40	706.37	974.37	-115.25	-27.43	129.65
2023-06-19T19:33:00	2420.55	716.40	972.81	-114.47	-28.00	129.45
2023-06-19T19:33:02	2416.70	726.43	971.24	-113.67	-28.52	129.17
2023-06-19T19:33:04	2412.83	736.47	969.68	-112.88	-29.07	128.94
2023-06-19T19:33:06	2408.95	746.49	968.10	-112.27	-29.66	128.86
2023-06-19T19:33:08	2405.06	756.51	966.53	-111.78	-30.25	128.93
2023-06-19T19:33:10	2401.16	766.53	964.95	-111.28	-30.82	129.08
2023-06-19T19:33:12	2397.26	776.55	963.36	-110.76	-31.37	129.27
2023-06-19T19:33:14	2393.34	786.56	961.77	-110.22	-31.89	129.51
2023-06-19T19:33:16	2389.41	796.57	960.18	-109.64	-32.40	129.78
2023-06-19T19:33:18	2385.47	806.57	958.58	-108.78	-32.83	129.67
2023-06-19T19:33:20	2381.51	816.58	956.98	-107.97	-33.22	129.59
2023-06-19T19:33:22	2377.55	826.57	955.37	-107.25	-33.57	129.59
2023-06-19T19:33:24	2373.58	836.57	953.76	-106.63	-33.88	129.66
2023-06-19T19:33:26	2369.59	846.56	952.15	-106.10	-34.12	129.81
2023-06-19T19:33:28	2365.60	856.54	950.53	-105.65	-34.37	130.20
2023-06-19T19:33:30	2361.60	866.53	948.90	-105.13	-34.90	131.46
2023-06-19T19:33:32	2357.58	876.51	947.28	-104.51	-35.36	132.83
2023-06-19T19:33:34	2353.55	886.48	945.64	-103.84	-35.82	134.16
2023-06-19T19:33:36	2349.52	896.45	944.01	-103.14	-36.30	135.44
2023-06-19T19:33:38	2345.47	906.42	942.37	-102.41	-36.79	136.67
2023-06-19T19:33:40	2341.41	916.38	940.72	-101.74	-37.15	137.24
2023-06-19T19:33:42	2337.34	926.34	939.07	-101.20	-37.36	137.03
2023-06-19T19:33:44	2333.26	936.29	937.42	-100.71	-37.59	136.88
2023-06-19T19:33:46	2329.17	946.24	935.76	-100.24	-37.85	136.82
2023-06-19T19:33:48	2325.07	956.19	934.10	-99.81	-38.14	136.84
2023-06-19T19:33:50	2320.96	966.13	932.43	-99.40	-38.45	136.98
2023-06-19T19:33:52	2316.84	976.07	930.76	-98.87	-38.84	137.39
2023-06-19T19:33:54	2312.70	986.00	929.09	-98.28	-39.18	137.81
2023-06-19T19:33:56	2308.56	995.93	927.40	-97.70	-39.46	138.16
2023-06-19T19:33:58	2304.41	1005.85	925.72	-97.13	-39.66	138.42
2023-06-19T19:34:00	2300.24	1015.77	924.04	-96.59	-39.95	138.57
2023-06-19T19:34:02	2296.07	1025.69	922.34	-96.12	-40.25	138.74
2023-06-19T19:34:04	2291.88	1035.60	920.65	-95.44	-40.77	138.69
2023-06-19T19:34:06	2287.69	1045.50	918.95	-94.78	-41.29	138.61
2023-06-19T19:34:08	2283.48	1055.40	917.24	-94.14	-41.80	138.52
2023-06-19T19:34:10	2279.26	1065.30	915.53	-93.53	-42.29	138.42
2023-06-19T19:34:12	2275.04	1075.19	913.82	-92.95	-42.75	138.30
2023-06-19T19:34:14	2270.80	1085.07	912.10	-92.39	-43.14	138.22
2023-06-19T19:34:16	2266.55	1094.95	910.38	-91.60	-43.13	138.37
2023-06-19T19:34:18	2262.29	1104.83	908.66	-90.76	-43.14	138.49
2023-06-19T19:34:20	2258.02	1114.70	906.93	-89.87	-43.17	138.60
2023-06-19T19:34:22	2253.75	1124.56	905.19	-88.93	-43.23	138.68
2023-06-19T19:34:24	2249.46	1134.42	903.45	-87.96	-43.33	138.76
2023-06-19T19:34:26	2245.16	1144.28	901.71	-87.21	-43.37	139.06
2023-06-19T19:34:28	2240.85	1154.13	899.96	-86.83	-43.30	139.73
2023-06-19T19:34:30	2236.53	1163.98	898.21	-86.36	-43.25	140.34
2023-06-19T19:34:32	2232.20	1173.81	896.46	-85.79	-43.22	140.91
2023-06-19T19:34:34	2227.86	1183.65	894.70	-85.13	-43.21	141.44
2023-06-19T19:34:36	2223.51	1193.47	892.94	-84.38	-43.22	141.94
2023-06-19T19:34:38	2219.15	1203.30	891.17	-83.63	-43.14	142.21
2023-06-19T19:34:40	2214.78	1213.12	889.40	-82.94	-42.92	142.27
2023-06-19T19:34:42	2210.40	1222.93	887.62	-82.27	-42.65	142.32
2023-06-19T19:34:44	2206.00	1232.73	885.84	-81.63	-42.34	142.35
2023-06-19T19:34:46	2201.60	1242.54	884.06	-81.02	-41.98	142.35
2023-06-19T19:34:48	2197.19	1252.33	882.27	-80.45	-41.59	142.34
2023-06-19T19:34:50	2192.77	1262.12	880.48	-79.75	-41.47	142.52
2023-06-19T19:34:52	2188.34	1271.90	878.69	-79.04	-41.61	142.85
2023-06-19T19:34:54	2183.90	1281.68	876.89	-78.35	-41.95	143.21
2023-06-19T19:34:56	2179.45	1291.45	875.08	-77.62	-42.30	143.57
2023-06-19T19:34:58	2174.99	1301.22	873.28	-76.84	-42.65	143.94
2023-06-19T19:35:00	2170.51	1310.98	871.46	-76.01	-42.99	144.33
2023-06-19T19:35:02	2166.03	1320.73	869.65	-75.33	-43.10	144.29
2023-06-19T19:35:04	2161.54	1330.48	867.83	-74.65	-43.20	144.13
2023-06-19T19:35:06	2157.04	1340.22	866.00	-73.95	-43.32	143.90
2023-06-19T19:35:08	2152.53	1349.96	864.18	-73.23	-43.47	143.60
2023-06-19T19:35:10	2148.01	1359.69	862.34	-72.50	-43.68	143.23
2023-06-19T19:35:12	2143.48	1369.41	860.51	-71.76	-43.95	142.77
2023-06-19T19:35:14	2138.94	1379.13	858.67	-71.52	-44.20	142.81
2023-06-19T19:35:16	2134.39	1388.84	856.83	-71.26	-44.42	142.77
2023-06-19T19:35:18	2129.83	1398.54	854.98	-71.06	-44.49	142.71
2023-06-19T19:35:20	2125.27	1408.24	853.13	-70.89	-44.46	142.72
2023-06-19T19:35:22	2120.69	1417.94	851.28	-70.67	-44.42	142.75
2023-06-19T19:35:24	2116.10	1427.62	849.42	-70.39	-44.37	142.80
2023-06-19T19:35:26	2111.50	1437.30	847.56	-69.67	-44.29	142.84
2023-06-19T19:35:28	2106.90	1446.97	845.69	-68.93	-44.16	142.84
2023-06-19T19:35:30	2102.28	1456.64	843.82	-68.16	-43.98	142.81
2023-06-19T19:35:32	2097.66	1466.30	841.94	-67.37	-43.74	142.74
2023-06-19T19:35:34	2093.02	1475.95	840.07	-66.55	-43.44	142.65
2023-06-19T19:35:36	2088.37	1485.60	838.18	-65.71	-43.08	142.56
2023-06-19T19:35:38	2083.72	1495.24	836.30	-64.88	-42.73	142.67
2023-06-19T19:35:40	2079.06	1504.87	834.41	-64.00	-42.42	142.83
2023-06-19T19:35:42	2074.39	1514.50	832.52	-63.10	-42.18	143.02
2023-06-19T19:35:44	2069.70	1524.12	830.62	-62.35	-42.07	143.20
2023-06-19T19:35:46	2065.01	1533.73	828.72	-61.64	-42.00	143.39
2023-06-19T19:35:48	2060.31	1543.34	826.82	-61.00	-41.92	143.56
2023-06-19T19:35:50	2055.60	1552.94	824.91	-60.50	-41.77	143.55
2023-06-19T19:35:52	2050.89	1562.53	823.00	-59.98	-41.62	143.45
2023-06-19T19:35:54	2046.16	1572.11	821.08	-59.46	-41.49	143.25
2023-06-19T19:35:56	2041.42	1581.69	819.16	-58.94	-41.38	142.95
2023-06-19T19:35:58	2036.68	1591.26	817.24	-58.43	-41.29	142.54
2023-06-19T19:36:00	2031.92	1600.83	815.32	-57.93	-41.23	142.05
2023-06-19T19:36:02	2027.16	1610.39	813.39	-57.45	-41.21	141.64
2023-06-19T19:36:04	2022.39	1619.94	811.46	-56.96	-41.23	141.35
2023-06-19T19:36:06	2017.61	1629.48	809.52	-56.44	-41.25	141.19
2023-06-19T19:36:08	2012.82	1639.02	807.58	-55.70	-41.05	141.17
2023-06-19T19:36:10	2008.02	1648.54	805.63	-54.95	-40.81	141.17
2023-06-19T19:36:12	2003.21	1658.07	803.69	-54.07	-40.51	141.17
2023-06-19T19:36:14	1998.39	1667.58	801.74	-52.97	-40.09	141.11
2023-06-19T19:36:16	1993.57	1677.09	799.78	-51.97	-39.65	140.93
2023-06-19T19:36:18	1988.74	1686.59	797.82	-51.09	-39.19	140.62
2023-06-19T19:36:20	1983.89	1696.08	795.86	-50.39	-38.73	140.19
2023-06-19T19:36:22	1979.04	1705.57	793.90	-49.86	-38.28	139.70
2023-06-19T19:36:24	1974.18	1715.04	791.93	-49.55	-37.85	139.19
2023-06-19T19:36:26	1969.32	1724.51	789.96	-49.44	-37.56	138.78
2023-06-19T19:36:28	1964.44	1733.98	787.98	-49.25	-37.33	138.43
2023-06-19T19:36:30	1959.56	1743.43	786.01	-48.93	-37.17	138.20
2023-06-19T19:36:32	1954.66	1752.88	784.02	-48.45	-37.05	138.16
2023-06-19T19:36:34	1949.76	1762.32	782.04	-47.99	-36.88	138.09
2023-06-19T19:36:36	1944.85	1771.75	780.05	-47.45	-36.66	138.00
2023-06-19T19:36:38	1939.93	1781.18	778.06	-46.56	-36.47	137.80
2023-06-19T19:36:40	1935.01	1790.60	776.06	-45.70	-36.26	137.50
2023-06-19T19:36:42	1930.07	1800.01	774.07	-44.87	-36.05	137.11
2023-06-19T19:36:44	1925.13	1809.41	772.06	-44.07	-35.82	136.65
2023-06-19T19:36:46	1920.18	1818.81	770.06	-43.32	-35.58	136.11
2023-06-19T19:36:48	1915.22	1828.20	768.05	-42.66	-35.33	135.57
2023-06-19T19:36:50	1910.26	1837.58	766.04	-42.23	-35.20	135.45
2023-06-19T19:36:52	1905.28	1846.95	764.02	-41.67	-35.07	135.25
2023-06-19T19:36:54	1900.30	1856.31	762.01	-41.01	-34.91	135.07
2023-06-19T19:36:56	1895.31	1865.67	759.99	-40.33	-34.68	134.86
2023-06-19T19:36:58	1890.31	1875.02	757.96	-39.65	-34.41	134.59
2023-06-19T19:37:00	1885.31	1884.36	755.94	-38.96	-34.09	134.26
2023-06-19T19:37:02	1880.29	1893.69	753.90	-38.39	-33.44	133.81
2023-06-19T19:37:04	1875.27	1903.02	751.87	-37.86	-32.84	133.38
2023-06-19T19:37:06	1870.24	1912.34	749.83	-37.35	-32.25	132.97
2023-06-19T19:37:08	1865.21	1921.65	747.80	-36.88	-31.69	132.59
2023-06-19T19:37:10	1860.16	1930.95	745.75	-36.42	-31.14	132.21
2023-06-19T19:37:12	1855.11	1940.24	743.71	-35.98	-30.59	131.84
2023-06-19T19:37:14	1850.05	1949.53	741.66	-35.29	-30.24	131.49
2023-06-19T19:37:16	1844.98	1958.81	739.61	-34.49	-29.95	131.06
2023-06-19T19:37:18	1839.91	1968.08	737.55	-33.66	-29.75	130.65
2023-06-19T19:37:20	1834.83	1977.34	735.49	-32.87	-29.51	130.30
2023-06-19T19:37:22	1829.74	1986.60	733.43	-32.13	-29.23	130.02
2023-06-19T19:37:24	1824.64	1995.84	731.37	-31.42	-28.90	129.79
2023-06-19T19:37:26	1819.54	2005.08	729.30	-30.93	-28.53	129.75
2023-06-19T19:37:28	1814.43	2014.32	727.23	-30.53	-28.22	129.76
2023-06-19T19:37:30	1809.31	2023.54	725.16	-30.15	-27.99	129.75
2023-06-19T19:37:32	1804.19	2032.75	723.09	-29.80	-27.85	129.74
2023-06-19T19:37:34	1799.05	2041.96	721.01	-29.49	-27.80	129.71
2023-06-19T19:37:36	1793.91	2051.16	718.93	-29.22	-27.84	129.65
2023-06-19T19:37:38	1788.77	2060.35	716.84	-28.90	-27.72	129.37
2023-06-19T19:37:40	1783.62	2069.53	714.76	-28.33	-27.21	128.74
2023-06-19T19:37:42	1778.46	2078.71	712.67	-27.70	-26.71	128.18
2023-06-19T19:37:44	1773.29	2087.87	710.57	-27.02	-26.22	127.70
2023-06-19T19:37:46	1768.11	2097.03	708.48	-26.30	-25.74	127.28
2023-06-19T19:37:48	1762.93	2106.18	706.38	-25.54	-25.27	126.91
2023-06-19T19:37:50	1757.74	2115.32	704.28	-24.81	-24.91	126.66
2023-06-19T19:37:52	1752.55	2124.46	702.18	-24.26	-24.89	126.61
2023-06-19T19:37:54	1747.35	2133.58	700.07	-23.75	-24.92	126.61
2023-06-19T19:37:56	1742.14	2142.70	697.96	-23.28	-25.03	126.64
2023-06-19T19:37:58	1736.93	2151.81	695.85	-22.83	-25.20	126.73
2023-06-19T19:38:00	1731.71	2160.91	693.74	-22.40	-25.43	126.84
2023-06-19T19:38:02	1726.48	2170.01	691.62	-21.99	-25.48	126.97
2023-06-19T19:38:04	1721.25	2179.09	689.50	-21.84	-24.77	126.13
2023-06-19T19:38:06	1716.01	2188.17	687.38	-21.62	-24.10	125.35
2023-06-19T19:38:08	1710.76	2197.24	685.26	-21.31	-23.50	124.65
2023-06-19T19:38:10	1705.51	2206.30	683.13	-20.90	-22.97	124.06
2023-06-19T19:38:12	1700.25	2215.35	681.00	-20.44	-22.56	123.59
2023-06-19T19:38:14	1694.98	2224.39	678.87	-19.88	-22.27	123.26
2023-06-19T19:38:16	1689.71	2233.43	676.73	-19.30	-21.95	122.96
2023-06-19T19:38:18	1684.43	2242.46	674.60	-18.77	-21.54	122.47
2023-06-19T19:38:20	1679.15	2251.48	672.46	-18.30	-21.06	121.81
2023-06-19T19:38:22	1673.86	2260.49	670.31	-17.90	-20.52	120.99
2023-06-19T19:38:24	1668.56	2269.49	668.17	-17.56	-19.98	120.20
2023-06-19T19:38:26	1663.26	2278.49	666.02	-17.08	-19.53	119.54
2023-06-19T19:38:28	1657.95	2287.47	663.88	-16.53	-19.21	119.16
2023-06-19T19:38:30	1652.64	2296.45	661.72	-16.14	-19.00	119.13
2023-06-19T19:38:32	1647.32	2305.42	659.57	-15.82	-18.82	119.02
2023-06-19T19:38:34	1641.99	2314.38	657.41	-15.57	-18.66	118.84
2023-06-19T19:38:36	1636.66	2323.34	655.25	-15.38	-18.53	118.62
2023-06-19T19:38:38	1631.32	2332.28	653.09	-15.23	-18.44	118.36
2023-06-19T19:38:40	1625.98	2341.22	650.93	-15.14	-18.39	118.09
2023-06-19T19:38:42	1620.63	2350.15	648.76	-15.08	-18.00	117.63
2023-06-19T19:38:44	1615.27	2359.07	646.60	-14.95	-17.41	117.04
2023-06-19T19:38:46	1609.91	2367.99	644.43	-14.73	-16.81	116.36
2023-06-19T19:38:48	1604.55	2376.89	642.25	-14.47	-16.29	115.66
2023-06-19T19:38:50	1599.18	2385.79	640.08	-14.18	-15.85	114.92
2023-06-19T19:38:52	1593.80	2394.67	637.90	-13.85	-15.50	114.15
2023-06-19T19:38:54	1588.42	2403.55	635.72	-13.17	-15.31	113.59
2023-06-19T19:38:56	1583.03	2412.43	633.54	-12.20	-15.13	113.23
2023-06-19T19:38:58	1577.64	2421.29	631.36	-11.25	-14.87	112.87
2023-06-19T19:39:00	1572.24	2430.14	629.17	-10.31	-14.53	112.52
2023-06-19T19:39:02	1566.83	2438.99	626.99	-9.37	-14.12	112.20
2023-06-19T19:39:04	1561.42	2447.83	624.80	-8.52	-13.66	111.93
2023-06-19T19:39:06	1556.01	2456.66	622.61	-7.99	-13.31	111.74
2023-06-19T19:39:08	1550.59	2465.48	620.41	-8.28	-13.41	111.62
2023-06-19T19:39:10	1545.17	2474.30	618.22	-8.54	-13.55	111.54
2023-06-19T19:39:12	1539.74	2483.10	616.02	-8.75	-13.73	111.47
2023-06-19T19:39:14	1534.30	2491.90	613.82	-8.91	-13.95	111.41
2023-06-19T19:39:16	1528.86	2500.69	611.62	-9.00	-14.20	111.35
2023-06-19T19:39:18	1523.42	2509.47	609.41	-9.03	-14.47	111.26
2023-06-19T19:39:20	1517.97	2518.24	607.21	-8.68	-14.32	110.82
2023-06-19T19:39:22	1512.51	2527.01	605.00	-8.07	-13.76	110.14
2023-06-19T19:39:24	1507.06	2535.77	602.78	-7.44	-13.14	109.46
2023-06-19T19:39:26	1501.59	2544.51	600.57	-6.81	-12.45	108.73
2023-06-19T19:39:28	1496.12	2553.26	598.36	-6.27	-11.83	107.94
2023-06-19T19:39:30	1490.65	2561.99	596.15	-5.84	-11.40	107.27
2023-06-19T19:39:32	1485.17	2570.71	593.93	-5.52	-11.18	106.76
2023-06-19T19:39:34	1479.69	2579.43	591.71	-5.71	-11.40	106.81
2023-06-19T19:39:36	1474.20	2588.13	589.49	-5.81	-11.47	106.95
2023-06-19T19:39:38	1468.71	2596.84	587.26	-5.79	-11.38	107.16
2023-06-19T19:39:40	1463.21	2605.53	585.04	-5.63	-11.13	107.45
2023-06-19T19:39:42	1457.71	2614.21	582.81	-5.33	-10.73	107.83
2023-06-19T19:39:44	1452.20	2622.89	580.58	-4.85	-10.17	108.28
2023-06-19T19:39:46	1446.69	2631.55	578.35	-4.05	-9.44	108.44
2023-06-19T19:39:48	1441.18	2640.21	576.12	-3.34	-8.80	107.58
2023-06-19T19:39:50	1435.66	2648.86	573.88	-2.73	-8.30	106.65
2023-06-19T19:39:52	1430.14	2657.51	571.65	-2.23	-7.97	105.69
2023-06-19T19:39:54	1424.61	2666.14	569.41	-1.84	-7.81	104.69
2023-06-19T19:39:56	1419.07	2674.77	567.17	-1.71	-7.87	103.71
2023-06-19T19:39:58	1413.54	2683.39	564.93	-1.73	-8.09	102.75
2023-06-19T19:40:00	1408.00	2692.00	562.69	-2.01	-8.28	102.08
2023-06-19T19:40:02	1402.45	2700.60	560.44	-2.15	-8.38	101.56
2023-06-19T19:40:04	1396.90	2709.20	558.20	-2.08	-8.42	101.12
2023-06-19T19:40:06	1391.35	2717.78	555.95	-1.84	-8.39	100.77
2023-06-19T19:40:08	1385.80	2726.36	553.70	-1.59	-8.11	100.56
2023-06-19T19:40:10	1380.23	2734.93	551.45	-1.40	-7.70	100.42
2023-06-19T19:40:12	1374.67	2743.50	549.20	-1.19	-7.22	100.30
2023-06-19T19:40:14	1369.10	2752.05	546.94	-1.11	-6.52	99.99
2023-06-19T19:40:16	1363.53	2760.60	544.69	-1.01	-5.93	99.56
2023-06-19T19:40:18	1357.95	2769.14	542.43	-0.88	-5.44	99.00
2023-06-19T19:40:20	1352.37	2777.67	540.17	-0.72	-5.06	98.32
2023-06-19T19:40:22	1346.78	2786.19	537.91	-0.51	-4.77	97.51
2023-06-19T19:40:24	1341.20	2794.71	535.65	-0.26	-4.57	96.58
2023-06-19T19:40:26	1335.60	2803.22	533.38	-0.10	-4.32	95.76
2023-06-19T19:40:28	1330.01	2811.72	531.12	-0.07	-3.91	95.23
2023-06-19T19:40:30	1324.41	2820.21	528.85	0.02	-3.58	94.86
2023-06-19T19:40:32	1318.81	2828.69	526.58	0.14	-3.35	94.47
2023-06-19T19:40:34	1313.20	2837.17	524.31	0.31	-3.20	94.09
2023-06-19T19:40:36	1307.59	2845.64	522.04	0.52	-3.16	93.74
2023-06-19T19:40:38	1301.98	2854.09	519.77	0.80	-3.20	93.44
2023-06-19T19:40:40	1296.36	2862.55	517.50	0.86	-3.38	93.25
2023-06-19T19:40:42	1290.74	2870.99	515.22	0.76	-3.52	93.10
2023-06-19T19:40:44	1285.11	2879.43	512.94	0.58	-3.58	92.96
2023-06-19T19:40:46	1279.48	2887.86	510.67	0.34	-3.55	92.83
2023-06-19T19:40:48	1273.85	2896.28	508.39	0.09	-3.40	92.68
2023-06-19T19:40:50	1268.22	2904.70	506.10	-0.06	-3.12	92.43
2023-06-19T19:40:52	1262.58	2913.10	503.82	-0.22	-2.95	92.18
2023-06-19T19:40:54	1256.94	2921.50	501.54	-0.23	-2.91	92.20
2023-06-19T19:40:56	1251.30	2929.89	499.26	-0.23	-2.76	92.17
2023-06-19T19:40:58	1245.65	2938.27	496.97	-0.21	-2.51	92.05
2023-06-19T19:41:00	1240.00	2946.65	494.68	-0.14	-2.16	91.84
2023-06-19T19:41:02	1234.34	2955.02	492.39	-0.01	-1.74	91.53
2023-06-19T19:41:04	1228.69	2963.38	490.10	0.19	-1.25	91.10
2023-06-19T19:41:06	1223.03	2971.73	487.81	0.52	-0.72	90.53
2023-06-19T19:41:08	1217.36	2980.08	485.52	1.07	-0.34	89.79
2023-06-19T19:41:10	1211.69	2988.41	483.22	1.58	-0.30	89.14
2023-06-19T19:41:12	1206.03	2996.74	480.93	2.02	-0.28	88.68
2023-06-19T19:41:14	1200.35	3005.06	478.64	2.41	-0.27	88.38
2023-06-19T19:41:16	1194.68	3013.38	476.34	2.74	-0.26	88.25
2023-06-19T19:41:18	1189.00	3021.69	474.04	3.02	-0.25	88.28
2023-06-19T19:41:20	1183.32	3029.99	471.74	3.22	-0.20	88.30
2023-06-19T19:41:22	1177.63	3038.28	469.44	3.34	-0.06	87.92
2023-06-19T19:41:24	1171.94	3046.56	467.14	3.48	0.06	87.47
2023-06-19T19:41:26	1166.25	3054.84	464.83	3.65	0.13	86.91
2023-06-19T19:41:28	1160.56	3063.11	462.53	3.85	0.15	86.24
2023-06-19T19:41:30	1154.87	3071.37	460.22	3.93	0.26	85.40
2023-06-19T19:41:32	1149.17	3079.63	457.92	4.01	0.34	84.57
2023-06-19T19:41:34	1143.47	3087.88	455.61	3.93	0.37	83.84
2023-06-19T19:41:36	1137.76	3096.12	453.30	3.58	0.41	83.32
2023-06-19T19:41:38	1132.06	3104.35	450.99	3.33	0.48	82.85
2023-06-19T19:41:40	1126.35	3112.57	448.68	3.20	0.56	82.42
2023-06-19T19:41:42	1120.64	3120.79	446.37	3.17	0.64	82.04
2023-06-19T19:41:44	1114.92	3129.00	444.06	3.26	0.70	81.70
2023-06-19T19:41:46	1109.20	3137.21	441.74	3.46	0.73	81.41
2023-06-19T19:41:48	1103.48	3145.40	439.42	4.01	0.95	81.18
2023-06-19T19:41:50	1097.76	3153.59	437.11	4.77	1.74	80.79
2023-06-19T19:41:52	1092.04	3161.77	434.79	5.41	2.42	80.38
2023-06-19T19:41:54	1086.31	3169.95	432.47	5.93	3.00	79.95
2023-06-19T19:41:56	1080.58	3178.12	430.15	6.36	3.48	79.50
2023-06-19T19:41:58	1074.85	3186.28	427.83	6.70	3.86	79.03
2023-06-19T19:42:00	1069.11	3194.43	425.51	6.96	4.17	78.54
2023-06-19T19:42:02	1063.38	3202.58	423.19	6.93	4.27	78.17
2023-06-19T19:42:04	1057.64	3210.71	420.87	6.51	4.12	78.07
2023-06-19T19:42:06	1051.90	3218.85	418.55	6.05	3.97	78.11
2023-06-19T19:42:08	1046.15	3226.97	416.22	5.57	3.83	78.28
2023-06-19T19:42:10	1040.41	3235.09	413.89	5.24	3.93	78.43
2023-06-19T19:42:12	1034.66	3243.20	411.57	5.01	4.21	78.55
2023-06-19T19:42:14	1028.91	3251.30	409.24	4.91	4.66	78.63
2023-06-19T19:42:16	1023.16	3259.40	406.91	5.04	5.24	78.54
2023-06-19T19:42:18	1017.40	3267.49	404.58	5.48	5.73	78.23
2023-06-19T19:42:20	1011.64	3275.57	402.25	5.97	6.09	77.95
2023-06-19T19:42:22	1005.89	3283.64	399.92	6.52	6.32	77.69
2023-06-19T19:42:24	1000.12	3291.71	397.59	7.11	6.42	77.44
2023-06-19T19:42:26	994.36	3299.77	395.26	7.62	6.20	77.22
2023-06-19T19:42:28	988.59	3307.83	392.92	8.05	5.84	77.02
2023-06-19T19:42:30	982.83	3315.87	390.59	7.94	5.36	76.52
2023-06-19T19:42:32	977.06	3323.91	388.25	7.56	5.19	76.28
2023-06-19T19:42:34	971.29	3331.95	385.92	7.25	5.12	76.09
2023-06-19T19:42:36	965.51	3339.97	383.58	7.02	5.14	75.93
2023-06-19T19:42:38	959.74	3347.99	381.24	6.89	5.25	75.79
2023-06-19T19:42:40	953.96	3356.01	378.91	6.87	5.46	75.65
2023-06-19T19:42:42	948.18	3364.01	376.57	6.97	5.76	75.49
2023-06-19T19:42:44	942.40	3372.01	374.22	7.20	6.13	75.23
2023-06-19T19:42:46	936.62	3380.00	371.88	7.50	6.33	74.31
2023-06-19T19:42:48	930.83	3387.99	369.54	7.74	6.47	73.31
2023-06-19T19:42:50	925.05	3395.97	367.20	7.85	6.38	72.42
2023-06-19T19:42:52	919.26	3403.94	364.86	7.88	6.35	71.68
2023-06-19T19:42:54	913.47	3411.91	362.51	7.84	6.37	71.07
2023-06-19T19:42:56	907.68	3419.86	360.17	7.72	6.44	70.60
2023-06-19T19:42:58	901.88	3427.82	357.82	7.53	6.57	70.29
2023-06-19T19:43:00	896.09	3435.76	355.48	7.55	6.30	70.47
2023-06-19T19:43:02	890.29	3443.70	353.13	7.57	6.06	70.63
2023-06-19T19:43:04	884.49	3451.64	350.78	7.59	5.89	70.75
2023-06-19T19:43:06	878.69	3459.56	348.44	7.63	5.79	70.82
2023-06-19T19:43:08	872.89	3467.48	346.09	7.73	5.71	70.78
2023-06-19T19:43:10	867.08	3475.39	343.74	7.87	5.52	70.55
2023-06-19T19:43:12	861.28	3483.30	341.39	7.90	5.38	70.20
2023-06-19T19:43:14	855.47	3491.20	339.04	8.05	5.46	70.00
2023-06-19T19:43:16	849.66	3499.09	336.69	8.30	5.68	69.91
2023-06-19T19:43:18	843.85	3506.98	334.34	8.55	5.96	69.85
2023-06-19T19:43:20	838.04	3514.86	331.98	8.80	6.30	69.82
2023-06-19T19:43:22	832.23	3522.73	329.63	9.03	6.69	69.82
2023-06-19T19:43:24	826.41	3530.60	327.28	9.25	7.12	69.86
2023-06-19T19:43:26	820.60	3538.46	324.92	9.46	7.59	69.93
2023-06-19T19:43:28	814.78	3546.31	322.57	9.60	7.73	69.89
2023-06-19T19:43:30	808.96	3554.16	320.21	9.63	7.46	69.69
2023-06-19T19:43:32	803.14	3562.00	317.86	9.60	7.22	69.51
2023-06-19T19:43:34	797.32	3569.84	315.50	9.51	7.00	69.33
2023-06-19T19:43:36	791.49	3577.67	313.14	9.37	6.81	69.15
2023-06-19T19:43:38	785.67	3585.49	310.79	9.19	6.65	68.97
2023-06-19T19:43:40	779.84	3593.31	308.43	8.96	6.52	68.79
2023-06-19T19:43:42	774.02	3601.11	306.07	8.75	6.45	68.57
2023-06-19T19:43:44	768.19	3608.92	303.71	8.78	6.52	68.22
2023-06-19T19:43:46	762.36	3616.71	301.35	8.89	6.60	67.92
2023-06-19T19:43:48	756.53	3624.51	298.99	9.09	6.64	67.60
2023-06-19T19:43:50	750.70	3632.29	296.63	9.27	6.67	67.31
2023-06-19T19:43:52	744.86	3640.07	294.27	9.38	6.73	67.10
2023-06-19T19:43:54	739.03	3647.84	291.91	9.42	6.84	67.00
2023-06-19T19:43:56	733.19	3655.61	289.55	9.38	7.01	67.02
2023-06-19T19:43:58	727.35	3663.37	287.18	9.08	7.09	67.16
2023-06-19T19:44:00	721.52	3671.12	284.82	8.80	7.15	67.27
2023-06-19T19:44:02	715.68	3678.87	282.45	8.60	7.21	67.33
2023-06-19T19:44:04	709.84	3686.62	280.09	8.52	7.25	67.26
2023-06-19T19:44:06	703.99	3694.35	277.73	8.54	7.29	67.11
2023-06-19T19:44:08	698.15	3702.08	275.36	8.58	7.40	66.63
2023-06-19T19:44:10	692.31	3709.81	272.99	8.58	7.55	66.08
2023-06-19T19:44:12	686.46	3717.52	270.63	8.64	7.75	65.56
2023-06-19T19:44:14	680.61	3725.23	268.26	8.79	7.96	65.13
2023-06-19T19:44:16	674.77	3732.94	265.90	8.89	8.11	64.75
2023-06-19T19:44:18	668.92	3740.64	263.53	8.93	8.22	64.42
2023-06-19T19:44:20	663.07	3748.34	261.16	8.91	8.29	64.14
2023-06-19T19:44:22	657.22	3756.02	258.79	8.82	8.34	63.92
2023-06-19T19:44:24	651.37	3763.70	256.42	8.68	8.38	63.76
2023-06-19T19:44:26	645.51	3771.38	254.06	8.47	8.43	63.67
2023-06-19T19:44:28	639.66	3779.05	251.69	8.36	8.15	63.51
2023-06-19T19:44:30	633.81	3786.72	249.32	8.31	7.90	63.32
2023-06-19T19:44:32	627.95	3794.38	246.95	8.35	7.71	63.13
2023-06-19T19:44:34	622.10	3802.03	244.58	8.47	7.59	62.95
2023-06-19T19:44:36	616.24	3809.68	242.20	8.67	7.56	62.80
2023-06-19T19:44:38	610.38	3817.32	239.83	8.97	7.64	62.70
2023-06-19T19:44:40	604.52	3824.95	237.46	9.36	7.85	62.67
2023-06-19T19:44:42	598.66	3832.58	235.09	9.51	8.13	62.63
2023-06-19T19:44:44	592.80	3840.21	232.72	9.37	8.36	62.52
2023-06-19T19:44:46	586.94	3847.82	230.35	9.16	8.45	62.41
2023-06-19T19:44:48	581.08	3855.44	227.97	8.80	8.25	62.48
2023-06-19T19:44:50	575.21	3863.04	225.60	8.42	8.16	62.68
2023-06-19T19:44:52	569.35	3870.65	223.23	8.02	8.16	62.99
2023-06-19T19:44:54	563.48	3878.24	220.85	7.65	8.29	63.39
2023-06-19T19:44:56	557.62	3885.83	218.48	7.31	8.52	63.85
2023-06-19T19:44:58	551.75	3893.42	216.10	7.67	8.44	63.31
2023-06-19T19:45:00	545.88	3901.00	213.73	8.02	8.27	62.62
2023-06-19T19:45:02	540.02	3908.57	211.35	8.35	8.04	61.81
2023-06-19T19:45:04	534.15	3916.14	208.98	8.67	7.76	60.89
2023-06-19T19:45:06	528.28	3923.70	206.60	8.93	7.35	59.79
2023-06-19T19:45:08	522.41	3931.26	204.22	9.04	6.80	58.70
2023-06-19T19:45:10	516.54	3938.81	201.85	8.98	6.15	57.76
2023-06-19T19:45:12	510.67	3946.35	199.47	8.62	5.67	57.02
2023-06-19T19:45:14	504.79	3953.89	197.09	8.03	5.49	56.34
2023-06-19T19:45:16	498.92	3961.43	194.72	7.43	5.32	55.61
2023-06-19T19:45:18	493.05	3968.96	192.34	6.82	5.16	54.83
2023-06-19T19:45:20	487.17	3976.48	189.96	6.16	4.99	53.99
2023-06-19T19:45:22	481.30	3984.00	187.58	5.46	4.82	53.09
2023-06-19T19:45:24	475.42	3991.51	185.21	4.69	4.64	52.14
2023-06-19T19:45:26	469.55	3999.02	182.83	4.27	4.69	51.23
2023-06-19T19:45:28	463.67	4006.52	180.45	4.23	4.59	50.52
2023-06-19T19:45:30	457.80	4014.02	178.07	4.25	4.58	49.84
2023-06-19T19:45:32	451.92	4021.51	175.69	4.30	4.71	49.17
2023-06-19T19:45:34	446.04	4029.00	173.31	4.37	4.99	48.51
2023-06-19T19:45:36	440.16	4036.48	170.93	4.46	5.43	47.87
2023-06-19T19:45:38	434.28	4043.96	168.55	4.59	6.04	47.25
2023-06-19T19:45:40	428.40	4051.43	166.17	4.76	6.52	46.64
2023-06-19T19:45:42	422.52	4058.89	163.79	4.92	6.98	46.10
2023-06-19T19:45:44	416.64	4066.35	161.41	5.11	7.03	45.53
2023-06-19T19:45:46	410.76	4073.81	159.03	5.09	6.54	44.52
2023-06-19T19:45:48	404.88	4081.26	156.65	5.10	6.03	43.52
2023-06-19T19:45:50	398.99	4088.70	154.27	5.15	5.51	42.54
2023-06-19T19:45:52	393.11	4096.14	151.89	5.26	4.98	41.58
2023-06-19T19:45:54	387.23	4103.58	149.50	5.42	4.42	40.62
2023-06-19T19:45:56	381.34	4111.01	147.12	5.64	3.85	39.68
2023-06-19T19:45:58	375.46	4118.43	144.74	5.91	3.39	38.41
2023-06-19T19:46:00	369.57	4125.85	142.36	6.18	3.13	36.87
2023-06-19T19:46:02	363.69	4133.26	139.98	6.47	2.93	35.37
2023-06-19T19:46:04	357.80	4140.67	137.59	6.60	2.73	33.90
2023-06-19T19:46:06	351.92	4148.08	135.21	6.32	2.45	32.44
2023-06-19T19:46:08	346.03	4155.48	132.83	5.93	2.16	31.07
2023-06-19T19:46:10	340.14	4162.87	130.44	5.45	1.86	29.76
2023-06-19T19:46:12	334.26	4170.26	128.06	4.88	1.55	28.51
2023-06-19T19:46:14	328.37	4177.64	125.68	4.29	1.33	27.65
2023-06-19T19:46:16	322.48	4185.02	123.29	3.76	1.16	26.87
2023-06-19T19:46:18	316.59	4192.39	120.91	3.31	1.03	26.07
2023-06-19T19:46:20	310.70	4199.76	118.53	2.94	0.94	25.25
2023-06-19T19:46:22	304.82	4207.13	116.14	2.66	0.87	24.42
2023-06-19T19:46:24	298.93	4214.49	113.76	2.53	0.79	23.36
2023-06-19T19:46:26	293.04	4221.84	111.37	2.46	0.70	22.17
2023-06-19T19:46:28	287.15	4229.19	108.99	2.49	0.56	21.03
2023-06-19T19:46:30	281.26	4236.54	106.61	2.39	0.22	19.92
2023-06-19T19:46:32	275.37	4243.87	104.22	2.35	-0.06	18.81
2023-06-19T19:46:34	269.48	4251.21	101.84	2.35	-0.30	17.72
2023-06-19T19:46:36	263.59	4258.54	99.45	2.39	-0.50	16.65
2023-06-19T19:46:38	257.69	4265.86	97.07	2.48	-0.66	15.60
2023-06-19T19:46:40	251.80	4273.18	94.68	2.61	-0.80	14.60
2023-06-19T19:46:42	245.91	4280.50	92.30	2.77	-0.92	13.64
2023-06-19T19:46:44	240.02	4287.81	89.91	2.89	-1.01	12.69
2023-06-19T19:46:46	234.13	4295.12	87.53	2.93	-1.04	11.79
2023-06-19T19:46:48	228.24	4302.42	85.14	2.97	-1.09	10.91
2023-06-19T19:46:50	222.34	4309.72	82.76	3.01	-1.16	10.05
2023-06-19T19:46:52	216.45	4317.01	80.37	3.05	-1.24	9.20
2023-06-19T19:46:54	210.55	4324.29	77.98	3.08	-1.34	8.38
2023-06-19T19:46:56	204.66	4331.58	75.60	3.10	-1.44	7.56
2023-06-19T19:46:58	198.77	4338.85	73.21	3.13	-1.55	6.76
2023-06-19T19:47:00	192.88	4346.13	70.83	3.16	-1.63	6.01
2023-06-19T19:47:02	186.98	4353.40	68.44	3.23	-1.64	5.32
2023-06-19T19:47:04	181.09	4360.66	66.05	3.33	-1.59	4.58
2023-06-19T19:47:06	175.19	4367.92	63.67	3.43	-1.55	3.83
2023-06-19T19:47:08	169.30	4375.18	61.28	3.52	-1.50	3.08
2023-06-19T19:47:10	163.40	4382.43	58.90	3.62	-1.46	2.31
2023-06-19T19:47:12	157.51	4389.67	56.51	3.71	-1.41	1.55
2023-06-19T19:47:14	151.62	4396.91	54.12	3.80	-1.37	0.77
2023-06-19T19:47:16	145.72	4404.15	51.74	3.91	-1.29	0.07
2023-06-19T19:47:18	139.83	4411.38	49.35	4.06	-1.19	-0.55
2023-06-19T19:47:20	133.93	4418.61	46.96	4.22	-1.11	-1.16
2023-06-19T19:47:22	128.04	4425.83	44.58	4.39	-1.04	-1.79
2023-06-19T19:47:24	122.14	4433.05	42.19	4.56	-1.01	-2.42
2023-06-19T19:47:26	116.25	4440.27	39.80	4.71	-0.98	-3.03
2023-06-19T19:47:28	110.35	4447.48	37.42	4.86	-0.96	-3.64
2023-06-19T19:47:30	104.45	4454.68	35.03	5.01	-0.95	-4.23
2023-06-19T19:47:32	98.56	4461.88	32.64	5.18	-0.98	-4.76
2023-06-19T19:47:34	92.66	4469.08	30.26	5.37	-1.05	-5.25
2023-06-19T19:47:36	86.77	4476.27	27.87	5.55	-1.13	-5.73
2023-06-19T19:47:38	80.87	4483.46	25.48	5.73	-1.22	-6.20
2023-06-19T19:47:40	74.98	4490.64	23.10	5.92	-1.33	-6.66
2023-06-19T19:47:42	69.08	4497.83	20.71	6.05	-1.47	-7.09
2023-06-19T19:47:44	63.18	4505.00	18.32	6.16	-1.62	-7.53
2023-06-19T19:47:46	57.29	4512.17	15.94	6.23	-1.77	-7.96
2023-06-19T19:47:48	51.39	4519.34	13.55	6.26	-1.96	-8.35
2023-06-19T19:47:50	45.50	4526.50	11.16	6.26	-2.17	-8.71
2023-06-19T19:47:52	39.60	4533.65	8.77	6.25	-2.37	-9.06
2023-06-19T19:47:54	33.71	4540.81	6.39	6.24	-2.58	-9.40
2023-06-19T19:47:56	27.81	4547.96	4.00	6.21	-2.80	-9.73
2023-06-19T19:47:58	21.91	4555.10	1.61	6.18	-3.02	-10.05
2023-06-19T19:48:00	16.02	4562.24	-0.77	6.14	-3.24	-10.37
2023-06-19T19:48:02	10.12	4569.38	-3.16	6.26	-3.35	-10.66
2023-06-19T19:48:04	4.23	4576.51	-5.55	6.39	-3.30	-10.97
2023-06-19T19:48:06	-1.67	4583.64	-7.93	6.48	-3.23	-11.27
2023-06-19T19:48:08	-7.57	4590.76	-10.32	6.56	-3.20	-11.56
2023-06-19T19:48:10	-13.46	4597.88	-12.71	6.63	-3.21	-11.82
2023-06-19T19:48:12	-19.36	4605.00	-15.10	6.69	-3.23	-12.07
2023-06-19T19:48:14	-25.25	4612.11	-17.49	6.76	-3.27	-12.30
2023-06-19T19:48:16	-31.15	4619.22	-19.87	6.84	-3.33	-12.52
2023-06-19T19:48:18	-37.04	4626.32	-22.26	6.92	-3.39	-12.72
2023-06-19T19:48:20	-42.94	4633.42	-24.64	6.97	-3.44	-12.85
2023-06-19T19:48:22	-48.83	4640.52	-27.03	6.98	-3.46	-12.92
2023-06-19T19:48:24	-54.73	4647.61	-29.42	7.01	-3.47	-13.02
2023-06-19T19:48:26	-60.63	4654.70	-31.81	7.03	-3.48	-13.15
2023-06-19T19:48:28	-66.52	4661.78	-34.19	7.06	-3.48	-13.31
2023-06-19T19:48:30	-72.42	4668.86	-36.58	7.07	-3.48	-13.48
2023-06-19T19:48:32	-78.31	4675.93	-38.96	7.07	-3.50	-13.67
2023-06-19T19:48:34	-84.21	4683.00	-41.35	7.05	-3.52	-13.86
2023-06-19T19:48:36	-90.10	4690.07	-43.74	7.14	-3.56	-13.96
2023-06-19T19:48:38	-96.00	4697.13	-46.13	7.33	-3.57	-14.00
2023-06-19T19:48:40	-101.89	4704.19	-48.51	7.52	-3.49	-14.10
2023-06-19T19:48:42	-107.78	4711.25	-50.90	7.69	-3.36	-14.24
2023-06-19T19:48:44	-113.68	4718.30	-53.28	7.85	-3.21	-14.41
2023-06-19T19:48:46	-119.57	4725.35	-55.67	8.00	-3.02	-14.60
2023-06-19T19:48:48	-125.47	4732.39	-58.06	8.14	-2.79	-14.83
2023-06-19T19:48:50	-131.36	4739.43	-60.45	8.29	-2.51	-15.09
2023-06-19T19:48:52	-137.25	4746.47	-62.83	8.46	-2.29	-15.32
2023-06-19T19:48:54	-143.15	4753.50	-65.22	8.60	-2.15	-15.47
2023-06-19T19:48:56	-149.04	4760.53	-67.61	8.72	-2.03	-15.61
2023-06-19T19:48:58	-154.94	4767.55	-69.99	8.83	-1.92	-15.73
2023-06-19T19:49:00	-160.83	4774.57	-72.38	8.93	-1.93	-15.79
2023-06-19T19:49:02	-166.72	4781.59	-74.76	9.02	-1.95	-15.88
2023-06-19T19:49:04	-172.62	4788.60	-77.15	9.11	-1.96	-16.00
2023-06-19T19:49:06	-178.51	4795.61	-79.53	9.20	-1.96	-16.15
2023-06-19T19:49:08	-184.40	4802.61	-81.92	9.22	-1.99	-16.28
2023-06-19T19:49:10	-190.29	4809.61	-84.31	9.10	-2.10	-16.25
2023-06-19T19:49:12	-196.18	4816.61	-86.69	8.95	-2.16	-16.18
2023-06-19T19:49:14	-202.08	4823.60	-89.08	8.77	-2.18	-16.06
2023-06-19T19:49:16	-207.97	4830.59	-91.46	8.56	-2.15	-15.89
2023-06-19T19:49:18	-213.86	4837.58	-93.85	8.33	-2.15	-15.67
2023-06-19T19:49:20	-219.75	4844.56	-96.23	8.20	-2.23	-15.39
2023-06-19T19:49:22	-225.64	4851.54	-98.62	8.04	-2.29	-15.10
2023-06-19T19:49:24	-231.53	4858.52	-101.00	7.91	-2.34	-14.80
2023-06-19T19:49:26	-237.42	4865.49	-103.39	8.07	-2.53	-14.65
2023-06-19T19:49:28	-243.31	4872.46	-105.77	8.19	-2.70	-14.48
2023-06-19T19:49:30	-249.20	4879.42	-108.16	8.26	-2.85	-14.30
2023-06-19T19:49:32	-255.09	4886.38	-110.54	8.29	-2.99	-14.09
2023-06-19T19:49:34	-260.98	4893.34	-112.93	8.27	-3.10	-13.86
2023-06-19T19:49:36	-266.88	4900.29	-115.31	8.19	-3.20	-13.60
2023-06-19T19:49:38	-272.77	4907.24	-117.70	8.09	-3.41	-13.43
2023-06-19T19:49:40	-278.65	4914.18	-120.08	8.08	-3.70	-13.39
2023-06-19T19:49:42	-284.54	4921.13	-122.47	8.26	-3.91	-13.44
2023-06-19T19:49:44	-290.43	4928.06	-124.85	8.43	-4.08	-13.44
2023-06-19T19:49:46	-296.32	4935.00	-127.24	8.55	-4.21	-13.37
2023-06-19T19:49:48	-302.21	4941.93	-129.62	8.62	-4.31	-13.22
2023-06-19T19:49:50	-308.10	4948.86	-132.01	8.64	-4.40	-13.00
2023-06-19T19:49:52	-313.98	4955.78	-134.39	8.60	-4.46	-12.72
2023-06-19T19:49:54	-319.87	4962.70	-136.77	8.51	-4.52	-12.37
2023-06-19T19:49:56	-325.76	4969.62	-139.16	8.37	-4.57	-11.97
2023-06-19T19:49:58	-331.64	4976.54	-141.54	8.65	-4.48	-11.77
2023-06-19T19:50:00	-337.53	4983.44	-143.93	9.03	-4.37	-11.68
2023-06-19T19:50:02	-343.42	4990.35	-146.31	9.35	-4.29	-11.60
2023-06-19T19:50:04	-349.30	4997.25	-148.69	9.64	-4.23	-11.52
2023-06-19T19:50:06	-355.19	5004.15	-151.08	9.88	-4.18	-11.45
2023-06-19T19:50:08	-361.08	5011.05	-153.46	10.09	-4.14	-11.40
2023-06-19T19:50:10	-366.96	5017.94	-155.84	10.28	-4.11	-11.37
2023-06-19T19:50:12	-372.85	5024.83	-158.23	10.44	-4.07	-11.38
2023-06-19T19:50:14	-378.73	5031.72	-160.61	10.58	-4.01	-11.36
2023-06-19T19:50:16	-384.61	5038.60	-162.99	10.68	-3.92	-11.24
2023-06-19T19:50:18	-390.50	5045.48	-165.38	10.64	-3.87	-11.10
2023-06-19T19:50:20	-396.38	5052.36	-167.76	10.57	-3.82	-10.96
2023-06-19T19:50:22	-402.27	5059.23	-170.14	10.48	-3.77	-10.84
2023-06-19T19:50:24	-408.15	5066.10	-172.52	10.36	-3.74	-10.72
2023-06-19T19:50:26	-414.03	5072.96	-174.90	10.22	-3.73	-10.60
2023-06-19T19:50:28	-419.92	5079.83	-177.29	10.08	-3.75	-10.46
2023-06-19T19:50:30	-425.80	5086.69	-179.67	9.93	-3.78	-10.33
2023-06-19T19:50:32	-431.68	5093.54	-182.05	9.92	-3.86	-10.24
2023-06-19T19:50:34	-437.56	5100.39	-184.43	9.94	-3.92	-10.15
2023-06-19T19:50:36	-443.44	5107.24	-186.82	10.09	-3.92	-10.05
2023-06-19T19:50:38	-449.32	5114.09	-189.20	10.37	-3.84	-9.95
2023-06-19T19:50:40	-455.20	5120.93	-191.58	10.64	-3.74	-9.83
2023-06-19T19:50:42	-461.08	5127.77	-193.96	10.91	-3.62	-9.68
2023-06-19T19:50:44	-466.96	5134.60	-196.34	11.18	-3.48	-9.50
2023-06-19T19:50:46	-472.85	5141.44	-198.72	11.45	-3.32	-9.29
2023-06-19T19:50:48	-478.73	5148.27	-201.10	11.68	-3.22	-9.10
2023-06-19T19:50:50	-484.60	5155.09	-203.48	11.85	-3.18	-8.90
2023-06-19T19:50:52	-490.48	5161.92	-205.86	11.96	-3.16	-8.68
2023-06-19T19:50:54	-496.36	5168.73	-208.24	12.03	-3.18	-8.44
2023-06-19T19:50:56	-502.24	5175.55	-210.63	12.12	-3.30	-8.23
2023-06-19T19:50:58	-508.12	5182.36	-213.00	12.22	-3.45	-8.05
2023-06-19T19:51:00	-513.99	5189.17	-215.39	12.35	-3.58	-7.86
2023-06-19T19:51:02	-519.87	5195.98	-217.77	12.49	-3.72	-7.67
2023-06-19T19:51:04	-525.75	5202.79	-220.14	12.66	-3.82	-7.50
2023-06-19T19:51:06	-531.62	5209.58	-222.53	12.81	-3.81	-7.41
2023-06-19T19:51:08	-537.50	5216.38	-224.90	12.96	-3.78	-7.32
2023-06-19T19:51:10	-543.38	5223.18	-227.28	13.12	-3.74	-7.23
2023-06-19T19:51:12	-549.25	5229.97	-229.66	13.27	-3.68	-7.13
2023-06-19T19:51:14	-555.13	5236.75	-232.04	13.41	-3.60	-7.04
2023-06-19T19:51:16	-561.00	5243.54	-234.42	13.37	-3.51	-7.00
2023-06-19T19:51:18	-566.87	5250.32	-236.80	13.36	-3.44	-6.95
2023-06-19T19:51:20	-572.75	5257.10	-239.18	13.40	-3.37	-6.90
2023-06-19T19:51:22	-578.62	5263.88	-241.56	13.44	-3.38	-6.85
2023-06-19T19:51:24	-584.49	5270.65	-243.94	13.48	-3.40	-6.80
2023-06-19T19:51:26	-590.37	5277.41	-246.32	13.53	-3.43	-6.74
2023-06-19T19:51:28	-596.24	5284.18	-248.69	13.57	-3.47	-6.69
2023-06-19T19:51:30	-602.11	5290.94	-251.07	13.63	-3.54	-6.64
2023-06-19T19:51:32	-607.98	5297.70	-253.45	13.70	-3.63	-6.60
2023-06-19T19:51:34	-613.86	5304.46	-255.83	13.74	-3.74	-6.58
2023-06-19T19:51:36	-619.73	5311.21	-258.21	13.61	-3.84	-6.55
2023-06-19T19:51:38	-625.59	5317.97	-260.58	13.49	-3.89	-6.57
2023-06-19T19:51:40	-631.46	5324.71	-262.96	13.40	-3.84	-6.67
2023-06-19T19:51:42	-637.34	5331.46	-265.34	13.33	-3.76	-6.75
2023-06-19T19:51:44	-643.20	5338.20	-267.71	13.27	-3.64	-6.81
2023-06-19T19:51:46	-649.07	5344.94	-270.09	13.23	-3.49	-6.86
2023-06-19T19:51:48	-654.94	5351.67	-272.47	13.24	-3.31	-6.90
2023-06-19T19:51:50	-660.81	5358.41	-274.84	13.29	-3.10	-6.92
2023-06-19T19:51:52	-666.68	5365.14	-277.22	13.40	-2.86	-6.94
2023-06-19T19:51:54	-672.54	5371.86	-279.60	13.65	-2.66	-7.01
2023-06-19T19:51:56	-678.41	5378.59	-281.97	13.88	-2.56	-7.39
2023-06-19T19:51:58	-684.28	5385.31	-284.35	14.03	-2.46	-7.76
