Time	POS_X	POS_Y	POS_Z	B_X	B_Y	B_Z
2023-06-19T19:16:52	3412.20	-4003.44	1375.44	-25.17	4.62	20.12
2023-06-19T19:16:54	3411.13	-3994.28	1375.00	-25.92	4.89	20.02
2023-06-19T19:16:56	3410.07	-3985.12	1374.57	-26.67	5.17	19.92
2023-06-19T19:16:58	3409.00	-3975.95	1374.14	-27.43	5.46	19.82
2023-06-19T19:17:00	3407.93	-3966.79	1373.71	-28.19	5.76	19.71
2023-06-19T19:17:02	3406.86	-3957.62	1373.27	-28.95	6.08	19.61
2023-06-19T19:17:04	3405.79	-3948.45	1372.84	-29.71	6.40	19.49
2023-06-19T19:17:06	3404.71	-3939.28	1372.40	-30.37	6.74	19.17
2023-06-19T19:17:08	3403.64	-3930.10	1371.97	-31.05	7.10	18.84
2023-06-19T19:17:10	3402.56	-3920.92	1371.53	-31.74	7.47	18.51
2023-06-19T19:17:12	3401.48	-3911.74	1371.09	-32.45	7.85	18.17
2023-06-19T19:17:14	3400.39	-3902.56	1370.65	-33.18	8.24	17.83
2023-06-19T19:17:16	3399.31	-3893.37	1370.21	-33.92	8.64	17.48
2023-06-19T19:17:18	3398.22	-3884.18	1369.77	-34.47	8.14	17.14
2023-06-19T19:17:20	3397.13	-3875.00	1369.33	-34.97	7.39	16.83
2023-06-19T19:17:22	3396.05	-3865.80	1368.89	-35.48	6.61	16.54
2023-06-19T19:17:24	3394.95	-3856.61	1368.45	-35.99	5.81	16.26
2023-06-19T19:17:26	3393.86	-3847.41	1368.00	-36.50	5.00	16.00
2023-06-19T19:17:28	3392.76	-3838.22	1367.56	-37.01	4.17	15.76
2023-06-19T19:17:30	3391.66	-3829.02	1367.11	-38.06	3.65	15.46
2023-06-19T19:17:32	3390.56	-3819.82	1366.67	-39.47	3.35	15.11
2023-06-19T19:17:34	3389.46	-3810.61	1366.22	-40.93	3.07	14.75
2023-06-19T19:17:36	3388.36	-3801.40	1365.78	-42.35	2.79	14.38
2023-06-19T19:17:38	3387.25	-3792.19	1365.33	-43.75	2.50	14.00
2023-06-19T19:17:40	3386.14	-3782.98	1364.88	-45.12	2.22	13.61
2023-06-19T19:17:42	3385.03	-3773.76	1364.43	-46.31	1.95	13.19
2023-06-19T19:17:44	3383.92	-3764.55	1363.98	-47.22	1.71	12.76
2023-06-19T19:17:46	3382.81	-3755.33	1363.53	-48.12	1.47	12.34
2023-06-19T19:17:48	3381.69	-3746.11	1363.07	-49.01	1.24	11.91
2023-06-19T19:17:50	3380.57	-3736.88	1362.62	-49.89	1.02	11.48
2023-06-19T19:17:52	3379.45	-3727.66	1362.16	-50.75	0.80	11.05
2023-06-19T19:17:54	3378.33	-3718.43	1361.71	-51.55	0.65	10.64
2023-06-19T19:17:56	3377.21	-3709.20	1361.25	-52.09	0.80	10.31
2023-06-19T19:17:58	3376.08	-3699.97	1360.80	-52.62	0.95	9.97
2023-06-19T19:18:00	3374.95	-3690.73	1360.34	-53.15	1.08	9.61
2023-06-19T19:18:02	3373.82	-3681.50	1359.88	-53.68	1.21	9.24
2023-06-19T19:18:04	3372.69	-3672.26	1359.42	-54.21	1.34	8.86
2023-06-19T19:18:06	3371.56	-3663.01	1358.96	-54.74	1.47	8.47
2023-06-19T19:18:08	3370.42	-3653.77	1358.50	-54.86	1.53	8.24
2023-06-19T19:18:10	3369.28	-3644.52	1358.04	-55.01	1.59	8.01
2023-06-19T19:18:12	3368.14	-3635.27	1357.58	-55.17	1.66	7.78
2023-06-19T19:18:14	3366.99	-3626.02	1357.11	-55.36	1.74	7.54
2023-06-19T19:18:16	3365.85	-3616.77	1356.65	-55.57	1.82	7.30
2023-06-19T19:18:18	3364.70	-3607.51	1356.18	-55.80	1.91	7.05
2023-06-19T19:18:20	3363.55	-3598.25	1355.72	-56.13	2.17	6.66
2023-06-19T19:18:22	3362.40	-3588.99	1355.25	-56.46	2.45	6.22
2023-06-19T19:18:24	3361.24	-3579.73	1354.78	-56.76	2.72	5.79
2023-06-19T19:18:26	3360.09	-3570.46	1354.31	-57.02	2.98	5.36
2023-06-19T19:18:28	3358.93	-3561.19	1353.84	-57.26	3.23	4.92
2023-06-19T19:18:30	3357.77	-3551.92	1353.37	-57.47	3.46	4.48
2023-06-19T19:18:32	3356.61	-3542.65	1352.90	-58.28	3.60	4.42
2023-06-19T19:18:34	3355.44	-3533.37	1352.43	-59.47	3.69	4.59
2023-06-19T19:18:36	3354.27	-3524.10	1351.95	-60.65	3.78	4.78
2023-06-19T19:18:38	3353.10	-3514.82	1351.48	-61.84	3.86	4.99
2023-06-19T19:18:40	3351.93	-3505.53	1351.01	-63.02	3.94	5.23
2023-06-19T19:18:42	3350.76	-3496.25	1350.53	-64.21	4.01	5.50
2023-06-19T19:18:44	3349.58	-3486.96	1350.05	-65.10	4.13	5.68
2023-06-19T19:18:46	3348.40	-3477.67	1349.57	-65.67	4.33	5.74
2023-06-19T19:18:48	3347.22	-3468.38	1349.09	-66.25	4.53	5.79
2023-06-19T19:18:50	3346.04	-3459.08	1348.61	-66.84	4.74	5.83
2023-06-19T19:18:52	3344.85	-3449.78	1348.13	-67.43	4.95	5.86
2023-06-19T19:18:54	3343.66	-3440.49	1347.65	-68.02	5.17	5.88
2023-06-19T19:18:56	3342.47	-3431.18	1347.17	-68.40	5.33	5.84
2023-06-19T19:18:58	3341.28	-3421.88	1346.68	-68.31	5.37	5.70
2023-06-19T19:19:00	3340.08	-3412.57	1346.20	-68.23	5.42	5.58
2023-06-19T19:19:02	3338.89	-3403.26	1345.71	-68.16	5.46	5.47
2023-06-19T19:19:04	3337.69	-3393.95	1345.23	-68.11	5.50	5.38
2023-06-19T19:19:06	3336.49	-3384.64	1344.74	-68.07	5.55	5.30
2023-06-19T19:19:08	3335.28	-3375.32	1344.25	-68.08	5.66	5.21
2023-06-19T19:19:10	3334.07	-3366.00	1343.76	-68.23	6.10	5.05
2023-06-19T19:19:12	3332.86	-3356.68	1343.27	-68.37	6.54	4.89
2023-06-19T19:19:14	3331.65	-3347.35	1342.78	-68.50	6.98	4.73
2023-06-19T19:19:16	3330.44	-3338.02	1342.28	-68.66	7.43	4.57
2023-06-19T19:19:18	3329.22	-3328.69	1341.79	-68.83	7.87	4.41
2023-06-19T19:19:20	3328.00	-3319.36	1341.29	-69.01	8.29	4.25
2023-06-19T19:19:22	3326.78	-3310.03	1340.80	-69.18	8.27	4.14
2023-06-19T19:19:24	3325.56	-3300.69	1340.30	-69.35	8.26	4.02
2023-06-19T19:19:26	3324.33	-3291.35	1339.80	-69.52	8.27	3.90
2023-06-19T19:19:28	3323.10	-3282.01	1339.31	-69.70	8.28	3.77
2023-06-19T19:19:30	3321.87	-3272.66	1338.81	-69.89	8.31	3.63
2023-06-19T19:19:32	3320.64	-3263.32	1338.31	-70.08	8.35	3.49
2023-06-19T19:19:34	3319.40	-3253.97	1337.80	-70.41	8.60	3.49
2023-06-19T19:19:36	3318.16	-3244.61	1337.30	-70.75	8.85	3.51
2023-06-19T19:19:38	3316.92	-3235.26	1336.80	-71.07	9.10	3.53
2023-06-19T19:19:40	3315.67	-3225.90	1336.29	-71.38	9.34	3.55
2023-06-19T19:19:42	3314.43	-3216.54	1335.79	-71.68	9.57	3.58
2023-06-19T19:19:44	3313.18	-3207.18	1335.28	-71.96	9.80	3.60
2023-06-19T19:19:46	3311.92	-3197.82	1334.77	-72.12	10.03	3.58
2023-06-19T19:19:48	3310.67	-3188.45	1334.26	-72.26	10.26	3.54
2023-06-19T19:19:50	3309.41	-3179.08	1333.75	-72.39	10.48	3.50
2023-06-19T19:19:52	3308.15	-3169.71	1333.24	-72.53	10.70	3.46
2023-06-19T19:19:54	3306.89	-3160.33	1332.73	-72.67	10.92	3.41
2023-06-19T19:19:56	3305.62	-3150.95	1332.21	-72.80	11.14	3.37
2023-06-19T19:19:58	3304.35	-3141.57	1331.70	-72.88	11.28	3.36
2023-06-19T19:20:00	3303.08	-3132.19	1331.18	-72.94	11.40	3.36
2023-06-19T19:20:02	3301.81	-3122.80	1330.66	-73.00	11.51	3.37
2023-06-19T19:20:04	3300.53	-3113.41	1330.15	-73.05	11.63	3.36
2023-06-19T19:20:06	3299.26	-3104.02	1329.63	-73.11	11.75	3.36
2023-06-19T19:20:08	3297.97	-3094.63	1329.11	-73.17	11.87	3.35
2023-06-19T19:20:10	3296.69	-3085.23	1328.58	-73.20	11.97	3.40
2023-06-19T19:20:12	3295.40	-3075.83	1328.06	-73.22	12.05	3.48
2023-06-19T19:20:14	3294.11	-3066.43	1327.54	-73.25	12.13	3.56
2023-06-19T19:20:16	3292.82	-3057.03	1327.01	-73.28	12.21	3.64
2023-06-19T19:20:18	3291.53	-3047.62	1326.49	-73.31	12.29	3.71
2023-06-19T19:20:20	3290.23	-3038.21	1325.96	-73.35	12.36	3.78
2023-06-19T19:20:22	3288.93	-3028.80	1325.43	-73.42	12.45	3.85
2023-06-19T19:20:24	3287.62	-3019.39	1324.90	-73.49	12.53	3.91
2023-06-19T19:20:26	3286.32	-3009.97	1324.37	-73.57	12.61	3.97
2023-06-19T19:20:28	3285.01	-3000.55	1323.84	-73.63	12.68	4.03
2023-06-19T19:20:30	3283.69	-2991.13	1323.31	-73.69	12.74	4.10
2023-06-19T19:20:32	3282.38	-2981.70	1322.78	-73.74	12.79	4.17
2023-06-19T19:20:34	3281.06	-2972.27	1322.24	-73.79	12.87	4.22
2023-06-19T19:20:36	3279.74	-2962.85	1321.70	-73.82	13.00	4.25
2023-06-19T19:20:38	3278.42	-2953.41	1321.16	-73.86	13.13	4.27
2023-06-19T19:20:40	3277.09	-2943.98	1320.63	-73.89	13.26	4.29
2023-06-19T19:20:42	3275.76	-2934.54	1320.09	-73.92	13.40	4.32
2023-06-19T19:20:44	3274.43	-2925.10	1319.54	-73.96	13.55	4.35
2023-06-19T19:20:46	3273.09	-2915.65	1319.00	-74.00	13.65	4.41
2023-06-19T19:20:48	3271.75	-2906.21	1318.46	-74.04	13.68	4.52
2023-06-19T19:20:50	3270.41	-2896.76	1317.91	-74.08	13.71	4.62
2023-06-19T19:20:52	3269.07	-2887.31	1317.37	-74.11	13.74	4.73
2023-06-19T19:20:54	3267.72	-2877.85	1316.82	-74.15	13.77	4.83
2023-06-19T19:20:56	3266.37	-2868.39	1316.27	-74.18	13.80	4.94
2023-06-19T19:20:58	3265.02	-2858.93	1315.72	-74.24	13.84	5.06
2023-06-19T19:21:00	3263.66	-2849.47	1315.17	-74.32	13.92	5.20
2023-06-19T19:21:02	3262.30	-2840.01	1314.62	-74.41	14.01	5.35
2023-06-19T19:21:04	3260.94	-2830.54	1314.07	-74.50	14.10	5.50
2023-06-19T19:21:06	3259.57	-2821.07	1313.51	-74.59	14.18	5.65
2023-06-19T19:21:08	3258.20	-2811.59	1312.95	-74.68	14.27	5.79
2023-06-19T19:21:10	3256.83	-2802.12	1312.40	-74.76	14.36	5.94
2023-06-19T19:21:12	3255.46	-2792.64	1311.84	-74.83	14.43	6.09
2023-06-19T19:21:14	3254.08	-2783.16	1311.28	-74.90	14.50	6.24
2023-06-19T19:21:16	3252.70	-2773.67	1310.72	-74.96	14.56	6.39
2023-06-19T19:21:18	3251.31	-2764.19	1310.16	-75.03	14.63	6.53
2023-06-19T19:21:20	3249.92	-2754.69	1309.59	-75.09	14.70	6.68
2023-06-19T19:21:22	3248.53	-2745.20	1309.03	-75.15	14.78	6.84
2023-06-19T19:21:24	3247.14	-2735.71	1308.46	-75.23	14.90	7.03
2023-06-19T19:21:26	3245.74	-2726.21	1307.89	-75.30	15.02	7.22
2023-06-19T19:21:28	3244.34	-2716.71	1307.33	-75.37	15.14	7.40
2023-06-19T19:21:30	3242.94	-2707.20	1306.75	-75.44	15.25	7.59
2023-06-19T19:21:32	3241.53	-2697.70	1306.18	-75.51	15.36	7.78
2023-06-19T19:21:34	3240.12	-2688.19	1305.61	-75.57	15.46	7.96
2023-06-19T19:21:36	3238.71	-2678.68	1305.03	-75.64	15.51	8.13
2023-06-19T19:21:38	3237.29	-2669.16	1304.46	-75.71	15.55	8.29
2023-06-19T19:21:40	3235.87	-2659.64	1303.88	-75.78	15.60	8.46
2023-06-19T19:21:42	3234.45	-2650.12	1303.30	-75.85	15.65	8.63
2023-06-19T19:21:44	3233.02	-2640.60	1302.73	-75.92	15.70	8.80
2023-06-19T19:21:46	3231.59	-2631.07	1302.15	-76.00	15.75	8.96
2023-06-19T19:21:48	3230.15	-2621.55	1301.56	-76.09	15.84	9.13
2023-06-19T19:21:50	3228.72	-2612.02	1300.98	-76.19	15.94	9.30
2023-06-19T19:21:52	3227.28	-2602.48	1300.39	-76.29	16.03	9.47
2023-06-19T19:21:54	3225.84	-2592.94	1299.81	-76.38	16.13	9.64
2023-06-19T19:21:56	3224.39	-2583.40	1299.22	-76.48	16.24	9.81
2023-06-19T19:21:58	3222.94	-2573.86	1298.63	-76.57	16.34	9.99
2023-06-19T19:22:00	3221.48	-2564.32	1298.04	-76.64	16.45	10.16
2023-06-19T19:22:02	3220.02	-2554.77	1297.45	-76.70	16.55	10.33
2023-06-19T19:22:04	3218.56	-2545.22	1296.85	-76.77	16.66	10.50
2023-06-19T19:22:06	3217.10	-2535.66	1296.25	-76.83	16.77	10.68
2023-06-19T19:22:08	3215.63	-2526.11	1295.66	-76.89	16.87	10.85
2023-06-19T19:22:10	3214.16	-2516.55	1295.06	-76.96	16.98	11.02
2023-06-19T19:22:12	3212.68	-2506.98	1294.46	-77.04	17.08	11.16
2023-06-19T19:22:14	3211.21	-2497.42	1293.86	-77.12	17.17	11.30
2023-06-19T19:22:16	3209.72	-2487.85	1293.26	-77.20	17.27	11.44
2023-06-19T19:22:18	3208.24	-2478.28	1292.66	-77.28	17.37	11.58
2023-06-19T19:22:20	3206.75	-2468.70	1292.05	-77.36	17.47	11.72
2023-06-19T19:22:22	3205.25	-2459.13	1291.44	-77.44	17.56	11.86
2023-06-19T19:22:24	3203.76	-2449.55	1290.83	-77.53	17.66	12.01
2023-06-19T19:22:26	3202.26	-2439.97	1290.22	-77.61	17.75	12.17
2023-06-19T19:22:28	3200.75	-2430.38	1289.61	-77.69	17.85	12.32
2023-06-19T19:22:30	3199.24	-2420.79	1289.00	-77.78	17.95	12.48
2023-06-19T19:22:32	3197.73	-2411.20	1288.39	-77.86	18.05	12.64
2023-06-19T19:22:34	3196.21	-2401.61	1287.77	-77.95	18.15	12.82
2023-06-19T19:22:36	3194.70	-2392.01	1287.15	-78.05	18.25	13.03
2023-06-19T19:22:38	3193.17	-2382.41	1286.53	-78.16	18.35	13.24
2023-06-19T19:22:40	3191.64	-2372.81	1285.91	-78.26	18.44	13.45
2023-06-19T19:22:42	3190.11	-2363.21	1285.29	-78.36	18.54	13.67
2023-06-19T19:22:44	3188.58	-2353.60	1284.67	-78.47	18.63	13.89
2023-06-19T19:22:46	3187.04	-2343.99	1284.04	-78.57	18.73	14.09
2023-06-19T19:22:48	3185.50	-2334.37	1283.42	-78.68	18.81	14.26
2023-06-19T19:22:50	3183.95	-2324.75	1282.79	-78.79	18.90	14.43
2023-06-19T19:22:52	3182.40	-2315.14	1282.16	-78.89	18.98	14.59
2023-06-19T19:22:54	3180.85	-2305.51	1281.52	-79.00	19.07	14.76
2023-06-19T19:22:56	3179.29	-2295.89	1280.89	-79.11	19.16	14.93
2023-06-19T19:22:58	3177.73	-2286.26	1280.26	-79.22	19.24	15.11
2023-06-19T19:23:00	3176.17	-2276.63	1279.62	-79.32	19.32	15.28
2023-06-19T19:23:02	3174.59	-2266.99	1278.98	-79.41	19.40	15.45
2023-06-19T19:23:04	3173.02	-2257.36	1278.34	-79.51	19.48	15.62
2023-06-19T19:23:06	3171.44	-2247.72	1277.70	-79.61	19.57	15.79
2023-06-19T19:23:08	3169.86	-2238.07	1277.06	-79.71	19.65	15.97
2023-06-19T19:23:10	3168.27	-2228.43	1276.42	-79.81	19.72	16.14
2023-06-19T19:23:12	3166.69	-2218.78	1275.77	-79.92	19.79	16.32
2023-06-19T19:23:14	3165.09	-2209.13	1275.12	-80.04	19.86	16.50
2023-06-19T19:23:16	3163.49	-2199.47	1274.47	-80.15	19.93	16.67
2023-06-19T19:23:18	3161.89	-2189.82	1273.82	-80.26	20.00	16.85
2023-06-19T19:23:20	3160.28	-2180.16	1273.17	-80.36	20.07	17.04
2023-06-19T19:23:22	3158.67	-2170.49	1272.51	-80.46	20.14	17.23
2023-06-19T19:23:24	3157.06	-2160.83	1271.85	-80.56	20.21	17.42
2023-06-19T19:23:26	3155.44	-2151.16	1271.20	-80.67	20.29	17.62
2023-06-19T19:23:28	3153.81	-2141.49	1270.54	-80.77	20.36	17.81
2023-06-19T19:23:30	3152.19	-2131.81	1269.88	-80.87	20.43	18.00
2023-06-19T19:23:32	3150.56	-2122.13	1269.21	-80.97	20.51	18.19
2023-06-19T19:23:34	3148.92	-2112.45	1268.55	-81.08	20.58	18.39
2023-06-19T19:23:36	3147.28	-2102.77	1267.88	-81.20	20.65	18.61
2023-06-19T19:23:38	3145.64	-2093.08	1267.21	-81.32	20.72	18.82
2023-06-19T19:23:40	3143.99	-2083.39	1266.54	-81.45	20.79	19.04
2023-06-19T19:23:42	3142.33	-2073.70	1265.87	-81.57	20.86	19.26
2023-06-19T19:23:44	3140.68	-2064.01	1265.20	-81.70	20.94	19.48
2023-06-19T19:23:46	3139.01	-2054.31	1264.52	-81.82	21.00	19.70
2023-06-19T19:23:48	3137.35	-2044.61	1263.84	-81.92	21.06	19.92
2023-06-19T19:23:50	3135.68	-2034.90	1263.17	-82.03	21.12	20.15
2023-06-19T19:23:52	3134.00	-2025.20	1262.49	-82.14	21.18	20.37
2023-06-19T19:23:54	3132.32	-2015.49	1261.80	-82.25	21.23	20.60
2023-06-19T19:23:56	3130.64	-2005.78	1261.12	-82.37	21.29	20.83
2023-06-19T19:23:58	3128.95	-1996.06	1260.43	-82.48	21.36	21.05
2023-06-19T19:24:00	3127.26	-1986.34	1259.74	-82.60	21.44	21.26
2023-06-19T19:24:02	3125.56	-1976.62	1259.05	-82.71	21.52	21.48
2023-06-19T19:24:04	3123.85	-1966.89	1258.36	-82.82	21.60	21.69
2023-06-19T19:24:06	3122.15	-1957.17	1257.67	-82.94	21.68	21.90
2023-06-19T19:24:08	3120.44	-1947.43	1256.97	-83.05	21.76	22.12
2023-06-19T19:24:10	3118.72	-1937.70	1256.27	-83.15	21.83	22.33
2023-06-19T19:24:12	3117.00	-1927.97	1255.57	-83.25	21.90	22.54
2023-06-19T19:24:14	3115.27	-1918.23	1254.87	-83.35	21.97	22.75
2023-06-19T19:24:16	3113.54	-1908.49	1254.17	-83.45	22.04	22.96
2023-06-19T19:24:18	3111.81	-1898.74	1253.46	-83.54	22.12	23.18
2023-06-19T19:24:20	3110.07	-1888.99	1252.76	-83.64	22.19	23.39
2023-06-19T19:24:22	3108.32	-1879.24	1252.05	-83.79	22.26	23.61
2023-06-19T19:24:24	3106.57	-1869.49	1251.34	-83.93	22.32	23.84
2023-06-19T19:24:26	3104.82	-1859.73	1250.62	-84.08	22.38	24.07
2023-06-19T19:24:28	3103.06	-1849.97	1249.91	-84.23	22.45	24.30
2023-06-19T19:24:30	3101.30	-1840.21	1249.19	-84.39	22.51	24.54
2023-06-19T19:24:32	3099.53	-1830.44	1248.47	-84.54	22.58	24.77
2023-06-19T19:24:34	3097.75	-1820.67	1247.75	-84.70	22.64	24.99
2023-06-19T19:24:36	3095.98	-1810.90	1247.03	-84.85	22.69	25.21
2023-06-19T19:24:38	3094.19	-1801.13	1246.30	-85.01	22.75	25.43
2023-06-19T19:24:40	3092.40	-1791.35	1245.58	-85.17	22.81	25.66
2023-06-19T19:24:42	3090.61	-1781.57	1244.85	-85.32	22.86	25.89
2023-06-19T19:24:44	3088.81	-1771.79	1244.12	-85.48	22.91	26.12
2023-06-19T19:24:46	3087.01	-1762.00	1243.38	-85.63	22.94	26.35
2023-06-19T19:24:48	3085.20	-1752.22	1242.65	-85.78	22.97	26.59
2023-06-19T19:24:50	3083.39	-1742.42	1241.91	-85.93	23.00	26.82
2023-06-19T19:24:52	3081.57	-1732.63	1241.17	-86.08	23.03	27.06
2023-06-19T19:24:54	3079.74	-1722.83	1240.43	-86.24	23.06	27.29
2023-06-19T19:24:56	3077.92	-1713.03	1239.69	-86.39	23.08	27.53
2023-06-19T19:24:58	3076.08	-1703.23	1238.94	-86.55	23.10	27.76
2023-06-19T19:25:00	3074.24	-1693.42	1238.20	-86.70	23.13	27.99
2023-06-19T19:25:02	3072.40	-1683.61	1237.45	-86.85	23.15	28.22
2023-06-19T19:25:04	3070.55	-1673.80	1236.69	-87.00	23.18	28.46
2023-06-19T19:25:06	3068.69	-1663.98	1235.94	-87.16	23.20	28.69
2023-06-19T19:25:08	3066.83	-1654.17	1235.18	-87.32	23.22	28.94
2023-06-19T19:25:10	3064.97	-1644.35	1234.43	-87.48	23.24	29.18
2023-06-19T19:25:12	3063.10	-1634.52	1233.66	-87.64	23.25	29.43
2023-06-19T19:25:14	3061.22	-1624.70	1232.90	-87.80	23.27	29.68
2023-06-19T19:25:16	3059.34	-1614.87	1232.14	-87.97	23.28	29.93
2023-06-19T19:25:18	3057.45	-1605.03	1231.37	-88.14	23.30	30.18
2023-06-19T19:25:20	3055.56	-1595.20	1230.60	-88.28	23.32	30.42
2023-06-19T19:25:22	3053.66	-1585.36	1229.83	-88.42	23.33	30.67
2023-06-19T19:25:24	3051.76	-1575.52	1229.05	-88.56	23.35	30.91
2023-06-19T19:25:26	3049.85	-1565.67	1228.28	-88.69	23.38	31.16
2023-06-19T19:25:28	3047.93	-1555.83	1227.50	-88.83	23.40	31.40
2023-06-19T19:25:30	3046.01	-1545.98	1226.72	-88.96	23.42	31.66
2023-06-19T19:25:32	3044.09	-1536.13	1225.94	-89.10	23.43	31.93
2023-06-19T19:25:34	3042.16	-1526.27	1225.15	-89.24	23.44	32.19
2023-06-19T19:25:36	3040.22	-1516.41	1224.37	-89.38	23.46	32.46
2023-06-19T19:25:38	3038.28	-1506.55	1223.58	-89.52	23.48	32.73
2023-06-19T19:25:40	3036.33	-1496.69	1222.78	-89.66	23.50	33.00
2023-06-19T19:25:42	3034.38	-1486.82	1221.99	-89.80	23.52	33.27
2023-06-19T19:25:44	3032.41	-1476.95	1221.20	-89.96	23.53	33.55
2023-06-19T19:25:46	3030.45	-1467.08	1220.40	-90.11	23.55	33.83
2023-06-19T19:25:48	3028.48	-1457.20	1219.59	-90.26	23.57	34.11
2023-06-19T19:25:50	3026.50	-1447.33	1218.79	-90.41	23.58	34.39
2023-06-19T19:25:52	3024.52	-1437.45	1217.99	-90.56	23.60	34.68
2023-06-19T19:25:54	3022.53	-1427.56	1217.18	-90.73	23.61	34.97
2023-06-19T19:25:56	3020.54	-1417.68	1216.37	-90.92	23.60	35.28
2023-06-19T19:25:58	3018.54	-1407.79	1215.55	-91.11	23.59	35.58
2023-06-19T19:26:00	3016.53	-1397.90	1214.74	-91.30	23.58	35.89
2023-06-19T19:26:02	3014.52	-1388.00	1213.92	-91.50	23.58	36.20
2023-06-19T19:26:04	3012.50	-1378.10	1213.10	-91.70	23.57	36.51
2023-06-19T19:26:06	3010.48	-1368.20	1212.28	-91.91	23.55	36.81
2023-06-19T19:26:08	3008.45	-1358.30	1211.45	-92.12	23.52	37.10
2023-06-19T19:26:10	3006.41	-1348.39	1210.63	-92.35	23.48	37.40
2023-06-19T19:26:12	3004.37	-1338.48	1209.80	-92.57	23.45	37.71
2023-06-19T19:26:14	3002.32	-1328.57	1208.96	-92.81	23.41	38.01
2023-06-19T19:26:16	3000.27	-1318.66	1208.13	-93.05	23.38	38.32
2023-06-19T19:26:18	2998.21	-1308.74	1207.29	-93.30	23.36	38.59
2023-06-19T19:26:20	2996.14	-1298.82	1206.45	-93.55	23.35	38.87
2023-06-19T19:26:22	2994.07	-1288.90	1205.61	-93.80	23.33	39.14
2023-06-19T19:26:24	2991.99	-1278.97	1204.76	-94.05	23.32	39.41
2023-06-19T19:26:26	2989.90	-1269.05	1203.92	-94.29	23.32	39.68
2023-06-19T19:26:28	2987.81	-1259.12	1203.07	-94.53	23.31	39.98
2023-06-19T19:26:30	2985.71	-1249.18	1202.21	-94.77	23.27	40.34
2023-06-19T19:26:32	2983.61	-1239.25	1201.36	-95.02	23.24	40.70
2023-06-19T19:26:34	2981.50	-1229.31	1200.50	-95.27	23.22	41.06
2023-06-19T19:26:36	2979.38	-1219.37	1199.64	-95.53	23.20	41.42
2023-06-19T19:26:38	2977.25	-1209.43	1198.78	-95.80	23.19	41.77
2023-06-19T19:26:40	2975.12	-1199.48	1197.91	-96.06	23.16	42.13
2023-06-19T19:26:42	2972.99	-1189.53	1197.04	-96.31	23.10	42.50
2023-06-19T19:26:44	2970.84	-1179.58	1196.17	-96.56	23.04	42.87
2023-06-19T19:26:46	2968.69	-1169.62	1195.30	-96.81	22.98	43.23
2023-06-19T19:26:48	2966.54	-1159.67	1194.42	-97.06	22.92	43.59
2023-06-19T19:26:50	2964.38	-1149.71	1193.54	-97.32	22.87	43.95
2023-06-19T19:26:52	2962.21	-1139.75	1192.66	-97.55	22.79	44.28
2023-06-19T19:26:54	2960.03	-1129.78	1191.78	-97.77	22.70	44.60
2023-06-19T19:26:56	2957.85	-1119.81	1190.89	-97.99	22.60	44.93
2023-06-19T19:26:58	2955.66	-1109.84	1190.00	-98.22	22.50	45.26
2023-06-19T19:27:00	2953.46	-1099.87	1189.11	-98.45	22.39	45.60
2023-06-19T19:27:02	2951.26	-1089.89	1188.21	-98.68	22.28	45.95
2023-06-19T19:27:04	2949.05	-1079.92	1187.31	-98.87	22.20	46.30
2023-06-19T19:27:06	2946.83	-1069.94	1186.42	-99.07	22.11	46.65
2023-06-19T19:27:08	2944.61	-1059.96	1185.51	-99.26	22.03	47.00
2023-06-19T19:27:10	2942.38	-1049.97	1184.61	-99.46	21.94	47.35
2023-06-19T19:27:12	2940.14	-1039.98	1183.70	-99.65	21.84	47.71
2023-06-19T19:27:14	2937.90	-1029.99	1182.79	-99.85	21.75	48.06
2023-06-19T19:27:16	2935.65	-1020.00	1181.87	-100.02	21.67	48.38
2023-06-19T19:27:18	2933.39	-1010.00	1180.95	-100.19	21.59	48.71
2023-06-19T19:27:20	2931.12	-1000.01	1180.03	-100.38	21.51	49.06
2023-06-19T19:27:22	2928.85	-990.01	1179.11	-100.59	21.44	49.42
2023-06-19T19:27:24	2926.57	-980.00	1178.18	-100.80	21.36	49.77
2023-06-19T19:27:26	2924.28	-970.00	1177.25	-101.06	21.26	50.13
2023-06-19T19:27:28	2921.99	-959.99	1176.32	-101.36	21.15	50.50
2023-06-19T19:27:30	2919.69	-949.98	1175.39	-101.65	21.03	50.86
2023-06-19T19:27:32	2917.38	-939.97	1174.45	-101.94	20.92	51.22
2023-06-19T19:27:34	2915.07	-929.96	1173.51	-102.21	20.82	51.57
2023-06-19T19:27:36	2912.75	-919.94	1172.56	-102.47	20.71	51.93
2023-06-19T19:27:38	2910.41	-909.92	1171.62	-102.73	20.57	52.32
2023-06-19T19:27:40	2908.08	-899.90	1170.67	-102.99	20.43	52.73
2023-06-19T19:27:42	2905.73	-889.88	1169.72	-103.26	20.30	53.15
2023-06-19T19:27:44	2903.38	-879.85	1168.76	-103.52	20.18	53.57
2023-06-19T19:27:46	2901.02	-869.83	1167.80	-103.78	20.07	54.00
2023-06-19T19:27:48	2898.66	-859.79	1166.84	-104.04	19.97	54.43
2023-06-19T19:27:50	2896.28	-849.76	1165.88	-104.22	19.87	54.86
2023-06-19T19:27:52	2893.90	-839.73	1164.91	-104.42	19.77	55.29
2023-06-19T19:27:54	2891.51	-829.69	1163.94	-104.63	19.68	55.73
2023-06-19T19:27:56	2889.12	-819.65	1162.97	-104.86	19.60	56.17
2023-06-19T19:27:58	2886.71	-809.61	1161.99	-105.10	19.52	56.62
2023-06-19T19:28:00	2884.30	-799.57	1161.01	-105.34	19.40	57.04
2023-06-19T19:28:02	2881.88	-789.52	1160.03	-105.52	19.21	57.45
2023-06-19T19:28:04	2879.45	-779.47	1159.04	-105.70	19.00	57.86
2023-06-19T19:28:06	2877.02	-769.42	1158.05	-105.88	18.78	58.29
2023-06-19T19:28:08	2874.58	-759.37	1157.06	-106.07	18.54	58.71
2023-06-19T19:28:10	2872.13	-749.32	1156.06	-106.27	18.30	59.15
2023-06-19T19:28:12	2869.67	-739.26	1155.06	-106.57	18.08	59.51
2023-06-19T19:28:14	2867.20	-729.20	1154.06	-106.90	17.85	59.85
2023-06-19T19:28:16	2864.73	-719.14	1153.06	-107.24	17.61	60.20
2023-06-19T19:28:18	2862.25	-709.08	1152.05	-107.58	17.35	60.58
2023-06-19T19:28:20	2859.76	-699.02	1151.04	-107.93	17.08	60.97
2023-06-19T19:28:22	2857.26	-688.95	1150.03	-108.28	16.80	61.38
2023-06-19T19:28:24	2854.75	-678.88	1149.01	-108.60	16.68	61.93
2023-06-19T19:28:26	2852.24	-668.81	1147.99	-108.91	16.56	62.49
2023-06-19T19:28:28	2849.72	-658.74	1146.96	-109.20	16.44	63.08
2023-06-19T19:28:30	2847.19	-648.67	1145.94	-109.46	16.31	63.68
2023-06-19T19:28:32	2844.65	-638.59	1144.90	-109.70	16.18	64.30
2023-06-19T19:28:34	2842.11	-628.51	1143.87	-109.96	16.14	64.88
2023-06-19T19:28:36	2839.55	-618.44	1142.83	-110.29	16.29	65.30
2023-06-19T19:28:38	2836.99	-608.36	1141.79	-110.65	16.46	65.67
2023-06-19T19:28:40	2834.42	-598.27	1140.75	-111.02	16.64	65.98
2023-06-19T19:28:42	2831.84	-588.19	1139.70	-111.42	16.80	66.22
2023-06-19T19:28:44	2829.26	-578.10	1138.65	-111.83	16.93	66.42
2023-06-19T19:28:46	2826.66	-568.01	1137.60	-112.12	16.69	66.72
2023-06-19T19:28:48	2824.06	-557.92	1136.54	-112.32	16.28	67.10
2023-06-19T19:28:50	2821.45	-547.83	1135.48	-112.51	15.86	67.52
2023-06-19T19:28:52	2818.83	-537.74	1134.42	-112.69	15.45	67.98
2023-06-19T19:28:54	2816.20	-527.65	1133.35	-112.88	15.06	68.62
2023-06-19T19:28:56	2813.56	-517.55	1132.28	-113.15	14.69	69.34
2023-06-19T19:28:58	2810.92	-507.45	1131.20	-113.56	14.78	70.25
2023-06-19T19:29:00	2808.26	-497.35	1130.13	-114.04	14.87	71.14
2023-06-19T19:29:02	2805.60	-487.25	1129.04	-114.59	14.95	72.00
2023-06-19T19:29:04	2802.93	-477.15	1127.96	-115.19	15.03	72.82
2023-06-19T19:29:06	2800.25	-467.05	1126.87	-115.83	15.11	73.60
2023-06-19T19:29:08	2797.56	-456.94	1125.78	-116.32	15.11	74.14
2023-06-19T19:29:10	2794.87	-446.83	1124.68	-116.43	15.01	74.30
2023-06-19T19:29:12	2792.16	-436.72	1123.59	-116.50	14.91	74.48
2023-06-19T19:29:14	2789.45	-426.61	1122.48	-116.54	14.81	74.67
2023-06-19T19:29:16	2786.72	-416.50	1121.38	-116.56	14.71	74.90
2023-06-19T19:29:18	2783.99	-406.39	1120.27	-116.56	14.62	75.18
2023-06-19T19:29:20	2781.25	-396.28	1119.16	-116.88	14.52	75.82
2023-06-19T19:29:22	2778.50	-386.16	1118.04	-117.35	14.43	76.64
2023-06-19T19:29:24	2775.74	-376.05	1116.92	-117.84	14.36	77.50
2023-06-19T19:29:26	2772.98	-365.93	1115.80	-118.35	14.32	78.39
2023-06-19T19:29:28	2770.20	-355.81	1114.67	-118.88	14.31	79.31
2023-06-19T19:29:30	2767.42	-345.69	1113.54	-119.43	14.33	80.23
2023-06-19T19:29:32	2764.62	-335.57	1112.41	-119.47	14.31	80.28
2023-06-19T19:29:34	2761.82	-325.45	1111.27	-119.49	14.28	80.27
2023-06-19T19:29:36	2759.01	-315.33	1110.13	-119.33	14.23	80.20
2023-06-19T19:29:38	2756.19	-305.20	1108.98	-119.11	14.20	80.08
2023-06-19T19:29:40	2753.36	-295.08	1107.83	-118.84	14.18	79.92
2023-06-19T19:29:42	2750.52	-284.95	1106.68	-118.48	14.05	79.76
2023-06-19T19:29:44	2747.67	-274.82	1105.52	-118.09	13.74	79.69
2023-06-19T19:29:46	2744.81	-264.70	1104.36	-117.78	13.45	79.65
2023-06-19T19:29:48	2741.95	-254.57	1103.20	-117.58	13.19	79.64
2023-06-19T19:29:50	2739.07	-244.44	1102.03	-117.48	12.95	79.66
2023-06-19T19:29:52	2736.19	-234.31	1100.86	-117.48	12.74	79.73
2023-06-19T19:29:54	2733.29	-224.17	1099.69	-117.81	12.73	80.08
2023-06-19T19:29:56	2730.39	-214.04	1098.51	-118.22	12.79	80.55
2023-06-19T19:29:58	2727.48	-203.91	1097.32	-118.62	12.84	81.03
2023-06-19T19:30:00	2724.56	-193.78	1096.14	-119.01	12.88	81.54
2023-06-19T19:30:02	2721.62	-183.64	1094.95	-119.39	12.92	82.08
2023-06-19T19:30:04	2718.68	-173.51	1093.75	-119.73	12.97	82.63
2023-06-19T19:30:06	2715.73	-163.37	1092.56	-119.82	13.21	82.98
2023-06-19T19:30:08	2712.77	-153.24	1091.36	-119.92	13.46	83.31
2023-06-19T19:30:10	2709.81	-143.10	1090.15	-120.01	13.75	83.61
2023-06-19T19:30:12	2706.83	-132.96	1088.94	-120.11	14.07	83.87
2023-06-19T19:30:14	2703.84	-122.82	1087.73	-120.21	14.40	84.10
2023-06-19T19:30:16	2700.84	-112.69	1086.51	-120.25	14.55	84.51
2023-06-19T19:30:18	2697.83	-102.55	1085.29	-120.28	14.55	85.10
2023-06-19T19:30:20	2694.82	-92.41	1084.07	-120.34	14.54	85.70
2023-06-19T19:30:22	2691.79	-82.27	1082.84	-120.41	14.48	86.35
2023-06-19T19:30:24	2688.75	-72.13	1081.61	-120.51	14.39	87.01
2023-06-19T19:30:26	2685.71	-61.99	1080.37	-120.61	14.30	87.69
2023-06-19T19:30:28	2682.65	-51.85	1079.13	-120.79	14.14	88.26
2023-06-19T19:30:30	2679.59	-41.71	1077.88	-120.98	13.99	88.81
2023-06-19T19:30:32	2676.51	-31.57	1076.64	-121.18	13.85	89.33
2023-06-19T19:30:34	2673.43	-21.43	1075.39	-121.39	13.72	89.85
2023-06-19T19:30:36	2670.33	-11.29	1074.13	-121.60	13.60	90.36
2023-06-19T19:30:38	2667.23	-1.15	1072.87	-121.83	13.49	90.88
2023-06-19T19:30:40	2664.11	8.99	1071.60	-122.10	13.31	91.58
2023-06-19T19:30:42	2660.99	19.13	1070.34	-122.40	13.14	92.29
2023-06-19T19:30:44	2657.86	29.28	1069.07	-122.74	12.98	93.00
2023-06-19T19:30:46	2654.71	39.42	1067.79	-123.12	12.82	93.73
2023-06-19T19:30:48	2651.56	49.55	1066.51	-123.53	12.67	94.46
2023-06-19T19:30:50	2648.39	59.70	1065.23	-123.78	12.43	95.27
2023-06-19T19:30:52	2645.22	69.84	1063.94	-123.84	12.06	96.14
2023-06-19T19:30:54	2642.04	79.98	1062.65	-123.88	11.68	96.98
2023-06-19T19:30:56	2638.84	90.11	1061.35	-123.94	11.32	97.78
2023-06-19T19:30:58	2635.64	100.25	1060.05	-124.00	10.97	98.54
2023-06-19T19:31:00	2632.42	110.39	1058.75	-124.08	10.63	99.26
2023-06-19T19:31:02	2629.20	120.53	1057.44	-124.04	9.91	99.61
2023-06-19T19:31:04	2625.97	130.67	1056.12	-123.96	9.13	99.89
2023-06-19T19:31:06	2622.72	140.81	1054.81	-123.84	8.37	100.15
2023-06-19T19:31:08	2619.47	150.94	1053.49	-123.67	7.62	100.37
2023-06-19T19:31:10	2616.20	161.08	1052.16	-123.47	6.90	100.56
2023-06-19T19:31:12	2612.93	171.21	1050.83	-123.27	6.38	100.83
2023-06-19T19:31:14	2609.64	181.35	1049.50	-123.13	6.41	101.41
2023-06-19T19:31:16	2606.35	191.48	1048.17	-122.98	6.43	101.99
2023-06-19T19:31:18	2603.04	201.62	1046.82	-122.85	6.43	102.60
2023-06-19T19:31:20	2599.73	211.75	1045.48	-122.73	6.42	103.22
2023-06-19T19:31:22	2596.40	221.88	1044.13	-122.62	6.39	103.86
2023-06-19T19:31:24	2593.06	232.01	1042.78	-122.38	5.98	103.92
2023-06-19T19:31:26	2589.72	242.15	1041.42	-122.02	5.31	103.55
2023-06-19T19:31:28	2586.36	252.27	1040.05	-121.64	4.55	103.20
2023-06-19T19:31:30	2582.99	262.40	1038.69	-121.22	3.86	102.95
2023-06-19T19:31:32	2579.62	272.53	1037.32	-120.77	3.24	102.80
2023-06-19T19:31:34	2576.23	282.66	1035.94	-120.28	2.69	102.78
2023-06-19T19:31:36	2572.83	292.78	1034.56	-119.93	2.51	103.80
2023-06-19T19:31:38	2569.42	302.90	1033.18	-119.54	2.30	104.80
2023-06-19T19:31:40	2566.00	313.03	1031.80	-119.11	2.02	105.72
2023-06-19T19:31:42	2562.57	323.15	1030.40	-118.64	1.69	106.55
2023-06-19T19:31:44	2559.13	333.27	1029.01	-118.13	1.30	107.26
2023-06-19T19:31:46	2555.68	343.39	1027.61	-117.81	0.71	107.82
2023-06-19T19:31:48	2552.22	353.51	1026.21	-118.05	-0.23	108.27
2023-06-19T19:31:50	2548.75	363.62	1024.80	-118.42	-1.23	108.82
2023-06-19T19:31:52	2545.27	373.73	1023.38	-118.91	-2.26	109.44
2023-06-19T19:31:54	2541.77	383.85	1021.97	-119.52	-3.29	110.12
2023-06-19T19:31:56	2538.27	393.96	1020.55	-120.25	-4.34	110.85
2023-06-19T19:31:58	2534.75	404.07	1019.12	-120.56	-4.83	111.41
2023-06-19T19:32:00	2531.23	414.18	1017.69	-120.56	-5.03	111.88
2023-06-19T19:32:02	2527.70	424.28	1016.26	-120.46	-5.25	112.37
2023-06-19T19:32:04	2524.15	434.39	1014.82	-120.32	-5.48	112.85
2023-06-19T19:32:06	2520.60	444.49	1013.38	-120.16	-5.71	113.32
2023-06-19T19:32:08	2517.03	454.59	1011.93	-119.97	-5.95	113.77
2023-06-19T19:32:10	2513.45	464.69	1010.48	-118.84	-6.71	113.49
2023-06-19T19:32:12	2509.86	474.79	1009.02	-117.79	-7.45	113.28
2023-06-19T19:32:14	2506.27	484.88	1007.56	-116.84	-8.17	113.17
2023-06-19T19:32:16	2502.66	494.98	1006.10	-116.00	-8.86	113.14
2023-06-19T19:32:18	2499.04	505.07	1004.63	-115.29	-9.53	113.22
2023-06-19T19:32:20	2495.41	515.15	1003.16	-114.76	-10.17	113.74
2023-06-19T19:32:22	2491.76	525.24	1001.68	-114.32	-10.87	114.88
2023-06-19T19:32:24	2488.11	535.33	1000.20	-113.85	-11.71	115.97
2023-06-19T19:32:26	2484.45	545.41	998.72	-113.32	-12.70	116.98
2023-06-19T19:32:28	2480.78	555.49	997.23	-112.74	-13.82	117.92
2023-06-19T19:32:30	2477.09	565.57	995.73	-112.06	-15.08	118.77
2023-06-19T19:32:32	2473.40	575.64	994.24	-112.19	-15.76	119.46
2023-06-19T19:32:34	2469.69	585.71	992.73	-112.65	-16.15	120.08
2023-06-19T19:32:36	2465.98	595.78	991.23	-112.94	-16.62	120.70
2023-06-19T19:32:38	2462.25	605.85	989.72	-113.08	-17.16	121.29
2023-06-19T19:32:40	2458.51	615.91	988.20	-113.06	-17.79	121.86
2023-06-19T19:32:42	2454.76	625.97	986.68	-112.87	-18.52	122.40
2023-06-19T19:32:44	2451.01	636.03	985.15	-112.34	-19.10	122.16
2023-06-19T19:32:46	2447.24	646.09	983.63	-111.89	-19.62	121.92
2023-06-19T19:32:48	2443.46	656.14	982.10	-111.51	-20.10	121.71
2023-06-19T19:32:50	2439.67	666.19	980.56	-111.20	-20.55	121.52
2023-06-19T19:32:52	2435.86	676.24	979.02	-110.97	-20.96	121.39
2023-06-19T19:32:54	2432.05	686.29	977.47	-110.78	-21.48	121.67
2023-06-19T19:32:56	2428.23	696.33	975.92	-110.61	-22.29	122.94
2023-06-19T19:32:58	2424.40	706.37	974.37	-110.52	-23.10	124.36
2023-06-19T19:33:00	2420.55	716.40	972.81	-110.54	-23.90	125.95
2023-06-19T19:33:02	2416.70	726.43	971.24	-110.46	-24.55	127.54
2023-06-19T19:33:04	2412.83	736.47	969.68	-110.16	-25.00	128.97
2023-06-19T19:33:06	2408.95	746.49	968.10	-109.24	-25.18	129.26
2023-06-19T19:33:08	2405.06	756.51	966.53	-108.01	-25.25	128.84
2023-06-19T19:33:10	2401.16	766.53	964.95	-106.88	-25.38	128.40
2023-06-19T19:33:12	2397.26	776.55	963.36	-105.88	-25.56	127.97
2023-06-19T19:33:14	2393.34	786.56	961.77	-105.00	-25.77	127.56
2023-06-19T19:33:16	2389.41	796.57	960.18	-104.26	-26.02	127.16
2023-06-19T19:33:18	2385.47	806.57	958.58	-104.45	-26.51	127.13
2023-06-19T19:33:20	2381.51	816.58	956.98	-104.70	-27.01	127.11
2023-06-19T19:33:22	2377.55	826.57	955.37	-104.90	-27.49	127.03
2023-06-19T19:33:24	2373.58	836.57	953.76	-105.03	-27.94	126.91
2023-06-19T19:33:26	2369.59	846.56	952.15	-105.09	-28.35	126.73
2023-06-19T19:33:28	2365.60	856.54	950.53	-105.01	-28.72	126.65
2023-06-19T19:33:30	2361.60	866.53	948.90	-104.62	-29.14	127.35
2023-06-19T19:33:32	2357.58	876.51	947.28	-104.12	-29.65	128.44
2023-06-19T19:33:34	2353.55	886.48	945.64	-103.61	-30.23	129.54
2023-06-19T19:33:36	2349.52	896.45	944.01	-103.08	-30.89	130.62
2023-06-19T19:33:38	2345.47	906.42	942.37	-102.56	-31.61	131.68
2023-06-19T19:33:40	2341.41	916.38	940.72	-101.80	-32.12	132.20
2023-06-19T19:33:42	2337.34	926.34	939.07	-100.85	-32.26	132.09
2023-06-19T19:33:44	2333.26	936.29	937.42	-100.02	-32.36	131.98
2023-06-19T19:33:46	2329.17	946.24	935.76	-99.30	-32.44	131.89
2023-06-19T19:33:48	2325.07	956.19	934.10	-98.69	-32.48	131.83
2023-06-19T19:33:50	2320.96	966.13	932.43	-98.17	-32.47	131.80
2023-06-19T19:33:52	2316.84	976.07	930.76	-97.54	-32.71	132.20
2023-06-19T19:33:54	2312.70	986.00	929.09	-96.75	-33.08	132.67
2023-06-19T19:33:56	2308.56	995.93	927.40	-95.85	-33.47	133.03
2023-06-19T19:33:58	2304.41	1005.85	925.72	-94.82	-33.88	133.28
2023-06-19T19:34:00	2300.24	1015.77	924.04	-93.84	-34.34	133.68
2023-06-19T19:34:02	2296.07	1025.69	922.34	-92.84	-34.82	134.07
2023-06-19T19:34:04	2291.88	1035.60	920.65	-92.13	-35.16	134.39
2023-06-19T19:34:06	2287.69	1045.50	918.95	-91.44	-35.42	134.69
2023-06-19T19:34:08	2283.48	1055.40	917.24	-90.77	-35.63	134.98
2023-06-19T19:34:10	2279.26	1065.30	915.53	-90.11	-35.79	135.24
2023-06-19T19:34:12	2275.04	1075.19	913.82	-89.47	-35.91	135.49
2023-06-19T19:34:14	2270.80	1085.07	912.10	-88.93	-36.02	135.77
2023-06-19T19:34:16	2266.55	1094.95	910.38	-88.84	-36.42	136.30
2023-06-19T19:34:18	2262.29	1104.83	908.66	-88.69	-36.92	136.84
2023-06-19T19:34:20	2258.02	1114.70	906.93	-88.46	-37.52	137.39
2023-06-19T19:34:22	2253.75	1124.56	905.19	-88.16	-38.20	137.93
2023-06-19T19:34:24	2249.46	1134.42	903.45	-87.78	-38.96	138.46
2023-06-19T19:34:26	2245.16	1144.28	901.71	-87.44	-39.59	138.73
2023-06-19T19:34:28	2240.85	1154.13	899.96	-87.21	-39.85	138.57
2023-06-19T19:34:30	2236.53	1163.98	898.21	-86.87	-40.03	138.39
2023-06-19T19:34:32	2232.20	1173.81	896.46	-86.45	-40.14	138.19
2023-06-19T19:34:34	2227.86	1183.65	894.70	-85.92	-40.19	137.98
2023-06-19T19:34:36	2223.51	1193.47	892.94	-85.32	-40.17	137.77
2023-06-19T19:34:38	2219.15	1203.30	891.17	-84.42	-39.94	137.52
2023-06-19T19:34:40	2214.78	1213.12	889.40	-83.38	-39.58	137.30
2023-06-19T19:34:42	2210.40	1222.93	887.62	-82.40	-39.27	137.16
2023-06-19T19:34:44	2206.00	1232.73	885.84	-81.47	-39.02	137.11
2023-06-19T19:34:46	2201.60	1242.54	884.06	-80.61	-38.83	137.15
2023-06-19T19:34:48	2197.19	1252.33	882.27	-79.81	-38.71	137.29
2023-06-19T19:34:50	2192.77	1262.12	880.48	-79.23	-38.70	137.40
2023-06-19T19:34:52	2188.34	1271.90	878.69	-78.60	-38.72	137.35
2023-06-19T19:34:54	2183.90	1281.68	876.89	-77.95	-38.81	137.31
2023-06-19T19:34:56	2179.45	1291.45	875.08	-77.24	-38.85	137.25
2023-06-19T19:34:58	2174.99	1301.22	873.28	-76.48	-38.85	137.19
2023-06-19T19:35:00	2170.51	1310.98	871.46	-75.67	-38.82	137.15
2023-06-19T19:35:02	2166.03	1320.73	869.65	-75.48	-39.08	137.87
2023-06-19T19:35:04	2161.54	1330.48	867.83	-75.36	-39.43	138.65
2023-06-19T19:35:06	2157.04	1340.22	866.00	-75.17	-39.81	139.34
2023-06-19T19:35:08	2152.53	1349.96	864.18	-74.92	-40.23	139.92
2023-06-19T19:35:10	2148.01	1359.69	862.34	-74.58	-40.70	140.37
2023-06-19T19:35:12	2143.48	1369.41	860.51	-74.13	-41.22	140.69
2023-06-19T19:35:14	2138.94	1379.13	858.67	-73.34	-40.83	139.94
2023-06-19T19:35:16	2134.39	1388.84	856.83	-72.66	-40.38	139.12
2023-06-19T19:35:18	2129.83	1398.54	854.98	-72.07	-39.84	138.30
2023-06-19T19:35:20	2125.27	1408.24	853.13	-71.44	-39.25	137.55
2023-06-19T19:35:22	2120.69	1417.94	851.28	-70.76	-38.79	136.90
2023-06-19T19:35:24	2116.10	1427.62	849.42	-70.00	-38.51	136.44
2023-06-19T19:35:26	2111.50	1437.30	847.56	-69.01	-38.71	137.04
2023-06-19T19:35:28	2106.90	1446.97	845.69	-68.11	-38.74	137.50
2023-06-19T19:35:30	2102.28	1456.64	843.82	-67.30	-38.62	137.84
2023-06-19T19:35:32	2097.66	1466.30	841.94	-66.59	-38.36	138.08
2023-06-19T19:35:34	2093.02	1475.95	840.07	-65.97	-37.96	138.21
2023-06-19T19:35:36	2088.37	1485.60	838.18	-65.45	-37.57	138.21
2023-06-19T19:35:38	2083.72	1495.24	836.30	-65.04	-37.76	138.02
2023-06-19T19:35:40	2079.06	1504.87	834.41	-64.64	-37.98	137.82
2023-06-19T19:35:42	2074.39	1514.50	832.52	-64.23	-38.26	137.66
2023-06-19T19:35:44	2069.70	1524.12	830.62	-63.72	-38.63	137.73
2023-06-19T19:35:46	2065.01	1533.73	828.72	-63.22	-38.95	137.82
2023-06-19T19:35:48	2060.31	1543.34	826.82	-62.58	-39.02	137.99
2023-06-19T19:35:50	2055.60	1552.94	824.91	-61.52	-38.45	138.40
2023-06-19T19:35:52	2050.89	1562.53	823.00	-60.50	-37.89	138.73
2023-06-19T19:35:54	2046.16	1572.11	821.08	-59.48	-37.35	139.00
2023-06-19T19:35:56	2041.42	1581.69	819.16	-58.44	-36.83	139.22
2023-06-19T19:35:58	2036.68	1591.26	817.24	-57.36	-36.34	139.39
2023-06-19T19:36:00	2031.92	1600.83	815.32	-56.32	-36.00	139.40
2023-06-19T19:36:02	2027.16	1610.39	813.39	-55.55	-36.08	139.04
2023-06-19T19:36:04	2022.39	1619.94	811.46	-54.79	-36.18	138.72
2023-06-19T19:36:06	2017.61	1629.48	809.52	-54.06	-36.30	138.42
2023-06-19T19:36:08	2012.82	1639.02	807.58	-53.45	-36.34	137.88
2023-06-19T19:36:10	2008.02	1648.54	805.63	-52.84	-36.27	137.35
2023-06-19T19:36:12	2003.21	1658.07	803.69	-52.31	-36.06	136.84
2023-06-19T19:36:14	1998.39	1667.58	801.74	-51.89	-35.77	136.43
2023-06-19T19:36:16	1993.57	1677.09	799.78	-51.37	-35.53	136.02
2023-06-19T19:36:18	1988.74	1686.59	797.82	-50.75	-35.36	135.61
2023-06-19T19:36:20	1983.89	1696.08	795.86	-50.05	-35.28	135.23
2023-06-19T19:36:22	1979.04	1705.57	793.90	-49.28	-35.26	134.85
2023-06-19T19:36:24	1974.18	1715.04	791.93	-48.59	-35.28	134.48
2023-06-19T19:36:26	1969.32	1724.51	789.96	-48.40	-35.31	134.14
2023-06-19T19:36:28	1964.44	1733.98	787.98	-48.27	-35.39	133.91
2023-06-19T19:36:30	1959.56	1743.43	786.01	-48.22	-35.49	133.84
2023-06-19T19:36:32	1954.66	1752.88	784.02	-48.18	-35.59	133.90
2023-06-19T19:36:34	1949.76	1762.32	782.04	-48.00	-35.71	133.94
2023-06-19T19:36:36	1944.85	1771.75	780.05	-47.55	-35.73	133.89
2023-06-19T19:36:38	1939.93	1781.18	778.06	-46.49	-35.19	133.49
2023-06-19T19:36:40	1935.01	1790.60	776.06	-45.47	-34.56	133.04
2023-06-19T19:36:42	1930.07	1800.01	774.07	-44.51	-33.87	132.52
2023-06-19T19:36:44	1925.13	1809.41	772.06	-43.61	-33.10	131.96
2023-06-19T19:36:46	1920.18	1818.81	770.06	-42.78	-32.28	131.34
2023-06-19T19:36:48	1915.22	1828.20	768.05	-42.08	-31.50	130.74
2023-06-19T19:36:50	1910.26	1837.58	766.04	-41.71	-31.43	130.53
2023-06-19T19:36:52	1905.28	1846.95	764.02	-41.38	-31.38	130.28
2023-06-19T19:36:54	1900.30	1856.31	762.01	-40.90	-31.54	130.07
2023-06-19T19:36:56	1895.31	1865.67	759.99	-40.33	-31.66	129.89
2023-06-19T19:36:58	1890.31	1875.02	757.96	-39.74	-31.64	129.71
2023-06-19T19:37:00	1885.31	1884.36	755.94	-39.13	-31.50	129.51
2023-06-19T19:37:02	1880.29	1893.69	753.90	-38.39	-31.29	129.46
2023-06-19T19:37:04	1875.27	1903.02	751.87	-37.71	-31.19	129.41
2023-06-19T19:37:06	1870.24	1912.34	749.83	-37.09	-31.22	129.36
2023-06-19T19:37:08	1865.21	1921.65	747.80	-36.53	-31.37	129.32
2023-06-19T19:37:10	1860.16	1930.95	745.75	-36.03	-31.65	129.29
2023-06-19T19:37:12	1855.11	1940.24	743.71	-35.60	-32.06	129.27
2023-06-19T19:37:14	1850.05	1949.53	741.66	-35.37	-31.48	128.90
2023-06-19T19:37:16	1844.98	1958.81	739.61	-35.16	-30.52	128.23
2023-06-19T19:37:18	1839.91	1968.08	737.55	-34.78	-29.53	127.33
2023-06-19T19:37:20	1834.83	1977.34	735.49	-34.29	-28.71	126.55
2023-06-19T19:37:22	1829.74	1986.60	733.43	-33.72	-28.04	125.86
2023-06-19T19:37:24	1824.64	1995.84	731.37	-33.08	-27.53	125.24
2023-06-19T19:37:26	1819.54	2005.08	729.30	-32.39	-27.64	125.00
2023-06-19T19:37:28	1814.43	2014.32	727.23	-31.69	-27.83	124.78
2023-06-19T19:37:30	1809.31	2023.54	725.16	-30.97	-27.84	124.41
2023-06-19T19:37:32	1804.19	2032.75	723.09	-30.22	-27.67	123.90
2023-06-19T19:37:34	1799.05	2041.96	721.01	-29.42	-27.33	123.25
2023-06-19T19:37:36	1793.91	2051.16	718.93	-28.56	-26.80	122.49
2023-06-19T19:37:38	1788.77	2060.35	716.84	-27.78	-26.30	121.97
2023-06-19T19:37:40	1783.62	2069.53	714.76	-27.31	-26.06	122.10
2023-06-19T19:37:42	1778.46	2078.71	712.67	-26.81	-25.79	122.20
2023-06-19T19:37:44	1773.29	2087.87	710.57	-26.28	-25.51	122.26
2023-06-19T19:37:46	1768.11	2097.03	708.48	-25.72	-25.20	122.26
2023-06-19T19:37:48	1762.93	2106.18	706.38	-25.13	-24.89	122.17
2023-06-19T19:37:50	1757.74	2115.32	704.28	-24.65	-24.49	121.92
2023-06-19T19:37:52	1752.55	2124.46	702.18	-24.56	-23.92	121.36
2023-06-19T19:37:54	1747.35	2133.58	700.07	-24.46	-23.44	120.69
2023-06-19T19:37:56	1742.14	2142.70	697.96	-24.33	-23.04	119.91
2023-06-19T19:37:58	1736.93	2151.81	695.85	-24.16	-22.71	118.98
2023-06-19T19:38:00	1731.71	2160.91	693.74	-23.93	-22.47	117.95
2023-06-19T19:38:02	1726.48	2170.01	691.62	-23.68	-22.43	117.34
2023-06-19T19:38:04	1721.25	2179.09	689.50	-23.53	-22.12	117.15
2023-06-19T19:38:06	1716.01	2188.17	687.38	-23.35	-21.80	116.92
2023-06-19T19:38:08	1710.76	2197.24	685.26	-23.13	-21.48	116.66
2023-06-19T19:38:10	1705.51	2206.30	683.13	-22.86	-21.17	116.35
2023-06-19T19:38:12	1700.25	2215.35	681.00	-22.49	-20.86	116.06
2023-06-19T19:38:14	1694.98	2224.39	678.87	-22.02	-20.57	115.70
2023-06-19T19:38:16	1689.71	2233.43	676.73	-21.39	-20.27	115.66
2023-06-19T19:38:18	1684.43	2242.46	674.60	-20.77	-19.84	115.70
2023-06-19T19:38:20	1679.15	2251.48	672.46	-20.22	-19.27	115.65
2023-06-19T19:38:22	1673.86	2260.49	670.31	-19.73	-18.62	115.59
2023-06-19T19:38:24	1668.56	2269.49	668.17	-19.27	-18.09	115.67
2023-06-19T19:38:26	1663.26	2278.49	666.02	-18.76	-17.70	115.66
2023-06-19T19:38:28	1657.95	2287.47	663.88	-18.34	-17.38	115.45
2023-06-19T19:38:30	1652.64	2296.45	661.72	-18.21	-17.02	114.97
2023-06-19T19:38:32	1647.32	2305.42	659.57	-18.17	-16.64	114.52
2023-06-19T19:38:34	1641.99	2314.38	657.41	-18.21	-16.23	114.12
2023-06-19T19:38:36	1636.66	2323.34	655.25	-18.33	-15.81	113.78
2023-06-19T19:38:38	1631.32	2332.28	653.09	-18.54	-15.37	113.53
2023-06-19T19:38:40	1625.98	2341.22	650.93	-18.83	-14.91	113.36
2023-06-19T19:38:42	1620.63	2350.15	648.76	-18.93	-14.83	113.15
2023-06-19T19:38:44	1615.27	2359.07	646.60	-18.89	-14.76	112.73
2023-06-19T19:38:46	1609.91	2367.99	644.43	-18.71	-14.74	112.10
2023-06-19T19:38:48	1604.55	2376.89	642.25	-18.50	-14.68	111.34
2023-06-19T19:38:50	1599.18	2385.79	640.08	-18.30	-14.59	110.51
2023-06-19T19:38:52	1593.80	2394.67	637.90	-18.13	-14.49	109.63
2023-06-19T19:38:54	1588.42	2403.55	635.72	-17.74	-14.45	109.11
2023-06-19T19:38:56	1583.03	2412.43	633.54	-17.03	-14.44	108.96
2023-06-19T19:38:58	1577.64	2421.29	631.36	-16.22	-14.36	108.83
2023-06-19T19:39:00	1572.24	2430.14	629.17	-15.30	-14.20	108.71
2023-06-19T19:39:02	1566.83	2438.99	626.99	-14.24	-13.92	108.60
2023-06-19T19:39:04	1561.42	2447.83	624.80	-13.10	-13.46	108.40
2023-06-19T19:39:06	1556.01	2456.66	622.61	-12.44	-12.72	108.12
2023-06-19T19:39:08	1550.59	2465.48	620.41	-12.59	-12.39	108.16
2023-06-19T19:39:10	1545.17	2474.30	618.22	-12.69	-12.19	108.17
2023-06-19T19:39:12	1539.74	2483.10	616.02	-12.75	-12.10	108.15
2023-06-19T19:39:14	1534.30	2491.90	613.82	-12.77	-12.12	108.07
2023-06-19T19:39:16	1528.86	2500.69	611.62	-12.76	-12.24	107.92
2023-06-19T19:39:18	1523.42	2509.47	609.41	-12.71	-12.42	107.68
2023-06-19T19:39:20	1517.97	2518.24	607.21	-12.56	-12.28	106.98
2023-06-19T19:39:22	1512.51	2527.01	605.00	-12.35	-11.85	106.00
2023-06-19T19:39:24	1507.06	2535.77	602.78	-12.15	-11.42	105.06
2023-06-19T19:39:26	1501.59	2544.51	600.57	-11.95	-10.91	104.27
2023-06-19T19:39:28	1496.12	2553.26	598.36	-11.73	-10.29	103.65
2023-06-19T19:39:30	1490.65	2561.99	596.15	-11.45	-9.74	103.00
2023-06-19T19:39:32	1485.17	2570.71	593.93	-11.10	-9.28	102.29
2023-06-19T19:39:34	1479.69	2579.43	591.71	-10.46	-8.92	101.82
2023-06-19T19:39:36	1474.20	2588.13	589.49	-9.81	-8.65	101.35
2023-06-19T19:39:38	1468.71	2596.84	587.26	-9.15	-8.47	100.91
2023-06-19T19:39:40	1463.21	2605.53	585.04	-8.52	-8.37	100.48
2023-06-19T19:39:42	1457.71	2614.21	582.81	-7.91	-8.36	100.08
2023-06-19T19:39:44	1452.20	2622.89	580.58	-7.34	-8.46	99.72
2023-06-19T19:39:46	1446.69	2631.55	578.35	-7.17	-8.65	99.27
2023-06-19T19:39:48	1441.18	2640.21	576.12	-7.68	-8.81	98.81
2023-06-19T19:39:50	1435.66	2648.86	573.88	-8.18	-8.95	98.38
2023-06-19T19:39:52	1430.14	2657.51	571.65	-8.65	-9.05	97.98
2023-06-19T19:39:54	1424.61	2666.14	569.41	-9.09	-9.08	97.61
2023-06-19T19:39:56	1419.07	2674.77	567.17	-9.41	-8.92	97.31
2023-06-19T19:39:58	1413.54	2683.39	564.93	-9.59	-8.68	97.08
2023-06-19T19:40:00	1408.00	2692.00	562.69	-9.11	-8.34	96.37
2023-06-19T19:40:02	1402.45	2700.60	560.44	-8.55	-8.11	95.60
2023-06-19T19:40:04	1396.90	2709.20	558.20	-8.04	-8.04	94.91
2023-06-19T19:40:06	1391.35	2717.78	555.95	-7.57	-8.10	94.31
2023-06-19T19:40:08	1385.80	2726.36	553.70	-6.99	-7.87	93.86
2023-06-19T19:40:10	1380.23	2734.93	551.45	-6.48	-7.34	93.50
2023-06-19T19:40:12	1374.67	2743.50	549.20	-6.18	-6.75	93.23
2023-06-19T19:40:14	1369.10	2752.05	546.94	-6.27	-6.09	93.14
2023-06-19T19:40:16	1363.53	2760.60	544.69	-6.38	-5.46	92.99
2023-06-19T19:40:18	1357.95	2769.14	542.43	-6.50	-4.87	92.77
2023-06-19T19:40:20	1352.37	2777.67	540.17	-6.61	-4.35	92.50
2023-06-19T19:40:22	1346.78	2786.19	537.91	-6.69	-3.89	92.19
2023-06-19T19:40:24	1341.20	2794.71	535.65	-6.71	-3.51	91.86
2023-06-19T19:40:26	1335.60	2803.22	533.38	-6.49	-3.20	91.28
2023-06-19T19:40:28	1330.01	2811.72	531.12	-6.00	-2.91	90.35
2023-06-19T19:40:30	1324.41	2820.21	528.85	-5.57	-2.62	89.54
2023-06-19T19:40:32	1318.81	2828.69	526.58	-5.27	-2.25	88.94
2023-06-19T19:40:34	1313.20	2837.17	524.31	-5.13	-1.82	88.59
2023-06-19T19:40:36	1307.59	2845.64	522.04	-5.13	-1.33	88.48
2023-06-19T19:40:38	1301.98	2854.09	519.77	-5.29	-0.77	88.65
2023-06-19T19:40:40	1296.36	2862.55	517.50	-5.28	-0.57	89.27
2023-06-19T19:40:42	1290.74	2870.99	515.22	-5.14	-0.47	89.86
2023-06-19T19:40:44	1285.11	2879.43	512.94	-4.93	-0.31	90.25
2023-06-19T19:40:46	1279.48	2887.86	510.67	-4.61	-0.13	90.43
2023-06-19T19:40:48	1273.85	2896.28	508.39	-4.22	-0.04	90.25
2023-06-19T19:40:50	1268.22	2904.70	506.10	-3.72	-0.23	89.39
2023-06-19T19:40:52	1262.58	2913.10	503.82	-3.29	-0.32	88.52
2023-06-19T19:40:54	1256.94	2921.50	501.54	-3.03	-0.18	87.14
2023-06-19T19:40:56	1251.30	2929.89	499.26	-2.93	0.01	85.93
2023-06-19T19:40:58	1245.65	2938.27	496.97	-2.98	0.24	84.95
2023-06-19T19:41:00	1240.00	2946.65	494.68	-3.18	0.50	84.20
2023-06-19T19:41:02	1234.34	2955.02	492.39	-3.53	0.78	83.69
2023-06-19T19:41:04	1228.69	2963.38	490.10	-4.02	1.07	83.42
2023-06-19T19:41:06	1223.03	2971.73	487.81	-4.63	1.37	83.47
2023-06-19T19:41:08	1217.36	2980.08	485.52	-5.08	1.71	83.99
2023-06-19T19:41:10	1211.69	2988.41	483.22	-5.15	2.00	83.86
2023-06-19T19:41:12	1206.03	2996.74	480.93	-5.05	2.31	83.48
2023-06-19T19:41:14	1200.35	3005.06	478.64	-4.79	2.63	82.85
2023-06-19T19:41:16	1194.68	3013.38	476.34	-4.35	2.95	82.02
2023-06-19T19:41:18	1189.00	3021.69	474.04	-3.76	3.27	81.00
2023-06-19T19:41:20	1183.32	3029.99	471.74	-3.09	3.45	79.86
2023-06-19T19:41:22	1177.63	3038.28	469.44	-2.73	3.22	78.96
2023-06-19T19:41:24	1171.94	3046.56	467.14	-2.42	3.00	78.21
2023-06-19T19:41:26	1166.25	3054.84	464.83	-2.20	2.79	77.62
2023-06-19T19:41:28	1160.56	3063.11	462.53	-2.06	2.60	77.18
2023-06-19T19:41:30	1154.87	3071.37	460.22	-2.09	2.56	77.21
2023-06-19T19:41:32	1149.17	3079.63	457.92	-2.21	2.56	77.28
2023-06-19T19:41:34	1143.47	3087.88	455.61	-2.23	2.59	77.27
2023-06-19T19:41:36	1137.76	3096.12	453.30	-1.94	2.54	77.05
2023-06-19T19:41:38	1132.06	3104.35	450.99	-1.69	2.44	76.77
2023-06-19T19:41:40	1126.35	3112.57	448.68	-1.46	2.31	76.40
2023-06-19T19:41:42	1120.64	3120.79	446.37	-1.26	2.16	75.94
2023-06-19T19:41:44	1114.92	3129.00	444.06	-1.11	1.98	75.43
2023-06-19T19:41:46	1109.20	3137.21	441.74	-1.02	1.78	74.86
2023-06-19T19:41:48	1103.48	3145.40	439.42	-0.95	1.74	74.47
2023-06-19T19:41:50	1097.76	3153.59	437.11	-0.87	2.25	74.69
2023-06-19T19:41:52	1092.04	3161.77	434.79	-0.69	2.73	74.83
2023-06-19T19:41:54	1086.31	3169.95	432.47	-0.40	3.17	74.89
2023-06-19T19:41:56	1080.58	3178.12	430.15	-0.01	3.57	74.88
2023-06-19T19:41:58	1074.85	3186.28	427.83	0.49	3.95	74.79
2023-06-19T19:42:00	1069.11	3194.43	425.51	1.11	4.32	74.65
2023-06-19T19:42:02	1063.38	3202.58	423.19	1.64	4.78	74.50
2023-06-19T19:42:04	1057.64	3210.71	420.87	1.91	5.44	74.47
2023-06-19T19:42:06	1051.90	3218.85	418.55	2.19	6.18	74.50
2023-06-19T19:42:08	1046.15	3226.97	416.22	2.45	6.98	74.62
2023-06-19T19:42:10	1040.41	3235.09	413.89	2.35	7.27	74.54
2023-06-19T19:42:12	1034.66	3243.20	411.57	2.09	7.42	74.57
2023-06-19T19:42:14	1028.91	3251.30	409.24	1.68	7.45	74.77
2023-06-19T19:42:16	1023.16	3259.40	406.91	1.18	7.24	74.96
2023-06-19T19:42:18	1017.40	3267.49	404.58	0.86	6.82	74.71
2023-06-19T19:42:20	1011.64	3275.57	402.25	0.63	6.55	74.41
2023-06-19T19:42:22	1005.89	3283.64	399.92	0.49	6.44	74.04
2023-06-19T19:42:24	1000.12	3291.71	397.59	0.42	6.47	73.61
2023-06-19T19:42:26	994.36	3299.77	395.26	0.51	6.63	73.02
2023-06-19T19:42:28	988.59	3307.83	392.92	0.65	6.91	72.37
2023-06-19T19:42:30	982.83	3315.87	390.59	0.75	7.14	71.83
2023-06-19T19:42:32	977.06	3323.91	388.25	0.72	7.12	71.67
2023-06-19T19:42:34	971.29	3331.95	385.92	0.75	7.17	71.38
2023-06-19T19:42:36	965.51	3339.97	383.58	0.86	7.25	70.98
2023-06-19T19:42:38	959.74	3347.99	381.24	1.03	7.36	70.47
2023-06-19T19:42:40	953.96	3356.01	378.91	1.27	7.49	69.85
2023-06-19T19:42:42	948.18	3364.01	376.57	1.58	7.62	69.13
2023-06-19T19:42:44	942.40	3372.01	374.22	1.93	7.76	68.40
2023-06-19T19:42:46	936.62	3380.00	371.88	2.03	8.03	68.25
2023-06-19T19:42:48	930.83	3387.99	369.54	2.02	8.29	68.13
2023-06-19T19:42:50	925.05	3395.97	367.20	1.92	8.44	68.42
2023-06-19T19:42:52	919.26	3403.94	364.86	1.78	8.55	68.69
2023-06-19T19:42:54	913.47	3411.91	362.51	1.62	8.61	68.93
2023-06-19T19:42:56	907.68	3419.86	360.17	1.43	8.61	69.11
2023-06-19T19:42:58	901.88	3427.82	357.82	1.24	8.52	69.21
2023-06-19T19:43:00	896.09	3435.76	355.48	1.20	8.30	69.05
2023-06-19T19:43:02	890.29	3443.70	353.13	1.16	8.08	68.77
2023-06-19T19:43:04	884.49	3451.64	350.78	1.11	7.86	68.39
2023-06-19T19:43:06	878.69	3459.56	348.44	1.04	7.67	67.89
2023-06-19T19:43:08	872.89	3467.48	346.09	1.05	7.61	67.39
2023-06-19T19:43:10	867.08	3475.39	343.74	1.28	7.87	67.25
2023-06-19T19:43:12	861.28	3483.30	341.39	1.55	8.15	67.24
2023-06-19T19:43:14	855.47	3491.20	339.04	1.98	8.52	67.66
2023-06-19T19:43:16	849.66	3499.09	336.69	2.42	8.90	68.13
2023-06-19T19:43:18	843.85	3506.98	334.34	2.78	9.24	68.50
2023-06-19T19:43:20	838.04	3514.86	331.98	3.09	9.54	68.82
2023-06-19T19:43:22	832.23	3522.73	329.63	3.34	9.80	69.08
2023-06-19T19:43:24	826.41	3530.60	327.28	3.54	10.01	69.32
2023-06-19T19:43:26	820.60	3538.46	324.92	3.70	10.18	69.54
2023-06-19T19:43:28	814.78	3546.31	322.57	3.71	10.23	69.37
2023-06-19T19:43:30	808.96	3554.16	320.21	3.64	10.22	68.70
2023-06-19T19:43:32	803.14	3562.00	317.86	3.66	10.24	68.00
2023-06-19T19:43:34	797.32	3569.84	315.50	3.75	10.29	67.28
2023-06-19T19:43:36	791.49	3577.67	313.14	3.89	10.35	66.52
2023-06-19T19:43:38	785.67	3585.49	310.79	4.06	10.44	65.71
2023-06-19T19:43:40	779.84	3593.31	308.43	4.25	10.55	64.86
2023-06-19T19:43:42	774.02	3601.11	306.07	4.45	10.68	64.08
2023-06-19T19:43:44	768.19	3608.92	303.71	4.71	10.82	64.03
2023-06-19T19:43:46	762.36	3616.71	301.35	4.91	10.99	64.00
2023-06-19T19:43:48	756.53	3624.51	298.99	5.06	11.09	64.27
2023-06-19T19:43:50	750.70	3632.29	296.63	5.21	11.17	64.69
2023-06-19T19:43:52	744.86	3640.07	294.27	5.37	11.29	65.09
2023-06-19T19:43:54	739.03	3647.84	291.91	5.59	11.46	65.47
2023-06-19T19:43:56	733.19	3655.61	289.55	5.86	11.69	65.84
2023-06-19T19:43:58	727.35	3663.37	287.18	6.20	11.77	65.91
2023-06-19T19:44:00	721.52	3671.12	284.82	6.50	11.79	65.84
2023-06-19T19:44:02	715.68	3678.87	282.45	6.73	11.78	65.66
2023-06-19T19:44:04	709.84	3686.62	280.09	6.91	11.75	65.37
2023-06-19T19:44:06	703.99	3694.35	277.73	7.01	11.73	65.00
2023-06-19T19:44:08	698.15	3702.08	275.36	7.22	11.68	64.20
2023-06-19T19:44:10	692.31	3709.81	272.99	7.43	11.56	63.29
2023-06-19T19:44:12	686.46	3717.52	270.63	7.62	11.32	62.58
2023-06-19T19:44:14	680.61	3725.23	268.26	7.80	10.98	62.26
2023-06-19T19:44:16	674.77	3732.94	265.90	7.93	10.68	62.02
2023-06-19T19:44:18	668.92	3740.64	263.53	8.01	10.42	61.86
2023-06-19T19:44:20	663.07	3748.34	261.16	8.06	10.20	61.75
2023-06-19T19:44:22	657.22	3756.02	258.79	8.09	10.02	61.70
2023-06-19T19:44:24	651.37	3763.70	256.42	8.10	9.90	61.70
2023-06-19T19:44:26	645.51	3771.38	254.06	8.12	9.82	61.75
2023-06-19T19:44:28	639.66	3779.05	251.69	8.75	9.73	61.66
2023-06-19T19:44:30	633.81	3786.72	249.32	9.38	9.64	61.54
2023-06-19T19:44:32	627.95	3794.38	246.95	10.01	9.54	61.41
2023-06-19T19:44:34	622.10	3802.03	244.58	10.66	9.46	61.31
2023-06-19T19:44:36	616.24	3809.68	242.20	11.33	9.41	61.24
2023-06-19T19:44:38	610.38	3817.32	239.83	12.02	9.39	61.22
2023-06-19T19:44:40	604.52	3824.95	237.46	12.75	9.42	61.29
2023-06-19T19:44:42	598.66	3832.58	235.09	13.07	9.48	61.45
2023-06-19T19:44:44	592.80	3840.21	232.72	12.95	9.57	61.71
2023-06-19T19:44:46	586.94	3847.82	230.35	12.63	9.71	62.01
2023-06-19T19:44:48	581.08	3855.44	227.97	11.95	9.85	62.19
2023-06-19T19:44:50	575.21	3863.04	225.60	11.35	9.94	62.29
2023-06-19T19:44:52	569.35	3870.65	223.23	10.79	9.95	62.21
2023-06-19T19:44:54	563.48	3878.24	220.85	10.34	9.86	62.04
2023-06-19T19:44:56	557.62	3885.83	218.48	10.00	9.68	61.78
2023-06-19T19:44:58	551.75	3893.42	216.10	9.84	9.76	60.75
2023-06-19T19:45:00	545.88	3901.00	213.73	9.66	9.88	59.90
2023-06-19T19:45:02	540.02	3908.57	211.35	9.45	10.05	59.24
2023-06-19T19:45:04	534.15	3916.14	208.98	9.22	10.26	58.79
2023-06-19T19:45:06	528.28	3923.70	206.60	8.95	10.61	58.54
2023-06-19T19:45:08	522.41	3931.26	204.22	8.62	10.99	58.47
2023-06-19T19:45:10	516.54	3938.81	201.85	8.25	11.32	58.58
2023-06-19T19:45:12	510.67	3946.35	199.47	7.67	11.37	58.54
2023-06-19T19:45:14	504.79	3953.89	197.09	6.85	11.05	58.07
2023-06-19T19:45:16	498.92	3961.43	194.72	5.99	10.65	57.47
2023-06-19T19:45:18	493.05	3968.96	192.34	5.10	10.15	56.74
2023-06-19T19:45:20	487.17	3976.48	189.96	4.19	9.55	55.88
2023-06-19T19:45:22	481.30	3984.00	187.58	3.25	8.85	54.89
2023-06-19T19:45:24	475.42	3991.51	185.21	2.30	8.05	53.75
2023-06-19T19:45:26	469.55	3999.02	182.83	1.30	7.42	52.03
2023-06-19T19:45:28	463.67	4006.52	180.45	0.79	7.39	49.76
2023-06-19T19:45:30	457.80	4014.02	178.07	0.39	7.45	47.58
2023-06-19T19:45:32	451.92	4021.51	175.69	0.02	7.50	45.57
2023-06-19T19:45:34	446.04	4029.00	173.31	-0.31	7.56	43.72
2023-06-19T19:45:36	440.16	4036.48	170.93	-0.60	7.61	42.02
2023-06-19T19:45:38	434.28	4043.96	168.55	-0.84	7.68	40.48
2023-06-19T19:45:40	428.40	4051.43	166.17	-1.04	7.64	39.11
2023-06-19T19:45:42	422.52	4058.89	163.79	-1.24	7.58	37.91
2023-06-19T19:45:44	416.64	4066.35	161.41	-1.41	7.31	37.01
2023-06-19T19:45:46	410.76	4073.81	159.03	-1.54	6.92	35.98
2023-06-19T19:45:48	404.88	4081.26	156.65	-1.65	6.60	34.82
2023-06-19T19:45:50	398.99	4088.70	154.27	-1.74	6.34	33.54
2023-06-19T19:45:52	393.11	4096.14	151.89	-1.84	6.15	32.18
2023-06-19T19:45:54	387.23	4103.58	149.50	-1.94	6.04	30.73
2023-06-19T19:45:56	381.34	4111.01	147.12	-2.06	6.02	29.23
2023-06-19T19:45:58	375.46	4118.43	144.74	-2.15	6.04	28.09
2023-06-19T19:46:00	369.57	4125.85	142.36	-2.18	6.04	27.38
2023-06-19T19:46:02	363.69	4133.26	139.98	-2.18	6.07	26.75
2023-06-19T19:46:04	357.80	4140.67	137.59	-2.19	6.06	26.19
2023-06-19T19:46:06	351.92	4148.08	135.21	-2.26	5.95	25.66
2023-06-19T19:46:08	346.03	4155.48	132.83	-2.38	5.84	25.06
2023-06-19T19:46:10	340.14	4162.87	130.44	-2.52	5.74	24.39
2023-06-19T19:46:12	334.26	4170.26	128.06	-2.70	5.66	23.66
2023-06-19T19:46:14	328.37	4177.64	125.68	-2.78	5.54	22.92
2023-06-19T19:46:16	322.48	4185.02	123.29	-2.81	5.38	22.18
2023-06-19T19:46:18	316.59	4192.39	120.91	-2.81	5.21	21.41
2023-06-19T19:46:20	310.70	4199.76	118.53	-2.78	5.03	20.59
2023-06-19T19:46:22	304.82	4207.13	116.14	-2.71	4.84	19.72
2023-06-19T19:46:24	298.93	4214.49	113.76	-2.54	4.74	18.81
2023-06-19T19:46:26	293.04	4221.84	111.37	-2.32	4.74	17.90
2023-06-19T19:46:28	287.15	4229.19	108.99	-2.13	4.74	17.07
2023-06-19T19:46:30	281.26	4236.54	106.61	-2.16	4.74	16.39
2023-06-19T19:46:32	275.37	4243.87	104.22	-2.20	4.72	15.75
2023-06-19T19:46:34	269.48	4251.21	101.84	-2.25	4.69	15.12
2023-06-19T19:46:36	263.59	4258.54	99.45	-2.31	4.64	14.51
2023-06-19T19:46:38	257.69	4265.86	97.07	-2.37	4.58	13.91
2023-06-19T19:46:40	251.80	4273.18	94.68	-2.43	4.52	13.32
2023-06-19T19:46:42	245.91	4280.50	92.30	-2.49	4.45	12.74
2023-06-19T19:46:44	240.02	4287.81	89.91	-2.55	4.34	11.98
2023-06-19T19:46:46	234.13	4295.12	87.53	-2.60	4.29	11.05
2023-06-19T19:46:48	228.24	4302.42	85.14	-2.64	4.23	10.14
2023-06-19T19:46:50	222.34	4309.72	82.76	-2.68	4.17	9.24
2023-06-19T19:46:52	216.45	4317.01	80.37	-2.74	4.10	8.35
2023-06-19T19:46:54	210.55	4324.29	77.98	-2.80	4.02	7.48
2023-06-19T19:46:56	204.66	4331.58	75.60	-2.90	3.94	6.63
2023-06-19T19:46:58	198.77	4338.85	73.21	-3.03	3.86	5.78
2023-06-19T19:47:00	192.88	4346.13	70.83	-3.16	3.81	5.02
2023-06-19T19:47:02	186.98	4353.40	68.44	-3.25	3.77	4.38
2023-06-19T19:47:04	181.09	4360.66	66.05	-3.29	3.73	3.80
2023-06-19T19:47:06	175.19	4367.92	63.67	-3.33	3.67	3.24
2023-06-19T19:47:08	169.30	4375.18	61.28	-3.36	3.62	2.68
2023-06-19T19:47:10	163.40	4382.43	58.90	-3.38	3.57	2.13
2023-06-19T19:47:12	157.51	4389.67	56.51	-3.39	3.53	1.59
2023-06-19T19:47:14	151.62	4396.91	54.12	-3.38	3.49	1.05
2023-06-19T19:47:16	145.72	4404.15	51.74	-3.42	3.47	0.53
2023-06-19T19:47:18	139.83	4411.38	49.35	-3.50	3.44	0.04
2023-06-19T19:47:20	133.93	4418.61	46.96	-3.59	3.38	-0.43
2023-06-19T19:47:22	128.04	4425.83	44.58	-3.70	3.30	-0.97
2023-06-19T19:47:24	122.14	4433.05	42.19	-3.85	3.21	-1.56
2023-06-19T19:47:26	116.25	4440.27	39.80	-3.98	3.11	-2.15
2023-06-19T19:47:28	110.35	4447.48	37.42	-4.11	2.99	-2.73
2023-06-19T19:47:30	104.45	4454.68	35.03	-4.24	2.85	-3.30
2023-06-19T19:47:32	98.56	4461.88	32.64	-4.37	2.76	-3.82
2023-06-19T19:47:34	92.66	4469.08	30.26	-4.47	2.70	-4.26
2023-06-19T19:47:36	86.77	4476.27	27.87	-4.55	2.64	-4.67
2023-06-19T19:47:38	80.87	4483.46	25.48	-4.62	2.58	-5.03
2023-06-19T19:47:40	74.98	4490.64	23.10	-4.68	2.53	-5.35
2023-06-19T19:47:42	69.08	4497.83	20.71	-4.77	2.56	-5.68
2023-06-19T19:47:44	63.18	4505.00	18.32	-4.88	2.62	-6.00
2023-06-19T19:47:46	57.29	4512.17	15.94	-4.99	2.70	-6.33
2023-06-19T19:47:48	51.39	4519.34	13.55	-5.14	2.75	-6.65
2023-06-19T19:47:50	45.50	4526.50	11.16	-5.31	2.75	-6.98
2023-06-19T19:47:52	39.60	4533.65	8.77	-5.45	2.73	-7.31
2023-06-19T19:47:54	33.71	4540.81	6.39	-5.57	2.69	-7.63
2023-06-19T19:47:56	27.81	4547.96	4.00	-5.67	2.61	-7.96
2023-06-19T19:47:58	21.91	4555.10	1.61	-5.76	2.50	-8.29
2023-06-19T19:48:00	16.02	4562.24	-0.77	-5.83	2.37	-8.61
2023-06-19T19:48:02	10.12	4569.38	-3.16	-5.97	2.23	-8.93
2023-06-19T19:48:04	4.23	4576.51	-5.55	-6.07	2.11	-9.18
2023-06-19T19:48:06	-1.67	4583.64	-7.93	-6.15	2.01	-9.38
2023-06-19T19:48:08	-7.57	4590.76	-10.32	-6.21	1.90	-9.59
2023-06-19T19:48:10	-13.46	4597.88	-12.71	-6.25	1.78	-9.80
2023-06-19T19:48:12	-19.36	4605.00	-15.10	-6.28	1.66	-10.02
2023-06-19T19:48:14	-25.25	4612.11	-17.49	-6.29	1.55	-10.26
2023-06-19T19:48:16	-31.15	4619.22	-19.87	-6.30	1.43	-10.52
2023-06-19T19:48:18	-37.04	4626.32	-22.26	-6.30	1.33	-10.81
2023-06-19T19:48:20	-42.94	4633.42	-24.64	-6.30	1.33	-11.04
2023-06-19T19:48:22	-48.83	4640.52	-27.03	-6.27	1.40	-11.18
2023-06-19T19:48:24	-54.73	4647.61	-29.42	-6.22	1.45	-11.32
2023-06-19T19:48:26	-60.63	4654.70	-31.81	-6.16	1.49	-11.47
2023-06-19T19:48:28	-66.52	4661.78	-34.19	-6.09	1.50	-11.63
2023-06-19T19:48:30	-72.42	4668.86	-36.58	-6.01	1.50	-11.82
2023-06-19T19:48:32	-78.31	4675.93	-38.96	-5.94	1.47	-12.04
2023-06-19T19:48:34	-84.21	4683.00	-41.35	-5.87	1.42	-12.29
2023-06-19T19:48:36	-90.10	4690.07	-43.74	-5.81	1.38	-12.60
2023-06-19T19:48:38	-96.00	4697.13	-46.13	-5.76	1.36	-12.93
2023-06-19T19:48:40	-101.89	4704.19	-48.51	-5.81	1.30	-13.17
2023-06-19T19:48:42	-107.78	4711.25	-50.90	-5.91	1.22	-13.34
2023-06-19T19:48:44	-113.68	4718.30	-53.28	-6.04	1.15	-13.49
2023-06-19T19:48:46	-119.57	4725.35	-55.67	-6.21	1.09	-13.61
2023-06-19T19:48:48	-125.47	4732.39	-58.06	-6.42	1.03	-13.71
2023-06-19T19:48:50	-131.36	4739.43	-60.45	-6.69	0.99	-13.78
2023-06-19T19:48:52	-137.25	4746.47	-62.83	-6.86	0.98	-13.77
2023-06-19T19:48:54	-143.15	4753.50	-65.22	-6.88	0.97	-13.69
2023-06-19T19:48:56	-149.04	4760.53	-67.61	-6.85	0.97	-13.65
2023-06-19T19:48:58	-154.94	4767.55	-69.99	-6.78	0.97	-13.65
2023-06-19T19:49:00	-160.83	4774.57	-72.38	-6.68	1.02	-13.52
2023-06-19T19:49:02	-166.72	4781.59	-74.76	-6.56	1.09	-13.43
2023-06-19T19:49:04	-172.62	4788.60	-77.15	-6.44	1.17	-13.35
2023-06-19T19:49:06	-178.51	4795.61	-79.53	-6.32	1.26	-13.29
2023-06-19T19:49:08	-184.40	4802.61	-81.92	-6.25	1.34	-13.22
2023-06-19T19:49:10	-190.29	4809.61	-84.31	-6.39	1.35	-13.16
2023-06-19T19:49:12	-196.18	4816.61	-86.69	-6.58	1.34	-13.10
2023-06-19T19:49:14	-202.08	4823.60	-89.08	-6.82	1.31	-13.03
2023-06-19T19:49:16	-207.97	4830.59	-91.46	-7.11	1.26	-12.95
2023-06-19T19:49:18	-213.86	4837.58	-93.85	-7.49	1.16	-12.87
2023-06-19T19:49:20	-219.75	4844.56	-96.23	-7.98	0.94	-12.78
2023-06-19T19:49:22	-225.64	4851.54	-98.62	-8.49	0.71	-12.65
2023-06-19T19:49:24	-231.53	4858.52	-101.00	-8.99	0.48	-12.50
2023-06-19T19:49:26	-237.42	4865.49	-103.39	-9.30	0.40	-12.32
2023-06-19T19:49:28	-243.31	4872.46	-105.77	-9.55	0.35	-12.15
2023-06-19T19:49:30	-249.20	4879.42	-108.16	-9.74	0.34	-11.97
2023-06-19T19:49:32	-255.09	4886.38	-110.54	-9.86	0.35	-11.79
2023-06-19T19:49:34	-260.98	4893.34	-112.93	-9.91	0.39	-11.59
2023-06-19T19:49:36	-266.88	4900.29	-115.31	-9.88	0.44	-11.38
2023-06-19T19:49:38	-272.77	4907.24	-117.70	-9.77	0.52	-11.29
2023-06-19T19:49:40	-278.65	4914.18	-120.08	-9.66	0.55	-11.31
2023-06-19T19:49:42	-284.54	4921.13	-122.47	-9.60	0.40	-11.32
2023-06-19T19:49:44	-290.43	4928.06	-124.85	-9.59	0.25	-11.34
2023-06-19T19:49:46	-296.32	4935.00	-127.24	-9.60	0.13	-11.35
2023-06-19T19:49:48	-302.21	4941.93	-129.62	-9.64	0.04	-11.35
2023-06-19T19:49:50	-308.10	4948.86	-132.01	-9.70	-0.03	-11.36
2023-06-19T19:49:52	-313.98	4955.78	-134.39	-9.79	-0.07	-11.35
2023-06-19T19:49:54	-319.87	4962.70	-136.77	-9.91	-0.09	-11.35
2023-06-19T19:49:56	-325.76	4969.62	-139.16	-10.04	-0.09	-11.33
2023-06-19T19:49:58	-331.64	4976.54	-141.54	-10.17	-0.07	-11.14
2023-06-19T19:50:00	-337.53	4983.44	-143.93	-10.29	-0.04	-10.90
2023-06-19T19:50:02	-343.42	4990.35	-146.31	-10.40	0.03	-10.72
2023-06-19T19:50:04	-349.30	4997.25	-148.69	-10.49	0.14	-10.58
2023-06-19T19:50:06	-355.19	5004.15	-151.08	-10.57	0.30	-10.49
2023-06-19T19:50:08	-361.08	5011.05	-153.46	-10.64	0.51	-10.44
2023-06-19T19:50:10	-366.96	5017.94	-155.84	-10.70	0.77	-10.41
2023-06-19T19:50:12	-372.85	5024.83	-158.23	-10.75	1.07	-10.41
2023-06-19T19:50:14	-378.73	5031.72	-160.61	-10.78	1.36	-10.39
2023-06-19T19:50:16	-384.61	5038.60	-162.99	-10.82	1.51	-10.27
2023-06-19T19:50:18	-390.50	5045.48	-165.38	-10.85	1.53	-10.17
2023-06-19T19:50:20	-396.38	5052.36	-167.76	-10.89	1.56	-10.07
2023-06-19T19:50:22	-402.27	5059.23	-170.14	-10.96	1.61	-9.96
2023-06-19T19:50:24	-408.15	5066.10	-172.52	-11.04	1.67	-9.86
2023-06-19T19:50:26	-414.03	5072.96	-174.90	-11.12	1.74	-9.77
2023-06-19T19:50:28	-419.92	5079.83	-177.29	-11.16	1.82	-9.71
2023-06-19T19:50:30	-425.80	5086.69	-179.67	-11.20	1.94	-9.68
2023-06-19T19:50:32	-431.68	5093.54	-182.05	-11.25	2.02	-9.70
2023-06-19T19:50:34	-437.56	5100.39	-184.43	-11.29	2.11	-9.76
2023-06-19T19:50:36	-443.44	5107.24	-186.82	-11.29	2.16	-9.79
2023-06-19T19:50:38	-449.32	5114.09	-189.20	-11.23	2.18	-9.76
2023-06-19T19:50:40	-455.20	5120.93	-191.58	-11.16	2.23	-9.73
2023-06-19T19:50:42	-461.08	5127.77	-193.96	-11.08	2.31	-9.70
2023-06-19T19:50:44	-466.96	5134.60	-196.34	-11.00	2.42	-9.66
2023-06-19T19:50:46	-472.85	5141.44	-198.72	-10.93	2.57	-9.62
2023-06-19T19:50:48	-478.73	5148.27	-201.10	-10.79	2.68	-9.52
2023-06-19T19:50:50	-484.60	5155.09	-203.48	-10.63	2.78	-9.38
2023-06-19T19:50:52	-490.48	5161.92	-205.86	-10.50	2.89	-9.22
2023-06-19T19:50:54	-496.36	5168.73	-208.24	-10.40	3.00	-9.04
2023-06-19T19:50:56	-502.24	5175.55	-210.63	-10.31	3.08	-8.79
2023-06-19T19:50:58	-508.12	5182.36	-213.00	-10.26	3.13	-8.55
2023-06-19T19:51:00	-513.99	5189.17	-215.39	-10.25	3.15	-8.34
2023-06-19T19:51:02	-519.87	5195.98	-217.77	-10.27	3.15	-8.18
2023-06-19T19:51:04	-525.75	5202.79	-220.14	-10.39	3.12	-8.05
2023-06-19T19:51:06	-531.62	5209.58	-222.53	-10.67	3.02	-7.92
2023-06-19T19:51:08	-537.50	5216.38	-224.90	-10.97	2.89	-7.80
2023-06-19T19:51:10	-543.38	5223.18	-227.28	-11.29	2.72	-7.68
2023-06-19T19:51:12	-549.25	5229.97	-229.66	-11.63	2.52	-7.56
2023-06-19T19:51:14	-555.13	5236.75	-232.04	-12.00	2.31	-7.43
2023-06-19T19:51:16	-561.00	5243.54	-234.42	-12.35	2.26	-7.39
2023-06-19T19:51:18	-566.87	5250.32	-236.80	-12.66	2.26	-7.34
2023-06-19T19:51:20	-572.75	5257.10	-239.18	-12.95	2.32	-7.27
2023-06-19T19:51:22	-578.62	5263.88	-241.56	-13.07	2.48	-7.18
2023-06-19T19:51:24	-584.49	5270.65	-243.94	-13.12	2.67	-7.05
2023-06-19T19:51:26	-590.37	5277.41	-246.32	-13.15	2.86	-6.88
2023-06-19T19:51:28	-596.24	5284.18	-248.69	-13.16	3.06	-6.69
2023-06-19T19:51:30	-602.11	5290.94	-251.07	-13.15	3.26	-6.48
2023-06-19T19:51:32	-607.98	5297.70	-253.45	-13.14	3.46	-6.25
2023-06-19T19:51:34	-613.86	5304.46	-255.83	-13.13	3.64	-6.01
2023-06-19T19:51:36	-619.73	5311.21	-258.21	-13.15	3.75	-5.83
2023-06-19T19:51:38	-625.59	5317.97	-260.58	-13.19	3.88	-5.73
2023-06-19T19:51:40	-631.46	5324.71	-262.96	-13.23	4.01	-5.72
2023-06-19T19:51:42	-637.34	5331.46	-265.34	-13.26	4.13	-5.69
2023-06-19T19:51:44	-643.20	5338.20	-267.71	-13.28	4.24	-5.65
2023-06-19T19:51:46	-649.07	5344.94	-270.09	-13.29	4.35	-5.60
2023-06-19T19:51:48	-654.94	5351.67	-272.47	-13.30	4.46	-5.54
2023-06-19T19:51:50	-660.81	5358.41	-274.84	-13.31	4.58	-5.47
2023-06-19T19:51:52	-666.68	5365.14	-277.22	-13.32	4.73	-5.39
2023-06-19T19:51:54	-672.54	5371.86	-279.60	-13.38	4.92	-5.29
2023-06-19T19:51:56	-678.41	5378.59	-281.97	-13.47	5.11	-5.13
2023-06-19T19:51:58	-684.28	5385.31	-284.35	-13.58	5.29	-4.97
