Time	POS_X	POS_Y	POS_Z	B_X	B_Y	B_Z
2023-06-19T19:16:52	3412.20	-4003.44	1375.44	-31.70	5.24	16.86
2023-06-19T19:16:54	3411.13	-3994.28	1375.00	-33.32	5.21	16.87
2023-06-19T19:16:56	3410.07	-3985.12	1374.57	-34.95	5.19	16.89
2023-06-19T19:16:58	3409.00	-3975.95	1374.14	-36.59	5.17	16.91
2023-06-19T19:17:00	3407.93	-3966.79	1373.71	-38.25	5.15	16.94
2023-06-19T19:17:02	3406.86	-3957.62	1373.27	-39.93	5.13	16.97
2023-06-19T19:17:04	3405.79	-3948.45	1372.84	-41.58	5.13	17.02
2023-06-19T19:17:06	3404.71	-3939.28	1372.40	-42.42	5.47	17.12
2023-06-19T19:17:08	3403.64	-3930.10	1371.97	-43.24	5.82	17.22
2023-06-19T19:17:10	3402.56	-3920.92	1371.53	-44.03	6.20	17.32
2023-06-19T19:17:12	3401.48	-3911.74	1371.09	-44.78	6.59	17.42
2023-06-19T19:17:14	3400.39	-3902.56	1370.65	-45.51	7.01	17.51
2023-06-19T19:17:16	3399.31	-3893.37	1370.21	-46.21	7.44	17.59
2023-06-19T19:17:18	3398.22	-3884.18	1369.77	-47.15	7.80	17.43
2023-06-19T19:17:20	3397.13	-3875.00	1369.33	-48.15	8.14	17.20
2023-06-19T19:17:22	3396.05	-3865.80	1368.89	-49.14	8.46	16.96
2023-06-19T19:17:24	3394.95	-3856.61	1368.45	-50.13	8.78	16.72
2023-06-19T19:17:26	3393.86	-3847.41	1368.00	-51.11	9.10	16.48
2023-06-19T19:17:28	3392.76	-3838.22	1367.56	-52.08	9.41	16.23
2023-06-19T19:17:30	3391.66	-3829.02	1367.11	-53.08	9.67	15.95
2023-06-19T19:17:32	3390.56	-3819.82	1366.67	-54.10	9.89	15.66
2023-06-19T19:17:34	3389.46	-3810.61	1366.22	-55.13	10.07	15.38
2023-06-19T19:17:36	3388.36	-3801.40	1365.78	-56.16	10.27	15.11
2023-06-19T19:17:38	3387.25	-3792.19	1365.33	-57.20	10.48	14.84
2023-06-19T19:17:40	3386.14	-3782.98	1364.88	-58.24	10.70	14.57
2023-06-19T19:17:42	3385.03	-3773.76	1364.43	-59.08	10.90	14.35
2023-06-19T19:17:44	3383.92	-3764.55	1363.98	-59.62	11.05	14.20
2023-06-19T19:17:46	3382.81	-3755.33	1363.53	-60.17	11.21	14.05
2023-06-19T19:17:48	3381.69	-3746.11	1363.07	-60.73	11.39	13.90
2023-06-19T19:17:50	3380.57	-3736.88	1362.62	-61.32	11.58	13.77
2023-06-19T19:17:52	3379.45	-3727.66	1362.16	-61.92	11.78	13.63
2023-06-19T19:17:54	3378.33	-3718.43	1361.71	-62.58	12.03	13.44
2023-06-19T19:17:56	3377.21	-3709.20	1361.25	-63.42	12.52	12.99
2023-06-19T19:17:58	3376.08	-3699.97	1360.80	-64.25	13.00	12.53
2023-06-19T19:18:00	3374.95	-3690.73	1360.34	-65.08	13.47	12.06
2023-06-19T19:18:02	3373.82	-3681.50	1359.88	-65.90	13.93	11.59
2023-06-19T19:18:04	3372.69	-3672.26	1359.42	-66.71	14.39	11.11
2023-06-19T19:18:06	3371.56	-3663.01	1358.96	-67.51	14.84	10.63
2023-06-19T19:18:08	3370.42	-3653.77	1358.50	-67.66	15.10	9.97
2023-06-19T19:18:10	3369.28	-3644.52	1358.04	-67.80	15.36	9.32
2023-06-19T19:18:12	3368.14	-3635.27	1357.58	-67.93	15.60	8.66
2023-06-19T19:18:14	3366.99	-3626.02	1357.11	-68.06	15.84	8.00
2023-06-19T19:18:16	3365.85	-3616.77	1356.65	-68.19	16.08	7.33
2023-06-19T19:18:18	3364.70	-3607.51	1356.18	-68.31	16.30	6.67
2023-06-19T19:18:20	3363.55	-3598.25	1355.72	-68.47	16.41	6.26
2023-06-19T19:18:22	3362.40	-3588.99	1355.25	-68.65	16.48	5.92
2023-06-19T19:18:24	3361.24	-3579.73	1354.78	-68.82	16.55	5.58
2023-06-19T19:18:26	3360.09	-3570.46	1354.31	-69.00	16.61	5.25
2023-06-19T19:18:28	3358.93	-3561.19	1353.84	-69.18	16.67	4.91
2023-06-19T19:18:30	3357.77	-3551.92	1353.37	-69.35	16.72	4.58
2023-06-19T19:18:32	3356.61	-3542.65	1352.90	-69.42	16.85	4.33
2023-06-19T19:18:34	3355.44	-3533.37	1352.43	-69.42	17.04	4.13
2023-06-19T19:18:36	3354.27	-3524.10	1351.95	-69.42	17.22	3.92
2023-06-19T19:18:38	3353.10	-3514.82	1351.48	-69.42	17.41	3.71
2023-06-19T19:18:40	3351.93	-3505.53	1351.01	-69.42	17.59	3.50
2023-06-19T19:18:42	3350.76	-3496.25	1350.53	-69.42	17.78	3.28
2023-06-19T19:18:44	3349.58	-3486.96	1350.05	-69.45	17.95	3.17
2023-06-19T19:18:46	3348.40	-3477.67	1349.57	-69.51	18.09	3.18
2023-06-19T19:18:48	3347.22	-3468.38	1349.09	-69.57	18.23	3.19
2023-06-19T19:18:50	3346.04	-3459.08	1348.61	-69.63	18.37	3.18
2023-06-19T19:18:52	3344.85	-3449.78	1348.13	-69.69	18.52	3.17
2023-06-19T19:18:54	3343.66	-3440.49	1347.65	-69.75	18.66	3.15
2023-06-19T19:18:56	3342.47	-3431.18	1347.17	-69.81	18.78	3.13
2023-06-19T19:18:58	3341.28	-3421.88	1346.68	-69.88	18.85	3.12
2023-06-19T19:19:00	3340.08	-3412.57	1346.20	-69.95	18.91	3.10
2023-06-19T19:19:02	3338.89	-3403.26	1345.71	-70.02	18.97	3.08
2023-06-19T19:19:04	3337.69	-3393.95	1345.23	-70.09	19.04	3.06
2023-06-19T19:19:06	3336.49	-3384.64	1344.74	-70.16	19.10	3.04
2023-06-19T19:19:08	3335.28	-3375.32	1344.25	-70.24	19.17	3.02
2023-06-19T19:19:10	3334.07	-3366.00	1343.76	-70.39	19.24	3.01
2023-06-19T19:19:12	3332.86	-3356.68	1343.27	-70.54	19.31	3.01
2023-06-19T19:19:14	3331.65	-3347.35	1342.78	-70.68	19.39	3.01
2023-06-19T19:19:16	3330.44	-3338.02	1342.28	-70.82	19.46	3.02
2023-06-19T19:19:18	3329.22	-3328.69	1341.79	-70.97	19.53	3.04
2023-06-19T19:19:20	3328.00	-3319.36	1341.29	-71.12	19.61	3.06
2023-06-19T19:19:22	3326.78	-3310.03	1340.80	-71.17	19.71	3.02
2023-06-19T19:19:24	3325.56	-3300.69	1340.30	-71.22	19.81	2.98
2023-06-19T19:19:26	3324.33	-3291.35	1339.80	-71.27	19.91	2.93
2023-06-19T19:19:28	3323.10	-3282.01	1339.31	-71.32	20.01	2.89
2023-06-19T19:19:30	3321.87	-3272.66	1338.81	-71.37	20.10	2.84
2023-06-19T19:19:32	3320.64	-3263.32	1338.31	-71.42	20.20	2.80
2023-06-19T19:19:34	3319.40	-3253.97	1337.80	-71.52	20.27	2.84
2023-06-19T19:19:36	3318.16	-3244.61	1337.30	-71.64	20.35	2.88
2023-06-19T19:19:38	3316.92	-3235.26	1336.80	-71.75	20.43	2.93
2023-06-19T19:19:40	3315.67	-3225.90	1336.29	-71.87	20.51	2.97
2023-06-19T19:19:42	3314.43	-3216.54	1335.79	-71.98	20.59	3.00
2023-06-19T19:19:44	3313.18	-3207.18	1335.28	-72.11	20.68	3.04
2023-06-19T19:19:46	3311.92	-3197.82	1334.77	-72.20	20.71	3.12
2023-06-19T19:19:48	3310.67	-3188.45	1334.26	-72.30	20.74	3.21
2023-06-19T19:19:50	3309.41	-3179.08	1333.75	-72.39	20.77	3.31
2023-06-19T19:19:52	3308.15	-3169.71	1333.24	-72.48	20.79	3.40
2023-06-19T19:19:54	3306.89	-3160.33	1332.73	-72.58	20.82	3.49
2023-06-19T19:19:56	3305.62	-3150.95	1332.21	-72.68	20.86	3.58
2023-06-19T19:19:58	3304.35	-3141.57	1331.70	-72.75	20.87	3.68
2023-06-19T19:20:00	3303.08	-3132.19	1331.18	-72.81	20.87	3.78
2023-06-19T19:20:02	3301.81	-3122.80	1330.66	-72.86	20.87	3.88
2023-06-19T19:20:04	3300.53	-3113.41	1330.15	-72.92	20.87	3.98
2023-06-19T19:20:06	3299.26	-3104.02	1329.63	-72.98	20.86	4.08
2023-06-19T19:20:08	3297.97	-3094.63	1329.11	-73.03	20.86	4.17
2023-06-19T19:20:10	3296.69	-3085.23	1328.58	-73.09	20.87	4.27
2023-06-19T19:20:12	3295.40	-3075.83	1328.06	-73.14	20.89	4.37
2023-06-19T19:20:14	3294.11	-3066.43	1327.54	-73.19	20.91	4.46
2023-06-19T19:20:16	3292.82	-3057.03	1327.01	-73.23	20.93	4.56
2023-06-19T19:20:18	3291.53	-3047.62	1326.49	-73.28	20.95	4.66
2023-06-19T19:20:20	3290.23	-3038.21	1325.96	-73.33	20.96	4.76
2023-06-19T19:20:22	3288.93	-3028.80	1325.43	-73.39	20.98	4.86
2023-06-19T19:20:24	3287.62	-3019.39	1324.90	-73.45	21.00	4.95
2023-06-19T19:20:26	3286.32	-3009.97	1324.37	-73.52	21.02	5.05
2023-06-19T19:20:28	3285.01	-3000.55	1323.84	-73.59	21.04	5.15
2023-06-19T19:20:30	3283.69	-2991.13	1323.31	-73.65	21.06	5.25
2023-06-19T19:20:32	3282.38	-2981.70	1322.78	-73.72	21.08	5.35
2023-06-19T19:20:34	3281.06	-2972.27	1322.24	-73.79	21.10	5.44
2023-06-19T19:20:36	3279.74	-2962.85	1321.70	-73.86	21.11	5.52
2023-06-19T19:20:38	3278.42	-2953.41	1321.16	-73.93	21.12	5.60
2023-06-19T19:20:40	3277.09	-2943.98	1320.63	-74.00	21.14	5.68
2023-06-19T19:20:42	3275.76	-2934.54	1320.09	-74.07	21.15	5.76
2023-06-19T19:20:44	3274.43	-2925.10	1319.54	-74.14	21.16	5.84
2023-06-19T19:20:46	3273.09	-2915.65	1319.00	-74.20	21.17	5.93
2023-06-19T19:20:48	3271.75	-2906.21	1318.46	-74.26	21.19	6.02
2023-06-19T19:20:50	3270.41	-2896.76	1317.91	-74.32	21.20	6.11
2023-06-19T19:20:52	3269.07	-2887.31	1317.37	-74.38	21.21	6.20
2023-06-19T19:20:54	3267.72	-2877.85	1316.82	-74.44	21.22	6.29
2023-06-19T19:20:56	3266.37	-2868.39	1316.27	-74.50	21.23	6.38
2023-06-19T19:20:58	3265.02	-2858.93	1315.72	-74.56	21.23	6.45
2023-06-19T19:21:00	3263.66	-2849.47	1315.17	-74.63	21.24	6.50
2023-06-19T19:21:02	3262.30	-2840.01	1314.62	-74.69	21.24	6.54
2023-06-19T19:21:04	3260.94	-2830.54	1314.07	-74.76	21.24	6.59
2023-06-19T19:21:06	3259.57	-2821.07	1313.51	-74.83	21.23	6.64
2023-06-19T19:21:08	3258.20	-2811.59	1312.95	-74.89	21.23	6.69
2023-06-19T19:21:10	3256.83	-2802.12	1312.40	-74.96	21.23	6.76
2023-06-19T19:21:12	3255.46	-2792.64	1311.84	-75.04	21.25	6.86
2023-06-19T19:21:14	3254.08	-2783.16	1311.28	-75.12	21.27	6.96
2023-06-19T19:21:16	3252.70	-2773.67	1310.72	-75.20	21.28	7.07
2023-06-19T19:21:18	3251.31	-2764.19	1310.16	-75.28	21.30	7.17
2023-06-19T19:21:20	3249.92	-2754.69	1309.59	-75.36	21.32	7.28
2023-06-19T19:21:22	3248.53	-2745.20	1309.03	-75.45	21.35	7.38
2023-06-19T19:21:24	3247.14	-2735.71	1308.46	-75.56	21.37	7.47
2023-06-19T19:21:26	3245.74	-2726.21	1307.89	-75.66	21.39	7.56
2023-06-19T19:21:28	3244.34	-2716.71	1307.33	-75.76	21.40	7.65
2023-06-19T19:21:30	3242.94	-2707.20	1306.75	-75.86	21.42	7.75
2023-06-19T19:21:32	3241.53	-2697.70	1306.18	-75.96	21.43	7.84
2023-06-19T19:21:34	3240.12	-2688.19	1305.61	-76.07	21.44	7.94
2023-06-19T19:21:36	3238.71	-2678.68	1305.03	-76.18	21.44	8.03
2023-06-19T19:21:38	3237.29	-2669.16	1304.46	-76.30	21.45	8.13
2023-06-19T19:21:40	3235.87	-2659.64	1303.88	-76.42	21.45	8.22
2023-06-19T19:21:42	3234.45	-2650.12	1303.30	-76.54	21.46	8.31
2023-06-19T19:21:44	3233.02	-2640.60	1302.73	-76.66	21.47	8.41
2023-06-19T19:21:46	3231.59	-2631.07	1302.15	-76.78	21.47	8.50
2023-06-19T19:21:48	3230.15	-2621.55	1301.56	-76.89	21.47	8.60
2023-06-19T19:21:50	3228.72	-2612.02	1300.98	-76.99	21.47	8.70
2023-06-19T19:21:52	3227.28	-2602.48	1300.39	-77.10	21.47	8.80
2023-06-19T19:21:54	3225.84	-2592.94	1299.81	-77.20	21.48	8.90
2023-06-19T19:21:56	3224.39	-2583.40	1299.22	-77.31	21.48	9.00
2023-06-19T19:21:58	3222.94	-2573.86	1298.63	-77.42	21.48	9.10
2023-06-19T19:22:00	3221.48	-2564.32	1298.04	-77.56	21.46	9.19
2023-06-19T19:22:02	3220.02	-2554.77	1297.45	-77.69	21.43	9.28
2023-06-19T19:22:04	3218.56	-2545.22	1296.85	-77.83	21.41	9.37
2023-06-19T19:22:06	3217.10	-2535.66	1296.25	-77.96	21.39	9.46
2023-06-19T19:22:08	3215.63	-2526.11	1295.66	-78.10	21.38	9.56
2023-06-19T19:22:10	3214.16	-2516.55	1295.06	-78.23	21.37	9.67
2023-06-19T19:22:12	3212.68	-2506.98	1294.46	-78.35	21.36	9.82
2023-06-19T19:22:14	3211.21	-2497.42	1293.86	-78.47	21.35	9.98
2023-06-19T19:22:16	3209.72	-2487.85	1293.26	-78.59	21.34	10.13
2023-06-19T19:22:18	3208.24	-2478.28	1292.66	-78.71	21.33	10.28
2023-06-19T19:22:20	3206.75	-2468.70	1292.05	-78.83	21.32	10.43
2023-06-19T19:22:22	3205.25	-2459.13	1291.44	-78.95	21.31	10.58
2023-06-19T19:22:24	3203.76	-2449.55	1290.83	-79.08	21.31	10.74
2023-06-19T19:22:26	3202.26	-2439.97	1290.22	-79.21	21.30	10.90
2023-06-19T19:22:28	3200.75	-2430.38	1289.61	-79.34	21.29	11.07
2023-06-19T19:22:30	3199.24	-2420.79	1289.00	-79.48	21.29	11.23
2023-06-19T19:22:32	3197.73	-2411.20	1288.39	-79.61	21.28	11.40
2023-06-19T19:22:34	3196.21	-2401.61	1287.77	-79.74	21.27	11.56
2023-06-19T19:22:36	3194.70	-2392.01	1287.15	-79.86	21.27	11.71
2023-06-19T19:22:38	3193.17	-2382.41	1286.53	-79.99	21.27	11.86
2023-06-19T19:22:40	3191.64	-2372.81	1285.91	-80.11	21.26	12.01
2023-06-19T19:22:42	3190.11	-2363.21	1285.29	-80.24	21.26	12.16
2023-06-19T19:22:44	3188.58	-2353.60	1284.67	-80.37	21.25	12.31
2023-06-19T19:22:46	3187.04	-2343.99	1284.04	-80.50	21.25	12.48
2023-06-19T19:22:48	3185.50	-2334.37	1283.42	-80.64	21.23	12.66
2023-06-19T19:22:50	3183.95	-2324.75	1282.79	-80.78	21.21	12.85
2023-06-19T19:22:52	3182.40	-2315.14	1282.16	-80.92	21.20	13.03
2023-06-19T19:22:54	3180.85	-2305.51	1281.52	-81.05	21.18	13.21
2023-06-19T19:22:56	3179.29	-2295.89	1280.89	-81.18	21.16	13.38
2023-06-19T19:22:58	3177.73	-2286.26	1280.26	-81.32	21.14	13.57
2023-06-19T19:23:00	3176.17	-2276.63	1279.62	-81.45	21.10	13.78
2023-06-19T19:23:02	3174.59	-2266.99	1278.98	-81.59	21.06	13.99
2023-06-19T19:23:04	3173.02	-2257.36	1278.34	-81.73	21.02	14.20
2023-06-19T19:23:06	3171.44	-2247.72	1277.70	-81.87	20.99	14.41
2023-06-19T19:23:08	3169.86	-2238.07	1277.06	-82.01	20.95	14.62
2023-06-19T19:23:10	3168.27	-2228.43	1276.42	-82.14	20.93	14.82
2023-06-19T19:23:12	3166.69	-2218.78	1275.77	-82.27	20.92	15.00
2023-06-19T19:23:14	3165.09	-2209.13	1275.12	-82.40	20.91	15.17
2023-06-19T19:23:16	3163.49	-2199.47	1274.47	-82.53	20.90	15.35
2023-06-19T19:23:18	3161.89	-2189.82	1273.82	-82.66	20.89	15.53
2023-06-19T19:23:20	3160.28	-2180.16	1273.17	-82.79	20.88	15.71
2023-06-19T19:23:22	3158.67	-2170.49	1272.51	-82.92	20.87	15.92
2023-06-19T19:23:24	3157.06	-2160.83	1271.85	-83.06	20.86	16.13
2023-06-19T19:23:26	3155.44	-2151.16	1271.20	-83.20	20.85	16.35
2023-06-19T19:23:28	3153.81	-2141.49	1270.54	-83.34	20.83	16.57
2023-06-19T19:23:30	3152.19	-2131.81	1269.88	-83.47	20.82	16.78
2023-06-19T19:23:32	3150.56	-2122.13	1269.21	-83.61	20.81	17.00
2023-06-19T19:23:34	3148.92	-2112.45	1268.55	-83.74	20.79	17.20
2023-06-19T19:23:36	3147.28	-2102.77	1267.88	-83.87	20.75	17.41
2023-06-19T19:23:38	3145.64	-2093.08	1267.21	-84.00	20.72	17.61
2023-06-19T19:23:40	3143.99	-2083.39	1266.54	-84.13	20.68	17.82
2023-06-19T19:23:42	3142.33	-2073.70	1265.87	-84.26	20.64	18.02
2023-06-19T19:23:44	3140.68	-2064.01	1265.20	-84.39	20.61	18.23
2023-06-19T19:23:46	3139.01	-2054.31	1264.52	-84.54	20.58	18.43
2023-06-19T19:23:48	3137.35	-2044.61	1263.84	-84.68	20.55	18.64
2023-06-19T19:23:50	3135.68	-2034.90	1263.17	-84.82	20.51	18.84
2023-06-19T19:23:52	3134.00	-2025.20	1262.49	-84.97	20.48	19.05
2023-06-19T19:23:54	3132.32	-2015.49	1261.80	-85.11	20.46	19.26
2023-06-19T19:23:56	3130.64	-2005.78	1261.12	-85.25	20.43	19.46
2023-06-19T19:23:58	3128.95	-1996.06	1260.43	-85.41	20.40	19.70
2023-06-19T19:24:00	3127.26	-1986.34	1259.74	-85.56	20.36	19.94
2023-06-19T19:24:02	3125.56	-1976.62	1259.05	-85.71	20.33	20.19
2023-06-19T19:24:04	3123.85	-1966.89	1258.36	-85.87	20.30	20.43
2023-06-19T19:24:06	3122.15	-1957.17	1257.67	-86.02	20.26	20.68
2023-06-19T19:24:08	3120.44	-1947.43	1256.97	-86.17	20.22	20.93
2023-06-19T19:24:10	3118.72	-1937.70	1256.27	-86.36	20.19	21.17
2023-06-19T19:24:12	3117.00	-1927.97	1255.57	-86.55	20.16	21.42
2023-06-19T19:24:14	3115.27	-1918.23	1254.87	-86.74	20.12	21.66
2023-06-19T19:24:16	3113.54	-1908.49	1254.17	-86.94	20.09	21.91
2023-06-19T19:24:18	3111.81	-1898.74	1253.46	-87.13	20.05	22.16
2023-06-19T19:24:20	3110.07	-1888.99	1252.76	-87.32	20.02	22.41
2023-06-19T19:24:22	3108.32	-1879.24	1252.05	-87.50	19.99	22.65
2023-06-19T19:24:24	3106.57	-1869.49	1251.34	-87.68	19.97	22.89
2023-06-19T19:24:26	3104.82	-1859.73	1250.62	-87.86	19.95	23.13
2023-06-19T19:24:28	3103.06	-1849.97	1249.91	-88.04	19.94	23.38
2023-06-19T19:24:30	3101.30	-1840.21	1249.19	-88.23	19.93	23.63
2023-06-19T19:24:32	3099.53	-1830.44	1248.47	-88.41	19.92	23.88
2023-06-19T19:24:34	3097.75	-1820.67	1247.75	-88.61	19.91	24.14
2023-06-19T19:24:36	3095.98	-1810.90	1247.03	-88.80	19.89	24.39
2023-06-19T19:24:38	3094.19	-1801.13	1246.30	-89.00	19.88	24.64
2023-06-19T19:24:40	3092.40	-1791.35	1245.58	-89.19	19.86	24.90
2023-06-19T19:24:42	3090.61	-1781.57	1244.85	-89.38	19.85	25.15
2023-06-19T19:24:44	3088.81	-1771.79	1244.12	-89.57	19.84	25.41
2023-06-19T19:24:46	3087.01	-1762.00	1243.38	-89.76	19.84	25.67
2023-06-19T19:24:48	3085.20	-1752.22	1242.65	-89.94	19.83	25.93
2023-06-19T19:24:50	3083.39	-1742.42	1241.91	-90.12	19.83	26.19
2023-06-19T19:24:52	3081.57	-1732.63	1241.17	-90.30	19.82	26.46
2023-06-19T19:24:54	3079.74	-1722.83	1240.43	-90.47	19.81	26.72
2023-06-19T19:24:56	3077.92	-1713.03	1239.69	-90.65	19.79	26.98
2023-06-19T19:24:58	3076.08	-1703.23	1238.94	-90.84	19.77	27.24
2023-06-19T19:25:00	3074.24	-1693.42	1238.20	-91.03	19.74	27.51
2023-06-19T19:25:02	3072.40	-1683.61	1237.45	-91.22	19.72	27.77
2023-06-19T19:25:04	3070.55	-1673.80	1236.69	-91.41	19.69	28.04
2023-06-19T19:25:06	3068.69	-1663.98	1235.94	-91.60	19.67	28.31
2023-06-19T19:25:08	3066.83	-1654.17	1235.18	-91.80	19.65	28.59
2023-06-19T19:25:10	3064.97	-1644.35	1234.43	-92.01	19.62	28.86
2023-06-19T19:25:12	3063.10	-1634.52	1233.66	-92.21	19.59	29.14
2023-06-19T19:25:14	3061.22	-1624.70	1232.90	-92.42	19.55	29.41
2023-06-19T19:25:16	3059.34	-1614.87	1232.14	-92.62	19.52	29.69
2023-06-19T19:25:18	3057.45	-1605.03	1231.37	-92.83	19.49	29.97
2023-06-19T19:25:20	3055.56	-1595.20	1230.60	-93.04	19.44	30.27
2023-06-19T19:25:22	3053.66	-1585.36	1229.83	-93.26	19.39	30.57
2023-06-19T19:25:24	3051.76	-1575.52	1229.05	-93.47	19.35	30.88
2023-06-19T19:25:26	3049.85	-1565.67	1228.28	-93.69	19.30	31.18
2023-06-19T19:25:28	3047.93	-1555.83	1227.50	-93.90	19.25	31.49
2023-06-19T19:25:30	3046.01	-1545.98	1226.72	-94.12	19.21	31.80
2023-06-19T19:25:32	3044.09	-1536.13	1225.94	-94.37	19.20	32.11
2023-06-19T19:25:34	3042.16	-1526.27	1225.15	-94.62	19.18	32.43
2023-06-19T19:25:36	3040.22	-1516.41	1224.37	-94.87	19.16	32.76
2023-06-19T19:25:38	3038.28	-1506.55	1223.58	-95.12	19.15	33.08
2023-06-19T19:25:40	3036.33	-1496.69	1222.78	-95.37	19.13	33.41
2023-06-19T19:25:42	3034.38	-1486.82	1221.99	-95.61	19.11	33.74
2023-06-19T19:25:44	3032.41	-1476.95	1221.20	-95.84	19.09	34.07
2023-06-19T19:25:46	3030.45	-1467.08	1220.40	-96.07	19.06	34.40
2023-06-19T19:25:48	3028.48	-1457.20	1219.59	-96.30	19.03	34.73
2023-06-19T19:25:50	3026.50	-1447.33	1218.79	-96.53	19.01	35.06
2023-06-19T19:25:52	3024.52	-1437.45	1217.99	-96.76	18.98	35.40
2023-06-19T19:25:54	3022.53	-1427.56	1217.18	-97.00	18.94	35.73
2023-06-19T19:25:56	3020.54	-1417.68	1216.37	-97.24	18.91	36.05
2023-06-19T19:25:58	3018.54	-1407.79	1215.55	-97.48	18.87	36.38
2023-06-19T19:26:00	3016.53	-1397.90	1214.74	-97.73	18.84	36.70
2023-06-19T19:26:02	3014.52	-1388.00	1213.92	-97.97	18.80	37.02
2023-06-19T19:26:04	3012.50	-1378.10	1213.10	-98.22	18.76	37.34
2023-06-19T19:26:06	3010.48	-1368.20	1212.28	-98.47	18.71	37.67
2023-06-19T19:26:08	3008.45	-1358.30	1211.45	-98.72	18.65	38.00
2023-06-19T19:26:10	3006.41	-1348.39	1210.63	-98.98	18.60	38.34
2023-06-19T19:26:12	3004.37	-1338.48	1209.80	-99.24	18.54	38.68
2023-06-19T19:26:14	3002.32	-1328.57	1208.96	-99.51	18.48	39.03
2023-06-19T19:26:16	3000.27	-1318.66	1208.13	-99.78	18.43	39.38
2023-06-19T19:26:18	2998.21	-1308.74	1207.29	-100.03	18.37	39.73
2023-06-19T19:26:20	2996.14	-1298.82	1206.45	-100.28	18.32	40.10
2023-06-19T19:26:22	2994.07	-1288.90	1205.61	-100.53	18.26	40.46
2023-06-19T19:26:24	2991.99	-1278.97	1204.76	-100.79	18.21	40.83
2023-06-19T19:26:26	2989.90	-1269.05	1203.92	-101.04	18.15	41.21
2023-06-19T19:26:28	2987.81	-1259.12	1203.07	-101.29	18.09	41.59
2023-06-19T19:26:30	2985.71	-1249.18	1202.21	-101.52	18.02	41.94
2023-06-19T19:26:32	2983.61	-1239.25	1201.36	-101.74	17.95	42.30
2023-06-19T19:26:34	2981.50	-1229.31	1200.50	-101.97	17.88	42.66
2023-06-19T19:26:36	2979.38	-1219.37	1199.64	-102.21	17.81	43.03
2023-06-19T19:26:38	2977.25	-1209.43	1198.78	-102.44	17.74	43.39
2023-06-19T19:26:40	2975.12	-1199.48	1197.91	-102.70	17.68	43.78
2023-06-19T19:26:42	2972.99	-1189.53	1197.04	-102.98	17.63	44.19
2023-06-19T19:26:44	2970.84	-1179.58	1196.17	-103.27	17.58	44.59
2023-06-19T19:26:46	2968.69	-1169.62	1195.30	-103.55	17.54	45.00
2023-06-19T19:26:48	2966.54	-1159.67	1194.42	-103.84	17.49	45.42
2023-06-19T19:26:50	2964.38	-1149.71	1193.54	-104.13	17.44	45.83
2023-06-19T19:26:52	2962.21	-1139.75	1192.66	-104.42	17.38	46.26
2023-06-19T19:26:54	2960.03	-1129.78	1191.78	-104.71	17.33	46.70
2023-06-19T19:26:56	2957.85	-1119.81	1190.89	-105.00	17.27	47.15
2023-06-19T19:26:58	2955.66	-1109.84	1190.00	-105.28	17.22	47.59
2023-06-19T19:27:00	2953.46	-1099.87	1189.11	-105.56	17.16	48.03
2023-06-19T19:27:02	2951.26	-1089.89	1188.21	-105.83	17.11	48.47
2023-06-19T19:27:04	2949.05	-1079.92	1187.31	-106.08	17.07	48.89
2023-06-19T19:27:06	2946.83	-1069.94	1186.42	-106.33	17.02	49.32
2023-06-19T19:27:08	2944.61	-1059.96	1185.51	-106.58	16.98	49.75
2023-06-19T19:27:10	2942.38	-1049.97	1184.61	-106.83	16.94	50.18
2023-06-19T19:27:12	2940.14	-1039.98	1183.70	-107.08	16.90	50.62
2023-06-19T19:27:14	2937.90	-1029.99	1182.79	-107.33	16.85	51.05
2023-06-19T19:27:16	2935.65	-1020.00	1181.87	-107.61	16.79	51.43
2023-06-19T19:27:18	2933.39	-1010.00	1180.95	-107.90	16.73	51.82
2023-06-19T19:27:20	2931.12	-1000.01	1180.03	-108.20	16.67	52.22
2023-06-19T19:27:22	2928.85	-990.01	1179.11	-108.50	16.61	52.62
2023-06-19T19:27:24	2926.57	-980.00	1178.18	-108.80	16.55	53.02
2023-06-19T19:27:26	2924.28	-970.00	1177.25	-109.09	16.48	53.42
2023-06-19T19:27:28	2921.99	-959.99	1176.32	-109.37	16.39	53.83
2023-06-19T19:27:30	2919.69	-949.98	1175.39	-109.65	16.30	54.25
2023-06-19T19:27:32	2917.38	-939.97	1174.45	-109.94	16.21	54.66
2023-06-19T19:27:34	2915.07	-929.96	1173.51	-110.23	16.13	55.08
2023-06-19T19:27:36	2912.75	-919.94	1172.56	-110.53	16.04	55.50
2023-06-19T19:27:38	2910.41	-909.92	1171.62	-110.83	15.91	55.93
2023-06-19T19:27:40	2908.08	-899.90	1170.67	-111.14	15.77	56.35
2023-06-19T19:27:42	2905.73	-889.88	1169.72	-111.45	15.64	56.78
2023-06-19T19:27:44	2903.38	-879.85	1168.76	-111.77	15.51	57.22
2023-06-19T19:27:46	2901.02	-869.83	1167.80	-112.09	15.38	57.65
2023-06-19T19:27:48	2898.66	-859.79	1166.84	-112.42	15.26	58.09
2023-06-19T19:27:50	2896.28	-849.76	1165.88	-112.73	15.14	58.54
2023-06-19T19:27:52	2893.90	-839.73	1164.91	-113.05	15.01	58.99
2023-06-19T19:27:54	2891.51	-829.69	1163.94	-113.37	14.88	59.45
2023-06-19T19:27:56	2889.12	-819.65	1162.97	-113.68	14.74	59.92
2023-06-19T19:27:58	2886.71	-809.61	1161.99	-114.00	14.61	60.39
2023-06-19T19:28:00	2884.30	-799.57	1161.01	-114.28	14.49	60.86
2023-06-19T19:28:02	2881.88	-789.52	1160.03	-114.50	14.41	61.31
2023-06-19T19:28:04	2879.45	-779.47	1159.04	-114.70	14.32	61.77
2023-06-19T19:28:06	2877.02	-769.42	1158.05	-114.89	14.24	62.23
2023-06-19T19:28:08	2874.58	-759.37	1157.06	-115.09	14.16	62.71
2023-06-19T19:28:10	2872.13	-749.32	1156.06	-115.32	14.07	63.20
2023-06-19T19:28:12	2869.67	-739.26	1155.06	-115.62	13.98	63.66
2023-06-19T19:28:14	2867.20	-729.20	1154.06	-115.95	13.89	64.11
2023-06-19T19:28:16	2864.73	-719.14	1153.06	-116.28	13.79	64.55
2023-06-19T19:28:18	2862.25	-709.08	1152.05	-116.61	13.68	64.98
2023-06-19T19:28:20	2859.76	-699.02	1151.04	-116.94	13.57	65.42
2023-06-19T19:28:22	2857.26	-688.95	1150.03	-117.27	13.45	65.84
2023-06-19T19:28:24	2854.75	-678.88	1149.01	-117.65	13.27	66.31
2023-06-19T19:28:26	2852.24	-668.81	1147.99	-118.04	13.09	66.78
2023-06-19T19:28:28	2849.72	-658.74	1146.96	-118.43	12.92	67.25
2023-06-19T19:28:30	2847.19	-648.67	1145.94	-118.81	12.75	67.72
2023-06-19T19:28:32	2844.65	-638.59	1144.90	-119.20	12.59	68.19
2023-06-19T19:28:34	2842.11	-628.51	1143.87	-119.56	12.41	68.67
2023-06-19T19:28:36	2839.55	-618.44	1142.83	-119.87	12.19	69.18
2023-06-19T19:28:38	2836.99	-608.36	1141.79	-120.18	11.97	69.70
2023-06-19T19:28:40	2834.42	-598.27	1140.75	-120.47	11.75	70.22
2023-06-19T19:28:42	2831.84	-588.19	1139.70	-120.76	11.53	70.75
2023-06-19T19:28:44	2829.26	-578.10	1138.65	-121.03	11.31	71.28
2023-06-19T19:28:46	2826.66	-568.01	1137.60	-121.30	11.10	71.81
2023-06-19T19:28:48	2824.06	-557.92	1136.54	-121.58	10.90	72.33
2023-06-19T19:28:50	2821.45	-547.83	1135.48	-121.87	10.70	72.86
2023-06-19T19:28:52	2818.83	-537.74	1134.42	-122.16	10.51	73.40
2023-06-19T19:28:54	2816.20	-527.65	1133.35	-122.51	10.35	73.97
2023-06-19T19:28:56	2813.56	-517.55	1132.28	-122.87	10.19	74.55
2023-06-19T19:28:58	2810.92	-507.45	1131.20	-123.15	10.01	75.05
2023-06-19T19:29:00	2808.26	-497.35	1130.13	-123.44	9.83	75.56
2023-06-19T19:29:02	2805.60	-487.25	1129.04	-123.74	9.64	76.07
2023-06-19T19:29:04	2802.93	-477.15	1127.96	-124.05	9.45	76.59
2023-06-19T19:29:06	2800.25	-467.05	1126.87	-124.37	9.26	77.11
2023-06-19T19:29:08	2797.56	-456.94	1125.78	-124.70	9.06	77.64
2023-06-19T19:29:10	2794.87	-446.83	1124.68	-125.05	8.85	78.16
2023-06-19T19:29:12	2792.16	-436.72	1123.59	-125.39	8.64	78.69
2023-06-19T19:29:14	2789.45	-426.61	1122.48	-125.73	8.41	79.21
2023-06-19T19:29:16	2786.72	-416.50	1121.38	-126.07	8.17	79.74
2023-06-19T19:29:18	2783.99	-406.39	1120.27	-126.40	7.93	80.26
2023-06-19T19:29:20	2781.25	-396.28	1119.16	-126.70	7.68	80.73
2023-06-19T19:29:22	2778.50	-386.16	1118.04	-126.99	7.44	81.17
2023-06-19T19:29:24	2775.74	-376.05	1116.92	-127.27	7.19	81.61
2023-06-19T19:29:26	2772.98	-365.93	1115.80	-127.54	6.94	82.05
2023-06-19T19:29:28	2770.20	-355.81	1114.67	-127.80	6.68	82.49
2023-06-19T19:29:30	2767.42	-345.69	1113.54	-128.06	6.42	82.94
2023-06-19T19:29:32	2764.62	-335.57	1112.41	-128.39	6.14	83.42
2023-06-19T19:29:34	2761.82	-325.45	1111.27	-128.73	5.86	83.90
2023-06-19T19:29:36	2759.01	-315.33	1110.13	-129.07	5.60	84.41
2023-06-19T19:29:38	2756.19	-305.20	1108.98	-129.40	5.35	84.92
2023-06-19T19:29:40	2753.36	-295.08	1107.83	-129.73	5.11	85.44
2023-06-19T19:29:42	2750.52	-284.95	1106.68	-129.97	4.85	85.95
2023-06-19T19:29:44	2747.67	-274.82	1105.52	-130.08	4.56	86.47
2023-06-19T19:29:46	2744.81	-264.70	1104.36	-130.23	4.27	86.99
2023-06-19T19:29:48	2741.95	-254.57	1103.20	-130.42	3.98	87.53
2023-06-19T19:29:50	2739.07	-244.44	1102.03	-130.63	3.69	88.08
2023-06-19T19:29:52	2736.19	-234.31	1100.86	-130.89	3.40	88.65
2023-06-19T19:29:54	2733.29	-224.17	1099.69	-131.14	3.10	89.14
2023-06-19T19:29:56	2730.39	-214.04	1098.51	-131.37	2.79	89.60
2023-06-19T19:29:58	2727.48	-203.91	1097.32	-131.59	2.46	90.07
2023-06-19T19:30:00	2724.56	-193.78	1096.14	-131.79	2.10	90.55
2023-06-19T19:30:02	2721.62	-183.64	1094.95	-131.98	1.73	91.04
2023-06-19T19:30:04	2718.68	-173.51	1093.75	-132.16	1.34	91.53
2023-06-19T19:30:06	2715.73	-163.37	1092.56	-132.41	1.03	92.05
2023-06-19T19:30:08	2712.77	-153.24	1091.36	-132.69	0.72	92.57
2023-06-19T19:30:10	2709.81	-143.10	1090.15	-132.98	0.41	93.09
2023-06-19T19:30:12	2706.83	-132.96	1088.94	-133.29	0.10	93.63
2023-06-19T19:30:14	2703.84	-122.82	1087.73	-133.60	-0.21	94.17
2023-06-19T19:30:16	2700.84	-112.69	1086.51	-133.79	-0.52	94.66
2023-06-19T19:30:18	2697.83	-102.55	1085.29	-133.95	-0.83	95.13
2023-06-19T19:30:20	2694.82	-92.41	1084.07	-134.12	-1.14	95.63
2023-06-19T19:30:22	2691.79	-82.27	1082.84	-134.28	-1.44	96.15
2023-06-19T19:30:24	2688.75	-72.13	1081.61	-134.45	-1.74	96.69
2023-06-19T19:30:26	2685.71	-61.99	1080.37	-134.62	-2.04	97.26
2023-06-19T19:30:28	2682.65	-51.85	1079.13	-134.81	-2.31	97.84
2023-06-19T19:30:30	2679.59	-41.71	1077.88	-135.04	-2.57	98.43
2023-06-19T19:30:32	2676.51	-31.57	1076.64	-135.29	-2.82	99.01
2023-06-19T19:30:34	2673.43	-21.43	1075.39	-135.59	-3.07	99.59
2023-06-19T19:30:36	2670.33	-11.29	1074.13	-135.91	-3.33	100.17
2023-06-19T19:30:38	2667.23	-1.15	1072.87	-136.22	-3.59	100.74
2023-06-19T19:30:40	2664.11	8.99	1071.60	-136.39	-3.89	101.30
2023-06-19T19:30:42	2660.99	19.13	1070.34	-136.55	-4.19	101.87
2023-06-19T19:30:44	2657.86	29.28	1069.07	-136.71	-4.49	102.42
2023-06-19T19:30:46	2654.71	39.42	1067.79	-136.87	-4.80	102.98
2023-06-19T19:30:48	2651.56	49.55	1066.51	-137.03	-5.11	103.52
2023-06-19T19:30:50	2648.39	59.70	1065.23	-137.12	-5.46	103.99
2023-06-19T19:30:52	2645.22	69.84	1063.94	-137.14	-5.89	104.40
2023-06-19T19:30:54	2642.04	79.98	1062.65	-137.18	-6.34	104.82
2023-06-19T19:30:56	2638.84	90.11	1061.35	-137.25	-6.78	105.22
2023-06-19T19:30:58	2635.64	100.25	1060.05	-137.35	-7.20	105.62
2023-06-19T19:31:00	2632.42	110.39	1058.75	-137.48	-7.61	106.01
2023-06-19T19:31:02	2629.20	120.53	1057.44	-137.69	-8.08	106.49
2023-06-19T19:31:04	2625.97	130.67	1056.12	-137.88	-8.56	107.00
2023-06-19T19:31:06	2622.72	140.81	1054.81	-138.05	-9.07	107.53
2023-06-19T19:31:08	2619.47	150.94	1053.49	-138.20	-9.58	108.08
2023-06-19T19:31:10	2616.20	161.08	1052.16	-138.32	-10.10	108.66
2023-06-19T19:31:12	2612.93	171.21	1050.83	-138.42	-10.58	109.21
2023-06-19T19:31:14	2609.64	181.35	1049.50	-138.48	-10.91	109.59
2023-06-19T19:31:16	2606.35	191.48	1048.17	-138.50	-11.23	109.94
2023-06-19T19:31:18	2603.04	201.62	1046.82	-138.49	-11.55	110.26
2023-06-19T19:31:20	2599.73	211.75	1045.48	-138.44	-11.88	110.55
2023-06-19T19:31:22	2596.40	221.88	1044.13	-138.34	-12.20	110.81
2023-06-19T19:31:24	2593.06	232.01	1042.78	-138.38	-12.46	111.36
2023-06-19T19:31:26	2589.72	242.15	1041.42	-138.57	-12.63	112.15
2023-06-19T19:31:28	2586.36	252.27	1040.05	-138.77	-12.71	113.03
2023-06-19T19:31:30	2582.99	262.40	1038.69	-138.93	-12.74	113.92
2023-06-19T19:31:32	2579.62	272.53	1037.32	-139.06	-12.72	114.82
2023-06-19T19:31:34	2576.23	282.66	1035.94	-139.15	-12.65	115.71
2023-06-19T19:31:36	2572.83	292.78	1034.56	-138.95	-12.78	115.90
2023-06-19T19:31:38	2569.42	302.90	1033.18	-138.81	-12.93	116.00
2023-06-19T19:31:40	2566.00	313.03	1031.80	-138.74	-13.12	116.06
2023-06-19T19:31:42	2562.57	323.15	1030.40	-138.74	-13.33	116.06
2023-06-19T19:31:44	2559.13	333.27	1029.01	-138.81	-13.57	116.01
2023-06-19T19:31:46	2555.68	343.39	1027.61	-138.87	-13.96	115.96
2023-06-19T19:31:48	2552.22	353.51	1026.21	-138.77	-14.57	116.00
2023-06-19T19:31:50	2548.75	363.62	1024.80	-138.66	-15.11	116.07
2023-06-19T19:31:52	2545.27	373.73	1023.38	-138.59	-15.61	116.17
2023-06-19T19:31:54	2541.77	383.85	1021.97	-138.55	-16.06	116.30
2023-06-19T19:31:56	2538.27	393.96	1020.55	-138.53	-16.46	116.46
2023-06-19T19:31:58	2534.75	404.07	1019.12	-138.20	-16.72	116.95
2023-06-19T19:32:00	2531.23	414.18	1017.69	-137.63	-16.90	117.64
2023-06-19T19:32:02	2527.70	424.28	1016.26	-137.03	-17.08	118.36
2023-06-19T19:32:04	2524.15	434.39	1014.82	-136.50	-17.29	119.04
2023-06-19T19:32:06	2520.60	444.49	1013.38	-136.02	-17.53	119.69
2023-06-19T19:32:08	2517.03	454.59	1011.93	-135.61	-17.80	120.29
2023-06-19T19:32:10	2513.45	464.69	1010.48	-135.41	-18.11	120.70
2023-06-19T19:32:12	2509.86	474.79	1009.02	-135.20	-18.41	121.11
2023-06-19T19:32:14	2506.27	484.88	1007.56	-134.97	-18.69	121.51
2023-06-19T19:32:16	2502.66	494.98	1006.10	-134.72	-18.95	121.90
2023-06-19T19:32:18	2499.04	505.07	1004.63	-134.47	-19.19	122.27
2023-06-19T19:32:20	2495.41	515.15	1003.16	-134.29	-19.42	122.64
2023-06-19T19:32:22	2491.76	525.24	1001.68	-134.25	-19.72	123.04
2023-06-19T19:32:24	2488.11	535.33	1000.20	-134.20	-20.10	123.48
2023-06-19T19:32:26	2484.45	545.41	998.72	-134.12	-20.54	123.95
2023-06-19T19:32:28	2480.78	555.49	997.23	-134.00	-21.04	124.47
2023-06-19T19:32:30	2477.09	565.57	995.73	-133.84	-21.62	125.03
2023-06-19T19:32:32	2473.40	575.64	994.24	-133.47	-21.76	125.26
2023-06-19T19:32:34	2469.69	585.71	992.73	-133.01	-21.68	125.36
2023-06-19T19:32:36	2465.98	595.78	991.23	-132.56	-21.63	125.50
2023-06-19T19:32:38	2462.25	605.85	989.72	-132.10	-21.63	125.69
2023-06-19T19:32:40	2458.51	615.91	988.20	-131.65	-21.67	125.93
2023-06-19T19:32:42	2454.76	625.97	986.68	-131.19	-21.77	126.22
2023-06-19T19:32:44	2451.01	636.03	985.15	-130.85	-22.31	126.85
2023-06-19T19:32:46	2447.24	646.09	983.63	-130.50	-22.86	127.46
2023-06-19T19:32:48	2443.46	656.14	982.10	-130.13	-23.44	128.07
2023-06-19T19:32:50	2439.67	666.19	980.56	-129.74	-24.02	128.68
2023-06-19T19:32:52	2435.86	676.24	979.02	-129.32	-24.63	129.27
2023-06-19T19:32:54	2432.05	686.29	977.47	-128.87	-25.13	129.75
2023-06-19T19:32:56	2428.23	696.33	975.92	-128.32	-25.33	129.90
2023-06-19T19:32:58	2424.40	706.37	974.37	-127.68	-25.48	129.92
2023-06-19T19:33:00	2420.55	716.40	972.81	-126.94	-25.58	129.81
2023-06-19T19:33:02	2416.70	726.43	971.24	-126.09	-25.73	129.60
2023-06-19T19:33:04	2412.83	736.47	969.68	-125.22	-26.04	129.40
2023-06-19T19:33:06	2408.95	746.49	968.10	-124.70	-26.47	129.55
2023-06-19T19:33:08	2405.06	756.51	966.53	-124.36	-26.92	129.88
2023-06-19T19:33:10	2401.16	766.53	964.95	-123.93	-27.33	130.12
2023-06-19T19:33:12	2397.26	776.55	963.36	-123.43	-27.70	130.27
2023-06-19T19:33:14	2393.34	786.56	961.77	-122.84	-28.04	130.32
2023-06-19T19:33:16	2389.41	796.57	960.18	-122.17	-28.34	130.27
2023-06-19T19:33:18	2385.47	806.57	958.58	-121.54	-29.04	130.49
2023-06-19T19:33:20	2381.51	816.58	956.98	-120.94	-29.81	130.78
2023-06-19T19:33:22	2377.55	826.57	955.37	-120.37	-30.62	131.09
2023-06-19T19:33:24	2373.58	836.57	953.76	-119.82	-31.46	131.41
2023-06-19T19:33:26	2369.59	846.56	952.15	-119.31	-32.34	131.74
2023-06-19T19:33:28	2365.60	856.54	950.53	-118.71	-33.15	132.03
2023-06-19T19:33:30	2361.60	866.53	948.90	-117.54	-33.44	132.22
2023-06-19T19:33:32	2357.58	876.51	947.28	-116.56	-33.74	132.71
2023-06-19T19:33:34	2353.55	886.48	945.64	-115.55	-34.06	133.21
2023-06-19T19:33:36	2349.52	896.45	944.01	-114.51	-34.40	133.71
2023-06-19T19:33:38	2345.47	906.42	942.37	-113.48	-34.74	134.22
2023-06-19T19:33:40	2341.41	916.38	940.72	-112.73	-35.27	134.54
2023-06-19T19:33:42	2337.34	926.34	939.07	-112.33	-36.00	134.55
2023-06-19T19:33:44	2333.26	936.29	937.42	-111.89	-36.65	134.52
2023-06-19T19:33:46	2329.17	946.24	935.76	-111.40	-37.22	134.45
2023-06-19T19:33:48	2325.07	956.19	934.10	-110.85	-37.72	134.32
2023-06-19T19:33:50	2320.96	966.13	932.43	-110.24	-38.13	134.15
2023-06-19T19:33:52	2316.84	976.07	930.76	-109.58	-38.31	133.99
2023-06-19T19:33:54	2312.70	986.00	929.09	-108.80	-38.44	133.79
2023-06-19T19:33:56	2308.56	995.93	927.40	-107.84	-38.62	133.48
2023-06-19T19:33:58	2304.41	1005.85	925.72	-106.71	-38.85	133.04
2023-06-19T19:34:00	2300.24	1015.77	924.04	-106.01	-39.21	132.94
2023-06-19T19:34:02	2296.07	1025.69	922.34	-105.34	-39.65	132.90
2023-06-19T19:34:04	2291.88	1035.60	920.65	-105.33	-39.99	133.80
2023-06-19T19:34:06	2287.69	1045.50	918.95	-105.36	-40.33	134.63
2023-06-19T19:34:08	2283.48	1055.40	917.24	-105.37	-40.70	135.29
2023-06-19T19:34:10	2279.26	1065.30	915.53	-105.35	-41.10	135.75
2023-06-19T19:34:12	2275.04	1075.19	913.82	-105.28	-41.54	135.99
2023-06-19T19:34:14	2270.80	1085.07	912.10	-105.15	-42.02	135.95
2023-06-19T19:34:16	2266.55	1094.95	910.38	-104.79	-42.56	135.59
2023-06-19T19:34:18	2262.29	1104.83	908.66	-104.39	-43.06	135.28
2023-06-19T19:34:20	2258.02	1114.70	906.93	-103.94	-43.52	135.01
2023-06-19T19:34:22	2253.75	1124.56	905.19	-103.44	-43.92	134.78
2023-06-19T19:34:24	2249.46	1134.42	903.45	-102.90	-44.26	134.59
2023-06-19T19:34:26	2245.16	1144.28	901.71	-102.32	-44.60	134.88
2023-06-19T19:34:28	2240.85	1154.13	899.96	-101.66	-45.02	135.78
2023-06-19T19:34:30	2236.53	1163.98	898.21	-100.91	-45.37	136.51
2023-06-19T19:34:32	2232.20	1173.81	896.46	-100.09	-45.68	137.09
2023-06-19T19:34:34	2227.86	1183.65	894.70	-99.20	-45.94	137.52
2023-06-19T19:34:36	2223.51	1193.47	892.94	-98.23	-46.15	137.82
2023-06-19T19:34:38	2219.15	1203.30	891.17	-97.23	-46.15	138.09
2023-06-19T19:34:40	2214.78	1213.12	889.40	-96.24	-46.02	138.39
2023-06-19T19:34:42	2210.40	1222.93	887.62	-95.26	-45.95	138.64
2023-06-19T19:34:44	2206.00	1232.73	885.84	-94.31	-45.97	138.83
2023-06-19T19:34:46	2201.60	1242.54	884.06	-93.40	-46.08	138.98
2023-06-19T19:34:48	2197.19	1252.33	882.27	-92.52	-46.30	139.08
2023-06-19T19:34:50	2192.77	1262.12	880.48	-91.78	-46.78	139.03
2023-06-19T19:34:52	2188.34	1271.90	878.69	-91.19	-47.32	139.09
2023-06-19T19:34:54	2183.90	1281.68	876.89	-90.67	-47.75	139.38
2023-06-19T19:34:56	2179.45	1291.45	875.08	-90.08	-48.14	139.64
2023-06-19T19:34:58	2174.99	1301.22	873.28	-89.43	-48.48	139.86
2023-06-19T19:35:00	2170.51	1310.98	871.46	-88.71	-48.78	140.04
2023-06-19T19:35:02	2166.03	1320.73	869.65	-87.80	-48.36	140.14
2023-06-19T19:35:04	2161.54	1330.48	867.83	-86.82	-47.82	140.15
2023-06-19T19:35:06	2157.04	1340.22	866.00	-85.81	-47.28	140.08
2023-06-19T19:35:08	2152.53	1349.96	864.18	-84.77	-46.77	139.94
2023-06-19T19:35:10	2148.01	1359.69	862.34	-83.71	-46.27	139.75
2023-06-19T19:35:12	2143.48	1369.41	860.51	-82.65	-45.81	139.49
2023-06-19T19:35:14	2138.94	1379.13	858.67	-82.35	-46.28	139.33
2023-06-19T19:35:16	2134.39	1388.84	856.83	-82.17	-46.80	139.16
2023-06-19T19:35:18	2129.83	1398.54	854.98	-82.14	-47.37	139.03
2023-06-19T19:35:20	2125.27	1408.24	853.13	-82.01	-47.96	138.94
2023-06-19T19:35:22	2120.69	1417.94	851.28	-81.80	-48.44	138.87
2023-06-19T19:35:24	2116.10	1427.62	849.42	-81.45	-48.77	138.79
2023-06-19T19:35:26	2111.50	1437.30	847.56	-80.63	-48.81	138.54
2023-06-19T19:35:28	2106.90	1446.97	845.69	-79.72	-48.86	138.27
2023-06-19T19:35:30	2102.28	1456.64	843.82	-78.75	-48.91	137.98
2023-06-19T19:35:32	2097.66	1466.30	841.94	-77.71	-48.96	137.68
2023-06-19T19:35:34	2093.02	1475.95	840.07	-76.60	-49.01	137.35
2023-06-19T19:35:36	2088.37	1485.60	838.18	-75.56	-49.02	137.07
2023-06-19T19:35:38	2083.72	1495.24	836.30	-75.08	-48.80	137.19
2023-06-19T19:35:40	2079.06	1504.87	834.41	-74.67	-48.55	137.34
2023-06-19T19:35:42	2074.39	1514.50	832.52	-74.37	-48.30	137.48
2023-06-19T19:35:44	2069.70	1524.12	830.62	-74.21	-48.16	137.64
2023-06-19T19:35:46	2065.01	1533.73	828.72	-73.96	-48.02	137.83
2023-06-19T19:35:48	2060.31	1543.34	826.82	-73.47	-47.96	137.94
2023-06-19T19:35:50	2055.60	1552.94	824.91	-72.43	-48.14	137.77
2023-06-19T19:35:52	2050.89	1562.53	823.00	-71.41	-48.28	137.64
2023-06-19T19:35:54	2046.16	1572.11	821.08	-70.41	-48.36	137.55
2023-06-19T19:35:56	2041.42	1581.69	819.16	-69.39	-48.40	137.47
2023-06-19T19:35:58	2036.68	1591.26	817.24	-68.36	-48.40	137.42
2023-06-19T19:36:00	2031.92	1600.83	815.32	-67.39	-48.30	137.33
2023-06-19T19:36:02	2027.16	1610.39	813.39	-66.67	-48.04	137.11
2023-06-19T19:36:04	2022.39	1619.94	811.46	-66.00	-47.81	136.88
2023-06-19T19:36:06	2017.61	1629.48	809.52	-65.40	-47.58	136.65
2023-06-19T19:36:08	2012.82	1639.02	807.58	-64.84	-47.29	136.31
2023-06-19T19:36:10	2008.02	1648.54	805.63	-64.28	-46.97	135.96
2023-06-19T19:36:12	2003.21	1658.07	803.69	-63.69	-46.63	135.55
2023-06-19T19:36:14	1998.39	1667.58	801.74	-63.05	-46.28	135.02
2023-06-19T19:36:16	1993.57	1677.09	799.78	-62.35	-46.01	134.45
2023-06-19T19:36:18	1988.74	1686.59	797.82	-61.59	-45.81	133.85
2023-06-19T19:36:20	1983.89	1696.08	795.86	-60.74	-45.67	133.23
2023-06-19T19:36:22	1979.04	1705.57	793.90	-59.82	-45.59	132.56
2023-06-19T19:36:24	1974.18	1715.04	791.93	-58.86	-45.50	131.97
2023-06-19T19:36:26	1969.32	1724.51	789.96	-58.03	-45.23	131.81
2023-06-19T19:36:28	1964.44	1733.98	787.98	-57.32	-44.97	131.72
2023-06-19T19:36:30	1959.56	1743.43	786.01	-56.75	-44.71	131.79
2023-06-19T19:36:32	1954.66	1752.88	784.02	-56.25	-44.39	132.10
2023-06-19T19:36:34	1949.76	1762.32	782.04	-55.65	-44.04	132.40
2023-06-19T19:36:36	1944.85	1771.75	780.05	-54.98	-43.73	132.61
2023-06-19T19:36:38	1939.93	1781.18	778.06	-54.41	-43.65	132.36
2023-06-19T19:36:40	1935.01	1790.60	776.06	-53.87	-43.57	131.98
2023-06-19T19:36:42	1930.07	1800.01	774.07	-53.38	-43.50	131.50
2023-06-19T19:36:44	1925.13	1809.41	772.06	-52.93	-43.45	130.92
2023-06-19T19:36:46	1920.18	1818.81	770.06	-52.53	-43.40	130.26
2023-06-19T19:36:48	1915.22	1828.20	768.05	-52.15	-43.34	129.58
2023-06-19T19:36:50	1910.26	1837.58	766.04	-51.43	-43.03	129.15
2023-06-19T19:36:52	1905.28	1846.95	764.02	-50.61	-42.69	128.61
2023-06-19T19:36:54	1900.30	1856.31	762.01	-49.80	-42.34	128.32
2023-06-19T19:36:56	1895.31	1865.67	759.99	-48.98	-41.96	128.17
2023-06-19T19:36:58	1890.31	1875.02	757.96	-48.15	-41.55	128.01
2023-06-19T19:37:00	1885.31	1884.36	755.94	-47.32	-41.13	127.84
2023-06-19T19:37:02	1880.29	1893.69	753.90	-46.86	-41.00	128.03
2023-06-19T19:37:04	1875.27	1903.02	751.87	-46.36	-40.82	128.07
2023-06-19T19:37:06	1870.24	1912.34	749.83	-45.82	-40.60	127.98
2023-06-19T19:37:08	1865.21	1921.65	747.80	-45.25	-40.33	127.74
2023-06-19T19:37:10	1860.16	1930.95	745.75	-44.65	-40.00	127.36
2023-06-19T19:37:12	1855.11	1940.24	743.71	-44.03	-39.59	126.81
2023-06-19T19:37:14	1850.05	1949.53	741.66	-43.63	-39.35	126.33
2023-06-19T19:37:16	1844.98	1958.81	739.61	-43.28	-39.25	125.99
2023-06-19T19:37:18	1839.91	1968.08	737.55	-42.89	-39.16	125.76
2023-06-19T19:37:20	1834.83	1977.34	735.49	-42.49	-38.95	125.50
2023-06-19T19:37:22	1829.74	1986.60	733.43	-42.10	-38.63	125.21
2023-06-19T19:37:24	1824.64	1995.84	731.37	-41.73	-38.21	124.90
2023-06-19T19:37:26	1819.54	2005.08	729.30	-41.14	-37.69	124.78
2023-06-19T19:37:28	1814.43	2014.32	727.23	-40.43	-37.23	124.72
2023-06-19T19:37:30	1809.31	2023.54	725.16	-39.69	-36.83	124.61
2023-06-19T19:37:32	1804.19	2032.75	723.09	-38.94	-36.49	124.46
2023-06-19T19:37:34	1799.05	2041.96	721.01	-38.14	-36.21	124.24
2023-06-19T19:37:36	1793.91	2051.16	718.93	-37.31	-35.97	123.96
2023-06-19T19:37:38	1788.77	2060.35	716.84	-36.51	-35.61	123.59
2023-06-19T19:37:40	1783.62	2069.53	714.76	-35.86	-35.12	123.12
2023-06-19T19:37:42	1778.46	2078.71	712.67	-35.26	-34.68	122.67
2023-06-19T19:37:44	1773.29	2087.87	710.57	-34.73	-34.29	122.25
2023-06-19T19:37:46	1768.11	2097.03	708.48	-34.26	-33.98	121.87
2023-06-19T19:37:48	1762.93	2106.18	706.38	-33.87	-33.74	121.51
2023-06-19T19:37:50	1757.74	2115.32	704.28	-33.54	-33.67	121.22
2023-06-19T19:37:52	1752.55	2124.46	702.18	-33.19	-33.89	120.99
2023-06-19T19:37:54	1747.35	2133.58	700.07	-32.80	-34.12	120.72
2023-06-19T19:37:56	1742.14	2142.70	697.96	-32.38	-34.35	120.41
2023-06-19T19:37:58	1736.93	2151.81	695.85	-31.91	-34.57	120.04
2023-06-19T19:38:00	1731.71	2160.91	693.74	-31.39	-34.72	119.59
2023-06-19T19:38:02	1726.48	2170.01	691.62	-30.71	-34.48	119.06
2023-06-19T19:38:04	1721.25	2179.09	689.50	-30.29	-34.07	118.44
2023-06-19T19:38:06	1716.01	2188.17	687.38	-29.83	-33.68	117.83
2023-06-19T19:38:08	1710.76	2197.24	685.26	-29.31	-33.30	117.25
2023-06-19T19:38:10	1705.51	2206.30	683.13	-28.74	-32.94	116.71
2023-06-19T19:38:12	1700.25	2215.35	681.00	-28.14	-32.61	116.30
2023-06-19T19:38:14	1694.98	2224.39	678.87	-27.49	-32.32	115.92
2023-06-19T19:38:16	1689.71	2233.43	676.73	-27.10	-31.68	115.84
2023-06-19T19:38:18	1684.43	2242.46	674.60	-26.85	-30.82	115.85
2023-06-19T19:38:20	1679.15	2251.48	672.46	-26.56	-29.91	115.81
2023-06-19T19:38:22	1673.86	2260.49	670.31	-26.31	-28.99	115.71
2023-06-19T19:38:24	1668.56	2269.49	668.17	-26.20	-28.22	115.49
2023-06-19T19:38:26	1663.26	2278.49	666.02	-26.07	-27.52	115.23
2023-06-19T19:38:28	1657.95	2287.47	663.88	-25.86	-27.09	114.91
2023-06-19T19:38:30	1652.64	2296.45	661.72	-25.52	-27.10	114.50
2023-06-19T19:38:32	1647.32	2305.42	659.57	-25.17	-27.08	114.03
2023-06-19T19:38:34	1641.99	2314.38	657.41	-24.80	-27.02	113.53
2023-06-19T19:38:36	1636.66	2323.34	655.25	-24.40	-26.92	112.98
2023-06-19T19:38:38	1631.32	2332.28	653.09	-23.97	-26.77	112.38
2023-06-19T19:38:40	1625.98	2341.22	650.93	-23.49	-26.57	111.74
2023-06-19T19:38:42	1620.63	2350.15	648.76	-22.87	-26.01	111.44
2023-06-19T19:38:44	1615.27	2359.07	646.60	-22.27	-25.52	111.32
2023-06-19T19:38:46	1609.91	2367.99	644.43	-21.78	-25.10	111.20
2023-06-19T19:38:48	1604.55	2376.89	642.25	-21.34	-24.65	110.97
2023-06-19T19:38:50	1599.18	2385.79	640.08	-20.97	-24.20	110.60
2023-06-19T19:38:52	1593.80	2394.67	637.90	-20.67	-23.75	110.08
2023-06-19T19:38:54	1588.42	2403.55	635.72	-20.47	-23.53	109.38
2023-06-19T19:38:56	1583.03	2412.43	633.54	-20.26	-23.54	108.68
2023-06-19T19:38:58	1577.64	2421.29	631.36	-19.95	-23.57	108.02
2023-06-19T19:39:00	1572.24	2430.14	629.17	-19.52	-23.57	107.41
2023-06-19T19:39:02	1566.83	2438.99	626.99	-18.96	-23.53	106.85
2023-06-19T19:39:04	1561.42	2447.83	624.80	-18.24	-23.43	106.40
2023-06-19T19:39:06	1556.01	2456.66	622.61	-17.64	-23.17	106.35
2023-06-19T19:39:08	1550.59	2465.48	620.41	-17.21	-22.79	106.72
2023-06-19T19:39:10	1545.17	2474.30	618.22	-16.91	-22.52	107.00
2023-06-19T19:39:12	1539.74	2483.10	616.02	-16.73	-22.32	107.17
2023-06-19T19:39:14	1534.30	2491.90	613.82	-16.65	-22.19	107.24
2023-06-19T19:39:16	1528.86	2500.69	611.62	-16.66	-22.10	107.21
2023-06-19T19:39:18	1523.42	2509.47	609.41	-16.75	-22.03	107.07
2023-06-19T19:39:20	1517.97	2518.24	607.21	-16.95	-21.86	106.82
2023-06-19T19:39:22	1512.51	2527.01	605.00	-17.10	-21.55	106.54
2023-06-19T19:39:24	1507.06	2535.77	602.78	-17.12	-21.21	106.21
2023-06-19T19:39:26	1501.59	2544.51	600.57	-16.92	-20.80	105.87
2023-06-19T19:39:28	1496.12	2553.26	598.36	-16.47	-20.38	105.54
2023-06-19T19:39:30	1490.65	2561.99	596.15	-15.96	-20.01	105.21
2023-06-19T19:39:32	1485.17	2570.71	593.93	-15.39	-19.68	104.88
2023-06-19T19:39:34	1479.69	2579.43	591.71	-14.53	-19.04	104.56
2023-06-19T19:39:36	1474.20	2588.13	589.49	-13.79	-18.39	104.23
2023-06-19T19:39:38	1468.71	2596.84	587.26	-13.18	-17.74	103.90
2023-06-19T19:39:40	1463.21	2605.53	585.04	-12.68	-17.11	103.56
2023-06-19T19:39:42	1457.71	2614.21	582.81	-12.30	-16.49	103.22
2023-06-19T19:39:44	1452.20	2622.89	580.58	-12.03	-15.90	102.87
2023-06-19T19:39:46	1446.69	2631.55	578.35	-12.00	-15.74	102.45
2023-06-19T19:39:48	1441.18	2640.21	576.12	-12.24	-16.19	101.60
2023-06-19T19:39:50	1435.66	2648.86	573.88	-12.49	-16.54	100.79
2023-06-19T19:39:52	1430.14	2657.51	571.65	-12.73	-16.80	100.04
2023-06-19T19:39:54	1424.61	2666.14	569.41	-12.96	-16.98	99.35
2023-06-19T19:39:56	1419.07	2674.77	567.17	-13.09	-17.08	98.76
2023-06-19T19:39:58	1413.54	2683.39	564.93	-13.13	-17.07	98.22
2023-06-19T19:40:00	1408.00	2692.00	562.69	-12.73	-16.47	97.82
2023-06-19T19:40:02	1402.45	2700.60	560.44	-12.32	-15.76	97.61
2023-06-19T19:40:04	1396.90	2709.20	558.20	-11.96	-15.09	97.57
2023-06-19T19:40:06	1391.35	2717.78	555.95	-11.66	-14.47	97.71
2023-06-19T19:40:08	1385.80	2726.36	553.70	-11.28	-13.96	97.88
2023-06-19T19:40:10	1380.23	2734.93	551.45	-10.80	-13.49	97.94
2023-06-19T19:40:12	1374.67	2743.50	549.20	-10.31	-13.05	97.90
2023-06-19T19:40:14	1369.10	2752.05	546.94	-9.93	-12.78	97.61
2023-06-19T19:40:16	1363.53	2760.60	544.69	-9.56	-12.48	97.23
2023-06-19T19:40:18	1357.95	2769.14	542.43	-9.19	-12.17	96.79
2023-06-19T19:40:20	1352.37	2777.67	540.17	-8.83	-11.88	96.27
2023-06-19T19:40:22	1346.78	2786.19	537.91	-8.48	-11.63	95.69
2023-06-19T19:40:24	1341.20	2794.71	535.65	-8.13	-11.46	95.05
2023-06-19T19:40:26	1335.60	2803.22	533.38	-7.90	-11.55	94.49
2023-06-19T19:40:28	1330.01	2811.72	531.12	-7.87	-11.82	94.04
2023-06-19T19:40:30	1324.41	2820.21	528.85	-7.88	-11.98	93.62
2023-06-19T19:40:32	1318.81	2828.69	526.58	-7.87	-12.06	93.25
2023-06-19T19:40:34	1313.20	2837.17	524.31	-7.84	-12.07	92.92
2023-06-19T19:40:36	1307.59	2845.64	522.04	-7.80	-11.98	92.65
2023-06-19T19:40:38	1301.98	2854.09	519.77	-7.75	-11.81	92.42
2023-06-19T19:40:40	1296.36	2862.55	517.50	-7.46	-11.44	92.07
2023-06-19T19:40:42	1290.74	2870.99	515.22	-7.10	-11.00	91.65
2023-06-19T19:40:44	1285.11	2879.43	512.94	-6.76	-10.54	91.23
2023-06-19T19:40:46	1279.48	2887.86	510.67	-6.46	-10.05	90.81
2023-06-19T19:40:48	1273.85	2896.28	508.39	-6.19	-9.56	90.38
2023-06-19T19:40:50	1268.22	2904.70	506.10	-5.92	-9.21	89.86
2023-06-19T19:40:52	1262.58	2913.10	503.82	-5.64	-8.84	89.31
2023-06-19T19:40:54	1256.94	2921.50	501.54	-5.45	-8.91	89.14
2023-06-19T19:40:56	1251.30	2929.89	499.26	-5.31	-9.00	89.13
2023-06-19T19:40:58	1245.65	2938.27	496.97	-5.22	-9.06	89.24
2023-06-19T19:41:00	1240.00	2946.65	494.68	-5.16	-9.09	89.47
2023-06-19T19:41:02	1234.34	2955.02	492.39	-5.14	-9.08	89.80
2023-06-19T19:41:04	1228.69	2963.38	490.10	-5.13	-9.01	90.21
2023-06-19T19:41:06	1223.03	2971.73	487.81	-5.11	-8.88	90.61
2023-06-19T19:41:08	1217.36	2980.08	485.52	-4.89	-8.83	90.28
2023-06-19T19:41:10	1211.69	2988.41	483.22	-4.59	-8.90	89.62
2023-06-19T19:41:12	1206.03	2996.74	480.93	-4.22	-8.87	88.98
2023-06-19T19:41:14	1200.35	3005.06	478.64	-3.81	-8.75	88.37
2023-06-19T19:41:16	1194.68	3013.38	476.34	-3.38	-8.58	87.76
2023-06-19T19:41:18	1189.00	3021.69	474.04	-2.95	-8.36	87.16
2023-06-19T19:41:20	1183.32	3029.99	471.74	-2.59	-8.04	86.52
2023-06-19T19:41:22	1177.63	3038.28	469.44	-2.43	-7.49	85.81
2023-06-19T19:41:24	1171.94	3046.56	467.14	-2.31	-6.99	85.12
2023-06-19T19:41:26	1166.25	3054.84	464.83	-2.23	-6.51	84.46
2023-06-19T19:41:28	1160.56	3063.11	462.53	-2.20	-6.01	83.81
2023-06-19T19:41:30	1154.87	3071.37	460.22	-2.25	-5.52	83.12
2023-06-19T19:41:32	1149.17	3079.63	457.92	-2.29	-5.09	82.35
2023-06-19T19:41:34	1143.47	3087.88	455.61	-2.32	-4.95	81.80
2023-06-19T19:41:36	1137.76	3096.12	453.30	-2.31	-5.28	81.89
2023-06-19T19:41:38	1132.06	3104.35	450.99	-2.23	-5.62	82.07
2023-06-19T19:41:40	1126.35	3112.57	448.68	-2.07	-5.86	82.28
2023-06-19T19:41:42	1120.64	3120.79	446.37	-1.86	-6.01	82.51
2023-06-19T19:41:44	1114.92	3129.00	444.06	-1.58	-6.03	82.73
2023-06-19T19:41:46	1109.20	3137.21	441.74	-1.24	-5.92	82.95
2023-06-19T19:41:48	1103.48	3145.40	439.42	-0.87	-5.62	83.08
2023-06-19T19:41:50	1097.76	3153.59	437.11	-0.60	-5.17	83.21
2023-06-19T19:41:52	1092.04	3161.77	434.79	-0.32	-4.79	83.17
2023-06-19T19:41:54	1086.31	3169.95	432.47	-0.07	-4.46	82.95
2023-06-19T19:41:56	1080.58	3178.12	430.15	0.15	-4.15	82.56
2023-06-19T19:41:58	1074.85	3186.28	427.83	0.32	-3.85	82.00
2023-06-19T19:42:00	1069.11	3194.43	425.51	0.40	-3.54	81.28
2023-06-19T19:42:02	1063.38	3202.58	423.19	0.41	-3.28	80.47
2023-06-19T19:42:04	1057.64	3210.71	420.87	0.43	-3.22	79.82
2023-06-19T19:42:06	1051.90	3218.85	418.55	0.42	-3.29	79.32
2023-06-19T19:42:08	1046.15	3226.97	416.22	0.42	-3.52	78.97
2023-06-19T19:42:10	1040.41	3235.09	413.89	0.33	-3.67	78.99
2023-06-19T19:42:12	1034.66	3243.20	411.57	0.19	-3.80	79.05
2023-06-19T19:42:14	1028.91	3251.30	409.24	-0.02	-3.93	79.14
2023-06-19T19:42:16	1023.16	3259.40	406.91	-0.30	-3.91	79.18
2023-06-19T19:42:18	1017.40	3267.49	404.58	-0.52	-3.55	78.93
2023-06-19T19:42:20	1011.64	3275.57	402.25	-0.71	-3.20	78.38
2023-06-19T19:42:22	1005.89	3283.64	399.92	-0.86	-2.85	77.53
2023-06-19T19:42:24	1000.12	3291.71	397.59	-0.97	-2.48	76.36
2023-06-19T19:42:26	994.36	3299.77	395.26	-0.84	-2.13	75.07
2023-06-19T19:42:28	988.59	3307.83	392.92	-0.59	-1.81	73.64
2023-06-19T19:42:30	982.83	3315.87	390.59	0.10	-1.68	73.04
2023-06-19T19:42:32	977.06	3323.91	388.25	0.58	-1.43	73.31
2023-06-19T19:42:34	971.29	3331.95	385.92	0.90	-1.20	73.53
2023-06-19T19:42:36	965.51	3339.97	383.58	1.06	-0.97	73.71
2023-06-19T19:42:38	959.74	3347.99	381.24	1.09	-0.77	73.87
2023-06-19T19:42:40	953.96	3356.01	378.91	0.98	-0.59	74.04
2023-06-19T19:42:42	948.18	3364.01	376.57	0.76	-0.43	74.24
2023-06-19T19:42:44	942.40	3372.01	374.22	0.49	-0.36	74.43
2023-06-19T19:42:46	936.62	3380.00	371.88	0.69	-0.69	74.28
2023-06-19T19:42:48	930.83	3387.99	369.54	0.91	-0.98	74.07
2023-06-19T19:42:50	925.05	3395.97	367.20	1.31	-1.02	73.76
2023-06-19T19:42:52	919.26	3403.94	364.86	1.70	-1.02	73.38
2023-06-19T19:42:54	913.47	3411.91	362.51	2.09	-1.00	72.95
2023-06-19T19:42:56	907.68	3419.86	360.17	2.50	-0.94	72.45
2023-06-19T19:42:58	901.88	3427.82	357.82	2.92	-0.87	71.91
2023-06-19T19:43:00	896.09	3435.76	355.48	3.26	-0.66	71.60
2023-06-19T19:43:02	890.29	3443.70	353.13	3.53	-0.42	71.24
2023-06-19T19:43:04	884.49	3451.64	350.78	3.72	-0.16	70.85
2023-06-19T19:43:06	878.69	3459.56	348.44	3.80	0.13	70.43
2023-06-19T19:43:08	872.89	3467.48	346.09	3.75	0.45	70.07
2023-06-19T19:43:10	867.08	3475.39	343.74	3.66	0.76	69.85
2023-06-19T19:43:12	861.28	3483.30	341.39	3.58	0.99	69.59
2023-06-19T19:43:14	855.47	3491.20	339.04	3.44	0.90	69.36
2023-06-19T19:43:16	849.66	3499.09	336.69	3.35	0.70	69.11
2023-06-19T19:43:18	843.85	3506.98	334.34	3.34	0.52	68.84
2023-06-19T19:43:20	838.04	3514.86	331.98	3.41	0.36	68.57
2023-06-19T19:43:22	832.23	3522.73	329.63	3.55	0.22	68.28
2023-06-19T19:43:24	826.41	3530.60	327.28	3.75	0.11	67.98
2023-06-19T19:43:26	820.60	3538.46	324.92	4.01	0.03	67.67
2023-06-19T19:43:28	814.78	3546.31	322.57	4.27	0.09	67.55
2023-06-19T19:43:30	808.96	3554.16	320.21	4.46	0.25	67.67
2023-06-19T19:43:32	803.14	3562.00	317.86	4.66	0.38	67.80
2023-06-19T19:43:34	797.32	3569.84	315.50	4.85	0.50	67.92
2023-06-19T19:43:36	791.49	3577.67	313.14	5.03	0.61	68.01
2023-06-19T19:43:38	785.67	3585.49	310.79	5.17	0.73	68.07
2023-06-19T19:43:40	779.84	3593.31	308.43	5.27	0.87	68.07
2023-06-19T19:43:42	774.02	3601.11	306.07	5.28	1.03	67.98
2023-06-19T19:43:44	768.19	3608.92	303.71	4.97	1.09	67.79
2023-06-19T19:43:46	762.36	3616.71	301.35	4.63	1.12	67.71
2023-06-19T19:43:48	756.53	3624.51	298.99	4.38	1.09	67.62
2023-06-19T19:43:50	750.70	3632.29	296.63	4.20	1.01	67.47
2023-06-19T19:43:52	744.86	3640.07	294.27	4.04	0.92	67.30
2023-06-19T19:43:54	739.03	3647.84	291.91	3.92	0.83	67.08
2023-06-19T19:43:56	733.19	3655.61	289.55	3.82	0.76	66.80
2023-06-19T19:43:58	727.35	3663.37	287.18	4.05	0.76	66.35
2023-06-19T19:44:00	721.52	3671.12	284.82	4.32	0.81	65.89
2023-06-19T19:44:02	715.68	3678.87	282.45	4.53	0.91	65.46
2023-06-19T19:44:04	709.84	3686.62	280.09	4.67	1.05	65.17
2023-06-19T19:44:06	703.99	3694.35	277.73	4.74	1.21	64.97
2023-06-19T19:44:08	698.15	3702.08	275.36	4.78	1.22	64.82
2023-06-19T19:44:10	692.31	3709.81	272.99	4.78	1.15	64.70
2023-06-19T19:44:12	686.46	3717.52	270.63	4.78	0.94	64.62
2023-06-19T19:44:14	680.61	3725.23	268.26	4.81	0.63	64.61
2023-06-19T19:44:16	674.77	3732.94	265.90	4.82	0.35	64.66
2023-06-19T19:44:18	668.92	3740.64	263.53	4.83	0.11	64.78
2023-06-19T19:44:20	663.07	3748.34	261.16	4.84	-0.12	65.01
2023-06-19T19:44:22	657.22	3756.02	258.79	4.87	-0.32	65.36
2023-06-19T19:44:24	651.37	3763.70	256.42	4.93	-0.52	65.86
2023-06-19T19:44:26	645.51	3771.38	254.06	5.02	-0.70	66.51
2023-06-19T19:44:28	639.66	3779.05	251.69	4.45	-0.41	65.96
2023-06-19T19:44:30	633.81	3786.72	249.32	3.91	-0.17	65.51
2023-06-19T19:44:32	627.95	3794.38	246.95	3.42	0.01	65.15
2023-06-19T19:44:34	622.10	3802.03	244.58	2.98	0.11	64.86
2023-06-19T19:44:36	616.24	3809.68	242.20	2.59	0.13	64.64
2023-06-19T19:44:38	610.38	3817.32	239.83	2.24	0.06	64.47
2023-06-19T19:44:40	604.52	3824.95	237.46	1.95	-0.11	64.35
2023-06-19T19:44:42	598.66	3832.58	235.09	1.94	-0.14	64.18
2023-06-19T19:44:44	592.80	3840.21	232.72	2.16	0.08	63.89
2023-06-19T19:44:46	586.94	3847.82	230.35	2.40	0.32	63.45
2023-06-19T19:44:48	581.08	3855.44	227.97	2.65	0.53	62.80
2023-06-19T19:44:50	575.21	3863.04	225.60	2.78	0.69	62.12
2023-06-19T19:44:52	569.35	3870.65	223.23	2.81	0.80	61.45
2023-06-19T19:44:54	563.48	3878.24	220.85	2.77	0.84	60.81
2023-06-19T19:44:56	557.62	3885.83	218.48	2.65	0.81	60.19
2023-06-19T19:44:58	551.75	3893.42	216.10	2.41	0.61	59.98
2023-06-19T19:45:00	545.88	3901.00	213.73	2.26	0.50	59.79
2023-06-19T19:45:02	540.02	3908.57	211.35	2.21	0.46	59.62
2023-06-19T19:45:04	534.15	3916.14	208.98	2.26	0.51	59.49
2023-06-19T19:45:06	528.28	3923.70	206.60	2.41	0.75	59.31
2023-06-19T19:45:08	522.41	3931.26	204.22	2.56	1.11	58.99
2023-06-19T19:45:10	516.54	3938.81	201.85	2.69	1.49	58.60
2023-06-19T19:45:12	510.67	3946.35	199.47	2.71	1.78	58.08
2023-06-19T19:45:14	504.79	3953.89	197.09	2.57	1.96	57.49
2023-06-19T19:45:16	498.92	3961.43	194.72	2.37	2.17	56.98
2023-06-19T19:45:18	493.05	3968.96	192.34	2.11	2.41	56.58
2023-06-19T19:45:20	487.17	3976.48	189.96	1.77	2.68	56.28
2023-06-19T19:45:22	481.30	3984.00	187.58	1.36	2.98	56.11
2023-06-19T19:45:24	475.42	3991.51	185.21	0.86	3.33	56.07
2023-06-19T19:45:26	469.55	3999.02	182.83	0.50	3.35	56.02
2023-06-19T19:45:28	463.67	4006.52	180.45	0.77	3.39	55.70
2023-06-19T19:45:30	457.80	4014.02	178.07	1.08	3.51	55.41
2023-06-19T19:45:32	451.92	4021.51	175.69	1.30	3.68	55.21
2023-06-19T19:45:34	446.04	4029.00	173.31	1.43	3.91	55.12
2023-06-19T19:45:36	440.16	4036.48	170.93	1.46	4.21	55.17
2023-06-19T19:45:38	434.28	4043.96	168.55	1.41	4.58	55.36
2023-06-19T19:45:40	428.40	4051.43	166.17	1.32	4.77	55.62
2023-06-19T19:45:42	422.52	4058.89	163.79	1.12	4.90	55.88
2023-06-19T19:45:44	416.64	4066.35	161.41	0.91	4.60	55.79
2023-06-19T19:45:46	410.76	4073.81	159.03	1.10	4.17	55.31
2023-06-19T19:45:48	404.88	4081.26	156.65	1.39	3.82	54.72
2023-06-19T19:45:50	398.99	4088.70	154.27	1.76	3.56	54.04
2023-06-19T19:45:52	393.11	4096.14	151.89	2.20	3.35	53.27
2023-06-19T19:45:54	387.23	4103.58	149.50	2.72	3.20	52.43
2023-06-19T19:45:56	381.34	4111.01	147.12	3.30	3.08	51.52
2023-06-19T19:45:58	375.46	4118.43	144.74	3.90	2.98	50.21
2023-06-19T19:46:00	369.57	4125.85	142.36	4.43	2.85	48.52
2023-06-19T19:46:02	363.69	4133.26	139.98	4.89	2.69	46.80
2023-06-19T19:46:04	357.80	4140.67	137.59	5.19	2.57	45.20
2023-06-19T19:46:06	351.92	4148.08	135.21	5.22	2.50	43.82
2023-06-19T19:46:08	346.03	4155.48	132.83	5.15	2.36	42.35
2023-06-19T19:46:10	340.14	4162.87	130.44	4.96	2.15	40.75
2023-06-19T19:46:12	334.26	4170.26	128.06	4.67	1.88	39.02
2023-06-19T19:46:14	328.37	4177.64	125.68	4.31	1.67	37.69
2023-06-19T19:46:16	322.48	4185.02	123.29	3.99	1.49	36.47
2023-06-19T19:46:18	316.59	4192.39	120.91	3.72	1.32	35.26
2023-06-19T19:46:20	310.70	4199.76	118.53	3.51	1.17	34.09
2023-06-19T19:46:22	304.82	4207.13	116.14	3.38	1.04	32.98
2023-06-19T19:46:24	298.93	4214.49	113.76	3.34	0.96	32.00
2023-06-19T19:46:26	293.04	4221.84	111.37	3.30	0.90	31.09
2023-06-19T19:46:28	287.15	4229.19	108.99	3.18	0.74	30.08
2023-06-19T19:46:30	281.26	4236.54	106.61	3.19	0.52	29.33
2023-06-19T19:46:32	275.37	4243.87	104.22	3.22	0.28	28.56
2023-06-19T19:46:34	269.48	4251.21	101.84	3.26	0.03	27.77
2023-06-19T19:46:36	263.59	4258.54	99.45	3.30	-0.21	26.97
2023-06-19T19:46:38	257.69	4265.86	97.07	3.33	-0.45	26.18
2023-06-19T19:46:40	251.80	4273.18	94.68	3.34	-0.66	25.40
2023-06-19T19:46:42	245.91	4280.50	92.30	3.33	-0.84	24.65
2023-06-19T19:46:44	240.02	4287.81	89.91	3.13	-0.95	23.62
2023-06-19T19:46:46	234.13	4295.12	87.53	2.79	-0.97	22.52
2023-06-19T19:46:48	228.24	4302.42	85.14	2.50	-0.98	21.46
2023-06-19T19:46:50	222.34	4309.72	82.76	2.25	-0.99	20.43
2023-06-19T19:46:52	216.45	4317.01	80.37	2.03	-0.99	19.43
2023-06-19T19:46:54	210.55	4324.29	77.98	1.85	-0.98	18.45
2023-06-19T19:46:56	204.66	4331.58	75.60	1.70	-0.95	17.48
2023-06-19T19:46:58	198.77	4338.85	73.21	1.58	-0.92	16.51
2023-06-19T19:47:00	192.88	4346.13	70.83	1.50	-0.91	15.58
2023-06-19T19:47:02	186.98	4353.40	68.44	1.44	-0.99	14.68
2023-06-19T19:47:04	181.09	4360.66	66.05	1.35	-1.13	13.67
2023-06-19T19:47:06	175.19	4367.92	63.67	1.30	-1.26	12.65
2023-06-19T19:47:08	169.30	4375.18	61.28	1.30	-1.38	11.62
2023-06-19T19:47:10	163.40	4382.43	58.90	1.34	-1.49	10.58
2023-06-19T19:47:12	157.51	4389.67	56.51	1.43	-1.58	9.53
2023-06-19T19:47:14	151.62	4396.91	54.12	1.57	-1.66	8.48
2023-06-19T19:47:16	145.72	4404.15	51.74	1.82	-1.68	7.53
2023-06-19T19:47:18	139.83	4411.38	49.35	2.10	-1.66	6.69
2023-06-19T19:47:20	133.93	4418.61	46.96	2.37	-1.64	5.86
2023-06-19T19:47:22	128.04	4425.83	44.58	2.62	-1.65	5.07
2023-06-19T19:47:24	122.14	4433.05	42.19	2.82	-1.69	4.28
2023-06-19T19:47:26	116.25	4440.27	39.80	3.01	-1.74	3.49
2023-06-19T19:47:28	110.35	4447.48	37.42	3.19	-1.81	2.68
2023-06-19T19:47:30	104.45	4454.68	35.03	3.35	-1.89	1.88
2023-06-19T19:47:32	98.56	4461.88	32.64	3.50	-2.00	1.11
2023-06-19T19:47:34	92.66	4469.08	30.26	3.65	-2.12	0.39
2023-06-19T19:47:36	86.77	4476.27	27.87	3.80	-2.24	-0.33
2023-06-19T19:47:38	80.87	4483.46	25.48	3.95	-2.36	-1.03
2023-06-19T19:47:40	74.98	4490.64	23.10	4.11	-2.47	-1.71
2023-06-19T19:47:42	69.08	4497.83	20.71	4.27	-2.54	-2.35
2023-06-19T19:47:44	63.18	4505.00	18.32	4.43	-2.60	-2.97
2023-06-19T19:47:46	57.29	4512.17	15.94	4.58	-2.64	-3.56
2023-06-19T19:47:48	51.39	4519.34	13.55	4.73	-2.65	-4.04
2023-06-19T19:47:50	45.50	4526.50	11.16	4.89	-2.65	-4.46
2023-06-19T19:47:52	39.60	4533.65	8.77	5.06	-2.65	-4.89
2023-06-19T19:47:54	33.71	4540.81	6.39	5.24	-2.65	-5.32
2023-06-19T19:47:56	27.81	4547.96	4.00	5.44	-2.66	-5.74
2023-06-19T19:47:58	21.91	4555.10	1.61	5.66	-2.67	-6.16
2023-06-19T19:48:00	16.02	4562.24	-0.77	5.89	-2.68	-6.59
2023-06-19T19:48:02	10.12	4569.38	-3.16	5.99	-2.67	-7.06
2023-06-19T19:48:04	4.23	4576.51	-5.55	6.04	-2.70	-7.56
2023-06-19T19:48:06	-1.67	4583.64	-7.93	6.05	-2.75	-8.03
2023-06-19T19:48:08	-7.57	4590.76	-10.32	6.07	-2.81	-8.48
2023-06-19T19:48:10	-13.46	4597.88	-12.71	6.09	-2.89	-8.92
2023-06-19T19:48:12	-19.36	4605.00	-15.10	6.12	-2.97	-9.33
2023-06-19T19:48:14	-25.25	4612.11	-17.49	6.14	-3.07	-9.72
2023-06-19T19:48:16	-31.15	4619.22	-19.87	6.18	-3.19	-10.10
2023-06-19T19:48:18	-37.04	4626.32	-22.26	6.21	-3.32	-10.47
2023-06-19T19:48:20	-42.94	4633.42	-24.64	6.29	-3.48	-10.76
2023-06-19T19:48:22	-48.83	4640.52	-27.03	6.41	-3.67	-11.01
2023-06-19T19:48:24	-54.73	4647.61	-29.42	6.51	-3.85	-11.27
2023-06-19T19:48:26	-60.63	4654.70	-31.81	6.60	-4.01	-11.53
2023-06-19T19:48:28	-66.52	4661.78	-34.19	6.67	-4.17	-11.78
2023-06-19T19:48:30	-72.42	4668.86	-36.58	6.73	-4.32	-12.01
2023-06-19T19:48:32	-78.31	4675.93	-38.96	6.78	-4.46	-12.22
2023-06-19T19:48:34	-84.21	4683.00	-41.35	6.82	-4.59	-12.41
2023-06-19T19:48:36	-90.10	4690.07	-43.74	6.83	-4.67	-12.54
2023-06-19T19:48:38	-96.00	4697.13	-46.13	6.83	-4.70	-12.66
2023-06-19T19:48:40	-101.89	4704.19	-48.51	6.85	-4.71	-12.80
2023-06-19T19:48:42	-107.78	4711.25	-50.90	6.88	-4.71	-12.95
2023-06-19T19:48:44	-113.68	4718.30	-53.28	6.94	-4.70	-13.12
2023-06-19T19:48:46	-119.57	4725.35	-55.67	7.01	-4.67	-13.30
2023-06-19T19:48:48	-125.47	4732.39	-58.06	7.11	-4.62	-13.50
2023-06-19T19:48:50	-131.36	4739.43	-60.45	7.23	-4.56	-13.71
2023-06-19T19:48:52	-137.25	4746.47	-62.83	7.49	-4.50	-13.92
2023-06-19T19:48:54	-143.15	4753.50	-65.22	7.80	-4.43	-14.01
2023-06-19T19:48:56	-149.04	4760.53	-67.61	8.09	-4.35	-14.05
2023-06-19T19:48:58	-154.94	4767.55	-69.99	8.36	-4.26	-14.05
2023-06-19T19:49:00	-160.83	4774.57	-72.38	8.57	-4.27	-14.04
2023-06-19T19:49:02	-166.72	4781.59	-74.76	8.78	-4.29	-14.03
2023-06-19T19:49:04	-172.62	4788.60	-77.15	9.00	-4.32	-14.03
2023-06-19T19:49:06	-178.51	4795.61	-79.53	9.21	-4.35	-14.04
2023-06-19T19:49:08	-184.40	4802.61	-81.92	9.41	-4.39	-14.07
2023-06-19T19:49:10	-190.29	4809.61	-84.31	9.53	-4.43	-14.11
2023-06-19T19:49:12	-196.18	4816.61	-86.69	9.65	-4.46	-14.12
2023-06-19T19:49:14	-202.08	4823.60	-89.08	9.77	-4.47	-14.12
2023-06-19T19:49:16	-207.97	4830.59	-91.46	9.89	-4.47	-14.10
2023-06-19T19:49:18	-213.86	4837.58	-93.85	9.98	-4.42	-14.02
2023-06-19T19:49:20	-219.75	4844.56	-96.23	10.00	-4.32	-13.85
2023-06-19T19:49:22	-225.64	4851.54	-98.62	10.01	-4.25	-13.69
2023-06-19T19:49:24	-231.53	4858.52	-101.00	10.02	-4.20	-13.53
2023-06-19T19:49:26	-237.42	4865.49	-103.39	9.94	-4.29	-13.29
2023-06-19T19:49:28	-243.31	4872.46	-105.77	9.85	-4.39	-13.07
2023-06-19T19:49:30	-249.20	4879.42	-108.16	9.75	-4.49	-12.86
2023-06-19T19:49:32	-255.09	4886.38	-110.54	9.63	-4.59	-12.67
2023-06-19T19:49:34	-260.98	4893.34	-112.93	9.50	-4.70	-12.49
2023-06-19T19:49:36	-266.88	4900.29	-115.31	9.36	-4.82	-12.32
2023-06-19T19:49:38	-272.77	4907.24	-117.70	9.28	-4.81	-12.20
2023-06-19T19:49:40	-278.65	4914.18	-120.08	9.25	-4.65	-12.15
2023-06-19T19:49:42	-284.54	4921.13	-122.47	9.37	-4.40	-12.25
2023-06-19T19:49:44	-290.43	4928.06	-124.85	9.51	-4.17	-12.40
2023-06-19T19:49:46	-296.32	4935.00	-127.24	9.66	-3.97	-12.56
2023-06-19T19:49:48	-302.21	4941.93	-129.62	9.83	-3.81	-12.74
2023-06-19T19:49:50	-308.10	4948.86	-132.01	10.02	-3.68	-12.93
2023-06-19T19:49:52	-313.98	4955.78	-134.39	10.23	-3.57	-13.13
2023-06-19T19:49:54	-319.87	4962.70	-136.77	10.46	-3.47	-13.32
2023-06-19T19:49:56	-325.76	4969.62	-139.16	10.73	-3.38	-13.52
2023-06-19T19:49:58	-331.64	4976.54	-141.54	10.81	-3.25	-13.53
2023-06-19T19:50:00	-337.53	4983.44	-143.93	10.85	-3.09	-13.42
2023-06-19T19:50:02	-343.42	4990.35	-146.31	10.91	-2.92	-13.29
2023-06-19T19:50:04	-349.30	4997.25	-148.69	10.98	-2.74	-13.16
2023-06-19T19:50:06	-355.19	5004.15	-151.08	11.06	-2.56	-13.02
2023-06-19T19:50:08	-361.08	5011.05	-153.46	11.15	-2.38	-12.88
2023-06-19T19:50:10	-366.96	5017.94	-155.84	11.25	-2.20	-12.76
2023-06-19T19:50:12	-372.85	5024.83	-158.23	11.36	-2.03	-12.64
2023-06-19T19:50:14	-378.73	5031.72	-160.61	11.51	-1.90	-12.57
2023-06-19T19:50:16	-384.61	5038.60	-162.99	11.73	-1.89	-12.55
2023-06-19T19:50:18	-390.50	5045.48	-165.38	11.96	-1.92	-12.40
2023-06-19T19:50:20	-396.38	5052.36	-167.76	12.15	-1.98	-12.25
2023-06-19T19:50:22	-402.27	5059.23	-170.14	12.32	-2.06	-12.10
2023-06-19T19:50:24	-408.15	5066.10	-172.52	12.48	-2.15	-11.93
2023-06-19T19:50:26	-414.03	5072.96	-174.90	12.61	-2.27	-11.75
2023-06-19T19:50:28	-419.92	5079.83	-177.29	12.71	-2.41	-11.59
2023-06-19T19:50:30	-425.80	5086.69	-179.67	12.79	-2.56	-11.44
2023-06-19T19:50:32	-431.68	5093.54	-182.05	12.62	-2.75	-11.42
2023-06-19T19:50:34	-437.56	5100.39	-184.43	12.48	-2.95	-11.42
2023-06-19T19:50:36	-443.44	5107.24	-186.82	12.40	-3.12	-11.45
2023-06-19T19:50:38	-449.32	5114.09	-189.20	12.38	-3.23	-11.48
2023-06-19T19:50:40	-455.20	5120.93	-191.58	12.38	-3.30	-11.48
2023-06-19T19:50:42	-461.08	5127.77	-193.96	12.39	-3.34	-11.46
2023-06-19T19:50:44	-466.96	5134.60	-196.34	12.40	-3.35	-11.43
2023-06-19T19:50:46	-472.85	5141.44	-198.72	12.42	-3.34	-11.39
2023-06-19T19:50:48	-478.73	5148.27	-201.10	12.39	-3.29	-11.33
2023-06-19T19:50:50	-484.60	5155.09	-203.48	12.31	-3.24	-11.28
2023-06-19T19:50:52	-490.48	5161.92	-205.86	12.25	-3.23	-11.28
2023-06-19T19:50:54	-496.36	5168.73	-208.24	12.19	-3.25	-11.31
2023-06-19T19:50:56	-502.24	5175.55	-210.63	12.08	-3.29	-11.38
2023-06-19T19:50:58	-508.12	5182.36	-213.00	11.98	-3.33	-11.46
2023-06-19T19:51:00	-513.99	5189.17	-215.39	11.92	-3.40	-11.55
2023-06-19T19:51:02	-519.87	5195.98	-217.77	11.91	-3.47	-11.66
2023-06-19T19:51:04	-525.75	5202.79	-220.14	11.95	-3.54	-11.75
2023-06-19T19:51:06	-531.62	5209.58	-222.53	12.07	-3.50	-11.69
2023-06-19T19:51:08	-537.50	5216.38	-224.90	12.17	-3.48	-11.61
2023-06-19T19:51:10	-543.38	5223.18	-227.28	12.27	-3.47	-11.51
2023-06-19T19:51:12	-549.25	5229.97	-229.66	12.37	-3.46	-11.38
2023-06-19T19:51:14	-555.13	5236.75	-232.04	12.47	-3.46	-11.23
2023-06-19T19:51:16	-561.00	5243.54	-234.42	12.54	-3.39	-11.08
2023-06-19T19:51:18	-566.87	5250.32	-236.80	12.60	-3.32	-10.95
2023-06-19T19:51:20	-572.75	5257.10	-239.18	12.66	-3.27	-10.85
2023-06-19T19:51:22	-578.62	5263.88	-241.56	12.52	-3.23	-10.85
2023-06-19T19:51:24	-584.49	5270.65	-243.94	12.36	-3.20	-10.90
2023-06-19T19:51:26	-590.37	5277.41	-246.32	12.22	-3.19	-10.97
2023-06-19T19:51:28	-596.24	5284.18	-248.69	12.09	-3.19	-11.08
2023-06-19T19:51:30	-602.11	5290.94	-251.07	11.96	-3.22	-11.21
2023-06-19T19:51:32	-607.98	5297.70	-253.45	11.82	-3.26	-11.37
2023-06-19T19:51:34	-613.86	5304.46	-255.83	11.66	-3.29	-11.53
2023-06-19T19:51:36	-619.73	5311.21	-258.21	11.49	-3.30	-11.61
2023-06-19T19:51:38	-625.59	5317.97	-260.58	11.40	-3.31	-11.64
2023-06-19T19:51:40	-631.46	5324.71	-262.96	11.41	-3.30	-11.60
2023-06-19T19:51:42	-637.34	5331.46	-265.34	11.43	-3.31	-11.58
2023-06-19T19:51:44	-643.20	5338.20	-267.71	11.45	-3.34	-11.58
2023-06-19T19:51:46	-649.07	5344.94	-270.09	11.45	-3.38	-11.61
2023-06-19T19:51:48	-654.94	5351.67	-272.47	11.45	-3.45	-11.65
2023-06-19T19:51:50	-660.81	5358.41	-274.84	11.43	-3.53	-11.72
2023-06-19T19:51:52	-666.68	5365.14	-277.22	11.39	-3.62	-11.82
2023-06-19T19:51:54	-672.54	5371.86	-279.60	11.38	-3.70	-11.89
2023-06-19T19:51:56	-678.41	5378.59	-281.97	11.44	-3.80	-11.88
2023-06-19T19:51:58	-684.28	5385.31	-284.35	11.48	-3.88	-11.83
