Time	POS_X	POS_Y	POS_Z	B_X	B_Y	B_Z
2023-06-19T19:16:52	3412.20	-4003.44	1375.44	-18.89	8.71	38.87
2023-06-19T19:16:54	3411.13	-3994.28	1375.00	-18.69	8.71	38.62
2023-06-19T19:16:56	3410.07	-3985.12	1374.57	-18.49	8.71	38.38
2023-06-19T19:16:58	3409.00	-3975.95	1374.14	-18.28	8.70	38.15
2023-06-19T19:17:00	3407.93	-3966.79	1373.71	-18.07	8.69	37.93
2023-06-19T19:17:02	3406.86	-3957.62	1373.27	-17.86	8.67	37.73
2023-06-19T19:17:04	3405.79	-3948.45	1372.84	-17.68	8.66	37.54
2023-06-19T19:17:06	3404.71	-3939.28	1372.40	-17.98	8.73	37.39
2023-06-19T19:17:08	3403.64	-3930.10	1371.97	-18.29	8.81	37.24
2023-06-19T19:17:10	3402.56	-3920.92	1371.53	-18.61	8.90	37.09
2023-06-19T19:17:12	3401.48	-3911.74	1371.09	-18.93	8.99	36.94
2023-06-19T19:17:14	3400.39	-3902.56	1370.65	-19.25	9.10	36.79
2023-06-19T19:17:16	3399.31	-3893.37	1370.21	-19.58	9.20	36.63
2023-06-19T19:17:18	3398.22	-3884.18	1369.77	-20.04	9.13	36.25
2023-06-19T19:17:20	3397.13	-3875.00	1369.33	-20.53	9.01	35.79
2023-06-19T19:17:22	3396.05	-3865.80	1368.89	-21.02	8.90	35.32
2023-06-19T19:17:24	3394.95	-3856.61	1368.45	-21.51	8.81	34.84
2023-06-19T19:17:26	3393.86	-3847.41	1368.00	-22.00	8.73	34.35
2023-06-19T19:17:28	3392.76	-3838.22	1367.56	-22.49	8.67	33.85
2023-06-19T19:17:30	3391.66	-3829.02	1367.11	-23.05	8.77	33.52
2023-06-19T19:17:32	3390.56	-3819.82	1366.67	-23.64	8.97	33.31
2023-06-19T19:17:34	3389.46	-3810.61	1366.22	-24.21	9.15	33.07
2023-06-19T19:17:36	3388.36	-3801.40	1365.78	-24.77	9.33	32.85
2023-06-19T19:17:38	3387.25	-3792.19	1365.33	-25.32	9.52	32.64
2023-06-19T19:17:40	3386.14	-3782.98	1364.88	-25.87	9.71	32.43
2023-06-19T19:17:42	3385.03	-3773.76	1364.43	-26.17	9.81	32.09
2023-06-19T19:17:44	3383.92	-3764.55	1363.98	-26.12	9.78	31.55
2023-06-19T19:17:46	3382.81	-3755.33	1363.53	-26.08	9.76	31.03
2023-06-19T19:17:48	3381.69	-3746.11	1363.07	-26.07	9.75	30.52
2023-06-19T19:17:50	3380.57	-3736.88	1362.62	-26.07	9.75	30.03
2023-06-19T19:17:52	3379.45	-3727.66	1362.16	-26.10	9.77	29.56
2023-06-19T19:17:54	3378.33	-3718.43	1361.71	-26.23	9.83	29.12
2023-06-19T19:17:56	3377.21	-3709.20	1361.25	-26.76	10.10	28.74
2023-06-19T19:17:58	3376.08	-3699.97	1360.80	-27.29	10.36	28.35
2023-06-19T19:18:00	3374.95	-3690.73	1360.34	-27.80	10.60	27.95
2023-06-19T19:18:02	3373.82	-3681.50	1359.88	-28.32	10.82	27.54
2023-06-19T19:18:04	3372.69	-3672.26	1359.42	-28.83	11.03	27.11
2023-06-19T19:18:06	3371.56	-3663.01	1358.96	-29.33	11.23	26.68
2023-06-19T19:18:08	3370.42	-3653.77	1358.50	-29.89	11.61	26.61
2023-06-19T19:18:10	3369.28	-3644.52	1358.04	-30.44	12.00	26.53
2023-06-19T19:18:12	3368.14	-3635.27	1357.58	-30.97	12.38	26.46
2023-06-19T19:18:14	3366.99	-3626.02	1357.11	-31.47	12.75	26.38
2023-06-19T19:18:16	3365.85	-3616.77	1356.65	-31.96	13.13	26.31
2023-06-19T19:18:18	3364.70	-3607.51	1356.18	-32.43	13.50	26.23
2023-06-19T19:18:20	3363.55	-3598.25	1355.72	-32.44	13.44	25.59
2023-06-19T19:18:22	3362.40	-3588.99	1355.25	-32.35	13.28	24.83
2023-06-19T19:18:24	3361.24	-3579.73	1354.78	-32.25	13.12	24.05
2023-06-19T19:18:26	3360.09	-3570.46	1354.31	-32.16	12.95	23.26
2023-06-19T19:18:28	3358.93	-3561.19	1353.84	-32.07	12.79	22.47
2023-06-19T19:18:30	3357.77	-3551.92	1353.37	-31.99	12.63	21.67
2023-06-19T19:18:32	3356.61	-3542.65	1352.90	-32.05	12.68	21.34
2023-06-19T19:18:34	3355.44	-3533.37	1352.43	-32.20	12.85	21.28
2023-06-19T19:18:36	3354.27	-3524.10	1351.95	-32.36	13.02	21.24
2023-06-19T19:18:38	3353.10	-3514.82	1351.48	-32.52	13.21	21.19
2023-06-19T19:18:40	3351.93	-3505.53	1351.01	-32.69	13.40	21.16
2023-06-19T19:18:42	3350.76	-3496.25	1350.53	-32.87	13.61	21.12
2023-06-19T19:18:44	3349.58	-3486.96	1350.05	-33.08	13.72	20.91
2023-06-19T19:18:46	3348.40	-3477.67	1349.57	-33.35	13.72	20.51
2023-06-19T19:18:48	3347.22	-3468.38	1349.09	-33.65	13.73	20.11
2023-06-19T19:18:50	3346.04	-3459.08	1348.61	-33.98	13.75	19.74
2023-06-19T19:18:52	3344.85	-3449.78	1348.13	-34.34	13.78	19.38
2023-06-19T19:18:54	3343.66	-3440.49	1347.65	-34.72	13.82	19.03
2023-06-19T19:18:56	3342.47	-3431.18	1347.17	-35.03	13.81	18.71
2023-06-19T19:18:58	3341.28	-3421.88	1346.68	-35.11	13.69	18.44
2023-06-19T19:19:00	3340.08	-3412.57	1346.20	-35.21	13.56	18.16
2023-06-19T19:19:02	3338.89	-3403.26	1345.71	-35.31	13.41	17.88
2023-06-19T19:19:04	3337.69	-3393.95	1345.23	-35.41	13.26	17.59
2023-06-19T19:19:06	3336.49	-3384.64	1344.74	-35.52	13.10	17.30
2023-06-19T19:19:08	3335.28	-3375.32	1344.25	-35.57	12.96	17.07
2023-06-19T19:19:10	3334.07	-3366.00	1343.76	-35.30	12.92	17.10
2023-06-19T19:19:12	3332.86	-3356.68	1343.27	-34.98	12.89	17.13
2023-06-19T19:19:14	3331.65	-3347.35	1342.78	-34.62	12.88	17.15
2023-06-19T19:19:16	3330.44	-3338.02	1342.28	-34.24	12.87	17.16
2023-06-19T19:19:18	3329.22	-3328.69	1341.79	-33.85	12.86	17.14
2023-06-19T19:19:20	3328.00	-3319.36	1341.29	-33.42	12.84	17.09
2023-06-19T19:19:22	3326.78	-3310.03	1340.80	-32.92	12.68	16.87
2023-06-19T19:19:24	3325.56	-3300.69	1340.30	-32.42	12.54	16.66
2023-06-19T19:19:26	3324.33	-3291.35	1339.80	-31.94	12.41	16.46
2023-06-19T19:19:28	3323.10	-3282.01	1339.31	-31.46	12.28	16.27
2023-06-19T19:19:30	3321.87	-3272.66	1338.81	-30.99	12.17	16.09
2023-06-19T19:19:32	3320.64	-3263.32	1338.31	-30.53	12.07	15.92
2023-06-19T19:19:34	3319.40	-3253.97	1337.80	-30.46	12.22	15.90
2023-06-19T19:19:36	3318.16	-3244.61	1337.30	-30.43	12.37	15.89
2023-06-19T19:19:38	3316.92	-3235.26	1336.80	-30.42	12.49	15.88
2023-06-19T19:19:40	3315.67	-3225.90	1336.29	-30.42	12.59	15.87
2023-06-19T19:19:42	3314.43	-3216.54	1335.79	-30.44	12.66	15.85
2023-06-19T19:19:44	3313.18	-3207.18	1335.28	-30.46	12.71	15.83
2023-06-19T19:19:46	3311.92	-3197.82	1334.77	-30.57	12.45	15.91
2023-06-19T19:19:48	3310.67	-3188.45	1334.26	-30.70	12.14	16.00
2023-06-19T19:19:50	3309.41	-3179.08	1333.75	-30.84	11.83	16.08
2023-06-19T19:19:52	3308.15	-3169.71	1333.24	-30.99	11.52	16.16
2023-06-19T19:19:54	3306.89	-3160.33	1332.73	-31.15	11.22	16.24
2023-06-19T19:19:56	3305.62	-3150.95	1332.21	-31.32	10.92	16.31
2023-06-19T19:19:58	3304.35	-3141.57	1331.70	-31.20	10.89	16.57
2023-06-19T19:20:00	3303.08	-3132.19	1331.18	-30.93	10.98	16.89
2023-06-19T19:20:02	3301.81	-3122.80	1330.66	-30.64	11.09	17.22
2023-06-19T19:20:04	3300.53	-3113.41	1330.15	-30.32	11.21	17.54
2023-06-19T19:20:06	3299.26	-3104.02	1329.63	-29.97	11.34	17.87
2023-06-19T19:20:08	3297.97	-3094.63	1329.11	-29.59	11.49	18.19
2023-06-19T19:20:10	3296.69	-3085.23	1328.58	-29.25	11.68	18.19
2023-06-19T19:20:12	3295.40	-3075.83	1328.06	-28.94	11.88	18.00
2023-06-19T19:20:14	3294.11	-3066.43	1327.54	-28.65	12.08	17.80
2023-06-19T19:20:16	3292.82	-3057.03	1327.01	-28.37	12.26	17.61
2023-06-19T19:20:18	3291.53	-3047.62	1326.49	-28.11	12.44	17.43
2023-06-19T19:20:20	3290.23	-3038.21	1325.96	-27.86	12.60	17.24
2023-06-19T19:20:22	3288.93	-3028.80	1325.43	-27.88	12.69	17.00
2023-06-19T19:20:24	3287.62	-3019.39	1324.90	-28.13	12.71	16.71
2023-06-19T19:20:26	3286.32	-3009.97	1324.37	-28.39	12.74	16.39
2023-06-19T19:20:28	3285.01	-3000.55	1323.84	-28.66	12.78	16.06
2023-06-19T19:20:30	3283.69	-2991.13	1323.31	-28.94	12.83	15.71
2023-06-19T19:20:32	3282.38	-2981.70	1322.78	-29.24	12.89	15.34
2023-06-19T19:20:34	3281.06	-2972.27	1322.24	-29.33	12.87	15.20
2023-06-19T19:20:36	3279.74	-2962.85	1321.70	-29.16	12.76	15.37
2023-06-19T19:20:38	3278.42	-2953.41	1321.16	-28.98	12.65	15.54
2023-06-19T19:20:40	3277.09	-2943.98	1320.63	-28.78	12.53	15.74
2023-06-19T19:20:42	3275.76	-2934.54	1320.09	-28.57	12.40	15.97
2023-06-19T19:20:44	3274.43	-2925.10	1319.54	-28.37	12.28	16.22
2023-06-19T19:20:46	3273.09	-2915.65	1319.00	-28.11	12.24	16.31
2023-06-19T19:20:48	3271.75	-2906.21	1318.46	-27.77	12.34	16.14
2023-06-19T19:20:50	3270.41	-2896.76	1317.91	-27.44	12.44	15.97
2023-06-19T19:20:52	3269.07	-2887.31	1317.37	-27.12	12.55	15.80
2023-06-19T19:20:54	3267.72	-2877.85	1316.82	-26.80	12.67	15.63
2023-06-19T19:20:56	3266.37	-2868.39	1316.27	-26.49	12.79	15.45
2023-06-19T19:20:58	3265.02	-2858.93	1315.72	-26.33	12.78	15.43
2023-06-19T19:21:00	3263.66	-2849.47	1315.17	-26.45	12.51	15.69
2023-06-19T19:21:02	3262.30	-2840.01	1314.62	-26.59	12.24	16.00
2023-06-19T19:21:04	3260.94	-2830.54	1314.07	-26.74	11.98	16.33
2023-06-19T19:21:06	3259.57	-2821.07	1313.51	-26.91	11.73	16.71
2023-06-19T19:21:08	3258.20	-2811.59	1312.95	-27.09	11.47	17.12
2023-06-19T19:21:10	3256.83	-2802.12	1312.40	-27.29	11.19	17.48
2023-06-19T19:21:12	3255.46	-2792.64	1311.84	-27.43	10.87	17.63
2023-06-19T19:21:14	3254.08	-2783.16	1311.28	-27.57	10.55	17.76
2023-06-19T19:21:16	3252.70	-2773.67	1310.72	-27.70	10.25	17.87
2023-06-19T19:21:18	3251.31	-2764.19	1310.16	-27.82	9.96	17.96
2023-06-19T19:21:20	3249.92	-2754.69	1309.59	-27.93	9.68	18.03
2023-06-19T19:21:22	3248.53	-2745.20	1309.03	-27.95	9.52	17.91
2023-06-19T19:21:24	3247.14	-2735.71	1308.46	-27.75	9.66	17.35
2023-06-19T19:21:26	3245.74	-2726.21	1307.89	-27.49	9.76	16.77
2023-06-19T19:21:28	3244.34	-2716.71	1307.33	-27.20	9.85	16.17
2023-06-19T19:21:30	3242.94	-2707.20	1306.75	-26.86	9.91	15.56
2023-06-19T19:21:32	3241.53	-2697.70	1306.18	-26.48	9.94	14.93
2023-06-19T19:21:34	3240.12	-2688.19	1305.61	-26.12	9.97	14.49
2023-06-19T19:21:36	3238.71	-2678.68	1305.03	-25.88	10.02	14.62
2023-06-19T19:21:38	3237.29	-2669.16	1304.46	-25.68	10.07	14.78
2023-06-19T19:21:40	3235.87	-2659.64	1303.88	-25.50	10.11	14.96
2023-06-19T19:21:42	3234.45	-2650.12	1303.30	-25.34	10.16	15.17
2023-06-19T19:21:44	3233.02	-2640.60	1302.73	-25.20	10.20	15.40
2023-06-19T19:21:46	3231.59	-2631.07	1302.15	-25.12	10.18	15.67
2023-06-19T19:21:48	3230.15	-2621.55	1301.56	-25.15	10.00	15.99
2023-06-19T19:21:50	3228.72	-2612.02	1300.98	-25.21	9.82	16.31
2023-06-19T19:21:52	3227.28	-2602.48	1300.39	-25.30	9.66	16.62
2023-06-19T19:21:54	3225.84	-2592.94	1299.81	-25.41	9.50	16.94
2023-06-19T19:21:56	3224.39	-2583.40	1299.22	-25.56	9.35	17.27
2023-06-19T19:21:58	3222.94	-2573.86	1298.63	-25.60	9.26	17.59
2023-06-19T19:22:00	3221.48	-2564.32	1298.04	-25.28	9.36	17.92
2023-06-19T19:22:02	3220.02	-2554.77	1297.45	-24.93	9.45	18.26
2023-06-19T19:22:04	3218.56	-2545.22	1296.85	-24.55	9.57	18.58
2023-06-19T19:22:06	3217.10	-2535.66	1296.25	-24.18	9.70	18.91
2023-06-19T19:22:08	3215.63	-2526.11	1295.66	-23.83	9.83	19.24
2023-06-19T19:22:10	3214.16	-2516.55	1295.06	-23.55	9.95	19.59
2023-06-19T19:22:12	3212.68	-2506.98	1294.46	-23.42	10.03	19.92
2023-06-19T19:22:14	3211.21	-2497.42	1293.86	-23.30	10.10	20.25
2023-06-19T19:22:16	3209.72	-2487.85	1293.26	-23.19	10.16	20.57
2023-06-19T19:22:18	3208.24	-2478.28	1292.66	-23.09	10.22	20.89
2023-06-19T19:22:20	3206.75	-2468.70	1292.05	-23.01	10.26	21.19
2023-06-19T19:22:22	3205.25	-2459.13	1291.44	-23.12	10.28	21.45
2023-06-19T19:22:24	3203.76	-2449.55	1290.83	-23.68	10.26	21.60
2023-06-19T19:22:26	3202.26	-2439.97	1290.22	-24.21	10.25	21.74
2023-06-19T19:22:28	3200.75	-2430.38	1289.61	-24.73	10.25	21.86
2023-06-19T19:22:30	3199.24	-2420.79	1289.00	-25.23	10.25	21.95
2023-06-19T19:22:32	3197.73	-2411.20	1288.39	-25.71	10.25	22.04
2023-06-19T19:22:34	3196.21	-2401.61	1287.77	-25.98	10.18	22.00
2023-06-19T19:22:36	3194.70	-2392.01	1287.15	-25.85	9.94	21.76
2023-06-19T19:22:38	3193.17	-2382.41	1286.53	-25.72	9.71	21.55
2023-06-19T19:22:40	3191.64	-2372.81	1285.91	-25.59	9.47	21.35
2023-06-19T19:22:42	3190.11	-2363.21	1285.29	-25.46	9.23	21.18
2023-06-19T19:22:44	3188.58	-2353.60	1284.67	-25.33	8.99	21.03
2023-06-19T19:22:46	3187.04	-2343.99	1284.04	-25.24	8.89	21.04
2023-06-19T19:22:48	3185.50	-2334.37	1283.42	-25.24	9.02	21.29
2023-06-19T19:22:50	3183.95	-2324.75	1282.79	-25.23	9.15	21.53
2023-06-19T19:22:52	3182.40	-2315.14	1282.16	-25.21	9.28	21.75
2023-06-19T19:22:54	3180.85	-2305.51	1281.52	-25.19	9.41	21.96
2023-06-19T19:22:56	3179.29	-2295.89	1280.89	-25.17	9.54	22.16
2023-06-19T19:22:58	3177.73	-2286.26	1280.26	-25.41	9.59	22.36
2023-06-19T19:23:00	3176.17	-2276.63	1279.62	-26.01	9.51	22.59
2023-06-19T19:23:02	3174.59	-2266.99	1278.98	-26.60	9.44	22.81
2023-06-19T19:23:04	3173.02	-2257.36	1278.34	-27.17	9.36	23.03
2023-06-19T19:23:06	3171.44	-2247.72	1277.70	-27.73	9.28	23.25
2023-06-19T19:23:08	3169.86	-2238.07	1277.06	-28.28	9.20	23.47
2023-06-19T19:23:10	3168.27	-2228.43	1276.42	-28.79	9.04	23.75
2023-06-19T19:23:12	3166.69	-2218.78	1275.77	-29.28	8.77	24.10
2023-06-19T19:23:14	3165.09	-2209.13	1275.12	-29.79	8.47	24.45
2023-06-19T19:23:16	3163.49	-2199.47	1274.47	-30.30	8.14	24.80
2023-06-19T19:23:18	3161.89	-2189.82	1273.82	-30.83	7.78	25.15
2023-06-19T19:23:20	3160.28	-2180.16	1273.17	-31.35	7.47	25.53
2023-06-19T19:23:22	3158.67	-2170.49	1272.51	-31.82	7.51	26.08
2023-06-19T19:23:24	3157.06	-2160.83	1271.85	-32.27	7.82	26.75
2023-06-19T19:23:26	3155.44	-2151.16	1271.20	-32.73	8.12	27.44
2023-06-19T19:23:28	3153.81	-2141.49	1270.54	-33.21	8.43	28.13
2023-06-19T19:23:30	3152.19	-2131.81	1269.88	-33.70	8.74	28.84
2023-06-19T19:23:32	3150.56	-2122.13	1269.21	-34.20	9.04	29.54
2023-06-19T19:23:34	3148.92	-2112.45	1268.55	-34.75	9.02	30.08
2023-06-19T19:23:36	3147.28	-2102.77	1267.88	-35.34	8.85	30.55
2023-06-19T19:23:38	3145.64	-2093.08	1267.21	-35.95	8.69	31.04
2023-06-19T19:23:40	3143.99	-2083.39	1266.54	-36.57	8.55	31.54
2023-06-19T19:23:42	3142.33	-2073.70	1265.87	-37.21	8.42	32.06
2023-06-19T19:23:44	3140.68	-2064.01	1265.20	-37.87	8.30	32.59
2023-06-19T19:23:46	3139.01	-2054.31	1264.52	-38.17	8.14	32.62
2023-06-19T19:23:48	3137.35	-2044.61	1263.84	-38.34	7.93	32.47
2023-06-19T19:23:50	3135.68	-2034.90	1263.17	-38.50	7.69	32.32
2023-06-19T19:23:52	3134.00	-2025.20	1262.49	-38.64	7.43	32.15
2023-06-19T19:23:54	3132.32	-2015.49	1261.80	-38.77	7.15	31.97
2023-06-19T19:23:56	3130.64	-2005.78	1261.12	-38.88	6.84	31.78
2023-06-19T19:23:58	3128.95	-1996.06	1260.43	-39.09	6.68	31.93
2023-06-19T19:24:00	3127.26	-1986.34	1259.74	-39.33	6.56	32.14
2023-06-19T19:24:02	3125.56	-1976.62	1259.05	-39.60	6.46	32.36
2023-06-19T19:24:04	3123.85	-1966.89	1258.36	-39.90	6.37	32.59
2023-06-19T19:24:06	3122.15	-1957.17	1257.67	-40.23	6.29	32.84
2023-06-19T19:24:08	3120.44	-1947.43	1256.97	-40.59	6.23	33.09
2023-06-19T19:24:10	3118.72	-1937.70	1256.27	-40.86	6.32	33.69
2023-06-19T19:24:12	3117.00	-1927.97	1255.57	-41.12	6.41	34.27
2023-06-19T19:24:14	3115.27	-1918.23	1254.87	-41.37	6.51	34.85
2023-06-19T19:24:16	3113.54	-1908.49	1254.17	-41.61	6.61	35.42
2023-06-19T19:24:18	3111.81	-1898.74	1253.46	-41.86	6.70	35.99
2023-06-19T19:24:20	3110.07	-1888.99	1252.76	-42.14	6.74	36.53
2023-06-19T19:24:22	3108.32	-1879.24	1252.05	-42.63	6.44	36.83
2023-06-19T19:24:24	3106.57	-1869.49	1251.34	-43.15	6.14	37.16
2023-06-19T19:24:26	3104.82	-1859.73	1250.62	-43.67	5.84	37.51
2023-06-19T19:24:28	3103.06	-1849.97	1249.91	-44.12	5.54	37.88
2023-06-19T19:24:30	3101.30	-1840.21	1249.19	-44.58	5.27	38.25
2023-06-19T19:24:32	3099.53	-1830.44	1248.47	-44.94	5.12	38.62
2023-06-19T19:24:34	3097.75	-1820.67	1247.75	-45.02	5.23	39.01
2023-06-19T19:24:36	3095.98	-1810.90	1247.03	-45.11	5.33	39.36
2023-06-19T19:24:38	3094.19	-1801.13	1246.30	-45.21	5.41	39.66
2023-06-19T19:24:40	3092.40	-1791.35	1245.58	-45.32	5.47	39.93
2023-06-19T19:24:42	3090.61	-1781.57	1244.85	-45.43	5.51	40.16
2023-06-19T19:24:44	3088.81	-1771.79	1244.12	-45.73	5.52	40.39
2023-06-19T19:24:46	3087.01	-1762.00	1243.38	-46.25	5.47	40.64
2023-06-19T19:24:48	3085.20	-1752.22	1242.65	-46.73	5.43	40.88
2023-06-19T19:24:50	3083.39	-1742.42	1241.91	-47.16	5.37	41.10
2023-06-19T19:24:52	3081.57	-1732.63	1241.17	-47.53	5.32	41.30
2023-06-19T19:24:54	3079.74	-1722.83	1240.43	-47.87	5.26	41.49
2023-06-19T19:24:56	3077.92	-1713.03	1239.69	-48.23	5.47	41.76
2023-06-19T19:24:58	3076.08	-1703.23	1238.94	-48.65	5.90	42.10
2023-06-19T19:25:00	3074.24	-1693.42	1238.20	-49.10	6.31	42.46
2023-06-19T19:25:02	3072.40	-1683.61	1237.45	-49.57	6.70	42.81
2023-06-19T19:25:04	3070.55	-1673.80	1236.69	-50.07	7.09	43.16
2023-06-19T19:25:06	3068.69	-1663.98	1235.94	-50.59	7.47	43.51
2023-06-19T19:25:08	3066.83	-1654.17	1235.18	-51.32	7.60	43.77
2023-06-19T19:25:10	3064.97	-1644.35	1234.43	-52.11	7.64	44.01
2023-06-19T19:25:12	3063.10	-1634.52	1233.66	-52.89	7.69	44.26
2023-06-19T19:25:14	3061.22	-1624.70	1232.90	-53.65	7.75	44.50
2023-06-19T19:25:16	3059.34	-1614.87	1232.14	-54.39	7.82	44.75
2023-06-19T19:25:18	3057.45	-1605.03	1231.37	-55.11	7.88	45.01
2023-06-19T19:25:20	3055.56	-1595.20	1230.60	-55.45	7.90	45.07
2023-06-19T19:25:22	3053.66	-1585.36	1229.83	-55.73	7.92	45.10
2023-06-19T19:25:24	3051.76	-1575.52	1229.05	-56.00	7.94	45.14
2023-06-19T19:25:26	3049.85	-1565.67	1228.28	-56.24	7.97	45.18
2023-06-19T19:25:28	3047.93	-1555.83	1227.50	-56.46	8.01	45.22
2023-06-19T19:25:30	3046.01	-1545.98	1226.72	-56.75	7.99	45.48
2023-06-19T19:25:32	3044.09	-1536.13	1225.94	-57.36	7.76	46.12
2023-06-19T19:25:34	3042.16	-1526.27	1225.15	-57.95	7.57	46.75
2023-06-19T19:25:36	3040.22	-1516.41	1224.37	-58.52	7.41	47.37
2023-06-19T19:25:38	3038.28	-1506.55	1223.58	-59.08	7.29	47.96
2023-06-19T19:25:40	3036.33	-1496.69	1222.78	-59.63	7.21	48.53
2023-06-19T19:25:42	3034.38	-1486.82	1221.99	-60.03	7.15	49.14
2023-06-19T19:25:44	3032.41	-1476.95	1221.20	-60.13	7.08	49.84
2023-06-19T19:25:46	3030.45	-1467.08	1220.40	-60.26	7.02	50.50
2023-06-19T19:25:48	3028.48	-1457.20	1219.59	-60.43	6.99	51.11
2023-06-19T19:25:50	3026.50	-1447.33	1218.79	-60.64	6.97	51.67
2023-06-19T19:25:52	3024.52	-1437.45	1217.99	-60.88	6.97	52.19
2023-06-19T19:25:54	3022.53	-1427.56	1217.18	-61.08	7.14	52.45
2023-06-19T19:25:56	3020.54	-1417.68	1216.37	-61.22	7.45	52.50
2023-06-19T19:25:58	3018.54	-1407.79	1215.55	-61.36	7.75	52.57
2023-06-19T19:26:00	3016.53	-1397.90	1214.74	-61.50	8.05	52.66
2023-06-19T19:26:02	3014.52	-1388.00	1213.92	-61.65	8.33	52.77
2023-06-19T19:26:04	3012.50	-1378.10	1213.10	-61.79	8.60	52.91
2023-06-19T19:26:06	3010.48	-1368.20	1212.28	-62.16	8.85	52.91
2023-06-19T19:26:08	3008.45	-1358.30	1211.45	-62.56	9.05	52.82
2023-06-19T19:26:10	3006.41	-1348.39	1210.63	-62.88	9.18	52.69
2023-06-19T19:26:12	3004.37	-1338.48	1209.80	-63.12	9.25	52.54
2023-06-19T19:26:14	3002.32	-1328.57	1208.96	-63.29	9.25	52.35
2023-06-19T19:26:16	3000.27	-1318.66	1208.13	-63.37	9.17	52.11
2023-06-19T19:26:18	2998.21	-1308.74	1207.29	-63.60	8.71	52.49
2023-06-19T19:26:20	2996.14	-1298.82	1206.45	-63.91	8.22	52.98
2023-06-19T19:26:22	2994.07	-1288.90	1205.61	-64.31	7.73	53.56
2023-06-19T19:26:24	2991.99	-1278.97	1204.76	-64.78	7.24	54.24
2023-06-19T19:26:26	2989.90	-1269.05	1203.92	-65.36	6.79	55.00
2023-06-19T19:26:28	2987.81	-1259.12	1203.07	-65.88	6.65	55.73
2023-06-19T19:26:30	2985.71	-1249.18	1202.21	-65.86	7.05	56.22
2023-06-19T19:26:32	2983.61	-1239.25	1201.36	-65.77	7.41	56.65
2023-06-19T19:26:34	2981.50	-1229.31	1200.50	-65.62	7.75	57.01
2023-06-19T19:26:36	2979.38	-1219.37	1199.64	-65.41	8.05	57.32
2023-06-19T19:26:38	2977.25	-1209.43	1198.78	-65.14	8.33	57.57
2023-06-19T19:26:40	2975.12	-1199.48	1197.91	-65.16	8.38	57.45
2023-06-19T19:26:42	2972.99	-1189.53	1197.04	-65.68	8.18	56.89
2023-06-19T19:26:44	2970.84	-1179.58	1196.17	-66.20	7.99	56.39
2023-06-19T19:26:46	2968.69	-1169.62	1195.30	-66.74	7.81	55.96
2023-06-19T19:26:48	2966.54	-1159.67	1194.42	-67.29	7.62	55.59
2023-06-19T19:26:50	2964.38	-1149.71	1193.54	-67.86	7.43	55.29
2023-06-19T19:26:52	2962.21	-1139.75	1192.66	-68.65	7.69	55.63
2023-06-19T19:26:54	2960.03	-1129.78	1191.78	-69.52	8.10	56.25
2023-06-19T19:26:56	2957.85	-1119.81	1190.89	-70.38	8.48	56.90
2023-06-19T19:26:58	2955.66	-1109.84	1190.00	-71.22	8.83	57.57
2023-06-19T19:27:00	2953.46	-1099.87	1189.11	-72.04	9.15	58.26
2023-06-19T19:27:02	2951.26	-1089.89	1188.21	-72.84	9.44	58.96
2023-06-19T19:27:04	2949.05	-1079.92	1187.31	-73.12	9.36	59.47
2023-06-19T19:27:06	2946.83	-1069.94	1186.42	-73.42	9.28	59.93
2023-06-19T19:27:08	2944.61	-1059.96	1185.51	-73.74	9.22	60.35
2023-06-19T19:27:10	2942.38	-1049.97	1184.61	-74.08	9.17	60.71
2023-06-19T19:27:12	2940.14	-1039.98	1183.70	-74.44	9.15	61.03
2023-06-19T19:27:14	2937.90	-1029.99	1182.79	-74.72	9.09	61.33
2023-06-19T19:27:16	2935.65	-1020.00	1181.87	-74.72	8.91	61.75
2023-06-19T19:27:18	2933.39	-1010.00	1180.95	-74.71	8.71	62.20
2023-06-19T19:27:20	2931.12	-1000.01	1180.03	-74.57	8.61	62.67
2023-06-19T19:27:22	2928.85	-990.01	1179.11	-74.49	8.53	63.16
2023-06-19T19:27:24	2926.57	-980.00	1178.18	-74.46	8.47	63.68
2023-06-19T19:27:26	2924.28	-970.00	1177.25	-74.56	8.74	63.97
2023-06-19T19:27:28	2921.99	-959.99	1176.32	-74.74	9.29	64.01
2023-06-19T19:27:30	2919.69	-949.98	1175.39	-74.94	9.82	64.04
2023-06-19T19:27:32	2917.38	-939.97	1174.45	-75.14	10.34	64.05
2023-06-19T19:27:34	2915.07	-929.96	1173.51	-75.34	10.83	64.05
2023-06-19T19:27:36	2912.75	-919.94	1172.56	-75.55	11.31	64.01
2023-06-19T19:27:38	2910.41	-909.92	1171.62	-75.96	11.15	64.15
2023-06-19T19:27:40	2908.08	-899.90	1170.67	-76.39	10.83	64.32
2023-06-19T19:27:42	2905.73	-889.88	1169.72	-76.79	10.51	64.47
2023-06-19T19:27:44	2903.38	-879.85	1168.76	-77.16	10.19	64.60
2023-06-19T19:27:46	2901.02	-869.83	1167.80	-77.50	9.87	64.71
2023-06-19T19:27:48	2898.66	-859.79	1166.84	-77.88	9.62	64.87
2023-06-19T19:27:50	2896.28	-849.76	1165.88	-78.82	10.09	65.66
2023-06-19T19:27:52	2893.90	-839.73	1164.91	-79.78	10.57	66.51
2023-06-19T19:27:54	2891.51	-829.69	1163.94	-80.76	11.05	67.41
2023-06-19T19:27:56	2889.12	-819.65	1162.97	-81.76	11.53	68.38
2023-06-19T19:27:58	2886.71	-809.61	1161.99	-82.76	12.03	69.40
2023-06-19T19:28:00	2884.30	-799.57	1161.01	-83.18	12.34	69.95
2023-06-19T19:28:02	2881.88	-789.52	1160.03	-82.75	12.35	69.72
2023-06-19T19:28:04	2879.45	-779.47	1159.04	-82.40	12.36	69.52
2023-06-19T19:28:06	2877.02	-769.42	1158.05	-82.15	12.37	69.34
2023-06-19T19:28:08	2874.58	-759.37	1157.06	-81.98	12.32	69.27
2023-06-19T19:28:10	2872.13	-749.32	1156.06	-81.88	12.27	69.32
2023-06-19T19:28:12	2869.67	-739.26	1155.06	-82.79	11.83	70.12
2023-06-19T19:28:14	2867.20	-729.20	1154.06	-84.10	11.22	71.18
2023-06-19T19:28:16	2864.73	-719.14	1153.06	-85.41	10.63	72.20
2023-06-19T19:28:18	2862.25	-709.08	1152.05	-86.72	10.05	73.16
2023-06-19T19:28:20	2859.76	-699.02	1151.04	-88.02	9.49	74.06
2023-06-19T19:28:22	2857.26	-688.95	1150.03	-89.28	8.96	74.90
2023-06-19T19:28:24	2854.75	-678.88	1149.01	-89.40	9.28	75.62
2023-06-19T19:28:26	2852.24	-668.81	1147.99	-89.45	9.65	76.32
2023-06-19T19:28:28	2849.72	-658.74	1146.96	-89.44	10.09	76.98
2023-06-19T19:28:30	2847.19	-648.67	1145.94	-89.36	10.58	77.63
2023-06-19T19:28:32	2844.65	-638.59	1144.90	-89.21	11.12	78.26
2023-06-19T19:28:34	2842.11	-628.51	1143.87	-89.16	11.49	78.61
2023-06-19T19:28:36	2839.55	-618.44	1142.83	-89.46	11.47	78.39
2023-06-19T19:28:38	2836.99	-608.36	1141.79	-89.79	11.46	78.12
2023-06-19T19:28:40	2834.42	-598.27	1140.75	-90.16	11.48	77.79
2023-06-19T19:28:42	2831.84	-588.19	1139.70	-90.53	11.47	77.46
2023-06-19T19:28:44	2829.26	-578.10	1138.65	-90.86	11.50	77.05
2023-06-19T19:28:46	2826.66	-568.01	1137.60	-90.99	11.31	77.03
2023-06-19T19:28:48	2824.06	-557.92	1136.54	-91.07	10.97	77.27
2023-06-19T19:28:50	2821.45	-547.83	1135.48	-91.17	10.59	77.57
2023-06-19T19:28:52	2818.83	-537.74	1134.42	-91.30	10.19	77.93
2023-06-19T19:28:54	2816.20	-527.65	1133.35	-91.67	9.69	78.55
2023-06-19T19:28:56	2813.56	-517.55	1132.28	-92.08	9.20	79.24
2023-06-19T19:28:58	2810.92	-507.45	1131.20	-92.63	8.88	80.20
2023-06-19T19:29:00	2808.26	-497.35	1130.13	-93.13	8.56	81.12
2023-06-19T19:29:02	2805.60	-487.25	1129.04	-93.59	8.24	81.99
2023-06-19T19:29:04	2802.93	-477.15	1127.96	-94.00	7.93	82.82
2023-06-19T19:29:06	2800.25	-467.05	1126.87	-94.35	7.63	83.60
2023-06-19T19:29:08	2797.56	-456.94	1125.78	-94.80	7.43	84.44
2023-06-19T19:29:10	2794.87	-446.83	1124.68	-95.50	7.42	85.44
2023-06-19T19:29:12	2792.16	-436.72	1123.59	-96.15	7.39	86.41
2023-06-19T19:29:14	2789.45	-426.61	1122.48	-96.76	7.34	87.35
2023-06-19T19:29:16	2786.72	-416.50	1121.38	-97.35	7.26	88.28
2023-06-19T19:29:18	2783.99	-406.39	1120.27	-97.91	7.16	89.19
2023-06-19T19:29:20	2781.25	-396.28	1119.16	-98.43	7.09	89.80
2023-06-19T19:29:22	2778.50	-386.16	1118.04	-98.97	7.05	90.31
2023-06-19T19:29:24	2775.74	-376.05	1116.92	-99.55	7.03	90.84
2023-06-19T19:29:26	2772.98	-365.93	1115.80	-100.16	7.01	91.39
2023-06-19T19:29:28	2770.20	-355.81	1114.67	-100.79	7.00	91.96
2023-06-19T19:29:30	2767.42	-345.69	1113.54	-101.41	7.00	92.52
2023-06-19T19:29:32	2764.62	-335.57	1112.41	-101.59	7.11	92.74
2023-06-19T19:29:34	2761.82	-325.45	1111.27	-101.75	7.16	92.89
2023-06-19T19:29:36	2759.01	-315.33	1110.13	-101.94	7.22	92.89
2023-06-19T19:29:38	2756.19	-305.20	1108.98	-102.09	7.23	92.86
2023-06-19T19:29:40	2753.36	-295.08	1107.83	-102.19	7.19	92.80
2023-06-19T19:29:42	2750.52	-284.95	1106.68	-102.46	7.17	93.04
2023-06-19T19:29:44	2747.67	-274.82	1105.52	-103.14	7.25	93.90
2023-06-19T19:29:46	2744.81	-264.70	1104.36	-103.89	7.37	94.86
2023-06-19T19:29:48	2741.95	-254.57	1103.20	-104.71	7.53	95.93
2023-06-19T19:29:50	2739.07	-244.44	1102.03	-105.59	7.73	97.09
2023-06-19T19:29:52	2736.19	-234.31	1100.86	-106.53	7.96	98.33
2023-06-19T19:29:54	2733.29	-224.17	1099.69	-107.34	7.99	99.01
2023-06-19T19:29:56	2730.39	-214.04	1098.51	-108.03	7.92	99.43
2023-06-19T19:29:58	2727.48	-203.91	1097.32	-108.64	7.81	99.81
2023-06-19T19:30:00	2724.56	-193.78	1096.14	-109.18	7.68	100.15
2023-06-19T19:30:02	2721.62	-183.64	1094.95	-109.65	7.52	100.45
2023-06-19T19:30:04	2718.68	-173.51	1093.75	-110.04	7.40	100.72
2023-06-19T19:30:06	2715.73	-163.37	1092.56	-110.20	7.89	100.95
2023-06-19T19:30:08	2712.77	-153.24	1091.36	-110.30	8.35	101.13
2023-06-19T19:30:10	2709.81	-143.10	1090.15	-110.36	8.79	101.24
2023-06-19T19:30:12	2706.83	-132.96	1088.94	-110.38	9.18	101.31
2023-06-19T19:30:14	2703.84	-122.82	1087.73	-110.37	9.54	101.35
2023-06-19T19:30:16	2700.84	-112.69	1086.51	-111.16	9.65	102.04
2023-06-19T19:30:18	2697.83	-102.55	1085.29	-112.64	9.60	103.31
2023-06-19T19:30:20	2694.82	-92.41	1084.07	-114.03	9.60	104.54
2023-06-19T19:30:22	2691.79	-82.27	1082.84	-115.29	9.60	105.76
2023-06-19T19:30:24	2688.75	-72.13	1081.61	-116.39	9.60	106.91
2023-06-19T19:30:26	2685.71	-61.99	1080.37	-117.35	9.62	107.97
2023-06-19T19:30:28	2682.65	-51.85	1079.13	-116.97	9.75	108.74
2023-06-19T19:30:30	2679.59	-41.71	1077.88	-116.31	9.92	109.45
2023-06-19T19:30:32	2676.51	-31.57	1076.64	-115.66	10.11	110.16
2023-06-19T19:30:34	2673.43	-21.43	1075.39	-115.00	10.32	110.85
2023-06-19T19:30:36	2670.33	-11.29	1074.13	-114.32	10.54	111.54
2023-06-19T19:30:38	2667.23	-1.15	1072.87	-113.62	10.74	112.12
2023-06-19T19:30:40	2664.11	8.99	1071.60	-112.95	10.79	112.29
2023-06-19T19:30:42	2660.99	19.13	1070.34	-112.35	10.81	112.52
2023-06-19T19:30:44	2657.86	29.28	1069.07	-111.83	10.83	112.79
2023-06-19T19:30:46	2654.71	39.42	1067.79	-111.39	10.84	113.12
2023-06-19T19:30:48	2651.56	49.55	1066.51	-111.02	10.85	113.50
2023-06-19T19:30:50	2648.39	59.70	1065.23	-110.91	10.60	113.86
2023-06-19T19:30:52	2645.22	69.84	1063.94	-111.02	10.05	114.06
2023-06-19T19:30:54	2642.04	79.98	1062.65	-111.17	9.47	114.22
2023-06-19T19:30:56	2638.84	90.11	1061.35	-111.33	8.89	114.37
2023-06-19T19:30:58	2635.64	100.25	1060.05	-111.47	8.32	114.50
2023-06-19T19:31:00	2632.42	110.39	1058.75	-111.60	7.74	114.61
2023-06-19T19:31:02	2629.20	120.53	1057.44	-111.67	7.74	115.52
2023-06-19T19:31:04	2625.97	130.67	1056.12	-111.83	7.72	116.62
2023-06-19T19:31:06	2622.72	140.81	1054.81	-112.10	7.58	117.79
2023-06-19T19:31:08	2619.47	150.94	1053.49	-112.48	7.34	119.04
2023-06-19T19:31:10	2616.20	161.08	1052.16	-112.96	7.01	120.37
2023-06-19T19:31:12	2612.93	171.21	1050.83	-113.42	6.46	121.49
2023-06-19T19:31:14	2609.64	181.35	1049.50	-113.56	5.46	121.82
2023-06-19T19:31:16	2606.35	191.48	1048.17	-113.73	4.44	122.13
2023-06-19T19:31:18	2603.04	201.62	1046.82	-113.93	3.41	122.40
2023-06-19T19:31:20	2599.73	211.75	1045.48	-114.17	2.36	122.63
2023-06-19T19:31:22	2596.40	221.88	1044.13	-114.45	1.31	122.81
2023-06-19T19:31:24	2593.06	232.01	1042.78	-114.63	0.16	123.05
2023-06-19T19:31:26	2589.72	242.15	1041.42	-114.73	-1.06	123.39
2023-06-19T19:31:28	2586.36	252.27	1040.05	-114.96	-2.16	124.13
2023-06-19T19:31:30	2582.99	262.40	1038.69	-115.28	-3.23	124.94
2023-06-19T19:31:32	2579.62	272.53	1037.32	-115.67	-4.27	125.81
2023-06-19T19:31:34	2576.23	282.66	1035.94	-116.15	-5.27	126.74
2023-06-19T19:31:36	2572.83	292.78	1034.56	-116.45	-5.73	127.74
2023-06-19T19:31:38	2569.42	302.90	1033.18	-116.59	-6.19	128.65
2023-06-19T19:31:40	2566.00	313.03	1031.80	-116.59	-6.67	129.47
2023-06-19T19:31:42	2562.57	323.15	1030.40	-116.43	-7.17	130.19
2023-06-19T19:31:44	2559.13	333.27	1029.01	-116.10	-7.70	130.79
2023-06-19T19:31:46	2555.68	343.39	1027.61	-115.84	-8.39	131.52
2023-06-19T19:31:48	2552.22	353.51	1026.21	-116.11	-9.31	132.90
2023-06-19T19:31:50	2548.75	363.62	1024.80	-116.56	-10.14	134.47
2023-06-19T19:31:52	2545.27	373.73	1023.38	-117.16	-10.91	136.14
2023-06-19T19:31:54	2541.77	383.85	1021.97	-117.89	-11.64	137.92
2023-06-19T19:31:56	2538.27	393.96	1020.55	-118.73	-12.31	139.78
2023-06-19T19:31:58	2534.75	404.07	1019.12	-119.29	-12.94	140.88
2023-06-19T19:32:00	2531.23	414.18	1017.69	-119.52	-13.49	141.42
2023-06-19T19:32:02	2527.70	424.28	1016.26	-119.67	-13.94	141.89
2023-06-19T19:32:04	2524.15	434.39	1014.82	-119.86	-14.31	142.42
2023-06-19T19:32:06	2520.60	444.49	1013.38	-120.10	-14.62	143.01
2023-06-19T19:32:08	2517.03	454.59	1011.93	-120.38	-14.88	143.64
2023-06-19T19:32:10	2513.45	464.69	1010.48	-119.85	-15.03	144.40
2023-06-19T19:32:12	2509.86	474.79	1009.02	-119.31	-15.17	145.20
2023-06-19T19:32:14	2506.27	484.88	1007.56	-118.77	-15.31	146.02
2023-06-19T19:32:16	2502.66	494.98	1006.10	-118.21	-15.45	146.87
2023-06-19T19:32:18	2499.04	505.07	1004.63	-117.63	-15.58	147.75
2023-06-19T19:32:20	2495.41	515.15	1003.16	-117.21	-15.81	148.63
2023-06-19T19:32:22	2491.76	525.24	1001.68	-117.12	-16.24	149.45
2023-06-19T19:32:24	2488.11	535.33	1000.20	-117.02	-16.71	150.21
2023-06-19T19:32:26	2484.45	545.41	998.72	-116.92	-17.21	150.91
2023-06-19T19:32:28	2480.78	555.49	997.23	-116.81	-17.74	151.55
2023-06-19T19:32:30	2477.09	565.57	995.73	-116.69	-18.30	152.11
2023-06-19T19:32:32	2473.40	575.64	994.24	-116.73	-18.42	152.36
2023-06-19T19:32:34	2469.69	585.71	992.73	-116.90	-18.36	152.51
2023-06-19T19:32:36	2465.98	595.78	991.23	-117.08	-18.37	152.73
2023-06-19T19:32:38	2462.25	605.85	989.72	-117.29	-18.46	153.00
2023-06-19T19:32:40	2458.51	615.91	988.20	-117.51	-18.63	153.33
2023-06-19T19:32:42	2454.76	625.97	986.68	-117.75	-18.88	153.72
2023-06-19T19:32:44	2451.01	636.03	985.15	-117.40	-19.62	154.25
2023-06-19T19:32:46	2447.24	646.09	983.63	-117.01	-20.31	154.81
2023-06-19T19:32:48	2443.46	656.14	982.10	-116.59	-20.92	155.40
2023-06-19T19:32:50	2439.67	666.19	980.56	-116.11	-21.46	156.03
2023-06-19T19:32:52	2435.86	676.24	979.02	-115.58	-21.91	156.68
2023-06-19T19:32:54	2432.05	686.29	977.47	-115.06	-22.30	157.39
2023-06-19T19:32:56	2428.23	696.33	975.92	-114.76	-22.69	158.16
2023-06-19T19:32:58	2424.40	706.37	974.37	-114.49	-23.13	158.99
2023-06-19T19:33:00	2420.55	716.40	972.81	-114.26	-23.63	159.87
2023-06-19T19:33:02	2416.70	726.43	971.24	-114.14	-24.23	160.63
2023-06-19T19:33:04	2412.83	736.47	969.68	-114.10	-24.90	161.18
2023-06-19T19:33:06	2408.95	746.49	968.10	-113.87	-25.28	161.02
2023-06-19T19:33:08	2405.06	756.51	966.53	-113.51	-25.46	160.55
2023-06-19T19:33:10	2401.16	766.53	964.95	-113.14	-25.64	160.22
2023-06-19T19:33:12	2397.26	776.55	963.36	-112.77	-25.83	160.03
2023-06-19T19:33:14	2393.34	786.56	961.77	-112.39	-26.03	159.97
2023-06-19T19:33:16	2389.41	796.57	960.18	-112.01	-26.25	160.04
2023-06-19T19:33:18	2385.47	806.57	958.58	-111.94	-26.88	160.73
2023-06-19T19:33:20	2381.51	816.58	956.98	-111.88	-27.52	161.46
2023-06-19T19:33:22	2377.55	826.57	955.37	-111.79	-28.12	162.15
2023-06-19T19:33:24	2373.58	836.57	953.76	-111.67	-28.67	162.81
2023-06-19T19:33:26	2369.59	846.56	952.15	-111.51	-29.19	163.42
2023-06-19T19:33:28	2365.60	856.54	950.53	-111.26	-29.63	163.85
2023-06-19T19:33:30	2361.60	866.53	948.90	-110.76	-29.79	163.62
2023-06-19T19:33:32	2357.58	876.51	947.28	-110.24	-30.03	163.38
2023-06-19T19:33:34	2353.55	886.48	945.64	-109.75	-30.29	163.26
2023-06-19T19:33:36	2349.52	896.45	944.01	-109.30	-30.57	163.24
2023-06-19T19:33:38	2345.47	906.42	942.37	-108.87	-30.86	163.33
2023-06-19T19:33:40	2341.41	916.38	940.72	-108.44	-31.23	163.73
2023-06-19T19:33:42	2337.34	926.34	939.07	-107.98	-31.67	164.44
2023-06-19T19:33:44	2333.26	936.29	937.42	-107.53	-32.08	165.15
2023-06-19T19:33:46	2329.17	946.24	935.76	-107.06	-32.47	165.85
2023-06-19T19:33:48	2325.07	956.19	934.10	-106.58	-32.84	166.55
2023-06-19T19:33:50	2320.96	966.13	932.43	-106.09	-33.20	167.23
2023-06-19T19:33:52	2316.84	976.07	930.76	-105.73	-33.45	167.66
2023-06-19T19:33:54	2312.70	986.00	929.09	-105.49	-33.70	168.01
2023-06-19T19:33:56	2308.56	995.93	927.40	-105.29	-33.99	168.40
2023-06-19T19:33:58	2304.41	1005.85	925.72	-105.13	-34.34	168.86
2023-06-19T19:34:00	2300.24	1015.77	924.04	-104.96	-34.74	169.17
2023-06-19T19:34:02	2296.07	1025.69	922.34	-104.81	-35.15	169.51
2023-06-19T19:34:04	2291.88	1035.60	920.65	-104.17	-35.32	169.40
2023-06-19T19:34:06	2287.69	1045.50	918.95	-103.47	-35.43	169.26
2023-06-19T19:34:08	2283.48	1055.40	917.24	-102.77	-35.51	169.16
2023-06-19T19:34:10	2279.26	1065.30	915.53	-102.06	-35.57	169.09
2023-06-19T19:34:12	2275.04	1075.19	913.82	-101.36	-35.60	169.08
2023-06-19T19:34:14	2270.80	1085.07	912.10	-100.69	-35.67	169.20
2023-06-19T19:34:16	2266.55	1094.95	910.38	-100.18	-36.10	169.70
2023-06-19T19:34:18	2262.29	1104.83	908.66	-99.62	-36.52	170.11
2023-06-19T19:34:20	2258.02	1114.70	906.93	-99.02	-36.94	170.45
2023-06-19T19:34:22	2253.75	1124.56	905.19	-98.38	-37.37	170.72
2023-06-19T19:34:24	2249.46	1134.42	903.45	-97.71	-37.78	170.94
2023-06-19T19:34:26	2245.16	1144.28	901.71	-97.08	-38.07	171.09
2023-06-19T19:34:28	2240.85	1154.13	899.96	-96.52	-38.13	171.18
2023-06-19T19:34:30	2236.53	1163.98	898.21	-95.95	-38.22	171.23
2023-06-19T19:34:32	2232.20	1173.81	896.46	-95.36	-38.34	171.26
2023-06-19T19:34:34	2227.86	1183.65	894.70	-94.75	-38.49	171.26
2023-06-19T19:34:36	2223.51	1193.47	892.94	-94.14	-38.67	171.24
2023-06-19T19:34:38	2219.15	1203.30	891.17	-93.61	-38.91	171.10
2023-06-19T19:34:40	2214.78	1213.12	889.40	-93.18	-39.16	170.94
2023-06-19T19:34:42	2210.40	1222.93	887.62	-92.75	-39.37	170.83
2023-06-19T19:34:44	2206.00	1232.73	885.84	-92.33	-39.53	170.78
2023-06-19T19:34:46	2201.60	1242.54	884.06	-91.90	-39.65	170.77
2023-06-19T19:34:48	2197.19	1252.33	882.27	-91.46	-39.74	170.81
2023-06-19T19:34:50	2192.77	1262.12	880.48	-90.92	-39.78	170.84
2023-06-19T19:34:52	2188.34	1271.90	878.69	-90.28	-39.80	170.80
2023-06-19T19:34:54	2183.90	1281.68	876.89	-89.62	-39.84	170.77
2023-06-19T19:34:56	2179.45	1291.45	875.08	-88.98	-39.87	170.77
2023-06-19T19:34:58	2174.99	1301.22	873.28	-88.35	-39.89	170.81
2023-06-19T19:35:00	2170.51	1310.98	871.46	-87.75	-39.91	170.88
2023-06-19T19:35:02	2166.03	1320.73	869.65	-87.15	-39.93	171.09
2023-06-19T19:35:04	2161.54	1330.48	867.83	-86.54	-39.96	171.33
2023-06-19T19:35:06	2157.04	1340.22	866.00	-85.90	-39.99	171.58
2023-06-19T19:35:08	2152.53	1349.96	864.18	-85.24	-40.02	171.84
2023-06-19T19:35:10	2148.01	1359.69	862.34	-84.56	-40.05	172.11
2023-06-19T19:35:12	2143.48	1369.41	860.51	-83.86	-40.07	172.38
2023-06-19T19:35:14	2138.94	1379.13	858.67	-83.28	-40.19	172.36
2023-06-19T19:35:16	2134.39	1388.84	856.83	-82.78	-40.31	172.31
2023-06-19T19:35:18	2129.83	1398.54	854.98	-82.28	-40.48	172.17
2023-06-19T19:35:20	2125.27	1408.24	853.13	-81.70	-40.64	171.89
2023-06-19T19:35:22	2120.69	1417.94	851.28	-81.11	-40.76	171.64
2023-06-19T19:35:24	2116.10	1427.62	849.42	-80.52	-40.84	171.41
2023-06-19T19:35:26	2111.50	1437.30	847.56	-79.92	-40.80	171.15
2023-06-19T19:35:28	2106.90	1446.97	845.69	-79.33	-40.75	170.93
2023-06-19T19:35:30	2102.28	1456.64	843.82	-78.74	-40.68	170.73
2023-06-19T19:35:32	2097.66	1466.30	841.94	-78.15	-40.60	170.55
2023-06-19T19:35:34	2093.02	1475.95	840.07	-77.56	-40.51	170.39
2023-06-19T19:35:36	2088.37	1485.60	838.18	-76.95	-40.40	170.28
2023-06-19T19:35:38	2083.72	1495.24	836.30	-76.21	-40.30	170.24
2023-06-19T19:35:40	2079.06	1504.87	834.41	-75.46	-40.17	170.14
2023-06-19T19:35:42	2074.39	1514.50	832.52	-74.71	-40.03	170.00
2023-06-19T19:35:44	2069.70	1524.12	830.62	-73.98	-39.96	169.86
2023-06-19T19:35:46	2065.01	1533.73	828.72	-73.25	-39.87	169.71
2023-06-19T19:35:48	2060.31	1543.34	826.82	-72.54	-39.81	169.57
2023-06-19T19:35:50	2055.60	1552.94	824.91	-71.82	-39.87	169.51
2023-06-19T19:35:52	2050.89	1562.53	823.00	-71.09	-39.91	169.47
2023-06-19T19:35:54	2046.16	1572.11	821.08	-70.33	-39.93	169.43
2023-06-19T19:35:56	2041.42	1581.69	819.16	-69.54	-39.92	169.39
2023-06-19T19:35:58	2036.68	1591.26	817.24	-68.73	-39.87	169.32
2023-06-19T19:36:00	2031.92	1600.83	815.32	-67.88	-39.77	169.19
2023-06-19T19:36:02	2027.16	1610.39	813.39	-67.04	-39.66	168.90
2023-06-19T19:36:04	2022.39	1619.94	811.46	-66.21	-39.59	168.61
2023-06-19T19:36:06	2017.61	1629.48	809.52	-65.43	-39.56	168.33
2023-06-19T19:36:08	2012.82	1639.02	807.58	-64.78	-39.59	168.17
2023-06-19T19:36:10	2008.02	1648.54	805.63	-64.16	-39.63	168.04
2023-06-19T19:36:12	2003.21	1658.07	803.69	-63.64	-39.67	167.94
2023-06-19T19:36:14	1998.39	1667.58	801.74	-63.28	-39.65	167.80
2023-06-19T19:36:16	1993.57	1677.09	799.78	-62.84	-39.61	167.61
2023-06-19T19:36:18	1988.74	1686.59	797.82	-62.32	-39.56	167.37
2023-06-19T19:36:20	1983.89	1696.08	795.86	-61.74	-39.48	167.04
2023-06-19T19:36:22	1979.04	1705.57	793.90	-61.08	-39.38	166.69
2023-06-19T19:36:24	1974.18	1715.04	791.93	-60.39	-39.24	166.36
2023-06-19T19:36:26	1969.32	1724.51	789.96	-59.81	-39.01	166.18
2023-06-19T19:36:28	1964.44	1733.98	787.98	-59.23	-38.77	166.02
2023-06-19T19:36:30	1959.56	1743.43	786.01	-58.70	-38.53	165.87
2023-06-19T19:36:32	1954.66	1752.88	784.02	-58.19	-38.33	165.66
2023-06-19T19:36:34	1949.76	1762.32	782.04	-57.63	-38.15	165.42
2023-06-19T19:36:36	1944.85	1771.75	780.05	-57.04	-37.97	165.12
2023-06-19T19:36:38	1939.93	1781.18	778.06	-56.44	-37.79	164.79
2023-06-19T19:36:40	1935.01	1790.60	776.06	-55.88	-37.64	164.53
2023-06-19T19:36:42	1930.07	1800.01	774.07	-55.35	-37.50	164.31
2023-06-19T19:36:44	1925.13	1809.41	772.06	-54.86	-37.37	164.14
2023-06-19T19:36:46	1920.18	1818.81	770.06	-54.40	-37.26	164.00
2023-06-19T19:36:48	1915.22	1828.20	768.05	-53.96	-37.17	163.86
2023-06-19T19:36:50	1910.26	1837.58	766.04	-53.44	-37.19	163.48
2023-06-19T19:36:52	1905.28	1846.95	764.02	-52.93	-37.25	163.07
2023-06-19T19:36:54	1900.30	1856.31	762.01	-52.35	-37.22	162.61
2023-06-19T19:36:56	1895.31	1865.67	759.99	-51.77	-37.11	162.15
2023-06-19T19:36:58	1890.31	1875.02	757.96	-51.21	-36.99	161.72
2023-06-19T19:37:00	1885.31	1884.36	755.94	-50.68	-36.85	161.31
2023-06-19T19:37:02	1880.29	1893.69	753.90	-50.08	-36.46	161.03
2023-06-19T19:37:04	1875.27	1903.02	751.87	-49.49	-36.09	160.75
2023-06-19T19:37:06	1870.24	1912.34	749.83	-48.92	-35.73	160.48
2023-06-19T19:37:08	1865.21	1921.65	747.80	-48.38	-35.41	160.22
2023-06-19T19:37:10	1860.16	1930.95	745.75	-47.87	-35.13	159.97
2023-06-19T19:37:12	1855.11	1940.24	743.71	-47.42	-34.89	159.73
2023-06-19T19:37:14	1850.05	1949.53	741.66	-46.92	-34.80	159.67
2023-06-19T19:37:16	1844.98	1958.81	739.61	-46.32	-34.70	159.56
2023-06-19T19:37:18	1839.91	1968.08	737.55	-45.62	-34.50	159.33
2023-06-19T19:37:20	1834.83	1977.34	735.49	-44.93	-34.26	159.03
2023-06-19T19:37:22	1829.74	1986.60	733.43	-44.26	-33.99	158.68
2023-06-19T19:37:24	1824.64	1995.84	731.37	-43.60	-33.69	158.26
2023-06-19T19:37:26	1819.54	2005.08	729.30	-43.02	-33.22	157.67
2023-06-19T19:37:28	1814.43	2014.32	727.23	-42.49	-32.73	157.06
2023-06-19T19:37:30	1809.31	2023.54	725.16	-41.99	-32.29	156.52
2023-06-19T19:37:32	1804.19	2032.75	723.09	-41.53	-31.90	156.03
2023-06-19T19:37:34	1799.05	2041.96	721.01	-41.10	-31.55	155.60
2023-06-19T19:37:36	1793.91	2051.16	718.93	-40.68	-31.22	155.23
2023-06-19T19:37:38	1788.77	2060.35	716.84	-40.20	-31.03	154.99
2023-06-19T19:37:40	1783.62	2069.53	714.76	-39.57	-30.88	154.83
2023-06-19T19:37:42	1778.46	2078.71	712.67	-38.95	-30.70	154.64
2023-06-19T19:37:44	1773.29	2087.87	710.57	-38.33	-30.47	154.40
2023-06-19T19:37:46	1768.11	2097.03	708.48	-37.72	-30.21	154.12
2023-06-19T19:37:48	1762.93	2106.18	706.38	-37.11	-29.91	153.80
2023-06-19T19:37:50	1757.74	2115.32	704.28	-36.54	-29.54	153.40
2023-06-19T19:37:52	1752.55	2124.46	702.18	-36.07	-29.07	152.88
2023-06-19T19:37:54	1747.35	2133.58	700.07	-35.60	-28.67	152.40
2023-06-19T19:37:56	1742.14	2142.70	697.96	-35.12	-28.33	151.97
2023-06-19T19:37:58	1736.93	2151.81	695.85	-34.63	-28.05	151.58
2023-06-19T19:38:00	1731.71	2160.91	693.74	-34.14	-27.84	151.21
2023-06-19T19:38:02	1726.48	2170.01	691.62	-33.74	-27.71	150.72
2023-06-19T19:38:04	1721.25	2179.09	689.50	-33.46	-27.52	150.16
2023-06-19T19:38:06	1716.01	2188.17	687.38	-33.17	-27.29	149.56
2023-06-19T19:38:08	1710.76	2197.24	685.26	-32.86	-27.01	148.91
2023-06-19T19:38:10	1705.51	2206.30	683.13	-32.54	-26.68	148.20
2023-06-19T19:38:12	1700.25	2215.35	681.00	-32.18	-26.29	147.46
2023-06-19T19:38:14	1694.98	2224.39	678.87	-31.79	-25.86	146.71
2023-06-19T19:38:16	1689.71	2233.43	676.73	-31.36	-25.52	146.23
2023-06-19T19:38:18	1684.43	2242.46	674.60	-30.90	-25.22	145.89
2023-06-19T19:38:20	1679.15	2251.48	672.46	-30.44	-24.91	145.58
2023-06-19T19:38:22	1673.86	2260.49	670.31	-29.99	-24.62	145.30
2023-06-19T19:38:24	1668.56	2269.49	668.17	-29.52	-24.36	145.06
2023-06-19T19:38:26	1663.26	2278.49	666.02	-29.06	-24.09	144.76
2023-06-19T19:38:28	1657.95	2287.47	663.88	-28.53	-23.82	144.47
2023-06-19T19:38:30	1652.64	2296.45	661.72	-27.89	-23.57	144.30
2023-06-19T19:38:32	1647.32	2305.42	659.57	-27.30	-23.34	144.10
2023-06-19T19:38:34	1641.99	2314.38	657.41	-26.75	-23.10	143.90
2023-06-19T19:38:36	1636.66	2323.34	655.25	-26.24	-22.87	143.69
2023-06-19T19:38:38	1631.32	2332.28	653.09	-25.76	-22.63	143.49
2023-06-19T19:38:40	1625.98	2341.22	650.93	-25.30	-22.38	143.30
2023-06-19T19:38:42	1620.63	2350.15	648.76	-25.04	-22.27	142.72
2023-06-19T19:38:44	1615.27	2359.07	646.60	-24.78	-22.17	142.05
2023-06-19T19:38:46	1609.91	2367.99	644.43	-24.53	-22.03	141.37
2023-06-19T19:38:48	1604.55	2376.89	642.25	-24.26	-21.91	140.74
2023-06-19T19:38:50	1599.18	2385.79	640.08	-23.99	-21.80	140.16
2023-06-19T19:38:52	1593.80	2394.67	637.90	-23.72	-21.70	139.64
2023-06-19T19:38:54	1588.42	2403.55	635.72	-23.46	-21.41	139.26
2023-06-19T19:38:56	1583.03	2412.43	633.54	-23.19	-20.91	138.90
2023-06-19T19:38:58	1577.64	2421.29	631.36	-22.87	-20.37	138.44
2023-06-19T19:39:00	1572.24	2430.14	629.17	-22.50	-19.79	137.89
2023-06-19T19:39:02	1566.83	2438.99	626.99	-22.07	-19.19	137.25
2023-06-19T19:39:04	1561.42	2447.83	624.80	-21.61	-18.58	136.49
2023-06-19T19:39:06	1556.01	2456.66	622.61	-21.30	-18.20	135.88
2023-06-19T19:39:08	1550.59	2465.48	620.41	-21.26	-17.97	135.60
2023-06-19T19:39:10	1545.17	2474.30	618.22	-21.20	-17.72	135.36
2023-06-19T19:39:12	1539.74	2483.10	616.02	-21.10	-17.44	135.13
2023-06-19T19:39:14	1534.30	2491.90	613.82	-20.96	-17.14	134.91
2023-06-19T19:39:16	1528.86	2500.69	611.62	-20.77	-16.85	134.71
2023-06-19T19:39:18	1523.42	2509.47	609.41	-20.53	-16.56	134.50
2023-06-19T19:39:20	1517.97	2518.24	607.21	-20.18	-16.47	134.05
2023-06-19T19:39:22	1512.51	2527.01	605.00	-19.81	-16.53	133.39
2023-06-19T19:39:24	1507.06	2535.77	602.78	-19.48	-16.59	132.72
2023-06-19T19:39:26	1501.59	2544.51	600.57	-19.21	-16.58	131.99
2023-06-19T19:39:28	1496.12	2553.26	598.36	-18.95	-16.37	131.23
2023-06-19T19:39:30	1490.65	2561.99	596.15	-18.68	-16.11	130.54
2023-06-19T19:39:32	1485.17	2570.71	593.93	-18.36	-15.78	129.90
2023-06-19T19:39:34	1479.69	2579.43	591.71	-17.88	-15.53	129.42
2023-06-19T19:39:36	1474.20	2588.13	589.49	-17.36	-15.31	128.88
2023-06-19T19:39:38	1468.71	2596.84	587.26	-16.80	-15.12	128.27
2023-06-19T19:39:40	1463.21	2605.53	585.04	-16.19	-14.95	127.59
2023-06-19T19:39:42	1457.71	2614.21	582.81	-15.53	-14.82	126.84
2023-06-19T19:39:44	1452.20	2622.89	580.58	-14.83	-14.71	126.03
2023-06-19T19:39:46	1446.69	2631.55	578.35	-14.39	-14.37	125.35
2023-06-19T19:39:48	1441.18	2640.21	576.12	-14.71	-13.73	125.22
2023-06-19T19:39:50	1435.66	2648.86	573.88	-15.01	-13.11	125.08
2023-06-19T19:39:52	1430.14	2657.51	571.65	-15.25	-12.50	124.88
2023-06-19T19:39:54	1424.61	2666.14	569.41	-15.42	-11.89	124.62
2023-06-19T19:39:56	1419.07	2674.77	567.17	-15.49	-11.32	124.32
2023-06-19T19:39:58	1413.54	2683.39	564.93	-15.43	-10.80	123.97
2023-06-19T19:40:00	1408.00	2692.00	562.69	-15.15	-10.70	123.16
2023-06-19T19:40:02	1402.45	2700.60	560.44	-14.85	-10.69	122.25
2023-06-19T19:40:04	1396.90	2709.20	558.20	-14.58	-10.69	121.31
2023-06-19T19:40:06	1391.35	2717.78	555.95	-14.35	-10.68	120.34
2023-06-19T19:40:08	1385.80	2726.36	553.70	-14.18	-10.66	119.53
2023-06-19T19:40:10	1380.23	2734.93	551.45	-13.98	-10.60	118.87
2023-06-19T19:40:12	1374.67	2743.50	549.20	-13.70	-10.51	118.34
2023-06-19T19:40:14	1369.10	2752.05	546.94	-13.30	-10.30	118.21
2023-06-19T19:40:16	1363.53	2760.60	544.69	-12.87	-10.10	117.97
2023-06-19T19:40:18	1357.95	2769.14	542.43	-12.42	-9.92	117.63
2023-06-19T19:40:20	1352.37	2777.67	540.17	-11.95	-9.76	117.22
2023-06-19T19:40:22	1346.78	2786.19	537.91	-11.45	-9.61	116.73
2023-06-19T19:40:24	1341.20	2794.71	535.65	-10.94	-9.48	116.20
2023-06-19T19:40:26	1335.60	2803.22	533.38	-10.62	-9.34	115.66
2023-06-19T19:40:28	1330.01	2811.72	531.12	-10.65	-9.17	115.20
2023-06-19T19:40:30	1324.41	2820.21	528.85	-10.76	-9.02	114.88
2023-06-19T19:40:32	1318.81	2828.69	526.58	-10.92	-8.91	114.68
2023-06-19T19:40:34	1313.20	2837.17	524.31	-11.13	-8.83	114.61
2023-06-19T19:40:36	1307.59	2845.64	522.04	-11.37	-8.76	114.69
2023-06-19T19:40:38	1301.98	2854.09	519.77	-11.64	-8.70	114.90
2023-06-19T19:40:40	1296.36	2862.55	517.50	-11.80	-8.53	115.04
2023-06-19T19:40:42	1290.74	2870.99	515.22	-11.88	-8.28	115.03
2023-06-19T19:40:44	1285.11	2879.43	512.94	-11.89	-7.99	114.90
2023-06-19T19:40:46	1279.48	2887.86	510.67	-11.80	-7.64	114.65
2023-06-19T19:40:48	1273.85	2896.28	508.39	-11.64	-7.22	114.20
2023-06-19T19:40:50	1268.22	2904.70	506.10	-11.65	-6.70	113.27
2023-06-19T19:40:52	1262.58	2913.10	503.82	-11.64	-6.23	112.31
2023-06-19T19:40:54	1256.94	2921.50	501.54	-11.34	-5.84	111.41
2023-06-19T19:40:56	1251.30	2929.89	499.26	-11.07	-5.51	110.57
2023-06-19T19:40:58	1245.65	2938.27	496.97	-10.86	-5.24	109.77
2023-06-19T19:41:00	1240.00	2946.65	494.68	-10.69	-5.00	109.01
2023-06-19T19:41:02	1234.34	2955.02	492.39	-10.56	-4.79	108.29
2023-06-19T19:41:04	1228.69	2963.38	490.10	-10.46	-4.60	107.61
2023-06-19T19:41:06	1223.03	2971.73	487.81	-10.41	-4.42	106.98
2023-06-19T19:41:08	1217.36	2980.08	485.52	-10.45	-4.33	106.42
2023-06-19T19:41:10	1211.69	2988.41	483.22	-10.26	-4.27	105.98
2023-06-19T19:41:12	1206.03	2996.74	480.93	-10.07	-4.24	105.48
2023-06-19T19:41:14	1200.35	3005.06	478.64	-9.92	-4.24	104.91
2023-06-19T19:41:16	1194.68	3013.38	476.34	-9.80	-4.25	104.29
2023-06-19T19:41:18	1189.00	3021.69	474.04	-9.75	-4.26	103.62
2023-06-19T19:41:20	1183.32	3029.99	471.74	-9.65	-4.22	103.11
2023-06-19T19:41:22	1177.63	3038.28	469.44	-9.14	-4.00	103.25
2023-06-19T19:41:24	1171.94	3046.56	467.14	-8.56	-3.78	103.39
2023-06-19T19:41:26	1166.25	3054.84	464.83	-7.90	-3.57	103.52
2023-06-19T19:41:28	1160.56	3063.11	462.53	-7.16	-3.38	103.65
2023-06-19T19:41:30	1154.87	3071.37	460.22	-6.58	-3.16	104.01
2023-06-19T19:41:32	1149.17	3079.63	457.92	-6.09	-2.98	104.38
2023-06-19T19:41:34	1143.47	3087.88	455.61	-6.10	-2.88	104.53
2023-06-19T19:41:36	1137.76	3096.12	453.30	-6.94	-2.80	104.06
2023-06-19T19:41:38	1132.06	3104.35	450.99	-7.64	-2.69	103.38
2023-06-19T19:41:40	1126.35	3112.57	448.68	-8.19	-2.60	102.61
2023-06-19T19:41:42	1120.64	3120.79	446.37	-8.60	-2.54	101.72
2023-06-19T19:41:44	1114.92	3129.00	444.06	-8.87	-2.52	100.73
2023-06-19T19:41:46	1109.20	3137.21	441.74	-9.02	-2.56	99.64
2023-06-19T19:41:48	1103.48	3145.40	439.42	-8.82	-2.55	98.69
2023-06-19T19:41:50	1097.76	3153.59	437.11	-8.06	-2.22	98.26
2023-06-19T19:41:52	1092.04	3161.77	434.79	-7.45	-1.90	97.89
2023-06-19T19:41:54	1086.31	3169.95	432.47	-7.01	-1.62	97.54
2023-06-19T19:41:56	1080.58	3178.12	430.15	-6.71	-1.37	97.24
2023-06-19T19:41:58	1074.85	3186.28	427.83	-6.54	-1.17	96.96
2023-06-19T19:42:00	1069.11	3194.43	425.51	-6.48	-1.02	96.72
2023-06-19T19:42:02	1063.38	3202.58	423.19	-6.46	-0.92	96.47
2023-06-19T19:42:04	1057.64	3210.71	420.87	-6.34	-0.80	96.18
2023-06-19T19:42:06	1051.90	3218.85	418.55	-6.18	-0.62	95.90
2023-06-19T19:42:08	1046.15	3226.97	416.22	-5.97	-0.36	95.66
2023-06-19T19:42:10	1040.41	3235.09	413.89	-5.65	0.20	95.30
2023-06-19T19:42:12	1034.66	3243.20	411.57	-5.31	0.75	94.83
2023-06-19T19:42:14	1028.91	3251.30	409.24	-4.94	1.28	94.23
2023-06-19T19:42:16	1023.16	3259.40	406.91	-4.69	1.72	93.62
2023-06-19T19:42:18	1017.40	3267.49	404.58	-4.71	1.93	93.14
2023-06-19T19:42:20	1011.64	3275.57	402.25	-4.66	2.03	92.59
2023-06-19T19:42:22	1005.89	3283.64	399.92	-4.55	2.04	91.97
2023-06-19T19:42:24	1000.12	3291.71	397.59	-4.38	1.93	91.25
2023-06-19T19:42:26	994.36	3299.77	395.26	-4.29	1.74	90.61
2023-06-19T19:42:28	988.59	3307.83	392.92	-4.21	1.51	89.99
2023-06-19T19:42:30	982.83	3315.87	390.59	-4.53	1.40	90.16
2023-06-19T19:42:32	977.06	3323.91	388.25	-4.90	1.65	90.85
2023-06-19T19:42:34	971.29	3331.95	385.92	-5.17	1.83	91.38
2023-06-19T19:42:36	965.51	3339.97	383.58	-5.35	1.95	91.76
2023-06-19T19:42:38	959.74	3347.99	381.24	-5.45	2.03	91.99
2023-06-19T19:42:40	953.96	3356.01	378.91	-5.45	2.07	92.07
2023-06-19T19:42:42	948.18	3364.01	376.57	-5.36	2.09	92.01
2023-06-19T19:42:44	942.40	3372.01	374.22	-5.14	2.11	91.79
2023-06-19T19:42:46	936.62	3380.00	371.88	-4.64	2.23	91.38
2023-06-19T19:42:48	930.83	3387.99	369.54	-4.11	2.44	90.90
2023-06-19T19:42:50	925.05	3395.97	367.20	-3.68	2.79	90.41
2023-06-19T19:42:52	919.26	3403.94	364.86	-3.30	3.09	89.97
2023-06-19T19:42:54	913.47	3411.91	362.51	-2.94	3.35	89.61
2023-06-19T19:42:56	907.68	3419.86	360.17	-2.62	3.58	89.36
2023-06-19T19:42:58	901.88	3427.82	357.82	-2.33	3.77	89.26
2023-06-19T19:43:00	896.09	3435.76	355.48	-2.37	3.90	89.35
2023-06-19T19:43:02	890.29	3443.70	353.13	-2.43	4.02	89.55
2023-06-19T19:43:04	884.49	3451.64	350.78	-2.47	4.10	89.84
2023-06-19T19:43:06	878.69	3459.56	348.44	-2.49	4.15	90.20
2023-06-19T19:43:08	872.89	3467.48	346.09	-2.42	4.20	90.49
2023-06-19T19:43:10	867.08	3475.39	343.74	-2.10	4.39	90.37
2023-06-19T19:43:12	861.28	3483.30	341.39	-1.62	4.65	90.12
2023-06-19T19:43:14	855.47	3491.20	339.04	-1.07	5.19	90.03
2023-06-19T19:43:16	849.66	3499.09	336.69	-0.72	5.84	90.08
2023-06-19T19:43:18	843.85	3506.98	334.34	-0.54	6.46	90.13
2023-06-19T19:43:20	838.04	3514.86	331.98	-0.54	7.07	90.18
2023-06-19T19:43:22	832.23	3522.73	329.63	-0.70	7.64	90.22
2023-06-19T19:43:24	826.41	3530.60	327.28	-1.01	8.17	90.25
2023-06-19T19:43:26	820.60	3538.46	324.92	-1.45	8.65	90.26
2023-06-19T19:43:28	814.78	3546.31	322.57	-1.71	8.67	90.26
2023-06-19T19:43:30	808.96	3554.16	320.21	-1.62	8.28	90.24
2023-06-19T19:43:32	803.14	3562.00	317.86	-1.53	8.00	90.19
2023-06-19T19:43:34	797.32	3569.84	315.50	-1.43	7.85	90.11
2023-06-19T19:43:36	791.49	3577.67	313.14	-1.34	7.82	90.00
2023-06-19T19:43:38	785.67	3585.49	310.79	-1.23	7.91	89.84
2023-06-19T19:43:40	779.84	3593.31	308.43	-1.13	8.11	89.65
2023-06-19T19:43:42	774.02	3601.11	306.07	-1.05	8.41	89.51
2023-06-19T19:43:44	768.19	3608.92	303.71	-1.05	8.65	89.91
2023-06-19T19:43:46	762.36	3616.71	301.35	-1.01	8.87	90.35
2023-06-19T19:43:48	756.53	3624.51	298.99	-0.88	9.05	90.80
2023-06-19T19:43:50	750.70	3632.29	296.63	-0.67	9.18	91.08
2023-06-19T19:43:52	744.86	3640.07	294.27	-0.43	9.31	91.17
2023-06-19T19:43:54	739.03	3647.84	291.91	-0.17	9.43	91.07
2023-06-19T19:43:56	733.19	3655.61	289.55	0.13	9.53	90.81
2023-06-19T19:43:58	727.35	3663.37	287.18	0.34	9.47	90.43
2023-06-19T19:44:00	721.52	3671.12	284.82	0.48	9.38	90.02
2023-06-19T19:44:02	715.68	3678.87	282.45	0.56	9.31	89.60
2023-06-19T19:44:04	709.84	3686.62	280.09	0.53	9.21	89.25
2023-06-19T19:44:06	703.99	3694.35	277.73	0.42	9.14	88.88
2023-06-19T19:44:08	698.15	3702.08	275.36	0.29	9.25	88.96
2023-06-19T19:44:10	692.31	3709.81	272.99	0.23	9.42	89.08
2023-06-19T19:44:12	686.46	3717.52	270.63	0.39	9.65	89.42
2023-06-19T19:44:14	680.61	3725.23	268.26	0.76	9.90	90.06
2023-06-19T19:44:16	674.77	3732.94	265.90	1.05	10.14	90.55
2023-06-19T19:44:18	668.92	3740.64	263.53	1.27	10.37	90.92
2023-06-19T19:44:20	663.07	3748.34	261.16	1.43	10.60	91.17
2023-06-19T19:44:22	657.22	3756.02	258.79	1.52	10.83	91.31
2023-06-19T19:44:24	651.37	3763.70	256.42	1.56	11.06	91.33
2023-06-19T19:44:26	645.51	3771.38	254.06	1.55	11.29	91.26
2023-06-19T19:44:28	639.66	3779.05	251.69	1.91	11.34	91.62
2023-06-19T19:44:30	633.81	3786.72	249.32	2.25	11.41	91.89
2023-06-19T19:44:32	627.95	3794.38	246.95	2.55	11.50	92.11
2023-06-19T19:44:34	622.10	3802.03	244.58	2.82	11.60	92.28
2023-06-19T19:44:36	616.24	3809.68	242.20	3.04	11.72	92.42
2023-06-19T19:44:38	610.38	3817.32	239.83	3.21	11.83	92.55
2023-06-19T19:44:40	604.52	3824.95	237.46	3.33	11.94	92.67
2023-06-19T19:44:42	598.66	3832.58	235.09	3.50	12.07	92.74
2023-06-19T19:44:44	592.80	3840.21	232.72	3.75	12.23	92.75
2023-06-19T19:44:46	586.94	3847.82	230.35	3.97	12.38	92.66
2023-06-19T19:44:48	581.08	3855.44	227.97	4.13	12.46	92.31
2023-06-19T19:44:50	575.21	3863.04	225.60	4.20	12.55	91.91
2023-06-19T19:44:52	569.35	3870.65	223.23	4.24	12.62	91.46
2023-06-19T19:44:54	563.48	3878.24	220.85	4.23	12.69	91.03
2023-06-19T19:44:56	557.62	3885.83	218.48	4.17	12.77	90.62
2023-06-19T19:44:58	551.75	3893.42	216.10	4.46	12.60	90.29
2023-06-19T19:45:00	545.88	3901.00	213.73	4.75	12.42	89.94
2023-06-19T19:45:02	540.02	3908.57	211.35	5.04	12.23	89.55
2023-06-19T19:45:04	534.15	3916.14	208.98	5.33	12.02	89.12
2023-06-19T19:45:06	528.28	3923.70	206.60	5.79	11.85	88.64
2023-06-19T19:45:08	522.41	3931.26	204.22	6.38	11.76	88.16
2023-06-19T19:45:10	516.54	3938.81	201.85	6.92	11.66	87.66
2023-06-19T19:45:12	510.67	3946.35	199.47	7.41	11.50	86.96
2023-06-19T19:45:14	504.79	3953.89	197.09	7.81	11.27	85.87
2023-06-19T19:45:16	498.92	3961.43	194.72	8.10	11.03	84.58
2023-06-19T19:45:18	493.05	3968.96	192.34	8.29	10.77	83.09
2023-06-19T19:45:20	487.17	3976.48	189.96	8.41	10.50	81.40
2023-06-19T19:45:22	481.30	3984.00	187.58	8.47	10.20	79.50
2023-06-19T19:45:24	475.42	3991.51	185.21	8.49	9.88	77.38
2023-06-19T19:45:26	469.55	3999.02	182.83	8.64	9.61	75.79
2023-06-19T19:45:28	463.67	4006.52	180.45	8.59	9.54	75.55
2023-06-19T19:45:30	457.80	4014.02	178.07	8.50	9.52	75.57
2023-06-19T19:45:32	451.92	4021.51	175.69	8.42	9.51	75.63
2023-06-19T19:45:34	446.04	4029.00	173.31	8.36	9.50	75.73
2023-06-19T19:45:36	440.16	4036.48	170.93	8.31	9.47	75.88
2023-06-19T19:45:38	434.28	4043.96	168.55	8.28	9.41	76.06
2023-06-19T19:45:40	428.40	4051.43	166.17	8.15	9.36	76.20
2023-06-19T19:45:42	422.52	4058.89	163.79	8.11	9.24	76.17
2023-06-19T19:45:44	416.64	4066.35	161.41	8.33	9.12	75.60
2023-06-19T19:45:46	410.76	4073.81	159.03	8.18	8.97	75.27
2023-06-19T19:45:48	404.88	4081.26	156.65	7.98	8.84	75.00
2023-06-19T19:45:50	398.99	4088.70	154.27	7.74	8.73	74.80
2023-06-19T19:45:52	393.11	4096.14	151.89	7.47	8.65	74.67
2023-06-19T19:45:54	387.23	4103.58	149.50	7.17	8.57	74.61
2023-06-19T19:45:56	381.34	4111.01	147.12	6.86	8.50	74.63
2023-06-19T19:45:58	375.46	4118.43	144.74	6.35	8.20	74.76
2023-06-19T19:46:00	369.57	4125.85	142.36	5.72	7.71	74.93
2023-06-19T19:46:02	363.69	4133.26	139.98	5.18	7.26	75.06
2023-06-19T19:46:04	357.80	4140.67	137.59	4.75	6.82	74.98
2023-06-19T19:46:06	351.92	4148.08	135.21	4.47	6.42	74.54
2023-06-19T19:46:08	346.03	4155.48	132.83	4.28	6.05	74.09
2023-06-19T19:46:10	340.14	4162.87	130.44	4.18	5.71	73.60
2023-06-19T19:46:12	334.26	4170.26	128.06	4.17	5.39	73.08
2023-06-19T19:46:14	328.37	4177.64	125.68	4.03	5.16	72.25
2023-06-19T19:46:16	322.48	4185.02	123.29	3.78	4.90	71.32
2023-06-19T19:46:18	316.59	4192.39	120.91	3.46	4.61	70.35
2023-06-19T19:46:20	310.70	4199.76	118.53	3.10	4.29	69.33
2023-06-19T19:46:22	304.82	4207.13	116.14	2.68	3.94	68.24
2023-06-19T19:46:24	298.93	4214.49	113.76	2.19	3.73	67.25
2023-06-19T19:46:26	293.04	4221.84	111.37	1.74	3.69	66.45
2023-06-19T19:46:28	287.15	4229.19	108.99	1.28	3.72	65.91
2023-06-19T19:46:30	281.26	4236.54	106.61	1.21	3.78	65.64
2023-06-19T19:46:32	275.37	4243.87	104.22	1.15	3.73	65.32
2023-06-19T19:46:34	269.48	4251.21	101.84	1.12	3.60	64.95
2023-06-19T19:46:36	263.59	4258.54	99.45	1.12	3.36	64.55
2023-06-19T19:46:38	257.69	4265.86	97.07	1.14	3.04	64.13
2023-06-19T19:46:40	251.80	4273.18	94.68	1.19	2.62	63.69
2023-06-19T19:46:42	245.91	4280.50	92.30	1.26	2.11	63.25
2023-06-19T19:46:44	240.02	4287.81	89.91	1.01	1.80	62.70
2023-06-19T19:46:46	234.13	4295.12	87.53	0.58	1.78	61.96
2023-06-19T19:46:48	228.24	4302.42	85.14	0.28	1.76	61.11
2023-06-19T19:46:50	222.34	4309.72	82.76	0.06	1.73	60.15
2023-06-19T19:46:52	216.45	4317.01	80.37	-0.08	1.68	59.06
2023-06-19T19:46:54	210.55	4324.29	77.98	-0.19	1.61	57.83
2023-06-19T19:46:56	204.66	4331.58	75.60	-0.27	1.49	56.44
2023-06-19T19:46:58	198.77	4338.85	73.21	-0.35	1.33	54.88
2023-06-19T19:47:00	192.88	4346.13	70.83	-0.36	1.17	53.34
2023-06-19T19:47:02	186.98	4353.40	68.44	-0.28	1.09	52.20
2023-06-19T19:47:04	181.09	4360.66	66.05	-0.35	1.18	51.71
2023-06-19T19:47:06	175.19	4367.92	63.67	-0.49	1.22	51.23
2023-06-19T19:47:08	169.30	4375.18	61.28	-0.69	1.19	50.78
2023-06-19T19:47:10	163.40	4382.43	58.90	-0.96	1.09	50.37
2023-06-19T19:47:12	157.51	4389.67	56.51	-1.32	0.91	50.00
2023-06-19T19:47:14	151.62	4396.91	54.12	-1.77	0.65	49.69
2023-06-19T19:47:16	145.72	4404.15	51.74	-2.11	0.60	49.76
2023-06-19T19:47:18	139.83	4411.38	49.35	-2.32	0.71	49.84
2023-06-19T19:47:20	133.93	4418.61	46.96	-2.47	0.83	49.80
2023-06-19T19:47:22	128.04	4425.83	44.58	-2.33	1.09	49.39
2023-06-19T19:47:24	122.14	4433.05	42.19	-2.00	1.44	48.60
2023-06-19T19:47:26	116.25	4440.27	39.80	-1.74	1.74	47.69
2023-06-19T19:47:28	110.35	4447.48	37.42	-1.56	1.99	46.70
2023-06-19T19:47:30	104.45	4454.68	35.03	-1.46	2.19	45.62
2023-06-19T19:47:32	98.56	4461.88	32.64	-1.46	2.11	44.52
2023-06-19T19:47:34	92.66	4469.08	30.26	-1.58	1.80	43.47
2023-06-19T19:47:36	86.77	4476.27	27.87	-1.81	1.43	42.49
2023-06-19T19:47:38	80.87	4483.46	25.48	-2.16	1.01	41.61
2023-06-19T19:47:40	74.98	4490.64	23.10	-2.61	0.55	40.81
2023-06-19T19:47:42	69.08	4497.83	20.71	-3.07	0.20	40.02
2023-06-19T19:47:44	63.18	4505.00	18.32	-3.48	-0.10	39.22
2023-06-19T19:47:46	57.29	4512.17	15.94	-3.84	-0.44	38.43
2023-06-19T19:47:48	51.39	4519.34	13.55	-3.95	-0.67	37.45
2023-06-19T19:47:50	45.50	4526.50	11.16	-3.94	-0.80	36.35
2023-06-19T19:47:52	39.60	4533.65	8.77	-3.94	-0.93	35.26
2023-06-19T19:47:54	33.71	4540.81	6.39	-3.95	-1.02	34.16
2023-06-19T19:47:56	27.81	4547.96	4.00	-3.96	-1.09	33.08
2023-06-19T19:47:58	21.91	4555.10	1.61	-3.98	-1.10	32.00
2023-06-19T19:48:00	16.02	4562.24	-0.77	-4.01	-1.06	30.94
2023-06-19T19:48:02	10.12	4569.38	-3.16	-4.11	-0.92	30.00
2023-06-19T19:48:04	4.23	4576.51	-5.55	-4.04	-0.64	29.25
2023-06-19T19:48:06	-1.67	4583.64	-7.93	-3.88	-0.36	28.53
2023-06-19T19:48:08	-7.57	4590.76	-10.32	-3.68	-0.10	27.76
2023-06-19T19:48:10	-13.46	4597.88	-12.71	-3.42	0.14	26.93
2023-06-19T19:48:12	-19.36	4605.00	-15.10	-3.13	0.36	26.06
2023-06-19T19:48:14	-25.25	4612.11	-17.49	-2.79	0.56	25.13
2023-06-19T19:48:16	-31.15	4619.22	-19.87	-2.42	0.75	24.16
2023-06-19T19:48:18	-37.04	4626.32	-22.26	-2.01	0.92	23.12
2023-06-19T19:48:20	-42.94	4633.42	-24.64	-1.85	0.98	22.52
2023-06-19T19:48:22	-48.83	4640.52	-27.03	-1.90	0.99	22.42
2023-06-19T19:48:24	-54.73	4647.61	-29.42	-1.95	1.03	22.32
2023-06-19T19:48:26	-60.63	4654.70	-31.81	-2.00	1.09	22.24
2023-06-19T19:48:28	-66.52	4661.78	-34.19	-2.07	1.17	22.18
2023-06-19T19:48:30	-72.42	4668.86	-36.58	-2.16	1.26	22.16
2023-06-19T19:48:32	-78.31	4675.93	-38.96	-2.28	1.37	22.17
2023-06-19T19:48:34	-84.21	4683.00	-41.35	-2.44	1.50	22.24
2023-06-19T19:48:36	-90.10	4690.07	-43.74	-2.61	1.65	22.42
2023-06-19T19:48:38	-96.00	4697.13	-46.13	-2.74	1.78	22.61
2023-06-19T19:48:40	-101.89	4704.19	-48.51	-2.84	1.85	22.51
2023-06-19T19:48:42	-107.78	4711.25	-50.90	-2.91	1.87	22.22
2023-06-19T19:48:44	-113.68	4718.30	-53.28	-2.92	1.83	21.84
2023-06-19T19:48:46	-119.57	4725.35	-55.67	-2.88	1.74	21.36
2023-06-19T19:48:48	-125.47	4732.39	-58.06	-2.79	1.59	20.80
2023-06-19T19:48:50	-131.36	4739.43	-60.45	-2.65	1.41	20.15
2023-06-19T19:48:52	-137.25	4746.47	-62.83	-2.60	1.32	19.64
2023-06-19T19:48:54	-143.15	4753.50	-65.22	-2.67	1.36	19.37
2023-06-19T19:48:56	-149.04	4760.53	-67.61	-2.72	1.43	19.15
2023-06-19T19:48:58	-154.94	4767.55	-69.99	-2.74	1.56	18.97
2023-06-19T19:49:00	-160.83	4774.57	-72.38	-2.84	1.70	18.84
2023-06-19T19:49:02	-166.72	4781.59	-74.76	-2.94	1.83	18.72
2023-06-19T19:49:04	-172.62	4788.60	-77.15	-3.03	1.96	18.60
2023-06-19T19:49:06	-178.51	4795.61	-79.53	-3.12	2.09	18.49
2023-06-19T19:49:08	-184.40	4802.61	-81.92	-3.21	2.19	18.40
2023-06-19T19:49:10	-190.29	4809.61	-84.31	-3.32	2.23	18.35
2023-06-19T19:49:12	-196.18	4816.61	-86.69	-3.40	2.27	18.27
2023-06-19T19:49:14	-202.08	4823.60	-89.08	-3.44	2.32	18.14
2023-06-19T19:49:16	-207.97	4830.59	-91.46	-3.44	2.38	17.99
2023-06-19T19:49:18	-213.86	4837.58	-93.85	-3.40	2.47	17.81
2023-06-19T19:49:20	-219.75	4844.56	-96.23	-3.33	2.63	17.65
2023-06-19T19:49:22	-225.64	4851.54	-98.62	-3.28	2.75	17.49
2023-06-19T19:49:24	-231.53	4858.52	-101.00	-3.27	2.84	17.33
2023-06-19T19:49:26	-237.42	4865.49	-103.39	-3.40	2.84	17.25
2023-06-19T19:49:28	-243.31	4872.46	-105.77	-3.56	2.81	17.18
2023-06-19T19:49:30	-249.20	4879.42	-108.16	-3.74	2.75	17.11
2023-06-19T19:49:32	-255.09	4886.38	-110.54	-3.94	2.68	17.06
2023-06-19T19:49:34	-260.98	4893.34	-112.93	-4.15	2.58	17.02
2023-06-19T19:49:36	-266.88	4900.29	-115.31	-4.37	2.46	16.98
2023-06-19T19:49:38	-272.77	4907.24	-117.70	-4.52	2.43	17.00
2023-06-19T19:49:40	-278.65	4914.18	-120.08	-4.59	2.46	17.03
2023-06-19T19:49:42	-284.54	4921.13	-122.47	-4.58	2.52	17.03
2023-06-19T19:49:44	-290.43	4928.06	-124.85	-4.54	2.59	16.98
2023-06-19T19:49:46	-296.32	4935.00	-127.24	-4.50	2.64	16.89
2023-06-19T19:49:48	-302.21	4941.93	-129.62	-4.46	2.69	16.77
2023-06-19T19:49:50	-308.10	4948.86	-132.01	-4.42	2.74	16.61
2023-06-19T19:49:52	-313.98	4955.78	-134.39	-4.38	2.78	16.42
2023-06-19T19:49:54	-319.87	4962.70	-136.77	-4.35	2.82	16.20
2023-06-19T19:49:56	-325.76	4969.62	-139.16	-4.33	2.85	15.95
2023-06-19T19:49:58	-331.64	4976.54	-141.54	-4.13	2.93	15.76
2023-06-19T19:50:00	-337.53	4983.44	-143.93	-3.91	3.05	15.61
2023-06-19T19:50:02	-343.42	4990.35	-146.31	-3.71	3.18	15.47
2023-06-19T19:50:04	-349.30	4997.25	-148.69	-3.54	3.30	15.33
2023-06-19T19:50:06	-355.19	5004.15	-151.08	-3.39	3.42	15.19
2023-06-19T19:50:08	-361.08	5011.05	-153.46	-3.27	3.55	15.07
2023-06-19T19:50:10	-366.96	5017.94	-155.84	-3.18	3.68	14.95
2023-06-19T19:50:12	-372.85	5024.83	-158.23	-3.13	3.81	14.84
2023-06-19T19:50:14	-378.73	5031.72	-160.61	-3.10	3.92	14.74
2023-06-19T19:50:16	-384.61	5038.60	-162.99	-3.12	3.98	14.69
2023-06-19T19:50:18	-390.50	5045.48	-165.38	-3.17	3.98	14.71
2023-06-19T19:50:20	-396.38	5052.36	-167.76	-3.25	3.97	14.71
2023-06-19T19:50:22	-402.27	5059.23	-170.14	-3.34	3.94	14.68
2023-06-19T19:50:24	-408.15	5066.10	-172.52	-3.47	3.88	14.61
2023-06-19T19:50:26	-414.03	5072.96	-174.90	-3.61	3.81	14.51
2023-06-19T19:50:28	-419.92	5079.83	-177.29	-3.76	3.72	14.40
2023-06-19T19:50:30	-425.80	5086.69	-179.67	-3.92	3.62	14.28
2023-06-19T19:50:32	-431.68	5093.54	-182.05	-3.95	3.68	14.32
2023-06-19T19:50:34	-437.56	5100.39	-184.43	-3.96	3.77	14.40
2023-06-19T19:50:36	-443.44	5107.24	-186.82	-3.87	3.89	14.51
2023-06-19T19:50:38	-449.32	5114.09	-189.20	-3.73	4.01	14.61
2023-06-19T19:50:40	-455.20	5120.93	-191.58	-3.61	4.13	14.67
2023-06-19T19:50:42	-461.08	5127.77	-193.96	-3.51	4.23	14.70
2023-06-19T19:50:44	-466.96	5134.60	-196.34	-3.43	4.32	14.70
2023-06-19T19:50:46	-472.85	5141.44	-198.72	-3.37	4.39	14.67
2023-06-19T19:50:48	-478.73	5148.27	-201.10	-3.31	4.43	14.59
2023-06-19T19:50:50	-484.60	5155.09	-203.48	-3.28	4.44	14.50
2023-06-19T19:50:52	-490.48	5161.92	-205.86	-3.26	4.43	14.40
2023-06-19T19:50:54	-496.36	5168.73	-208.24	-3.27	4.41	14.30
2023-06-19T19:50:56	-502.24	5175.55	-210.63	-3.23	4.43	14.38
2023-06-19T19:50:58	-508.12	5182.36	-213.00	-3.17	4.45	14.52
2023-06-19T19:51:00	-513.99	5189.17	-215.39	-3.11	4.47	14.64
2023-06-19T19:51:02	-519.87	5195.98	-217.77	-3.05	4.47	14.73
2023-06-19T19:51:04	-525.75	5202.79	-220.14	-2.96	4.47	14.80
2023-06-19T19:51:06	-531.62	5209.58	-222.53	-2.77	4.54	14.89
2023-06-19T19:51:08	-537.50	5216.38	-224.90	-2.59	4.62	14.97
2023-06-19T19:51:10	-543.38	5223.18	-227.28	-2.40	4.73	15.05
2023-06-19T19:51:12	-549.25	5229.97	-229.66	-2.22	4.85	15.12
2023-06-19T19:51:14	-555.13	5236.75	-232.04	-2.04	4.99	15.20
2023-06-19T19:51:16	-561.00	5243.54	-234.42	-2.02	5.13	15.26
2023-06-19T19:51:18	-566.87	5250.32	-236.80	-2.05	5.30	15.32
2023-06-19T19:51:20	-572.75	5257.10	-239.18	-2.13	5.49	15.39
2023-06-19T19:51:22	-578.62	5263.88	-241.56	-2.32	5.66	15.54
2023-06-19T19:51:24	-584.49	5270.65	-243.94	-2.54	5.81	15.69
2023-06-19T19:51:26	-590.37	5277.41	-246.32	-2.75	5.97	15.83
2023-06-19T19:51:28	-596.24	5284.18	-248.69	-2.96	6.13	15.96
2023-06-19T19:51:30	-602.11	5290.94	-251.07	-3.17	6.31	16.08
2023-06-19T19:51:32	-607.98	5297.70	-253.45	-3.37	6.49	16.18
2023-06-19T19:51:34	-613.86	5304.46	-255.83	-3.55	6.67	16.26
2023-06-19T19:51:36	-619.73	5311.21	-258.21	-3.65	6.74	16.31
2023-06-19T19:51:38	-625.59	5317.97	-260.58	-3.71	6.76	16.31
2023-06-19T19:51:40	-631.46	5324.71	-262.96	-3.73	6.73	16.22
2023-06-19T19:51:42	-637.34	5331.46	-265.34	-3.78	6.71	16.12
2023-06-19T19:51:44	-643.20	5338.20	-267.71	-3.84	6.73	16.01
2023-06-19T19:51:46	-649.07	5344.94	-270.09	-3.94	6.76	15.90
2023-06-19T19:51:48	-654.94	5351.67	-272.47	-4.08	6.81	15.80
2023-06-19T19:51:50	-660.81	5358.41	-274.84	-4.27	6.88	15.70
2023-06-19T19:51:52	-666.68	5365.14	-277.22	-4.52	6.96	15.61
2023-06-19T19:51:54	-672.54	5371.86	-279.60	-4.79	7.00	15.49
2023-06-19T19:51:56	-678.41	5378.59	-281.97	-4.81	6.71	15.34
2023-06-19T19:51:58	-684.28	5385.31	-284.35	-4.82	6.40	15.15
