Time	POS_X	POS_Y	POS_Z	B_X	B_Y	B_Z
2023-06-19T19:16:52	3412.20	-4003.44	1375.44	-35.26	10.05	17.90
2023-06-19T19:16:54	3411.13	-3994.28	1375.00	-36.46	9.96	17.71
2023-06-19T19:16:56	3410.07	-3985.12	1374.57	-37.67	9.87	17.53
2023-06-19T19:16:58	3409.00	-3975.95	1374.14	-38.88	9.77	17.34
2023-06-19T19:17:00	3407.93	-3966.79	1373.71	-40.11	9.67	17.15
2023-06-19T19:17:02	3406.86	-3957.62	1373.27	-41.34	9.56	16.97
2023-06-19T19:17:04	3405.79	-3948.45	1372.84	-42.55	9.45	16.76
2023-06-19T19:17:06	3404.71	-3939.28	1372.40	-43.27	9.30	15.99
2023-06-19T19:17:08	3403.64	-3930.10	1371.97	-43.99	9.14	15.23
2023-06-19T19:17:10	3402.56	-3920.92	1371.53	-44.71	8.97	14.47
2023-06-19T19:17:12	3401.48	-3911.74	1371.09	-45.43	8.78	13.72
2023-06-19T19:17:14	3400.39	-3902.56	1370.65	-46.15	8.58	12.96
2023-06-19T19:17:16	3399.31	-3893.37	1370.21	-46.87	8.37	12.21
2023-06-19T19:17:18	3398.22	-3884.18	1369.77	-47.23	8.20	11.51
2023-06-19T19:17:20	3397.13	-3875.00	1369.33	-47.51	8.04	10.79
2023-06-19T19:17:22	3396.05	-3865.80	1368.89	-47.79	7.90	10.04
2023-06-19T19:17:24	3394.95	-3856.61	1368.45	-48.07	7.77	9.27
2023-06-19T19:17:26	3393.86	-3847.41	1368.00	-48.35	7.65	8.47
2023-06-19T19:17:28	3392.76	-3838.22	1367.56	-48.62	7.53	7.65
2023-06-19T19:17:30	3391.66	-3829.02	1367.11	-48.91	7.42	7.27
2023-06-19T19:17:32	3390.56	-3819.82	1366.67	-49.21	7.32	7.21
2023-06-19T19:17:34	3389.46	-3810.61	1366.22	-49.56	7.30	7.21
2023-06-19T19:17:36	3388.36	-3801.40	1365.78	-49.92	7.27	7.20
2023-06-19T19:17:38	3387.25	-3792.19	1365.33	-50.29	7.24	7.18
2023-06-19T19:17:40	3386.14	-3782.98	1364.88	-50.67	7.21	7.16
2023-06-19T19:17:42	3385.03	-3773.76	1364.43	-51.34	7.28	7.05
2023-06-19T19:17:44	3383.92	-3764.55	1363.98	-52.49	7.52	6.83
2023-06-19T19:17:46	3382.81	-3755.33	1363.53	-53.61	7.73	6.58
2023-06-19T19:17:48	3381.69	-3746.11	1363.07	-54.72	7.91	6.31
2023-06-19T19:17:50	3380.57	-3736.88	1362.62	-55.80	8.07	6.02
2023-06-19T19:17:52	3379.45	-3727.66	1362.16	-56.87	8.20	5.70
2023-06-19T19:17:54	3378.33	-3718.43	1361.71	-57.89	8.29	5.41
2023-06-19T19:17:56	3377.21	-3709.20	1361.25	-58.73	8.35	5.29
2023-06-19T19:17:58	3376.08	-3699.97	1360.80	-59.55	8.41	5.18
2023-06-19T19:18:00	3374.95	-3690.73	1360.34	-60.36	8.47	5.09
2023-06-19T19:18:02	3373.82	-3681.50	1359.88	-61.16	8.54	5.01
2023-06-19T19:18:04	3372.69	-3672.26	1359.42	-61.94	8.60	4.95
2023-06-19T19:18:06	3371.56	-3663.01	1358.96	-62.71	8.66	4.90
2023-06-19T19:18:08	3370.42	-3653.77	1358.50	-63.23	8.76	4.91
2023-06-19T19:18:10	3369.28	-3644.52	1358.04	-63.76	8.86	4.93
2023-06-19T19:18:12	3368.14	-3635.27	1357.58	-64.29	8.97	4.97
2023-06-19T19:18:14	3366.99	-3626.02	1357.11	-64.82	9.08	5.02
2023-06-19T19:18:16	3365.85	-3616.77	1356.65	-65.36	9.21	5.08
2023-06-19T19:18:18	3364.70	-3607.51	1356.18	-65.90	9.35	5.16
2023-06-19T19:18:20	3363.55	-3598.25	1355.72	-66.36	9.47	5.06
2023-06-19T19:18:22	3362.40	-3588.99	1355.25	-66.79	9.59	4.94
2023-06-19T19:18:24	3361.24	-3579.73	1354.78	-67.22	9.72	4.82
2023-06-19T19:18:26	3360.09	-3570.46	1354.31	-67.64	9.86	4.71
2023-06-19T19:18:28	3358.93	-3561.19	1353.84	-68.05	10.01	4.61
2023-06-19T19:18:30	3357.77	-3551.92	1353.37	-68.45	10.17	4.51
2023-06-19T19:18:32	3356.61	-3542.65	1352.90	-68.97	10.50	4.41
2023-06-19T19:18:34	3355.44	-3533.37	1352.43	-69.57	10.91	4.29
2023-06-19T19:18:36	3354.27	-3524.10	1351.95	-70.16	11.30	4.15
2023-06-19T19:18:38	3353.10	-3514.82	1351.48	-70.74	11.68	3.98
2023-06-19T19:18:40	3351.93	-3505.53	1351.01	-71.32	12.04	3.80
2023-06-19T19:18:42	3350.76	-3496.25	1350.53	-71.90	12.38	3.59
2023-06-19T19:18:44	3349.58	-3486.96	1350.05	-72.51	12.76	3.46
2023-06-19T19:18:46	3348.40	-3477.67	1349.57	-73.20	13.18	3.43
2023-06-19T19:18:48	3347.22	-3468.38	1349.09	-73.90	13.61	3.42
2023-06-19T19:18:50	3346.04	-3459.08	1348.61	-74.63	14.06	3.41
2023-06-19T19:18:52	3344.85	-3449.78	1348.13	-75.37	14.51	3.41
2023-06-19T19:18:54	3343.66	-3440.49	1347.65	-76.14	14.98	3.43
2023-06-19T19:18:56	3342.47	-3431.18	1347.17	-76.75	15.30	3.40
2023-06-19T19:18:58	3341.28	-3421.88	1346.68	-77.00	15.30	3.28
2023-06-19T19:19:00	3340.08	-3412.57	1346.20	-77.25	15.30	3.15
2023-06-19T19:19:02	3338.89	-3403.26	1345.71	-77.49	15.30	3.03
2023-06-19T19:19:04	3337.69	-3393.95	1345.23	-77.73	15.31	2.91
2023-06-19T19:19:06	3336.49	-3384.64	1344.74	-77.96	15.32	2.80
2023-06-19T19:19:08	3335.28	-3375.32	1344.25	-78.17	15.36	2.69
2023-06-19T19:19:10	3334.07	-3366.00	1343.76	-78.35	15.54	2.59
2023-06-19T19:19:12	3332.86	-3356.68	1343.27	-78.52	15.70	2.48
2023-06-19T19:19:14	3331.65	-3347.35	1342.78	-78.68	15.84	2.35
2023-06-19T19:19:16	3330.44	-3338.02	1342.28	-78.85	15.99	2.22
2023-06-19T19:19:18	3329.22	-3328.69	1341.79	-79.02	16.14	2.09
2023-06-19T19:19:20	3328.00	-3319.36	1341.29	-79.19	16.28	1.96
2023-06-19T19:19:22	3326.78	-3310.03	1340.80	-79.30	16.22	2.01
2023-06-19T19:19:24	3325.56	-3300.69	1340.30	-79.41	16.17	2.05
2023-06-19T19:19:26	3324.33	-3291.35	1339.80	-79.52	16.12	2.10
2023-06-19T19:19:28	3323.10	-3282.01	1339.31	-79.63	16.08	2.16
2023-06-19T19:19:30	3321.87	-3272.66	1338.81	-79.75	16.04	2.21
2023-06-19T19:19:32	3320.64	-3263.32	1338.31	-79.87	16.01	2.27
2023-06-19T19:19:34	3319.40	-3253.97	1337.80	-79.92	16.11	2.35
2023-06-19T19:19:36	3318.16	-3244.61	1337.30	-79.98	16.23	2.43
2023-06-19T19:19:38	3316.92	-3235.26	1336.80	-80.03	16.34	2.51
2023-06-19T19:19:40	3315.67	-3225.90	1336.29	-80.07	16.46	2.58
2023-06-19T19:19:42	3314.43	-3216.54	1335.79	-80.11	16.58	2.66
2023-06-19T19:19:44	3313.18	-3207.18	1335.28	-80.16	16.71	2.73
2023-06-19T19:19:46	3311.92	-3197.82	1334.77	-80.25	16.75	2.80
2023-06-19T19:19:48	3310.67	-3188.45	1334.26	-80.36	16.77	2.87
2023-06-19T19:19:50	3309.41	-3179.08	1333.75	-80.47	16.78	2.93
2023-06-19T19:19:52	3308.15	-3169.71	1333.24	-80.58	16.80	2.99
2023-06-19T19:19:54	3306.89	-3160.33	1332.73	-80.69	16.83	3.04
2023-06-19T19:19:56	3305.62	-3150.95	1332.21	-80.80	16.85	3.10
2023-06-19T19:19:58	3304.35	-3141.57	1331.70	-80.82	16.88	3.23
2023-06-19T19:20:00	3303.08	-3132.19	1331.18	-80.79	16.90	3.39
2023-06-19T19:20:02	3301.81	-3122.80	1330.66	-80.76	16.93	3.56
2023-06-19T19:20:04	3300.53	-3113.41	1330.15	-80.74	16.96	3.74
2023-06-19T19:20:06	3299.26	-3104.02	1329.63	-80.71	16.99	3.92
2023-06-19T19:20:08	3297.97	-3094.63	1329.11	-80.68	17.02	4.11
2023-06-19T19:20:10	3296.69	-3085.23	1328.58	-80.70	17.12	4.24
2023-06-19T19:20:12	3295.40	-3075.83	1328.06	-80.75	17.26	4.34
2023-06-19T19:20:14	3294.11	-3066.43	1327.54	-80.79	17.40	4.44
2023-06-19T19:20:16	3292.82	-3057.03	1327.01	-80.84	17.54	4.54
2023-06-19T19:20:18	3291.53	-3047.62	1326.49	-80.88	17.68	4.63
2023-06-19T19:20:20	3290.23	-3038.21	1325.96	-80.92	17.82	4.73
2023-06-19T19:20:22	3288.93	-3028.80	1325.43	-80.95	17.90	4.82
2023-06-19T19:20:24	3287.62	-3019.39	1324.90	-80.96	17.93	4.91
2023-06-19T19:20:26	3286.32	-3009.97	1324.37	-80.97	17.96	4.99
2023-06-19T19:20:28	3285.01	-3000.55	1323.84	-80.98	18.00	5.08
2023-06-19T19:20:30	3283.69	-2991.13	1323.31	-81.00	18.03	5.15
2023-06-19T19:20:32	3282.38	-2981.70	1322.78	-81.01	18.06	5.23
2023-06-19T19:20:34	3281.06	-2972.27	1322.24	-81.02	18.11	5.35
2023-06-19T19:20:36	3279.74	-2962.85	1321.70	-81.00	18.19	5.55
2023-06-19T19:20:38	3278.42	-2953.41	1321.16	-80.98	18.26	5.74
2023-06-19T19:20:40	3277.09	-2943.98	1320.63	-80.96	18.34	5.94
2023-06-19T19:20:42	3275.76	-2934.54	1320.09	-80.93	18.41	6.14
2023-06-19T19:20:44	3274.43	-2925.10	1319.54	-80.91	18.49	6.34
2023-06-19T19:20:46	3273.09	-2915.65	1319.00	-80.95	18.57	6.52
2023-06-19T19:20:48	3271.75	-2906.21	1318.46	-81.05	18.63	6.67
2023-06-19T19:20:50	3270.41	-2896.76	1317.91	-81.15	18.69	6.82
2023-06-19T19:20:52	3269.07	-2887.31	1317.37	-81.25	18.74	6.98
2023-06-19T19:20:54	3267.72	-2877.85	1316.82	-81.35	18.80	7.13
2023-06-19T19:20:56	3266.37	-2868.39	1316.27	-81.44	18.86	7.28
2023-06-19T19:20:58	3265.02	-2858.93	1315.72	-81.52	18.92	7.43
2023-06-19T19:21:00	3263.66	-2849.47	1315.17	-81.58	19.00	7.58
2023-06-19T19:21:02	3262.30	-2840.01	1314.62	-81.63	19.09	7.73
2023-06-19T19:21:04	3260.94	-2830.54	1314.07	-81.69	19.17	7.88
2023-06-19T19:21:06	3259.57	-2821.07	1313.51	-81.75	19.26	8.03
2023-06-19T19:21:08	3258.20	-2811.59	1312.95	-81.81	19.35	8.18
2023-06-19T19:21:10	3256.83	-2802.12	1312.40	-81.87	19.43	8.32
2023-06-19T19:21:12	3255.46	-2792.64	1311.84	-81.95	19.49	8.46
2023-06-19T19:21:14	3254.08	-2783.16	1311.28	-82.03	19.56	8.60
2023-06-19T19:21:16	3252.70	-2773.67	1310.72	-82.10	19.63	8.74
2023-06-19T19:21:18	3251.31	-2764.19	1310.16	-82.18	19.69	8.88
2023-06-19T19:21:20	3249.92	-2754.69	1309.59	-82.26	19.76	9.02
2023-06-19T19:21:22	3248.53	-2745.20	1309.03	-82.34	19.84	9.17
2023-06-19T19:21:24	3247.14	-2735.71	1308.46	-82.43	19.92	9.32
2023-06-19T19:21:26	3245.74	-2726.21	1307.89	-82.51	20.01	9.48
2023-06-19T19:21:28	3244.34	-2716.71	1307.33	-82.60	20.09	9.63
2023-06-19T19:21:30	3242.94	-2707.20	1306.75	-82.69	20.18	9.79
2023-06-19T19:21:32	3241.53	-2697.70	1306.18	-82.77	20.26	9.95
2023-06-19T19:21:34	3240.12	-2688.19	1305.61	-82.86	20.34	10.12
2023-06-19T19:21:36	3238.71	-2678.68	1305.03	-82.94	20.42	10.29
2023-06-19T19:21:38	3237.29	-2669.16	1304.46	-83.03	20.50	10.46
2023-06-19T19:21:40	3235.87	-2659.64	1303.88	-83.11	20.58	10.64
2023-06-19T19:21:42	3234.45	-2650.12	1303.30	-83.20	20.66	10.81
2023-06-19T19:21:44	3233.02	-2640.60	1302.73	-83.28	20.74	10.98
2023-06-19T19:21:46	3231.59	-2631.07	1302.15	-83.36	20.82	11.15
2023-06-19T19:21:48	3230.15	-2621.55	1301.56	-83.43	20.89	11.29
2023-06-19T19:21:50	3228.72	-2612.02	1300.98	-83.50	20.96	11.42
2023-06-19T19:21:52	3227.28	-2602.48	1300.39	-83.58	21.03	11.56
2023-06-19T19:21:54	3225.84	-2592.94	1299.81	-83.65	21.10	11.69
2023-06-19T19:21:56	3224.39	-2583.40	1299.22	-83.72	21.17	11.83
2023-06-19T19:21:58	3222.94	-2573.86	1298.63	-83.79	21.25	11.97
2023-06-19T19:22:00	3221.48	-2564.32	1298.04	-83.89	21.35	12.14
2023-06-19T19:22:02	3220.02	-2554.77	1297.45	-83.98	21.45	12.30
2023-06-19T19:22:04	3218.56	-2545.22	1296.85	-84.08	21.55	12.47
2023-06-19T19:22:06	3217.10	-2535.66	1296.25	-84.19	21.65	12.64
2023-06-19T19:22:08	3215.63	-2526.11	1295.66	-84.29	21.74	12.81
2023-06-19T19:22:10	3214.16	-2516.55	1295.06	-84.40	21.83	12.98
2023-06-19T19:22:12	3212.68	-2506.98	1294.46	-84.50	21.89	13.17
2023-06-19T19:22:14	3211.21	-2497.42	1293.86	-84.60	21.95	13.35
2023-06-19T19:22:16	3209.72	-2487.85	1293.26	-84.70	22.01	13.54
2023-06-19T19:22:18	3208.24	-2478.28	1292.66	-84.81	22.08	13.72
2023-06-19T19:22:20	3206.75	-2468.70	1292.05	-84.91	22.14	13.90
2023-06-19T19:22:22	3205.25	-2459.13	1291.44	-85.01	22.20	14.08
2023-06-19T19:22:24	3203.76	-2449.55	1290.83	-85.10	22.26	14.25
2023-06-19T19:22:26	3202.26	-2439.97	1290.22	-85.19	22.31	14.42
2023-06-19T19:22:28	3200.75	-2430.38	1289.61	-85.28	22.37	14.59
2023-06-19T19:22:30	3199.24	-2420.79	1289.00	-85.36	22.43	14.76
2023-06-19T19:22:32	3197.73	-2411.20	1288.39	-85.45	22.49	14.94
2023-06-19T19:22:34	3196.21	-2401.61	1287.77	-85.54	22.56	15.11
2023-06-19T19:22:36	3194.70	-2392.01	1287.15	-85.65	22.64	15.29
2023-06-19T19:22:38	3193.17	-2382.41	1286.53	-85.75	22.72	15.46
2023-06-19T19:22:40	3191.64	-2372.81	1285.91	-85.86	22.79	15.64
2023-06-19T19:22:42	3190.11	-2363.21	1285.29	-85.96	22.87	15.82
2023-06-19T19:22:44	3188.58	-2353.60	1284.67	-86.07	22.95	16.00
2023-06-19T19:22:46	3187.04	-2343.99	1284.04	-86.17	23.02	16.18
2023-06-19T19:22:48	3185.50	-2334.37	1283.42	-86.29	23.08	16.37
2023-06-19T19:22:50	3183.95	-2324.75	1282.79	-86.41	23.14	16.55
2023-06-19T19:22:52	3182.40	-2315.14	1282.16	-86.52	23.20	16.74
2023-06-19T19:22:54	3180.85	-2305.51	1281.52	-86.65	23.26	16.92
2023-06-19T19:22:56	3179.29	-2295.89	1280.89	-86.77	23.32	17.11
2023-06-19T19:22:58	3177.73	-2286.26	1280.26	-86.89	23.38	17.29
2023-06-19T19:23:00	3176.17	-2276.63	1279.62	-87.02	23.43	17.48
2023-06-19T19:23:02	3174.59	-2266.99	1278.98	-87.15	23.49	17.67
2023-06-19T19:23:04	3173.02	-2257.36	1278.34	-87.28	23.54	17.86
2023-06-19T19:23:06	3171.44	-2247.72	1277.70	-87.42	23.59	18.05
2023-06-19T19:23:08	3169.86	-2238.07	1277.06	-87.55	23.65	18.25
2023-06-19T19:23:10	3168.27	-2228.43	1276.42	-87.69	23.71	18.45
2023-06-19T19:23:12	3166.69	-2218.78	1275.77	-87.83	23.77	18.66
2023-06-19T19:23:14	3165.09	-2209.13	1275.12	-87.97	23.84	18.87
2023-06-19T19:23:16	3163.49	-2199.47	1274.47	-88.11	23.91	19.08
2023-06-19T19:23:18	3161.89	-2189.82	1273.82	-88.25	23.98	19.29
2023-06-19T19:23:20	3160.28	-2180.16	1273.17	-88.38	24.05	19.51
2023-06-19T19:23:22	3158.67	-2170.49	1272.51	-88.51	24.10	19.73
2023-06-19T19:23:24	3157.06	-2160.83	1271.85	-88.63	24.15	19.95
2023-06-19T19:23:26	3155.44	-2151.16	1271.20	-88.75	24.19	20.17
2023-06-19T19:23:28	3153.81	-2141.49	1270.54	-88.87	24.24	20.39
2023-06-19T19:23:30	3152.19	-2131.81	1269.88	-88.99	24.28	20.61
2023-06-19T19:23:32	3150.56	-2122.13	1269.21	-89.12	24.33	20.83
2023-06-19T19:23:34	3148.92	-2112.45	1268.55	-89.26	24.39	21.06
2023-06-19T19:23:36	3147.28	-2102.77	1267.88	-89.41	24.46	21.28
2023-06-19T19:23:38	3145.64	-2093.08	1267.21	-89.56	24.53	21.51
2023-06-19T19:23:40	3143.99	-2083.39	1266.54	-89.71	24.60	21.74
2023-06-19T19:23:42	3142.33	-2073.70	1265.87	-89.86	24.67	21.97
2023-06-19T19:23:44	3140.68	-2064.01	1265.20	-90.01	24.74	22.20
2023-06-19T19:23:46	3139.01	-2054.31	1264.52	-90.17	24.79	22.42
2023-06-19T19:23:48	3137.35	-2044.61	1263.84	-90.32	24.84	22.63
2023-06-19T19:23:50	3135.68	-2034.90	1263.17	-90.47	24.89	22.84
2023-06-19T19:23:52	3134.00	-2025.20	1262.49	-90.62	24.94	23.06
2023-06-19T19:23:54	3132.32	-2015.49	1261.80	-90.78	24.99	23.27
2023-06-19T19:23:56	3130.64	-2005.78	1261.12	-90.93	25.04	23.49
2023-06-19T19:23:58	3128.95	-1996.06	1260.43	-91.07	25.09	23.71
2023-06-19T19:24:00	3127.26	-1986.34	1259.74	-91.22	25.14	23.93
2023-06-19T19:24:02	3125.56	-1976.62	1259.05	-91.36	25.20	24.15
2023-06-19T19:24:04	3123.85	-1966.89	1258.36	-91.51	25.25	24.37
2023-06-19T19:24:06	3122.15	-1957.17	1257.67	-91.65	25.31	24.60
2023-06-19T19:24:08	3120.44	-1947.43	1256.97	-91.80	25.36	24.82
2023-06-19T19:24:10	3118.72	-1937.70	1256.27	-91.96	25.41	25.05
2023-06-19T19:24:12	3117.00	-1927.97	1255.57	-92.13	25.46	25.29
2023-06-19T19:24:14	3115.27	-1918.23	1254.87	-92.29	25.50	25.52
2023-06-19T19:24:16	3113.54	-1908.49	1254.17	-92.45	25.55	25.75
2023-06-19T19:24:18	3111.81	-1898.74	1253.46	-92.61	25.60	25.98
2023-06-19T19:24:20	3110.07	-1888.99	1252.76	-92.76	25.65	26.20
2023-06-19T19:24:22	3108.32	-1879.24	1252.05	-92.91	25.67	26.42
2023-06-19T19:24:24	3106.57	-1869.49	1251.34	-93.05	25.70	26.64
2023-06-19T19:24:26	3104.82	-1859.73	1250.62	-93.20	25.72	26.86
2023-06-19T19:24:28	3103.06	-1849.97	1249.91	-93.35	25.75	27.08
2023-06-19T19:24:30	3101.30	-1840.21	1249.19	-93.50	25.78	27.30
2023-06-19T19:24:32	3099.53	-1830.44	1248.47	-93.66	25.81	27.52
2023-06-19T19:24:34	3097.75	-1820.67	1247.75	-93.84	25.86	27.73
2023-06-19T19:24:36	3095.98	-1810.90	1247.03	-94.01	25.91	27.95
2023-06-19T19:24:38	3094.19	-1801.13	1246.30	-94.19	25.95	28.17
2023-06-19T19:24:40	3092.40	-1791.35	1245.58	-94.37	26.00	28.39
2023-06-19T19:24:42	3090.61	-1781.57	1244.85	-94.55	26.04	28.62
2023-06-19T19:24:44	3088.81	-1771.79	1244.12	-94.72	26.07	28.84
2023-06-19T19:24:46	3087.01	-1762.00	1243.38	-94.89	26.09	29.05
2023-06-19T19:24:48	3085.20	-1752.22	1242.65	-95.07	26.10	29.27
2023-06-19T19:24:50	3083.39	-1742.42	1241.91	-95.24	26.11	29.49
2023-06-19T19:24:52	3081.57	-1732.63	1241.17	-95.42	26.13	29.71
2023-06-19T19:24:54	3079.74	-1722.83	1240.43	-95.60	26.15	29.93
2023-06-19T19:24:56	3077.92	-1713.03	1239.69	-95.79	26.17	30.17
2023-06-19T19:24:58	3076.08	-1703.23	1238.94	-95.97	26.19	30.42
2023-06-19T19:25:00	3074.24	-1693.42	1238.20	-96.16	26.21	30.66
2023-06-19T19:25:02	3072.40	-1683.61	1237.45	-96.35	26.23	30.91
2023-06-19T19:25:04	3070.55	-1673.80	1236.69	-96.53	26.25	31.16
2023-06-19T19:25:06	3068.69	-1663.98	1235.94	-96.72	26.27	31.41
2023-06-19T19:25:08	3066.83	-1654.17	1235.18	-96.92	26.28	31.66
2023-06-19T19:25:10	3064.97	-1644.35	1234.43	-97.14	26.29	31.91
2023-06-19T19:25:12	3063.10	-1634.52	1233.66	-97.36	26.29	32.16
2023-06-19T19:25:14	3061.22	-1624.70	1232.90	-97.58	26.30	32.42
2023-06-19T19:25:16	3059.34	-1614.87	1232.14	-97.80	26.30	32.67
2023-06-19T19:25:18	3057.45	-1605.03	1231.37	-98.02	26.31	32.93
2023-06-19T19:25:20	3055.56	-1595.20	1230.60	-98.22	26.31	33.19
2023-06-19T19:25:22	3053.66	-1585.36	1229.83	-98.42	26.32	33.44
2023-06-19T19:25:24	3051.76	-1575.52	1229.05	-98.62	26.32	33.69
2023-06-19T19:25:26	3049.85	-1565.67	1228.28	-98.82	26.32	33.95
2023-06-19T19:25:28	3047.93	-1555.83	1227.50	-99.01	26.33	34.21
2023-06-19T19:25:30	3046.01	-1545.98	1226.72	-99.21	26.33	34.48
2023-06-19T19:25:32	3044.09	-1536.13	1225.94	-99.44	26.31	34.77
2023-06-19T19:25:34	3042.16	-1526.27	1225.15	-99.66	26.30	35.06
2023-06-19T19:25:36	3040.22	-1516.41	1224.37	-99.89	26.28	35.35
2023-06-19T19:25:38	3038.28	-1506.55	1223.58	-100.11	26.27	35.64
2023-06-19T19:25:40	3036.33	-1496.69	1222.78	-100.34	26.26	35.94
2023-06-19T19:25:42	3034.38	-1486.82	1221.99	-100.57	26.25	36.24
2023-06-19T19:25:44	3032.41	-1476.95	1221.20	-100.79	26.23	36.55
2023-06-19T19:25:46	3030.45	-1467.08	1220.40	-101.01	26.21	36.86
2023-06-19T19:25:48	3028.48	-1457.20	1219.59	-101.24	26.19	37.17
2023-06-19T19:25:50	3026.50	-1447.33	1218.79	-101.47	26.17	37.47
2023-06-19T19:25:52	3024.52	-1437.45	1217.99	-101.70	26.16	37.78
2023-06-19T19:25:54	3022.53	-1427.56	1217.18	-101.93	26.14	38.09
2023-06-19T19:25:56	3020.54	-1417.68	1216.37	-102.17	26.12	38.40
2023-06-19T19:25:58	3018.54	-1407.79	1215.55	-102.40	26.10	38.72
2023-06-19T19:26:00	3016.53	-1397.90	1214.74	-102.63	26.07	39.03
2023-06-19T19:26:02	3014.52	-1388.00	1213.92	-102.86	26.05	39.35
2023-06-19T19:26:04	3012.50	-1378.10	1213.10	-103.09	26.03	39.67
2023-06-19T19:26:06	3010.48	-1368.20	1212.28	-103.31	26.01	39.97
2023-06-19T19:26:08	3008.45	-1358.30	1211.45	-103.53	25.99	40.28
2023-06-19T19:26:10	3006.41	-1348.39	1210.63	-103.75	25.97	40.58
2023-06-19T19:26:12	3004.37	-1338.48	1209.80	-103.97	25.94	40.89
2023-06-19T19:26:14	3002.32	-1328.57	1208.96	-104.19	25.92	41.20
2023-06-19T19:26:16	3000.27	-1318.66	1208.13	-104.41	25.91	41.51
2023-06-19T19:26:18	2998.21	-1308.74	1207.29	-104.66	25.88	41.80
2023-06-19T19:26:20	2996.14	-1298.82	1206.45	-104.91	25.85	42.09
2023-06-19T19:26:22	2994.07	-1288.90	1205.61	-105.16	25.82	42.38
2023-06-19T19:26:24	2991.99	-1278.97	1204.76	-105.41	25.79	42.67
2023-06-19T19:26:26	2989.90	-1269.05	1203.92	-105.67	25.76	42.97
2023-06-19T19:26:28	2987.81	-1259.12	1203.07	-105.93	25.74	43.27
2023-06-19T19:26:30	2985.71	-1249.18	1202.21	-106.20	25.74	43.58
2023-06-19T19:26:32	2983.61	-1239.25	1201.36	-106.47	25.74	43.89
2023-06-19T19:26:34	2981.50	-1229.31	1200.50	-106.74	25.74	44.20
2023-06-19T19:26:36	2979.38	-1219.37	1199.64	-107.01	25.73	44.53
2023-06-19T19:26:38	2977.25	-1209.43	1198.78	-107.28	25.73	44.85
2023-06-19T19:26:40	2975.12	-1199.48	1197.91	-107.55	25.71	45.17
2023-06-19T19:26:42	2972.99	-1189.53	1197.04	-107.79	25.67	45.47
2023-06-19T19:26:44	2970.84	-1179.58	1196.17	-108.04	25.62	45.77
2023-06-19T19:26:46	2968.69	-1169.62	1195.30	-108.30	25.58	46.07
2023-06-19T19:26:48	2966.54	-1159.67	1194.42	-108.55	25.53	46.38
2023-06-19T19:26:50	2964.38	-1149.71	1193.54	-108.80	25.47	46.69
2023-06-19T19:26:52	2962.21	-1139.75	1192.66	-109.09	25.41	46.97
2023-06-19T19:26:54	2960.03	-1129.78	1191.78	-109.39	25.35	47.25
2023-06-19T19:26:56	2957.85	-1119.81	1190.89	-109.69	25.28	47.54
2023-06-19T19:26:58	2955.66	-1109.84	1190.00	-110.01	25.22	47.84
2023-06-19T19:27:00	2953.46	-1099.87	1189.11	-110.33	25.14	48.14
2023-06-19T19:27:02	2951.26	-1089.89	1188.21	-110.65	25.07	48.45
2023-06-19T19:27:04	2949.05	-1079.92	1187.31	-110.96	24.98	48.79
2023-06-19T19:27:06	2946.83	-1069.94	1186.42	-111.27	24.89	49.12
2023-06-19T19:27:08	2944.61	-1059.96	1185.51	-111.58	24.80	49.47
2023-06-19T19:27:10	2942.38	-1049.97	1184.61	-111.88	24.73	49.82
2023-06-19T19:27:12	2940.14	-1039.98	1183.70	-112.19	24.65	50.18
2023-06-19T19:27:14	2937.90	-1029.99	1182.79	-112.48	24.59	50.55
2023-06-19T19:27:16	2935.65	-1020.00	1181.87	-112.71	24.53	50.94
2023-06-19T19:27:18	2933.39	-1010.00	1180.95	-112.94	24.48	51.32
2023-06-19T19:27:20	2931.12	-1000.01	1180.03	-113.17	24.42	51.72
2023-06-19T19:27:22	2928.85	-990.01	1179.11	-113.41	24.36	52.12
2023-06-19T19:27:24	2926.57	-980.00	1178.18	-113.66	24.29	52.51
2023-06-19T19:27:26	2924.28	-970.00	1177.25	-113.91	24.20	52.89
2023-06-19T19:27:28	2921.99	-959.99	1176.32	-114.16	24.09	53.25
2023-06-19T19:27:30	2919.69	-949.98	1175.39	-114.42	23.99	53.61
2023-06-19T19:27:32	2917.38	-939.97	1174.45	-114.69	23.89	53.96
2023-06-19T19:27:34	2915.07	-929.96	1173.51	-114.96	23.79	54.31
2023-06-19T19:27:36	2912.75	-919.94	1172.56	-115.24	23.70	54.66
2023-06-19T19:27:38	2910.41	-909.92	1171.62	-115.54	23.59	55.01
2023-06-19T19:27:40	2908.08	-899.90	1170.67	-115.83	23.47	55.35
2023-06-19T19:27:42	2905.73	-889.88	1169.72	-116.13	23.36	55.69
2023-06-19T19:27:44	2903.38	-879.85	1168.76	-116.43	23.26	56.04
2023-06-19T19:27:46	2901.02	-869.83	1167.80	-116.73	23.16	56.39
2023-06-19T19:27:48	2898.66	-859.79	1166.84	-117.02	23.06	56.74
2023-06-19T19:27:50	2896.28	-849.76	1165.88	-117.28	22.90	57.16
2023-06-19T19:27:52	2893.90	-839.73	1164.91	-117.54	22.73	57.58
2023-06-19T19:27:54	2891.51	-829.69	1163.94	-117.79	22.56	58.00
2023-06-19T19:27:56	2889.12	-819.65	1162.97	-118.03	22.38	58.43
2023-06-19T19:27:58	2886.71	-809.61	1161.99	-118.27	22.19	58.86
2023-06-19T19:28:00	2884.30	-799.57	1161.01	-118.50	22.00	59.28
2023-06-19T19:28:02	2881.88	-789.52	1160.03	-118.72	21.81	59.71
2023-06-19T19:28:04	2879.45	-779.47	1159.04	-118.93	21.60	60.16
2023-06-19T19:28:06	2877.02	-769.42	1158.05	-119.12	21.38	60.62
2023-06-19T19:28:08	2874.58	-759.37	1157.06	-119.34	21.16	61.09
2023-06-19T19:28:10	2872.13	-749.32	1156.06	-119.56	20.97	61.55
2023-06-19T19:28:12	2869.67	-739.26	1155.06	-119.86	20.91	61.87
2023-06-19T19:28:14	2867.20	-729.20	1154.06	-120.17	20.89	62.15
2023-06-19T19:28:16	2864.73	-719.14	1153.06	-120.48	20.85	62.43
2023-06-19T19:28:18	2862.25	-709.08	1152.05	-120.77	20.79	62.74
2023-06-19T19:28:20	2859.76	-699.02	1151.04	-121.05	20.69	63.05
2023-06-19T19:28:22	2857.26	-688.95	1150.03	-121.31	20.56	63.39
2023-06-19T19:28:24	2854.75	-678.88	1149.01	-121.68	20.39	63.65
2023-06-19T19:28:26	2852.24	-668.81	1147.99	-122.06	20.23	63.91
2023-06-19T19:28:28	2849.72	-658.74	1146.96	-122.46	20.07	64.17
2023-06-19T19:28:30	2847.19	-648.67	1145.94	-122.87	19.90	64.43
2023-06-19T19:28:32	2844.65	-638.59	1144.90	-123.30	19.74	64.69
2023-06-19T19:28:34	2842.11	-628.51	1143.87	-123.70	19.58	65.01
2023-06-19T19:28:36	2839.55	-618.44	1142.83	-124.04	19.44	65.45
2023-06-19T19:28:38	2836.99	-608.36	1141.79	-124.36	19.33	65.89
2023-06-19T19:28:40	2834.42	-598.27	1140.75	-124.69	19.26	66.32
2023-06-19T19:28:42	2831.84	-588.19	1139.70	-125.00	19.20	66.77
2023-06-19T19:28:44	2829.26	-578.10	1138.65	-125.30	19.17	67.22
2023-06-19T19:28:46	2826.66	-568.01	1137.60	-125.50	19.01	67.71
2023-06-19T19:28:48	2824.06	-557.92	1136.54	-125.64	18.76	68.21
2023-06-19T19:28:50	2821.45	-547.83	1135.48	-125.78	18.52	68.71
2023-06-19T19:28:52	2818.83	-537.74	1134.42	-125.92	18.28	69.20
2023-06-19T19:28:54	2816.20	-527.65	1133.35	-126.13	18.03	69.74
2023-06-19T19:28:56	2813.56	-517.55	1132.28	-126.34	17.78	70.27
2023-06-19T19:28:58	2810.92	-507.45	1131.20	-126.59	17.53	70.87
2023-06-19T19:29:00	2808.26	-497.35	1130.13	-126.84	17.27	71.45
2023-06-19T19:29:02	2805.60	-487.25	1129.04	-127.11	17.02	72.01
2023-06-19T19:29:04	2802.93	-477.15	1127.96	-127.39	16.77	72.56
2023-06-19T19:29:06	2800.25	-467.05	1126.87	-127.68	16.53	73.09
2023-06-19T19:29:08	2797.56	-456.94	1125.78	-127.98	16.26	73.53
2023-06-19T19:29:10	2794.87	-446.83	1124.68	-128.28	15.95	73.87
2023-06-19T19:29:12	2792.16	-436.72	1123.59	-128.58	15.62	74.23
2023-06-19T19:29:14	2789.45	-426.61	1122.48	-128.87	15.27	74.62
2023-06-19T19:29:16	2786.72	-416.50	1121.38	-129.17	14.92	75.03
2023-06-19T19:29:18	2783.99	-406.39	1120.27	-129.46	14.55	75.46
2023-06-19T19:29:20	2781.25	-396.28	1119.16	-129.79	14.31	75.83
2023-06-19T19:29:22	2778.50	-386.16	1118.04	-130.13	14.13	76.16
2023-06-19T19:29:24	2775.74	-376.05	1116.92	-130.46	13.96	76.50
2023-06-19T19:29:26	2772.98	-365.93	1115.80	-130.77	13.79	76.84
2023-06-19T19:29:28	2770.20	-355.81	1114.67	-131.07	13.63	77.18
2023-06-19T19:29:30	2767.42	-345.69	1113.54	-131.36	13.47	77.53
2023-06-19T19:29:32	2764.62	-335.57	1112.41	-131.75	13.21	77.86
2023-06-19T19:29:34	2761.82	-325.45	1111.27	-132.19	12.98	78.18
2023-06-19T19:29:36	2759.01	-315.33	1110.13	-132.69	12.78	78.54
2023-06-19T19:29:38	2756.19	-305.20	1108.98	-133.22	12.60	78.93
2023-06-19T19:29:40	2753.36	-295.08	1107.83	-133.78	12.45	79.35
2023-06-19T19:29:42	2750.52	-284.95	1106.68	-134.18	12.29	79.86
2023-06-19T19:29:44	2747.67	-274.82	1105.52	-134.30	12.06	80.47
2023-06-19T19:29:46	2744.81	-264.70	1104.36	-134.45	11.84	81.08
2023-06-19T19:29:48	2741.95	-254.57	1103.20	-134.64	11.61	81.67
2023-06-19T19:29:50	2739.07	-244.44	1102.03	-134.86	11.39	82.26
2023-06-19T19:29:52	2736.19	-234.31	1100.86	-135.13	11.17	82.84
2023-06-19T19:29:54	2733.29	-224.17	1099.69	-135.40	11.05	83.23
2023-06-19T19:29:56	2730.39	-214.04	1098.51	-135.63	10.96	83.54
2023-06-19T19:29:58	2727.48	-203.91	1097.32	-135.82	10.85	83.82
2023-06-19T19:30:00	2724.56	-193.78	1096.14	-135.96	10.73	84.07
2023-06-19T19:30:02	2721.62	-183.64	1094.95	-136.06	10.60	84.29
2023-06-19T19:30:04	2718.68	-173.51	1093.75	-136.15	10.44	84.52
2023-06-19T19:30:06	2715.73	-163.37	1092.56	-136.52	10.07	85.04
2023-06-19T19:30:08	2712.77	-153.24	1091.36	-136.87	9.68	85.57
2023-06-19T19:30:10	2709.81	-143.10	1090.15	-137.18	9.29	86.11
2023-06-19T19:30:12	2706.83	-132.96	1088.94	-137.44	8.88	86.65
2023-06-19T19:30:14	2703.84	-122.82	1087.73	-137.70	8.46	87.20
2023-06-19T19:30:16	2700.84	-112.69	1086.51	-137.93	8.13	87.56
2023-06-19T19:30:18	2697.83	-102.55	1085.29	-138.00	7.92	87.67
2023-06-19T19:30:20	2694.82	-92.41	1084.07	-138.01	7.73	87.77
2023-06-19T19:30:22	2691.79	-82.27	1082.84	-137.93	7.54	87.86
2023-06-19T19:30:24	2688.75	-72.13	1081.61	-137.77	7.38	87.95
2023-06-19T19:30:26	2685.71	-61.99	1080.37	-137.56	7.23	88.06
2023-06-19T19:30:28	2682.65	-51.85	1079.13	-137.51	7.14	88.40
2023-06-19T19:30:30	2679.59	-41.71	1077.88	-137.50	7.04	88.82
2023-06-19T19:30:32	2676.51	-31.57	1076.64	-137.49	6.92	89.24
2023-06-19T19:30:34	2673.43	-21.43	1075.39	-137.50	6.77	89.68
2023-06-19T19:30:36	2670.33	-11.29	1074.13	-137.51	6.61	90.13
2023-06-19T19:30:38	2667.23	-1.15	1072.87	-137.53	6.42	90.62
2023-06-19T19:30:40	2664.11	8.99	1071.60	-137.58	6.20	91.28
2023-06-19T19:30:42	2660.99	19.13	1070.34	-137.69	5.99	91.97
2023-06-19T19:30:44	2657.86	29.28	1069.07	-137.83	5.78	92.71
2023-06-19T19:30:46	2654.71	39.42	1067.79	-138.02	5.60	93.48
2023-06-19T19:30:48	2651.56	49.55	1066.51	-138.25	5.42	94.30
2023-06-19T19:30:50	2648.39	59.70	1065.23	-138.40	5.28	94.99
2023-06-19T19:30:52	2645.22	69.84	1063.94	-138.46	5.18	95.56
2023-06-19T19:30:54	2642.04	79.98	1062.65	-138.54	5.07	96.12
2023-06-19T19:30:56	2638.84	90.11	1061.35	-138.63	4.94	96.66
2023-06-19T19:30:58	2635.64	100.25	1060.05	-138.72	4.78	97.20
2023-06-19T19:31:00	2632.42	110.39	1058.75	-138.83	4.60	97.73
2023-06-19T19:31:02	2629.20	120.53	1057.44	-139.04	4.38	98.20
2023-06-19T19:31:04	2625.97	130.67	1056.12	-139.25	4.16	98.68
2023-06-19T19:31:06	2622.72	140.81	1054.81	-139.45	3.92	99.17
2023-06-19T19:31:08	2619.47	150.94	1053.49	-139.65	3.67	99.66
2023-06-19T19:31:10	2616.20	161.08	1052.16	-139.83	3.41	100.17
2023-06-19T19:31:12	2612.93	171.21	1050.83	-140.01	3.15	100.74
2023-06-19T19:31:14	2609.64	181.35	1049.50	-140.21	2.91	101.46
2023-06-19T19:31:16	2606.35	191.48	1048.17	-140.44	2.66	102.21
2023-06-19T19:31:18	2603.04	201.62	1046.82	-140.70	2.41	102.99
2023-06-19T19:31:20	2599.73	211.75	1045.48	-141.01	2.15	103.79
2023-06-19T19:31:22	2596.40	221.88	1044.13	-141.34	1.88	104.61
2023-06-19T19:31:24	2593.06	232.01	1042.78	-141.46	1.67	105.24
2023-06-19T19:31:26	2589.72	242.15	1041.42	-141.35	1.50	105.72
2023-06-19T19:31:28	2586.36	252.27	1040.05	-141.20	1.29	106.23
2023-06-19T19:31:30	2582.99	262.40	1038.69	-141.04	1.11	106.77
2023-06-19T19:31:32	2579.62	272.53	1037.32	-140.88	0.95	107.34
2023-06-19T19:31:34	2576.23	282.66	1035.94	-140.73	0.82	107.94
2023-06-19T19:31:36	2572.83	292.78	1034.56	-140.80	0.51	108.41
2023-06-19T19:31:38	2569.42	302.90	1033.18	-140.88	0.17	108.86
2023-06-19T19:31:40	2566.00	313.03	1031.80	-140.96	-0.20	109.29
2023-06-19T19:31:42	2562.57	323.15	1030.40	-141.03	-0.60	109.71
2023-06-19T19:31:44	2559.13	333.27	1029.01	-141.10	-1.05	110.11
2023-06-19T19:31:46	2555.68	343.39	1027.61	-141.14	-1.41	110.61
2023-06-19T19:31:48	2552.22	353.51	1026.21	-141.15	-1.50	111.39
2023-06-19T19:31:50	2548.75	363.62	1024.80	-141.14	-1.58	112.16
2023-06-19T19:31:52	2545.27	373.73	1023.38	-141.15	-1.64	112.93
2023-06-19T19:31:54	2541.77	383.85	1021.97	-141.18	-1.69	113.69
2023-06-19T19:31:56	2538.27	393.96	1020.55	-141.21	-1.75	114.45
2023-06-19T19:31:58	2534.75	404.07	1019.12	-140.95	-1.96	114.98
2023-06-19T19:32:00	2531.23	414.18	1017.69	-140.44	-2.31	115.33
2023-06-19T19:32:02	2527.70	424.28	1016.26	-139.86	-2.76	115.66
2023-06-19T19:32:04	2524.15	434.39	1014.82	-139.32	-3.23	115.99
2023-06-19T19:32:06	2520.60	444.49	1013.38	-138.81	-3.73	116.33
2023-06-19T19:32:08	2517.03	454.59	1011.93	-138.32	-4.26	116.68
2023-06-19T19:32:10	2513.45	464.69	1010.48	-138.12	-4.88	117.17
2023-06-19T19:32:12	2509.86	474.79	1009.02	-137.93	-5.49	117.63
2023-06-19T19:32:14	2506.27	484.88	1007.56	-137.74	-6.11	118.08
2023-06-19T19:32:16	2502.66	494.98	1006.10	-137.56	-6.72	118.52
2023-06-19T19:32:18	2499.04	505.07	1004.63	-137.39	-7.34	118.94
2023-06-19T19:32:20	2495.41	515.15	1003.16	-137.26	-7.83	119.37
2023-06-19T19:32:22	2491.76	525.24	1001.68	-137.19	-8.04	119.82
2023-06-19T19:32:24	2488.11	535.33	1000.20	-137.15	-8.24	120.28
2023-06-19T19:32:26	2484.45	545.41	998.72	-137.13	-8.42	120.74
2023-06-19T19:32:28	2480.78	555.49	997.23	-137.15	-8.59	121.21
2023-06-19T19:32:30	2477.09	565.57	995.73	-137.19	-8.74	121.68
2023-06-19T19:32:32	2473.40	575.64	994.24	-137.19	-8.98	122.14
2023-06-19T19:32:34	2469.69	585.71	992.73	-137.11	-9.31	122.49
2023-06-19T19:32:36	2465.98	595.78	991.23	-137.01	-9.70	122.75
2023-06-19T19:32:38	2462.25	605.85	989.72	-136.89	-10.15	122.90
2023-06-19T19:32:40	2458.51	615.91	988.20	-136.77	-10.67	122.96
2023-06-19T19:32:42	2454.76	625.97	986.68	-136.64	-11.25	122.94
2023-06-19T19:32:44	2451.01	636.03	985.15	-136.11	-11.76	123.15
2023-06-19T19:32:46	2447.24	646.09	983.63	-135.65	-12.20	123.43
2023-06-19T19:32:48	2443.46	656.14	982.10	-135.27	-12.58	123.76
2023-06-19T19:32:50	2439.67	666.19	980.56	-134.97	-12.89	124.14
2023-06-19T19:32:52	2435.86	676.24	979.02	-134.74	-13.14	124.57
2023-06-19T19:32:54	2432.05	686.29	977.47	-134.46	-13.54	125.06
2023-06-19T19:32:56	2428.23	696.33	975.92	-133.91	-14.38	125.62
2023-06-19T19:32:58	2424.40	706.37	974.37	-133.38	-15.24	126.20
2023-06-19T19:33:00	2420.55	716.40	972.81	-132.86	-16.12	126.81
2023-06-19T19:33:02	2416.70	726.43	971.24	-132.26	-17.02	127.39
2023-06-19T19:33:04	2412.83	736.47	969.68	-131.56	-17.86	127.79
2023-06-19T19:33:06	2408.95	746.49	968.10	-130.47	-18.22	127.71
2023-06-19T19:33:08	2405.06	756.51	966.53	-129.17	-18.34	127.50
2023-06-19T19:33:10	2401.16	766.53	964.95	-127.91	-18.53	127.42
2023-06-19T19:33:12	2397.26	776.55	963.36	-126.71	-18.76	127.46
2023-06-19T19:33:14	2393.34	786.56	961.77	-125.56	-19.03	127.60
2023-06-19T19:33:16	2389.41	796.57	960.18	-124.46	-19.32	127.85
2023-06-19T19:33:18	2385.47	806.57	958.58	-124.18	-19.92	128.10
2023-06-19T19:33:20	2381.51	816.58	956.98	-123.96	-20.61	128.40
2023-06-19T19:33:22	2377.55	826.57	955.37	-123.67	-21.35	128.75
2023-06-19T19:33:24	2373.58	836.57	953.76	-123.32	-22.14	129.16
2023-06-19T19:33:26	2369.59	846.56	952.15	-122.90	-22.99	129.59
2023-06-19T19:33:28	2365.60	856.54	950.53	-122.42	-23.78	129.98
2023-06-19T19:33:30	2361.60	866.53	948.90	-122.00	-24.00	129.94
2023-06-19T19:33:32	2357.58	876.51	947.28	-121.71	-24.27	129.94
2023-06-19T19:33:34	2353.55	886.48	945.64	-121.27	-24.60	129.95
2023-06-19T19:33:36	2349.52	896.45	944.01	-120.67	-24.96	129.98
2023-06-19T19:33:38	2345.47	906.42	942.37	-119.93	-25.36	130.04
2023-06-19T19:33:40	2341.41	916.38	940.72	-119.15	-25.73	130.14
2023-06-19T19:33:42	2337.34	926.34	939.07	-118.52	-26.07	130.37
2023-06-19T19:33:44	2333.26	936.29	937.42	-117.90	-26.43	130.70
2023-06-19T19:33:46	2329.17	946.24	935.76	-117.29	-26.80	131.13
2023-06-19T19:33:48	2325.07	956.19	934.10	-116.67	-27.20	131.64
2023-06-19T19:33:50	2320.96	966.13	932.43	-116.04	-27.63	132.24
2023-06-19T19:33:52	2316.84	976.07	930.76	-115.03	-28.33	132.77
2023-06-19T19:33:54	2312.70	986.00	929.09	-113.89	-29.19	133.18
2023-06-19T19:33:56	2308.56	995.93	927.40	-112.78	-30.12	133.48
2023-06-19T19:33:58	2304.41	1005.85	925.72	-111.73	-31.13	133.69
2023-06-19T19:34:00	2300.24	1015.77	924.04	-111.04	-32.01	133.69
2023-06-19T19:34:02	2296.07	1025.69	922.34	-110.31	-32.87	133.66
2023-06-19T19:34:04	2291.88	1035.60	920.65	-110.17	-33.05	133.81
2023-06-19T19:34:06	2287.69	1045.50	918.95	-110.05	-33.28	134.03
2023-06-19T19:34:08	2283.48	1055.40	917.24	-109.90	-33.63	134.30
2023-06-19T19:34:10	2279.26	1065.30	915.53	-109.71	-34.08	134.62
2023-06-19T19:34:12	2275.04	1075.19	913.82	-109.50	-34.67	134.99
2023-06-19T19:34:14	2270.80	1085.07	912.10	-109.23	-35.39	135.41
2023-06-19T19:34:16	2266.55	1094.95	910.38	-108.60	-36.03	135.76
2023-06-19T19:34:18	2262.29	1104.83	908.66	-107.98	-36.63	136.12
2023-06-19T19:34:20	2258.02	1114.70	906.93	-107.36	-37.19	136.51
2023-06-19T19:34:22	2253.75	1124.56	905.19	-106.71	-37.72	136.93
2023-06-19T19:34:24	2249.46	1134.42	903.45	-106.05	-38.23	137.41
2023-06-19T19:34:26	2245.16	1144.28	901.71	-104.99	-38.53	137.42
2023-06-19T19:34:28	2240.85	1154.13	899.96	-103.44	-38.58	136.64
2023-06-19T19:34:30	2236.53	1163.98	898.21	-102.12	-38.73	136.00
2023-06-19T19:34:32	2232.20	1173.81	896.46	-100.99	-38.95	135.50
2023-06-19T19:34:34	2227.86	1183.65	894.70	-100.04	-39.22	135.13
2023-06-19T19:34:36	2223.51	1193.47	892.94	-99.27	-39.53	134.89
2023-06-19T19:34:38	2219.15	1203.30	891.17	-99.01	-39.90	134.95
2023-06-19T19:34:40	2214.78	1213.12	889.40	-98.99	-40.22	135.17
2023-06-19T19:34:42	2210.40	1222.93	887.62	-98.83	-40.46	135.34
2023-06-19T19:34:44	2206.00	1232.73	885.84	-98.55	-40.61	135.45
2023-06-19T19:34:46	2201.60	1242.54	884.06	-98.15	-40.70	135.49
2023-06-19T19:34:48	2197.19	1252.33	882.27	-97.64	-40.72	135.45
2023-06-19T19:34:50	2192.77	1262.12	880.48	-96.46	-40.98	135.29
2023-06-19T19:34:52	2188.34	1271.90	878.69	-95.07	-41.40	135.10
2023-06-19T19:34:54	2183.90	1281.68	876.89	-93.95	-41.88	134.89
2023-06-19T19:34:56	2179.45	1291.45	875.08	-92.96	-42.37	134.77
2023-06-19T19:34:58	2174.99	1301.22	873.28	-92.11	-42.85	134.75
2023-06-19T19:35:00	2170.51	1310.98	871.46	-91.38	-43.32	134.81
2023-06-19T19:35:02	2166.03	1320.73	869.65	-91.21	-43.35	135.21
2023-06-19T19:35:04	2161.54	1330.48	867.83	-91.01	-43.27	135.57
2023-06-19T19:35:06	2157.04	1340.22	866.00	-90.68	-43.15	135.82
2023-06-19T19:35:08	2152.53	1349.96	864.18	-90.21	-42.97	135.95
2023-06-19T19:35:10	2148.01	1359.69	862.34	-89.58	-42.74	135.94
2023-06-19T19:35:12	2143.48	1369.41	860.51	-88.79	-42.43	135.77
2023-06-19T19:35:14	2138.94	1379.13	858.67	-88.37	-42.08	135.38
2023-06-19T19:35:16	2134.39	1388.84	856.83	-88.14	-41.75	135.00
2023-06-19T19:35:18	2129.83	1398.54	854.98	-88.06	-41.44	134.70
2023-06-19T19:35:20	2125.27	1408.24	853.13	-87.85	-41.18	134.49
2023-06-19T19:35:22	2120.69	1417.94	851.28	-87.51	-40.89	134.33
2023-06-19T19:35:24	2116.10	1427.62	849.42	-86.97	-40.64	134.28
2023-06-19T19:35:26	2111.50	1437.30	847.56	-85.59	-40.90	134.88
2023-06-19T19:35:28	2106.90	1446.97	845.69	-84.15	-41.11	135.34
2023-06-19T19:35:30	2102.28	1456.64	843.82	-82.67	-41.27	135.66
2023-06-19T19:35:32	2097.66	1466.30	841.94	-81.13	-41.38	135.83
2023-06-19T19:35:34	2093.02	1475.95	840.07	-79.54	-41.45	135.86
2023-06-19T19:35:36	2088.37	1485.60	838.18	-78.07	-41.45	135.73
2023-06-19T19:35:38	2083.72	1495.24	836.30	-77.47	-41.37	135.64
2023-06-19T19:35:40	2079.06	1504.87	834.41	-77.03	-41.40	135.74
2023-06-19T19:35:42	2074.39	1514.50	832.52	-76.78	-41.54	136.03
2023-06-19T19:35:44	2069.70	1524.12	830.62	-76.67	-41.80	136.41
2023-06-19T19:35:46	2065.01	1533.73	828.72	-76.40	-42.04	136.82
2023-06-19T19:35:48	2060.31	1543.34	826.82	-75.85	-42.14	137.10
2023-06-19T19:35:50	2055.60	1552.94	824.91	-74.87	-41.81	136.90
2023-06-19T19:35:52	2050.89	1562.53	823.00	-74.00	-41.51	136.67
2023-06-19T19:35:54	2046.16	1572.11	821.08	-73.24	-41.26	136.41
2023-06-19T19:35:56	2041.42	1581.69	819.16	-72.60	-41.04	136.12
2023-06-19T19:35:58	2036.68	1591.26	817.24	-72.09	-40.88	135.81
2023-06-19T19:36:00	2031.92	1600.83	815.32	-71.67	-40.91	135.43
2023-06-19T19:36:02	2027.16	1610.39	813.39	-71.11	-41.27	134.91
2023-06-19T19:36:04	2022.39	1619.94	811.46	-70.50	-41.54	134.30
2023-06-19T19:36:06	2017.61	1629.48	809.52	-69.77	-41.69	133.65
2023-06-19T19:36:08	2012.82	1639.02	807.58	-68.63	-41.66	133.22
2023-06-19T19:36:10	2008.02	1648.54	805.63	-67.46	-41.50	132.87
2023-06-19T19:36:12	2003.21	1658.07	803.69	-66.32	-41.18	132.75
2023-06-19T19:36:14	1998.39	1667.58	801.74	-65.34	-40.75	132.96
2023-06-19T19:36:16	1993.57	1677.09	799.78	-64.39	-40.35	133.06
2023-06-19T19:36:18	1988.74	1686.59	797.82	-63.48	-39.95	133.03
2023-06-19T19:36:20	1983.89	1696.08	795.86	-62.72	-39.64	132.83
2023-06-19T19:36:22	1979.04	1705.57	793.90	-62.05	-39.34	132.48
2023-06-19T19:36:24	1974.18	1715.04	791.93	-61.54	-39.18	132.06
2023-06-19T19:36:26	1969.32	1724.51	789.96	-61.40	-39.55	131.87
2023-06-19T19:36:28	1964.44	1733.98	787.98	-61.27	-39.93	131.73
2023-06-19T19:36:30	1959.56	1743.43	786.01	-61.13	-40.35	131.59
2023-06-19T19:36:32	1954.66	1752.88	784.02	-60.87	-40.76	131.28
2023-06-19T19:36:34	1949.76	1762.32	782.04	-60.50	-41.01	130.91
2023-06-19T19:36:36	1944.85	1771.75	780.05	-59.95	-41.06	130.39
2023-06-19T19:36:38	1939.93	1781.18	778.06	-59.03	-40.78	129.62
2023-06-19T19:36:40	1935.01	1790.60	776.06	-58.22	-40.49	128.92
2023-06-19T19:36:42	1930.07	1800.01	774.07	-57.51	-40.20	128.27
2023-06-19T19:36:44	1925.13	1809.41	772.06	-56.91	-39.91	127.68
2023-06-19T19:36:46	1920.18	1818.81	770.06	-56.41	-39.63	127.13
2023-06-19T19:36:48	1915.22	1828.20	768.05	-56.00	-39.34	126.65
2023-06-19T19:36:50	1910.26	1837.58	766.04	-55.48	-38.98	126.51
2023-06-19T19:36:52	1905.28	1846.95	764.02	-54.89	-38.62	126.35
2023-06-19T19:36:54	1900.30	1856.31	762.01	-53.99	-38.33	126.33
2023-06-19T19:36:56	1895.31	1865.67	759.99	-52.97	-38.06	126.25
2023-06-19T19:36:58	1890.31	1875.02	757.96	-51.97	-37.79	126.03
2023-06-19T19:37:00	1885.31	1884.36	755.94	-50.99	-37.53	125.69
2023-06-19T19:37:02	1880.29	1893.69	753.90	-50.57	-37.61	125.16
2023-06-19T19:37:04	1875.27	1903.02	751.87	-50.24	-37.66	124.64
2023-06-19T19:37:06	1870.24	1912.34	749.83	-50.01	-37.69	124.10
2023-06-19T19:37:08	1865.21	1921.65	747.80	-49.90	-37.69	123.55
2023-06-19T19:37:10	1860.16	1930.95	745.75	-49.91	-37.67	122.97
2023-06-19T19:37:12	1855.11	1940.24	743.71	-50.05	-37.60	122.35
2023-06-19T19:37:14	1850.05	1949.53	741.66	-49.52	-37.24	122.38
2023-06-19T19:37:16	1844.98	1958.81	739.61	-48.67	-36.82	122.60
2023-06-19T19:37:18	1839.91	1968.08	737.55	-47.62	-36.37	122.87
2023-06-19T19:37:20	1834.83	1977.34	735.49	-46.64	-35.95	123.09
2023-06-19T19:37:22	1829.74	1986.60	733.43	-45.73	-35.54	123.24
2023-06-19T19:37:24	1824.64	1995.84	731.37	-44.87	-35.14	123.34
2023-06-19T19:37:26	1819.54	2005.08	729.30	-44.33	-34.92	122.93
2023-06-19T19:37:28	1814.43	2014.32	727.23	-43.94	-34.79	122.34
2023-06-19T19:37:30	1809.31	2023.54	725.16	-43.57	-34.68	121.79
2023-06-19T19:37:32	1804.19	2032.75	723.09	-43.22	-34.57	121.25
2023-06-19T19:37:34	1799.05	2041.96	721.01	-42.88	-34.46	120.74
2023-06-19T19:37:36	1793.91	2051.16	718.93	-42.55	-34.32	120.23
2023-06-19T19:37:38	1788.77	2060.35	716.84	-42.05	-33.91	119.55
2023-06-19T19:37:40	1783.62	2069.53	714.76	-41.34	-33.15	118.69
2023-06-19T19:37:42	1778.46	2078.71	712.67	-40.66	-32.48	117.83
2023-06-19T19:37:44	1773.29	2087.87	710.57	-39.99	-31.88	116.98
2023-06-19T19:37:46	1768.11	2097.03	708.48	-39.34	-31.35	116.11
2023-06-19T19:37:48	1762.93	2106.18	706.38	-38.68	-30.85	115.21
2023-06-19T19:37:50	1757.74	2115.32	704.28	-38.08	-30.47	114.54
2023-06-19T19:37:52	1752.55	2124.46	702.18	-37.73	-30.36	114.67
2023-06-19T19:37:54	1747.35	2133.58	700.07	-37.48	-30.28	114.86
2023-06-19T19:37:56	1742.14	2142.70	697.96	-37.33	-30.24	115.11
2023-06-19T19:37:58	1736.93	2151.81	695.85	-37.29	-30.26	115.44
2023-06-19T19:38:00	1731.71	2160.91	693.74	-37.35	-30.35	115.82
2023-06-19T19:38:02	1726.48	2170.01	691.62	-37.35	-30.54	116.06
2023-06-19T19:38:04	1721.25	2179.09	689.50	-36.76	-30.14	115.81
2023-06-19T19:38:06	1716.01	2188.17	687.38	-36.10	-29.75	115.55
2023-06-19T19:38:08	1710.76	2197.24	685.26	-35.36	-29.36	115.30
2023-06-19T19:38:10	1705.51	2206.30	683.13	-34.52	-28.97	115.06
2023-06-19T19:38:12	1700.25	2215.35	681.00	-33.70	-28.59	114.83
2023-06-19T19:38:14	1694.98	2224.39	678.87	-32.88	-28.25	114.61
2023-06-19T19:38:16	1689.71	2233.43	676.73	-32.38	-28.07	114.50
2023-06-19T19:38:18	1684.43	2242.46	674.60	-32.01	-27.95	114.40
2023-06-19T19:38:20	1679.15	2251.48	672.46	-31.60	-27.81	114.24
2023-06-19T19:38:22	1673.86	2260.49	670.31	-31.19	-27.66	114.04
2023-06-19T19:38:24	1668.56	2269.49	668.17	-30.94	-27.53	113.78
2023-06-19T19:38:26	1663.26	2278.49	666.02	-30.73	-27.45	113.42
2023-06-19T19:38:28	1657.95	2287.47	663.88	-30.56	-27.38	112.81
2023-06-19T19:38:30	1652.64	2296.45	661.72	-30.44	-27.17	111.88
2023-06-19T19:38:32	1647.32	2305.42	659.57	-30.30	-26.88	111.07
2023-06-19T19:38:34	1641.99	2314.38	657.41	-30.15	-26.51	110.36
2023-06-19T19:38:36	1636.66	2323.34	655.25	-30.02	-26.08	109.72
2023-06-19T19:38:38	1631.32	2332.28	653.09	-29.90	-25.61	109.14
2023-06-19T19:38:40	1625.98	2341.22	650.93	-29.80	-25.10	108.59
2023-06-19T19:38:42	1620.63	2350.15	648.76	-29.02	-24.63	108.36
2023-06-19T19:38:44	1615.27	2359.07	646.60	-28.10	-24.19	108.12
2023-06-19T19:38:46	1609.91	2367.99	644.43	-27.24	-23.82	107.89
2023-06-19T19:38:48	1604.55	2376.89	642.25	-26.49	-23.51	107.71
2023-06-19T19:38:50	1599.18	2385.79	640.08	-25.84	-23.27	107.59
2023-06-19T19:38:52	1593.80	2394.67	637.90	-25.31	-23.11	107.58
2023-06-19T19:38:54	1588.42	2403.55	635.72	-25.15	-22.96	107.68
2023-06-19T19:38:56	1583.03	2412.43	633.54	-25.16	-22.72	107.79
2023-06-19T19:38:58	1577.64	2421.29	631.36	-25.05	-22.47	107.86
2023-06-19T19:39:00	1572.24	2430.14	629.17	-24.83	-22.21	107.90
2023-06-19T19:39:02	1566.83	2438.99	626.99	-24.49	-21.93	107.90
2023-06-19T19:39:04	1561.42	2447.83	624.80	-24.02	-21.65	107.80
2023-06-19T19:39:06	1556.01	2456.66	622.61	-23.49	-21.04	107.34
2023-06-19T19:39:08	1550.59	2465.48	620.41	-23.23	-20.49	106.61
2023-06-19T19:39:10	1545.17	2474.30	618.22	-22.96	-19.96	105.96
2023-06-19T19:39:12	1539.74	2483.10	616.02	-22.68	-19.47	105.36
2023-06-19T19:39:14	1534.30	2491.90	613.82	-22.39	-19.03	104.80
2023-06-19T19:39:16	1528.86	2500.69	611.62	-22.09	-18.65	104.26
2023-06-19T19:39:18	1523.42	2509.47	609.41	-21.77	-18.32	103.73
2023-06-19T19:39:20	1517.97	2518.24	607.21	-21.39	-18.06	103.16
2023-06-19T19:39:22	1512.51	2527.01	605.00	-20.99	-17.89	102.53
2023-06-19T19:39:24	1507.06	2535.77	602.78	-20.59	-17.82	101.86
2023-06-19T19:39:26	1501.59	2544.51	600.57	-20.28	-17.74	101.20
2023-06-19T19:39:28	1496.12	2553.26	598.36	-20.10	-17.47	100.68
2023-06-19T19:39:30	1490.65	2561.99	596.15	-19.87	-17.12	100.26
2023-06-19T19:39:32	1485.17	2570.71	593.93	-19.61	-16.69	99.92
2023-06-19T19:39:34	1479.69	2579.43	591.71	-19.54	-15.97	99.82
2023-06-19T19:39:36	1474.20	2588.13	589.49	-19.44	-15.37	99.80
2023-06-19T19:39:38	1468.71	2596.84	587.26	-19.33	-14.88	99.85
2023-06-19T19:39:40	1463.21	2605.53	585.04	-19.20	-14.51	99.93
2023-06-19T19:39:42	1457.71	2614.21	582.81	-19.04	-14.23	100.04
2023-06-19T19:39:44	1452.20	2622.89	580.58	-18.85	-14.03	100.15
2023-06-19T19:39:46	1446.69	2631.55	578.35	-18.64	-13.95	100.09
2023-06-19T19:39:48	1441.18	2640.21	576.12	-18.26	-13.83	99.45
2023-06-19T19:39:50	1435.66	2648.86	573.88	-17.87	-13.63	98.76
2023-06-19T19:39:52	1430.14	2657.51	571.65	-17.47	-13.36	98.08
2023-06-19T19:39:54	1424.61	2666.14	569.41	-17.09	-13.00	97.42
2023-06-19T19:39:56	1419.07	2674.77	567.17	-16.75	-12.56	96.78
2023-06-19T19:39:58	1413.54	2683.39	564.93	-16.47	-12.08	96.18
2023-06-19T19:40:00	1408.00	2692.00	562.69	-16.12	-11.56	95.61
2023-06-19T19:40:02	1402.45	2700.60	560.44	-15.84	-11.19	95.15
2023-06-19T19:40:04	1396.90	2709.20	558.20	-15.68	-10.97	94.80
2023-06-19T19:40:06	1391.35	2717.78	555.95	-15.65	-10.91	94.57
2023-06-19T19:40:08	1385.80	2726.36	553.70	-15.65	-10.95	94.44
2023-06-19T19:40:10	1380.23	2734.93	551.45	-15.61	-10.95	94.36
2023-06-19T19:40:12	1374.67	2743.50	549.20	-15.53	-10.90	94.27
2023-06-19T19:40:14	1369.10	2752.05	546.94	-15.37	-10.68	93.90
2023-06-19T19:40:16	1363.53	2760.60	544.69	-15.17	-10.41	93.48
2023-06-19T19:40:18	1357.95	2769.14	542.43	-14.93	-10.12	93.01
2023-06-19T19:40:20	1352.37	2777.67	540.17	-14.66	-9.82	92.52
2023-06-19T19:40:22	1346.78	2786.19	537.91	-14.36	-9.53	92.03
2023-06-19T19:40:24	1341.20	2794.71	535.65	-14.04	-9.25	91.56
2023-06-19T19:40:26	1335.60	2803.22	533.38	-13.67	-8.99	91.20
2023-06-19T19:40:28	1330.01	2811.72	531.12	-13.35	-8.73	90.83
2023-06-19T19:40:30	1324.41	2820.21	528.85	-13.13	-8.43	90.35
2023-06-19T19:40:32	1318.81	2828.69	526.58	-12.92	-8.10	89.86
2023-06-19T19:40:34	1313.20	2837.17	524.31	-12.71	-7.73	89.36
2023-06-19T19:40:36	1307.59	2845.64	522.04	-12.51	-7.34	88.87
2023-06-19T19:40:38	1301.98	2854.09	519.77	-12.33	-6.94	88.39
2023-06-19T19:40:40	1296.36	2862.55	517.50	-11.85	-6.66	87.98
2023-06-19T19:40:42	1290.74	2870.99	515.22	-11.15	-6.41	87.64
2023-06-19T19:40:44	1285.11	2879.43	512.94	-10.30	-6.13	87.37
2023-06-19T19:40:46	1279.48	2887.86	510.67	-9.37	-5.84	87.19
2023-06-19T19:40:48	1273.85	2896.28	508.39	-8.48	-5.53	87.06
2023-06-19T19:40:50	1268.22	2904.70	506.10	-7.99	-5.25	86.74
2023-06-19T19:40:52	1262.58	2913.10	503.82	-7.62	-5.03	86.37
2023-06-19T19:40:54	1256.94	2921.50	501.54	-8.11	-4.98	86.27
2023-06-19T19:40:56	1251.30	2929.89	499.26	-8.59	-4.99	86.17
2023-06-19T19:40:58	1245.65	2938.27	496.97	-9.03	-5.05	86.07
2023-06-19T19:41:00	1240.00	2946.65	494.68	-9.44	-5.15	85.93
2023-06-19T19:41:02	1234.34	2955.02	492.39	-9.83	-5.31	85.76
2023-06-19T19:41:04	1228.69	2963.38	490.10	-10.22	-5.52	85.53
2023-06-19T19:41:06	1223.03	2971.73	487.81	-10.56	-5.76	85.24
2023-06-19T19:41:08	1217.36	2980.08	485.52	-10.20	-5.94	84.77
2023-06-19T19:41:10	1211.69	2988.41	483.22	-9.71	-5.50	84.35
2023-06-19T19:41:12	1206.03	2996.74	480.93	-9.13	-5.01	83.85
2023-06-19T19:41:14	1200.35	3005.06	478.64	-8.49	-4.48	83.29
2023-06-19T19:41:16	1194.68	3013.38	476.34	-7.78	-3.92	82.65
2023-06-19T19:41:18	1189.00	3021.69	474.04	-7.01	-3.36	81.93
2023-06-19T19:41:20	1183.32	3029.99	471.74	-6.45	-2.81	81.17
2023-06-19T19:41:22	1177.63	3038.28	469.44	-6.76	-2.40	80.48
2023-06-19T19:41:24	1171.94	3046.56	467.14	-7.12	-2.12	79.79
2023-06-19T19:41:26	1166.25	3054.84	464.83	-7.53	-1.96	79.10
2023-06-19T19:41:28	1160.56	3063.11	462.53	-7.98	-1.91	78.38
2023-06-19T19:41:30	1154.87	3071.37	460.22	-8.44	-2.20	78.32
2023-06-19T19:41:32	1149.17	3079.63	457.92	-8.85	-2.51	78.29
2023-06-19T19:41:34	1143.47	3087.88	455.61	-8.88	-2.66	78.49
2023-06-19T19:41:36	1137.76	3096.12	453.30	-8.28	-2.41	79.00
2023-06-19T19:41:38	1132.06	3104.35	450.99	-7.81	-2.11	79.30
2023-06-19T19:41:40	1126.35	3112.57	448.68	-7.50	-1.84	79.42
2023-06-19T19:41:42	1120.64	3120.79	446.37	-7.37	-1.60	79.37
2023-06-19T19:41:44	1114.92	3129.00	444.06	-7.40	-1.39	79.15
2023-06-19T19:41:46	1109.20	3137.21	441.74	-7.59	-1.20	78.73
2023-06-19T19:41:48	1103.48	3145.40	439.42	-7.77	-1.09	78.25
2023-06-19T19:41:50	1097.76	3153.59	437.11	-7.21	-1.01	78.00
2023-06-19T19:41:52	1092.04	3161.77	434.79	-6.77	-0.99	77.77
2023-06-19T19:41:54	1086.31	3169.95	432.47	-6.47	-1.01	77.54
2023-06-19T19:41:56	1080.58	3178.12	430.15	-6.27	-1.06	77.29
2023-06-19T19:41:58	1074.85	3186.28	427.83	-6.16	-1.11	77.02
2023-06-19T19:42:00	1069.11	3194.43	425.51	-6.09	-1.17	76.70
2023-06-19T19:42:02	1063.38	3202.58	423.19	-6.07	-1.18	76.27
2023-06-19T19:42:04	1057.64	3210.71	420.87	-6.08	-1.14	75.74
2023-06-19T19:42:06	1051.90	3218.85	418.55	-6.09	-1.12	75.20
2023-06-19T19:42:08	1046.15	3226.97	416.22	-6.11	-1.12	74.64
2023-06-19T19:42:10	1040.41	3235.09	413.89	-6.30	-1.09	74.33
2023-06-19T19:42:12	1034.66	3243.20	411.57	-6.53	-1.04	74.02
2023-06-19T19:42:14	1028.91	3251.30	409.24	-6.76	-0.99	73.71
2023-06-19T19:42:16	1023.16	3259.40	406.91	-6.95	-0.99	73.50
2023-06-19T19:42:18	1017.40	3267.49	404.58	-7.04	-1.14	73.49
2023-06-19T19:42:20	1011.64	3275.57	402.25	-7.10	-1.30	73.45
2023-06-19T19:42:22	1005.89	3283.64	399.92	-7.14	-1.44	73.36
2023-06-19T19:42:24	1000.12	3291.71	397.59	-7.16	-1.58	73.15
2023-06-19T19:42:26	994.36	3299.77	395.26	-7.06	-1.70	72.92
2023-06-19T19:42:28	988.59	3307.83	392.92	-6.90	-1.81	72.58
2023-06-19T19:42:30	982.83	3315.87	390.59	-6.54	-1.77	72.40
2023-06-19T19:42:32	977.06	3323.91	388.25	-6.00	-1.57	72.11
2023-06-19T19:42:34	971.29	3331.95	385.92	-5.56	-1.34	71.88
2023-06-19T19:42:36	965.51	3339.97	383.58	-5.23	-1.08	71.71
2023-06-19T19:42:38	959.74	3347.99	381.24	-4.97	-0.83	71.59
2023-06-19T19:42:40	953.96	3356.01	378.91	-4.77	-0.59	71.53
2023-06-19T19:42:42	948.18	3364.01	376.57	-4.62	-0.38	71.53
2023-06-19T19:42:44	942.40	3372.01	374.22	-4.54	-0.22	71.58
2023-06-19T19:42:46	936.62	3380.00	371.88	-4.68	-0.04	71.66
2023-06-19T19:42:48	930.83	3387.99	369.54	-4.79	0.12	71.62
2023-06-19T19:42:50	925.05	3395.97	367.20	-4.79	0.36	71.31
2023-06-19T19:42:52	919.26	3403.94	364.86	-4.83	0.54	70.92
2023-06-19T19:42:54	913.47	3411.91	362.51	-4.90	0.67	70.44
2023-06-19T19:42:56	907.68	3419.86	360.17	-5.00	0.76	69.87
2023-06-19T19:42:58	901.88	3427.82	357.82	-5.10	0.82	69.20
2023-06-19T19:43:00	896.09	3435.76	355.48	-5.02	0.92	68.77
2023-06-19T19:43:02	890.29	3443.70	353.13	-4.85	1.03	68.43
2023-06-19T19:43:04	884.49	3451.64	350.78	-4.60	1.15	68.15
2023-06-19T19:43:06	878.69	3459.56	348.44	-4.26	1.25	67.97
2023-06-19T19:43:08	872.89	3467.48	346.09	-3.92	1.36	67.96
2023-06-19T19:43:10	867.08	3475.39	343.74	-3.85	1.56	68.23
2023-06-19T19:43:12	861.28	3483.30	341.39	-3.89	1.76	68.53
2023-06-19T19:43:14	855.47	3491.20	339.04	-4.36	2.22	68.86
2023-06-19T19:43:16	849.66	3499.09	336.69	-4.94	2.64	69.05
2023-06-19T19:43:18	843.85	3506.98	334.34	-5.44	2.90	69.07
2023-06-19T19:43:20	838.04	3514.86	331.98	-5.85	3.02	68.93
2023-06-19T19:43:22	832.23	3522.73	329.63	-6.18	3.02	68.64
2023-06-19T19:43:24	826.41	3530.60	327.28	-6.44	2.94	68.22
2023-06-19T19:43:26	820.60	3538.46	324.92	-6.63	2.81	67.68
2023-06-19T19:43:28	814.78	3546.31	322.57	-6.50	2.91	67.60
2023-06-19T19:43:30	808.96	3554.16	320.21	-5.99	3.29	68.10
2023-06-19T19:43:32	803.14	3562.00	317.86	-5.43	3.62	68.41
2023-06-19T19:43:34	797.32	3569.84	315.50	-4.84	3.88	68.56
2023-06-19T19:43:36	791.49	3577.67	313.14	-4.27	4.08	68.54
2023-06-19T19:43:38	785.67	3585.49	310.79	-3.73	4.20	68.37
2023-06-19T19:43:40	779.84	3593.31	308.43	-3.27	4.24	68.05
2023-06-19T19:43:42	774.02	3601.11	306.07	-2.95	4.19	67.67
2023-06-19T19:43:44	768.19	3608.92	303.71	-2.89	4.05	67.65
2023-06-19T19:43:46	762.36	3616.71	301.35	-2.82	3.91	67.73
2023-06-19T19:43:48	756.53	3624.51	298.99	-2.69	3.80	68.01
2023-06-19T19:43:50	750.70	3632.29	296.63	-2.46	3.74	68.29
2023-06-19T19:43:52	744.86	3640.07	294.27	-2.15	3.70	68.45
2023-06-19T19:43:54	739.03	3647.84	291.91	-1.78	3.67	68.48
2023-06-19T19:43:56	733.19	3655.61	289.55	-1.35	3.65	68.36
2023-06-19T19:43:58	727.35	3663.37	287.18	-1.03	3.64	68.28
2023-06-19T19:44:00	721.52	3671.12	284.82	-0.78	3.57	68.17
2023-06-19T19:44:02	715.68	3678.87	282.45	-0.63	3.45	67.97
2023-06-19T19:44:04	709.84	3686.62	280.09	-0.57	3.32	67.71
2023-06-19T19:44:06	703.99	3694.35	277.73	-0.54	3.13	67.39
2023-06-19T19:44:08	698.15	3702.08	275.36	-0.50	3.19	67.26
2023-06-19T19:44:10	692.31	3709.81	272.99	-0.37	3.34	67.18
2023-06-19T19:44:12	686.46	3717.52	270.63	-0.16	3.53	67.11
2023-06-19T19:44:14	680.61	3725.23	268.26	0.03	3.76	67.11
2023-06-19T19:44:16	674.77	3732.94	265.90	0.18	3.98	67.18
2023-06-19T19:44:18	668.92	3740.64	263.53	0.29	4.17	67.33
2023-06-19T19:44:20	663.07	3748.34	261.16	0.34	4.33	67.53
2023-06-19T19:44:22	657.22	3756.02	258.79	0.34	4.45	67.79
2023-06-19T19:44:24	651.37	3763.70	256.42	0.28	4.52	68.10
2023-06-19T19:44:26	645.51	3771.38	254.06	0.15	4.55	68.46
2023-06-19T19:44:28	639.66	3779.05	251.69	0.13	4.87	68.80
2023-06-19T19:44:30	633.81	3786.72	249.32	0.18	5.13	69.01
2023-06-19T19:44:32	627.95	3794.38	246.95	0.29	5.36	69.09
2023-06-19T19:44:34	622.10	3802.03	244.58	0.44	5.55	69.06
2023-06-19T19:44:36	616.24	3809.68	242.20	0.62	5.74	68.91
2023-06-19T19:44:38	610.38	3817.32	239.83	0.83	5.92	68.66
2023-06-19T19:44:40	604.52	3824.95	237.46	1.05	6.11	68.32
2023-06-19T19:44:42	598.66	3832.58	235.09	1.35	6.45	68.02
2023-06-19T19:44:44	592.80	3840.21	232.72	1.73	6.92	67.91
2023-06-19T19:44:46	586.94	3847.82	230.35	2.20	7.43	67.96
2023-06-19T19:44:48	581.08	3855.44	227.97	2.69	8.04	68.32
2023-06-19T19:44:50	575.21	3863.04	225.60	3.09	8.71	68.80
2023-06-19T19:44:52	569.35	3870.65	223.23	3.35	9.38	69.33
2023-06-19T19:44:54	563.48	3878.24	220.85	3.49	10.06	69.95
2023-06-19T19:44:56	557.62	3885.83	218.48	3.52	10.74	70.63
2023-06-19T19:44:58	551.75	3893.42	216.10	3.50	10.86	70.82
2023-06-19T19:45:00	545.88	3901.00	213.73	3.52	10.90	70.96
2023-06-19T19:45:02	540.02	3908.57	211.35	3.59	10.86	71.03
2023-06-19T19:45:04	534.15	3916.14	208.98	3.70	10.75	71.02
2023-06-19T19:45:06	528.28	3923.70	206.60	3.88	10.54	70.74
2023-06-19T19:45:08	522.41	3931.26	204.22	4.12	10.37	70.20
2023-06-19T19:45:10	516.54	3938.81	201.85	4.39	10.27	69.60
2023-06-19T19:45:12	510.67	3946.35	199.47	4.70	10.34	68.73
2023-06-19T19:45:14	504.79	3953.89	197.09	4.97	10.55	67.58
2023-06-19T19:45:16	498.92	3961.43	194.72	5.16	10.72	66.38
2023-06-19T19:45:18	493.05	3968.96	192.34	5.29	10.85	65.12
2023-06-19T19:45:20	487.17	3976.48	189.96	5.35	10.95	63.80
2023-06-19T19:45:22	481.30	3984.00	187.58	5.34	11.02	62.38
2023-06-19T19:45:24	475.42	3991.51	185.21	5.26	11.06	60.87
2023-06-19T19:45:26	469.55	3999.02	182.83	5.19	11.05	59.53
2023-06-19T19:45:28	463.67	4006.52	180.45	5.39	11.04	58.12
2023-06-19T19:45:30	457.80	4014.02	178.07	5.74	10.98	56.61
2023-06-19T19:45:32	451.92	4021.51	175.69	6.21	10.87	55.06
2023-06-19T19:45:34	446.04	4029.00	173.31	6.81	10.68	53.48
2023-06-19T19:45:36	440.16	4036.48	170.93	7.57	10.39	51.91
2023-06-19T19:45:38	434.28	4043.96	168.55	8.49	9.98	50.37
2023-06-19T19:45:40	428.40	4051.43	166.17	9.31	9.36	48.60
2023-06-19T19:45:42	422.52	4058.89	163.79	9.96	8.70	46.93
2023-06-19T19:45:44	416.64	4066.35	161.41	9.67	8.29	45.76
2023-06-19T19:45:46	410.76	4073.81	159.03	8.87	8.02	44.48
2023-06-19T19:45:48	404.88	4081.26	156.65	8.14	7.76	43.30
2023-06-19T19:45:50	398.99	4088.70	154.27	7.47	7.49	42.20
2023-06-19T19:45:52	393.11	4096.14	151.89	6.86	7.19	41.16
2023-06-19T19:45:54	387.23	4103.58	149.50	6.31	6.84	40.17
2023-06-19T19:45:56	381.34	4111.01	147.12	5.83	6.42	39.21
2023-06-19T19:45:58	375.46	4118.43	144.74	5.48	6.07	38.15
2023-06-19T19:46:00	369.57	4125.85	142.36	5.27	5.89	36.91
2023-06-19T19:46:02	363.69	4133.26	139.98	5.11	5.75	35.55
2023-06-19T19:46:04	357.80	4140.67	137.59	5.01	5.69	34.03
2023-06-19T19:46:06	351.92	4148.08	135.21	4.92	5.72	32.50
2023-06-19T19:46:08	346.03	4155.48	132.83	4.83	5.75	31.11
2023-06-19T19:46:10	340.14	4162.87	130.44	4.75	5.78	29.89
2023-06-19T19:46:12	334.26	4170.26	128.06	4.69	5.82	28.83
2023-06-19T19:46:14	328.37	4177.64	125.68	4.45	5.75	27.81
2023-06-19T19:46:16	322.48	4185.02	123.29	4.20	5.68	26.76
2023-06-19T19:46:18	316.59	4192.39	120.91	3.96	5.61	25.70
2023-06-19T19:46:20	310.70	4199.76	118.53	3.75	5.53	24.63
2023-06-19T19:46:22	304.82	4207.13	116.14	3.55	5.43	23.56
2023-06-19T19:46:24	298.93	4214.49	113.76	3.29	5.20	22.27
2023-06-19T19:46:26	293.04	4221.84	111.37	2.94	4.87	20.88
2023-06-19T19:46:28	287.15	4229.19	108.99	2.48	4.54	19.47
2023-06-19T19:46:30	281.26	4236.54	106.61	2.06	4.50	18.18
2023-06-19T19:46:32	275.37	4243.87	104.22	1.68	4.47	16.94
2023-06-19T19:46:34	269.48	4251.21	101.84	1.33	4.46	15.75
2023-06-19T19:46:36	263.59	4258.54	99.45	1.01	4.44	14.60
2023-06-19T19:46:38	257.69	4265.86	97.07	0.70	4.42	13.49
2023-06-19T19:46:40	251.80	4273.18	94.68	0.40	4.39	12.41
2023-06-19T19:46:42	245.91	4280.50	92.30	0.11	4.34	11.35
2023-06-19T19:46:44	240.02	4287.81	89.91	-0.32	4.29	10.27
2023-06-19T19:46:46	234.13	4295.12	87.53	-0.78	4.24	9.31
2023-06-19T19:46:48	228.24	4302.42	85.14	-1.21	4.17	8.33
2023-06-19T19:46:50	222.34	4309.72	82.76	-1.59	4.10	7.34
2023-06-19T19:46:52	216.45	4317.01	80.37	-1.95	4.01	6.36
2023-06-19T19:46:54	210.55	4324.29	77.98	-2.29	3.92	5.39
2023-06-19T19:46:56	204.66	4331.58	75.60	-2.61	3.83	4.42
2023-06-19T19:46:58	198.77	4338.85	73.21	-2.91	3.73	3.48
2023-06-19T19:47:00	192.88	4346.13	70.83	-3.21	3.64	2.67
2023-06-19T19:47:02	186.98	4353.40	68.44	-3.50	3.57	2.07
2023-06-19T19:47:04	181.09	4360.66	66.05	-3.70	3.51	1.48
2023-06-19T19:47:06	175.19	4367.92	63.67	-3.92	3.44	0.88
2023-06-19T19:47:08	169.30	4375.18	61.28	-4.13	3.36	0.27
2023-06-19T19:47:10	163.40	4382.43	58.90	-4.36	3.28	-0.34
2023-06-19T19:47:12	157.51	4389.67	56.51	-4.60	3.20	-0.96
2023-06-19T19:47:14	151.62	4396.91	54.12	-4.84	3.11	-1.59
2023-06-19T19:47:16	145.72	4404.15	51.74	-5.07	2.96	-2.18
2023-06-19T19:47:18	139.83	4411.38	49.35	-5.28	2.76	-2.71
2023-06-19T19:47:20	133.93	4418.61	46.96	-5.48	2.55	-3.23
2023-06-19T19:47:22	128.04	4425.83	44.58	-5.66	2.36	-3.74
2023-06-19T19:47:24	122.14	4433.05	42.19	-5.82	2.20	-4.25
2023-06-19T19:47:26	116.25	4440.27	39.80	-5.96	2.07	-4.77
2023-06-19T19:47:28	110.35	4447.48	37.42	-6.08	1.96	-5.29
2023-06-19T19:47:30	104.45	4454.68	35.03	-6.19	1.88	-5.81
2023-06-19T19:47:32	98.56	4461.88	32.64	-6.29	1.83	-6.32
2023-06-19T19:47:34	92.66	4469.08	30.26	-6.41	1.80	-6.81
2023-06-19T19:47:36	86.77	4476.27	27.87	-6.56	1.78	-7.30
2023-06-19T19:47:38	80.87	4483.46	25.48	-6.74	1.76	-7.79
2023-06-19T19:47:40	74.98	4490.64	23.10	-6.96	1.75	-8.28
2023-06-19T19:47:42	69.08	4497.83	20.71	-7.22	1.78	-8.67
2023-06-19T19:47:44	63.18	4505.00	18.32	-7.48	1.82	-9.00
2023-06-19T19:47:46	57.29	4512.17	15.94	-7.76	1.88	-9.28
2023-06-19T19:47:48	51.39	4519.34	13.55	-7.96	2.00	-9.40
2023-06-19T19:47:50	45.50	4526.50	11.16	-8.11	2.20	-9.45
2023-06-19T19:47:52	39.60	4533.65	8.77	-8.25	2.44	-9.49
2023-06-19T19:47:54	33.71	4540.81	6.39	-8.38	2.72	-9.54
2023-06-19T19:47:56	27.81	4547.96	4.00	-8.52	3.06	-9.60
2023-06-19T19:47:58	21.91	4555.10	1.61	-8.66	3.44	-9.67
2023-06-19T19:48:00	16.02	4562.24	-0.77	-8.79	3.85	-9.77
2023-06-19T19:48:02	10.12	4569.38	-3.16	-8.81	4.05	-9.92
2023-06-19T19:48:04	4.23	4576.51	-5.55	-8.68	3.97	-10.09
2023-06-19T19:48:06	-1.67	4583.64	-7.93	-8.52	3.82	-10.27
2023-06-19T19:48:08	-7.57	4590.76	-10.32	-8.41	3.68	-10.48
2023-06-19T19:48:10	-13.46	4597.88	-12.71	-8.35	3.54	-10.72
2023-06-19T19:48:12	-19.36	4605.00	-15.10	-8.31	3.41	-10.98
2023-06-19T19:48:14	-25.25	4612.11	-17.49	-8.31	3.28	-11.26
2023-06-19T19:48:16	-31.15	4619.22	-19.87	-8.33	3.14	-11.55
2023-06-19T19:48:18	-37.04	4626.32	-22.26	-8.37	2.99	-11.86
2023-06-19T19:48:20	-42.94	4633.42	-24.64	-8.38	2.74	-12.18
2023-06-19T19:48:22	-48.83	4640.52	-27.03	-8.35	2.44	-12.48
2023-06-19T19:48:24	-54.73	4647.61	-29.42	-8.31	2.17	-12.73
2023-06-19T19:48:26	-60.63	4654.70	-31.81	-8.26	1.95	-12.93
2023-06-19T19:48:28	-66.52	4661.78	-34.19	-8.21	1.76	-13.08
2023-06-19T19:48:30	-72.42	4668.86	-36.58	-8.15	1.61	-13.19
2023-06-19T19:48:32	-78.31	4675.93	-38.96	-8.08	1.50	-13.27
2023-06-19T19:48:34	-84.21	4683.00	-41.35	-8.02	1.43	-13.31
2023-06-19T19:48:36	-90.10	4690.07	-43.74	-8.04	1.42	-13.27
2023-06-19T19:48:38	-96.00	4697.13	-46.13	-8.17	1.45	-13.18
2023-06-19T19:48:40	-101.89	4704.19	-48.51	-8.40	1.48	-13.07
2023-06-19T19:48:42	-107.78	4711.25	-50.90	-8.70	1.51	-12.95
2023-06-19T19:48:44	-113.68	4718.30	-53.28	-9.03	1.52	-12.82
2023-06-19T19:48:46	-119.57	4725.35	-55.67	-9.40	1.54	-12.70
2023-06-19T19:48:48	-125.47	4732.39	-58.06	-9.80	1.54	-12.59
2023-06-19T19:48:50	-131.36	4739.43	-60.45	-10.23	1.54	-12.48
2023-06-19T19:48:52	-137.25	4746.47	-62.83	-10.55	1.50	-12.55
2023-06-19T19:48:54	-143.15	4753.50	-65.22	-10.75	1.42	-12.82
2023-06-19T19:48:56	-149.04	4760.53	-67.61	-10.92	1.37	-13.12
2023-06-19T19:48:58	-154.94	4767.55	-69.99	-11.08	1.36	-13.46
2023-06-19T19:49:00	-160.83	4774.57	-72.38	-11.07	1.41	-13.75
2023-06-19T19:49:02	-166.72	4781.59	-74.76	-11.03	1.50	-14.01
2023-06-19T19:49:04	-172.62	4788.60	-77.15	-10.97	1.60	-14.26
2023-06-19T19:49:06	-178.51	4795.61	-79.53	-10.88	1.73	-14.49
2023-06-19T19:49:08	-184.40	4802.61	-81.92	-10.73	1.84	-14.67
2023-06-19T19:49:10	-190.29	4809.61	-84.31	-10.49	1.89	-14.77
2023-06-19T19:49:12	-196.18	4816.61	-86.69	-10.27	1.94	-14.90
2023-06-19T19:49:14	-202.08	4823.60	-89.08	-10.10	1.99	-15.07
2023-06-19T19:49:16	-207.97	4830.59	-91.46	-9.97	2.04	-15.29
2023-06-19T19:49:18	-213.86	4837.58	-93.85	-9.87	2.05	-15.54
2023-06-19T19:49:20	-219.75	4844.56	-96.23	-9.79	2.00	-15.71
2023-06-19T19:49:22	-225.64	4851.54	-98.62	-9.77	1.96	-15.87
2023-06-19T19:49:24	-231.53	4858.52	-101.00	-9.79	1.92	-15.98
2023-06-19T19:49:26	-237.42	4865.49	-103.39	-9.85	1.76	-15.81
2023-06-19T19:49:28	-243.31	4872.46	-105.77	-9.91	1.66	-15.63
2023-06-19T19:49:30	-249.20	4879.42	-108.16	-9.96	1.62	-15.43
2023-06-19T19:49:32	-255.09	4886.38	-110.54	-10.00	1.66	-15.23
2023-06-19T19:49:34	-260.98	4893.34	-112.93	-10.01	1.78	-15.01
2023-06-19T19:49:36	-266.88	4900.29	-115.31	-10.00	1.98	-14.77
2023-06-19T19:49:38	-272.77	4907.24	-117.70	-10.06	2.11	-14.55
2023-06-19T19:49:40	-278.65	4914.18	-120.08	-10.25	2.09	-14.34
2023-06-19T19:49:42	-284.54	4921.13	-122.47	-10.45	1.90	-14.23
2023-06-19T19:49:44	-290.43	4928.06	-124.85	-10.66	1.67	-14.15
2023-06-19T19:49:46	-296.32	4935.00	-127.24	-10.88	1.45	-14.09
2023-06-19T19:49:48	-302.21	4941.93	-129.62	-11.10	1.22	-14.06
2023-06-19T19:49:50	-308.10	4948.86	-132.01	-11.33	1.01	-14.07
2023-06-19T19:49:52	-313.98	4955.78	-134.39	-11.56	0.82	-14.12
2023-06-19T19:49:54	-319.87	4962.70	-136.77	-11.79	0.66	-14.20
2023-06-19T19:49:56	-325.76	4969.62	-139.16	-12.02	0.53	-14.32
2023-06-19T19:49:58	-331.64	4976.54	-141.54	-11.91	0.61	-14.02
2023-06-19T19:50:00	-337.53	4983.44	-143.93	-11.71	0.81	-13.61
2023-06-19T19:50:02	-343.42	4990.35	-146.31	-11.51	1.00	-13.23
2023-06-19T19:50:04	-349.30	4997.25	-148.69	-11.30	1.19	-12.88
2023-06-19T19:50:06	-355.19	5004.15	-151.08	-11.08	1.37	-12.56
2023-06-19T19:50:08	-361.08	5011.05	-153.46	-10.85	1.56	-12.27
2023-06-19T19:50:10	-366.96	5017.94	-155.84	-10.61	1.73	-12.00
2023-06-19T19:50:12	-372.85	5024.83	-158.23	-10.37	1.90	-11.75
2023-06-19T19:50:14	-378.73	5031.72	-160.61	-10.16	2.04	-11.56
2023-06-19T19:50:16	-384.61	5038.60	-162.99	-10.13	2.11	-11.47
2023-06-19T19:50:18	-390.50	5045.48	-165.38	-10.27	2.14	-11.31
2023-06-19T19:50:20	-396.38	5052.36	-167.76	-10.39	2.15	-11.09
2023-06-19T19:50:22	-402.27	5059.23	-170.14	-10.51	2.15	-10.81
2023-06-19T19:50:24	-408.15	5066.10	-172.52	-10.60	2.15	-10.48
2023-06-19T19:50:26	-414.03	5072.96	-174.90	-10.68	2.14	-10.11
2023-06-19T19:50:28	-419.92	5079.83	-177.29	-10.77	2.12	-9.74
2023-06-19T19:50:30	-425.80	5086.69	-179.67	-10.83	2.10	-9.36
2023-06-19T19:50:32	-431.68	5093.54	-182.05	-10.84	2.10	-9.17
2023-06-19T19:50:34	-437.56	5100.39	-184.43	-10.86	2.13	-9.02
2023-06-19T19:50:36	-443.44	5107.24	-186.82	-10.89	2.23	-9.02
2023-06-19T19:50:38	-449.32	5114.09	-189.20	-10.90	2.41	-9.16
2023-06-19T19:50:40	-455.20	5120.93	-191.58	-10.89	2.60	-9.29
2023-06-19T19:50:42	-461.08	5127.77	-193.96	-10.88	2.81	-9.40
2023-06-19T19:50:44	-466.96	5134.60	-196.34	-10.86	3.02	-9.50
2023-06-19T19:50:46	-472.85	5141.44	-198.72	-10.82	3.23	-9.58
2023-06-19T19:50:48	-478.73	5148.27	-201.10	-10.78	3.45	-9.61
2023-06-19T19:50:50	-484.60	5155.09	-203.48	-10.73	3.68	-9.62
2023-06-19T19:50:52	-490.48	5161.92	-205.86	-10.68	3.96	-9.64
2023-06-19T19:50:54	-496.36	5168.73	-208.24	-10.64	4.26	-9.68
2023-06-19T19:50:56	-502.24	5175.55	-210.63	-10.63	4.55	-9.72
2023-06-19T19:50:58	-508.12	5182.36	-213.00	-10.64	4.83	-9.75
2023-06-19T19:51:00	-513.99	5189.17	-215.39	-10.63	5.13	-9.76
2023-06-19T19:51:02	-519.87	5195.98	-217.77	-10.62	5.44	-9.75
2023-06-19T19:51:04	-525.75	5202.79	-220.14	-10.61	5.70	-9.69
2023-06-19T19:51:06	-531.62	5209.58	-222.53	-10.59	5.77	-9.53
2023-06-19T19:51:08	-537.50	5216.38	-224.90	-10.60	5.84	-9.40
2023-06-19T19:51:10	-543.38	5223.18	-227.28	-10.63	5.91	-9.31
2023-06-19T19:51:12	-549.25	5229.97	-229.66	-10.68	5.97	-9.24
2023-06-19T19:51:14	-555.13	5236.75	-232.04	-10.75	6.05	-9.21
2023-06-19T19:51:16	-561.00	5243.54	-234.42	-10.73	6.08	-9.02
2023-06-19T19:51:18	-566.87	5250.32	-236.80	-10.70	6.14	-8.82
2023-06-19T19:51:20	-572.75	5257.10	-239.18	-10.66	6.24	-8.63
2023-06-19T19:51:22	-578.62	5263.88	-241.56	-10.59	6.42	-8.42
2023-06-19T19:51:24	-584.49	5270.65	-243.94	-10.50	6.61	-8.22
2023-06-19T19:51:26	-590.37	5277.41	-246.32	-10.42	6.81	-8.06
2023-06-19T19:51:28	-596.24	5284.18	-248.69	-10.34	7.01	-7.93
2023-06-19T19:51:30	-602.11	5290.94	-251.07	-10.26	7.22	-7.83
2023-06-19T19:51:32	-607.98	5297.70	-253.45	-10.18	7.44	-7.77
2023-06-19T19:51:34	-613.86	5304.46	-255.83	-10.11	7.64	-7.75
2023-06-19T19:51:36	-619.73	5311.21	-258.21	-10.00	7.71	-7.76
2023-06-19T19:51:38	-625.59	5317.97	-260.58	-9.87	7.74	-7.70
2023-06-19T19:51:40	-631.46	5324.71	-262.96	-9.69	7.73	-7.55
2023-06-19T19:51:42	-637.34	5331.46	-265.34	-9.50	7.76	-7.40
2023-06-19T19:51:44	-643.20	5338.20	-267.71	-9.31	7.83	-7.27
2023-06-19T19:51:46	-649.07	5344.94	-270.09	-9.12	7.93	-7.14
2023-06-19T19:51:48	-654.94	5351.67	-272.47	-8.94	8.07	-7.01
2023-06-19T19:51:50	-660.81	5358.41	-274.84	-8.78	8.25	-6.89
2023-06-19T19:51:52	-666.68	5365.14	-277.22	-8.63	8.46	-6.77
2023-06-19T19:51:54	-672.54	5371.86	-279.60	-8.54	8.67	-6.62
2023-06-19T19:51:56	-678.41	5378.59	-281.97	-8.62	8.64	-6.45
2023-06-19T19:51:58	-684.28	5385.31	-284.35	-8.71	8.59	-6.26
