Time	POS_X	POS_Y	POS_Z	B_X	B_Y	B_Z
2023-06-19T19:16:52	3412.20	-4003.44	1375.44	-30.41	10.75	44.68
2023-06-19T19:16:54	3411.13	-3994.28	1375.00	-29.50	10.31	45.19
2023-06-19T19:16:56	3410.07	-3985.12	1374.57	-28.60	9.86	45.72
2023-06-19T19:16:58	3409.00	-3975.95	1374.14	-27.70	9.40	46.27
2023-06-19T19:17:00	3407.93	-3966.79	1373.71	-26.82	8.93	46.83
2023-06-19T19:17:02	3406.86	-3957.62	1373.27	-25.94	8.44	47.41
2023-06-19T19:17:04	3405.79	-3948.45	1372.84	-25.05	7.94	47.98
2023-06-19T19:17:06	3404.71	-3939.28	1372.40	-23.92	7.60	47.92
2023-06-19T19:17:08	3403.64	-3930.10	1371.97	-22.79	7.25	47.85
2023-06-19T19:17:10	3402.56	-3920.92	1371.53	-21.65	6.89	47.79
2023-06-19T19:17:12	3401.48	-3911.74	1371.09	-20.52	6.53	47.73
2023-06-19T19:17:14	3400.39	-3902.56	1370.65	-19.38	6.15	47.67
2023-06-19T19:17:16	3399.31	-3893.37	1370.21	-18.24	5.77	47.62
2023-06-19T19:17:18	3398.22	-3884.18	1369.77	-17.27	5.72	47.31
2023-06-19T19:17:20	3397.13	-3875.00	1369.33	-16.34	5.77	46.93
2023-06-19T19:17:22	3396.05	-3865.80	1368.89	-15.40	5.84	46.54
2023-06-19T19:17:24	3394.95	-3856.61	1368.45	-14.44	5.92	46.16
2023-06-19T19:17:26	3393.86	-3847.41	1368.00	-13.48	6.01	45.77
2023-06-19T19:17:28	3392.76	-3838.22	1367.56	-12.50	6.12	45.37
2023-06-19T19:17:30	3391.66	-3829.02	1367.11	-11.78	5.94	45.34
2023-06-19T19:17:32	3390.56	-3819.82	1366.67	-11.24	5.54	45.54
2023-06-19T19:17:34	3389.46	-3810.61	1366.22	-10.72	5.15	45.71
2023-06-19T19:17:36	3388.36	-3801.40	1365.78	-10.20	4.75	45.87
2023-06-19T19:17:38	3387.25	-3792.19	1365.33	-9.67	4.34	46.02
2023-06-19T19:17:40	3386.14	-3782.98	1364.88	-9.14	3.93	46.16
2023-06-19T19:17:42	3385.03	-3773.76	1364.43	-8.66	3.60	46.17
2023-06-19T19:17:44	3383.92	-3764.55	1363.98	-8.24	3.42	45.97
2023-06-19T19:17:46	3382.81	-3755.33	1363.53	-7.81	3.25	45.78
2023-06-19T19:17:48	3381.69	-3746.11	1363.07	-7.37	3.08	45.60
2023-06-19T19:17:50	3380.57	-3736.88	1362.62	-6.92	2.92	45.42
2023-06-19T19:17:52	3379.45	-3727.66	1362.16	-6.47	2.76	45.26
2023-06-19T19:17:54	3378.33	-3718.43	1361.71	-5.97	2.60	45.07
2023-06-19T19:17:56	3377.21	-3709.20	1361.25	-5.32	2.45	44.74
2023-06-19T19:17:58	3376.08	-3699.97	1360.80	-4.68	2.30	44.41
2023-06-19T19:18:00	3374.95	-3690.73	1360.34	-4.03	2.15	44.06
2023-06-19T19:18:02	3373.82	-3681.50	1359.88	-3.39	2.00	43.71
2023-06-19T19:18:04	3372.69	-3672.26	1359.42	-2.75	1.85	43.36
2023-06-19T19:18:06	3371.56	-3663.01	1358.96	-2.11	1.71	42.99
2023-06-19T19:18:08	3370.42	-3653.77	1358.50	-2.01	1.54	42.75
2023-06-19T19:18:10	3369.28	-3644.52	1358.04	-1.92	1.35	42.50
2023-06-19T19:18:12	3368.14	-3635.27	1357.58	-1.83	1.16	42.26
2023-06-19T19:18:14	3366.99	-3626.02	1357.11	-1.73	0.95	42.02
2023-06-19T19:18:16	3365.85	-3616.77	1356.65	-1.64	0.74	41.78
2023-06-19T19:18:18	3364.70	-3607.51	1356.18	-1.54	0.52	41.55
2023-06-19T19:18:20	3363.55	-3598.25	1355.72	-1.61	0.46	41.49
2023-06-19T19:18:22	3362.40	-3588.99	1355.25	-1.73	0.44	41.49
2023-06-19T19:18:24	3361.24	-3579.73	1354.78	-1.86	0.43	41.49
2023-06-19T19:18:26	3360.09	-3570.46	1354.31	-1.98	0.44	41.49
2023-06-19T19:18:28	3358.93	-3561.19	1353.84	-2.12	0.45	41.50
2023-06-19T19:18:30	3357.77	-3551.92	1353.37	-2.26	0.47	41.51
2023-06-19T19:18:32	3356.61	-3542.65	1352.90	-2.15	0.49	41.49
2023-06-19T19:18:34	3355.44	-3533.37	1352.43	-1.90	0.52	41.47
2023-06-19T19:18:36	3354.27	-3524.10	1351.95	-1.66	0.54	41.47
2023-06-19T19:18:38	3353.10	-3514.82	1351.48	-1.42	0.58	41.49
2023-06-19T19:18:40	3351.93	-3505.53	1351.01	-1.18	0.62	41.52
2023-06-19T19:18:42	3350.76	-3496.25	1350.53	-0.94	0.66	41.57
2023-06-19T19:18:44	3349.58	-3486.96	1350.05	-0.79	0.64	41.50
2023-06-19T19:18:46	3348.40	-3477.67	1349.57	-0.74	0.53	41.28
2023-06-19T19:18:48	3347.22	-3468.38	1349.09	-0.69	0.41	41.05
2023-06-19T19:18:50	3346.04	-3459.08	1348.61	-0.63	0.28	40.80
2023-06-19T19:18:52	3344.85	-3449.78	1348.13	-0.57	0.13	40.55
2023-06-19T19:18:54	3343.66	-3440.49	1347.65	-0.50	-0.03	40.29
2023-06-19T19:18:56	3342.47	-3431.18	1347.17	-0.46	-0.11	40.06
2023-06-19T19:18:58	3341.28	-3421.88	1346.68	-0.51	0.03	39.91
2023-06-19T19:19:00	3340.08	-3412.57	1346.20	-0.58	0.18	39.74
2023-06-19T19:19:02	3338.89	-3403.26	1345.71	-0.65	0.34	39.57
2023-06-19T19:19:04	3337.69	-3393.95	1345.23	-0.75	0.52	39.38
2023-06-19T19:19:06	3336.49	-3384.64	1344.74	-0.85	0.71	39.19
2023-06-19T19:19:08	3335.28	-3375.32	1344.25	-1.04	0.87	38.97
2023-06-19T19:19:10	3334.07	-3366.00	1343.76	-1.52	0.87	38.68
2023-06-19T19:19:12	3332.86	-3356.68	1343.27	-1.98	0.83	38.40
2023-06-19T19:19:14	3331.65	-3347.35	1342.78	-2.41	0.76	38.12
2023-06-19T19:19:16	3330.44	-3338.02	1342.28	-2.83	0.67	37.84
2023-06-19T19:19:18	3329.22	-3328.69	1341.79	-3.24	0.58	37.56
2023-06-19T19:19:20	3328.00	-3319.36	1341.29	-3.61	0.48	37.30
2023-06-19T19:19:22	3326.78	-3310.03	1340.80	-3.67	0.21	37.26
2023-06-19T19:19:24	3325.56	-3300.69	1340.30	-3.73	-0.04	37.21
2023-06-19T19:19:26	3324.33	-3291.35	1339.80	-3.79	-0.26	37.14
2023-06-19T19:19:28	3323.10	-3282.01	1339.31	-3.85	-0.45	37.06
2023-06-19T19:19:30	3321.87	-3272.66	1338.81	-3.91	-0.62	36.96
2023-06-19T19:19:32	3320.64	-3263.32	1338.31	-3.97	-0.76	36.84
2023-06-19T19:19:34	3319.40	-3253.97	1337.80	-3.69	-0.90	36.37
2023-06-19T19:19:36	3318.16	-3244.61	1337.30	-3.41	-1.04	35.88
2023-06-19T19:19:38	3316.92	-3235.26	1336.80	-3.14	-1.18	35.40
2023-06-19T19:19:40	3315.67	-3225.90	1336.29	-2.88	-1.33	34.93
2023-06-19T19:19:42	3314.43	-3216.54	1335.79	-2.64	-1.48	34.47
2023-06-19T19:19:44	3313.18	-3207.18	1335.28	-2.42	-1.63	34.03
2023-06-19T19:19:46	3311.92	-3197.82	1334.77	-2.63	-1.51	33.87
2023-06-19T19:19:48	3310.67	-3188.45	1334.26	-2.92	-1.34	33.77
2023-06-19T19:19:50	3309.41	-3179.08	1333.75	-3.19	-1.18	33.67
2023-06-19T19:19:52	3308.15	-3169.71	1333.24	-3.46	-1.03	33.56
2023-06-19T19:19:54	3306.89	-3160.33	1332.73	-3.70	-0.89	33.44
2023-06-19T19:19:56	3305.62	-3150.95	1332.21	-3.93	-0.76	33.32
2023-06-19T19:19:58	3304.35	-3141.57	1331.70	-4.25	-0.82	33.43
2023-06-19T19:20:00	3303.08	-3132.19	1331.18	-4.61	-0.97	33.66
2023-06-19T19:20:02	3301.81	-3122.80	1330.66	-4.98	-1.12	33.92
2023-06-19T19:20:04	3300.53	-3113.41	1330.15	-5.34	-1.29	34.19
2023-06-19T19:20:06	3299.26	-3104.02	1329.63	-5.72	-1.46	34.48
2023-06-19T19:20:08	3297.97	-3094.63	1329.11	-6.09	-1.65	34.79
2023-06-19T19:20:10	3296.69	-3085.23	1328.58	-6.39	-1.73	35.07
2023-06-19T19:20:12	3295.40	-3075.83	1328.06	-6.66	-1.75	35.33
2023-06-19T19:20:14	3294.11	-3066.43	1327.54	-6.93	-1.76	35.59
2023-06-19T19:20:16	3292.82	-3057.03	1327.01	-7.21	-1.78	35.85
2023-06-19T19:20:18	3291.53	-3047.62	1326.49	-7.50	-1.81	36.13
2023-06-19T19:20:20	3290.23	-3038.21	1325.96	-7.80	-1.83	36.42
2023-06-19T19:20:22	3288.93	-3028.80	1325.43	-8.11	-1.67	36.47
2023-06-19T19:20:24	3287.62	-3019.39	1324.90	-8.44	-1.33	36.30
2023-06-19T19:20:26	3286.32	-3009.97	1324.37	-8.77	-0.98	36.14
2023-06-19T19:20:28	3285.01	-3000.55	1323.84	-9.10	-0.61	35.97
2023-06-19T19:20:30	3283.69	-2991.13	1323.31	-9.42	-0.23	35.80
2023-06-19T19:20:32	3282.38	-2981.70	1322.78	-9.75	0.17	35.63
2023-06-19T19:20:34	3281.06	-2972.27	1322.24	-10.25	0.42	35.44
2023-06-19T19:20:36	3279.74	-2962.85	1321.70	-10.96	0.48	35.22
2023-06-19T19:20:38	3278.42	-2953.41	1321.16	-11.66	0.54	35.00
2023-06-19T19:20:40	3277.09	-2943.98	1320.63	-12.37	0.58	34.76
2023-06-19T19:20:42	3275.76	-2934.54	1320.09	-13.06	0.62	34.50
2023-06-19T19:20:44	3274.43	-2925.10	1319.54	-13.73	0.66	34.21
2023-06-19T19:20:46	3273.09	-2915.65	1319.00	-14.22	0.74	34.06
2023-06-19T19:20:48	3271.75	-2906.21	1318.46	-14.42	0.87	34.10
2023-06-19T19:20:50	3270.41	-2896.76	1317.91	-14.62	1.00	34.15
2023-06-19T19:20:52	3269.07	-2887.31	1317.37	-14.82	1.13	34.19
2023-06-19T19:20:54	3267.72	-2877.85	1316.82	-15.01	1.26	34.24
2023-06-19T19:20:56	3266.37	-2868.39	1316.27	-15.20	1.39	34.29
2023-06-19T19:20:58	3265.02	-2858.93	1315.72	-15.75	1.63	34.29
2023-06-19T19:21:00	3263.66	-2849.47	1315.17	-16.97	2.08	34.20
2023-06-19T19:21:02	3262.30	-2840.01	1314.62	-18.20	2.50	34.11
2023-06-19T19:21:04	3260.94	-2830.54	1314.07	-19.43	2.90	34.02
2023-06-19T19:21:06	3259.57	-2821.07	1313.51	-20.68	3.29	33.95
2023-06-19T19:21:08	3258.20	-2811.59	1312.95	-21.93	3.65	33.88
2023-06-19T19:21:10	3256.83	-2802.12	1312.40	-23.13	3.97	33.91
2023-06-19T19:21:12	3255.46	-2792.64	1311.84	-24.16	4.23	34.17
2023-06-19T19:21:14	3254.08	-2783.16	1311.28	-25.18	4.49	34.43
2023-06-19T19:21:16	3252.70	-2773.67	1310.72	-26.20	4.73	34.68
2023-06-19T19:21:18	3251.31	-2764.19	1310.16	-27.21	4.97	34.93
2023-06-19T19:21:20	3249.92	-2754.69	1309.59	-28.21	5.21	35.17
2023-06-19T19:21:22	3248.53	-2745.20	1309.03	-29.07	5.31	35.34
2023-06-19T19:21:24	3247.14	-2735.71	1308.46	-29.58	5.10	35.37
2023-06-19T19:21:26	3245.74	-2726.21	1307.89	-30.09	4.90	35.39
2023-06-19T19:21:28	3244.34	-2716.71	1307.33	-30.61	4.70	35.40
2023-06-19T19:21:30	3242.94	-2707.20	1306.75	-31.13	4.51	35.40
2023-06-19T19:21:32	3241.53	-2697.70	1306.18	-31.66	4.33	35.40
2023-06-19T19:21:34	3240.12	-2688.19	1305.61	-32.14	4.08	35.08
2023-06-19T19:21:36	3238.71	-2678.68	1305.03	-32.48	3.67	33.98
2023-06-19T19:21:38	3237.29	-2669.16	1304.46	-32.84	3.24	32.90
2023-06-19T19:21:40	3235.87	-2659.64	1303.88	-33.23	2.81	31.85
2023-06-19T19:21:42	3234.45	-2650.12	1303.30	-33.65	2.36	30.82
2023-06-19T19:21:44	3233.02	-2640.60	1302.73	-34.09	1.91	29.81
2023-06-19T19:21:46	3231.59	-2631.07	1302.15	-34.43	1.54	28.99
2023-06-19T19:21:48	3230.15	-2621.55	1301.56	-34.40	1.43	28.62
2023-06-19T19:21:50	3228.72	-2612.02	1300.98	-34.33	1.34	28.22
2023-06-19T19:21:52	3227.28	-2602.48	1300.39	-34.23	1.25	27.79
2023-06-19T19:21:54	3225.84	-2592.94	1299.81	-34.11	1.18	27.33
2023-06-19T19:21:56	3224.39	-2583.40	1299.22	-33.95	1.11	26.85
2023-06-19T19:21:58	3222.94	-2573.86	1298.63	-33.90	1.04	26.39
2023-06-19T19:22:00	3221.48	-2564.32	1298.04	-34.20	0.96	26.12
2023-06-19T19:22:02	3220.02	-2554.77	1297.45	-34.50	0.90	25.84
2023-06-19T19:22:04	3218.56	-2545.22	1296.85	-34.81	0.85	25.59
2023-06-19T19:22:06	3217.10	-2535.66	1296.25	-35.14	0.81	25.38
2023-06-19T19:22:08	3215.63	-2526.11	1295.66	-35.48	0.78	25.17
2023-06-19T19:22:10	3214.16	-2516.55	1295.06	-35.76	0.72	25.06
2023-06-19T19:22:12	3212.68	-2506.98	1294.46	-35.89	0.58	25.23
2023-06-19T19:22:14	3211.21	-2497.42	1293.86	-36.04	0.43	25.38
2023-06-19T19:22:16	3209.72	-2487.85	1293.26	-36.19	0.27	25.51
2023-06-19T19:22:18	3208.24	-2478.28	1292.66	-36.37	0.10	25.64
2023-06-19T19:22:20	3206.75	-2468.70	1292.05	-36.55	-0.08	25.75
2023-06-19T19:22:22	3205.25	-2459.13	1291.44	-36.73	-0.30	25.74
2023-06-19T19:22:24	3203.76	-2449.55	1290.83	-36.90	-0.57	25.48
2023-06-19T19:22:26	3202.26	-2439.97	1290.22	-37.07	-0.83	25.22
2023-06-19T19:22:28	3200.75	-2430.38	1289.61	-37.24	-1.06	24.96
2023-06-19T19:22:30	3199.24	-2420.79	1289.00	-37.40	-1.28	24.71
2023-06-19T19:22:32	3197.73	-2411.20	1288.39	-37.56	-1.48	24.46
2023-06-19T19:22:34	3196.21	-2401.61	1287.77	-37.74	-1.66	24.26
2023-06-19T19:22:36	3194.70	-2392.01	1287.15	-37.95	-1.81	24.16
2023-06-19T19:22:38	3193.17	-2382.41	1286.53	-38.15	-1.96	24.04
2023-06-19T19:22:40	3191.64	-2372.81	1285.91	-38.33	-2.12	23.89
2023-06-19T19:22:42	3190.11	-2363.21	1285.29	-38.50	-2.28	23.71
2023-06-19T19:22:44	3188.58	-2353.60	1284.67	-38.65	-2.44	23.50
2023-06-19T19:22:46	3187.04	-2343.99	1284.04	-38.76	-2.52	23.27
2023-06-19T19:22:48	3185.50	-2334.37	1283.42	-38.80	-2.48	23.02
2023-06-19T19:22:50	3183.95	-2324.75	1282.79	-38.83	-2.44	22.77
2023-06-19T19:22:52	3182.40	-2315.14	1282.16	-38.87	-2.41	22.54
2023-06-19T19:22:54	3180.85	-2305.51	1281.52	-38.90	-2.37	22.32
2023-06-19T19:22:56	3179.29	-2295.89	1280.89	-38.93	-2.34	22.11
2023-06-19T19:22:58	3177.73	-2286.26	1280.26	-39.02	-2.35	22.18
2023-06-19T19:23:00	3176.17	-2276.63	1279.62	-39.22	-2.44	22.61
2023-06-19T19:23:02	3174.59	-2266.99	1278.98	-39.41	-2.52	23.06
2023-06-19T19:23:04	3173.02	-2257.36	1278.34	-39.59	-2.60	23.51
2023-06-19T19:23:06	3171.44	-2247.72	1277.70	-39.78	-2.68	23.96
2023-06-19T19:23:08	3169.86	-2238.07	1277.06	-39.95	-2.76	24.42
2023-06-19T19:23:10	3168.27	-2228.43	1276.42	-40.14	-3.16	24.79
2023-06-19T19:23:12	3166.69	-2218.78	1275.77	-40.34	-3.88	25.05
2023-06-19T19:23:14	3165.09	-2209.13	1275.12	-40.55	-4.59	25.30
2023-06-19T19:23:16	3163.49	-2199.47	1274.47	-40.75	-5.31	25.55
2023-06-19T19:23:18	3161.89	-2189.82	1273.82	-40.95	-6.03	25.79
2023-06-19T19:23:20	3160.28	-2180.16	1273.17	-41.15	-6.71	25.96
2023-06-19T19:23:22	3158.67	-2170.49	1272.51	-40.91	-6.94	25.87
2023-06-19T19:23:24	3157.06	-2160.83	1271.85	-40.35	-6.85	25.63
2023-06-19T19:23:26	3155.44	-2151.16	1271.20	-39.80	-6.77	25.40
2023-06-19T19:23:28	3153.81	-2141.49	1270.54	-39.25	-6.71	25.19
2023-06-19T19:23:30	3152.19	-2131.81	1269.88	-38.71	-6.67	25.00
2023-06-19T19:23:32	3150.56	-2122.13	1269.21	-38.18	-6.64	24.82
2023-06-19T19:23:34	3148.92	-2112.45	1268.55	-37.88	-6.77	24.63
2023-06-19T19:23:36	3147.28	-2102.77	1267.88	-37.72	-6.96	24.49
2023-06-19T19:23:38	3145.64	-2093.08	1267.21	-37.56	-7.16	24.40
2023-06-19T19:23:40	3143.99	-2083.39	1266.54	-37.40	-7.35	24.35
2023-06-19T19:23:42	3142.33	-2073.70	1265.87	-37.25	-7.55	24.35
2023-06-19T19:23:44	3140.68	-2064.01	1265.20	-37.11	-7.74	24.40
2023-06-19T19:23:46	3139.01	-2054.31	1264.52	-36.72	-7.63	24.22
2023-06-19T19:23:48	3137.35	-2044.61	1263.84	-36.21	-7.40	23.95
2023-06-19T19:23:50	3135.68	-2034.90	1263.17	-35.67	-7.14	23.66
2023-06-19T19:23:52	3134.00	-2025.20	1262.49	-35.09	-6.84	23.36
2023-06-19T19:23:54	3132.32	-2015.49	1261.80	-34.46	-6.52	23.04
2023-06-19T19:23:56	3130.64	-2005.78	1261.12	-33.80	-6.16	22.71
2023-06-19T19:23:58	3128.95	-1996.06	1260.43	-33.49	-6.01	22.63
2023-06-19T19:24:00	3127.26	-1986.34	1259.74	-33.21	-5.91	22.58
2023-06-19T19:24:02	3125.56	-1976.62	1259.05	-32.93	-5.82	22.51
2023-06-19T19:24:04	3123.85	-1966.89	1258.36	-32.64	-5.74	22.42
2023-06-19T19:24:06	3122.15	-1957.17	1257.67	-32.34	-5.67	22.31
2023-06-19T19:24:08	3120.44	-1947.43	1256.97	-32.03	-5.61	22.19
2023-06-19T19:24:10	3118.72	-1937.70	1256.27	-32.18	-5.33	22.63
2023-06-19T19:24:12	3117.00	-1927.97	1255.57	-32.38	-5.07	23.15
2023-06-19T19:24:14	3115.27	-1918.23	1254.87	-32.62	-4.80	23.74
2023-06-19T19:24:16	3113.54	-1908.49	1254.17	-32.92	-4.54	24.37
2023-06-19T19:24:18	3111.81	-1898.74	1253.46	-33.23	-4.29	25.03
2023-06-19T19:24:20	3110.07	-1888.99	1252.76	-33.57	-4.08	25.63
2023-06-19T19:24:22	3108.32	-1879.24	1252.05	-33.96	-4.06	25.60
2023-06-19T19:24:24	3106.57	-1869.49	1251.34	-34.37	-4.03	25.60
2023-06-19T19:24:26	3104.82	-1859.73	1250.62	-34.81	-3.98	25.62
2023-06-19T19:24:28	3103.06	-1849.97	1249.91	-35.23	-3.93	25.54
2023-06-19T19:24:30	3101.30	-1840.21	1249.19	-35.65	-3.86	25.51
2023-06-19T19:24:32	3099.53	-1830.44	1248.47	-35.98	-3.71	25.49
2023-06-19T19:24:34	3097.75	-1820.67	1247.75	-36.04	-3.36	25.34
2023-06-19T19:24:36	3095.98	-1810.90	1247.03	-36.13	-3.02	25.21
2023-06-19T19:24:38	3094.19	-1801.13	1246.30	-36.24	-2.68	25.10
2023-06-19T19:24:40	3092.40	-1791.35	1245.58	-36.38	-2.33	24.99
2023-06-19T19:24:42	3090.61	-1781.57	1244.85	-36.55	-1.99	24.91
2023-06-19T19:24:44	3088.81	-1771.79	1244.12	-36.66	-1.82	24.96
2023-06-19T19:24:46	3087.01	-1762.00	1243.38	-36.62	-1.90	25.19
2023-06-19T19:24:48	3085.20	-1752.22	1242.65	-36.58	-1.98	25.40
2023-06-19T19:24:50	3083.39	-1742.42	1241.91	-36.53	-2.07	25.58
2023-06-19T19:24:52	3081.57	-1732.63	1241.17	-36.47	-2.15	25.75
2023-06-19T19:24:54	3079.74	-1722.83	1240.43	-36.41	-2.24	25.89
2023-06-19T19:24:56	3077.92	-1713.03	1239.69	-36.35	-2.09	26.01
2023-06-19T19:24:58	3076.08	-1703.23	1238.94	-36.28	-1.74	26.10
2023-06-19T19:25:00	3074.24	-1693.42	1238.20	-36.21	-1.37	26.17
2023-06-19T19:25:02	3072.40	-1683.61	1237.45	-36.12	-0.97	26.24
2023-06-19T19:25:04	3070.55	-1673.80	1236.69	-36.02	-0.55	26.30
2023-06-19T19:25:06	3068.69	-1663.98	1235.94	-35.91	-0.10	26.35
2023-06-19T19:25:08	3066.83	-1654.17	1235.18	-36.04	0.14	26.49
2023-06-19T19:25:10	3064.97	-1644.35	1234.43	-36.28	0.28	26.69
2023-06-19T19:25:12	3063.10	-1634.52	1233.66	-36.53	0.40	26.92
2023-06-19T19:25:14	3061.22	-1624.70	1232.90	-36.79	0.49	27.18
2023-06-19T19:25:16	3059.34	-1614.87	1232.14	-37.07	0.55	27.46
2023-06-19T19:25:18	3057.45	-1605.03	1231.37	-37.35	0.59	27.76
2023-06-19T19:25:20	3055.56	-1595.20	1230.60	-37.64	0.68	28.21
2023-06-19T19:25:22	3053.66	-1585.36	1229.83	-37.89	0.79	28.65
2023-06-19T19:25:24	3051.76	-1575.52	1229.05	-38.11	0.90	29.07
2023-06-19T19:25:26	3049.85	-1565.67	1228.28	-38.30	1.02	29.46
2023-06-19T19:25:28	3047.93	-1555.83	1227.50	-38.44	1.14	29.82
2023-06-19T19:25:30	3046.01	-1545.98	1226.72	-38.53	1.23	30.13
2023-06-19T19:25:32	3044.09	-1536.13	1225.94	-38.55	0.94	30.48
2023-06-19T19:25:34	3042.16	-1526.27	1225.15	-38.63	0.65	30.85
2023-06-19T19:25:36	3040.22	-1516.41	1224.37	-38.77	0.38	31.23
2023-06-19T19:25:38	3038.28	-1506.55	1223.58	-38.96	0.11	31.63
2023-06-19T19:25:40	3036.33	-1496.69	1222.78	-39.21	-0.16	32.05
2023-06-19T19:25:42	3034.38	-1486.82	1221.99	-39.58	-0.26	32.52
2023-06-19T19:25:44	3032.41	-1476.95	1221.20	-40.10	0.00	33.12
2023-06-19T19:25:46	3030.45	-1467.08	1220.40	-40.60	0.29	33.71
2023-06-19T19:25:48	3028.48	-1457.20	1219.59	-41.10	0.59	34.30
2023-06-19T19:25:50	3026.50	-1447.33	1218.79	-41.58	0.91	34.90
2023-06-19T19:25:52	3024.52	-1437.45	1217.99	-42.04	1.24	35.50
2023-06-19T19:25:54	3022.53	-1427.56	1217.18	-42.19	1.58	35.62
2023-06-19T19:25:56	3020.54	-1417.68	1216.37	-42.07	1.93	35.29
2023-06-19T19:25:58	3018.54	-1407.79	1215.55	-41.96	2.30	34.93
2023-06-19T19:26:00	3016.53	-1397.90	1214.74	-41.86	2.71	34.55
2023-06-19T19:26:02	3014.52	-1388.00	1213.92	-41.78	3.14	34.16
2023-06-19T19:26:04	3012.50	-1378.10	1213.10	-41.71	3.61	33.75
2023-06-19T19:26:06	3010.48	-1368.20	1212.28	-41.83	3.90	33.91
2023-06-19T19:26:08	3008.45	-1358.30	1211.45	-41.98	4.10	34.29
2023-06-19T19:26:10	3006.41	-1348.39	1210.63	-42.11	4.28	34.70
2023-06-19T19:26:12	3004.37	-1338.48	1209.80	-42.20	4.44	35.13
2023-06-19T19:26:14	3002.32	-1328.57	1208.96	-42.26	4.56	35.58
2023-06-19T19:26:16	3000.27	-1318.66	1208.13	-42.28	4.66	36.05
2023-06-19T19:26:18	2998.21	-1308.74	1207.29	-42.65	4.69	36.40
2023-06-19T19:26:20	2996.14	-1298.82	1206.45	-43.07	4.74	36.74
2023-06-19T19:26:22	2994.07	-1288.90	1205.61	-43.53	4.78	37.09
2023-06-19T19:26:24	2991.99	-1278.97	1204.76	-44.02	4.84	37.46
2023-06-19T19:26:26	2989.90	-1269.05	1203.92	-44.57	4.89	37.82
2023-06-19T19:26:28	2987.81	-1259.12	1203.07	-45.12	4.95	38.19
2023-06-19T19:26:30	2985.71	-1249.18	1202.21	-45.51	5.21	38.63
2023-06-19T19:26:32	2983.61	-1239.25	1201.36	-45.86	5.47	39.07
2023-06-19T19:26:34	2981.50	-1229.31	1200.50	-46.16	5.73	39.52
2023-06-19T19:26:36	2979.38	-1219.37	1199.64	-46.40	5.98	39.98
2023-06-19T19:26:38	2977.25	-1209.43	1198.78	-46.59	6.24	40.44
2023-06-19T19:26:40	2975.12	-1199.48	1197.91	-46.63	6.29	40.96
2023-06-19T19:26:42	2972.99	-1189.53	1197.04	-46.59	6.03	41.52
2023-06-19T19:26:44	2970.84	-1179.58	1196.17	-46.64	5.79	42.05
2023-06-19T19:26:46	2968.69	-1169.62	1195.30	-46.77	5.56	42.55
2023-06-19T19:26:48	2966.54	-1159.67	1194.42	-46.99	5.35	43.03
2023-06-19T19:26:50	2964.38	-1149.71	1193.54	-47.27	5.15	43.49
2023-06-19T19:26:52	2962.21	-1139.75	1192.66	-47.64	5.07	43.68
2023-06-19T19:26:54	2960.03	-1129.78	1191.78	-48.04	5.05	43.80
2023-06-19T19:26:56	2957.85	-1119.81	1190.89	-48.48	5.02	43.93
2023-06-19T19:26:58	2955.66	-1109.84	1190.00	-48.94	5.01	44.08
2023-06-19T19:27:00	2953.46	-1099.87	1189.11	-49.43	4.99	44.25
2023-06-19T19:27:02	2951.26	-1089.89	1188.21	-49.96	4.99	44.43
2023-06-19T19:27:04	2949.05	-1079.92	1187.31	-50.50	4.78	44.56
2023-06-19T19:27:06	2946.83	-1069.94	1186.42	-51.04	4.55	44.72
2023-06-19T19:27:08	2944.61	-1059.96	1185.51	-51.57	4.31	44.91
2023-06-19T19:27:10	2942.38	-1049.97	1184.61	-52.11	4.07	45.14
2023-06-19T19:27:12	2940.14	-1039.98	1183.70	-52.64	3.82	45.41
2023-06-19T19:27:14	2937.90	-1029.99	1182.79	-53.18	3.59	45.75
2023-06-19T19:27:16	2935.65	-1020.00	1181.87	-53.77	3.48	46.22
2023-06-19T19:27:18	2933.39	-1010.00	1180.95	-54.31	3.37	46.66
2023-06-19T19:27:20	2931.12	-1000.01	1180.03	-54.69	3.34	47.19
2023-06-19T19:27:22	2928.85	-990.01	1179.11	-55.03	3.31	47.74
2023-06-19T19:27:24	2926.57	-980.00	1178.18	-55.35	3.26	48.29
2023-06-19T19:27:26	2924.28	-970.00	1177.25	-55.44	3.18	48.70
2023-06-19T19:27:28	2921.99	-959.99	1176.32	-55.38	3.11	48.95
2023-06-19T19:27:30	2919.69	-949.98	1175.39	-55.38	3.08	49.19
2023-06-19T19:27:32	2917.38	-939.97	1174.45	-55.46	3.08	49.43
2023-06-19T19:27:34	2915.07	-929.96	1173.51	-55.61	3.12	49.66
2023-06-19T19:27:36	2912.75	-919.94	1172.56	-55.83	3.19	49.89
2023-06-19T19:27:38	2910.41	-909.92	1171.62	-56.09	3.75	50.74
2023-06-19T19:27:40	2908.08	-899.90	1170.67	-56.33	4.38	51.73
2023-06-19T19:27:42	2905.73	-889.88	1169.72	-56.54	4.95	52.72
2023-06-19T19:27:44	2903.38	-879.85	1168.76	-56.72	5.47	53.71
2023-06-19T19:27:46	2901.02	-869.83	1167.80	-56.85	5.93	54.69
2023-06-19T19:27:48	2898.66	-859.79	1166.84	-56.98	6.31	55.62
2023-06-19T19:27:50	2896.28	-849.76	1165.88	-57.37	6.22	56.12
2023-06-19T19:27:52	2893.90	-839.73	1164.91	-57.73	6.18	56.65
2023-06-19T19:27:54	2891.51	-829.69	1163.94	-58.07	6.17	57.21
2023-06-19T19:27:56	2889.12	-819.65	1162.97	-58.38	6.20	57.79
2023-06-19T19:27:58	2886.71	-809.61	1161.99	-58.67	6.27	58.38
2023-06-19T19:28:00	2884.30	-799.57	1161.01	-58.94	6.48	58.74
2023-06-19T19:28:02	2881.88	-789.52	1160.03	-59.25	6.89	58.76
2023-06-19T19:28:04	2879.45	-779.47	1159.04	-59.61	7.32	58.78
2023-06-19T19:28:06	2877.02	-769.42	1158.05	-60.00	7.79	58.80
2023-06-19T19:28:08	2874.58	-759.37	1157.06	-60.52	8.17	58.85
2023-06-19T19:28:10	2872.13	-749.32	1156.06	-61.20	8.48	58.99
2023-06-19T19:28:12	2869.67	-739.26	1155.06	-61.63	8.41	59.72
2023-06-19T19:28:14	2867.20	-729.20	1154.06	-61.93	8.17	60.65
2023-06-19T19:28:16	2864.73	-719.14	1153.06	-62.20	7.90	61.54
2023-06-19T19:28:18	2862.25	-709.08	1152.05	-62.46	7.62	62.39
2023-06-19T19:28:20	2859.76	-699.02	1151.04	-62.69	7.32	63.20
2023-06-19T19:28:22	2857.26	-688.95	1150.03	-62.88	7.02	63.97
2023-06-19T19:28:24	2854.75	-678.88	1149.01	-63.21	6.75	64.05
2023-06-19T19:28:26	2852.24	-668.81	1147.99	-63.50	6.55	64.16
2023-06-19T19:28:28	2849.72	-658.74	1146.96	-63.73	6.42	64.28
2023-06-19T19:28:30	2847.19	-648.67	1145.94	-63.92	6.34	64.43
2023-06-19T19:28:32	2844.65	-638.59	1144.90	-64.05	6.32	64.59
2023-06-19T19:28:34	2842.11	-628.51	1143.87	-64.08	6.45	65.04
2023-06-19T19:28:36	2839.55	-618.44	1142.83	-64.07	6.78	66.03
2023-06-19T19:28:38	2836.99	-608.36	1141.79	-64.10	7.11	67.06
2023-06-19T19:28:40	2834.42	-598.27	1140.75	-64.19	7.44	68.12
2023-06-19T19:28:42	2831.84	-588.19	1139.70	-64.36	7.72	69.15
2023-06-19T19:28:44	2829.26	-578.10	1138.65	-64.55	8.03	70.15
2023-06-19T19:28:46	2826.66	-568.01	1137.60	-65.17	7.91	71.01
2023-06-19T19:28:48	2824.06	-557.92	1136.54	-65.96	7.50	71.78
2023-06-19T19:28:50	2821.45	-547.83	1135.48	-66.69	7.02	72.51
2023-06-19T19:28:52	2818.83	-537.74	1134.42	-67.37	6.45	73.20
2023-06-19T19:28:54	2816.20	-527.65	1133.35	-68.11	5.87	73.72
2023-06-19T19:28:56	2813.56	-517.55	1132.28	-68.80	5.35	74.25
2023-06-19T19:28:58	2810.92	-507.45	1131.20	-69.04	5.48	74.73
2023-06-19T19:29:00	2808.26	-497.35	1130.13	-69.32	5.62	75.28
2023-06-19T19:29:02	2805.60	-487.25	1129.04	-69.66	5.77	75.92
2023-06-19T19:29:04	2802.93	-477.15	1127.96	-70.03	5.93	76.63
2023-06-19T19:29:06	2800.25	-467.05	1126.87	-70.43	6.09	77.40
2023-06-19T19:29:08	2797.56	-456.94	1125.78	-70.94	6.08	77.93
2023-06-19T19:29:10	2794.87	-446.83	1124.68	-71.64	5.79	77.97
2023-06-19T19:29:12	2792.16	-436.72	1123.59	-72.42	5.56	78.08
2023-06-19T19:29:14	2789.45	-426.61	1122.48	-73.29	5.38	78.26
2023-06-19T19:29:16	2786.72	-416.50	1121.38	-74.24	5.25	78.50
2023-06-19T19:29:18	2783.99	-406.39	1120.27	-75.27	5.17	78.80
2023-06-19T19:29:20	2781.25	-396.28	1119.16	-75.99	5.27	79.36
2023-06-19T19:29:22	2778.50	-386.16	1118.04	-76.52	5.41	79.99
2023-06-19T19:29:24	2775.74	-376.05	1116.92	-77.02	5.52	80.60
2023-06-19T19:29:26	2772.98	-365.93	1115.80	-77.49	5.59	81.19
2023-06-19T19:29:28	2770.20	-355.81	1114.67	-77.94	5.66	81.77
2023-06-19T19:29:30	2767.42	-345.69	1113.54	-78.39	5.71	82.36
2023-06-19T19:29:32	2764.62	-335.57	1112.41	-78.87	5.89	83.57
2023-06-19T19:29:34	2761.82	-325.45	1111.27	-79.31	6.09	84.80
2023-06-19T19:29:36	2759.01	-315.33	1110.13	-79.65	6.16	86.08
2023-06-19T19:29:38	2756.19	-305.20	1108.98	-79.85	6.18	87.28
2023-06-19T19:29:40	2753.36	-295.08	1107.83	-79.92	6.15	88.38
2023-06-19T19:29:42	2750.52	-284.95	1106.68	-79.63	6.03	89.08
2023-06-19T19:29:44	2747.67	-274.82	1105.52	-78.99	5.83	89.29
2023-06-19T19:29:46	2744.81	-264.70	1104.36	-78.43	5.65	89.53
2023-06-19T19:29:48	2741.95	-254.57	1103.20	-77.98	5.47	89.81
2023-06-19T19:29:50	2739.07	-244.44	1102.03	-77.63	5.33	90.12
2023-06-19T19:29:52	2736.19	-234.31	1100.86	-77.41	5.20	90.48
2023-06-19T19:29:54	2733.29	-224.17	1099.69	-77.92	5.00	91.24
2023-06-19T19:29:56	2730.39	-214.04	1098.51	-78.63	4.74	92.08
2023-06-19T19:29:58	2727.48	-203.91	1097.32	-79.28	4.42	92.88
2023-06-19T19:30:00	2724.56	-193.78	1096.14	-79.88	4.04	93.61
2023-06-19T19:30:02	2721.62	-183.64	1094.95	-80.42	3.58	94.28
2023-06-19T19:30:04	2718.68	-173.51	1093.75	-80.87	3.04	94.78
2023-06-19T19:30:06	2715.73	-163.37	1092.56	-80.96	2.36	94.18
2023-06-19T19:30:08	2712.77	-153.24	1091.36	-80.99	1.72	93.51
2023-06-19T19:30:10	2709.81	-143.10	1090.15	-80.96	1.11	92.78
2023-06-19T19:30:12	2706.83	-132.96	1088.94	-80.89	0.53	91.98
2023-06-19T19:30:14	2703.84	-122.82	1087.73	-80.84	0.03	91.26
2023-06-19T19:30:16	2700.84	-112.69	1086.51	-80.63	0.21	91.43
2023-06-19T19:30:18	2697.83	-102.55	1085.29	-79.86	0.87	91.90
2023-06-19T19:30:20	2694.82	-92.41	1084.07	-79.07	1.44	92.35
2023-06-19T19:30:22	2691.79	-82.27	1082.84	-78.27	1.85	92.81
2023-06-19T19:30:24	2688.75	-72.13	1081.61	-77.48	2.10	93.28
2023-06-19T19:30:26	2685.71	-61.99	1080.37	-76.70	2.22	93.74
2023-06-19T19:30:28	2682.65	-51.85	1079.13	-76.99	1.88	94.62
2023-06-19T19:30:30	2679.59	-41.71	1077.88	-77.46	1.44	95.56
2023-06-19T19:30:32	2676.51	-31.57	1076.64	-77.87	0.98	96.45
2023-06-19T19:30:34	2673.43	-21.43	1075.39	-78.23	0.50	97.30
2023-06-19T19:30:36	2670.33	-11.29	1074.13	-78.55	0.01	98.12
2023-06-19T19:30:38	2667.23	-1.15	1072.87	-78.93	-0.62	98.98
2023-06-19T19:30:40	2664.11	8.99	1071.60	-79.64	-1.80	100.12
2023-06-19T19:30:42	2660.99	19.13	1070.34	-80.33	-2.92	101.15
2023-06-19T19:30:44	2657.86	29.28	1069.07	-80.98	-3.99	102.06
2023-06-19T19:30:46	2654.71	39.42	1067.79	-81.61	-4.99	102.85
2023-06-19T19:30:48	2651.56	49.55	1066.51	-82.20	-5.93	103.51
2023-06-19T19:30:50	2648.39	59.70	1065.23	-82.79	-6.48	104.40
2023-06-19T19:30:52	2645.22	69.84	1063.94	-83.63	-6.87	105.83
2023-06-19T19:30:54	2642.04	79.98	1062.65	-84.52	-7.38	107.38
2023-06-19T19:30:56	2638.84	90.11	1061.35	-85.37	-7.93	108.92
2023-06-19T19:30:58	2635.64	100.25	1060.05	-86.16	-8.52	110.45
2023-06-19T19:31:00	2632.42	110.39	1058.75	-86.89	-9.15	111.97
2023-06-19T19:31:02	2629.20	120.53	1057.44	-87.14	-10.34	113.19
2023-06-19T19:31:04	2625.97	130.67	1056.12	-87.39	-11.50	114.38
2023-06-19T19:31:06	2622.72	140.81	1054.81	-87.69	-12.59	115.57
2023-06-19T19:31:08	2619.47	150.94	1053.49	-88.05	-13.58	116.78
2023-06-19T19:31:10	2616.20	161.08	1052.16	-88.46	-14.50	118.03
2023-06-19T19:31:12	2612.93	171.21	1050.83	-88.78	-15.23	119.08
2023-06-19T19:31:14	2609.64	181.35	1049.50	-88.66	-15.63	119.51
2023-06-19T19:31:16	2606.35	191.48	1048.17	-88.47	-16.05	119.95
2023-06-19T19:31:18	2603.04	201.62	1046.82	-88.22	-16.51	120.39
2023-06-19T19:31:20	2599.73	211.75	1045.48	-87.89	-16.98	120.81
2023-06-19T19:31:22	2596.40	221.88	1044.13	-87.48	-17.49	121.20
2023-06-19T19:31:24	2593.06	232.01	1042.78	-86.81	-18.24	121.40
2023-06-19T19:31:26	2589.72	242.15	1041.42	-86.00	-19.18	121.46
2023-06-19T19:31:28	2586.36	252.27	1040.05	-85.55	-19.91	121.49
2023-06-19T19:31:30	2582.99	262.40	1038.69	-85.15	-20.66	121.53
2023-06-19T19:31:32	2579.62	272.53	1037.32	-84.80	-21.42	121.59
2023-06-19T19:31:34	2576.23	282.66	1035.94	-84.49	-22.22	121.68
2023-06-19T19:31:36	2572.83	292.78	1034.56	-86.50	-22.90	122.98
2023-06-19T19:31:38	2569.42	302.90	1033.18	-88.49	-23.64	124.29
2023-06-19T19:31:40	2566.00	313.03	1031.80	-90.34	-24.42	125.55
2023-06-19T19:31:42	2562.57	323.15	1030.40	-92.07	-25.24	126.76
2023-06-19T19:31:44	2559.13	333.27	1029.01	-93.65	-26.09	127.90
2023-06-19T19:31:46	2555.68	343.39	1027.61	-94.76	-26.65	129.14
2023-06-19T19:31:48	2552.22	353.51	1026.21	-95.20	-26.58	130.72
2023-06-19T19:31:50	2548.75	363.62	1024.80	-95.68	-26.58	132.21
2023-06-19T19:31:52	2545.27	373.73	1023.38	-96.29	-26.71	133.70
2023-06-19T19:31:54	2541.77	383.85	1021.97	-97.01	-26.97	135.20
2023-06-19T19:31:56	2538.27	393.96	1020.55	-97.85	-27.35	136.71
2023-06-19T19:31:58	2534.75	404.07	1019.12	-98.18	-28.12	137.71
2023-06-19T19:32:00	2531.23	414.18	1017.69	-98.07	-28.83	138.50
2023-06-19T19:32:02	2527.70	424.28	1016.26	-97.83	-29.32	139.21
2023-06-19T19:32:04	2524.15	434.39	1014.82	-97.63	-29.82	139.90
2023-06-19T19:32:06	2520.60	444.49	1013.38	-97.46	-30.32	140.57
2023-06-19T19:32:08	2517.03	454.59	1011.93	-97.33	-30.82	141.21
2023-06-19T19:32:10	2513.45	464.69	1010.48	-96.83	-31.15	141.02
2023-06-19T19:32:12	2509.86	474.79	1009.02	-96.42	-31.50	141.01
2023-06-19T19:32:14	2506.27	484.88	1007.56	-96.10	-31.88	141.19
2023-06-19T19:32:16	2502.66	494.98	1006.10	-95.87	-32.29	141.54
2023-06-19T19:32:18	2499.04	505.07	1004.63	-95.73	-32.72	142.05
2023-06-19T19:32:20	2495.41	515.15	1003.16	-96.00	-33.11	142.89
2023-06-19T19:32:22	2491.76	525.24	1001.68	-96.84	-33.34	144.04
2023-06-19T19:32:24	2488.11	535.33	1000.20	-97.59	-33.57	145.10
2023-06-19T19:32:26	2484.45	545.41	998.72	-98.22	-33.81	146.07
2023-06-19T19:32:28	2480.78	555.49	997.23	-98.73	-34.04	146.91
2023-06-19T19:32:30	2477.09	565.57	995.73	-99.11	-34.27	147.63
2023-06-19T19:32:32	2473.40	575.64	994.24	-99.07	-34.51	147.96
2023-06-19T19:32:34	2469.69	585.71	992.73	-98.91	-34.77	148.23
2023-06-19T19:32:36	2465.98	595.78	991.23	-98.83	-35.07	148.58
2023-06-19T19:32:38	2462.25	605.85	989.72	-98.82	-35.39	149.03
2023-06-19T19:32:40	2458.51	615.91	988.20	-98.88	-35.75	149.55
2023-06-19T19:32:42	2454.76	625.97	986.68	-98.99	-36.12	150.13
2023-06-19T19:32:44	2451.01	636.03	985.15	-98.89	-35.90	150.62
2023-06-19T19:32:46	2447.24	646.09	983.63	-98.83	-35.65	151.10
2023-06-19T19:32:48	2443.46	656.14	982.10	-98.81	-35.40	151.59
2023-06-19T19:32:50	2439.67	666.19	980.56	-98.83	-35.15	152.08
2023-06-19T19:32:52	2435.86	676.24	979.02	-98.89	-34.91	152.57
2023-06-19T19:32:54	2432.05	686.29	977.47	-98.97	-34.78	153.10
2023-06-19T19:32:56	2428.23	696.33	975.92	-99.03	-34.93	153.75
2023-06-19T19:32:58	2424.40	706.37	974.37	-99.10	-35.09	154.44
2023-06-19T19:33:00	2420.55	716.40	972.81	-99.15	-35.27	155.17
2023-06-19T19:33:02	2416.70	726.43	971.24	-99.13	-35.54	155.86
2023-06-19T19:33:04	2412.83	736.47	969.68	-98.99	-35.91	156.47
2023-06-19T19:33:06	2408.95	746.49	968.10	-98.59	-36.33	157.03
2023-06-19T19:33:08	2405.06	756.51	966.53	-98.12	-36.76	157.53
2023-06-19T19:33:10	2401.16	766.53	964.95	-97.73	-37.16	157.98
2023-06-19T19:33:12	2397.26	776.55	963.36	-97.42	-37.54	158.39
2023-06-19T19:33:14	2393.34	786.56	961.77	-97.16	-37.90	158.75
2023-06-19T19:33:16	2389.41	796.57	960.18	-96.96	-38.25	159.09
2023-06-19T19:33:18	2385.47	806.57	958.58	-96.78	-38.49	159.25
2023-06-19T19:33:20	2381.51	816.58	956.98	-96.62	-38.69	159.50
2023-06-19T19:33:22	2377.55	826.57	955.37	-96.48	-38.87	159.84
2023-06-19T19:33:24	2373.58	836.57	953.76	-96.37	-39.03	160.27
2023-06-19T19:33:26	2369.59	846.56	952.15	-96.29	-39.15	160.78
2023-06-19T19:33:28	2365.60	856.54	950.53	-96.17	-39.30	161.33
2023-06-19T19:33:30	2361.60	866.53	948.90	-95.71	-39.82	161.69
2023-06-19T19:33:32	2357.58	876.51	947.28	-95.10	-40.37	161.92
2023-06-19T19:33:34	2353.55	886.48	945.64	-94.55	-40.88	162.17
2023-06-19T19:33:36	2349.52	896.45	944.01	-94.07	-41.35	162.45
2023-06-19T19:33:38	2345.47	906.42	942.37	-93.65	-41.77	162.76
2023-06-19T19:33:40	2341.41	916.38	940.72	-93.33	-42.09	163.15
2023-06-19T19:33:42	2337.34	926.34	939.07	-93.06	-42.36	163.64
2023-06-19T19:33:44	2333.26	936.29	937.42	-92.76	-42.62	164.14
2023-06-19T19:33:46	2329.17	946.24	935.76	-92.46	-42.90	164.65
2023-06-19T19:33:48	2325.07	956.19	934.10	-92.14	-43.19	165.15
2023-06-19T19:33:50	2320.96	966.13	932.43	-91.81	-43.48	165.67
2023-06-19T19:33:52	2316.84	976.07	930.76	-91.40	-43.59	166.04
2023-06-19T19:33:54	2312.70	986.00	929.09	-90.93	-43.60	166.32
2023-06-19T19:33:56	2308.56	995.93	927.40	-90.45	-43.61	166.57
2023-06-19T19:33:58	2304.41	1005.85	925.72	-89.94	-43.61	166.80
2023-06-19T19:34:00	2300.24	1015.77	924.04	-89.38	-43.73	166.94
2023-06-19T19:34:02	2296.07	1025.69	922.34	-88.86	-43.89	167.07
2023-06-19T19:34:04	2291.88	1035.60	920.65	-88.38	-44.24	167.17
2023-06-19T19:34:06	2287.69	1045.50	918.95	-87.89	-44.55	167.28
2023-06-19T19:34:08	2283.48	1055.40	917.24	-87.38	-44.80	167.40
2023-06-19T19:34:10	2279.26	1065.30	915.53	-86.86	-44.99	167.53
2023-06-19T19:34:12	2275.04	1075.19	913.82	-86.32	-45.12	167.67
2023-06-19T19:34:14	2270.80	1085.07	912.10	-85.76	-45.18	167.80
2023-06-19T19:34:16	2266.55	1094.95	910.38	-85.14	-45.28	167.94
2023-06-19T19:34:18	2262.29	1104.83	908.66	-84.55	-45.42	168.16
2023-06-19T19:34:20	2258.02	1114.70	906.93	-83.98	-45.61	168.43
2023-06-19T19:34:22	2253.75	1124.56	905.19	-83.43	-45.84	168.77
2023-06-19T19:34:24	2249.46	1134.42	903.45	-82.90	-46.10	169.16
2023-06-19T19:34:26	2245.16	1144.28	901.71	-82.34	-46.24	169.42
2023-06-19T19:34:28	2240.85	1154.13	899.96	-81.71	-46.13	169.42
2023-06-19T19:34:30	2236.53	1163.98	898.21	-81.09	-46.04	169.41
2023-06-19T19:34:32	2232.20	1173.81	896.46	-80.47	-45.97	169.40
2023-06-19T19:34:34	2227.86	1183.65	894.70	-79.87	-45.93	169.40
2023-06-19T19:34:36	2223.51	1193.47	892.94	-79.28	-45.91	169.40
2023-06-19T19:34:38	2219.15	1203.30	891.17	-78.84	-46.06	169.50
2023-06-19T19:34:40	2214.78	1213.12	889.40	-78.51	-46.32	169.64
2023-06-19T19:34:42	2210.40	1222.93	887.62	-78.13	-46.57	169.76
2023-06-19T19:34:44	2206.00	1232.73	885.84	-77.72	-46.79	169.86
2023-06-19T19:34:46	2201.60	1242.54	884.06	-77.28	-47.00	169.93
2023-06-19T19:34:48	2197.19	1252.33	882.27	-76.81	-47.18	169.99
2023-06-19T19:34:50	2192.77	1262.12	880.48	-76.16	-47.20	169.96
2023-06-19T19:34:52	2188.34	1271.90	878.69	-75.45	-47.15	169.90
2023-06-19T19:34:54	2183.90	1281.68	876.89	-74.74	-47.10	169.90
2023-06-19T19:34:56	2179.45	1291.45	875.08	-74.06	-47.07	169.95
2023-06-19T19:34:58	2174.99	1301.22	873.28	-73.42	-47.04	170.03
2023-06-19T19:35:00	2170.51	1310.98	871.46	-72.82	-47.02	170.15
2023-06-19T19:35:02	2166.03	1320.73	869.65	-72.28	-47.06	170.25
2023-06-19T19:35:04	2161.54	1330.48	867.83	-71.71	-47.09	170.31
2023-06-19T19:35:06	2157.04	1340.22	866.00	-71.11	-47.11	170.33
2023-06-19T19:35:08	2152.53	1349.96	864.18	-70.48	-47.11	170.32
2023-06-19T19:35:10	2148.01	1359.69	862.34	-69.82	-47.10	170.28
2023-06-19T19:35:12	2143.48	1369.41	860.51	-69.15	-47.09	170.22
2023-06-19T19:35:14	2138.94	1379.13	858.67	-68.60	-47.02	170.20
2023-06-19T19:35:16	2134.39	1388.84	856.83	-68.07	-46.95	170.15
2023-06-19T19:35:18	2129.83	1398.54	854.98	-67.59	-46.91	170.12
2023-06-19T19:35:20	2125.27	1408.24	853.13	-67.09	-46.88	170.07
2023-06-19T19:35:22	2120.69	1417.94	851.28	-66.55	-46.82	170.00
2023-06-19T19:35:24	2116.10	1427.62	849.42	-65.98	-46.77	169.94
2023-06-19T19:35:26	2111.50	1437.30	847.56	-65.37	-46.87	170.11
2023-06-19T19:35:28	2106.90	1446.97	845.69	-64.74	-46.97	170.22
2023-06-19T19:35:30	2102.28	1456.64	843.82	-64.07	-47.04	170.27
2023-06-19T19:35:32	2097.66	1466.30	841.94	-63.38	-47.09	170.25
2023-06-19T19:35:34	2093.02	1475.95	840.07	-62.66	-47.12	170.17
2023-06-19T19:35:36	2088.37	1485.60	838.18	-61.93	-47.07	170.00
2023-06-19T19:35:38	2083.72	1495.24	836.30	-61.32	-46.78	169.71
2023-06-19T19:35:40	2079.06	1504.87	834.41	-60.74	-46.49	169.45
2023-06-19T19:35:42	2074.39	1514.50	832.52	-60.18	-46.21	169.25
2023-06-19T19:35:44	2069.70	1524.12	830.62	-59.65	-45.95	169.10
2023-06-19T19:35:46	2065.01	1533.73	828.72	-59.10	-45.70	168.95
2023-06-19T19:35:48	2060.31	1543.34	826.82	-58.52	-45.50	168.82
2023-06-19T19:35:50	2055.60	1552.94	824.91	-57.83	-45.46	168.73
2023-06-19T19:35:52	2050.89	1562.53	823.00	-57.13	-45.42	168.62
2023-06-19T19:35:54	2046.16	1572.11	821.08	-56.43	-45.38	168.50
2023-06-19T19:35:56	2041.42	1581.69	819.16	-55.70	-45.35	168.37
2023-06-19T19:35:58	2036.68	1591.26	817.24	-54.97	-45.31	168.22
2023-06-19T19:36:00	2031.92	1600.83	815.32	-54.26	-45.20	168.01
2023-06-19T19:36:02	2027.16	1610.39	813.39	-53.72	-44.89	167.63
2023-06-19T19:36:04	2022.39	1619.94	811.46	-53.21	-44.56	167.21
2023-06-19T19:36:06	2017.61	1629.48	809.52	-52.73	-44.24	166.77
2023-06-19T19:36:08	2012.82	1639.02	807.58	-52.21	-43.93	166.39
2023-06-19T19:36:10	2008.02	1648.54	805.63	-51.67	-43.64	166.01
2023-06-19T19:36:12	2003.21	1658.07	803.69	-51.11	-43.43	165.77
2023-06-19T19:36:14	1998.39	1667.58	801.74	-50.54	-43.38	165.83
2023-06-19T19:36:16	1993.57	1677.09	799.78	-49.97	-43.26	165.83
2023-06-19T19:36:18	1988.74	1686.59	797.82	-49.37	-43.08	165.75
2023-06-19T19:36:20	1983.89	1696.08	795.86	-48.73	-42.78	165.56
2023-06-19T19:36:22	1979.04	1705.57	793.90	-48.07	-42.42	165.27
2023-06-19T19:36:24	1974.18	1715.04	791.93	-47.36	-42.03	164.90
2023-06-19T19:36:26	1969.32	1724.51	789.96	-46.57	-41.73	164.50
2023-06-19T19:36:28	1964.44	1733.98	787.98	-45.84	-41.44	164.17
2023-06-19T19:36:30	1959.56	1743.43	786.01	-45.18	-41.20	163.92
2023-06-19T19:36:32	1954.66	1752.88	784.02	-44.55	-41.03	163.68
2023-06-19T19:36:34	1949.76	1762.32	782.04	-43.92	-40.83	163.42
2023-06-19T19:36:36	1944.85	1771.75	780.05	-43.30	-40.60	163.12
2023-06-19T19:36:38	1939.93	1781.18	778.06	-42.76	-40.38	162.83
2023-06-19T19:36:40	1935.01	1790.60	776.06	-42.26	-40.21	162.56
2023-06-19T19:36:42	1930.07	1800.01	774.07	-41.80	-40.06	162.32
2023-06-19T19:36:44	1925.13	1809.41	772.06	-41.38	-39.94	162.11
2023-06-19T19:36:46	1920.18	1818.81	770.06	-40.98	-39.82	161.94
2023-06-19T19:36:48	1915.22	1828.20	768.05	-40.60	-39.68	161.81
2023-06-19T19:36:50	1910.26	1837.58	766.04	-40.23	-39.33	161.67
2023-06-19T19:36:52	1905.28	1846.95	764.02	-39.83	-38.94	161.51
2023-06-19T19:36:54	1900.30	1856.31	762.01	-39.32	-38.51	161.28
2023-06-19T19:36:56	1895.31	1865.67	759.99	-38.76	-38.10	161.01
2023-06-19T19:36:58	1890.31	1875.02	757.96	-38.16	-37.72	160.73
2023-06-19T19:37:00	1885.31	1884.36	755.94	-37.54	-37.36	160.43
2023-06-19T19:37:02	1880.29	1893.69	753.90	-36.75	-37.06	160.09
2023-06-19T19:37:04	1875.27	1903.02	751.87	-35.97	-36.75	159.76
2023-06-19T19:37:06	1870.24	1912.34	749.83	-35.21	-36.46	159.46
2023-06-19T19:37:08	1865.21	1921.65	747.80	-34.44	-36.17	159.19
2023-06-19T19:37:10	1860.16	1930.95	745.75	-33.68	-35.90	158.96
2023-06-19T19:37:12	1855.11	1940.24	743.71	-32.91	-35.65	158.79
2023-06-19T19:37:14	1850.05	1949.53	741.66	-32.35	-35.40	158.41
2023-06-19T19:37:16	1844.98	1958.81	739.61	-31.88	-35.13	157.90
2023-06-19T19:37:18	1839.91	1968.08	737.55	-31.51	-34.81	157.30
2023-06-19T19:37:20	1834.83	1977.34	735.49	-31.13	-34.53	156.75
2023-06-19T19:37:22	1829.74	1986.60	733.43	-30.74	-34.28	156.24
2023-06-19T19:37:24	1824.64	1995.84	731.37	-30.34	-34.05	155.78
2023-06-19T19:37:26	1819.54	2005.08	729.30	-29.93	-33.61	155.30
2023-06-19T19:37:28	1814.43	2014.32	727.23	-29.51	-33.08	154.82
2023-06-19T19:37:30	1809.31	2023.54	725.16	-29.08	-32.57	154.36
2023-06-19T19:37:32	1804.19	2032.75	723.09	-28.64	-32.08	153.92
2023-06-19T19:37:34	1799.05	2041.96	721.01	-28.19	-31.59	153.49
2023-06-19T19:37:36	1793.91	2051.16	718.93	-27.73	-31.11	153.09
2023-06-19T19:37:38	1788.77	2060.35	716.84	-27.21	-30.69	152.70
2023-06-19T19:37:40	1783.62	2069.53	714.76	-26.51	-30.35	152.20
2023-06-19T19:37:42	1778.46	2078.71	712.67	-25.83	-29.98	151.67
2023-06-19T19:37:44	1773.29	2087.87	710.57	-25.16	-29.60	151.14
2023-06-19T19:37:46	1768.11	2097.03	708.48	-24.51	-29.19	150.60
2023-06-19T19:37:48	1762.93	2106.18	706.38	-23.87	-28.77	150.06
2023-06-19T19:37:50	1757.74	2115.32	704.28	-23.32	-28.38	149.60
2023-06-19T19:37:52	1752.55	2124.46	702.18	-22.99	-28.16	149.41
2023-06-19T19:37:54	1747.35	2133.58	700.07	-22.71	-27.94	149.24
2023-06-19T19:37:56	1742.14	2142.70	697.96	-22.45	-27.72	149.06
2023-06-19T19:37:58	1736.93	2151.81	695.85	-22.23	-27.50	148.87
2023-06-19T19:38:00	1731.71	2160.91	693.74	-22.02	-27.27	148.67
2023-06-19T19:38:02	1726.48	2170.01	691.62	-21.70	-27.11	148.35
2023-06-19T19:38:04	1721.25	2179.09	689.50	-21.10	-26.73	147.94
2023-06-19T19:38:06	1716.01	2188.17	687.38	-20.54	-26.39	147.58
2023-06-19T19:38:08	1710.76	2197.24	685.26	-20.02	-26.08	147.26
2023-06-19T19:38:10	1705.51	2206.30	683.13	-19.55	-25.81	147.01
2023-06-19T19:38:12	1700.25	2215.35	681.00	-19.19	-25.60	146.73
2023-06-19T19:38:14	1694.98	2224.39	678.87	-18.87	-25.42	146.49
2023-06-19T19:38:16	1689.71	2233.43	676.73	-18.57	-25.23	145.93
2023-06-19T19:38:18	1684.43	2242.46	674.60	-18.25	-24.93	145.23
2023-06-19T19:38:20	1679.15	2251.48	672.46	-17.94	-24.51	144.53
2023-06-19T19:38:22	1673.86	2260.49	670.31	-17.64	-23.98	143.82
2023-06-19T19:38:24	1668.56	2269.49	668.17	-17.31	-23.42	143.01
2023-06-19T19:38:26	1663.26	2278.49	666.02	-16.95	-22.84	142.23
2023-06-19T19:38:28	1657.95	2287.47	663.88	-16.50	-22.48	141.55
2023-06-19T19:38:30	1652.64	2296.45	661.72	-15.91	-22.55	141.09
2023-06-19T19:38:32	1647.32	2305.42	659.57	-15.36	-22.58	140.62
2023-06-19T19:38:34	1641.99	2314.38	657.41	-14.84	-22.56	140.16
2023-06-19T19:38:36	1636.66	2323.34	655.25	-14.34	-22.49	139.71
2023-06-19T19:38:38	1631.32	2332.28	653.09	-13.87	-22.35	139.28
2023-06-19T19:38:40	1625.98	2341.22	650.93	-13.42	-22.13	138.90
2023-06-19T19:38:42	1620.63	2350.15	648.76	-13.03	-21.59	138.21
2023-06-19T19:38:44	1615.27	2359.07	646.60	-12.66	-21.15	137.52
2023-06-19T19:38:46	1609.91	2367.99	644.43	-12.34	-20.86	136.87
2023-06-19T19:38:48	1604.55	2376.89	642.25	-12.08	-20.64	136.24
2023-06-19T19:38:50	1599.18	2385.79	640.08	-11.87	-20.49	135.63
2023-06-19T19:38:52	1593.80	2394.67	637.90	-11.72	-20.39	135.05
2023-06-19T19:38:54	1588.42	2403.55	635.72	-11.60	-20.17	134.69
2023-06-19T19:38:56	1583.03	2412.43	633.54	-11.43	-19.78	134.54
2023-06-19T19:38:58	1577.64	2421.29	631.36	-11.21	-19.37	134.43
2023-06-19T19:39:00	1572.24	2430.14	629.17	-10.92	-18.94	134.36
2023-06-19T19:39:02	1566.83	2438.99	626.99	-10.57	-18.51	134.36
2023-06-19T19:39:04	1561.42	2447.83	624.80	-10.16	-18.06	134.34
2023-06-19T19:39:06	1556.01	2456.66	622.61	-9.62	-17.50	134.02
2023-06-19T19:39:08	1550.59	2465.48	620.41	-9.13	-17.25	133.44
2023-06-19T19:39:10	1545.17	2474.30	618.22	-8.73	-17.03	132.91
2023-06-19T19:39:12	1539.74	2483.10	616.02	-8.44	-16.82	132.44
2023-06-19T19:39:14	1534.30	2491.90	613.82	-8.24	-16.64	132.04
2023-06-19T19:39:16	1528.86	2500.69	611.62	-8.13	-16.48	131.70
2023-06-19T19:39:18	1523.42	2509.47	609.41	-8.12	-16.35	131.42
2023-06-19T19:39:20	1517.97	2518.24	607.21	-8.19	-16.02	131.00
2023-06-19T19:39:22	1512.51	2527.01	605.00	-8.25	-15.46	130.38
2023-06-19T19:39:24	1507.06	2535.77	602.78	-8.27	-14.85	129.71
2023-06-19T19:39:26	1501.59	2544.51	600.57	-8.19	-14.21	128.96
2023-06-19T19:39:28	1496.12	2553.26	598.36	-7.94	-13.63	128.14
2023-06-19T19:39:30	1490.65	2561.99	596.15	-7.65	-13.09	127.39
2023-06-19T19:39:32	1485.17	2570.71	593.93	-7.31	-12.61	126.72
2023-06-19T19:39:34	1479.69	2579.43	591.71	-6.95	-12.61	126.22
2023-06-19T19:39:36	1474.20	2588.13	589.49	-6.57	-12.62	125.73
2023-06-19T19:39:38	1468.71	2596.84	587.26	-6.19	-12.63	125.26
2023-06-19T19:39:40	1463.21	2605.53	585.04	-5.81	-12.65	124.79
2023-06-19T19:39:42	1457.71	2614.21	582.81	-5.42	-12.67	124.32
2023-06-19T19:39:44	1452.20	2622.89	580.58	-5.05	-12.70	123.84
2023-06-19T19:39:46	1446.69	2631.55	578.35	-4.83	-12.58	123.54
2023-06-19T19:39:48	1441.18	2640.21	576.12	-4.95	-12.14	123.28
2023-06-19T19:39:50	1435.66	2648.86	573.88	-5.05	-11.71	122.93
2023-06-19T19:39:52	1430.14	2657.51	571.65	-5.12	-11.29	122.47
2023-06-19T19:39:54	1424.61	2666.14	569.41	-5.15	-10.86	121.90
2023-06-19T19:39:56	1419.07	2674.77	567.17	-5.04	-10.45	121.17
2023-06-19T19:39:58	1413.54	2683.39	564.93	-4.82	-10.02	120.35
2023-06-19T19:40:00	1408.00	2692.00	562.69	-4.21	-9.65	119.47
2023-06-19T19:40:02	1402.45	2700.60	560.44	-3.58	-9.36	118.71
2023-06-19T19:40:04	1396.90	2709.20	558.20	-3.01	-9.16	118.08
2023-06-19T19:40:06	1391.35	2717.78	555.95	-2.51	-9.02	117.56
2023-06-19T19:40:08	1385.80	2726.36	553.70	-2.18	-8.94	117.14
2023-06-19T19:40:10	1380.23	2734.93	551.45	-1.99	-8.94	116.70
2023-06-19T19:40:12	1374.67	2743.50	549.20	-1.91	-8.97	116.15
2023-06-19T19:40:14	1369.10	2752.05	546.94	-2.04	-8.90	115.37
2023-06-19T19:40:16	1363.53	2760.60	544.69	-2.10	-8.77	114.63
2023-06-19T19:40:18	1357.95	2769.14	542.43	-2.10	-8.59	113.90
2023-06-19T19:40:20	1352.37	2777.67	540.17	-2.03	-8.36	113.18
2023-06-19T19:40:22	1346.78	2786.19	537.91	-1.89	-8.09	112.46
2023-06-19T19:40:24	1341.20	2794.71	535.65	-1.66	-7.79	111.74
2023-06-19T19:40:26	1335.60	2803.22	533.38	-1.42	-7.38	111.05
2023-06-19T19:40:28	1330.01	2811.72	531.12	-1.20	-6.84	110.45
2023-06-19T19:40:30	1324.41	2820.21	528.85	-0.95	-6.33	110.06
2023-06-19T19:40:32	1318.81	2828.69	526.58	-0.85	-5.90	109.64
2023-06-19T19:40:34	1313.20	2837.17	524.31	-0.91	-5.56	109.18
2023-06-19T19:40:36	1307.59	2845.64	522.04	-1.17	-5.33	108.64
2023-06-19T19:40:38	1301.98	2854.09	519.77	-1.65	-5.22	108.00
2023-06-19T19:40:40	1296.36	2862.55	517.50	-2.05	-5.37	107.76
2023-06-19T19:40:42	1290.74	2870.99	515.22	-2.42	-5.52	107.70
2023-06-19T19:40:44	1285.11	2879.43	512.94	-2.86	-5.57	107.65
2023-06-19T19:40:46	1279.48	2887.86	510.67	-3.18	-5.48	107.67
2023-06-19T19:40:48	1273.85	2896.28	508.39	-3.19	-5.26	107.73
2023-06-19T19:40:50	1268.22	2904.70	506.10	-2.53	-4.87	107.46
2023-06-19T19:40:52	1262.58	2913.10	503.82	-1.70	-4.43	106.97
2023-06-19T19:40:54	1256.94	2921.50	501.54	-0.67	-3.90	106.15
2023-06-19T19:40:56	1251.30	2929.89	499.26	0.26	-3.37	105.30
2023-06-19T19:40:58	1245.65	2938.27	496.97	1.10	-2.87	104.45
2023-06-19T19:41:00	1240.00	2946.65	494.68	1.85	-2.41	103.61
2023-06-19T19:41:02	1234.34	2955.02	492.39	2.52	-2.02	102.78
2023-06-19T19:41:04	1228.69	2963.38	490.10	3.11	-1.70	101.97
2023-06-19T19:41:06	1223.03	2971.73	487.81	3.62	-1.51	101.21
2023-06-19T19:41:08	1217.36	2980.08	485.52	4.02	-1.49	100.64
2023-06-19T19:41:10	1211.69	2988.41	483.22	3.84	-1.61	100.07
2023-06-19T19:41:12	1206.03	2996.74	480.93	3.76	-1.64	99.48
2023-06-19T19:41:14	1200.35	3005.06	478.64	3.79	-1.59	98.88
2023-06-19T19:41:16	1194.68	3013.38	476.34	3.92	-1.50	98.27
2023-06-19T19:41:18	1189.00	3021.69	474.04	4.15	-1.40	97.68
2023-06-19T19:41:20	1183.32	3029.99	471.74	4.34	-1.36	97.08
2023-06-19T19:41:22	1177.63	3038.28	469.44	4.08	-1.58	96.40
2023-06-19T19:41:24	1171.94	3046.56	467.14	3.79	-1.92	95.80
2023-06-19T19:41:26	1166.25	3054.84	464.83	3.45	-2.39	95.26
2023-06-19T19:41:28	1160.56	3063.11	462.53	3.06	-2.99	94.78
2023-06-19T19:41:30	1154.87	3071.37	460.22	2.64	-3.33	94.24
2023-06-19T19:41:32	1149.17	3079.63	457.92	2.23	-3.68	93.58
2023-06-19T19:41:34	1143.47	3087.88	455.61	2.09	-3.72	92.94
2023-06-19T19:41:36	1137.76	3096.12	453.30	2.69	-3.09	92.51
2023-06-19T19:41:38	1132.06	3104.35	450.99	3.33	-2.47	92.17
2023-06-19T19:41:40	1126.35	3112.57	448.68	3.92	-1.90	91.88
2023-06-19T19:41:42	1120.64	3120.79	446.37	4.47	-1.39	91.65
2023-06-19T19:41:44	1114.92	3129.00	444.06	4.94	-0.94	91.48
2023-06-19T19:41:46	1109.20	3137.21	441.74	5.34	-0.55	91.36
2023-06-19T19:41:48	1103.48	3145.40	439.42	5.48	-0.28	91.12
2023-06-19T19:41:50	1097.76	3153.59	437.11	5.39	0.06	90.81
2023-06-19T19:41:52	1092.04	3161.77	434.79	5.35	0.34	90.36
2023-06-19T19:41:54	1086.31	3169.95	432.47	5.37	0.55	89.78
2023-06-19T19:41:56	1080.58	3178.12	430.15	5.43	0.69	89.04
2023-06-19T19:41:58	1074.85	3186.28	427.83	5.51	0.75	88.17
2023-06-19T19:42:00	1069.11	3194.43	425.51	5.60	0.74	87.15
2023-06-19T19:42:02	1063.38	3202.58	423.19	5.57	0.76	86.40
2023-06-19T19:42:04	1057.64	3210.71	420.87	5.29	0.96	86.32
2023-06-19T19:42:06	1051.90	3218.85	418.55	4.94	1.18	86.28
2023-06-19T19:42:08	1046.15	3226.97	416.22	4.50	1.39	86.30
2023-06-19T19:42:10	1040.41	3235.09	413.89	4.19	1.72	86.64
2023-06-19T19:42:12	1034.66	3243.20	411.57	3.97	2.07	86.86
2023-06-19T19:42:14	1028.91	3251.30	409.24	3.85	2.46	86.90
2023-06-19T19:42:16	1023.16	3259.40	406.91	3.96	2.78	86.80
2023-06-19T19:42:18	1017.40	3267.49	404.58	4.44	2.91	86.67
2023-06-19T19:42:20	1011.64	3275.57	402.25	5.01	2.97	86.49
2023-06-19T19:42:22	1005.89	3283.64	399.92	5.68	2.99	86.30
2023-06-19T19:42:24	1000.12	3291.71	397.59	6.48	2.94	86.12
2023-06-19T19:42:26	994.36	3299.77	395.26	7.31	2.75	85.92
2023-06-19T19:42:28	988.59	3307.83	392.92	8.11	2.52	85.74
2023-06-19T19:42:30	982.83	3315.87	390.59	8.41	2.43	85.26
2023-06-19T19:42:32	977.06	3323.91	388.25	8.31	2.28	84.66
2023-06-19T19:42:34	971.29	3331.95	385.92	8.18	2.07	84.21
2023-06-19T19:42:36	965.51	3339.97	383.58	8.03	1.81	83.90
2023-06-19T19:42:38	959.74	3347.99	381.24	7.84	1.51	83.68
2023-06-19T19:42:40	953.96	3356.01	378.91	7.62	1.19	83.53
2023-06-19T19:42:42	948.18	3364.01	376.57	7.37	0.84	83.42
2023-06-19T19:42:44	942.40	3372.01	374.22	7.12	0.57	83.29
2023-06-19T19:42:46	936.62	3380.00	371.88	7.18	1.01	82.87
2023-06-19T19:42:48	930.83	3387.99	369.54	7.28	1.42	82.48
2023-06-19T19:42:50	925.05	3395.97	367.20	7.34	1.85	81.74
2023-06-19T19:42:52	919.26	3403.94	364.86	7.49	2.27	81.07
2023-06-19T19:42:54	913.47	3411.91	362.51	7.74	2.69	80.46
2023-06-19T19:42:56	907.68	3419.86	360.17	8.09	3.12	79.93
2023-06-19T19:42:58	901.88	3427.82	357.82	8.55	3.56	79.50
2023-06-19T19:43:00	896.09	3435.76	355.48	8.39	3.72	79.07
2023-06-19T19:43:02	890.29	3443.70	353.13	8.24	3.83	78.57
2023-06-19T19:43:04	884.49	3451.64	350.78	8.14	3.91	78.00
2023-06-19T19:43:06	878.69	3459.56	348.44	8.10	3.99	77.33
2023-06-19T19:43:08	872.89	3467.48	346.09	8.05	4.00	76.77
2023-06-19T19:43:10	867.08	3475.39	343.74	7.79	3.91	76.73
2023-06-19T19:43:12	861.28	3483.30	341.39	7.52	3.89	76.67
2023-06-19T19:43:14	855.47	3491.20	339.04	7.53	3.85	76.71
2023-06-19T19:43:16	849.66	3499.09	336.69	7.65	3.81	76.71
2023-06-19T19:43:18	843.85	3506.98	334.34	7.76	3.79	76.64
2023-06-19T19:43:20	838.04	3514.86	331.98	7.87	3.77	76.52
2023-06-19T19:43:22	832.23	3522.73	329.63	7.99	3.75	76.33
2023-06-19T19:43:24	826.41	3530.60	327.28	8.13	3.73	76.08
2023-06-19T19:43:26	820.60	3538.46	324.92	8.30	3.69	75.75
2023-06-19T19:43:28	814.78	3546.31	322.57	8.43	3.60	75.58
2023-06-19T19:43:30	808.96	3554.16	320.21	8.41	3.54	75.69
2023-06-19T19:43:32	803.14	3562.00	317.86	8.33	3.54	75.83
2023-06-19T19:43:34	797.32	3569.84	315.50	8.17	3.59	75.98
2023-06-19T19:43:36	791.49	3577.67	313.14	7.96	3.67	76.15
2023-06-19T19:43:38	785.67	3585.49	310.79	7.68	3.78	76.31
2023-06-19T19:43:40	779.84	3593.31	308.43	7.34	3.90	76.46
2023-06-19T19:43:42	774.02	3601.11	306.07	7.00	4.02	76.62
2023-06-19T19:43:44	768.19	3608.92	303.71	6.93	4.14	77.00
2023-06-19T19:43:46	762.36	3616.71	301.35	6.86	4.19	77.38
2023-06-19T19:43:48	756.53	3624.51	298.99	7.00	4.27	77.64
2023-06-19T19:43:50	750.70	3632.29	296.63	7.28	4.42	77.83
2023-06-19T19:43:52	744.86	3640.07	294.27	7.60	4.57	78.05
2023-06-19T19:43:54	739.03	3647.84	291.91	7.96	4.72	78.32
2023-06-19T19:43:56	733.19	3655.61	289.55	8.38	4.85	78.66
2023-06-19T19:43:58	727.35	3663.37	287.18	8.83	4.87	78.32
2023-06-19T19:44:00	721.52	3671.12	284.82	9.22	4.89	77.71
2023-06-19T19:44:02	715.68	3678.87	282.45	9.52	4.94	76.98
2023-06-19T19:44:04	709.84	3686.62	280.09	9.75	5.03	76.23
2023-06-19T19:44:06	703.99	3694.35	277.73	9.90	5.14	75.50
2023-06-19T19:44:08	698.15	3702.08	275.36	10.02	4.99	75.17
2023-06-19T19:44:10	692.31	3709.81	272.99	10.25	4.79	75.09
2023-06-19T19:44:12	686.46	3717.52	270.63	10.72	4.60	75.41
2023-06-19T19:44:14	680.61	3725.23	268.26	11.32	4.44	75.98
2023-06-19T19:44:16	674.77	3732.94	265.90	11.88	4.33	76.45
2023-06-19T19:44:18	668.92	3740.64	263.53	12.41	4.27	76.84
2023-06-19T19:44:20	663.07	3748.34	261.16	12.90	4.26	77.18
2023-06-19T19:44:22	657.22	3756.02	258.79	13.37	4.31	77.49
2023-06-19T19:44:24	651.37	3763.70	256.42	13.81	4.41	77.82
2023-06-19T19:44:26	645.51	3771.38	254.06	14.23	4.55	78.17
2023-06-19T19:44:28	639.66	3779.05	251.69	13.70	4.55	78.29
2023-06-19T19:44:30	633.81	3786.72	249.32	13.22	4.55	78.36
2023-06-19T19:44:32	627.95	3794.38	246.95	12.79	4.57	78.41
2023-06-19T19:44:34	622.10	3802.03	244.58	12.41	4.60	78.43
2023-06-19T19:44:36	616.24	3809.68	242.20	12.07	4.64	78.44
2023-06-19T19:44:38	610.38	3817.32	239.83	11.77	4.69	78.44
2023-06-19T19:44:40	604.52	3824.95	237.46	11.51	4.76	78.46
2023-06-19T19:44:42	598.66	3832.58	235.09	11.44	4.70	78.59
2023-06-19T19:44:44	592.80	3840.21	232.72	11.58	4.50	78.78
2023-06-19T19:44:46	586.94	3847.82	230.35	11.80	4.33	78.83
2023-06-19T19:44:48	581.08	3855.44	227.97	11.98	4.27	78.59
2023-06-19T19:44:50	575.21	3863.04	225.60	12.19	4.27	78.37
2023-06-19T19:44:52	569.35	3870.65	223.23	12.24	4.39	78.21
2023-06-19T19:44:54	563.48	3878.24	220.85	12.23	4.58	78.04
2023-06-19T19:44:56	557.62	3885.83	218.48	12.15	4.84	77.86
2023-06-19T19:44:58	551.75	3893.42	216.10	11.42	4.92	78.13
2023-06-19T19:45:00	545.88	3901.00	213.73	10.65	4.94	78.41
2023-06-19T19:45:02	540.02	3908.57	211.35	9.84	4.90	78.70
2023-06-19T19:45:04	534.15	3916.14	208.98	9.00	4.82	79.00
2023-06-19T19:45:06	528.28	3923.70	206.60	8.27	4.72	79.34
2023-06-19T19:45:08	522.41	3931.26	204.22	7.74	4.61	79.65
2023-06-19T19:45:10	516.54	3938.81	201.85	7.31	4.49	79.86
2023-06-19T19:45:12	510.67	3946.35	199.47	6.98	4.35	79.84
2023-06-19T19:45:14	504.79	3953.89	197.09	6.65	4.17	79.63
2023-06-19T19:45:16	498.92	3961.43	194.72	6.31	3.99	79.39
2023-06-19T19:45:18	493.05	3968.96	192.34	5.91	3.81	79.11
2023-06-19T19:45:20	487.17	3976.48	189.96	5.46	3.64	78.77
2023-06-19T19:45:22	481.30	3984.00	187.58	4.94	3.50	78.37
2023-06-19T19:45:24	475.42	3991.51	185.21	4.31	3.39	77.89
2023-06-19T19:45:26	469.55	3999.02	182.83	3.97	3.35	77.55
2023-06-19T19:45:28	463.67	4006.52	180.45	4.20	3.74	77.76
2023-06-19T19:45:30	457.80	4014.02	178.07	4.40	4.23	78.07
2023-06-19T19:45:32	451.92	4021.51	175.69	4.47	4.74	78.38
2023-06-19T19:45:34	446.04	4029.00	173.31	4.42	5.27	78.70
2023-06-19T19:45:36	440.16	4036.48	170.93	4.23	5.83	79.02
2023-06-19T19:45:38	434.28	4043.96	168.55	3.89	6.42	79.35
2023-06-19T19:45:40	428.40	4051.43	166.17	3.38	6.94	79.79
2023-06-19T19:45:42	422.52	4058.89	163.79	2.83	7.34	80.20
2023-06-19T19:45:44	416.64	4066.35	161.41	2.58	7.32	80.50
2023-06-19T19:45:46	410.76	4073.81	159.03	2.47	7.02	80.95
2023-06-19T19:45:48	404.88	4081.26	156.65	2.31	6.76	81.35
2023-06-19T19:45:50	398.99	4088.70	154.27	2.12	6.54	81.70
2023-06-19T19:45:52	393.11	4096.14	151.89	1.89	6.36	82.02
2023-06-19T19:45:54	387.23	4103.58	149.50	1.64	6.22	82.31
2023-06-19T19:45:56	381.34	4111.01	147.12	1.36	6.12	82.56
2023-06-19T19:45:58	375.46	4118.43	144.74	1.15	6.06	82.83
2023-06-19T19:46:00	369.57	4125.85	142.36	0.96	6.01	83.12
2023-06-19T19:46:02	363.69	4133.26	139.98	0.74	5.98	83.40
2023-06-19T19:46:04	357.80	4140.67	137.59	0.54	5.89	83.62
2023-06-19T19:46:06	351.92	4148.08	135.21	0.52	5.65	83.70
2023-06-19T19:46:08	346.03	4155.48	132.83	0.55	5.38	83.76
2023-06-19T19:46:10	340.14	4162.87	130.44	0.61	5.10	83.81
2023-06-19T19:46:12	334.26	4170.26	128.06	0.72	4.79	83.86
2023-06-19T19:46:14	328.37	4177.64	125.68	0.78	4.63	83.78
2023-06-19T19:46:16	322.48	4185.02	123.29	0.86	4.54	83.72
2023-06-19T19:46:18	316.59	4192.39	120.91	1.01	4.47	83.74
2023-06-19T19:46:20	310.70	4199.76	118.53	1.26	4.40	83.83
2023-06-19T19:46:22	304.82	4207.13	116.14	1.60	4.34	83.99
2023-06-19T19:46:24	298.93	4214.49	113.76	1.88	4.21	83.92
2023-06-19T19:46:26	293.04	4221.84	111.37	2.09	3.95	83.65
2023-06-19T19:46:28	287.15	4229.19	108.99	2.21	3.68	83.08
2023-06-19T19:46:30	281.26	4236.54	106.61	2.10	3.86	81.33
2023-06-19T19:46:32	275.37	4243.87	104.22	2.06	4.13	79.82
2023-06-19T19:46:34	269.48	4251.21	101.84	2.07	4.49	78.52
2023-06-19T19:46:36	263.59	4258.54	99.45	2.13	4.92	77.41
2023-06-19T19:46:38	257.69	4265.86	97.07	2.23	5.41	76.49
2023-06-19T19:46:40	251.80	4273.18	94.68	2.34	5.95	75.71
2023-06-19T19:46:42	245.91	4280.50	92.30	2.47	6.53	75.07
2023-06-19T19:46:44	240.02	4287.81	89.91	2.34	6.68	73.84
2023-06-19T19:46:46	234.13	4295.12	87.53	2.11	6.22	71.86
2023-06-19T19:46:48	228.24	4302.42	85.14	1.88	5.76	69.95
2023-06-19T19:46:50	222.34	4309.72	82.76	1.67	5.30	68.14
2023-06-19T19:46:52	216.45	4317.01	80.37	1.45	4.86	66.47
2023-06-19T19:46:54	210.55	4324.29	77.98	1.23	4.45	64.95
2023-06-19T19:46:56	204.66	4331.58	75.60	0.99	4.10	63.61
2023-06-19T19:46:58	198.77	4338.85	73.21	0.73	3.82	62.50
2023-06-19T19:47:00	192.88	4346.13	70.83	0.40	3.68	61.53
2023-06-19T19:47:02	186.98	4353.40	68.44	-0.01	3.63	60.35
2023-06-19T19:47:04	181.09	4360.66	66.05	-0.37	3.60	58.89
2023-06-19T19:47:06	175.19	4367.92	63.67	-0.64	3.58	57.42
2023-06-19T19:47:08	169.30	4375.18	61.28	-0.83	3.58	55.94
2023-06-19T19:47:10	163.40	4382.43	58.90	-0.93	3.62	54.43
2023-06-19T19:47:12	157.51	4389.67	56.51	-0.94	3.70	52.89
2023-06-19T19:47:14	151.62	4396.91	54.12	-0.86	3.86	51.31
2023-06-19T19:47:16	145.72	4404.15	51.74	-0.56	3.89	49.91
2023-06-19T19:47:18	139.83	4411.38	49.35	-0.21	3.68	48.77
2023-06-19T19:47:20	133.93	4418.61	46.96	0.11	3.40	47.56
2023-06-19T19:47:22	128.04	4425.83	44.58	0.41	3.20	46.42
2023-06-19T19:47:24	122.14	4433.05	42.19	0.68	3.05	45.35
2023-06-19T19:47:26	116.25	4440.27	39.80	0.93	2.75	44.21
2023-06-19T19:47:28	110.35	4447.48	37.42	1.15	2.32	43.00
2023-06-19T19:47:30	104.45	4454.68	35.03	1.34	1.74	41.72
2023-06-19T19:47:32	98.56	4461.88	32.64	1.61	1.26	40.65
2023-06-19T19:47:34	92.66	4469.08	30.26	1.95	0.95	39.76
2023-06-19T19:47:36	86.77	4476.27	27.87	2.30	0.68	38.89
2023-06-19T19:47:38	80.87	4483.46	25.48	2.67	0.43	38.07
2023-06-19T19:47:40	74.98	4490.64	23.10	3.06	0.21	37.36
2023-06-19T19:47:42	69.08	4497.83	20.71	3.09	0.03	36.93
2023-06-19T19:47:44	63.18	4505.00	18.32	2.92	-0.24	36.60
2023-06-19T19:47:46	57.29	4512.17	15.94	2.61	-0.62	36.34
2023-06-19T19:47:48	51.39	4519.34	13.55	2.05	-0.93	35.93
2023-06-19T19:47:50	45.50	4526.50	11.16	1.43	-1.12	35.38
2023-06-19T19:47:52	39.60	4533.65	8.77	0.89	-1.26	34.80
2023-06-19T19:47:54	33.71	4540.81	6.39	0.43	-1.36	34.19
2023-06-19T19:47:56	27.81	4547.96	4.00	0.07	-1.43	33.55
2023-06-19T19:47:58	21.91	4555.10	1.61	-0.20	-1.46	32.88
2023-06-19T19:48:00	16.02	4562.24	-0.77	-0.34	-1.48	32.14
2023-06-19T19:48:02	10.12	4569.38	-3.16	-0.21	-1.62	31.11
2023-06-19T19:48:04	4.23	4576.51	-5.55	-0.39	-1.72	29.87
2023-06-19T19:48:06	-1.67	4583.64	-7.93	-0.67	-1.80	28.62
2023-06-19T19:48:08	-7.57	4590.76	-10.32	-0.93	-1.86	27.46
2023-06-19T19:48:10	-13.46	4597.88	-12.71	-1.17	-1.89	26.39
2023-06-19T19:48:12	-19.36	4605.00	-15.10	-1.39	-1.91	25.40
2023-06-19T19:48:14	-25.25	4612.11	-17.49	-1.59	-1.92	24.48
2023-06-19T19:48:16	-31.15	4619.22	-19.87	-1.77	-1.90	23.63
2023-06-19T19:48:18	-37.04	4626.32	-22.26	-1.94	-1.88	22.85
2023-06-19T19:48:20	-42.94	4633.42	-24.64	-2.00	-2.02	22.30
2023-06-19T19:48:22	-48.83	4640.52	-27.03	-1.99	-2.31	21.82
2023-06-19T19:48:24	-54.73	4647.61	-29.42	-1.97	-2.58	21.29
2023-06-19T19:48:26	-60.63	4654.70	-31.81	-1.94	-2.83	20.73
2023-06-19T19:48:28	-66.52	4661.78	-34.19	-1.92	-3.05	20.15
2023-06-19T19:48:30	-72.42	4668.86	-36.58	-1.89	-3.25	19.56
2023-06-19T19:48:32	-78.31	4675.93	-38.96	-1.88	-3.42	18.96
2023-06-19T19:48:34	-84.21	4683.00	-41.35	-1.88	-3.58	18.38
2023-06-19T19:48:36	-90.10	4690.07	-43.74	-1.88	-3.68	18.00
2023-06-19T19:48:38	-96.00	4697.13	-46.13	-1.87	-3.73	17.86
2023-06-19T19:48:40	-101.89	4704.19	-48.51	-1.86	-3.70	17.75
2023-06-19T19:48:42	-107.78	4711.25	-50.90	-1.87	-3.68	17.64
2023-06-19T19:48:44	-113.68	4718.30	-53.28	-1.93	-3.69	17.52
2023-06-19T19:48:46	-119.57	4725.35	-55.67	-2.03	-3.72	17.40
2023-06-19T19:48:48	-125.47	4732.39	-58.06	-2.19	-3.80	17.28
2023-06-19T19:48:50	-131.36	4739.43	-60.45	-2.39	-3.92	17.16
2023-06-19T19:48:52	-137.25	4746.47	-62.83	-2.62	-4.05	17.03
2023-06-19T19:48:54	-143.15	4753.50	-65.22	-2.79	-4.09	16.90
2023-06-19T19:48:56	-149.04	4760.53	-67.61	-2.91	-4.10	16.72
2023-06-19T19:48:58	-154.94	4767.55	-69.99	-2.97	-4.06	16.49
2023-06-19T19:49:00	-160.83	4774.57	-72.38	-2.78	-3.98	16.07
2023-06-19T19:49:02	-166.72	4781.59	-74.76	-2.59	-3.92	15.65
2023-06-19T19:49:04	-172.62	4788.60	-77.15	-2.42	-3.88	15.24
2023-06-19T19:49:06	-178.51	4795.61	-79.53	-2.27	-3.84	14.84
2023-06-19T19:49:08	-184.40	4802.61	-81.92	-2.12	-3.81	14.49
2023-06-19T19:49:10	-190.29	4809.61	-84.31	-1.99	-3.78	14.25
2023-06-19T19:49:12	-196.18	4816.61	-86.69	-1.89	-3.73	14.06
2023-06-19T19:49:14	-202.08	4823.60	-89.08	-1.80	-3.66	13.92
2023-06-19T19:49:16	-207.97	4830.59	-91.46	-1.73	-3.58	13.80
2023-06-19T19:49:18	-213.86	4837.58	-93.85	-1.68	-3.52	13.76
2023-06-19T19:49:20	-219.75	4844.56	-96.23	-1.68	-3.56	13.82
2023-06-19T19:49:22	-225.64	4851.54	-98.62	-1.67	-3.62	13.85
2023-06-19T19:49:24	-231.53	4858.52	-101.00	-1.66	-3.69	13.85
2023-06-19T19:49:26	-237.42	4865.49	-103.39	-1.47	-3.81	13.86
2023-06-19T19:49:28	-243.31	4872.46	-105.77	-1.26	-3.92	13.85
2023-06-19T19:49:30	-249.20	4879.42	-108.16	-1.03	-4.03	13.82
2023-06-19T19:49:32	-255.09	4886.38	-110.54	-0.77	-4.13	13.79
2023-06-19T19:49:34	-260.98	4893.34	-112.93	-0.49	-4.23	13.78
2023-06-19T19:49:36	-266.88	4900.29	-115.31	-0.18	-4.33	13.79
2023-06-19T19:49:38	-272.77	4907.24	-117.70	0.05	-4.37	13.87
2023-06-19T19:49:40	-278.65	4914.18	-120.08	0.10	-4.36	13.99
2023-06-19T19:49:42	-284.54	4921.13	-122.47	-0.10	-4.40	13.92
2023-06-19T19:49:44	-290.43	4928.06	-124.85	-0.31	-4.44	13.85
2023-06-19T19:49:46	-296.32	4935.00	-127.24	-0.48	-4.47	13.79
2023-06-19T19:49:48	-302.21	4941.93	-129.62	-0.60	-4.48	13.74
2023-06-19T19:49:50	-308.10	4948.86	-132.01	-0.69	-4.48	13.70
2023-06-19T19:49:52	-313.98	4955.78	-134.39	-0.73	-4.45	13.67
2023-06-19T19:49:54	-319.87	4962.70	-136.77	-0.75	-4.40	13.64
2023-06-19T19:49:56	-325.76	4969.62	-139.16	-0.72	-4.32	13.60
2023-06-19T19:49:58	-331.64	4976.54	-141.54	-0.35	-4.13	13.53
2023-06-19T19:50:00	-337.53	4983.44	-143.93	0.09	-3.91	13.48
2023-06-19T19:50:02	-343.42	4990.35	-146.31	0.48	-3.72	13.46
2023-06-19T19:50:04	-349.30	4997.25	-148.69	0.83	-3.55	13.45
2023-06-19T19:50:06	-355.19	5004.15	-151.08	1.13	-3.41	13.46
2023-06-19T19:50:08	-361.08	5011.05	-153.46	1.38	-3.30	13.50
2023-06-19T19:50:10	-366.96	5017.94	-155.84	1.58	-3.23	13.56
2023-06-19T19:50:12	-372.85	5024.83	-158.23	1.73	-3.20	13.66
2023-06-19T19:50:14	-378.73	5031.72	-160.61	1.85	-3.20	13.74
2023-06-19T19:50:16	-384.61	5038.60	-162.99	2.03	-3.21	13.71
2023-06-19T19:50:18	-390.50	5045.48	-165.38	2.24	-3.18	13.69
2023-06-19T19:50:20	-396.38	5052.36	-167.76	2.44	-3.12	13.68
2023-06-19T19:50:22	-402.27	5059.23	-170.14	2.63	-3.03	13.67
2023-06-19T19:50:24	-408.15	5066.10	-172.52	2.79	-2.90	13.67
2023-06-19T19:50:26	-414.03	5072.96	-174.90	2.92	-2.72	13.65
2023-06-19T19:50:28	-419.92	5079.83	-177.29	3.02	-2.50	13.58
2023-06-19T19:50:30	-425.80	5086.69	-179.67	3.08	-2.26	13.52
2023-06-19T19:50:32	-431.68	5093.54	-182.05	3.13	-2.03	13.56
2023-06-19T19:50:34	-437.56	5100.39	-184.43	3.22	-1.82	13.66
2023-06-19T19:50:36	-443.44	5107.24	-186.82	3.42	-1.63	13.76
2023-06-19T19:50:38	-449.32	5114.09	-189.20	3.70	-1.47	13.82
2023-06-19T19:50:40	-455.20	5120.93	-191.58	3.99	-1.32	13.86
2023-06-19T19:50:42	-461.08	5127.77	-193.96	4.29	-1.18	13.88
2023-06-19T19:50:44	-466.96	5134.60	-196.34	4.59	-1.06	13.89
2023-06-19T19:50:46	-472.85	5141.44	-198.72	4.89	-0.95	13.89
2023-06-19T19:50:48	-478.73	5148.27	-201.10	5.18	-0.84	13.81
2023-06-19T19:50:50	-484.60	5155.09	-203.48	5.46	-0.74	13.71
2023-06-19T19:50:52	-490.48	5161.92	-205.86	5.73	-0.64	13.60
2023-06-19T19:50:54	-496.36	5168.73	-208.24	5.99	-0.54	13.50
2023-06-19T19:50:56	-502.24	5175.55	-210.63	6.26	-0.47	13.46
2023-06-19T19:50:58	-508.12	5182.36	-213.00	6.54	-0.42	13.45
2023-06-19T19:51:00	-513.99	5189.17	-215.39	6.82	-0.38	13.44
2023-06-19T19:51:02	-519.87	5195.98	-217.77	7.12	-0.34	13.45
2023-06-19T19:51:04	-525.75	5202.79	-220.14	7.38	-0.33	13.45
2023-06-19T19:51:06	-531.62	5209.58	-222.53	7.54	-0.35	13.44
2023-06-19T19:51:08	-537.50	5216.38	-224.90	7.67	-0.36	13.45
2023-06-19T19:51:10	-543.38	5223.18	-227.28	7.77	-0.36	13.48
2023-06-19T19:51:12	-549.25	5229.97	-229.66	7.85	-0.35	13.54
2023-06-19T19:51:14	-555.13	5236.75	-232.04	7.89	-0.32	13.62
2023-06-19T19:51:16	-561.00	5243.54	-234.42	7.80	-0.28	13.64
2023-06-19T19:51:18	-566.87	5250.32	-236.80	7.71	-0.24	13.67
2023-06-19T19:51:20	-572.75	5257.10	-239.18	7.63	-0.18	13.70
2023-06-19T19:51:22	-578.62	5263.88	-241.56	7.62	-0.14	13.63
2023-06-19T19:51:24	-584.49	5270.65	-243.94	7.66	-0.10	13.54
2023-06-19T19:51:26	-590.37	5277.41	-246.32	7.73	-0.04	13.45
2023-06-19T19:51:28	-596.24	5284.18	-248.69	7.83	0.02	13.37
2023-06-19T19:51:30	-602.11	5290.94	-251.07	7.93	0.08	13.30
2023-06-19T19:51:32	-607.98	5297.70	-253.45	8.05	0.13	13.24
2023-06-19T19:51:34	-613.86	5304.46	-255.83	8.16	0.20	13.18
2023-06-19T19:51:36	-619.73	5311.21	-258.21	8.23	0.31	13.10
2023-06-19T19:51:38	-625.59	5317.97	-260.58	8.31	0.42	13.01
2023-06-19T19:51:40	-631.46	5324.71	-262.96	8.42	0.52	12.91
2023-06-19T19:51:42	-637.34	5331.46	-265.34	8.53	0.63	12.87
2023-06-19T19:51:44	-643.20	5338.20	-267.71	8.63	0.72	12.88
2023-06-19T19:51:46	-649.07	5344.94	-270.09	8.73	0.82	12.95
2023-06-19T19:51:48	-654.94	5351.67	-272.47	8.82	0.91	13.06
2023-06-19T19:51:50	-660.81	5358.41	-274.84	8.89	1.01	13.23
2023-06-19T19:51:52	-666.68	5365.14	-277.22	8.94	1.11	13.45
2023-06-19T19:51:54	-672.54	5371.86	-279.60	8.98	1.22	13.63
2023-06-19T19:51:56	-678.41	5378.59	-281.97	9.17	1.38	13.60
2023-06-19T19:51:58	-684.28	5385.31	-284.35	9.38	1.53	13.54
