Time	POS_X	POS_Y	POS_Z	B_X	B_Y	B_Z
2023-06-19T19:16:52	3412.20	-4003.44	1375.44	-34.79	18.11	30.90
2023-06-19T19:16:54	3411.13	-3994.28	1375.00	-35.35	18.27	30.98
2023-06-19T19:16:56	3410.07	-3985.12	1374.57	-35.90	18.42	31.04
2023-06-19T19:16:58	3409.00	-3975.95	1374.14	-36.46	18.58	31.10
2023-06-19T19:17:00	3407.93	-3966.79	1373.71	-37.01	18.73	31.14
2023-06-19T19:17:02	3406.86	-3957.62	1373.27	-37.57	18.88	31.17
2023-06-19T19:17:04	3405.79	-3948.45	1372.84	-38.10	19.04	31.20
2023-06-19T19:17:06	3404.71	-3939.28	1372.40	-38.15	19.32	31.27
2023-06-19T19:17:08	3403.64	-3930.10	1371.97	-38.21	19.61	31.36
2023-06-19T19:17:10	3402.56	-3920.92	1371.53	-38.26	19.90	31.47
2023-06-19T19:17:12	3401.48	-3911.74	1371.09	-38.31	20.19	31.61
2023-06-19T19:17:14	3400.39	-3902.56	1370.65	-38.36	20.48	31.77
2023-06-19T19:17:16	3399.31	-3893.37	1370.21	-38.41	20.78	31.95
2023-06-19T19:17:18	3398.22	-3884.18	1369.77	-38.68	20.98	32.12
2023-06-19T19:17:20	3397.13	-3875.00	1369.33	-39.00	21.16	32.28
2023-06-19T19:17:22	3396.05	-3865.80	1368.89	-39.31	21.34	32.44
2023-06-19T19:17:24	3394.95	-3856.61	1368.45	-39.61	21.52	32.59
2023-06-19T19:17:26	3393.86	-3847.41	1368.00	-39.90	21.70	32.72
2023-06-19T19:17:28	3392.76	-3838.22	1367.56	-40.18	21.87	32.85
2023-06-19T19:17:30	3391.66	-3829.02	1367.11	-40.49	22.07	32.84
2023-06-19T19:17:32	3390.56	-3819.82	1366.67	-40.83	22.29	32.72
2023-06-19T19:17:34	3389.46	-3810.61	1366.22	-41.19	22.48	32.56
2023-06-19T19:17:36	3388.36	-3801.40	1365.78	-41.56	22.66	32.40
2023-06-19T19:17:38	3387.25	-3792.19	1365.33	-41.93	22.85	32.23
2023-06-19T19:17:40	3386.14	-3782.98	1364.88	-42.30	23.04	32.07
2023-06-19T19:17:42	3385.03	-3773.76	1364.43	-42.53	23.16	31.90
2023-06-19T19:17:44	3383.92	-3764.55	1363.98	-42.54	23.22	31.74
2023-06-19T19:17:46	3382.81	-3755.33	1363.53	-42.57	23.28	31.59
2023-06-19T19:17:48	3381.69	-3746.11	1363.07	-42.60	23.36	31.44
2023-06-19T19:17:50	3380.57	-3736.88	1362.62	-42.64	23.46	31.31
2023-06-19T19:17:52	3379.45	-3727.66	1362.16	-42.70	23.56	31.18
2023-06-19T19:17:54	3378.33	-3718.43	1361.71	-42.76	23.70	31.09
2023-06-19T19:17:56	3377.21	-3709.20	1361.25	-42.78	23.92	31.17
2023-06-19T19:17:58	3376.08	-3699.97	1360.80	-42.80	24.13	31.24
2023-06-19T19:18:00	3374.95	-3690.73	1360.34	-42.81	24.33	31.32
2023-06-19T19:18:02	3373.82	-3681.50	1359.88	-42.81	24.53	31.39
2023-06-19T19:18:04	3372.69	-3672.26	1359.42	-42.81	24.73	31.47
2023-06-19T19:18:06	3371.56	-3663.01	1358.96	-42.81	24.92	31.55
2023-06-19T19:18:08	3370.42	-3653.77	1358.50	-42.93	25.05	31.40
2023-06-19T19:18:10	3369.28	-3644.52	1358.04	-43.06	25.17	31.26
2023-06-19T19:18:12	3368.14	-3635.27	1357.58	-43.19	25.30	31.14
2023-06-19T19:18:14	3366.99	-3626.02	1357.11	-43.31	25.42	31.02
2023-06-19T19:18:16	3365.85	-3616.77	1356.65	-43.43	25.55	30.92
2023-06-19T19:18:18	3364.70	-3607.51	1356.18	-43.55	25.67	30.82
2023-06-19T19:18:20	3363.55	-3598.25	1355.72	-43.87	26.09	30.81
2023-06-19T19:18:22	3362.40	-3588.99	1355.25	-44.23	26.58	30.82
2023-06-19T19:18:24	3361.24	-3579.73	1354.78	-44.57	27.07	30.82
2023-06-19T19:18:26	3360.09	-3570.46	1354.31	-44.91	27.55	30.84
2023-06-19T19:18:28	3358.93	-3561.19	1353.84	-45.25	28.02	30.85
2023-06-19T19:18:30	3357.77	-3551.92	1353.37	-45.57	28.49	30.86
2023-06-19T19:18:32	3356.61	-3542.65	1352.90	-45.89	28.79	30.99
2023-06-19T19:18:34	3355.44	-3533.37	1352.43	-46.22	29.02	31.19
2023-06-19T19:18:36	3354.27	-3524.10	1351.95	-46.55	29.26	31.38
2023-06-19T19:18:38	3353.10	-3514.82	1351.48	-46.89	29.51	31.57
2023-06-19T19:18:40	3351.93	-3505.53	1351.01	-47.23	29.78	31.76
2023-06-19T19:18:42	3350.76	-3496.25	1350.53	-47.58	30.06	31.94
2023-06-19T19:18:44	3349.58	-3486.96	1350.05	-47.87	30.33	32.00
2023-06-19T19:18:46	3348.40	-3477.67	1349.57	-48.09	30.56	31.93
2023-06-19T19:18:48	3347.22	-3468.38	1349.09	-48.30	30.78	31.84
2023-06-19T19:18:50	3346.04	-3459.08	1348.61	-48.52	31.00	31.76
2023-06-19T19:18:52	3344.85	-3449.78	1348.13	-48.73	31.21	31.66
2023-06-19T19:18:54	3343.66	-3440.49	1347.65	-48.94	31.41	31.57
2023-06-19T19:18:56	3342.47	-3431.18	1347.17	-49.18	31.65	31.45
2023-06-19T19:18:58	3341.28	-3421.88	1346.68	-49.49	31.97	31.30
2023-06-19T19:19:00	3340.08	-3412.57	1346.20	-49.80	32.29	31.15
2023-06-19T19:19:02	3338.89	-3403.26	1345.71	-50.11	32.61	30.99
2023-06-19T19:19:04	3337.69	-3393.95	1345.23	-50.44	32.93	30.82
2023-06-19T19:19:06	3336.49	-3384.64	1344.74	-50.76	33.25	30.65
2023-06-19T19:19:08	3335.28	-3375.32	1344.25	-51.07	33.54	30.51
2023-06-19T19:19:10	3334.07	-3366.00	1343.76	-51.26	33.74	30.52
2023-06-19T19:19:12	3332.86	-3356.68	1343.27	-51.44	33.94	30.53
2023-06-19T19:19:14	3331.65	-3347.35	1342.78	-51.62	34.15	30.55
2023-06-19T19:19:16	3330.44	-3338.02	1342.28	-51.81	34.36	30.58
2023-06-19T19:19:18	3329.22	-3328.69	1341.79	-52.02	34.58	30.61
2023-06-19T19:19:20	3328.00	-3319.36	1341.29	-52.23	34.81	30.65
2023-06-19T19:19:22	3326.78	-3310.03	1340.80	-52.43	35.11	30.66
2023-06-19T19:19:24	3325.56	-3300.69	1340.30	-52.62	35.41	30.68
2023-06-19T19:19:26	3324.33	-3291.35	1339.80	-52.82	35.71	30.69
2023-06-19T19:19:28	3323.10	-3282.01	1339.31	-53.02	36.01	30.71
2023-06-19T19:19:30	3321.87	-3272.66	1338.81	-53.23	36.32	30.74
2023-06-19T19:19:32	3320.64	-3263.32	1338.31	-53.43	36.63	30.76
2023-06-19T19:19:34	3319.40	-3253.97	1337.80	-53.57	37.01	31.04
2023-06-19T19:19:36	3318.16	-3244.61	1337.30	-53.68	37.38	31.31
2023-06-19T19:19:38	3316.92	-3235.26	1336.80	-53.79	37.76	31.57
2023-06-19T19:19:40	3315.67	-3225.90	1336.29	-53.88	38.13	31.82
2023-06-19T19:19:42	3314.43	-3216.54	1335.79	-53.96	38.50	32.05
2023-06-19T19:19:44	3313.18	-3207.18	1335.28	-54.03	38.87	32.26
2023-06-19T19:19:46	3311.92	-3197.82	1334.77	-54.22	39.10	32.43
2023-06-19T19:19:48	3310.67	-3188.45	1334.26	-54.44	39.31	32.59
2023-06-19T19:19:50	3309.41	-3179.08	1333.75	-54.66	39.51	32.76
2023-06-19T19:19:52	3308.15	-3169.71	1333.24	-54.89	39.70	32.93
2023-06-19T19:19:54	3306.89	-3160.33	1332.73	-55.11	39.90	33.10
2023-06-19T19:19:56	3305.62	-3150.95	1332.21	-55.34	40.09	33.28
2023-06-19T19:19:58	3304.35	-3141.57	1331.70	-55.36	40.39	33.47
2023-06-19T19:20:00	3303.08	-3132.19	1331.18	-55.31	40.74	33.66
2023-06-19T19:20:02	3301.81	-3122.80	1330.66	-55.27	41.09	33.84
2023-06-19T19:20:04	3300.53	-3113.41	1330.15	-55.23	41.44	34.02
2023-06-19T19:20:06	3299.26	-3104.02	1329.63	-55.20	41.79	34.20
2023-06-19T19:20:08	3297.97	-3094.63	1329.11	-55.17	42.15	34.37
2023-06-19T19:20:10	3296.69	-3085.23	1328.58	-55.15	42.45	34.71
2023-06-19T19:20:12	3295.40	-3075.83	1328.06	-55.11	42.71	35.14
2023-06-19T19:20:14	3294.11	-3066.43	1327.54	-55.06	42.96	35.57
2023-06-19T19:20:16	3292.82	-3057.03	1327.01	-55.02	43.20	35.98
2023-06-19T19:20:18	3291.53	-3047.62	1326.49	-54.97	43.42	36.39
2023-06-19T19:20:20	3290.23	-3038.21	1325.96	-54.92	43.64	36.80
2023-06-19T19:20:22	3288.93	-3028.80	1325.43	-54.77	43.82	37.19
2023-06-19T19:20:24	3287.62	-3019.39	1324.90	-54.57	44.01	37.57
2023-06-19T19:20:26	3286.32	-3009.97	1324.37	-54.37	44.22	37.96
2023-06-19T19:20:28	3285.01	-3000.55	1323.84	-54.19	44.46	38.35
2023-06-19T19:20:30	3283.69	-2991.13	1323.31	-54.02	44.72	38.75
2023-06-19T19:20:32	3282.38	-2981.70	1322.78	-53.86	45.01	39.15
2023-06-19T19:20:34	3281.06	-2972.27	1322.24	-53.45	44.98	39.53
2023-06-19T19:20:36	3279.74	-2962.85	1321.70	-52.76	44.57	39.88
2023-06-19T19:20:38	3278.42	-2953.41	1321.16	-52.08	44.15	40.25
2023-06-19T19:20:40	3277.09	-2943.98	1320.63	-51.42	43.73	40.63
2023-06-19T19:20:42	3275.76	-2934.54	1320.09	-50.77	43.29	41.01
2023-06-19T19:20:44	3274.43	-2925.10	1319.54	-50.14	42.85	41.37
2023-06-19T19:20:46	3273.09	-2915.65	1319.00	-49.54	42.40	41.53
2023-06-19T19:20:48	3271.75	-2906.21	1318.46	-48.95	41.94	41.43
2023-06-19T19:20:50	3270.41	-2896.76	1317.91	-48.35	41.51	41.34
2023-06-19T19:20:52	3269.07	-2887.31	1317.37	-47.75	41.10	41.28
2023-06-19T19:20:54	3267.72	-2877.85	1316.82	-47.14	40.72	41.23
2023-06-19T19:20:56	3266.37	-2868.39	1316.27	-46.52	40.36	41.20
2023-06-19T19:20:58	3265.02	-2858.93	1315.72	-45.80	40.02	41.29
2023-06-19T19:21:00	3263.66	-2849.47	1315.17	-44.92	39.65	41.53
2023-06-19T19:21:02	3262.30	-2840.01	1314.62	-44.05	39.28	41.78
2023-06-19T19:21:04	3260.94	-2830.54	1314.07	-43.20	38.90	42.02
2023-06-19T19:21:06	3259.57	-2821.07	1313.51	-42.36	38.52	42.26
2023-06-19T19:21:08	3258.20	-2811.59	1312.95	-41.53	38.13	42.50
2023-06-19T19:21:10	3256.83	-2802.12	1312.40	-40.65	37.66	42.56
2023-06-19T19:21:12	3255.46	-2792.64	1311.84	-39.59	37.03	42.24
2023-06-19T19:21:14	3254.08	-2783.16	1311.28	-38.54	36.41	41.92
2023-06-19T19:21:16	3252.70	-2773.67	1310.72	-37.50	35.79	41.59
2023-06-19T19:21:18	3251.31	-2764.19	1310.16	-36.46	35.18	41.26
2023-06-19T19:21:20	3249.92	-2754.69	1309.59	-35.43	34.57	40.93
2023-06-19T19:21:22	3248.53	-2745.20	1309.03	-34.48	33.95	40.75
2023-06-19T19:21:24	3247.14	-2735.71	1308.46	-33.73	33.27	40.96
2023-06-19T19:21:26	3245.74	-2726.21	1307.89	-32.99	32.61	41.17
2023-06-19T19:21:28	3244.34	-2716.71	1307.33	-32.27	31.95	41.39
2023-06-19T19:21:30	3242.94	-2707.20	1306.75	-31.55	31.30	41.61
2023-06-19T19:21:32	3241.53	-2697.70	1306.18	-30.84	30.66	41.83
2023-06-19T19:21:34	3240.12	-2688.19	1305.61	-30.24	30.08	42.06
2023-06-19T19:21:36	3238.71	-2678.68	1305.03	-29.92	29.67	42.32
2023-06-19T19:21:38	3237.29	-2669.16	1304.46	-29.59	29.24	42.57
2023-06-19T19:21:40	3235.87	-2659.64	1303.88	-29.25	28.80	42.80
2023-06-19T19:21:42	3234.45	-2650.12	1303.30	-28.90	28.36	43.02
2023-06-19T19:21:44	3233.02	-2640.60	1302.73	-28.55	27.91	43.22
2023-06-19T19:21:46	3231.59	-2631.07	1302.15	-28.14	27.44	43.37
2023-06-19T19:21:48	3230.15	-2621.55	1301.56	-27.60	26.98	43.40
2023-06-19T19:21:50	3228.72	-2612.02	1300.98	-27.03	26.50	43.44
2023-06-19T19:21:52	3227.28	-2602.48	1300.39	-26.44	26.02	43.48
2023-06-19T19:21:54	3225.84	-2592.94	1299.81	-25.83	25.52	43.53
2023-06-19T19:21:56	3224.39	-2583.40	1299.22	-25.21	25.02	43.59
2023-06-19T19:21:58	3222.94	-2573.86	1298.63	-24.76	24.68	43.76
2023-06-19T19:22:00	3221.48	-2564.32	1298.04	-24.85	24.82	44.25
2023-06-19T19:22:02	3220.02	-2554.77	1297.45	-24.95	24.95	44.75
2023-06-19T19:22:04	3218.56	-2545.22	1296.85	-25.09	25.10	45.31
2023-06-19T19:22:06	3217.10	-2535.66	1296.25	-25.25	25.28	45.90
2023-06-19T19:22:08	3215.63	-2526.11	1295.66	-25.41	25.44	46.46
2023-06-19T19:22:10	3214.16	-2516.55	1295.06	-25.59	25.56	46.82
2023-06-19T19:22:12	3212.68	-2506.98	1294.46	-25.81	25.63	46.69
2023-06-19T19:22:14	3211.21	-2497.42	1293.86	-25.99	25.68	46.52
2023-06-19T19:22:16	3209.72	-2487.85	1293.26	-26.14	25.71	46.31
2023-06-19T19:22:18	3208.24	-2478.28	1292.66	-26.26	25.71	46.06
2023-06-19T19:22:20	3206.75	-2468.70	1292.05	-26.35	25.69	45.77
2023-06-19T19:22:22	3205.25	-2459.13	1291.44	-26.37	25.63	45.45
2023-06-19T19:22:24	3203.76	-2449.55	1290.83	-26.32	25.51	45.17
2023-06-19T19:22:26	3202.26	-2439.97	1290.22	-26.27	25.39	44.90
2023-06-19T19:22:28	3200.75	-2430.38	1289.61	-26.22	25.26	44.65
2023-06-19T19:22:30	3199.24	-2420.79	1289.00	-26.18	25.13	44.42
2023-06-19T19:22:32	3197.73	-2411.20	1288.39	-26.14	24.99	44.21
2023-06-19T19:22:34	3196.21	-2401.61	1287.77	-26.10	24.87	44.09
2023-06-19T19:22:36	3194.70	-2392.01	1287.15	-26.07	24.78	44.15
2023-06-19T19:22:38	3193.17	-2382.41	1286.53	-26.03	24.70	44.21
2023-06-19T19:22:40	3191.64	-2372.81	1285.91	-26.00	24.63	44.26
2023-06-19T19:22:42	3190.11	-2363.21	1285.29	-25.97	24.57	44.32
2023-06-19T19:22:44	3188.58	-2353.60	1284.67	-25.94	24.52	44.37
2023-06-19T19:22:46	3187.04	-2343.99	1284.04	-26.07	24.39	44.49
2023-06-19T19:22:48	3185.50	-2334.37	1283.42	-26.48	24.13	44.73
2023-06-19T19:22:50	3183.95	-2324.75	1282.79	-26.90	23.86	45.01
2023-06-19T19:22:52	3182.40	-2315.14	1282.16	-27.33	23.60	45.32
2023-06-19T19:22:54	3180.85	-2305.51	1281.52	-27.76	23.33	45.68
2023-06-19T19:22:56	3179.29	-2295.89	1280.89	-28.20	23.06	46.08
2023-06-19T19:22:58	3177.73	-2286.26	1280.26	-28.63	22.90	46.33
2023-06-19T19:23:00	3176.17	-2276.63	1279.62	-29.06	22.92	46.35
2023-06-19T19:23:02	3174.59	-2266.99	1278.98	-29.49	22.96	46.36
2023-06-19T19:23:04	3173.02	-2257.36	1278.34	-29.92	23.02	46.36
2023-06-19T19:23:06	3171.44	-2247.72	1277.70	-30.35	23.10	46.35
2023-06-19T19:23:08	3169.86	-2238.07	1277.06	-30.78	23.21	46.33
2023-06-19T19:23:10	3168.27	-2228.43	1276.42	-30.78	23.16	45.99
2023-06-19T19:23:12	3166.69	-2218.78	1275.77	-30.34	22.94	45.30
2023-06-19T19:23:14	3165.09	-2209.13	1275.12	-29.88	22.71	44.54
2023-06-19T19:23:16	3163.49	-2199.47	1274.47	-29.40	22.49	43.73
2023-06-19T19:23:18	3161.89	-2189.82	1273.82	-28.90	22.25	42.85
2023-06-19T19:23:20	3160.28	-2180.16	1273.17	-28.40	21.98	41.97
2023-06-19T19:23:22	3158.67	-2170.49	1272.51	-28.27	21.74	41.47
2023-06-19T19:23:24	3157.06	-2160.83	1271.85	-28.43	21.53	41.28
2023-06-19T19:23:26	3155.44	-2151.16	1271.20	-28.61	21.31	41.10
2023-06-19T19:23:28	3153.81	-2141.49	1270.54	-28.81	21.10	40.93
2023-06-19T19:23:30	3152.19	-2131.81	1269.88	-29.02	20.89	40.79
2023-06-19T19:23:32	3150.56	-2122.13	1269.21	-29.26	20.69	40.66
2023-06-19T19:23:34	3148.92	-2112.45	1268.55	-29.32	20.68	40.67
2023-06-19T19:23:36	3147.28	-2102.77	1267.88	-29.27	20.77	40.76
2023-06-19T19:23:38	3145.64	-2093.08	1267.21	-29.23	20.87	40.87
2023-06-19T19:23:40	3143.99	-2083.39	1266.54	-29.17	20.97	41.02
2023-06-19T19:23:42	3142.33	-2073.70	1265.87	-29.11	21.07	41.19
2023-06-19T19:23:44	3140.68	-2064.01	1265.20	-29.05	21.17	41.39
2023-06-19T19:23:46	3139.01	-2054.31	1264.52	-29.25	20.96	41.43
2023-06-19T19:23:48	3137.35	-2044.61	1263.84	-29.55	20.66	41.43
2023-06-19T19:23:50	3135.68	-2034.90	1263.17	-29.85	20.37	41.44
2023-06-19T19:23:52	3134.00	-2025.20	1262.49	-30.15	20.08	41.46
2023-06-19T19:23:54	3132.32	-2015.49	1261.80	-30.45	19.79	41.50
2023-06-19T19:23:56	3130.64	-2005.78	1261.12	-30.76	19.50	41.55
2023-06-19T19:23:58	3128.95	-1996.06	1260.43	-31.16	19.35	41.73
2023-06-19T19:24:00	3127.26	-1986.34	1259.74	-31.61	19.22	41.89
2023-06-19T19:24:02	3125.56	-1976.62	1259.05	-32.08	19.09	42.02
2023-06-19T19:24:04	3123.85	-1966.89	1258.36	-32.58	18.94	42.10
2023-06-19T19:24:06	3122.15	-1957.17	1257.67	-33.11	18.80	42.15
2023-06-19T19:24:08	3120.44	-1947.43	1256.97	-33.66	18.65	42.15
2023-06-19T19:24:10	3118.72	-1937.70	1256.27	-33.50	18.04	42.18
2023-06-19T19:24:12	3117.00	-1927.97	1255.57	-33.34	17.45	42.23
2023-06-19T19:24:14	3115.27	-1918.23	1254.87	-33.19	16.85	42.33
2023-06-19T19:24:16	3113.54	-1908.49	1254.17	-33.05	16.27	42.47
2023-06-19T19:24:18	3111.81	-1898.74	1253.46	-32.94	15.71	42.64
2023-06-19T19:24:20	3110.07	-1888.99	1252.76	-32.82	15.24	42.80
2023-06-19T19:24:22	3108.32	-1879.24	1252.05	-32.50	15.23	42.65
2023-06-19T19:24:24	3106.57	-1869.49	1251.34	-32.15	15.23	42.45
2023-06-19T19:24:26	3104.82	-1859.73	1250.62	-31.76	15.24	42.20
2023-06-19T19:24:28	3103.06	-1849.97	1249.91	-31.39	15.19	41.97
2023-06-19T19:24:30	3101.30	-1840.21	1249.19	-31.02	15.09	41.73
2023-06-19T19:24:32	3099.53	-1830.44	1248.47	-30.94	14.87	41.66
2023-06-19T19:24:34	3097.75	-1820.67	1247.75	-31.66	14.41	42.06
2023-06-19T19:24:36	3095.98	-1810.90	1247.03	-32.32	13.95	42.44
2023-06-19T19:24:38	3094.19	-1801.13	1246.30	-32.93	13.49	42.81
2023-06-19T19:24:40	3092.40	-1791.35	1245.58	-33.49	13.02	43.16
2023-06-19T19:24:42	3090.61	-1781.57	1244.85	-34.00	12.54	43.49
2023-06-19T19:24:44	3088.81	-1771.79	1244.12	-34.33	11.86	43.80
2023-06-19T19:24:46	3087.01	-1762.00	1243.38	-34.45	10.91	44.06
2023-06-19T19:24:48	3085.20	-1752.22	1242.65	-34.57	9.99	44.31
2023-06-19T19:24:50	3083.39	-1742.42	1241.91	-34.69	9.11	44.55
2023-06-19T19:24:52	3081.57	-1732.63	1241.17	-34.80	8.25	44.78
2023-06-19T19:24:54	3079.74	-1722.83	1240.43	-34.92	7.43	45.00
2023-06-19T19:24:56	3077.92	-1713.03	1239.69	-35.17	6.83	45.26
2023-06-19T19:24:58	3076.08	-1703.23	1238.94	-35.54	6.40	45.56
2023-06-19T19:25:00	3074.24	-1693.42	1238.20	-35.95	6.02	45.86
2023-06-19T19:25:02	3072.40	-1683.61	1237.45	-36.38	5.67	46.17
2023-06-19T19:25:04	3070.55	-1673.80	1236.69	-36.84	5.36	46.49
2023-06-19T19:25:06	3068.69	-1663.98	1235.94	-37.31	5.09	46.82
2023-06-19T19:25:08	3066.83	-1654.17	1235.18	-37.36	5.03	46.96
2023-06-19T19:25:10	3064.97	-1644.35	1234.43	-37.28	5.04	47.08
2023-06-19T19:25:12	3063.10	-1634.52	1233.66	-37.26	5.06	47.23
2023-06-19T19:25:14	3061.22	-1624.70	1232.90	-37.28	5.09	47.41
2023-06-19T19:25:16	3059.34	-1614.87	1232.14	-37.35	5.14	47.64
2023-06-19T19:25:18	3057.45	-1605.03	1231.37	-37.48	5.20	47.91
2023-06-19T19:25:20	3055.56	-1595.20	1230.60	-37.93	5.15	48.24
2023-06-19T19:25:22	3053.66	-1585.36	1229.83	-38.35	5.08	48.53
2023-06-19T19:25:24	3051.76	-1575.52	1229.05	-38.70	5.01	48.77
2023-06-19T19:25:26	3049.85	-1565.67	1228.28	-38.98	4.93	48.95
2023-06-19T19:25:28	3047.93	-1555.83	1227.50	-39.19	4.86	49.08
2023-06-19T19:25:30	3046.01	-1545.98	1226.72	-39.48	4.72	49.19
2023-06-19T19:25:32	3044.09	-1536.13	1225.94	-40.53	4.57	49.46
2023-06-19T19:25:34	3042.16	-1526.27	1225.15	-41.54	4.44	49.72
2023-06-19T19:25:36	3040.22	-1516.41	1224.37	-42.52	4.31	49.94
2023-06-19T19:25:38	3038.28	-1506.55	1223.58	-43.46	4.20	50.15
2023-06-19T19:25:40	3036.33	-1496.69	1222.78	-44.37	4.09	50.34
2023-06-19T19:25:42	3034.38	-1486.82	1221.99	-45.27	4.04	50.69
2023-06-19T19:25:44	3032.41	-1476.95	1221.20	-46.23	4.10	51.50
2023-06-19T19:25:46	3030.45	-1467.08	1220.40	-47.19	4.15	52.34
2023-06-19T19:25:48	3028.48	-1457.20	1219.59	-48.15	4.18	53.22
2023-06-19T19:25:50	3026.50	-1447.33	1218.79	-49.12	4.20	54.13
2023-06-19T19:25:52	3024.52	-1437.45	1217.99	-50.09	4.21	55.08
2023-06-19T19:25:54	3022.53	-1427.56	1217.18	-50.81	4.43	55.26
2023-06-19T19:25:56	3020.54	-1417.68	1216.37	-51.30	4.85	54.69
2023-06-19T19:25:58	3018.54	-1407.79	1215.55	-51.81	5.25	54.13
2023-06-19T19:26:00	3016.53	-1397.90	1214.74	-52.35	5.64	53.57
2023-06-19T19:26:02	3014.52	-1388.00	1213.92	-52.91	6.03	53.01
2023-06-19T19:26:04	3012.50	-1378.10	1213.10	-53.50	6.41	52.45
2023-06-19T19:26:06	3010.48	-1368.20	1212.28	-53.91	6.51	52.44
2023-06-19T19:26:08	3008.45	-1358.30	1211.45	-54.22	6.50	52.66
2023-06-19T19:26:10	3006.41	-1348.39	1210.63	-54.51	6.49	52.90
2023-06-19T19:26:12	3004.37	-1338.48	1209.80	-54.75	6.48	53.17
2023-06-19T19:26:14	3002.32	-1328.57	1208.96	-54.96	6.47	53.45
2023-06-19T19:26:16	3000.27	-1318.66	1208.13	-55.12	6.46	53.76
2023-06-19T19:26:18	2998.21	-1308.74	1207.29	-55.78	6.72	54.34
2023-06-19T19:26:20	2996.14	-1298.82	1206.45	-56.47	7.01	54.93
2023-06-19T19:26:22	2994.07	-1288.90	1205.61	-57.16	7.30	55.51
2023-06-19T19:26:24	2991.99	-1278.97	1204.76	-57.85	7.61	56.07
2023-06-19T19:26:26	2989.90	-1269.05	1203.92	-58.55	7.92	56.58
2023-06-19T19:26:28	2987.81	-1259.12	1203.07	-59.14	8.11	56.84
2023-06-19T19:26:30	2985.71	-1249.18	1202.21	-59.17	7.99	56.53
2023-06-19T19:26:32	2983.61	-1239.25	1201.36	-59.23	7.87	56.25
2023-06-19T19:26:34	2981.50	-1229.31	1200.50	-59.31	7.75	56.02
2023-06-19T19:26:36	2979.38	-1219.37	1199.64	-59.42	7.64	55.82
2023-06-19T19:26:38	2977.25	-1209.43	1198.78	-59.56	7.53	55.66
2023-06-19T19:26:40	2975.12	-1199.48	1197.91	-59.77	7.37	55.76
2023-06-19T19:26:42	2972.99	-1189.53	1197.04	-60.08	7.14	56.11
2023-06-19T19:26:44	2970.84	-1179.58	1196.17	-60.42	6.95	56.47
2023-06-19T19:26:46	2968.69	-1169.62	1195.30	-60.79	6.82	56.83
2023-06-19T19:26:48	2966.54	-1159.67	1194.42	-61.18	6.74	57.19
2023-06-19T19:26:50	2964.38	-1149.71	1193.54	-61.60	6.70	57.54
2023-06-19T19:26:52	2962.21	-1139.75	1192.66	-61.96	6.97	57.70
2023-06-19T19:26:54	2960.03	-1129.78	1191.78	-62.25	7.34	57.79
2023-06-19T19:26:56	2957.85	-1119.81	1190.89	-62.51	7.69	57.91
2023-06-19T19:26:58	2955.66	-1109.84	1190.00	-62.74	8.03	58.06
2023-06-19T19:27:00	2953.46	-1099.87	1189.11	-62.94	8.35	58.25
2023-06-19T19:27:02	2951.26	-1089.89	1188.21	-63.11	8.66	58.48
2023-06-19T19:27:04	2949.05	-1079.92	1187.31	-63.47	8.42	58.91
2023-06-19T19:27:06	2946.83	-1069.94	1186.42	-63.91	8.16	59.40
2023-06-19T19:27:08	2944.61	-1059.96	1185.51	-64.40	7.89	59.95
2023-06-19T19:27:10	2942.38	-1049.97	1184.61	-64.95	7.62	60.55
2023-06-19T19:27:12	2940.14	-1039.98	1183.70	-65.56	7.34	61.21
2023-06-19T19:27:14	2937.90	-1029.99	1182.79	-66.22	7.16	61.80
2023-06-19T19:27:16	2935.65	-1020.00	1181.87	-66.90	7.36	61.95
2023-06-19T19:27:18	2933.39	-1010.00	1180.95	-67.62	7.57	62.11
2023-06-19T19:27:20	2931.12	-1000.01	1180.03	-68.34	7.82	62.29
2023-06-19T19:27:22	2928.85	-990.01	1179.11	-69.03	8.06	62.52
2023-06-19T19:27:24	2926.57	-980.00	1178.18	-69.71	8.27	62.80
2023-06-19T19:27:26	2924.28	-970.00	1177.25	-70.27	8.16	63.09
2023-06-19T19:27:28	2921.99	-959.99	1176.32	-70.73	7.78	63.32
2023-06-19T19:27:30	2919.69	-949.98	1175.39	-71.17	7.41	63.50
2023-06-19T19:27:32	2917.38	-939.97	1174.45	-71.60	7.07	63.64
2023-06-19T19:27:34	2915.07	-929.96	1173.51	-72.03	6.76	63.74
2023-06-19T19:27:36	2912.75	-919.94	1172.56	-72.45	6.47	63.82
2023-06-19T19:27:38	2910.41	-909.92	1171.62	-72.96	6.44	64.29
2023-06-19T19:27:40	2908.08	-899.90	1170.67	-73.56	6.51	64.88
2023-06-19T19:27:42	2905.73	-889.88	1169.72	-74.23	6.62	65.51
2023-06-19T19:27:44	2903.38	-879.85	1168.76	-74.96	6.78	66.16
2023-06-19T19:27:46	2901.02	-869.83	1167.80	-75.75	6.97	66.84
2023-06-19T19:27:48	2898.66	-859.79	1166.84	-76.55	7.18	67.51
2023-06-19T19:27:50	2896.28	-849.76	1165.88	-76.88	7.14	67.87
2023-06-19T19:27:52	2893.90	-839.73	1164.91	-77.17	7.08	68.16
2023-06-19T19:27:54	2891.51	-829.69	1163.94	-77.42	7.00	68.39
2023-06-19T19:27:56	2889.12	-819.65	1162.97	-77.63	6.91	68.55
2023-06-19T19:27:58	2886.71	-809.61	1161.99	-77.81	6.80	68.65
2023-06-19T19:28:00	2884.30	-799.57	1161.01	-78.38	6.81	69.05
2023-06-19T19:28:02	2881.88	-789.52	1160.03	-79.60	7.03	69.93
2023-06-19T19:28:04	2879.45	-779.47	1159.04	-80.83	7.28	70.76
2023-06-19T19:28:06	2877.02	-769.42	1158.05	-82.09	7.55	71.56
2023-06-19T19:28:08	2874.58	-759.37	1157.06	-83.33	7.79	72.44
2023-06-19T19:28:10	2872.13	-749.32	1156.06	-84.57	7.99	73.43
2023-06-19T19:28:12	2869.67	-739.26	1155.06	-85.09	8.02	74.46
2023-06-19T19:28:14	2867.20	-729.20	1154.06	-85.37	8.00	75.53
2023-06-19T19:28:16	2864.73	-719.14	1153.06	-85.76	8.01	76.61
2023-06-19T19:28:18	2862.25	-709.08	1152.05	-86.25	8.05	77.71
2023-06-19T19:28:20	2859.76	-699.02	1151.04	-86.85	8.11	78.84
2023-06-19T19:28:22	2857.26	-688.95	1150.03	-87.55	8.18	79.98
2023-06-19T19:28:24	2854.75	-678.88	1149.01	-88.32	8.07	80.34
2023-06-19T19:28:26	2852.24	-668.81	1147.99	-88.98	8.00	80.66
2023-06-19T19:28:28	2849.72	-658.74	1146.96	-89.52	7.97	80.96
2023-06-19T19:28:30	2847.19	-648.67	1145.94	-89.94	7.98	81.21
2023-06-19T19:28:32	2844.65	-638.59	1144.90	-90.23	8.03	81.44
2023-06-19T19:28:34	2842.11	-628.51	1143.87	-90.55	8.19	81.78
2023-06-19T19:28:36	2839.55	-618.44	1142.83	-91.13	8.48	82.32
2023-06-19T19:28:38	2836.99	-608.36	1141.79	-91.70	8.77	82.78
2023-06-19T19:28:40	2834.42	-598.27	1140.75	-92.27	9.06	83.17
2023-06-19T19:28:42	2831.84	-588.19	1139.70	-92.82	9.27	83.51
2023-06-19T19:28:44	2829.26	-578.10	1138.65	-93.36	9.47	83.77
2023-06-19T19:28:46	2826.66	-568.01	1137.60	-93.87	9.33	84.37
2023-06-19T19:28:48	2824.06	-557.92	1136.54	-94.32	9.06	85.17
2023-06-19T19:28:50	2821.45	-547.83	1135.48	-94.73	8.81	85.96
2023-06-19T19:28:52	2818.83	-537.74	1134.42	-95.09	8.59	86.75
2023-06-19T19:28:54	2816.20	-527.65	1133.35	-95.39	8.30	87.57
2023-06-19T19:28:56	2813.56	-517.55	1132.28	-95.69	8.08	88.30
2023-06-19T19:28:58	2810.92	-507.45	1131.20	-95.79	8.07	88.68
2023-06-19T19:29:00	2808.26	-497.35	1130.13	-95.94	8.03	89.08
2023-06-19T19:29:02	2805.60	-487.25	1129.04	-96.14	7.96	89.51
2023-06-19T19:29:04	2802.93	-477.15	1127.96	-96.37	7.88	89.97
2023-06-19T19:29:06	2800.25	-467.05	1126.87	-96.64	7.79	90.46
2023-06-19T19:29:08	2797.56	-456.94	1125.78	-96.89	7.67	90.95
2023-06-19T19:29:10	2794.87	-446.83	1124.68	-97.07	7.55	91.47
2023-06-19T19:29:12	2792.16	-436.72	1123.59	-97.29	7.43	92.08
2023-06-19T19:29:14	2789.45	-426.61	1122.48	-97.56	7.32	92.76
2023-06-19T19:29:16	2786.72	-416.50	1121.38	-97.87	7.22	93.50
2023-06-19T19:29:18	2783.99	-406.39	1120.27	-98.22	7.15	94.30
2023-06-19T19:29:20	2781.25	-396.28	1119.16	-98.04	7.22	95.49
2023-06-19T19:29:22	2778.50	-386.16	1118.04	-97.54	7.35	96.79
2023-06-19T19:29:24	2775.74	-376.05	1116.92	-96.94	7.49	98.02
2023-06-19T19:29:26	2772.98	-365.93	1115.80	-96.26	7.64	99.19
2023-06-19T19:29:28	2770.20	-355.81	1114.67	-95.47	7.77	100.29
2023-06-19T19:29:30	2767.42	-345.69	1113.54	-94.59	7.90	101.26
2023-06-19T19:29:32	2764.62	-335.57	1112.41	-94.35	7.71	100.86
2023-06-19T19:29:34	2761.82	-325.45	1111.27	-94.17	7.56	100.36
2023-06-19T19:29:36	2759.01	-315.33	1110.13	-94.00	7.30	99.63
2023-06-19T19:29:38	2756.19	-305.20	1108.98	-93.87	6.97	99.00
2023-06-19T19:29:40	2753.36	-295.08	1107.83	-93.78	6.57	98.49
2023-06-19T19:29:42	2750.52	-284.95	1106.68	-93.58	6.09	98.47
2023-06-19T19:29:44	2747.67	-274.82	1105.52	-93.14	5.56	99.11
2023-06-19T19:29:46	2744.81	-264.70	1104.36	-92.72	5.04	99.83
2023-06-19T19:29:48	2741.95	-254.57	1103.20	-92.30	4.53	100.61
2023-06-19T19:29:50	2739.07	-244.44	1102.03	-91.89	4.03	101.47
2023-06-19T19:29:52	2736.19	-234.31	1100.86	-91.47	3.52	102.39
2023-06-19T19:29:54	2733.29	-224.17	1099.69	-90.23	3.08	102.35
2023-06-19T19:29:56	2730.39	-214.04	1098.51	-88.67	2.76	101.91
2023-06-19T19:29:58	2727.48	-203.91	1097.32	-87.05	2.54	101.40
2023-06-19T19:30:00	2724.56	-193.78	1096.14	-85.38	2.43	100.82
2023-06-19T19:30:02	2721.62	-183.64	1094.95	-83.65	2.43	100.16
2023-06-19T19:30:04	2718.68	-173.51	1093.75	-81.80	2.54	99.32
2023-06-19T19:30:06	2715.73	-163.37	1092.56	-79.33	2.53	97.69
2023-06-19T19:30:08	2712.77	-153.24	1091.36	-76.90	2.41	96.03
2023-06-19T19:30:10	2709.81	-143.10	1090.15	-74.50	2.17	94.34
2023-06-19T19:30:12	2706.83	-132.96	1088.94	-72.16	1.81	92.63
2023-06-19T19:30:14	2703.84	-122.82	1087.73	-69.95	1.36	91.03
2023-06-19T19:30:16	2700.84	-112.69	1086.51	-69.14	0.82	90.79
2023-06-19T19:30:18	2697.83	-102.55	1085.29	-69.52	0.16	91.44
2023-06-19T19:30:20	2694.82	-92.41	1084.07	-69.82	-0.49	92.02
2023-06-19T19:30:22	2691.79	-82.27	1082.84	-70.06	-1.14	92.52
2023-06-19T19:30:24	2688.75	-72.13	1081.61	-70.18	-1.78	92.90
2023-06-19T19:30:26	2685.71	-61.99	1080.37	-70.16	-2.38	93.15
2023-06-19T19:30:28	2682.65	-51.85	1079.13	-69.56	-2.64	92.31
2023-06-19T19:30:30	2679.59	-41.71	1077.88	-68.77	-2.97	91.14
2023-06-19T19:30:32	2676.51	-31.57	1076.64	-67.90	-3.47	89.84
2023-06-19T19:30:34	2673.43	-21.43	1075.39	-66.97	-4.12	88.44
2023-06-19T19:30:36	2670.33	-11.29	1074.13	-65.97	-4.92	86.93
2023-06-19T19:30:38	2667.23	-1.15	1072.87	-65.23	-5.68	85.58
2023-06-19T19:30:40	2664.11	8.99	1071.60	-65.90	-5.66	85.50
2023-06-19T19:30:42	2660.99	19.13	1070.34	-66.62	-5.58	85.58
2023-06-19T19:30:44	2657.86	29.28	1069.07	-67.36	-5.44	85.84
2023-06-19T19:30:46	2654.71	39.42	1067.79	-68.12	-5.23	86.26
2023-06-19T19:30:48	2651.56	49.55	1066.51	-68.91	-4.97	86.87
2023-06-19T19:30:50	2648.39	59.70	1065.23	-69.38	-5.49	87.86
2023-06-19T19:30:52	2645.22	69.84	1063.94	-69.79	-6.90	89.08
2023-06-19T19:30:54	2642.04	79.98	1062.65	-70.36	-8.27	90.35
2023-06-19T19:30:56	2638.84	90.11	1061.35	-71.02	-9.52	91.68
2023-06-19T19:30:58	2635.64	100.25	1060.05	-71.76	-10.66	93.07
2023-06-19T19:31:00	2632.42	110.39	1058.75	-72.56	-11.69	94.52
2023-06-19T19:31:02	2629.20	120.53	1057.44	-73.78	-12.72	95.40
2023-06-19T19:31:04	2625.97	130.67	1056.12	-75.05	-13.75	96.20
2023-06-19T19:31:06	2622.72	140.81	1054.81	-76.32	-14.78	96.99
2023-06-19T19:31:08	2619.47	150.94	1053.49	-77.61	-15.82	97.75
2023-06-19T19:31:10	2616.20	161.08	1052.16	-78.92	-16.86	98.47
2023-06-19T19:31:12	2612.93	171.21	1050.83	-80.23	-17.68	99.28
2023-06-19T19:31:14	2609.64	181.35	1049.50	-81.48	-17.86	100.56
2023-06-19T19:31:16	2606.35	191.48	1048.17	-82.80	-18.06	102.00
2023-06-19T19:31:18	2603.04	201.62	1046.82	-84.19	-18.29	103.60
2023-06-19T19:31:20	2599.73	211.75	1045.48	-85.66	-18.54	105.37
2023-06-19T19:31:22	2596.40	221.88	1044.13	-87.20	-18.81	107.33
2023-06-19T19:31:24	2593.06	232.01	1042.78	-89.16	-19.89	109.44
2023-06-19T19:31:26	2589.72	242.15	1041.42	-91.38	-21.62	111.65
2023-06-19T19:31:28	2586.36	252.27	1040.05	-93.78	-23.52	114.21
2023-06-19T19:31:30	2582.99	262.40	1038.69	-96.03	-25.42	116.75
2023-06-19T19:31:32	2579.62	272.53	1037.32	-98.12	-27.34	119.26
2023-06-19T19:31:34	2576.23	282.66	1035.94	-100.06	-29.27	121.75
2023-06-19T19:31:36	2572.83	292.78	1034.56	-101.01	-29.67	123.31
2023-06-19T19:31:38	2569.42	302.90	1033.18	-101.88	-30.00	124.74
2023-06-19T19:31:40	2566.00	313.03	1031.80	-102.70	-30.31	126.07
2023-06-19T19:31:42	2562.57	323.15	1030.40	-103.45	-30.60	127.29
2023-06-19T19:31:44	2559.13	333.27	1029.01	-104.12	-30.87	128.39
2023-06-19T19:31:46	2555.68	343.39	1027.61	-104.67	-31.22	129.42
2023-06-19T19:31:48	2552.22	353.51	1026.21	-105.17	-31.70	130.59
2023-06-19T19:31:50	2548.75	363.62	1024.80	-105.68	-32.06	131.88
2023-06-19T19:31:52	2545.27	373.73	1023.38	-106.26	-32.33	133.27
2023-06-19T19:31:54	2541.77	383.85	1021.97	-106.92	-32.53	134.74
2023-06-19T19:31:56	2538.27	393.96	1020.55	-107.64	-32.66	136.31
2023-06-19T19:31:58	2534.75	404.07	1019.12	-108.16	-32.84	137.85
2023-06-19T19:32:00	2531.23	414.18	1017.69	-108.38	-32.97	139.07
2023-06-19T19:32:02	2527.70	424.28	1016.26	-108.53	-32.97	140.04
2023-06-19T19:32:04	2524.15	434.39	1014.82	-108.68	-32.97	140.88
2023-06-19T19:32:06	2520.60	444.49	1013.38	-108.83	-32.97	141.60
2023-06-19T19:32:08	2517.03	454.59	1011.93	-109.00	-32.98	142.23
2023-06-19T19:32:10	2513.45	464.69	1010.48	-109.36	-32.80	143.26
2023-06-19T19:32:12	2509.86	474.79	1009.02	-109.71	-32.66	144.26
2023-06-19T19:32:14	2506.27	484.88	1007.56	-110.03	-32.54	145.25
2023-06-19T19:32:16	2502.66	494.98	1006.10	-110.33	-32.47	146.21
2023-06-19T19:32:18	2499.04	505.07	1004.63	-110.60	-32.42	147.14
2023-06-19T19:32:20	2495.41	515.15	1003.16	-110.89	-32.53	148.04
2023-06-19T19:32:22	2491.76	525.24	1001.68	-111.20	-32.92	148.87
2023-06-19T19:32:24	2488.11	535.33	1000.20	-111.42	-33.33	149.65
2023-06-19T19:32:26	2484.45	545.41	998.72	-111.58	-33.73	150.39
2023-06-19T19:32:28	2480.78	555.49	997.23	-111.65	-34.14	151.07
2023-06-19T19:32:30	2477.09	565.57	995.73	-111.65	-34.53	151.68
2023-06-19T19:32:32	2473.40	575.64	994.24	-111.76	-34.65	152.35
2023-06-19T19:32:34	2469.69	585.71	992.73	-111.96	-34.69	153.07
2023-06-19T19:32:36	2465.98	595.78	991.23	-112.16	-34.79	153.79
2023-06-19T19:32:38	2462.25	605.85	989.72	-112.36	-34.95	154.50
2023-06-19T19:32:40	2458.51	615.91	988.20	-112.55	-35.17	155.22
2023-06-19T19:32:42	2454.76	625.97	986.68	-112.74	-35.46	155.94
2023-06-19T19:32:44	2451.01	636.03	985.15	-112.72	-35.90	156.48
2023-06-19T19:32:46	2447.24	646.09	983.63	-112.69	-36.26	156.95
2023-06-19T19:32:48	2443.46	656.14	982.10	-112.63	-36.52	157.35
2023-06-19T19:32:50	2439.67	666.19	980.56	-112.55	-36.68	157.67
2023-06-19T19:32:52	2435.86	676.24	979.02	-112.42	-36.77	157.91
2023-06-19T19:32:54	2432.05	686.29	977.47	-112.26	-36.86	158.13
2023-06-19T19:32:56	2428.23	696.33	975.92	-112.11	-37.18	158.44
2023-06-19T19:32:58	2424.40	706.37	974.37	-111.97	-37.53	158.74
2023-06-19T19:33:00	2420.55	716.40	972.81	-111.83	-37.88	159.02
2023-06-19T19:33:02	2416.70	726.43	971.24	-111.75	-38.29	159.37
2023-06-19T19:33:04	2412.83	736.47	969.68	-111.70	-38.74	159.79
2023-06-19T19:33:06	2408.95	746.49	968.10	-111.45	-39.07	160.36
2023-06-19T19:33:08	2405.06	756.51	966.53	-111.06	-39.34	160.99
2023-06-19T19:33:10	2401.16	766.53	964.95	-110.65	-39.61	161.56
2023-06-19T19:33:12	2397.26	776.55	963.36	-110.23	-39.88	162.08
2023-06-19T19:33:14	2393.34	786.56	961.77	-109.79	-40.15	162.55
2023-06-19T19:33:16	2389.41	796.57	960.18	-109.34	-40.42	162.98
2023-06-19T19:33:18	2385.47	806.57	958.58	-109.18	-40.62	163.20
2023-06-19T19:33:20	2381.51	816.58	956.98	-109.02	-40.82	163.40
2023-06-19T19:33:22	2377.55	826.57	955.37	-108.81	-41.03	163.61
2023-06-19T19:33:24	2373.58	836.57	953.76	-108.57	-41.25	163.82
2023-06-19T19:33:26	2369.59	846.56	952.15	-108.30	-41.49	164.05
2023-06-19T19:33:28	2365.60	856.54	950.53	-108.01	-41.72	164.29
2023-06-19T19:33:30	2361.60	866.53	948.90	-107.76	-41.91	164.57
2023-06-19T19:33:32	2357.58	876.51	947.28	-107.57	-42.20	164.92
2023-06-19T19:33:34	2353.55	886.48	945.64	-107.36	-42.50	165.27
2023-06-19T19:33:36	2349.52	896.45	944.01	-107.10	-42.79	165.61
2023-06-19T19:33:38	2345.47	906.42	942.37	-106.80	-43.07	165.94
2023-06-19T19:33:40	2341.41	916.38	940.72	-106.39	-43.30	166.29
2023-06-19T19:33:42	2337.34	926.34	939.07	-105.92	-43.49	166.66
2023-06-19T19:33:44	2333.26	936.29	937.42	-105.47	-43.70	167.04
2023-06-19T19:33:46	2329.17	946.24	935.76	-105.05	-43.92	167.44
2023-06-19T19:33:48	2325.07	956.19	934.10	-104.66	-44.18	167.85
2023-06-19T19:33:50	2320.96	966.13	932.43	-104.32	-44.46	168.28
2023-06-19T19:33:52	2316.84	976.07	930.76	-103.92	-44.78	168.62
2023-06-19T19:33:54	2312.70	986.00	929.09	-103.44	-45.07	168.87
2023-06-19T19:33:56	2308.56	995.93	927.40	-102.90	-45.32	169.07
2023-06-19T19:33:58	2304.41	1005.85	925.72	-102.29	-45.52	169.24
2023-06-19T19:34:00	2300.24	1015.77	924.04	-101.75	-45.73	169.39
2023-06-19T19:34:02	2296.07	1025.69	922.34	-101.24	-45.95	169.54
2023-06-19T19:34:04	2291.88	1035.60	920.65	-100.83	-46.13	169.78
2023-06-19T19:34:06	2287.69	1045.50	918.95	-100.39	-46.32	170.01
2023-06-19T19:34:08	2283.48	1055.40	917.24	-99.91	-46.49	170.22
2023-06-19T19:34:10	2279.26	1065.30	915.53	-99.40	-46.66	170.41
2023-06-19T19:34:12	2275.04	1075.19	913.82	-98.85	-46.82	170.58
2023-06-19T19:34:14	2270.80	1085.07	912.10	-98.28	-46.99	170.73
2023-06-19T19:34:16	2266.55	1094.95	910.38	-97.76	-47.24	170.92
2023-06-19T19:34:18	2262.29	1104.83	908.66	-97.24	-47.48	171.14
2023-06-19T19:34:20	2258.02	1114.70	906.93	-96.70	-47.71	171.37
2023-06-19T19:34:22	2253.75	1124.56	905.19	-96.15	-47.94	171.62
2023-06-19T19:34:24	2249.46	1134.42	903.45	-95.60	-48.16	171.90
2023-06-19T19:34:26	2245.16	1144.28	901.71	-95.06	-48.32	172.09
2023-06-19T19:34:28	2240.85	1154.13	899.96	-94.56	-48.38	172.11
2023-06-19T19:34:30	2236.53	1163.98	898.21	-94.04	-48.46	172.15
2023-06-19T19:34:32	2232.20	1173.81	896.46	-93.51	-48.55	172.19
2023-06-19T19:34:34	2227.86	1183.65	894.70	-92.97	-48.66	172.25
2023-06-19T19:34:36	2223.51	1193.47	892.94	-92.41	-48.79	172.31
2023-06-19T19:34:38	2219.15	1203.30	891.17	-91.91	-48.94	172.44
2023-06-19T19:34:40	2214.78	1213.12	889.40	-91.42	-49.10	172.59
2023-06-19T19:34:42	2210.40	1222.93	887.62	-90.92	-49.26	172.72
2023-06-19T19:34:44	2206.00	1232.73	885.84	-90.39	-49.41	172.83
2023-06-19T19:34:46	2201.60	1242.54	884.06	-89.85	-49.56	172.91
2023-06-19T19:34:48	2197.19	1252.33	882.27	-89.28	-49.72	172.98
2023-06-19T19:34:50	2192.77	1262.12	880.48	-88.71	-49.80	173.01
2023-06-19T19:34:52	2188.34	1271.90	878.69	-88.16	-49.86	173.02
2023-06-19T19:34:54	2183.90	1281.68	876.89	-87.61	-49.91	173.05
2023-06-19T19:34:56	2179.45	1291.45	875.08	-87.04	-49.95	173.07
2023-06-19T19:34:58	2174.99	1301.22	873.28	-86.45	-49.99	173.08
2023-06-19T19:35:00	2170.51	1310.98	871.46	-85.84	-50.01	173.08
2023-06-19T19:35:02	2166.03	1320.73	869.65	-85.15	-50.04	173.17
2023-06-19T19:35:04	2161.54	1330.48	867.83	-84.46	-50.08	173.24
2023-06-19T19:35:06	2157.04	1340.22	866.00	-83.75	-50.11	173.28
2023-06-19T19:35:08	2152.53	1349.96	864.18	-83.03	-50.14	173.29
2023-06-19T19:35:10	2148.01	1359.69	862.34	-82.31	-50.17	173.26
2023-06-19T19:35:12	2143.48	1369.41	860.51	-81.57	-50.19	173.19
2023-06-19T19:35:14	2138.94	1379.13	858.67	-80.94	-50.20	173.19
2023-06-19T19:35:16	2134.39	1388.84	856.83	-80.35	-50.24	173.23
2023-06-19T19:35:18	2129.83	1398.54	854.98	-79.81	-50.30	173.34
2023-06-19T19:35:20	2125.27	1408.24	853.13	-79.28	-50.36	173.44
2023-06-19T19:35:22	2120.69	1417.94	851.28	-78.73	-50.41	173.51
2023-06-19T19:35:24	2116.10	1427.62	849.42	-78.15	-50.45	173.52
2023-06-19T19:35:26	2111.50	1437.30	847.56	-77.50	-50.41	173.35
2023-06-19T19:35:28	2106.90	1446.97	845.69	-76.86	-50.36	173.17
2023-06-19T19:35:30	2102.28	1456.64	843.82	-76.20	-50.27	172.99
2023-06-19T19:35:32	2097.66	1466.30	841.94	-75.53	-50.17	172.80
2023-06-19T19:35:34	2093.02	1475.95	840.07	-74.85	-50.04	172.61
2023-06-19T19:35:36	2088.37	1485.60	838.18	-74.17	-49.90	172.43
2023-06-19T19:35:38	2083.72	1495.24	836.30	-73.55	-49.79	172.39
2023-06-19T19:35:40	2079.06	1504.87	834.41	-72.94	-49.67	172.33
2023-06-19T19:35:42	2074.39	1514.50	832.52	-72.32	-49.54	172.27
2023-06-19T19:35:44	2069.70	1524.12	830.62	-71.68	-49.44	172.20
2023-06-19T19:35:46	2065.01	1533.73	828.72	-71.00	-49.33	172.10
2023-06-19T19:35:48	2060.31	1543.34	826.82	-70.30	-49.21	171.98
2023-06-19T19:35:50	2055.60	1552.94	824.91	-69.60	-49.08	171.83
2023-06-19T19:35:52	2050.89	1562.53	823.00	-68.93	-48.97	171.70
2023-06-19T19:35:54	2046.16	1572.11	821.08	-68.28	-48.88	171.58
2023-06-19T19:35:56	2041.42	1581.69	819.16	-67.65	-48.79	171.47
2023-06-19T19:35:58	2036.68	1591.26	817.24	-67.05	-48.71	171.37
2023-06-19T19:36:00	2031.92	1600.83	815.32	-66.44	-48.60	171.28
2023-06-19T19:36:02	2027.16	1610.39	813.39	-65.77	-48.42	171.25
2023-06-19T19:36:04	2022.39	1619.94	811.46	-65.09	-48.26	171.23
2023-06-19T19:36:06	2017.61	1629.48	809.52	-64.40	-48.10	171.22
2023-06-19T19:36:08	2012.82	1639.02	807.58	-63.76	-47.93	171.13
2023-06-19T19:36:10	2008.02	1648.54	805.63	-63.13	-47.75	171.01
2023-06-19T19:36:12	2003.21	1658.07	803.69	-62.52	-47.58	170.78
2023-06-19T19:36:14	1998.39	1667.58	801.74	-61.94	-47.49	170.38
2023-06-19T19:36:16	1993.57	1677.09	799.78	-61.38	-47.40	170.01
2023-06-19T19:36:18	1988.74	1686.59	797.82	-60.84	-47.30	169.67
2023-06-19T19:36:20	1983.89	1696.08	795.86	-60.31	-47.20	169.34
2023-06-19T19:36:22	1979.04	1705.57	793.90	-59.80	-47.09	169.05
2023-06-19T19:36:24	1974.18	1715.04	791.93	-59.28	-46.91	168.84
2023-06-19T19:36:26	1969.32	1724.51	789.96	-58.68	-46.56	168.70
2023-06-19T19:36:28	1964.44	1733.98	787.98	-58.04	-46.20	168.55
2023-06-19T19:36:30	1959.56	1743.43	786.01	-57.34	-45.86	168.38
2023-06-19T19:36:32	1954.66	1752.88	784.02	-56.58	-45.57	168.16
2023-06-19T19:36:34	1949.76	1762.32	782.04	-55.83	-45.28	167.91
2023-06-19T19:36:36	1944.85	1771.75	780.05	-55.14	-45.06	167.64
2023-06-19T19:36:38	1939.93	1781.18	778.06	-54.55	-45.03	167.35
2023-06-19T19:36:40	1935.01	1790.60	776.06	-53.97	-44.99	167.04
2023-06-19T19:36:42	1930.07	1800.01	774.07	-53.41	-44.93	166.71
2023-06-19T19:36:44	1925.13	1809.41	772.06	-52.85	-44.85	166.37
2023-06-19T19:36:46	1920.18	1818.81	770.06	-52.31	-44.74	166.02
2023-06-19T19:36:48	1915.22	1828.20	768.05	-51.77	-44.59	165.65
2023-06-19T19:36:50	1910.26	1837.58	766.04	-51.18	-44.31	165.30
2023-06-19T19:36:52	1905.28	1846.95	764.02	-50.54	-44.06	165.00
2023-06-19T19:36:54	1900.30	1856.31	762.01	-49.88	-43.83	164.74
2023-06-19T19:36:56	1895.31	1865.67	759.99	-49.24	-43.62	164.49
2023-06-19T19:36:58	1890.31	1875.02	757.96	-48.62	-43.43	164.22
2023-06-19T19:37:00	1885.31	1884.36	755.94	-48.04	-43.25	163.92
2023-06-19T19:37:02	1880.29	1893.69	753.90	-47.66	-42.99	163.69
2023-06-19T19:37:04	1875.27	1903.02	751.87	-47.26	-42.70	163.47
2023-06-19T19:37:06	1870.24	1912.34	749.83	-46.84	-42.39	163.24
2023-06-19T19:37:08	1865.21	1921.65	747.80	-46.39	-42.05	163.02
2023-06-19T19:37:10	1860.16	1930.95	745.75	-45.90	-41.69	162.80
2023-06-19T19:37:12	1855.11	1940.24	743.71	-45.37	-41.32	162.59
2023-06-19T19:37:14	1850.05	1949.53	741.66	-44.81	-40.96	162.29
2023-06-19T19:37:16	1844.98	1958.81	739.61	-44.21	-40.62	161.93
2023-06-19T19:37:18	1839.91	1968.08	737.55	-43.63	-40.30	161.49
2023-06-19T19:37:20	1834.83	1977.34	735.49	-43.09	-39.96	161.03
2023-06-19T19:37:22	1829.74	1986.60	733.43	-42.58	-39.61	160.57
2023-06-19T19:37:24	1824.64	1995.84	731.37	-42.10	-39.25	160.10
2023-06-19T19:37:26	1819.54	2005.08	729.30	-41.56	-38.94	159.74
2023-06-19T19:37:28	1814.43	2014.32	727.23	-40.96	-38.64	159.40
2023-06-19T19:37:30	1809.31	2023.54	725.16	-40.35	-38.33	159.06
2023-06-19T19:37:32	1804.19	2032.75	723.09	-39.72	-38.01	158.68
2023-06-19T19:37:34	1799.05	2041.96	721.01	-39.10	-37.67	158.26
2023-06-19T19:37:36	1793.91	2051.16	718.93	-38.46	-37.31	157.80
2023-06-19T19:37:38	1788.77	2060.35	716.84	-37.87	-37.05	157.30
2023-06-19T19:37:40	1783.62	2069.53	714.76	-37.36	-36.89	156.85
2023-06-19T19:37:42	1778.46	2078.71	712.67	-36.87	-36.70	156.44
2023-06-19T19:37:44	1773.29	2087.87	710.57	-36.40	-36.47	156.06
2023-06-19T19:37:46	1768.11	2097.03	708.48	-35.96	-36.23	155.70
2023-06-19T19:37:48	1762.93	2106.18	706.38	-35.55	-35.96	155.38
2023-06-19T19:37:50	1757.74	2115.32	704.28	-35.17	-35.66	155.09
2023-06-19T19:37:52	1752.55	2124.46	702.18	-34.83	-35.29	154.81
2023-06-19T19:37:54	1747.35	2133.58	700.07	-34.50	-34.93	154.49
2023-06-19T19:37:56	1742.14	2142.70	697.96	-34.20	-34.58	154.11
2023-06-19T19:37:58	1736.93	2151.81	695.85	-33.94	-34.22	153.67
2023-06-19T19:38:00	1731.71	2160.91	693.74	-33.68	-33.86	153.16
2023-06-19T19:38:02	1726.48	2170.01	691.62	-33.27	-33.54	152.67
2023-06-19T19:38:04	1721.25	2179.09	689.50	-32.73	-33.25	152.39
2023-06-19T19:38:06	1716.01	2188.17	687.38	-32.20	-32.95	152.08
2023-06-19T19:38:08	1710.76	2197.24	685.26	-31.69	-32.64	151.75
2023-06-19T19:38:10	1705.51	2206.30	683.13	-31.21	-32.31	151.39
2023-06-19T19:38:12	1700.25	2215.35	681.00	-30.71	-31.95	150.98
2023-06-19T19:38:14	1694.98	2224.39	678.87	-30.24	-31.56	150.56
2023-06-19T19:38:16	1689.71	2233.43	676.73	-29.75	-31.16	150.20
2023-06-19T19:38:18	1684.43	2242.46	674.60	-29.27	-30.71	149.88
2023-06-19T19:38:20	1679.15	2251.48	672.46	-28.82	-30.19	149.56
2023-06-19T19:38:22	1673.86	2260.49	670.31	-28.37	-29.64	149.21
2023-06-19T19:38:24	1668.56	2269.49	668.17	-27.81	-29.15	148.75
2023-06-19T19:38:26	1663.26	2278.49	666.02	-27.25	-28.68	148.27
2023-06-19T19:38:28	1657.95	2287.47	663.88	-26.69	-28.34	147.76
2023-06-19T19:38:30	1652.64	2296.45	661.72	-26.20	-28.26	147.23
2023-06-19T19:38:32	1647.32	2305.42	659.57	-25.77	-28.19	146.72
2023-06-19T19:38:34	1641.99	2314.38	657.41	-25.39	-28.11	146.21
2023-06-19T19:38:36	1636.66	2323.34	655.25	-25.05	-28.03	145.70
2023-06-19T19:38:38	1631.32	2332.28	653.09	-24.73	-27.93	145.19
2023-06-19T19:38:40	1625.98	2341.22	650.93	-24.42	-27.80	144.67
2023-06-19T19:38:42	1620.63	2350.15	648.76	-24.17	-27.46	144.10
2023-06-19T19:38:44	1615.27	2359.07	646.60	-23.99	-27.11	143.56
2023-06-19T19:38:46	1609.91	2367.99	644.43	-23.83	-26.74	143.06
2023-06-19T19:38:48	1604.55	2376.89	642.25	-23.63	-26.37	142.61
2023-06-19T19:38:50	1599.18	2385.79	640.08	-23.38	-25.99	142.20
2023-06-19T19:38:52	1593.80	2394.67	637.90	-23.08	-25.60	141.83
2023-06-19T19:38:54	1588.42	2403.55	635.72	-22.64	-25.23	141.56
2023-06-19T19:38:56	1583.03	2412.43	633.54	-22.12	-24.92	141.40
2023-06-19T19:38:58	1577.64	2421.29	631.36	-21.62	-24.64	141.29
2023-06-19T19:39:00	1572.24	2430.14	629.17	-21.16	-24.40	141.24
2023-06-19T19:39:02	1566.83	2438.99	626.99	-20.73	-24.18	141.25
2023-06-19T19:39:04	1561.42	2447.83	624.80	-20.37	-23.97	141.22
2023-06-19T19:39:06	1556.01	2456.66	622.61	-20.05	-23.73	140.74
2023-06-19T19:39:08	1550.59	2465.48	620.41	-19.61	-23.21	139.70
2023-06-19T19:39:10	1545.17	2474.30	618.22	-19.16	-22.73	138.79
2023-06-19T19:39:12	1539.74	2483.10	616.02	-18.74	-22.27	138.01
2023-06-19T19:39:14	1534.30	2491.90	613.82	-18.32	-21.83	137.35
2023-06-19T19:39:16	1528.86	2500.69	611.62	-17.92	-21.40	136.81
2023-06-19T19:39:18	1523.42	2509.47	609.41	-17.54	-20.99	136.38
2023-06-19T19:39:20	1517.97	2518.24	607.21	-17.36	-20.64	136.13
2023-06-19T19:39:22	1512.51	2527.01	605.00	-17.29	-20.35	135.97
2023-06-19T19:39:24	1507.06	2535.77	602.78	-17.16	-20.07	135.82
2023-06-19T19:39:26	1501.59	2544.51	600.57	-17.00	-19.80	135.58
2023-06-19T19:39:28	1496.12	2553.26	598.36	-16.88	-19.55	135.15
2023-06-19T19:39:30	1490.65	2561.99	596.15	-16.79	-19.28	134.72
2023-06-19T19:39:32	1485.17	2570.71	593.93	-16.71	-18.99	134.27
2023-06-19T19:39:34	1479.69	2579.43	591.71	-16.22	-18.54	133.59
2023-06-19T19:39:36	1474.20	2588.13	589.49	-15.70	-18.10	132.96
2023-06-19T19:39:38	1468.71	2596.84	587.26	-15.14	-17.66	132.37
2023-06-19T19:39:40	1463.21	2605.53	585.04	-14.56	-17.22	131.82
2023-06-19T19:39:42	1457.71	2614.21	582.81	-13.95	-16.78	131.31
2023-06-19T19:39:44	1452.20	2622.89	580.58	-13.31	-16.34	130.82
2023-06-19T19:39:46	1446.69	2631.55	578.35	-12.89	-16.07	130.40
2023-06-19T19:39:48	1441.18	2640.21	576.12	-12.76	-16.12	129.93
2023-06-19T19:39:50	1435.66	2648.86	573.88	-12.63	-16.16	129.50
2023-06-19T19:39:52	1430.14	2657.51	571.65	-12.49	-16.16	129.11
2023-06-19T19:39:54	1424.61	2666.14	569.41	-12.35	-16.14	128.75
2023-06-19T19:39:56	1419.07	2674.77	567.17	-12.25	-16.06	128.28
2023-06-19T19:39:58	1413.54	2683.39	564.93	-12.17	-15.95	127.80
2023-06-19T19:40:00	1408.00	2692.00	562.69	-12.03	-15.65	127.33
2023-06-19T19:40:02	1402.45	2700.60	560.44	-11.95	-15.36	126.91
2023-06-19T19:40:04	1396.90	2709.20	558.20	-11.96	-15.11	126.55
2023-06-19T19:40:06	1391.35	2717.78	555.95	-12.04	-14.89	126.23
2023-06-19T19:40:08	1385.80	2726.36	553.70	-12.06	-14.68	125.80
2023-06-19T19:40:10	1380.23	2734.93	551.45	-11.93	-14.45	125.26
2023-06-19T19:40:12	1374.67	2743.50	549.20	-11.68	-14.20	124.65
2023-06-19T19:40:14	1369.10	2752.05	546.94	-11.18	-13.90	123.88
2023-06-19T19:40:16	1363.53	2760.60	544.69	-10.73	-13.57	123.17
2023-06-19T19:40:18	1357.95	2769.14	542.43	-10.34	-13.22	122.52
2023-06-19T19:40:20	1352.37	2777.67	540.17	-10.04	-12.87	121.92
2023-06-19T19:40:22	1346.78	2786.19	537.91	-9.83	-12.53	121.36
2023-06-19T19:40:24	1341.20	2794.71	535.65	-9.74	-12.21	120.84
2023-06-19T19:40:26	1335.60	2803.22	533.38	-9.76	-11.96	120.47
2023-06-19T19:40:28	1330.01	2811.72	531.12	-9.78	-11.78	120.24
2023-06-19T19:40:30	1324.41	2820.21	528.85	-9.74	-11.61	119.98
2023-06-19T19:40:32	1318.81	2828.69	526.58	-9.68	-11.43	119.65
2023-06-19T19:40:34	1313.20	2837.17	524.31	-9.61	-11.26	119.22
2023-06-19T19:40:36	1307.59	2845.64	522.04	-9.53	-11.11	118.69
2023-06-19T19:40:38	1301.98	2854.09	519.77	-9.43	-10.99	118.02
2023-06-19T19:40:40	1296.36	2862.55	517.50	-9.20	-10.88	117.20
2023-06-19T19:40:42	1290.74	2870.99	515.22	-8.91	-10.82	116.42
2023-06-19T19:40:44	1285.11	2879.43	512.94	-8.61	-10.80	115.74
2023-06-19T19:40:46	1279.48	2887.86	510.67	-8.30	-10.80	115.22
2023-06-19T19:40:48	1273.85	2896.28	508.39	-7.99	-10.73	114.87
2023-06-19T19:40:50	1268.22	2904.70	506.10	-7.60	-10.49	114.79
2023-06-19T19:40:52	1262.58	2913.10	503.82	-7.21	-10.26	114.75
2023-06-19T19:40:54	1256.94	2921.50	501.54	-6.85	-9.84	114.46
2023-06-19T19:40:56	1251.30	2929.89	499.26	-6.48	-9.42	114.05
2023-06-19T19:40:58	1245.65	2938.27	496.97	-6.12	-9.01	113.53
2023-06-19T19:41:00	1240.00	2946.65	494.68	-5.76	-8.61	112.90
2023-06-19T19:41:02	1234.34	2955.02	492.39	-5.41	-8.23	112.16
2023-06-19T19:41:04	1228.69	2963.38	490.10	-5.10	-7.88	111.33
2023-06-19T19:41:06	1223.03	2971.73	487.81	-4.79	-7.55	110.51
2023-06-19T19:41:08	1217.36	2980.08	485.52	-4.32	-7.24	110.46
2023-06-19T19:41:10	1211.69	2988.41	483.22	-4.06	-6.93	110.47
2023-06-19T19:41:12	1206.03	2996.74	480.93	-3.83	-6.67	110.28
2023-06-19T19:41:14	1200.35	3005.06	478.64	-3.64	-6.45	109.90
2023-06-19T19:41:16	1194.68	3013.38	476.34	-3.48	-6.27	109.34
2023-06-19T19:41:18	1189.00	3021.69	474.04	-3.33	-6.13	108.63
2023-06-19T19:41:20	1183.32	3029.99	471.74	-3.23	-6.03	107.83
2023-06-19T19:41:22	1177.63	3038.28	469.44	-3.19	-5.93	107.22
2023-06-19T19:41:24	1171.94	3046.56	467.14	-3.05	-5.75	106.72
2023-06-19T19:41:26	1166.25	3054.84	464.83	-2.81	-5.50	106.33
2023-06-19T19:41:28	1160.56	3063.11	462.53	-2.48	-5.14	106.04
2023-06-19T19:41:30	1154.87	3071.37	460.22	-2.01	-4.86	105.80
2023-06-19T19:41:32	1149.17	3079.63	457.92	-1.52	-4.64	105.42
2023-06-19T19:41:34	1143.47	3087.88	455.61	-1.01	-4.51	104.80
2023-06-19T19:41:36	1137.76	3096.12	453.30	-0.62	-4.41	103.98
2023-06-19T19:41:38	1132.06	3104.35	450.99	-0.35	-4.21	103.30
2023-06-19T19:41:40	1126.35	3112.57	448.68	-0.14	-3.92	102.77
2023-06-19T19:41:42	1120.64	3120.79	446.37	0.02	-3.54	102.38
2023-06-19T19:41:44	1114.92	3129.00	444.06	0.12	-3.07	102.12
2023-06-19T19:41:46	1109.20	3137.21	441.74	0.16	-2.52	101.98
2023-06-19T19:41:48	1103.48	3145.40	439.42	-0.05	-2.15	101.99
2023-06-19T19:41:50	1097.76	3153.59	437.11	-0.88	-2.56	101.76
2023-06-19T19:41:52	1092.04	3161.77	434.79	-1.56	-2.95	101.45
2023-06-19T19:41:54	1086.31	3169.95	432.47	-2.08	-3.30	101.06
2023-06-19T19:41:56	1080.58	3178.12	430.15	-2.44	-3.58	100.59
2023-06-19T19:41:58	1074.85	3186.28	427.83	-2.65	-3.80	100.01
2023-06-19T19:42:00	1069.11	3194.43	425.51	-2.73	-3.93	99.33
2023-06-19T19:42:02	1063.38	3202.58	423.19	-2.47	-3.90	98.54
2023-06-19T19:42:04	1057.64	3210.71	420.87	-1.83	-3.73	97.73
2023-06-19T19:42:06	1051.90	3218.85	418.55	-1.23	-3.59	96.96
2023-06-19T19:42:08	1046.15	3226.97	416.22	-0.69	-3.47	96.20
2023-06-19T19:42:10	1040.41	3235.09	413.89	0.12	-3.18	95.79
2023-06-19T19:42:12	1034.66	3243.20	411.57	0.80	-2.97	95.35
2023-06-19T19:42:14	1028.91	3251.30	409.24	1.34	-2.84	94.84
2023-06-19T19:42:16	1023.16	3259.40	406.91	1.63	-2.76	94.56
2023-06-19T19:42:18	1017.40	3267.49	404.58	1.63	-2.67	94.80
2023-06-19T19:42:20	1011.64	3275.57	402.25	1.58	-2.60	94.89
2023-06-19T19:42:22	1005.89	3283.64	399.92	1.49	-2.54	94.83
2023-06-19T19:42:24	1000.12	3291.71	397.59	1.39	-2.49	94.60
2023-06-19T19:42:26	994.36	3299.77	395.26	1.31	-2.34	94.16
2023-06-19T19:42:28	988.59	3307.83	392.92	1.28	-2.17	93.54
2023-06-19T19:42:30	982.83	3315.87	390.59	1.22	-1.93	93.27
2023-06-19T19:42:32	977.06	3323.91	388.25	1.42	-1.74	93.06
2023-06-19T19:42:34	971.29	3331.95	385.92	1.61	-1.55	92.81
2023-06-19T19:42:36	965.51	3339.97	383.58	1.80	-1.37	92.51
2023-06-19T19:42:38	959.74	3347.99	381.24	1.99	-1.17	92.11
2023-06-19T19:42:40	953.96	3356.01	378.91	2.19	-0.96	91.60
2023-06-19T19:42:42	948.18	3364.01	376.57	2.43	-0.73	90.95
2023-06-19T19:42:44	942.40	3372.01	374.22	2.67	-0.49	90.17
2023-06-19T19:42:46	936.62	3380.00	371.88	2.59	-0.35	89.78
2023-06-19T19:42:48	930.83	3387.99	369.54	2.46	-0.26	89.62
2023-06-19T19:42:50	925.05	3395.97	367.20	2.38	-0.13	89.91
2023-06-19T19:42:52	919.26	3403.94	364.86	2.24	-0.02	90.15
2023-06-19T19:42:54	913.47	3411.91	362.51	2.07	0.04	90.31
2023-06-19T19:42:56	907.68	3419.86	360.17	1.89	0.04	90.42
2023-06-19T19:42:58	901.88	3427.82	357.82	1.70	-0.04	90.46
2023-06-19T19:43:00	896.09	3435.76	355.48	1.61	-0.23	90.07
2023-06-19T19:43:02	890.29	3443.70	353.13	1.54	-0.52	89.48
2023-06-19T19:43:04	884.49	3451.64	350.78	1.48	-0.93	88.71
2023-06-19T19:43:06	878.69	3459.56	348.44	1.44	-1.44	87.76
2023-06-19T19:43:08	872.89	3467.48	346.09	1.37	-1.93	86.84
2023-06-19T19:43:10	867.08	3475.39	343.74	1.15	-2.10	86.56
2023-06-19T19:43:12	861.28	3483.30	341.39	0.93	-2.26	86.46
2023-06-19T19:43:14	855.47	3491.20	339.04	0.70	-2.04	86.94
2023-06-19T19:43:16	849.66	3499.09	336.69	0.63	-1.67	87.51
2023-06-19T19:43:18	843.85	3506.98	334.34	0.70	-1.34	87.93
2023-06-19T19:43:20	838.04	3514.86	331.98	0.92	-1.08	88.21
2023-06-19T19:43:22	832.23	3522.73	329.63	1.25	-0.87	88.36
2023-06-19T19:43:24	826.41	3530.60	327.28	1.71	-0.73	88.39
2023-06-19T19:43:26	820.60	3538.46	324.92	2.27	-0.66	88.30
2023-06-19T19:43:28	814.78	3546.31	322.57	2.63	-0.53	87.92
2023-06-19T19:43:30	808.96	3554.16	320.21	2.60	-0.27	87.33
2023-06-19T19:43:32	803.14	3562.00	317.86	2.47	-0.01	86.84
2023-06-19T19:43:34	797.32	3569.84	315.50	2.24	0.24	86.44
2023-06-19T19:43:36	791.49	3577.67	313.14	1.91	0.52	86.13
2023-06-19T19:43:38	785.67	3585.49	310.79	1.46	0.81	85.90
2023-06-19T19:43:40	779.84	3593.31	308.43	0.91	1.13	85.73
2023-06-19T19:43:42	774.02	3601.11	306.07	0.32	1.48	85.60
2023-06-19T19:43:44	768.19	3608.92	303.71	0.19	1.80	85.48
2023-06-19T19:43:46	762.36	3616.71	301.35	0.14	2.08	85.46
2023-06-19T19:43:48	756.53	3624.51	298.99	0.44	2.29	85.64
2023-06-19T19:43:50	750.70	3632.29	296.63	0.99	2.47	85.75
2023-06-19T19:43:52	744.86	3640.07	294.27	1.61	2.67	85.73
2023-06-19T19:43:54	739.03	3647.84	291.91	2.31	2.89	85.58
2023-06-19T19:43:56	733.19	3655.61	289.55	3.11	3.15	85.35
2023-06-19T19:43:58	727.35	3663.37	287.18	3.32	3.33	85.13
2023-06-19T19:44:00	721.52	3671.12	284.82	3.33	3.47	84.96
2023-06-19T19:44:02	715.68	3678.87	282.45	3.26	3.58	84.85
2023-06-19T19:44:04	709.84	3686.62	280.09	3.08	3.64	84.77
2023-06-19T19:44:06	703.99	3694.35	277.73	2.85	3.71	84.70
2023-06-19T19:44:08	698.15	3702.08	275.36	2.58	3.46	84.62
2023-06-19T19:44:10	692.31	3709.81	272.99	2.36	3.17	84.37
2023-06-19T19:44:12	686.46	3717.52	270.63	2.40	3.00	83.83
2023-06-19T19:44:14	680.61	3725.23	268.26	2.72	2.96	83.14
2023-06-19T19:44:16	674.77	3732.94	265.90	3.03	2.97	82.54
2023-06-19T19:44:18	668.92	3740.64	263.53	3.35	3.01	82.04
2023-06-19T19:44:20	663.07	3748.34	261.16	3.67	3.09	81.62
2023-06-19T19:44:22	657.22	3756.02	258.79	3.99	3.19	81.28
2023-06-19T19:44:24	651.37	3763.70	256.42	4.32	3.33	81.02
2023-06-19T19:44:26	645.51	3771.38	254.06	4.67	3.49	80.85
2023-06-19T19:44:28	639.66	3779.05	251.69	4.75	3.33	81.45
2023-06-19T19:44:30	633.81	3786.72	249.32	4.80	3.10	81.95
2023-06-19T19:44:32	627.95	3794.38	246.95	4.84	2.80	82.34
2023-06-19T19:44:34	622.10	3802.03	244.58	4.87	2.44	82.62
2023-06-19T19:44:36	616.24	3809.68	242.20	4.89	2.00	82.82
2023-06-19T19:44:38	610.38	3817.32	239.83	4.89	1.50	82.92
2023-06-19T19:44:40	604.52	3824.95	237.46	4.89	0.93	82.95
2023-06-19T19:44:42	598.66	3832.58	235.09	4.71	0.71	82.79
2023-06-19T19:44:44	592.80	3840.21	232.72	4.24	0.92	82.55
2023-06-19T19:44:46	586.94	3847.82	230.35	3.65	1.27	82.38
2023-06-19T19:44:48	581.08	3855.44	227.97	3.12	1.82	82.25
2023-06-19T19:44:50	575.21	3863.04	225.60	2.70	2.23	82.14
2023-06-19T19:44:52	569.35	3870.65	223.23	2.39	2.56	82.03
2023-06-19T19:44:54	563.48	3878.24	220.85	2.18	2.73	81.96
2023-06-19T19:44:56	557.62	3885.83	218.48	2.05	2.75	81.93
2023-06-19T19:44:58	551.75	3893.42	216.10	2.38	2.80	81.74
2023-06-19T19:45:00	545.88	3901.00	213.73	2.67	2.84	81.53
2023-06-19T19:45:02	540.02	3908.57	211.35	2.94	2.85	81.29
2023-06-19T19:45:04	534.15	3916.14	208.98	3.18	2.83	81.04
2023-06-19T19:45:06	528.28	3923.70	206.60	3.41	2.82	80.75
2023-06-19T19:45:08	522.41	3931.26	204.22	3.72	2.79	80.48
2023-06-19T19:45:10	516.54	3938.81	201.85	4.09	2.72	80.24
2023-06-19T19:45:12	510.67	3946.35	199.47	4.47	2.64	80.23
2023-06-19T19:45:14	504.79	3953.89	197.09	4.79	2.59	80.46
2023-06-19T19:45:16	498.92	3961.43	194.72	5.12	2.55	80.73
2023-06-19T19:45:18	493.05	3968.96	192.34	5.46	2.51	81.01
2023-06-19T19:45:20	487.17	3976.48	189.96	5.81	2.46	81.34
2023-06-19T19:45:22	481.30	3984.00	187.58	6.17	2.41	81.70
2023-06-19T19:45:24	475.42	3991.51	185.21	6.52	2.36	82.12
2023-06-19T19:45:26	469.55	3999.02	182.83	6.71	2.49	82.39
2023-06-19T19:45:28	463.67	4006.52	180.45	6.58	2.83	82.12
2023-06-19T19:45:30	457.80	4014.02	178.07	6.43	3.10	81.90
2023-06-19T19:45:32	451.92	4021.51	175.69	6.28	3.28	81.81
2023-06-19T19:45:34	446.04	4029.00	173.31	6.12	3.38	81.85
2023-06-19T19:45:36	440.16	4036.48	170.93	5.92	3.40	82.01
2023-06-19T19:45:38	434.28	4043.96	168.55	5.64	3.34	82.29
2023-06-19T19:45:40	428.40	4051.43	166.17	5.20	3.24	82.68
2023-06-19T19:45:42	422.52	4058.89	163.79	4.76	3.17	83.13
2023-06-19T19:45:44	416.64	4066.35	161.41	4.43	3.51	83.24
2023-06-19T19:45:46	410.76	4073.81	159.03	4.07	3.86	83.12
2023-06-19T19:45:48	404.88	4081.26	156.65	3.81	4.23	83.00
2023-06-19T19:45:50	398.99	4088.70	154.27	3.66	4.62	82.86
2023-06-19T19:45:52	393.11	4096.14	151.89	3.58	5.04	82.72
2023-06-19T19:45:54	387.23	4103.58	149.50	3.56	5.48	82.57
2023-06-19T19:45:56	381.34	4111.01	147.12	3.59	5.95	82.43
2023-06-19T19:45:58	375.46	4118.43	144.74	3.43	6.13	82.42
2023-06-19T19:46:00	369.57	4125.85	142.36	3.03	6.01	82.53
2023-06-19T19:46:02	363.69	4133.26	139.98	2.58	5.91	82.63
2023-06-19T19:46:04	357.80	4140.67	137.59	2.14	5.76	82.66
2023-06-19T19:46:06	351.92	4148.08	135.21	1.85	5.55	82.61
2023-06-19T19:46:08	346.03	4155.48	132.83	1.63	5.39	82.50
2023-06-19T19:46:10	340.14	4162.87	130.44	1.47	5.28	82.36
2023-06-19T19:46:12	334.26	4170.26	128.06	1.35	5.21	82.18
2023-06-19T19:46:14	328.37	4177.64	125.68	1.40	5.02	82.01
2023-06-19T19:46:16	322.48	4185.02	123.29	1.42	4.82	81.80
2023-06-19T19:46:18	316.59	4192.39	120.91	1.38	4.64	81.51
2023-06-19T19:46:20	310.70	4199.76	118.53	1.24	4.51	81.14
2023-06-19T19:46:22	304.82	4207.13	116.14	1.01	4.42	80.69
2023-06-19T19:46:24	298.93	4214.49	113.76	0.67	4.37	80.49
2023-06-19T19:46:26	293.04	4221.84	111.37	0.30	4.34	80.50
2023-06-19T19:46:28	287.15	4229.19	108.99	0.05	4.36	80.59
2023-06-19T19:46:30	281.26	4236.54	106.61	0.19	4.20	81.01
2023-06-19T19:46:32	275.37	4243.87	104.22	0.31	3.98	81.31
2023-06-19T19:46:34	269.48	4251.21	101.84	0.40	3.70	81.50
2023-06-19T19:46:36	263.59	4258.54	99.45	0.47	3.40	81.57
2023-06-19T19:46:38	257.69	4265.86	97.07	0.51	3.08	81.54
2023-06-19T19:46:40	251.80	4273.18	94.68	0.52	2.77	81.40
2023-06-19T19:46:42	245.91	4280.50	92.30	0.51	2.48	81.15
2023-06-19T19:46:44	240.02	4287.81	89.91	0.24	2.41	80.01
2023-06-19T19:46:46	234.13	4295.12	87.53	0.13	2.24	78.35
2023-06-19T19:46:48	228.24	4302.42	85.14	0.16	2.10	76.69
2023-06-19T19:46:50	222.34	4309.72	82.76	0.31	1.96	75.01
2023-06-19T19:46:52	216.45	4317.01	80.37	0.56	1.83	73.30
2023-06-19T19:46:54	210.55	4324.29	77.98	0.90	1.71	71.53
2023-06-19T19:46:56	204.66	4331.58	75.60	1.32	1.59	69.69
2023-06-19T19:46:58	198.77	4338.85	73.21	1.79	1.47	67.75
2023-06-19T19:47:00	192.88	4346.13	70.83	2.07	1.49	65.82
2023-06-19T19:47:02	186.98	4353.40	68.44	1.88	1.69	64.24
2023-06-19T19:47:04	181.09	4360.66	66.05	1.50	1.59	63.00
2023-06-19T19:47:06	175.19	4367.92	63.67	1.03	1.45	61.87
2023-06-19T19:47:08	169.30	4375.18	61.28	0.46	1.24	60.82
2023-06-19T19:47:10	163.40	4382.43	58.90	-0.20	0.97	59.86
2023-06-19T19:47:12	157.51	4389.67	56.51	-0.94	0.63	58.98
2023-06-19T19:47:14	151.62	4396.91	54.12	-1.75	0.22	58.16
2023-06-19T19:47:16	145.72	4404.15	51.74	-2.13	-0.08	57.61
2023-06-19T19:47:18	139.83	4411.38	49.35	-2.27	-0.29	57.11
2023-06-19T19:47:20	133.93	4418.61	46.96	-2.40	-0.46	56.55
2023-06-19T19:47:22	128.04	4425.83	44.58	-2.35	-0.71	55.78
2023-06-19T19:47:24	122.14	4433.05	42.19	-2.10	-1.10	54.65
2023-06-19T19:47:26	116.25	4440.27	39.80	-1.84	-1.52	53.26
2023-06-19T19:47:28	110.35	4447.48	37.42	-1.59	-1.96	51.65
2023-06-19T19:47:30	104.45	4454.68	35.03	-1.35	-2.40	49.83
2023-06-19T19:47:32	98.56	4461.88	32.64	-1.09	-2.69	47.96
2023-06-19T19:47:34	92.66	4469.08	30.26	-0.89	-2.84	46.28
2023-06-19T19:47:36	86.77	4476.27	27.87	-0.80	-2.95	44.78
2023-06-19T19:47:38	80.87	4483.46	25.48	-0.82	-3.03	43.46
2023-06-19T19:47:40	74.98	4490.64	23.10	-0.96	-3.04	42.33
2023-06-19T19:47:42	69.08	4497.83	20.71	-0.83	-2.89	41.46
2023-06-19T19:47:44	63.18	4505.00	18.32	-0.59	-2.72	40.55
2023-06-19T19:47:46	57.29	4512.17	15.94	-0.30	-2.55	39.55
2023-06-19T19:47:48	51.39	4519.34	13.55	0.03	-2.43	38.43
2023-06-19T19:47:50	45.50	4526.50	11.16	0.28	-2.36	37.30
2023-06-19T19:47:52	39.60	4533.65	8.77	0.42	-2.28	36.22
2023-06-19T19:47:54	33.71	4540.81	6.39	0.44	-2.17	35.20
2023-06-19T19:47:56	27.81	4547.96	4.00	0.34	-2.04	34.24
2023-06-19T19:47:58	21.91	4555.10	1.61	0.09	-1.85	33.35
2023-06-19T19:48:00	16.02	4562.24	-0.77	-0.30	-1.63	32.57
2023-06-19T19:48:02	10.12	4569.38	-3.16	-0.62	-1.76	32.03
2023-06-19T19:48:04	4.23	4576.51	-5.55	-0.31	-1.85	31.36
2023-06-19T19:48:06	-1.67	4583.64	-7.93	0.21	-1.81	30.58
2023-06-19T19:48:08	-7.57	4590.76	-10.32	0.65	-1.72	29.79
2023-06-19T19:48:10	-13.46	4597.88	-12.71	1.02	-1.58	29.02
2023-06-19T19:48:12	-19.36	4605.00	-15.10	1.32	-1.40	28.29
2023-06-19T19:48:14	-25.25	4612.11	-17.49	1.55	-1.19	27.60
2023-06-19T19:48:16	-31.15	4619.22	-19.87	1.71	-0.96	26.97
2023-06-19T19:48:18	-37.04	4626.32	-22.26	1.82	-0.72	26.43
2023-06-19T19:48:20	-42.94	4633.42	-24.64	1.86	-0.80	26.00
2023-06-19T19:48:22	-48.83	4640.52	-27.03	1.88	-1.10	25.49
2023-06-19T19:48:24	-54.73	4647.61	-29.42	1.85	-1.38	24.89
2023-06-19T19:48:26	-60.63	4654.70	-31.81	1.79	-1.64	24.20
2023-06-19T19:48:28	-66.52	4661.78	-34.19	1.68	-1.87	23.44
2023-06-19T19:48:30	-72.42	4668.86	-36.58	1.52	-2.08	22.64
2023-06-19T19:48:32	-78.31	4675.93	-38.96	1.33	-2.27	21.80
2023-06-19T19:48:34	-84.21	4683.00	-41.35	1.08	-2.43	20.95
2023-06-19T19:48:36	-90.10	4690.07	-43.74	0.89	-2.60	20.26
2023-06-19T19:48:38	-96.00	4697.13	-46.13	0.81	-2.72	19.76
2023-06-19T19:48:40	-101.89	4704.19	-48.51	0.83	-2.84	19.49
2023-06-19T19:48:42	-107.78	4711.25	-50.90	0.84	-2.96	19.32
2023-06-19T19:48:44	-113.68	4718.30	-53.28	0.82	-3.04	19.17
2023-06-19T19:48:46	-119.57	4725.35	-55.67	0.76	-3.10	19.07
2023-06-19T19:48:48	-125.47	4732.39	-58.06	0.67	-3.14	19.02
2023-06-19T19:48:50	-131.36	4739.43	-60.45	0.56	-3.15	19.05
2023-06-19T19:48:52	-137.25	4746.47	-62.83	0.45	-3.17	19.22
2023-06-19T19:48:54	-143.15	4753.50	-65.22	0.36	-3.13	19.43
2023-06-19T19:48:56	-149.04	4760.53	-67.61	0.31	-3.08	19.65
2023-06-19T19:48:58	-154.94	4767.55	-69.99	0.29	-3.02	19.85
2023-06-19T19:49:00	-160.83	4774.57	-72.38	0.41	-2.99	19.67
2023-06-19T19:49:02	-166.72	4781.59	-74.76	0.55	-2.95	19.42
2023-06-19T19:49:04	-172.62	4788.60	-77.15	0.71	-2.91	19.13
2023-06-19T19:49:06	-178.51	4795.61	-79.53	0.90	-2.86	18.81
2023-06-19T19:49:08	-184.40	4802.61	-81.92	1.08	-2.79	18.45
2023-06-19T19:49:10	-190.29	4809.61	-84.31	1.23	-2.69	18.08
2023-06-19T19:49:12	-196.18	4816.61	-86.69	1.40	-2.58	17.75
2023-06-19T19:49:14	-202.08	4823.60	-89.08	1.59	-2.46	17.43
2023-06-19T19:49:16	-207.97	4830.59	-91.46	1.77	-2.33	17.15
2023-06-19T19:49:18	-213.86	4837.58	-93.85	1.93	-2.22	16.87
2023-06-19T19:49:20	-219.75	4844.56	-96.23	2.00	-2.13	16.56
2023-06-19T19:49:22	-225.64	4851.54	-98.62	2.03	-2.06	16.25
2023-06-19T19:49:24	-231.53	4858.52	-101.00	2.02	-2.02	15.92
2023-06-19T19:49:26	-237.42	4865.49	-103.39	2.06	-2.18	15.56
2023-06-19T19:49:28	-243.31	4872.46	-105.77	2.10	-2.31	15.26
2023-06-19T19:49:30	-249.20	4879.42	-108.16	2.12	-2.41	15.00
2023-06-19T19:49:32	-255.09	4886.38	-110.54	2.14	-2.45	14.80
2023-06-19T19:49:34	-260.98	4893.34	-112.93	2.15	-2.46	14.65
2023-06-19T19:49:36	-266.88	4900.29	-115.31	2.15	-2.41	14.55
2023-06-19T19:49:38	-272.77	4907.24	-117.70	2.17	-2.35	14.60
2023-06-19T19:49:40	-278.65	4914.18	-120.08	2.23	-2.32	14.75
2023-06-19T19:49:42	-284.54	4921.13	-122.47	2.31	-2.26	14.91
2023-06-19T19:49:44	-290.43	4928.06	-124.85	2.43	-2.20	15.02
2023-06-19T19:49:46	-296.32	4935.00	-127.24	2.58	-2.17	15.08
2023-06-19T19:49:48	-302.21	4941.93	-129.62	2.75	-2.14	15.09
2023-06-19T19:49:50	-308.10	4948.86	-132.01	2.94	-2.14	15.07
2023-06-19T19:49:52	-313.98	4955.78	-134.39	3.14	-2.14	15.01
2023-06-19T19:49:54	-319.87	4962.70	-136.77	3.35	-2.16	14.91
2023-06-19T19:49:56	-325.76	4969.62	-139.16	3.56	-2.20	14.80
2023-06-19T19:49:58	-331.64	4976.54	-141.54	3.61	-2.22	14.73
2023-06-19T19:50:00	-337.53	4983.44	-143.93	3.60	-2.24	14.70
2023-06-19T19:50:02	-343.42	4990.35	-146.31	3.60	-2.27	14.65
2023-06-19T19:50:04	-349.30	4997.25	-148.69	3.61	-2.32	14.58
2023-06-19T19:50:06	-355.19	5004.15	-151.08	3.65	-2.39	14.51
2023-06-19T19:50:08	-361.08	5011.05	-153.46	3.70	-2.48	14.42
2023-06-19T19:50:10	-366.96	5017.94	-155.84	3.77	-2.59	14.33
2023-06-19T19:50:12	-372.85	5024.83	-158.23	3.86	-2.71	14.23
2023-06-19T19:50:14	-378.73	5031.72	-160.61	3.94	-2.82	14.18
2023-06-19T19:50:16	-384.61	5038.60	-162.99	3.96	-2.82	14.27
2023-06-19T19:50:18	-390.50	5045.48	-165.38	3.84	-2.76	14.41
2023-06-19T19:50:20	-396.38	5052.36	-167.76	3.72	-2.73	14.50
2023-06-19T19:50:22	-402.27	5059.23	-170.14	3.61	-2.73	14.55
2023-06-19T19:50:24	-408.15	5066.10	-172.52	3.51	-2.76	14.56
2023-06-19T19:50:26	-414.03	5072.96	-174.90	3.45	-2.83	14.52
2023-06-19T19:50:28	-419.92	5079.83	-177.29	3.47	-2.90	14.42
2023-06-19T19:50:30	-425.80	5086.69	-179.67	3.51	-2.98	14.26
2023-06-19T19:50:32	-431.68	5093.54	-182.05	3.73	-2.99	14.04
2023-06-19T19:50:34	-437.56	5100.39	-184.43	3.99	-3.00	13.86
2023-06-19T19:50:36	-443.44	5107.24	-186.82	4.30	-2.99	13.73
2023-06-19T19:50:38	-449.32	5114.09	-189.20	4.61	-2.98	13.67
2023-06-19T19:50:40	-455.20	5120.93	-191.58	4.89	-2.98	13.63
2023-06-19T19:50:42	-461.08	5127.77	-193.96	5.12	-2.99	13.60
2023-06-19T19:50:44	-466.96	5134.60	-196.34	5.32	-3.01	13.59
2023-06-19T19:50:46	-472.85	5141.44	-198.72	5.47	-3.05	13.58
2023-06-19T19:50:48	-478.73	5148.27	-201.10	5.58	-3.02	13.59
2023-06-19T19:50:50	-484.60	5155.09	-203.48	5.66	-2.97	13.60
2023-06-19T19:50:52	-490.48	5161.92	-205.86	5.76	-2.91	13.64
2023-06-19T19:50:54	-496.36	5168.73	-208.24	5.87	-2.87	13.69
2023-06-19T19:50:56	-502.24	5175.55	-210.63	6.08	-2.82	13.74
2023-06-19T19:50:58	-508.12	5182.36	-213.00	6.33	-2.75	13.80
2023-06-19T19:51:00	-513.99	5189.17	-215.39	6.60	-2.68	13.89
2023-06-19T19:51:02	-519.87	5195.98	-217.77	6.88	-2.60	14.00
2023-06-19T19:51:04	-525.75	5202.79	-220.14	7.13	-2.53	14.06
2023-06-19T19:51:06	-531.62	5209.58	-222.53	7.30	-2.53	13.93
2023-06-19T19:51:08	-537.50	5216.38	-224.90	7.48	-2.54	13.82
2023-06-19T19:51:10	-543.38	5223.18	-227.28	7.64	-2.58	13.72
2023-06-19T19:51:12	-549.25	5229.97	-229.66	7.80	-2.64	13.61
2023-06-19T19:51:14	-555.13	5236.75	-232.04	7.96	-2.73	13.49
2023-06-19T19:51:16	-561.00	5243.54	-234.42	8.04	-2.99	13.18
2023-06-19T19:51:18	-566.87	5250.32	-236.80	8.16	-3.24	12.88
2023-06-19T19:51:20	-572.75	5257.10	-239.18	8.31	-3.49	12.60
2023-06-19T19:51:22	-578.62	5263.88	-241.56	8.36	-3.58	12.37
2023-06-19T19:51:24	-584.49	5270.65	-243.94	8.39	-3.63	12.19
2023-06-19T19:51:26	-590.37	5277.41	-246.32	8.41	-3.65	12.06
2023-06-19T19:51:28	-596.24	5284.18	-248.69	8.43	-3.67	11.97
2023-06-19T19:51:30	-602.11	5290.94	-251.07	8.44	-3.67	11.92
2023-06-19T19:51:32	-607.98	5297.70	-253.45	8.43	-3.68	11.92
2023-06-19T19:51:34	-613.86	5304.46	-255.83	8.38	-3.70	11.95
2023-06-19T19:51:36	-619.73	5311.21	-258.21	8.24	-3.74	11.99
2023-06-19T19:51:38	-625.59	5317.97	-260.58	8.05	-3.83	12.05
2023-06-19T19:51:40	-631.46	5324.71	-262.96	7.79	-3.94	12.11
2023-06-19T19:51:42	-637.34	5331.46	-265.34	7.52	-4.06	12.19
2023-06-19T19:51:44	-643.20	5338.20	-267.71	7.27	-4.18	12.30
2023-06-19T19:51:46	-649.07	5344.94	-270.09	7.02	-4.29	12.44
2023-06-19T19:51:48	-654.94	5351.67	-272.47	6.80	-4.41	12.60
2023-06-19T19:51:50	-660.81	5358.41	-274.84	6.60	-4.54	12.79
2023-06-19T19:51:52	-666.68	5365.14	-277.22	6.43	-4.66	13.01
2023-06-19T19:51:54	-672.54	5371.86	-279.60	6.27	-4.76	13.17
2023-06-19T19:51:56	-678.41	5378.59	-281.97	6.23	-4.75	13.11
2023-06-19T19:51:58	-684.28	5385.31	-284.35	6.23	-4.75	13.04
