Time	POS_X	POS_Y	POS_Z	B_X	B_Y	B_Z
2024-09-05T07:38:06	1157.16	-1700.05	5030.58	22.87	-10.47	3.70
2024-09-05T07:38:08	1155.60	-1693.56	5026.31	22.25	-10.11	3.90
2024-09-05T07:38:10	1154.04	-1687.07	5022.03	21.58	-9.79	4.05
2024-09-05T07:38:12	1152.48	-1680.57	5017.75	20.97	-9.54	4.16
2024-09-05T07:38:14	1150.92	-1674.08	5013.47	20.40	-9.35	4.22
2024-09-05T07:38:16	1149.36	-1667.59	5009.18	19.88	-9.22	4.24
2024-09-05T07:38:18	1147.80	-1661.09	5004.90	19.41	-9.15	4.22
2024-09-05T07:38:20	1146.24	-1654.60	5000.60	19.08	-9.13	4.14
2024-09-05T07:38:22	1144.68	-1648.10	4996.31	18.77	-9.11	4.01
2024-09-05T07:38:24	1143.11	-1641.60	4992.01	18.47	-9.08	3.85
2024-09-05T07:38:26	1141.55	-1635.10	4987.71	18.19	-9.04	3.66
2024-09-05T07:38:28	1139.99	-1628.60	4983.41	17.92	-8.99	3.43
2024-09-05T07:38:30	1138.42	-1622.10	4979.11	17.66	-8.91	3.17
2024-09-05T07:38:32	1136.86	-1615.60	4974.80	17.41	-8.82	2.87
2024-09-05T07:38:34	1135.29	-1609.09	4970.48	17.13	-8.69	2.57
2024-09-05T07:38:36	1133.72	-1602.59	4966.17	16.78	-8.61	2.33
2024-09-05T07:38:38	1132.16	-1596.08	4961.85	16.36	-8.68	2.21
2024-09-05T07:38:40	1130.59	-1589.58	4957.54	15.91	-8.73	2.09
2024-09-05T07:38:42	1129.02	-1583.07	4953.21	15.43	-8.78	1.96
2024-09-05T07:38:44	1127.45	-1576.56	4948.89	14.94	-8.81	1.83
2024-09-05T07:38:46	1125.88	-1570.06	4944.56	14.43	-8.84	1.69
2024-09-05T07:38:48	1124.31	-1563.55	4940.23	13.91	-8.85	1.54
2024-09-05T07:38:50	1122.74	-1557.04	4935.89	13.38	-8.85	1.39
2024-09-05T07:38:52	1121.17	-1550.52	4931.56	12.84	-8.84	1.23
2024-09-05T07:38:54	1119.59	-1544.01	4927.22	12.38	-8.83	1.09
2024-09-05T07:38:56	1118.02	-1537.50	4922.87	12.05	-8.81	0.98
2024-09-05T07:38:58	1116.45	-1530.99	4918.53	11.75	-8.77	0.87
2024-09-05T07:39:00	1114.87	-1524.47	4914.18	11.48	-8.72	0.76
2024-09-05T07:39:02	1113.30	-1517.96	4909.83	11.15	-8.63	0.62
2024-09-05T07:39:04	1111.72	-1511.44	4905.47	10.81	-8.54	0.45
2024-09-05T07:39:06	1110.15	-1504.92	4901.11	10.46	-8.43	0.26
2024-09-05T07:39:08	1108.57	-1498.40	4896.75	10.11	-8.32	0.05
2024-09-05T07:39:10	1106.99	-1491.88	4892.39	9.74	-8.19	-0.19
2024-09-05T07:39:12	1105.42	-1485.36	4888.02	9.23	-8.05	-0.46
2024-09-05T07:39:14	1103.83	-1478.84	4883.65	8.66	-7.93	-0.74
2024-09-05T07:39:16	1102.26	-1472.32	4879.28	8.09	-7.84	-1.00
2024-09-05T07:39:18	1100.68	-1465.79	4874.90	7.52	-7.78	-1.26
2024-09-05T07:39:20	1099.10	-1459.27	4870.52	6.95	-7.74	-1.50
2024-09-05T07:39:22	1097.51	-1452.74	4866.14	6.38	-7.72	-1.73
2024-09-05T07:39:24	1095.93	-1446.22	4861.76	5.82	-7.72	-1.94
2024-09-05T07:39:26	1094.35	-1439.69	4857.37	5.24	-7.71	-2.15
2024-09-05T07:39:28	1092.77	-1433.16	4852.98	4.50	-7.56	-2.36
2024-09-05T07:39:30	1091.18	-1426.63	4848.58	3.62	-7.18	-2.65
2024-09-05T07:39:32	1089.60	-1420.10	4844.19	2.74	-6.79	-2.95
2024-09-05T07:39:34	1088.01	-1413.57	4839.78	1.88	-6.42	-3.24
2024-09-05T07:39:36	1086.42	-1407.04	4835.38	1.04	-6.05	-3.54
2024-09-05T07:39:38	1084.84	-1400.51	4830.97	0.20	-5.71	-3.83
2024-09-05T07:39:40	1083.25	-1393.97	4826.56	-0.63	-5.37	-4.12
2024-09-05T07:39:42	1081.66	-1387.44	4822.15	-1.45	-5.04	-4.40
2024-09-05T07:39:44	1080.07	-1380.91	4817.73	-2.27	-4.73	-4.68
2024-09-05T07:39:46	1078.48	-1374.37	4813.31	-3.07	-4.41	-4.97
2024-09-05T07:39:48	1076.89	-1367.83	4808.89	-3.80	-3.98	-5.27
2024-09-05T07:39:50	1075.30	-1361.29	4804.47	-4.53	-3.54	-5.58
2024-09-05T07:39:52	1073.71	-1354.75	4800.04	-5.27	-3.09	-5.89
2024-09-05T07:39:54	1072.12	-1348.21	4795.61	-6.10	-2.58	-6.24
2024-09-05T07:39:56	1070.53	-1341.67	4791.17	-6.95	-2.08	-6.58
2024-09-05T07:39:58	1068.93	-1335.13	4786.73	-7.81	-1.58	-6.91
2024-09-05T07:40:00	1067.34	-1328.59	4782.29	-8.70	-1.09	-7.25
2024-09-05T07:40:02	1065.75	-1322.05	4777.85	-9.61	-0.60	-7.59
2024-09-05T07:40:04	1064.15	-1315.50	4773.40	-10.52	-0.15	-7.93
2024-09-05T07:40:06	1062.55	-1308.96	4768.95	-11.42	0.25	-8.30
2024-09-05T07:40:08	1060.96	-1302.41	4764.49	-12.29	0.63	-8.66
2024-09-05T07:40:10	1059.36	-1295.86	4760.03	-13.14	0.98	-9.03
2024-09-05T07:40:12	1057.76	-1289.32	4755.57	-13.96	1.32	-9.39
2024-09-05T07:40:14	1056.16	-1282.77	4751.11	-14.75	1.63	-9.76
2024-09-05T07:40:16	1054.56	-1276.22	4746.64	-15.50	1.91	-10.13
2024-09-05T07:40:18	1052.96	-1269.67	4742.17	-16.24	2.20	-10.55
2024-09-05T07:40:20	1051.36	-1263.11	4737.70	-17.03	2.54	-11.06
2024-09-05T07:40:22	1049.76	-1256.56	4733.22	-18.19	3.12	-11.65
2024-09-05T07:40:24	1048.16	-1250.01	4728.74	-19.45	3.82	-12.27
2024-09-05T07:40:26	1046.55	-1243.46	4724.25	-20.60	4.55	-12.89
2024-09-05T07:40:28	1044.95	-1236.90	4719.77	-21.69	5.31	-13.51
2024-09-05T07:40:30	1043.34	-1230.34	4715.28	-22.73	6.07	-14.13
2024-09-05T07:40:32	1041.74	-1223.79	4710.78	-23.71	6.84	-14.74
2024-09-05T07:40:34	1040.13	-1217.23	4706.28	-24.63	7.60	-15.36
2024-09-05T07:40:36	1038.52	-1210.67	4701.78	-25.50	8.36	-15.97
2024-09-05T07:40:38	1036.92	-1204.11	4697.28	-26.32	9.12	-16.58
2024-09-05T07:40:40	1035.31	-1197.55	4692.77	-27.71	9.71	-17.28
2024-09-05T07:40:42	1033.70	-1190.99	4688.26	-29.20	10.28	-18.01
2024-09-05T07:40:44	1032.09	-1184.43	4683.75	-30.94	10.75	-18.75
2024-09-05T07:40:46	1030.48	-1177.86	4679.23	-32.86	11.14	-19.52
2024-09-05T07:40:48	1028.87	-1171.30	4674.71	-34.83	11.51	-20.34
2024-09-05T07:40:50	1027.26	-1164.73	4670.18	-36.85	11.88	-21.21
2024-09-05T07:40:52	1025.64	-1158.17	4665.65	-38.93	12.25	-22.14
2024-09-05T07:40:54	1024.03	-1151.60	4661.12	-41.05	12.61	-23.14
2024-09-05T07:40:56	1022.42	-1145.04	4656.58	-43.01	12.95	-24.22
2024-09-05T07:40:58	1020.80	-1138.47	4652.05	-44.36	13.23	-25.41
2024-09-05T07:41:00	1019.19	-1131.90	4647.50	-45.67	13.53	-26.64
2024-09-05T07:41:02	1017.57	-1125.33	4642.96	-46.95	13.86	-27.91
2024-09-05T07:41:04	1015.96	-1118.76	4638.41	-48.18	14.22	-29.21
2024-09-05T07:41:06	1014.34	-1112.19	4633.86	-49.37	14.61	-30.52
2024-09-05T07:41:08	1012.72	-1105.61	4629.30	-50.49	15.03	-31.83
2024-09-05T07:41:10	1011.10	-1099.04	4624.74	-51.72	15.49	-32.81
2024-09-05T07:41:12	1009.48	-1092.47	4620.18	-52.98	15.98	-33.78
2024-09-05T07:41:14	1007.86	-1085.89	4615.61	-54.61	16.73	-34.27
2024-09-05T07:41:16	1006.24	-1079.31	4611.04	-56.42	17.72	-34.42
2024-09-05T07:41:18	1004.61	-1072.74	4606.46	-58.07	18.76	-34.65
2024-09-05T07:41:20	1002.99	-1066.16	4601.89	-59.55	19.85	-34.97
2024-09-05T07:41:22	1001.37	-1059.58	4597.31	-60.86	20.98	-35.37
2024-09-05T07:41:24	999.74	-1053.00	4592.72	-62.00	22.14	-35.86
2024-09-05T07:41:26	998.12	-1046.42	4588.13	-62.95	23.32	-36.46
2024-09-05T07:41:28	996.49	-1039.84	4583.54	-63.73	24.51	-37.16
2024-09-05T07:41:30	994.87	-1033.26	4578.95	-64.32	25.71	-37.97
2024-09-05T07:41:32	993.24	-1026.68	4574.35	-65.29	26.42	-38.93
2024-09-05T07:41:34	991.61	-1020.09	4569.74	-66.38	26.74	-39.69
2024-09-05T07:41:36	989.98	-1013.51	4565.14	-67.55	26.74	-40.20
2024-09-05T07:41:38	988.35	-1006.92	4560.53	-68.87	26.67	-40.72
2024-09-05T07:41:40	986.72	-1000.34	4555.91	-70.43	26.41	-41.23
2024-09-05T07:41:42	985.09	-993.75	4551.29	-72.06	26.15	-41.79
2024-09-05T07:41:44	983.46	-987.16	4546.67	-73.74	25.89	-42.40
2024-09-05T07:41:46	981.82	-980.57	4542.05	-75.46	25.66	-43.08
2024-09-05T07:41:48	980.19	-973.99	4537.42	-77.05	25.42	-43.86
2024-09-05T07:41:50	978.56	-967.40	4532.78	-77.98	25.11	-44.85
2024-09-05T07:41:52	976.92	-960.81	4528.15	-78.95	24.93	-45.82
2024-09-05T07:41:54	975.29	-954.21	4523.51	-79.98	24.85	-46.76
2024-09-05T07:41:56	973.65	-947.62	4518.86	-81.08	24.89	-47.68
2024-09-05T07:41:58	972.01	-941.03	4514.21	-82.26	25.02	-48.60
2024-09-05T07:42:00	970.37	-934.43	4509.56	-83.59	25.23	-49.65
2024-09-05T07:42:02	968.73	-927.84	4504.91	-84.99	25.41	-50.67
2024-09-05T07:42:04	967.09	-921.24	4500.25	-86.46	25.57	-51.68
2024-09-05T07:42:06	965.45	-914.65	4495.59	-87.81	25.50	-52.52
2024-09-05T07:42:08	963.81	-908.05	4490.92	-88.94	25.22	-53.18
2024-09-05T07:42:10	962.17	-901.45	4486.25	-89.97	24.97	-53.79
2024-09-05T07:42:12	960.53	-894.85	4481.57	-90.90	24.76	-54.36
2024-09-05T07:42:14	958.88	-888.25	4476.89	-91.75	24.57	-54.88
2024-09-05T07:42:16	957.24	-881.65	4472.21	-92.51	24.42	-55.36
2024-09-05T07:42:18	955.59	-875.05	4467.53	-93.19	24.30	-55.81
2024-09-05T07:42:20	953.95	-868.45	4462.84	-93.77	24.22	-56.23
2024-09-05T07:42:22	952.30	-861.85	4458.14	-94.28	24.17	-56.62
2024-09-05T07:42:24	950.65	-855.24	4453.44	-94.82	24.52	-57.02
2024-09-05T07:42:26	949.00	-848.64	4448.74	-95.33	24.89	-57.43
2024-09-05T07:42:28	947.35	-842.03	4444.04	-95.81	25.22	-57.82
2024-09-05T07:42:30	945.70	-835.43	4439.32	-96.24	25.51	-58.21
2024-09-05T07:42:32	944.05	-828.82	4434.61	-96.63	25.74	-58.57
2024-09-05T07:42:34	942.40	-822.21	4429.89	-96.98	25.92	-58.92
2024-09-05T07:42:36	940.75	-815.61	4425.17	-97.28	26.04	-59.25
2024-09-05T07:42:38	939.10	-809.00	4420.44	-97.55	26.11	-59.54
2024-09-05T07:42:40	937.44	-802.39	4415.71	-97.81	26.10	-59.85
2024-09-05T07:42:42	935.78	-795.78	4410.98	-98.23	25.93	-60.29
2024-09-05T07:42:44	934.13	-789.17	4406.24	-98.61	25.75	-60.73
2024-09-05T07:42:46	932.47	-782.55	4401.50	-98.95	25.54	-61.17
2024-09-05T07:42:48	930.81	-775.94	4396.75	-99.30	25.11	-61.57
2024-09-05T07:42:50	929.15	-769.33	4392.00	-99.66	24.61	-62.02
2024-09-05T07:42:52	927.50	-762.71	4387.25	-100.00	24.16	-62.53
2024-09-05T07:42:54	925.84	-756.10	4382.49	-100.32	23.75	-63.08
2024-09-05T07:42:56	924.17	-749.49	4377.73	-100.63	23.39	-63.68
2024-09-05T07:42:58	922.51	-742.87	4372.96	-100.90	23.01	-64.31
2024-09-05T07:43:00	920.85	-736.25	4368.19	-101.13	22.61	-64.92
2024-09-05T07:43:02	919.19	-729.64	4363.41	-101.36	22.22	-65.49
2024-09-05T07:43:04	917.52	-723.02	4358.64	-101.59	21.83	-66.03
2024-09-05T07:43:06	915.86	-716.40	4353.85	-101.82	21.46	-66.54
2024-09-05T07:43:08	914.19	-709.78	4349.06	-102.05	21.11	-67.02
2024-09-05T07:43:10	912.52	-703.16	4344.27	-102.30	20.76	-67.45
2024-09-05T07:43:12	910.86	-696.54	4339.48	-102.57	20.55	-67.90
2024-09-05T07:43:14	909.19	-689.91	4334.67	-102.86	20.39	-68.36
2024-09-05T07:43:16	907.52	-683.29	4329.87	-103.28	20.22	-68.79
2024-09-05T07:43:18	905.85	-676.67	4325.06	-103.68	20.06	-69.23
2024-09-05T07:43:20	904.18	-670.05	4320.25	-104.06	19.90	-69.67
2024-09-05T07:43:22	902.50	-663.42	4315.43	-104.41	19.76	-70.12
2024-09-05T07:43:24	900.83	-656.80	4310.61	-104.75	19.63	-70.57
2024-09-05T07:43:26	899.16	-650.17	4305.79	-105.07	19.51	-71.02
2024-09-05T07:43:28	897.48	-643.55	4300.95	-105.38	19.39	-71.46
2024-09-05T07:43:30	895.81	-636.92	4296.12	-105.68	19.29	-71.90
2024-09-05T07:43:32	894.13	-630.29	4291.28	-105.95	19.20	-72.34
2024-09-05T07:43:34	892.45	-623.66	4286.44	-106.15	19.12	-72.82
2024-09-05T07:43:36	890.78	-617.03	4281.59	-106.41	18.98	-73.25
2024-09-05T07:43:38	889.10	-610.40	4276.74	-106.68	18.83	-73.67
2024-09-05T07:43:40	887.42	-603.77	4271.88	-106.95	18.69	-74.08
2024-09-05T07:43:42	885.73	-597.14	4267.02	-107.23	18.55	-74.48
2024-09-05T07:43:44	884.05	-590.51	4262.16	-107.52	18.41	-74.87
2024-09-05T07:43:46	882.37	-583.88	4257.29	-107.81	18.28	-75.25
2024-09-05T07:43:48	880.69	-577.25	4252.41	-108.12	18.15	-75.62
2024-09-05T07:43:50	879.00	-570.61	4247.53	-108.40	18.02	-76.02
2024-09-05T07:43:52	877.32	-563.98	4242.65	-108.65	17.89	-76.47
2024-09-05T07:43:54	875.63	-557.34	4237.76	-108.90	17.76	-76.93
2024-09-05T07:43:56	873.94	-550.71	4232.87	-109.14	17.63	-77.42
2024-09-05T07:43:58	872.26	-544.07	4227.97	-109.42	17.50	-77.94
2024-09-05T07:44:00	870.57	-537.44	4223.07	-109.72	17.35	-78.44
2024-09-05T07:44:02	868.88	-530.80	4218.17	-109.99	17.20	-78.93
2024-09-05T07:44:04	867.19	-524.16	4213.26	-110.22	17.03	-79.40
2024-09-05T07:44:06	865.49	-517.52	4208.34	-110.43	16.86	-79.86
2024-09-05T07:44:08	863.80	-510.88	4203.42	-110.68	16.69	-80.29
2024-09-05T07:44:10	862.11	-504.25	4198.50	-110.92	16.53	-80.73
2024-09-05T07:44:12	860.41	-497.61	4193.57	-111.15	16.39	-81.19
2024-09-05T07:44:14	858.72	-490.96	4188.64	-111.39	16.26	-81.67
2024-09-05T07:44:16	857.02	-484.32	4183.70	-111.62	16.13	-82.16
2024-09-05T07:44:18	855.33	-477.68	4178.76	-111.85	16.02	-82.67
2024-09-05T07:44:20	853.63	-471.04	4173.81	-112.08	15.92	-83.19
2024-09-05T07:44:22	851.93	-464.40	4168.86	-112.31	15.82	-83.69
2024-09-05T07:44:24	850.23	-457.76	4163.90	-112.55	15.68	-84.13
2024-09-05T07:44:26	848.53	-451.11	4158.94	-112.77	15.49	-84.52
2024-09-05T07:44:28	846.83	-444.47	4153.97	-112.98	15.30	-84.93
2024-09-05T07:44:30	845.13	-437.82	4149.00	-113.16	15.09	-85.33
2024-09-05T07:44:32	843.42	-431.18	4144.03	-113.33	14.89	-85.74
2024-09-05T07:44:34	841.72	-424.53	4139.05	-113.48	14.68	-86.16
2024-09-05T07:44:36	840.01	-417.89	4134.06	-113.60	14.46	-86.57
2024-09-05T07:44:38	838.31	-411.24	4129.08	-113.71	14.25	-87.00
2024-09-05T07:44:40	836.60	-404.59	4124.08	-113.79	14.03	-87.42
2024-09-05T07:44:42	834.89	-397.94	4119.08	-113.92	13.80	-87.83
2024-09-05T07:44:44	833.18	-391.30	4114.08	-114.08	13.56	-88.25
2024-09-05T07:44:46	831.47	-384.65	4109.07	-114.27	13.37	-88.68
2024-09-05T07:44:48	829.76	-378.00	4104.05	-114.46	13.17	-89.12
2024-09-05T07:44:50	828.05	-371.35	4099.03	-114.65	12.95	-89.56
2024-09-05T07:44:52	826.33	-364.70	4094.01	-114.83	12.73	-89.99
2024-09-05T07:44:54	824.62	-358.05	4088.98	-115.00	12.49	-90.42
2024-09-05T07:44:56	822.90	-351.40	4083.95	-115.16	12.26	-90.83
2024-09-05T07:44:58	821.19	-344.75	4078.91	-115.29	12.02	-91.23
2024-09-05T07:45:00	819.47	-338.10	4073.87	-115.39	11.80	-91.62
2024-09-05T07:45:02	817.76	-331.44	4068.82	-115.47	11.59	-91.99
2024-09-05T07:45:04	816.04	-324.79	4063.77	-115.56	11.39	-92.37
2024-09-05T07:45:06	814.32	-318.14	4058.71	-115.64	11.18	-92.75
2024-09-05T07:45:08	812.60	-311.49	4053.65	-115.76	10.97	-93.22
2024-09-05T07:45:10	810.87	-304.83	4048.58	-115.88	10.75	-93.72
2024-09-05T07:45:12	809.15	-298.18	4043.51	-116.01	10.53	-94.24
2024-09-05T07:45:14	807.43	-291.52	4038.43	-116.13	10.31	-94.75
2024-09-05T07:45:16	805.70	-284.87	4033.34	-116.26	10.04	-95.28
2024-09-05T07:45:18	803.98	-278.21	4028.26	-116.40	9.75	-95.82
2024-09-05T07:45:20	802.25	-271.56	4023.16	-116.52	9.45	-96.36
2024-09-05T07:45:22	800.52	-264.90	4018.07	-116.65	9.15	-96.88
2024-09-05T07:45:24	798.80	-258.24	4012.96	-116.76	8.85	-97.40
2024-09-05T07:45:26	797.07	-251.59	4007.85	-116.87	8.55	-97.91
2024-09-05T07:45:28	795.34	-244.93	4002.74	-116.98	8.24	-98.42
2024-09-05T07:45:30	793.60	-238.27	3997.62	-117.09	7.93	-98.95
2024-09-05T07:45:32	791.87	-231.62	3992.49	-117.22	7.61	-99.52
2024-09-05T07:45:34	790.14	-224.96	3987.37	-117.34	7.31	-100.09
2024-09-05T07:45:36	788.40	-218.30	3982.23	-117.45	7.00	-100.65
2024-09-05T07:45:38	786.67	-211.64	3977.09	-117.56	6.70	-101.22
2024-09-05T07:45:40	784.93	-204.98	3971.95	-117.66	6.38	-101.78
2024-09-05T07:45:42	783.19	-198.32	3966.80	-117.77	6.07	-102.34
2024-09-05T07:45:44	781.45	-191.66	3961.64	-117.88	5.75	-102.90
2024-09-05T07:45:46	779.71	-185.01	3956.48	-117.99	5.43	-103.47
2024-09-05T07:45:48	777.97	-178.35	3951.31	-118.09	5.11	-104.03
2024-09-05T07:45:50	776.23	-171.69	3946.14	-118.20	4.76	-104.57
2024-09-05T07:45:52	774.49	-165.02	3940.97	-118.32	4.39	-105.06
2024-09-05T07:45:54	772.75	-158.37	3935.78	-118.45	4.02	-105.57
2024-09-05T07:45:56	771.00	-151.70	3930.60	-118.59	3.65	-106.09
2024-09-05T07:45:58	769.26	-145.04	3925.40	-118.73	3.28	-106.63
2024-09-05T07:46:00	767.51	-138.38	3920.20	-118.88	2.91	-107.20
2024-09-05T07:46:02	765.76	-131.72	3915.00	-119.03	2.55	-107.79
2024-09-05T07:46:04	764.01	-125.06	3909.79	-119.20	2.18	-108.40
2024-09-05T07:46:06	762.26	-118.40	3904.58	-119.37	1.81	-109.04
2024-09-05T07:46:08	760.51	-111.73	3899.36	-119.53	1.43	-109.67
2024-09-05T07:46:10	758.76	-105.07	3894.13	-119.66	1.04	-110.29
2024-09-05T07:46:12	757.01	-98.41	3888.90	-119.78	0.65	-110.90
2024-09-05T07:46:14	755.26	-91.75	3883.67	-119.89	0.25	-111.47
2024-09-05T07:46:16	753.50	-85.09	3878.42	-119.99	-0.14	-111.99
2024-09-05T07:46:18	751.74	-78.42	3873.18	-120.09	-0.52	-112.53
2024-09-05T07:46:20	749.99	-71.76	3867.92	-120.20	-0.91	-113.08
2024-09-05T07:46:22	748.23	-65.10	3862.66	-120.31	-1.30	-113.63
2024-09-05T07:46:24	746.47	-58.43	3857.40	-120.43	-1.69	-114.19
2024-09-05T07:46:26	744.71	-51.77	3852.13	-120.54	-2.09	-114.73
2024-09-05T07:46:28	742.95	-45.11	3846.85	-120.65	-2.50	-115.28
2024-09-05T07:46:30	741.19	-38.44	3841.57	-120.77	-2.92	-115.83
2024-09-05T07:46:32	739.42	-31.78	3836.29	-120.88	-3.35	-116.39
2024-09-05T07:46:34	737.66	-25.12	3830.99	-120.99	-3.78	-116.95
2024-09-05T07:46:36	735.89	-18.45	3825.70	-121.12	-4.25	-117.54
2024-09-05T07:46:38	734.13	-11.79	3820.39	-121.27	-4.73	-118.17
2024-09-05T07:46:40	732.36	-5.13	3815.08	-121.42	-5.22	-118.79
2024-09-05T07:46:42	730.59	1.54	3809.77	-121.58	-5.71	-119.42
2024-09-05T07:46:44	728.82	8.20	3804.45	-121.74	-6.19	-120.03
2024-09-05T07:46:46	727.05	14.86	3799.12	-121.91	-6.67	-120.64
2024-09-05T07:46:48	725.28	21.53	3793.79	-122.08	-7.16	-121.24
2024-09-05T07:46:50	723.50	28.19	3788.45	-122.24	-7.65	-121.84
2024-09-05T07:46:52	721.73	34.85	3783.10	-122.41	-8.14	-122.44
2024-09-05T07:46:54	719.96	41.52	3777.75	-122.58	-8.64	-123.04
2024-09-05T07:46:56	718.18	48.18	3772.40	-122.75	-9.14	-123.64
2024-09-05T07:46:58	716.40	54.84	3767.04	-122.92	-9.64	-124.26
2024-09-05T07:47:00	714.62	61.51	3761.67	-123.08	-10.15	-124.86
2024-09-05T07:47:02	712.85	68.17	3756.29	-123.24	-10.67	-125.44
2024-09-05T07:47:04	711.06	74.83	3750.92	-123.40	-11.20	-126.03
2024-09-05T07:47:06	709.28	81.50	3745.53	-123.56	-11.74	-126.60
2024-09-05T07:47:08	707.50	88.16	3740.14	-123.71	-12.29	-127.17
2024-09-05T07:47:10	705.72	94.82	3734.74	-123.87	-12.85	-127.74
2024-09-05T07:47:12	703.93	101.48	3729.34	-124.03	-13.42	-128.30
2024-09-05T07:47:14	702.14	108.15	3723.93	-124.18	-13.99	-128.86
2024-09-05T07:47:16	700.36	114.81	3718.51	-124.33	-14.56	-129.40
2024-09-05T07:47:18	698.57	121.47	3713.09	-124.49	-15.12	-129.94
2024-09-05T07:47:20	696.78	128.13	3707.67	-124.68	-15.69	-130.56
2024-09-05T07:47:22	694.99	134.79	3702.23	-124.87	-16.26	-131.18
2024-09-05T07:47:24	693.20	141.45	3696.79	-125.06	-16.85	-131.80
2024-09-05T07:47:26	691.41	148.12	3691.35	-125.24	-17.44	-132.43
2024-09-05T07:47:28	689.61	154.78	3685.89	-125.43	-18.03	-133.07
2024-09-05T07:47:30	687.82	161.44	3680.43	-125.61	-18.64	-133.71
2024-09-05T07:47:32	686.02	168.10	3674.97	-125.79	-19.25	-134.36
2024-09-05T07:47:34	684.22	174.76	3669.50	-125.99	-19.88	-134.96
2024-09-05T07:47:36	682.43	181.42	3664.02	-126.19	-20.52	-135.55
2024-09-05T07:47:38	680.63	188.08	3658.54	-126.39	-21.18	-136.14
2024-09-05T07:47:40	678.83	194.74	3653.05	-126.59	-21.86	-136.73
2024-09-05T07:47:42	677.02	201.40	3647.56	-126.79	-22.54	-137.32
2024-09-05T07:47:44	675.22	208.05	3642.06	-126.99	-23.23	-137.92
2024-09-05T07:47:46	673.42	214.71	3636.55	-127.18	-23.91	-138.51
2024-09-05T07:47:48	671.61	221.37	3631.03	-127.37	-24.59	-139.11
2024-09-05T07:47:50	669.81	228.03	3625.51	-127.56	-25.27	-139.69
2024-09-05T07:47:52	668.00	234.69	3619.99	-127.72	-25.94	-140.24
2024-09-05T07:47:54	666.19	241.34	3614.45	-127.88	-26.61	-140.79
2024-09-05T07:47:56	664.38	248.00	3608.92	-128.05	-27.28	-141.34
2024-09-05T07:47:58	662.57	254.66	3603.37	-128.21	-27.97	-141.87
2024-09-05T07:48:00	660.76	261.31	3597.82	-128.39	-28.67	-142.44
2024-09-05T07:48:02	658.95	267.97	3592.26	-128.58	-29.40	-143.06
2024-09-05T07:48:04	657.13	274.62	3586.69	-128.78	-30.15	-143.70
2024-09-05T07:48:06	655.32	281.27	3581.12	-128.97	-30.92	-144.35
2024-09-05T07:48:08	653.50	287.93	3575.54	-129.17	-31.70	-145.00
2024-09-05T07:48:10	651.68	294.58	3569.96	-129.35	-32.49	-145.63
2024-09-05T07:48:12	649.86	301.23	3564.37	-129.54	-33.27	-146.26
2024-09-05T07:48:14	648.04	307.88	3558.77	-129.71	-34.05	-146.88
2024-09-05T07:48:16	646.22	314.54	3553.17	-129.89	-34.83	-147.48
2024-09-05T07:48:18	644.40	321.19	3547.56	-130.05	-35.61	-148.07
2024-09-05T07:48:20	642.58	327.84	3541.94	-130.21	-36.40	-148.66
2024-09-05T07:48:22	640.75	334.49	3536.31	-130.40	-37.20	-149.26
2024-09-05T07:48:24	638.93	341.14	3530.68	-130.59	-38.01	-149.87
2024-09-05T07:48:26	637.10	347.78	3525.05	-130.77	-38.82	-150.44
2024-09-05T07:48:28	635.27	354.43	3519.40	-130.95	-39.63	-151.02
2024-09-05T07:48:30	633.44	361.08	3513.75	-131.12	-40.46	-151.60
2024-09-05T07:48:32	631.61	367.73	3508.09	-131.30	-41.29	-152.19
2024-09-05T07:48:34	629.78	374.37	3502.43	-131.48	-42.14	-152.77
2024-09-05T07:48:36	627.95	381.02	3496.76	-131.66	-42.99	-153.36
2024-09-05T07:48:38	626.11	387.66	3491.08	-131.84	-43.86	-153.95
2024-09-05T07:48:40	624.28	394.30	3485.40	-132.01	-44.74	-154.55
2024-09-05T07:48:42	622.44	400.95	3479.71	-132.21	-45.66	-155.17
2024-09-05T07:48:44	620.60	407.59	3474.01	-132.40	-46.58	-155.78
2024-09-05T07:48:46	618.76	414.23	3468.30	-132.58	-47.52	-156.38
2024-09-05T07:48:48	616.93	420.87	3462.59	-132.76	-48.46	-156.98
2024-09-05T07:48:50	615.08	427.51	3456.87	-132.93	-49.40	-157.58
2024-09-05T07:48:52	613.24	434.15	3451.15	-133.11	-50.36	-158.17
2024-09-05T07:48:54	611.40	440.79	3445.42	-133.27	-51.32	-158.75
2024-09-05T07:48:56	609.55	447.42	3439.68	-133.44	-52.29	-159.34
2024-09-05T07:48:58	607.71	454.06	3433.93	-133.59	-53.28	-159.92
2024-09-05T07:49:00	605.86	460.69	3428.18	-133.70	-54.19	-160.45
2024-09-05T07:49:02	604.01	467.33	3422.42	-133.84	-55.12	-161.01
2024-09-05T07:49:04	602.16	473.96	3416.65	-133.97	-56.05	-161.57
2024-09-05T07:49:06	600.31	480.59	3410.88	-134.10	-56.98	-162.11
2024-09-05T07:49:08	598.46	487.22	3405.10	-134.22	-57.92	-162.65
2024-09-05T07:49:10	596.61	493.86	3399.31	-134.33	-58.87	-163.17
2024-09-05T07:49:12	594.75	500.49	3393.51	-134.45	-59.81	-163.68
2024-09-05T07:49:14	592.90	507.11	3387.71	-134.56	-60.76	-164.18
2024-09-05T07:49:16	591.04	513.74	3381.90	-134.68	-61.72	-164.66
2024-09-05T07:49:18	589.18	520.37	3376.08	-134.82	-62.68	-165.13
2024-09-05T07:49:20	587.33	526.99	3370.26	-134.96	-63.67	-165.61
2024-09-05T07:49:22	585.46	533.62	3364.43	-135.14	-64.71	-166.19
2024-09-05T07:49:24	583.60	540.24	3358.59	-135.32	-65.77	-166.76
2024-09-05T07:49:26	581.74	546.86	3352.75	-135.48	-66.84	-167.33
2024-09-05T07:49:28	579.88	553.48	3346.89	-135.65	-67.92	-167.88
2024-09-05T07:49:30	578.01	560.10	3341.04	-135.80	-69.02	-168.43
2024-09-05T07:49:32	576.14	566.72	3335.17	-135.96	-70.14	-168.98
2024-09-05T07:49:34	574.28	573.33	3329.29	-136.10	-71.21	-169.50
2024-09-05T07:49:36	572.41	579.95	3323.41	-136.23	-72.25	-170.00
2024-09-05T07:49:38	570.54	586.56	3317.52	-136.35	-73.30	-170.49
2024-09-05T07:49:40	568.66	593.18	3311.63	-136.47	-74.36	-170.98
2024-09-05T07:49:42	566.79	599.79	3305.72	-136.60	-75.44	-171.47
2024-09-05T07:49:44	564.92	606.40	3299.81	-136.72	-76.54	-171.95
2024-09-05T07:49:46	563.04	613.01	3293.90	-136.83	-77.64	-172.42
2024-09-05T07:49:48	561.17	619.62	3287.97	-136.93	-78.75	-172.88
2024-09-05T07:49:50	559.29	626.22	3282.04	-137.02	-79.87	-173.33
2024-09-05T07:49:52	557.41	632.83	3276.10	-137.07	-81.03	-173.79
2024-09-05T07:49:54	555.53	639.43	3270.15	-137.12	-82.22	-174.26
2024-09-05T07:49:56	553.65	646.03	3264.19	-137.17	-83.42	-174.72
2024-09-05T07:49:58	551.77	652.63	3258.23	-137.21	-84.65	-175.18
2024-09-05T07:50:00	549.88	659.23	3252.26	-137.31	-85.93	-175.76
2024-09-05T07:50:02	548.00	665.83	3246.28	-137.42	-87.24	-176.36
2024-09-05T07:50:04	546.11	672.43	3240.30	-137.53	-88.56	-176.94
2024-09-05T07:50:06	544.22	679.02	3234.30	-137.64	-89.89	-177.50
2024-09-05T07:50:08	542.34	685.61	3228.30	-137.74	-91.21	-178.03
2024-09-05T07:50:10	540.45	692.21	3222.30	-137.84	-92.47	-178.50
2024-09-05T07:50:12	538.56	698.79	3216.28	-137.93	-93.74	-178.94
2024-09-05T07:50:14	536.66	705.38	3210.25	-138.02	-95.02	-179.36
2024-09-05T07:50:16	534.77	711.97	3204.23	-138.11	-96.31	-179.76
2024-09-05T07:50:18	532.87	718.55	3198.19	-138.20	-97.62	-180.15
2024-09-05T07:50:20	530.98	725.14	3192.14	-138.32	-98.97	-180.62
2024-09-05T07:50:22	529.08	731.72	3186.09	-138.41	-100.29	-181.07
2024-09-05T07:50:24	527.18	738.30	3180.02	-138.49	-101.63	-181.50
2024-09-05T07:50:26	525.28	744.88	3173.95	-138.50	-102.93	-181.92
2024-09-05T07:50:28	523.38	751.45	3167.88	-138.48	-104.21	-182.31
2024-09-05T07:50:30	521.48	758.03	3161.79	-138.46	-105.51	-182.70
2024-09-05T07:50:32	519.58	764.60	3155.70	-138.43	-106.81	-183.06
2024-09-05T07:50:34	517.67	771.17	3149.60	-138.40	-108.11	-183.42
2024-09-05T07:50:36	515.76	777.74	3143.49	-138.36	-109.42	-183.76
2024-09-05T07:50:38	513.86	784.30	3137.37	-138.37	-110.81	-184.14
2024-09-05T07:50:40	511.95	790.87	3131.25	-138.39	-112.23	-184.53
2024-09-05T07:50:42	510.04	797.43	3125.11	-138.40	-113.65	-184.92
2024-09-05T07:50:44	508.13	803.99	3118.97	-138.38	-115.08	-185.26
2024-09-05T07:50:46	506.21	810.55	3112.83	-138.36	-116.52	-185.60
2024-09-05T07:50:48	504.30	817.10	3106.67	-138.32	-117.95	-185.93
2024-09-05T07:50:50	502.38	823.66	3100.51	-138.27	-119.39	-186.26
2024-09-05T07:50:52	500.47	830.21	3094.33	-138.22	-120.84	-186.60
2024-09-05T07:50:54	498.55	836.76	3088.15	-138.16	-122.29	-186.94
2024-09-05T07:50:56	496.63	843.31	3081.97	-138.16	-123.79	-187.27
2024-09-05T07:50:58	494.71	849.85	3075.77	-138.21	-125.33	-187.55
2024-09-05T07:51:00	492.79	856.40	3069.56	-138.29	-126.85	-187.77
2024-09-05T07:51:02	490.87	862.94	3063.35	-138.39	-128.29	-187.90
2024-09-05T07:51:04	488.94	869.48	3057.13	-138.49	-129.73	-188.04
2024-09-05T07:51:06	487.02	876.01	3050.91	-138.59	-131.18	-188.18
2024-09-05T07:51:08	485.09	882.55	3044.67	-138.68	-132.63	-188.32
2024-09-05T07:51:10	483.17	889.08	3038.42	-138.77	-134.08	-188.45
2024-09-05T07:51:12	481.24	895.61	3032.17	-138.85	-135.53	-188.59
2024-09-05T07:51:14	479.31	902.14	3025.91	-138.92	-137.04	-188.74
2024-09-05T07:51:16	477.38	908.66	3019.64	-138.96	-138.69	-188.89
2024-09-05T07:51:18	475.44	915.18	3013.36	-138.98	-140.34	-189.00
2024-09-05T07:51:20	473.51	921.70	3007.08	-138.98	-141.94	-189.07
2024-09-05T07:51:22	471.57	928.22	3000.78	-138.98	-143.51	-189.10
2024-09-05T07:51:24	469.64	934.73	2994.48	-138.97	-145.07	-189.11
2024-09-05T07:51:26	467.70	941.25	2988.17	-138.97	-146.61	-189.10
2024-09-05T07:51:28	465.76	947.76	2981.85	-138.97	-148.13	-189.06
2024-09-05T07:51:30	463.82	954.26	2975.52	-138.97	-149.64	-189.00
2024-09-05T07:51:32	461.88	960.77	2969.19	-138.98	-151.18	-188.94
2024-09-05T07:51:34	459.94	967.27	2962.85	-139.05	-152.83	-188.97
2024-09-05T07:51:36	457.99	973.77	2956.49	-139.07	-154.45	-189.01
2024-09-05T07:51:38	456.05	980.27	2950.13	-139.05	-156.03	-189.03
2024-09-05T07:51:40	454.10	986.76	2943.76	-139.00	-157.59	-189.00
2024-09-05T07:51:42	452.15	993.25	2937.39	-138.94	-159.15	-188.93
2024-09-05T07:51:44	450.20	999.74	2931.00	-138.86	-160.70	-188.81
2024-09-05T07:51:46	448.25	1006.22	2924.61	-138.76	-162.26	-188.65
2024-09-05T07:51:48	446.30	1012.70	2918.21	-138.66	-163.83	-188.44
2024-09-05T07:51:50	444.35	1019.18	2911.80	-138.55	-165.46	-188.22
2024-09-05T07:51:52	442.39	1025.66	2905.38	-138.42	-167.22	-188.10
2024-09-05T07:51:54	440.44	1032.13	2898.95	-138.28	-169.02	-188.03
2024-09-05T07:51:56	438.48	1038.60	2892.51	-138.13	-170.79	-187.96
2024-09-05T07:51:58	436.52	1045.07	2886.07	-137.98	-172.52	-187.86
2024-09-05T07:52:00	434.56	1051.53	2879.61	-137.83	-174.23	-187.74
2024-09-05T07:52:02	432.60	1057.99	2873.15	-137.68	-175.89	-187.60
2024-09-05T07:52:04	430.64	1064.45	2866.68	-137.53	-177.52	-187.42
2024-09-05T07:52:06	428.68	1070.90	2860.20	-137.40	-179.10	-187.20
2024-09-05T07:52:08	426.71	1077.36	2853.71	-137.28	-180.74	-186.93
2024-09-05T07:52:10	424.75	1083.80	2847.22	-137.17	-182.52	-186.62
2024-09-05T07:52:12	422.78	1090.25	2840.71	-137.09	-184.26	-186.29
2024-09-05T07:52:14	420.81	1096.69	2834.20	-137.02	-186.02	-185.92
2024-09-05T07:52:16	418.85	1103.13	2827.68	-136.96	-187.78	-185.51
2024-09-05T07:52:18	416.87	1109.56	2821.15	-136.91	-189.54	-185.04
2024-09-05T07:52:20	414.90	1115.99	2814.61	-136.80	-191.29	-184.52
2024-09-05T07:52:22	412.93	1122.42	2808.06	-136.69	-193.03	-183.96
2024-09-05T07:52:24	410.96	1128.85	2801.50	-136.55	-194.76	-183.38
2024-09-05T07:52:26	408.98	1135.27	2794.94	-136.42	-196.53	-182.89
2024-09-05T07:52:28	407.00	1141.69	2788.36	-136.29	-198.31	-182.46
2024-09-05T07:52:30	405.03	1148.10	2781.78	-136.13	-200.05	-182.14
2024-09-05T07:52:32	403.05	1154.51	2775.19	-135.93	-201.77	-181.77
2024-09-05T07:52:34	401.07	1160.92	2768.59	-135.70	-203.48	-181.36
2024-09-05T07:52:36	399.08	1167.32	2761.98	-135.45	-205.20	-180.88
2024-09-05T07:52:38	397.10	1173.72	2755.36	-135.19	-206.92	-180.36
2024-09-05T07:52:40	395.12	1180.11	2748.73	-134.91	-208.66	-179.79
2024-09-05T07:52:42	393.13	1186.51	2742.10	-134.63	-210.43	-179.17
2024-09-05T07:52:44	391.14	1192.89	2735.45	-134.44	-212.28	-178.69
2024-09-05T07:52:46	389.16	1199.28	2728.80	-134.26	-214.09	-178.21
2024-09-05T07:52:48	387.17	1205.66	2722.13	-134.08	-215.73	-177.73
2024-09-05T07:52:50	385.18	1212.03	2715.46	-133.87	-217.35	-177.20
2024-09-05T07:52:52	383.18	1218.41	2708.78	-133.63	-218.96	-176.61
2024-09-05T07:52:54	381.19	1224.78	2702.10	-133.35	-220.56	-175.96
2024-09-05T07:52:56	379.20	1231.14	2695.40	-133.04	-222.16	-175.26
2024-09-05T07:52:58	377.20	1237.50	2688.69	-132.68	-223.76	-174.51
2024-09-05T07:53:00	375.21	1243.86	2681.97	-132.29	-225.43	-173.69
2024-09-05T07:53:02	373.21	1250.21	2675.25	-131.89	-227.17	-172.84
2024-09-05T07:53:04	371.21	1256.56	2668.52	-131.48	-228.92	-171.97
2024-09-05T07:53:06	369.21	1262.90	2661.77	-131.12	-230.59	-171.11
2024-09-05T07:53:08	367.21	1269.24	2655.02	-130.73	-232.26	-170.26
2024-09-05T07:53:10	365.21	1275.57	2648.26	-130.31	-233.92	-169.42
2024-09-05T07:53:12	363.20	1281.91	2641.49	-129.86	-235.58	-168.60
2024-09-05T07:53:14	361.20	1288.23	2634.71	-129.40	-237.23	-167.79
2024-09-05T07:53:16	359.19	1294.55	2627.93	-128.91	-238.89	-166.96
2024-09-05T07:53:18	357.18	1300.87	2621.13	-128.68	-240.62	-166.06
2024-09-05T07:53:20	355.18	1307.18	2614.33	-128.50	-242.35	-165.08
2024-09-05T07:53:22	353.17	1313.49	2607.51	-128.38	-244.08	-164.03
2024-09-05T07:53:24	351.16	1319.80	2600.69	-128.34	-245.83	-162.91
2024-09-05T07:53:26	349.14	1326.10	2593.85	-128.27	-247.54	-161.72
2024-09-05T07:53:28	347.13	1332.39	2587.01	-128.18	-249.22	-160.47
2024-09-05T07:53:30	345.12	1338.68	2580.16	-128.05	-250.87	-159.17
2024-09-05T07:53:32	343.10	1344.97	2573.30	-127.91	-252.49	-157.82
2024-09-05T07:53:34	341.08	1351.25	2566.43	-127.77	-254.15	-156.41
2024-09-05T07:53:36	339.06	1357.52	2559.56	-127.64	-255.83	-154.99
2024-09-05T07:53:38	337.05	1363.79	2552.67	-127.48	-257.49	-153.55
2024-09-05T07:53:40	335.03	1370.06	2545.77	-127.29	-259.11	-152.10
2024-09-05T07:53:42	333.00	1376.32	2538.87	-127.13	-260.56	-150.79
2024-09-05T07:53:44	330.98	1382.58	2531.95	-126.95	-262.01	-149.44
2024-09-05T07:53:46	328.96	1388.83	2525.03	-126.73	-263.44	-148.05
2024-09-05T07:53:48	326.93	1395.08	2518.10	-126.48	-264.86	-146.62
2024-09-05T07:53:50	324.91	1401.32	2511.16	-126.16	-266.34	-145.18
2024-09-05T07:53:52	322.88	1407.56	2504.21	-125.74	-267.97	-143.78
2024-09-05T07:53:54	320.85	1413.79	2497.24	-125.28	-269.56	-142.37
2024-09-05T07:53:56	318.82	1420.01	2490.28	-124.79	-271.13	-140.93
2024-09-05T07:53:58	316.79	1426.23	2483.30	-124.26	-272.66	-139.47
2024-09-05T07:54:00	314.76	1432.45	2476.31	-123.68	-274.16	-138.13
2024-09-05T07:54:02	312.73	1438.66	2469.31	-123.11	-275.64	-136.79
2024-09-05T07:54:04	310.69	1444.87	2462.31	-122.56	-277.11	-135.42
2024-09-05T07:54:06	308.66	1451.07	2455.29	-122.03	-278.58	-133.99
2024-09-05T07:54:08	306.62	1457.26	2448.27	-121.45	-280.09	-132.36
2024-09-05T07:54:10	304.58	1463.45	2441.24	-120.85	-281.55	-130.69
2024-09-05T07:54:12	302.54	1469.63	2434.20	-120.22	-282.97	-129.00
2024-09-05T07:54:14	300.50	1475.81	2427.14	-119.53	-284.33	-127.30
2024-09-05T07:54:16	298.46	1481.98	2420.08	-118.84	-285.68	-125.61
2024-09-05T07:54:18	296.42	1488.15	2413.01	-118.17	-287.06	-124.17
2024-09-05T07:54:20	294.38	1494.31	2405.93	-117.53	-288.47	-122.86
2024-09-05T07:54:22	292.33	1500.47	2398.84	-116.91	-289.92	-121.57
2024-09-05T07:54:24	290.29	1506.61	2391.75	-116.09	-291.37	-120.08
2024-09-05T07:54:26	288.24	1512.76	2384.64	-115.26	-292.74	-118.50
2024-09-05T07:54:28	286.19	1518.90	2377.52	-114.43	-294.05	-116.83
2024-09-05T07:54:30	284.15	1525.03	2370.40	-113.59	-295.30	-115.10
2024-09-05T07:54:32	282.10	1531.16	2363.27	-112.75	-296.52	-113.30
2024-09-05T07:54:34	280.05	1537.28	2356.12	-111.92	-297.69	-111.44
2024-09-05T07:54:36	277.99	1543.39	2348.97	-111.06	-298.77	-109.55
2024-09-05T07:54:38	275.94	1549.50	2341.81	-110.16	-299.66	-107.66
2024-09-05T07:54:40	273.89	1555.60	2334.64	-109.08	-300.65	-105.86
2024-09-05T07:54:42	271.83	1561.70	2327.46	-107.93	-301.70	-104.08
2024-09-05T07:54:44	269.78	1567.79	2320.27	-106.72	-302.79	-102.31
2024-09-05T07:54:46	267.72	1573.87	2313.07	-105.44	-303.92	-100.56
2024-09-05T07:54:48	265.66	1579.95	2305.86	-104.10	-305.08	-98.80
2024-09-05T07:54:50	263.60	1586.02	2298.65	-102.68	-306.25	-97.05
2024-09-05T07:54:52	261.54	1592.08	2291.42	-101.19	-307.42	-95.30
2024-09-05T07:54:54	259.48	1598.14	2284.18	-99.65	-308.59	-93.52
2024-09-05T07:54:56	257.42	1604.20	2276.94	-98.71	-309.66	-91.66
2024-09-05T07:54:58	255.36	1610.24	2269.69	-97.73	-310.66	-89.78
2024-09-05T07:55:00	253.29	1616.28	2262.42	-96.69	-311.61	-87.88
2024-09-05T07:55:02	251.23	1622.31	2255.15	-95.59	-312.50	-85.94
2024-09-05T07:55:04	249.16	1628.34	2247.87	-94.42	-313.31	-83.97
2024-09-05T07:55:06	247.09	1634.36	2240.58	-93.18	-314.05	-81.97
2024-09-05T07:55:08	245.03	1640.37	2233.28	-91.86	-314.70	-79.91
2024-09-05T07:55:10	242.96	1646.38	2225.97	-90.57	-315.33	-77.75
2024-09-05T07:55:12	240.89	1652.38	2218.66	-89.55	-316.21	-75.57
2024-09-05T07:55:14	238.82	1658.37	2211.33	-88.62	-317.21	-73.49
2024-09-05T07:55:16	236.75	1664.35	2203.99	-87.74	-318.19	-71.51
2024-09-05T07:55:18	234.67	1670.33	2196.65	-86.84	-319.04	-69.52
2024-09-05T07:55:20	232.60	1676.30	2189.29	-85.90	-319.74	-67.51
2024-09-05T07:55:22	230.52	1682.27	2181.93	-84.93	-320.31	-65.49
2024-09-05T07:55:24	228.45	1688.23	2174.56	-83.95	-320.75	-63.45
2024-09-05T07:55:26	226.37	1694.18	2167.18	-82.84	-321.11	-61.29
2024-09-05T07:55:28	224.29	1700.12	2159.79	-81.60	-321.53	-58.97
2024-09-05T07:55:30	222.22	1706.06	2152.39	-80.35	-321.99	-56.68
2024-09-05T07:55:32	220.14	1711.99	2144.98	-79.11	-322.50	-54.41
2024-09-05T07:55:34	218.06	1717.91	2137.56	-77.88	-323.13	-52.09
2024-09-05T07:55:36	215.98	1723.83	2130.13	-76.68	-323.69	-49.74
2024-09-05T07:55:38	213.89	1729.74	2122.70	-75.51	-324.18	-47.36
2024-09-05T07:55:40	211.81	1735.64	2115.25	-74.35	-324.59	-44.94
2024-09-05T07:55:42	209.73	1741.53	2107.80	-73.32	-324.81	-42.44
2024-09-05T07:55:44	207.64	1747.41	2100.34	-72.39	-325.00	-39.96
2024-09-05T07:55:46	205.56	1753.29	2092.87	-71.50	-325.23	-37.54
2024-09-05T07:55:48	203.47	1759.16	2085.39	-70.65	-325.48	-35.19
2024-09-05T07:55:50	201.38	1765.03	2077.89	-69.83	-325.76	-32.92
2024-09-05T07:55:52	199.30	1770.88	2070.40	-69.03	-326.06	-30.79
2024-09-05T07:55:54	197.21	1776.73	2062.89	-68.16	-326.30	-28.74
2024-09-05T07:55:56	195.12	1782.57	2055.37	-67.28	-326.41	-26.58
2024-09-05T07:55:58	193.03	1788.40	2047.85	-66.59	-326.26	-23.77
2024-09-05T07:56:00	190.93	1794.23	2040.31	-65.94	-326.02	-20.97
2024-09-05T07:56:02	188.84	1800.04	2032.77	-65.31	-325.68	-18.17
2024-09-05T07:56:04	186.75	1805.85	2025.22	-64.72	-325.21	-15.40
2024-09-05T07:56:06	184.66	1811.65	2017.66	-64.16	-324.67	-12.72
2024-09-05T07:56:08	182.56	1817.45	2010.09	-63.62	-324.06	-10.09
2024-09-05T07:56:10	180.47	1823.23	2002.51	-63.09	-323.42	-7.53
2024-09-05T07:56:12	178.37	1829.01	1994.92	-62.56	-322.89	-4.89
2024-09-05T07:56:14	176.28	1834.78	1987.32	-62.02	-322.60	-2.26
2024-09-05T07:56:16	174.18	1840.54	1979.72	-61.45	-322.25	0.30
2024-09-05T07:56:18	172.08	1846.29	1972.10	-60.87	-321.84	2.79
2024-09-05T07:56:20	169.98	1852.04	1964.48	-60.31	-321.37	5.21
2024-09-05T07:56:22	167.88	1857.77	1956.85	-59.77	-320.84	7.58
2024-09-05T07:56:24	165.78	1863.50	1949.21	-59.30	-320.24	9.89
2024-09-05T07:56:26	163.68	1869.22	1941.56	-58.90	-319.58	12.14
2024-09-05T07:56:28	161.58	1874.93	1933.90	-58.42	-319.40	14.83
2024-09-05T07:56:30	159.48	1880.63	1926.24	-57.89	-319.26	17.59
2024-09-05T07:56:32	157.37	1886.33	1918.56	-57.22	-319.12	20.38
2024-09-05T07:56:34	155.27	1892.02	1910.88	-56.44	-318.88	23.09
2024-09-05T07:56:36	153.16	1897.69	1903.19	-55.75	-318.56	25.75
2024-09-05T07:56:38	151.06	1903.36	1895.48	-55.17	-318.17	28.37
2024-09-05T07:56:40	148.95	1909.02	1887.77	-54.69	-317.72	30.98
2024-09-05T07:56:42	146.84	1914.67	1880.06	-54.20	-316.96	33.57
2024-09-05T07:56:44	144.74	1920.32	1872.33	-53.65	-315.95	36.15
2024-09-05T07:56:46	142.63	1925.95	1864.60	-53.11	-314.91	38.76
2024-09-05T07:56:48	140.52	1931.58	1856.85	-52.60	-313.82	41.38
2024-09-05T07:56:50	138.41	1937.19	1849.10	-52.12	-312.65	44.00
2024-09-05T07:56:52	136.30	1942.80	1841.34	-51.62	-311.51	46.56
2024-09-05T07:56:54	134.19	1948.40	1833.57	-51.05	-310.67	48.95
2024-09-05T07:56:56	132.08	1953.99	1825.79	-50.52	-309.89	51.39
2024-09-05T07:56:58	129.97	1959.57	1818.01	-49.89	-309.12	53.90
2024-09-05T07:57:00	127.86	1965.14	1810.21	-49.23	-308.30	56.34
2024-09-05T07:57:02	125.75	1970.71	1802.41	-48.59	-307.38	58.72
2024-09-05T07:57:04	123.63	1976.26	1794.60	-47.96	-306.38	61.04
2024-09-05T07:57:06	121.52	1981.80	1786.78	-47.33	-305.29	63.31
2024-09-05T07:57:08	119.41	1987.34	1778.96	-46.71	-304.11	65.53
2024-09-05T07:57:10	117.29	1992.87	1771.12	-46.08	-302.86	67.71
2024-09-05T07:57:12	115.18	1998.38	1763.28	-45.53	-301.56	70.22
2024-09-05T07:57:14	113.06	2003.89	1755.42	-45.02	-300.42	72.79
2024-09-05T07:57:16	110.94	2009.39	1747.56	-44.51	-299.26	75.29
2024-09-05T07:57:18	108.83	2014.88	1739.70	-44.00	-298.06	77.73
2024-09-05T07:57:20	106.71	2020.36	1731.82	-43.51	-296.84	80.13
2024-09-05T07:57:22	104.59	2025.83	1723.94	-43.03	-295.59	82.49
2024-09-05T07:57:24	102.48	2031.29	1716.04	-42.58	-294.31	84.81
2024-09-05T07:57:26	100.35	2036.75	1708.14	-42.12	-293.06	87.12
2024-09-05T07:57:28	98.24	2042.19	1700.24	-41.62	-291.80	89.39
2024-09-05T07:57:30	96.12	2047.62	1692.32	-41.12	-290.50	91.62
2024-09-05T07:57:32	94.00	2053.04	1684.39	-40.59	-289.13	93.80
2024-09-05T07:57:34	91.88	2058.46	1676.46	-40.03	-287.75	95.90
2024-09-05T07:57:36	89.76	2063.86	1668.52	-39.44	-286.35	97.95
2024-09-05T07:57:38	87.64	2069.25	1660.57	-38.83	-284.92	99.99
2024-09-05T07:57:40	85.51	2074.64	1652.62	-38.27	-283.44	102.12
2024-09-05T07:57:42	83.39	2080.01	1644.66	-37.83	-281.89	104.42
2024-09-05T07:57:44	81.27	2085.38	1636.68	-37.41	-280.31	106.66
2024-09-05T07:57:46	79.15	2090.73	1628.70	-36.99	-278.70	108.85
2024-09-05T07:57:48	77.02	2096.08	1620.72	-36.58	-277.05	111.00
2024-09-05T07:57:50	74.90	2101.41	1612.72	-36.19	-275.36	113.12
2024-09-05T07:57:52	72.78	2106.74	1604.72	-35.80	-273.60	115.22
2024-09-05T07:57:54	70.65	2112.05	1596.71	-35.40	-271.71	117.34
2024-09-05T07:57:56	68.53	2117.36	1588.69	-34.90	-269.95	119.60
2024-09-05T07:57:58	66.40	2122.65	1580.67	-34.43	-268.24	121.81
2024-09-05T07:58:00	64.28	2127.94	1572.64	-33.98	-266.52	123.98
2024-09-05T07:58:02	62.15	2133.21	1564.60	-33.55	-264.80	126.11
2024-09-05T07:58:04	60.03	2138.48	1556.55	-33.13	-263.07	128.21
2024-09-05T07:58:06	57.90	2143.73	1548.49	-32.74	-261.34	130.27
2024-09-05T07:58:08	55.78	2148.98	1540.43	-32.35	-259.58	132.29
2024-09-05T07:58:10	53.65	2154.21	1532.36	-31.79	-257.53	134.16
2024-09-05T07:58:12	51.53	2159.43	1524.29	-31.25	-255.48	135.98
2024-09-05T07:58:14	49.40	2164.65	1516.20	-30.72	-253.44	137.74
2024-09-05T07:58:16	47.27	2169.85	1508.11	-30.20	-251.40	139.44
2024-09-05T07:58:18	45.14	2175.05	1500.01	-29.73	-249.46	141.01
2024-09-05T07:58:20	43.02	2180.23	1491.91	-29.31	-247.52	142.56
2024-09-05T07:58:22	40.89	2185.40	1483.80	-28.91	-245.56	144.11
2024-09-05T07:58:24	38.76	2190.56	1475.68	-28.52	-243.50	145.98
2024-09-05T07:58:26	36.63	2195.71	1467.55	-28.13	-241.42	147.81
2024-09-05T07:58:28	34.51	2200.85	1459.42	-27.72	-239.34	149.61
2024-09-05T07:58:30	32.38	2205.98	1451.28	-27.32	-237.25	151.36
2024-09-05T07:58:32	30.25	2211.10	1443.13	-26.90	-235.14	153.07
2024-09-05T07:58:34	28.12	2216.21	1434.97	-26.47	-233.01	154.72
2024-09-05T07:58:36	26.00	2221.31	1426.81	-26.03	-230.87	156.33
2024-09-05T07:58:38	23.87	2226.40	1418.64	-25.70	-228.62	157.93
2024-09-05T07:58:40	21.74	2231.48	1410.47	-25.43	-226.54	159.50
2024-09-05T07:58:42	19.61	2236.54	1402.29	-25.15	-224.50	161.04
2024-09-05T07:58:44	17.48	2241.60	1394.10	-24.86	-222.46	162.54
2024-09-05T07:58:46	15.35	2246.64	1385.90	-24.54	-220.42	164.03
2024-09-05T07:58:48	13.22	2251.68	1377.70	-24.19	-218.37	165.49
2024-09-05T07:58:50	11.09	2256.70	1369.49	-23.83	-216.30	166.92
2024-09-05T07:58:52	8.97	2261.71	1361.28	-23.45	-214.04	168.28
2024-09-05T07:58:54	6.84	2266.72	1353.06	-23.08	-211.82	169.64
2024-09-05T07:58:56	4.71	2271.71	1344.83	-22.72	-209.62	171.00
2024-09-05T07:58:58	2.58	2276.69	1336.59	-22.37	-207.46	172.35
2024-09-05T07:59:00	0.45	2281.66	1328.35	-22.03	-205.32	173.70
2024-09-05T07:59:02	-1.68	2286.62	1320.11	-21.70	-203.24	175.02
2024-09-05T07:59:04	-3.81	2291.57	1311.85	-21.38	-201.20	176.26
2024-09-05T07:59:06	-5.94	2296.50	1303.59	-21.01	-198.90	177.29
2024-09-05T07:59:08	-8.06	2301.43	1295.33	-20.65	-196.63	178.34
2024-09-05T07:59:10	-10.19	2306.34	1287.05	-20.30	-194.39	179.40
2024-09-05T07:59:12	-12.32	2311.25	1278.77	-19.96	-192.18	180.46
2024-09-05T07:59:14	-14.45	2316.14	1270.49	-19.63	-189.99	181.53
2024-09-05T07:59:16	-16.58	2321.02	1262.20	-19.30	-187.82	182.59
2024-09-05T07:59:18	-18.71	2325.89	1253.90	-18.98	-185.62	183.65
2024-09-05T07:59:20	-20.84	2330.75	1245.60	-18.66	-183.23	184.62
2024-09-05T07:59:22	-22.96	2335.60	1237.29	-18.33	-180.85	185.55
2024-09-05T07:59:24	-25.09	2340.43	1228.98	-18.00	-178.47	186.44
2024-09-05T07:59:26	-27.22	2345.26	1220.66	-17.67	-176.22	187.31
2024-09-05T07:59:28	-29.35	2350.07	1212.33	-17.33	-174.04	188.18
2024-09-05T07:59:30	-31.47	2354.88	1204.00	-16.99	-171.87	189.02
2024-09-05T07:59:32	-33.60	2359.67	1195.66	-16.65	-169.68	189.85
2024-09-05T07:59:34	-35.73	2364.45	1187.32	-16.33	-167.43	190.68
2024-09-05T07:59:36	-37.85	2369.22	1178.97	-16.02	-165.19	191.51
2024-09-05T07:59:38	-39.98	2373.98	1170.61	-15.73	-162.97	192.34
2024-09-05T07:59:40	-42.11	2378.73	1162.25	-15.45	-160.75	193.13
2024-09-05T07:59:42	-44.23	2383.47	1153.89	-15.20	-158.54	193.89
2024-09-05T07:59:44	-46.36	2388.19	1145.52	-14.96	-156.35	194.63
2024-09-05T07:59:46	-48.49	2392.90	1137.14	-14.71	-154.09	195.28
2024-09-05T07:59:48	-50.61	2397.61	1128.76	-14.43	-151.74	195.81
2024-09-05T07:59:50	-52.74	2402.29	1120.37	-14.12	-149.48	196.33
2024-09-05T07:59:52	-54.86	2406.97	1111.98	-13.81	-147.28	196.85
2024-09-05T07:59:54	-56.99	2411.64	1103.58	-13.51	-145.11	197.36
2024-09-05T07:59:56	-59.11	2416.30	1095.18	-13.22	-142.97	197.88
2024-09-05T07:59:58	-61.23	2420.95	1086.77	-12.93	-140.85	198.39
2024-09-05T08:00:00	-63.36	2425.58	1078.36	-12.66	-138.70	198.83
2024-09-05T08:00:02	-65.48	2430.20	1069.94	-12.39	-136.52	199.22
2024-09-05T08:00:04	-67.61	2434.81	1061.51	-12.13	-134.34	199.60
2024-09-05T08:00:06	-69.73	2439.41	1053.08	-11.85	-132.16	199.98
2024-09-05T08:00:08	-71.85	2444.00	1044.65	-11.57	-129.99	200.34
2024-09-05T08:00:10	-73.97	2448.58	1036.21	-11.28	-127.81	200.68
2024-09-05T08:00:12	-76.09	2453.14	1027.77	-10.98	-125.63	201.01
2024-09-05T08:00:14	-78.22	2457.70	1019.32	-10.75	-123.42	201.29
2024-09-05T08:00:16	-80.34	2462.24	1010.87	-10.55	-121.31	201.59
2024-09-05T08:00:18	-82.46	2466.77	1002.41	-10.35	-119.22	201.87
2024-09-05T08:00:20	-84.58	2471.29	993.95	-10.14	-117.17	202.14
2024-09-05T08:00:22	-86.70	2475.80	985.48	-9.92	-115.16	202.39
2024-09-05T08:00:24	-88.82	2480.29	977.01	-9.70	-113.17	202.62
2024-09-05T08:00:26	-90.93	2484.78	968.54	-9.48	-111.20	202.81
2024-09-05T08:00:28	-93.05	2489.25	960.05	-9.28	-109.14	202.92
2024-09-05T08:00:30	-95.17	2493.71	951.57	-9.09	-107.10	203.03
2024-09-05T08:00:32	-97.29	2498.16	943.08	-8.91	-105.08	203.13
2024-09-05T08:00:34	-99.41	2502.60	934.59	-8.75	-103.08	203.24
2024-09-05T08:00:36	-101.52	2507.03	926.09	-8.61	-101.10	203.35
2024-09-05T08:00:38	-103.64	2511.45	917.59	-8.47	-99.14	203.46
2024-09-05T08:00:40	-105.75	2515.85	909.08	-8.33	-97.19	203.54
2024-09-05T08:00:42	-107.87	2520.24	900.57	-8.17	-95.22	203.53
2024-09-05T08:00:44	-109.98	2524.62	892.05	-8.01	-93.27	203.51
2024-09-05T08:00:46	-112.10	2528.99	883.54	-7.85	-91.35	203.49
2024-09-05T08:00:48	-114.21	2533.35	875.01	-7.68	-89.44	203.47
2024-09-05T08:00:50	-116.32	2537.70	866.49	-7.51	-87.55	203.45
2024-09-05T08:00:52	-118.44	2542.03	857.96	-7.34	-85.69	203.42
2024-09-05T08:00:54	-120.55	2546.36	849.42	-7.18	-83.83	203.35
2024-09-05T08:00:56	-122.66	2550.67	840.88	-7.03	-81.97	203.24
2024-09-05T08:00:58	-124.77	2554.97	832.34	-6.89	-80.14	203.12
2024-09-05T08:01:00	-126.88	2559.26	823.79	-6.75	-78.32	202.99
2024-09-05T08:01:02	-128.99	2563.53	815.24	-6.63	-76.53	202.84
2024-09-05T08:01:04	-131.10	2567.80	806.69	-6.52	-74.76	202.68
2024-09-05T08:01:06	-133.21	2572.06	798.13	-6.41	-73.01	202.54
2024-09-05T08:01:08	-135.32	2576.30	789.57	-6.30	-71.20	202.40
2024-09-05T08:01:10	-137.42	2580.53	781.01	-6.19	-69.41	202.25
2024-09-05T08:01:12	-139.53	2584.75	772.44	-6.08	-67.65	202.08
2024-09-05T08:01:14	-141.63	2588.96	763.87	-5.98	-65.91	201.90
2024-09-05T08:01:16	-143.74	2593.15	755.29	-5.88	-64.19	201.70
2024-09-05T08:01:18	-145.84	2597.34	746.72	-5.79	-62.50	201.49
2024-09-05T08:01:20	-147.95	2601.51	738.14	-5.69	-60.83	201.25
2024-09-05T08:01:22	-150.05	2605.67	729.55	-5.54	-59.16	201.00
2024-09-05T08:01:24	-152.15	2609.82	720.96	-5.40	-57.53	200.75
2024-09-05T08:01:26	-154.25	2613.96	712.37	-5.25	-55.92	200.52
2024-09-05T08:01:28	-156.36	2618.09	703.78	-5.09	-54.34	200.29
2024-09-05T08:01:30	-158.46	2622.20	695.18	-4.93	-52.79	200.07
2024-09-05T08:01:32	-160.56	2626.31	686.58	-4.76	-51.27	199.85
2024-09-05T08:01:34	-162.66	2630.40	677.98	-4.61	-49.70	199.55
2024-09-05T08:01:36	-164.75	2634.48	669.37	-4.49	-48.11	199.20
2024-09-05T08:01:38	-166.85	2638.55	660.76	-4.37	-46.55	198.86
2024-09-05T08:01:40	-168.95	2642.61	652.15	-4.25	-45.01	198.53
2024-09-05T08:01:42	-171.04	2646.66	643.54	-4.13	-43.49	198.20
2024-09-05T08:01:44	-173.14	2650.69	634.92	-4.01	-42.00	197.87
2024-09-05T08:01:46	-175.23	2654.72	626.30	-3.88	-40.52	197.55
2024-09-05T08:01:48	-177.33	2658.73	617.67	-3.75	-39.04	197.10
2024-09-05T08:01:50	-179.42	2662.73	609.05	-3.62	-37.58	196.66
2024-09-05T08:01:52	-181.51	2666.72	600.42	-3.48	-36.13	196.22
2024-09-05T08:01:54	-183.60	2670.70	591.79	-3.33	-34.71	195.78
2024-09-05T08:01:56	-185.69	2674.66	583.16	-3.18	-33.30	195.35
2024-09-05T08:01:58	-187.78	2678.62	574.52	-3.03	-31.91	194.92
2024-09-05T08:02:00	-189.87	2682.56	565.88	-2.88	-30.54	194.47
2024-09-05T08:02:02	-191.96	2686.50	557.24	-2.77	-29.22	193.98
2024-09-05T08:02:04	-194.05	2690.42	548.59	-2.71	-27.95	193.52
2024-09-05T08:02:06	-196.13	2694.33	539.95	-2.64	-26.69	193.07
2024-09-05T08:02:08	-198.22	2698.23	531.30	-2.58	-25.42	192.63
2024-09-05T08:02:10	-200.30	2702.11	522.65	-2.51	-24.17	192.21
2024-09-05T08:02:12	-202.39	2705.99	514.00	-2.45	-22.91	191.79
2024-09-05T08:02:14	-204.47	2709.85	505.35	-2.37	-21.66	191.37
2024-09-05T08:02:16	-206.55	2713.70	496.69	-2.28	-20.41	190.95
2024-09-05T08:02:18	-208.63	2717.55	488.03	-2.17	-19.17	190.53
2024-09-05T08:02:20	-210.71	2721.38	479.37	-2.05	-17.92	190.10
2024-09-05T08:02:22	-212.79	2725.20	470.71	-1.92	-16.66	189.66
2024-09-05T08:02:24	-214.87	2729.00	462.04	-1.77	-15.41	189.20
2024-09-05T08:02:26	-216.95	2732.80	453.38	-1.62	-14.16	188.71
2024-09-05T08:02:28	-219.02	2736.59	444.71	-1.58	-12.92	188.15
2024-09-05T08:02:30	-221.10	2740.36	436.04	-1.56	-11.71	187.60
2024-09-05T08:02:32	-223.17	2744.12	427.37	-1.57	-10.54	187.09
2024-09-05T08:02:34	-225.25	2747.88	418.69	-1.60	-9.40	186.60
2024-09-05T08:02:36	-227.32	2751.62	410.02	-1.63	-8.29	186.11
2024-09-05T08:02:38	-229.39	2755.35	401.34	-1.66	-7.19	185.63
2024-09-05T08:02:40	-231.47	2759.07	392.66	-1.62	-6.17	185.13
2024-09-05T08:02:42	-233.53	2762.77	383.98	-1.53	-5.19	184.60
2024-09-05T08:02:44	-235.60	2766.47	375.30	-1.43	-4.21	184.06
2024-09-05T08:02:46	-237.67	2770.15	366.61	-1.33	-3.21	183.49
2024-09-05T08:02:48	-239.74	2773.83	357.93	-1.23	-2.21	182.90
2024-09-05T08:02:50	-241.81	2777.49	349.24	-1.12	-1.20	182.28
2024-09-05T08:02:52	-243.87	2781.15	340.56	-1.00	-0.19	181.63
2024-09-05T08:02:54	-245.93	2784.79	331.87	-0.81	0.72	181.00
2024-09-05T08:02:56	-248.00	2788.41	323.18	-0.63	1.60	180.40
2024-09-05T08:02:58	-250.06	2792.04	314.49	-0.46	2.46	179.81
2024-09-05T08:03:00	-252.12	2795.64	305.80	-0.30	3.30	179.25
2024-09-05T08:03:02	-254.18	2799.24	297.10	-0.17	4.10	178.72
2024-09-05T08:03:04	-256.24	2802.83	288.41	-0.04	4.93	178.30
2024-09-05T08:03:06	-258.30	2806.40	279.71	0.05	5.78	177.83
2024-09-05T08:03:08	-260.36	2809.97	271.01	0.11	6.69	177.26
2024-09-05T08:03:10	-262.41	2813.52	262.31	0.17	7.61	176.70
2024-09-05T08:03:12	-264.47	2817.07	253.62	0.23	8.52	176.12
2024-09-05T08:03:14	-266.52	2820.60	244.92	0.29	9.44	175.54
2024-09-05T08:03:16	-268.58	2824.12	236.21	0.37	10.36	174.96
2024-09-05T08:03:18	-270.63	2827.63	227.51	0.46	11.28	174.35
2024-09-05T08:03:20	-272.68	2831.13	218.81	0.55	12.20	173.71
2024-09-05T08:03:22	-274.73	2834.62	210.10	0.61	13.06	173.08
2024-09-05T08:03:24	-276.78	2838.10	201.40	0.63	13.88	172.48
2024-09-05T08:03:26	-278.83	2841.56	192.69	0.62	14.65	171.92
2024-09-05T08:03:28	-280.87	2845.02	183.99	0.57	15.37	171.39
2024-09-05T08:03:30	-282.92	2848.47	175.28	0.51	16.06	170.90
2024-09-05T08:03:32	-284.96	2851.90	166.57	0.45	16.71	170.41
2024-09-05T08:03:34	-287.00	2855.33	157.87	0.54	17.38	169.77
2024-09-05T08:03:36	-289.05	2858.74	149.16	0.72	18.10	169.08
2024-09-05T08:03:38	-291.09	2862.15	140.45	0.93	18.85	168.37
2024-09-05T08:03:40	-293.13	2865.54	131.74	1.14	19.59	167.66
2024-09-05T08:03:42	-295.17	2868.92	123.03	1.35	20.33	166.95
2024-09-05T08:03:44	-297.21	2872.29	114.32	1.56	21.07	166.24
2024-09-05T08:03:46	-299.24	2875.66	105.61	1.77	21.76	165.51
2024-09-05T08:03:48	-301.28	2879.01	96.89	1.97	22.44	164.78
2024-09-05T08:03:50	-303.32	2882.35	88.18	2.16	23.09	164.05
2024-09-05T08:03:52	-305.35	2885.68	79.47	2.33	23.74	163.33
2024-09-05T08:03:54	-307.38	2889.00	70.76	2.49	24.37	162.62
2024-09-05T08:03:56	-309.41	2892.31	62.04	2.63	24.98	161.92
2024-09-05T08:03:58	-311.44	2895.61	53.33	2.75	25.57	161.23
2024-09-05T08:04:00	-313.47	2898.90	44.62	2.80	26.02	160.55
2024-09-05T08:04:02	-315.50	2902.18	35.91	2.85	26.41	159.89
2024-09-05T08:04:04	-317.53	2905.45	27.19	2.90	26.76	159.24
2024-09-05T08:04:06	-319.55	2908.71	18.48	2.95	27.06	158.61
2024-09-05T08:04:08	-321.58	2911.95	9.76	3.01	27.31	157.99
2024-09-05T08:04:10	-323.60	2915.19	1.05	3.03	27.61	157.24
2024-09-05T08:04:12	-325.62	2918.42	-7.66	2.98	28.10	156.25
2024-09-05T08:04:14	-327.65	2921.64	-16.37	2.96	28.66	155.24
2024-09-05T08:04:16	-329.67	2924.85	-25.09	2.94	29.16	154.33
2024-09-05T08:04:18	-331.68	2928.04	-33.80	2.91	29.59	153.49
2024-09-05T08:04:20	-333.70	2931.23	-42.51	2.86	29.93	152.72
2024-09-05T08:04:22	-335.72	2934.41	-51.23	2.79	30.21	152.03
2024-09-05T08:04:24	-337.74	2937.57	-59.94	2.70	30.42	151.42
2024-09-05T08:04:26	-339.75	2940.73	-68.65	3.01	31.15	150.67
2024-09-05T08:04:28	-341.76	2943.88	-77.37	3.31	31.88	149.94
2024-09-05T08:04:30	-343.77	2947.02	-86.08	3.60	32.59	149.21
2024-09-05T08:04:32	-345.78	2950.14	-94.79	3.89	33.29	148.49
2024-09-05T08:04:34	-347.80	2953.26	-103.50	4.16	33.98	147.76
2024-09-05T08:04:36	-349.80	2956.37	-112.21	4.43	34.66	147.01
2024-09-05T08:04:38	-351.81	2959.47	-120.92	4.57	35.22	146.34
2024-09-05T08:04:40	-353.81	2962.56	-129.64	4.53	35.62	145.83
2024-09-05T08:04:42	-355.82	2965.63	-138.35	4.52	36.04	145.34
2024-09-05T08:04:44	-357.82	2968.70	-147.06	4.54	36.47	144.86
2024-09-05T08:04:46	-359.83	2971.76	-155.76	4.62	36.94	144.37
2024-09-05T08:04:48	-361.83	2974.81	-164.47	4.79	37.50	143.84
2024-09-05T08:04:50	-363.83	2977.85	-173.18	5.00	38.09	143.27
2024-09-05T08:04:52	-365.83	2980.88	-181.89	5.27	38.16	142.51
2024-09-05T08:04:54	-367.83	2983.90	-190.60	5.51	38.13	141.70
2024-09-05T08:04:56	-369.82	2986.91	-199.30	5.74	38.08	140.86
2024-09-05T08:04:58	-371.82	2989.91	-208.01	5.93	38.01	139.99
2024-09-05T08:05:00	-373.81	2992.90	-216.71	6.09	37.91	139.08
2024-09-05T08:05:02	-375.80	2995.88	-225.42	6.22	37.78	138.14
2024-09-05T08:05:04	-377.79	2998.86	-234.12	6.41	37.79	137.29
2024-09-05T08:05:06	-379.79	3001.82	-242.82	6.80	38.18	136.76
2024-09-05T08:05:08	-381.77	3004.77	-251.52	7.19	38.53	136.27
2024-09-05T08:05:10	-383.76	3007.72	-260.23	7.56	38.82	135.83
2024-09-05T08:05:12	-385.75	3010.65	-268.93	7.94	39.14	135.50
2024-09-05T08:05:14	-387.74	3013.58	-277.63	8.29	39.40	135.20
2024-09-05T08:05:16	-389.72	3016.49	-286.33	8.62	39.61	134.92
2024-09-05T08:05:18	-391.70	3019.40	-295.03	8.76	40.03	134.25
2024-09-05T08:05:20	-393.68	3022.30	-303.72	8.85	40.57	133.40
2024-09-05T08:05:22	-395.67	3025.19	-312.42	8.94	41.14	132.54
2024-09-05T08:05:24	-397.64	3028.06	-321.11	9.06	41.75	131.67
2024-09-05T08:05:26	-399.62	3030.93	-329.81	9.27	42.45	130.85
2024-09-05T08:05:28	-401.60	3033.79	-338.50	9.53	43.12	130.07
2024-09-05T08:05:30	-403.58	3036.64	-347.19	9.81	43.69	129.34
2024-09-05T08:05:32	-405.55	3039.49	-355.88	10.05	43.74	128.64
2024-09-05T08:05:34	-407.52	3042.32	-364.58	10.28	43.78	127.98
2024-09-05T08:05:36	-409.50	3045.14	-373.26	10.50	43.82	127.36
2024-09-05T08:05:38	-411.47	3047.96	-381.95	10.71	43.85	126.79
2024-09-05T08:05:40	-413.44	3050.76	-390.64	10.90	43.86	126.27
2024-09-05T08:05:42	-415.41	3053.56	-399.32	11.08	43.87	125.81
2024-09-05T08:05:44	-417.37	3056.35	-408.01	11.28	44.07	125.42
2024-09-05T08:05:46	-419.34	3059.13	-416.69	11.53	44.45	125.07
2024-09-05T08:05:48	-421.30	3061.90	-425.37	11.79	44.87	124.72
2024-09-05T08:05:50	-423.27	3064.66	-434.05	12.07	45.34	124.36
2024-09-05T08:05:52	-425.23	3067.41	-442.73	12.39	45.85	124.00
2024-09-05T08:05:54	-427.19	3070.15	-451.41	12.74	46.43	123.63
2024-09-05T08:05:56	-429.15	3072.89	-460.09	13.14	47.08	123.25
2024-09-05T08:05:58	-431.11	3075.62	-468.76	13.36	47.34	122.68
2024-09-05T08:06:00	-433.07	3078.33	-477.44	13.56	47.60	122.07
2024-09-05T08:06:02	-435.02	3081.04	-486.11	13.76	47.86	121.41
2024-09-05T08:06:04	-436.98	3083.74	-494.78	13.95	48.14	120.71
2024-09-05T08:06:06	-438.93	3086.43	-503.45	14.13	48.37	119.91
2024-09-05T08:06:08	-440.88	3089.12	-512.12	14.33	48.57	119.03
2024-09-05T08:06:10	-442.83	3091.79	-520.79	14.49	48.57	118.20
2024-09-05T08:06:12	-444.78	3094.45	-529.46	14.71	48.48	117.54
2024-09-05T08:06:14	-446.73	3097.11	-538.12	14.90	48.42	116.87
2024-09-05T08:06:16	-448.68	3099.76	-546.78	15.07	48.40	116.20
2024-09-05T08:06:18	-450.62	3102.40	-555.44	15.23	48.41	115.53
2024-09-05T08:06:20	-452.57	3105.03	-564.10	15.39	48.45	114.85
2024-09-05T08:06:22	-454.51	3107.65	-572.76	15.54	48.51	114.19
2024-09-05T08:06:24	-456.46	3110.27	-581.42	15.81	48.83	113.72
2024-09-05T08:06:26	-458.40	3112.87	-590.07	16.08	49.18	113.35
2024-09-05T08:06:28	-460.34	3115.47	-598.73	16.34	49.48	113.03
2024-09-05T08:06:30	-462.28	3118.06	-607.38	16.56	49.74	112.75
2024-09-05T08:06:32	-464.21	3120.64	-616.03	16.77	49.98	112.50
2024-09-05T08:06:34	-466.15	3123.22	-624.68	16.96	50.19	112.30
2024-09-05T08:06:36	-468.08	3125.78	-633.33	17.17	50.39	112.06
2024-09-05T08:06:38	-470.02	3128.34	-641.97	17.62	50.57	111.42
2024-09-05T08:06:40	-471.95	3130.89	-650.62	18.08	50.74	110.72
2024-09-05T08:06:42	-473.88	3133.43	-659.26	18.53	50.89	109.96
2024-09-05T08:06:44	-475.81	3135.96	-667.90	18.98	51.00	109.16
2024-09-05T08:06:46	-477.74	3138.48	-676.54	19.42	51.06	108.31
2024-09-05T08:06:48	-479.67	3141.00	-685.17	19.84	51.06	107.41
2024-09-05T08:06:50	-481.59	3143.51	-693.81	19.95	51.41	106.92
2024-09-05T08:06:52	-483.52	3146.00	-702.44	19.86	52.16	106.89
2024-09-05T08:06:54	-485.44	3148.50	-711.07	19.83	52.94	106.88
2024-09-05T08:06:56	-487.37	3150.98	-719.70	19.85	53.73	106.88
2024-09-05T08:06:58	-489.29	3153.46	-728.33	19.93	54.54	106.90
2024-09-05T08:07:00	-491.21	3155.92	-736.96	20.06	55.35	106.91
2024-09-05T08:07:02	-493.12	3158.38	-745.58	20.23	56.13	106.92
2024-09-05T08:07:04	-495.04	3160.84	-754.21	20.24	56.13	106.34
2024-09-05T08:07:06	-496.96	3163.28	-762.83	20.22	56.06	105.63
2024-09-05T08:07:08	-498.88	3165.72	-771.45	20.16	55.96	104.88
2024-09-05T08:07:10	-500.79	3168.15	-780.06	20.11	55.87	104.13
2024-09-05T08:07:12	-502.70	3170.57	-788.68	20.09	55.84	103.39
2024-09-05T08:07:14	-504.61	3172.98	-797.29	20.09	55.87	102.66
2024-09-05T08:07:16	-506.52	3175.38	-805.90	20.11	56.08	102.20
2024-09-05T08:07:18	-508.43	3177.78	-814.51	20.16	56.69	102.47
2024-09-05T08:07:20	-510.34	3180.17	-823.12	20.21	57.34	102.77
2024-09-05T08:07:22	-512.24	3182.56	-831.72	20.25	58.03	103.10
2024-09-05T08:07:24	-514.15	3184.93	-840.32	20.30	58.76	103.46
2024-09-05T08:07:26	-516.06	3187.30	-848.93	20.35	59.52	103.83
2024-09-05T08:07:28	-517.96	3189.66	-857.53	20.42	60.32	104.20
2024-09-05T08:07:30	-519.86	3192.01	-866.12	20.59	60.68	103.92
2024-09-05T08:07:32	-521.76	3194.36	-874.72	20.80	60.74	103.17
2024-09-05T08:07:34	-523.66	3196.69	-883.31	21.02	60.74	102.33
2024-09-05T08:07:36	-525.55	3199.02	-891.90	21.23	60.71	101.40
2024-09-05T08:07:38	-527.45	3201.35	-900.49	21.35	60.54	100.42
2024-09-05T08:07:40	-529.35	3203.66	-909.08	21.42	60.33	99.48
2024-09-05T08:07:42	-531.24	3205.97	-917.66	21.47	60.13	98.59
2024-09-05T08:07:44	-533.14	3208.27	-926.25	21.33	60.26	98.39
2024-09-05T08:07:46	-535.03	3210.56	-934.82	21.20	60.43	98.21
2024-09-05T08:07:48	-536.92	3212.85	-943.40	21.10	60.63	98.05
2024-09-05T08:07:50	-538.81	3215.13	-951.98	21.02	60.84	97.88
2024-09-05T08:07:52	-540.69	3217.40	-960.55	20.97	61.07	97.71
2024-09-05T08:07:54	-542.58	3219.66	-969.13	20.95	61.32	97.54
2024-09-05T08:07:56	-544.46	3221.92	-977.70	20.95	61.53	97.27
2024-09-05T08:07:58	-546.35	3224.17	-986.27	20.94	61.66	96.83
2024-09-05T08:08:00	-548.23	3226.41	-994.83	20.90	61.79	96.41
2024-09-05T08:08:02	-550.12	3228.65	-1003.39	20.83	61.92	96.01
2024-09-05T08:08:04	-551.99	3230.88	-1011.96	20.73	62.07	95.65
2024-09-05T08:08:06	-553.88	3233.10	-1020.51	20.61	62.23	95.33
2024-09-05T08:08:08	-555.75	3235.32	-1029.07	20.46	62.40	95.05
2024-09-05T08:08:10	-557.63	3237.52	-1037.62	20.33	62.62	95.09
2024-09-05T08:08:12	-559.50	3239.72	-1046.18	20.25	62.87	95.26
2024-09-05T08:08:14	-561.38	3241.92	-1054.73	20.19	63.14	95.38
2024-09-05T08:08:16	-563.25	3244.10	-1063.27	20.16	63.43	95.46
2024-09-05T08:08:18	-565.13	3246.28	-1071.82	20.15	63.75	95.51
2024-09-05T08:08:20	-567.00	3248.46	-1080.36	20.17	64.09	95.53
2024-09-05T08:08:22	-568.87	3250.62	-1088.91	20.22	64.46	95.51
2024-09-05T08:08:24	-570.73	3252.78	-1097.44	20.55	64.33	95.31
2024-09-05T08:08:26	-572.60	3254.94	-1105.98	20.87	64.15	95.14
2024-09-05T08:08:28	-574.47	3257.08	-1114.51	21.17	63.93	94.99
2024-09-05T08:08:30	-576.33	3259.22	-1123.04	21.36	63.61	94.79
2024-09-05T08:08:32	-578.20	3261.35	-1131.57	21.46	63.27	94.61
2024-09-05T08:08:34	-580.06	3263.48	-1140.10	21.48	62.90	94.46
2024-09-05T08:08:36	-581.92	3265.60	-1148.63	21.38	62.52	94.24
2024-09-05T08:08:38	-583.78	3267.71	-1157.15	21.13	62.08	93.66
2024-09-05T08:08:40	-585.64	3269.81	-1165.67	20.89	61.61	93.06
2024-09-05T08:08:42	-587.50	3271.91	-1174.19	20.64	61.09	92.43
2024-09-05T08:08:44	-589.35	3274.01	-1182.70	20.40	60.51	91.76
2024-09-05T08:08:46	-591.21	3276.09	-1191.22	20.15	59.88	91.06
2024-09-05T08:08:48	-593.06	3278.17	-1199.73	19.90	59.19	90.31
2024-09-05T08:08:50	-594.92	3280.25	-1208.23	19.60	58.61	89.59
2024-09-05T08:08:52	-596.77	3282.31	-1216.74	19.24	58.15	88.93
2024-09-05T08:08:54	-598.62	3284.37	-1225.24	18.88	57.61	88.28
2024-09-05T08:08:56	-600.47	3286.43	-1233.74	18.50	57.00	87.65
2024-09-05T08:08:58	-602.32	3288.47	-1242.24	18.10	56.31	87.03
2024-09-05T08:09:00	-604.16	3290.51	-1250.74	17.69	55.54	86.45
2024-09-05T08:09:02	-606.01	3292.55	-1259.23	17.26	54.69	85.89
2024-09-05T08:09:04	-607.85	3294.58	-1267.72	16.43	53.85	85.62
2024-09-05T08:09:06	-609.70	3296.60	-1276.21	15.49	53.08	85.50
2024-09-05T08:09:08	-611.54	3298.61	-1284.70	14.55	52.38	85.45
2024-09-05T08:09:10	-613.38	3300.62	-1293.18	13.62	51.86	85.40
2024-09-05T08:09:12	-615.22	3302.63	-1301.67	12.71	51.47	85.26
2024-09-05T08:09:14	-617.06	3304.62	-1310.15	11.84	51.11	85.11
2024-09-05T08:09:16	-618.90	3306.61	-1318.62	11.00	50.79	84.91
2024-09-05T08:09:18	-620.73	3308.60	-1327.10	10.47	50.48	84.15
2024-09-05T08:09:20	-622.57	3310.58	-1335.57	9.89	50.11	83.39
2024-09-05T08:09:22	-624.40	3312.55	-1344.04	9.26	49.67	82.66
2024-09-05T08:09:24	-626.24	3314.52	-1352.50	8.61	49.14	81.93
2024-09-05T08:09:26	-628.07	3316.48	-1360.97	8.02	48.49	81.24
2024-09-05T08:09:28	-629.90	3318.43	-1369.43	7.47	47.76	80.58
2024-09-05T08:09:30	-631.73	3320.38	-1377.89	7.15	46.92	79.84
2024-09-05T08:09:32	-633.56	3322.32	-1386.35	7.26	46.07	78.79
2024-09-05T08:09:34	-635.38	3324.26	-1394.80	7.38	45.30	77.73
2024-09-05T08:09:36	-637.21	3326.19	-1403.25	7.51	44.59	76.68
2024-09-05T08:09:38	-639.04	3328.11	-1411.70	7.66	43.93	75.63
2024-09-05T08:09:40	-640.86	3330.03	-1420.15	7.84	43.32	74.58
2024-09-05T08:09:42	-642.68	3331.94	-1428.59	8.05	42.74	73.53
2024-09-05T08:09:44	-644.50	3333.85	-1437.04	7.68	42.22	72.85
2024-09-05T08:09:46	-646.32	3335.75	-1445.47	6.73	41.83	72.46
2024-09-05T08:09:48	-648.14	3337.64	-1453.91	5.77	41.53	72.00
2024-09-05T08:09:50	-649.96	3339.53	-1462.35	4.79	41.33	71.49
2024-09-05T08:09:52	-651.78	3341.41	-1470.78	3.81	41.23	70.91
2024-09-05T08:09:54	-653.59	3343.29	-1479.21	2.81	41.23	70.25
2024-09-05T08:09:56	-655.41	3345.16	-1487.63	1.80	41.35	69.52
2024-09-05T08:09:58	-657.22	3347.03	-1496.06	0.80	40.62	68.88
2024-09-05T08:10:00	-659.03	3348.89	-1504.48	-0.23	39.55	68.23
2024-09-05T08:10:02	-660.84	3350.74	-1512.90	-1.32	38.46	67.51
2024-09-05T08:10:04	-662.66	3352.59	-1521.31	-2.46	37.36	66.72
2024-09-05T08:10:06	-664.46	3354.44	-1529.73	-3.67	36.23	65.85
2024-09-05T08:10:08	-666.27	3356.27	-1538.14	-4.93	35.10	64.89
2024-09-05T08:10:10	-668.08	3358.11	-1546.55	-6.26	33.95	63.86
2024-09-05T08:10:12	-669.88	3359.93	-1554.95	-6.34	33.04	62.27
2024-09-05T08:10:14	-671.69	3361.75	-1563.36	-6.18	32.20	60.76
2024-09-05T08:10:16	-673.49	3363.57	-1571.76	-6.08	31.32	59.20
2024-09-05T08:10:18	-675.29	3365.38	-1580.16	-6.06	30.41	57.59
2024-09-05T08:10:20	-677.10	3367.18	-1588.55	-6.09	29.47	55.92
2024-09-05T08:10:22	-678.90	3368.98	-1596.95	-6.20	28.52	54.20
2024-09-05T08:10:24	-680.69	3370.77	-1605.34	-6.28	27.69	52.62
2024-09-05T08:10:26	-682.49	3372.56	-1613.72	-5.67	27.84	52.64
2024-09-05T08:10:28	-684.29	3374.35	-1622.11	-5.09	27.94	52.68
2024-09-05T08:10:30	-686.08	3376.12	-1630.49	-4.62	27.95	52.65
2024-09-05T08:10:32	-687.88	3377.89	-1638.87	-4.24	27.89	52.55
2024-09-05T08:10:34	-689.67	3379.66	-1647.25	-3.96	27.75	52.37
2024-09-05T08:10:36	-691.47	3381.42	-1655.63	-3.78	27.54	52.13
2024-09-05T08:10:38	-693.26	3383.18	-1664.00	-3.52	27.21	51.76
2024-09-05T08:10:40	-695.05	3384.93	-1672.37	-2.94	26.77	51.25
2024-09-05T08:10:42	-696.84	3386.68	-1680.74	-2.36	26.33	50.73
2024-09-05T08:10:44	-698.62	3388.42	-1689.10	-1.78	25.88	50.19
2024-09-05T08:10:46	-700.41	3390.15	-1697.46	-1.22	25.42	49.64
2024-09-05T08:10:48	-702.20	3391.88	-1705.82	-0.66	24.94	49.08
2024-09-05T08:10:50	-703.98	3393.60	-1714.18	-0.12	24.45	48.48
2024-09-05T08:10:52	-705.77	3395.32	-1722.53	0.01	23.62	47.71
2024-09-05T08:10:54	-707.55	3397.04	-1730.88	-0.26	22.45	46.76
2024-09-05T08:10:56	-709.33	3398.75	-1739.23	-0.47	21.30	45.81
2024-09-05T08:10:58	-711.11	3400.45	-1747.58	-0.62	20.15	44.86
2024-09-05T08:11:00	-712.89	3402.15	-1755.92	-0.71	19.00	43.93
2024-09-05T08:11:02	-714.67	3403.84	-1764.26	-0.73	17.86	43.01
2024-09-05T08:11:04	-716.45	3405.53	-1772.60	-0.69	16.72	42.12
2024-09-05T08:11:06	-718.22	3407.22	-1780.94	-1.05	15.69	41.05
2024-09-05T08:11:08	-720.00	3408.89	-1789.27	-1.67	14.77	39.83
2024-09-05T08:11:10	-721.77	3410.57	-1797.60	-2.30	13.90	38.58
2024-09-05T08:11:12	-723.54	3412.24	-1805.93	-2.95	13.06	37.30
2024-09-05T08:11:14	-725.31	3413.90	-1814.25	-3.60	12.28	35.97
2024-09-05T08:11:16	-727.09	3415.56	-1822.58	-4.27	11.54	34.62
2024-09-05T08:11:18	-728.85	3417.22	-1830.90	-4.95	10.79	33.30
2024-09-05T08:11:20	-730.62	3418.86	-1839.22	-5.30	10.27	32.75
2024-09-05T08:11:22	-732.39	3420.51	-1847.53	-5.54	9.85	32.44
2024-09-05T08:11:24	-734.16	3422.15	-1855.84	-5.77	9.46	32.12
2024-09-05T08:11:26	-735.92	3423.78	-1864.15	-5.99	9.09	31.81
2024-09-05T08:11:28	-737.69	3425.41	-1872.46	-6.20	8.74	31.48
2024-09-05T08:11:30	-739.45	3427.04	-1880.76	-6.41	8.41	31.15
2024-09-05T08:11:32	-741.21	3428.66	-1889.07	-6.61	8.10	30.80
2024-09-05T08:11:34	-742.98	3430.27	-1897.36	-6.59	7.42	29.97
2024-09-05T08:11:36	-744.74	3431.88	-1905.66	-6.48	6.71	29.06
2024-09-05T08:11:38	-746.50	3433.49	-1913.96	-6.33	6.02	28.12
2024-09-05T08:11:40	-748.25	3435.09	-1922.25	-6.13	5.35	27.16
2024-09-05T08:11:42	-750.01	3436.68	-1930.53	-5.90	4.70	26.18
2024-09-05T08:11:44	-751.77	3438.28	-1938.82	-5.63	4.08	25.19
2024-09-05T08:11:46	-753.52	3439.86	-1947.10	-5.32	3.47	24.18
2024-09-05T08:11:48	-755.28	3441.45	-1955.38	-5.16	3.09	23.28
2024-09-05T08:11:50	-757.03	3443.02	-1963.66	-5.01	2.72	22.43
2024-09-05T08:11:52	-758.78	3444.60	-1971.94	-4.87	2.36	21.61
2024-09-05T08:11:54	-760.53	3446.17	-1980.21	-4.74	2.02	20.84
2024-09-05T08:11:56	-762.28	3447.73	-1988.48	-4.61	1.69	20.10
2024-09-05T08:11:58	-764.03	3449.29	-1996.75	-4.51	1.37	19.41
2024-09-05T08:12:00	-765.78	3450.84	-2005.01	-4.42	1.06	18.77
2024-09-05T08:12:02	-767.53	3452.40	-2013.28	-4.44	0.65	18.19
2024-09-05T08:12:04	-769.27	3453.94	-2021.54	-4.46	0.24	17.63
2024-09-05T08:12:06	-771.02	3455.48	-2029.79	-4.50	-0.17	17.11
2024-09-05T08:12:08	-772.76	3457.02	-2038.05	-4.54	-0.56	16.61
2024-09-05T08:12:10	-774.50	3458.55	-2046.30	-4.59	-0.95	16.14
2024-09-05T08:12:12	-776.25	3460.08	-2054.55	-4.64	-1.32	15.69
2024-09-05T08:12:14	-777.99	3461.60	-2062.79	-4.67	-1.72	15.26
2024-09-05T08:12:16	-779.73	3463.12	-2071.04	-4.57	-2.30	14.77
2024-09-05T08:12:18	-781.47	3464.64	-2079.28	-4.45	-2.88	14.27
2024-09-05T08:12:20	-783.21	3466.15	-2087.52	-4.32	-3.46	13.76
2024-09-05T08:12:22	-784.94	3467.65	-2095.75	-4.18	-4.05	13.24
2024-09-05T08:12:24	-786.68	3469.16	-2103.99	-4.04	-4.65	12.73
2024-09-05T08:12:26	-788.41	3470.65	-2112.22	-3.90	-5.23	12.21
2024-09-05T08:12:28	-790.15	3472.15	-2120.44	-3.74	-5.71	11.69
2024-09-05T08:12:30	-791.88	3473.64	-2128.67	-3.58	-5.84	11.21
2024-09-05T08:12:32	-793.61	3475.12	-2136.89	-3.41	-5.95	10.75
2024-09-05T08:12:34	-795.34	3476.60	-2145.11	-3.25	-6.05	10.30
2024-09-05T08:12:36	-797.07	3478.08	-2153.33	-3.08	-6.14	9.87
2024-09-05T08:12:38	-798.80	3479.55	-2161.54	-2.92	-6.22	9.45
2024-09-05T08:12:40	-800.53	3481.02	-2169.76	-2.76	-6.30	9.05
2024-09-05T08:12:42	-802.26	3482.48	-2177.97	-2.61	-6.37	8.73
2024-09-05T08:12:44	-803.98	3483.94	-2186.17	-2.49	-6.47	8.58
2024-09-05T08:12:46	-805.71	3485.39	-2194.38	-2.38	-6.58	8.45
2024-09-05T08:12:48	-807.44	3486.84	-2202.58	-2.30	-6.69	8.36
2024-09-05T08:12:50	-809.16	3488.29	-2210.78	-2.22	-6.80	8.28
2024-09-05T08:12:52	-810.88	3489.73	-2218.98	-2.15	-6.92	8.22
2024-09-05T08:12:54	-812.60	3491.17	-2227.17	-2.07	-7.05	8.17
2024-09-05T08:12:56	-814.32	3492.61	-2235.36	-2.00	-7.19	8.10
2024-09-05T08:12:58	-816.04	3494.04	-2243.55	-1.91	-7.35	7.96
2024-09-05T08:13:00	-817.76	3495.46	-2251.74	-1.81	-7.50	7.82
2024-09-05T08:13:02	-819.48	3496.89	-2259.92	-1.72	-7.65	7.69
2024-09-05T08:13:04	-821.19	3498.31	-2268.10	-1.61	-7.81	7.55
2024-09-05T08:13:06	-822.91	3499.72	-2276.28	-1.51	-7.96	7.42
2024-09-05T08:13:08	-824.62	3501.13	-2284.45	-1.39	-8.11	7.28
2024-09-05T08:13:10	-826.34	3502.54	-2292.63	-1.29	-8.21	7.15
2024-09-05T08:13:12	-828.05	3503.94	-2300.80	-1.21	-8.21	7.02
2024-09-05T08:13:14	-829.76	3505.34	-2308.97	-1.13	-8.20	6.88
2024-09-05T08:13:16	-831.47	3506.73	-2317.13	-1.05	-8.19	6.75
2024-09-05T08:13:18	-833.18	3508.12	-2325.30	-0.97	-8.18	6.62
2024-09-05T08:13:20	-834.89	3509.51	-2333.45	-0.88	-8.17	6.49
2024-09-05T08:13:22	-836.60	3510.89	-2341.61	-0.79	-8.16	6.37
2024-09-05T08:13:24	-838.31	3512.27	-2349.77	-0.72	-8.17	6.24
2024-09-05T08:13:26	-840.01	3513.64	-2357.92	-0.69	-8.22	6.12
2024-09-05T08:13:28	-841.72	3515.02	-2366.07	-0.66	-8.26	5.98
2024-09-05T08:13:30	-843.42	3516.38	-2374.22	-0.60	-8.27	5.83
2024-09-05T08:13:32	-845.13	3517.75	-2382.36	-0.55	-8.27	5.69
2024-09-05T08:13:34	-846.83	3519.11	-2390.50	-0.49	-8.26	5.55
2024-09-05T08:13:36	-848.53	3520.46	-2398.64	-0.43	-8.24	5.40
2024-09-05T08:13:38	-850.23	3521.82	-2406.78	-0.33	-8.21	5.28
2024-09-05T08:13:40	-851.93	3523.16	-2414.91	-0.15	-8.18	5.19
2024-09-05T08:13:42	-853.63	3524.51	-2423.04	0.04	-8.14	5.10
2024-09-05T08:13:44	-855.33	3525.85	-2431.17	0.22	-8.08	5.01
2024-09-05T08:13:46	-857.03	3527.19	-2439.30	0.41	-8.02	4.91
2024-09-05T08:13:48	-858.72	3528.52	-2447.42	0.59	-7.95	4.80
2024-09-05T08:13:50	-860.42	3529.85	-2455.55	0.78	-7.88	4.69
2024-09-05T08:13:52	-862.11	3531.18	-2463.67	0.95	-7.81	4.58
2024-09-05T08:13:54	-863.80	3532.50	-2471.78	1.06	-7.78	4.46
2024-09-05T08:13:56	-865.50	3533.82	-2479.89	1.15	-7.77	4.34
2024-09-05T08:13:58	-867.19	3535.13	-2488.01	1.24	-7.77	4.21
2024-09-05T08:14:00	-868.88	3536.44	-2496.12	1.30	-7.79	4.09
2024-09-05T08:14:02	-870.57	3537.75	-2504.22	1.36	-7.82	3.97
2024-09-05T08:14:04	-872.26	3539.06	-2512.32	1.40	-7.87	3.84
2024-09-05T08:14:06	-873.95	3540.36	-2520.42	1.43	-7.93	3.73
2024-09-05T08:14:08	-875.63	3541.66	-2528.52	1.49	-8.04	3.67
2024-09-05T08:14:10	-877.32	3542.95	-2536.62	1.55	-8.14	3.62
2024-09-05T08:14:12	-879.01	3544.24	-2544.71	1.60	-8.26	3.59
2024-09-05T08:14:14	-880.69	3545.52	-2552.80	1.66	-8.37	3.56
2024-09-05T08:14:16	-882.37	3546.81	-2560.89	1.71	-8.47	3.54
2024-09-05T08:14:18	-884.06	3548.09	-2568.98	1.78	-8.57	3.53
2024-09-05T08:14:20	-885.74	3549.36	-2577.06	1.83	-8.66	3.53
2024-09-05T08:14:22	-887.42	3550.63	-2585.14	1.80	-8.77	3.54
2024-09-05T08:14:24	-889.10	3551.90	-2593.22	1.76	-8.87	3.55
2024-09-05T08:14:26	-890.78	3553.17	-2601.30	1.73	-8.97	3.57
2024-09-05T08:14:28	-892.46	3554.43	-2609.37	1.70	-9.08	3.59
2024-09-05T08:14:30	-894.13	3555.69	-2617.44	1.67	-9.18	3.60
2024-09-05T08:14:32	-895.81	3556.95	-2625.51	1.64	-9.29	3.62
2024-09-05T08:14:34	-897.49	3558.20	-2633.57	1.60	-9.39	3.64
2024-09-05T08:14:36	-899.16	3559.45	-2641.63	1.42	-9.41	3.59
2024-09-05T08:14:38	-900.84	3560.69	-2649.70	1.24	-9.42	3.53
2024-09-05T08:14:40	-902.51	3561.93	-2657.75	1.07	-9.43	3.47
2024-09-05T08:14:42	-904.18	3563.17	-2665.81	0.90	-9.44	3.41
2024-09-05T08:14:44	-905.85	3564.41	-2673.86	0.74	-9.45	3.35
2024-09-05T08:14:46	-907.52	3565.64	-2681.91	0.58	-9.45	3.30
2024-09-05T08:14:48	-909.19	3566.87	-2689.96	0.43	-9.46	3.25
2024-09-05T08:14:50	-910.86	3568.09	-2698.01	0.43	-9.45	3.22
2024-09-05T08:14:52	-912.53	3569.31	-2706.05	0.45	-9.45	3.19
2024-09-05T08:14:54	-914.19	3570.53	-2714.09	0.48	-9.44	3.15
2024-09-05T08:14:56	-915.86	3571.75	-2722.12	0.50	-9.44	3.12
2024-09-05T08:14:58	-917.53	3572.96	-2730.16	0.52	-9.44	3.08
2024-09-05T08:15:00	-919.19	3574.17	-2738.19	0.55	-9.44	3.04
2024-09-05T08:15:02	-920.86	3575.37	-2746.22	0.57	-9.45	3.00
2024-09-05T08:15:04	-922.52	3576.57	-2754.25	0.54	-9.45	3.01
2024-09-05T08:15:06	-924.18	3577.77	-2762.28	0.49	-9.45	3.05
2024-09-05T08:15:08	-925.84	3578.97	-2770.30	0.43	-9.45	3.09
2024-09-05T08:15:10	-927.50	3580.16	-2778.32	0.37	-9.43	3.13
2024-09-05T08:15:12	-929.16	3581.35	-2786.34	0.31	-9.42	3.18
2024-09-05T08:15:14	-930.82	3582.54	-2794.35	0.25	-9.40	3.23
2024-09-05T08:15:16	-932.48	3583.72	-2802.37	0.18	-9.37	3.29
2024-09-05T08:15:18	-934.14	3584.90	-2810.38	0.16	-9.32	3.31
2024-09-05T08:15:20	-935.79	3586.08	-2818.39	0.18	-9.24	3.31
2024-09-05T08:15:22	-937.45	3587.25	-2826.39	0.20	-9.16	3.31
2024-09-05T08:15:24	-939.10	3588.42	-2834.40	0.23	-9.08	3.30
2024-09-05T08:15:26	-940.76	3589.59	-2842.40	0.27	-8.99	3.29
2024-09-05T08:15:28	-942.41	3590.76	-2850.40	0.32	-8.89	3.27
2024-09-05T08:15:30	-944.06	3591.92	-2858.39	0.38	-8.78	3.25
2024-09-05T08:15:32	-945.71	3593.07	-2866.39	0.37	-8.75	3.20
2024-09-05T08:15:34	-947.36	3594.23	-2874.38	0.28	-8.81	3.13
2024-09-05T08:15:36	-949.02	3595.38	-2882.36	0.18	-8.88	3.07
2024-09-05T08:15:38	-950.66	3596.53	-2890.35	0.06	-8.96	3.00
2024-09-05T08:15:40	-952.31	3597.68	-2898.33	-0.07	-9.05	2.95
2024-09-05T08:15:42	-953.96	3598.82	-2906.32	-0.22	-9.15	2.89
2024-09-05T08:15:44	-955.61	3599.96	-2914.29	-0.38	-9.25	2.85
2024-09-05T08:15:46	-957.25	3601.10	-2922.27	-0.46	-9.36	2.85
2024-09-05T08:15:48	-958.90	3602.23	-2930.24	-0.41	-9.45	2.91
2024-09-05T08:15:50	-960.54	3603.36	-2938.22	-0.35	-9.52	2.96
2024-09-05T08:15:52	-962.18	3604.49	-2946.19	-0.29	-9.58	3.01
2024-09-05T08:15:54	-963.83	3605.61	-2954.15	-0.21	-9.63	3.05
2024-09-05T08:15:56	-965.47	3606.74	-2962.12	-0.13	-9.68	3.09
2024-09-05T08:15:58	-967.11	3607.86	-2970.08	-0.05	-9.71	3.14
2024-09-05T08:16:00	-968.75	3608.97	-2978.04	0.07	-9.72	3.18
2024-09-05T08:16:02	-970.39	3610.09	-2985.99	0.29	-9.68	3.26
2024-09-05T08:16:04	-972.03	3611.20	-2993.95	0.51	-9.64	3.34
2024-09-05T08:16:06	-973.66	3612.31	-3001.90	0.72	-9.61	3.41
2024-09-05T08:16:08	-975.30	3613.41	-3009.85	0.92	-9.60	3.48
2024-09-05T08:16:10	-976.94	3614.51	-3017.80	1.12	-9.58	3.54
2024-09-05T08:16:12	-978.57	3615.61	-3025.74	1.31	-9.58	3.60
2024-09-05T08:16:14	-980.21	3616.71	-3033.69	1.49	-9.58	3.65
2024-09-05T08:16:16	-981.84	3617.80	-3041.63	1.58	-9.45	3.64
2024-09-05T08:16:18	-983.48	3618.89	-3049.56	1.67	-9.31	3.63
2024-09-05T08:16:20	-985.11	3619.98	-3057.50	1.75	-9.16	3.62
2024-09-05T08:16:22	-986.74	3621.06	-3065.43	1.82	-9.02	3.63
2024-09-05T08:16:24	-988.37	3622.15	-3073.36	1.89	-8.88	3.64
2024-09-05T08:16:26	-990.00	3623.23	-3081.29	1.95	-8.73	3.65
2024-09-05T08:16:28	-991.63	3624.31	-3089.22	2.01	-8.59	3.68
2024-09-05T08:16:30	-993.26	3625.38	-3097.14	1.99	-8.45	3.77
2024-09-05T08:16:32	-994.89	3626.45	-3105.06	1.94	-8.31	3.87
2024-09-05T08:16:34	-996.51	3627.52	-3112.98	1.90	-8.17	3.97
2024-09-05T08:16:36	-998.14	3628.58	-3120.90	1.86	-8.03	4.08
2024-09-05T08:16:38	-999.77	3629.65	-3128.81	1.82	-7.89	4.18
2024-09-05T08:16:40	-1001.39	3630.71	-3136.72	1.78	-7.74	4.28
2024-09-05T08:16:42	-1003.01	3631.76	-3144.63	1.74	-7.60	4.39
2024-09-05T08:16:44	-1004.64	3632.82	-3152.54	1.71	-7.54	4.45
2024-09-05T08:16:46	-1006.26	3633.87	-3160.45	1.69	-7.54	4.48
2024-09-05T08:16:48	-1007.88	3634.92	-3168.35	1.68	-7.53	4.50
2024-09-05T08:16:50	-1009.50	3635.97	-3176.25	1.68	-7.52	4.52
2024-09-05T08:16:52	-1011.12	3637.01	-3184.15	1.68	-7.51	4.53
2024-09-05T08:16:54	-1012.74	3638.05	-3192.04	1.69	-7.49	4.53
2024-09-05T08:16:56	-1014.36	3639.09	-3199.94	1.72	-7.50	4.54
2024-09-05T08:16:58	-1015.98	3640.13	-3207.83	1.77	-7.52	4.58
2024-09-05T08:17:00	-1017.60	3641.16	-3215.72	1.85	-7.56	4.67
2024-09-05T08:17:02	-1019.21	3642.19	-3223.60	1.92	-7.59	4.76
2024-09-05T08:17:04	-1020.83	3643.22	-3231.48	1.99	-7.61	4.87
2024-09-05T08:17:06	-1022.44	3644.25	-3239.37	2.06	-7.63	4.98
2024-09-05T08:17:08	-1024.06	3645.27	-3247.25	2.12	-7.63	5.10
2024-09-05T08:17:10	-1025.67	3646.29	-3255.12	2.17	-7.62	5.24
2024-09-05T08:17:12	-1027.28	3647.31	-3263.00	2.21	-7.60	5.38
2024-09-05T08:17:14	-1028.90	3648.32	-3270.87	2.16	-7.47	5.57
2024-09-05T08:17:16	-1030.51	3649.34	-3278.74	2.09	-7.33	5.76
2024-09-05T08:17:18	-1032.12	3650.35	-3286.61	2.03	-7.19	5.95
2024-09-05T08:17:20	-1033.73	3651.36	-3294.47	1.96	-7.04	6.14
2024-09-05T08:17:22	-1035.34	3652.36	-3302.34	1.89	-6.89	6.31
2024-09-05T08:17:24	-1036.95	3653.36	-3310.20	1.81	-6.73	6.49
2024-09-05T08:17:26	-1038.55	3654.36	-3318.06	1.74	-6.57	6.66
2024-09-05T08:17:28	-1040.16	3655.36	-3325.91	1.74	-6.33	6.77
2024-09-05T08:17:30	-1041.77	3656.36	-3333.77	1.76	-6.09	6.85
2024-09-05T08:17:32	-1043.37	3657.35	-3341.62	1.80	-5.84	6.93
2024-09-05T08:17:34	-1044.98	3658.34	-3349.47	1.83	-5.61	7.00
2024-09-05T08:17:36	-1046.58	3659.33	-3357.32	1.87	-5.38	7.06
2024-09-05T08:17:38	-1048.19	3660.31	-3365.16	1.91	-5.16	7.12
2024-09-05T08:17:40	-1049.79	3661.30	-3373.00	1.94	-4.94	7.18
2024-09-05T08:17:42	-1051.39	3662.28	-3380.84	1.93	-4.81	7.19
2024-09-05T08:17:44	-1052.99	3663.25	-3388.68	1.89	-4.77	7.17
2024-09-05T08:17:46	-1054.59	3664.23	-3396.52	1.85	-4.74	7.15
2024-09-05T08:17:48	-1056.19	3665.20	-3404.35	1.81	-4.72	7.14
2024-09-05T08:17:50	-1057.79	3666.17	-3412.18	1.77	-4.70	7.13
2024-09-05T08:17:52	-1059.39	3667.14	-3420.01	1.72	-4.68	7.13
2024-09-05T08:17:54	-1060.99	3668.11	-3427.84	1.68	-4.67	7.14
2024-09-05T08:17:56	-1062.59	3669.07	-3435.66	1.63	-4.66	7.18
2024-09-05T08:17:58	-1064.18	3670.03	-3443.49	1.55	-4.62	7.34
2024-09-05T08:18:00	-1065.78	3670.99	-3451.31	1.47	-4.57	7.51
2024-09-05T08:18:02	-1067.37	3671.95	-3459.12	1.39	-4.52	7.68
2024-09-05T08:18:04	-1068.97	3672.90	-3466.94	1.31	-4.46	7.85
2024-09-05T08:18:06	-1070.56	3673.85	-3474.75	1.25	-4.40	8.03
2024-09-05T08:18:08	-1072.16	3674.80	-3482.57	1.20	-4.33	8.23
2024-09-05T08:18:10	-1073.75	3675.75	-3490.38	1.16	-4.26	8.43
2024-09-05T08:18:12	-1075.34	3676.69	-3498.18	1.18	-4.10	8.61
2024-09-05T08:18:14	-1076.93	3677.64	-3505.99	1.22	-3.92	8.77
2024-09-05T08:18:16	-1078.52	3678.58	-3513.79	1.26	-3.75	8.92
2024-09-05T08:18:18	-1080.11	3679.52	-3521.59	1.31	-3.57	9.05
2024-09-05T08:18:20	-1081.70	3680.45	-3529.39	1.37	-3.40	9.17
2024-09-05T08:18:22	-1083.29	3681.38	-3537.19	1.43	-3.23	9.27
2024-09-05T08:18:24	-1084.88	3682.32	-3544.98	1.49	-3.06	9.36
2024-09-05T08:18:26	-1086.46	3683.25	-3552.77	1.60	-3.01	9.41
2024-09-05T08:18:28	-1088.05	3684.17	-3560.56	1.74	-3.05	9.45
2024-09-05T08:18:30	-1089.63	3685.10	-3568.35	1.87	-3.10	9.49
2024-09-05T08:18:32	-1091.22	3686.02	-3576.13	1.98	-3.14	9.53
2024-09-05T08:18:34	-1092.80	3686.94	-3583.91	2.09	-3.18	9.57
2024-09-05T08:18:36	-1094.39	3687.86	-3591.69	2.18	-3.22	9.61
2024-09-05T08:18:38	-1095.97	3688.77	-3599.47	2.27	-3.26	9.66
2024-09-05T08:18:40	-1097.55	3689.68	-3607.25	2.34	-3.28	9.73
2024-09-05T08:18:42	-1099.13	3690.60	-3615.02	2.38	-3.25	9.90
2024-09-05T08:18:44	-1100.71	3691.50	-3622.79	2.43	-3.22	10.08
2024-09-05T08:18:46	-1102.29	3692.41	-3630.57	2.47	-3.19	10.27
2024-09-05T08:18:48	-1103.87	3693.31	-3638.33	2.51	-3.17	10.46
2024-09-05T08:18:50	-1105.45	3694.22	-3646.10	2.55	-3.15	10.65
2024-09-05T08:18:52	-1107.03	3695.12	-3653.86	2.59	-3.12	10.85
2024-09-05T08:18:54	-1108.61	3696.01	-3661.63	2.62	-3.11	11.05
2024-09-05T08:18:56	-1110.19	3696.91	-3669.38	2.82	-3.04	11.09
2024-09-05T08:18:58	-1111.76	3697.80	-3677.14	3.06	-2.97	11.10
2024-09-05T08:19:00	-1113.34	3698.70	-3684.90	3.32	-2.90	11.10
2024-09-05T08:19:02	-1114.91	3699.58	-3692.65	3.59	-2.84	11.10
2024-09-05T08:19:04	-1116.49	3700.47	-3700.40	3.88	-2.78	11.10
2024-09-05T08:19:06	-1118.06	3701.36	-3708.15	4.18	-2.72	11.10
2024-09-05T08:19:08	-1119.63	3702.24	-3715.89	4.50	-2.67	11.09
2024-09-05T08:19:10	-1121.21	3703.12	-3723.64	4.71	-2.66	11.01
2024-09-05T08:19:12	-1122.78	3704.00	-3731.38	4.76	-2.70	10.85
2024-09-05T08:19:14	-1124.35	3704.87	-3739.12	4.80	-2.73	10.68
2024-09-05T08:19:16	-1125.92	3705.75	-3746.86	4.84	-2.77	10.52
2024-09-05T08:19:18	-1127.49	3706.62	-3754.59	4.86	-2.80	10.35
2024-09-05T08:19:20	-1129.06	3707.49	-3762.33	4.86	-2.84	10.17
2024-09-05T08:19:22	-1130.63	3708.36	-3770.06	4.84	-2.87	10.00
2024-09-05T08:19:24	-1132.20	3709.23	-3777.79	4.82	-2.90	9.86
2024-09-05T08:19:26	-1133.76	3710.09	-3785.51	4.66	-2.84	9.89
2024-09-05T08:19:28	-1135.33	3710.95	-3793.24	4.49	-2.76	9.90
2024-09-05T08:19:30	-1136.90	3711.81	-3800.96	4.33	-2.69	9.91
2024-09-05T08:19:32	-1138.46	3712.67	-3808.68	4.18	-2.60	9.91
