Time	POS_X	POS_Y	POS_Z	B_X	B_Y	B_Z
2024-09-05T07:38:06	1157.16	-1700.05	5030.58	-28.95	2.54	-27.85
2024-09-05T07:38:08	1155.60	-1693.56	5026.31	-29.80	2.53	-28.22
2024-09-05T07:38:10	1154.04	-1687.07	5022.03	-30.71	2.55	-28.54
2024-09-05T07:38:12	1152.48	-1680.57	5017.75	-31.61	2.66	-28.83
2024-09-05T07:38:14	1150.92	-1674.08	5013.47	-32.52	2.85	-29.08
2024-09-05T07:38:16	1149.36	-1667.59	5009.18	-33.41	3.11	-29.29
2024-09-05T07:38:18	1147.80	-1661.09	5004.90	-34.31	3.44	-29.44
2024-09-05T07:38:20	1146.24	-1654.60	5000.60	-35.32	3.83	-29.25
2024-09-05T07:38:22	1144.68	-1648.10	4996.31	-36.25	4.20	-29.14
2024-09-05T07:38:24	1143.11	-1641.60	4992.01	-37.11	4.55	-29.12
2024-09-05T07:38:26	1141.55	-1635.10	4987.71	-37.90	4.88	-29.16
2024-09-05T07:38:28	1139.99	-1628.60	4983.41	-38.62	5.18	-29.28
2024-09-05T07:38:30	1138.42	-1622.10	4979.11	-39.27	5.45	-29.46
2024-09-05T07:38:32	1136.86	-1615.60	4974.80	-39.86	5.70	-29.71
2024-09-05T07:38:34	1135.29	-1609.09	4970.48	-40.52	5.97	-29.97
2024-09-05T07:38:36	1133.72	-1602.59	4966.17	-41.52	6.28	-30.13
2024-09-05T07:38:38	1132.16	-1596.08	4961.85	-43.05	6.59	-30.20
2024-09-05T07:38:40	1130.59	-1589.58	4957.54	-44.52	6.80	-30.29
2024-09-05T07:38:42	1129.02	-1583.07	4953.21	-45.94	6.91	-30.40
2024-09-05T07:38:44	1127.45	-1576.56	4948.89	-47.30	6.93	-30.54
2024-09-05T07:38:46	1125.88	-1570.06	4944.56	-48.60	6.87	-30.73
2024-09-05T07:38:48	1124.31	-1563.55	4940.23	-49.85	6.71	-30.96
2024-09-05T07:38:50	1122.74	-1557.04	4935.89	-51.05	6.47	-31.25
2024-09-05T07:38:52	1121.17	-1550.52	4931.56	-52.19	6.14	-31.60
2024-09-05T07:38:54	1119.59	-1544.01	4927.22	-53.22	6.04	-32.02
2024-09-05T07:38:56	1118.02	-1537.50	4922.87	-54.19	6.33	-32.46
2024-09-05T07:38:58	1116.45	-1530.99	4918.53	-55.19	6.66	-32.90
2024-09-05T07:39:00	1114.87	-1524.47	4914.18	-56.20	7.13	-33.28
2024-09-05T07:39:02	1113.30	-1517.96	4909.83	-57.23	7.92	-33.55
2024-09-05T07:39:04	1111.72	-1511.44	4905.47	-58.28	8.69	-33.87
2024-09-05T07:39:06	1110.15	-1504.92	4901.11	-59.38	9.41	-34.24
2024-09-05T07:39:08	1108.57	-1498.40	4896.75	-60.52	10.09	-34.67
2024-09-05T07:39:10	1106.99	-1491.88	4892.39	-61.71	10.70	-35.16
2024-09-05T07:39:12	1105.42	-1485.36	4888.02	-63.21	11.35	-35.77
2024-09-05T07:39:14	1103.83	-1478.84	4883.65	-64.85	12.05	-36.40
2024-09-05T07:39:16	1102.26	-1472.32	4879.28	-66.39	12.81	-37.02
2024-09-05T07:39:18	1100.68	-1465.79	4874.90	-67.86	13.58	-37.65
2024-09-05T07:39:20	1099.10	-1459.27	4870.52	-69.36	14.33	-38.29
2024-09-05T07:39:22	1097.51	-1452.74	4866.14	-70.89	15.06	-38.94
2024-09-05T07:39:24	1095.93	-1446.22	4861.76	-72.46	15.77	-39.58
2024-09-05T07:39:26	1094.35	-1439.69	4857.37	-73.99	16.44	-40.20
2024-09-05T07:39:28	1092.77	-1433.16	4852.98	-75.05	16.90	-40.82
2024-09-05T07:39:30	1091.18	-1426.63	4848.58	-75.34	16.99	-41.24
2024-09-05T07:39:32	1089.60	-1420.10	4844.19	-75.69	17.05	-41.68
2024-09-05T07:39:34	1088.01	-1413.57	4839.78	-76.15	17.08	-42.15
2024-09-05T07:39:36	1086.42	-1407.04	4835.38	-76.72	17.11	-42.65
2024-09-05T07:39:38	1084.84	-1400.51	4830.97	-77.40	17.12	-43.18
2024-09-05T07:39:40	1083.25	-1393.97	4826.56	-78.18	17.12	-43.73
2024-09-05T07:39:42	1081.66	-1387.44	4822.15	-79.06	17.11	-44.31
2024-09-05T07:39:44	1080.07	-1380.91	4817.73	-80.02	17.09	-44.90
2024-09-05T07:39:46	1078.48	-1374.37	4813.31	-81.01	17.05	-45.51
2024-09-05T07:39:48	1076.89	-1367.83	4808.89	-81.78	16.98	-46.12
2024-09-05T07:39:50	1075.30	-1361.29	4804.47	-82.52	16.98	-46.71
2024-09-05T07:39:52	1073.71	-1354.75	4800.04	-83.14	17.08	-47.28
2024-09-05T07:39:54	1072.12	-1348.21	4795.61	-83.38	17.34	-47.73
2024-09-05T07:39:56	1070.53	-1341.67	4791.17	-83.69	17.64	-48.12
2024-09-05T07:39:58	1068.93	-1335.13	4786.73	-84.07	17.97	-48.44
2024-09-05T07:40:00	1067.34	-1328.59	4782.29	-84.50	18.35	-48.70
2024-09-05T07:40:02	1065.75	-1322.05	4777.85	-84.99	18.78	-48.91
2024-09-05T07:40:04	1064.15	-1315.50	4773.40	-85.57	19.13	-49.10
2024-09-05T07:40:06	1062.55	-1308.96	4768.95	-86.19	19.29	-49.37
2024-09-05T07:40:08	1060.96	-1302.41	4764.49	-86.81	19.41	-49.74
2024-09-05T07:40:10	1059.36	-1295.86	4760.03	-87.42	19.50	-50.21
2024-09-05T07:40:12	1057.76	-1289.32	4755.57	-88.03	19.57	-50.78
2024-09-05T07:40:14	1056.16	-1282.77	4751.11	-88.64	19.61	-51.48
2024-09-05T07:40:16	1054.56	-1276.22	4746.64	-89.25	19.62	-52.29
2024-09-05T07:40:18	1052.96	-1269.67	4742.17	-89.86	19.58	-53.08
2024-09-05T07:40:20	1051.36	-1263.11	4737.70	-90.46	19.44	-53.62
2024-09-05T07:40:22	1049.76	-1256.56	4733.22	-91.15	19.37	-54.06
2024-09-05T07:40:24	1048.16	-1250.01	4728.74	-91.86	19.35	-54.46
2024-09-05T07:40:26	1046.55	-1243.46	4724.25	-92.55	19.39	-54.87
2024-09-05T07:40:28	1044.95	-1236.90	4719.77	-93.16	19.50	-55.28
2024-09-05T07:40:30	1043.34	-1230.34	4715.28	-93.71	19.67	-55.71
2024-09-05T07:40:32	1041.74	-1223.79	4710.78	-94.25	19.90	-56.15
2024-09-05T07:40:34	1040.13	-1217.23	4706.28	-94.77	20.17	-56.62
2024-09-05T07:40:36	1038.52	-1210.67	4701.78	-95.29	20.50	-57.09
2024-09-05T07:40:38	1036.92	-1204.11	4697.28	-95.80	20.87	-57.58
2024-09-05T07:40:40	1035.31	-1197.55	4692.77	-95.72	20.90	-57.80
2024-09-05T07:40:42	1033.70	-1190.99	4688.26	-95.63	20.88	-58.00
2024-09-05T07:40:44	1032.09	-1184.43	4683.75	-95.56	20.68	-58.17
2024-09-05T07:40:46	1030.48	-1177.86	4679.23	-95.56	20.43	-58.37
2024-09-05T07:40:48	1028.87	-1171.30	4674.71	-95.66	20.25	-58.61
2024-09-05T07:40:50	1027.26	-1164.73	4670.18	-95.85	20.14	-58.89
2024-09-05T07:40:52	1025.64	-1158.17	4665.65	-96.11	20.10	-59.21
2024-09-05T07:40:54	1024.03	-1151.60	4661.12	-96.44	20.13	-59.56
2024-09-05T07:40:56	1022.42	-1145.04	4656.58	-96.87	20.22	-59.96
2024-09-05T07:40:58	1020.80	-1138.47	4652.05	-97.42	20.34	-60.41
2024-09-05T07:41:00	1019.19	-1131.90	4647.50	-97.95	20.45	-60.91
2024-09-05T07:41:02	1017.57	-1125.33	4642.96	-98.48	20.55	-61.46
2024-09-05T07:41:04	1015.96	-1118.76	4638.41	-99.03	20.64	-62.07
2024-09-05T07:41:06	1014.34	-1112.19	4633.86	-99.60	20.72	-62.74
2024-09-05T07:41:08	1012.72	-1105.61	4629.30	-100.21	20.79	-63.49
2024-09-05T07:41:10	1011.10	-1099.04	4624.74	-100.48	20.68	-64.03
2024-09-05T07:41:12	1009.48	-1092.47	4620.18	-100.72	20.57	-64.58
2024-09-05T07:41:14	1007.86	-1085.89	4615.61	-100.81	20.30	-64.91
2024-09-05T07:41:16	1006.24	-1079.31	4611.04	-100.82	19.95	-65.06
2024-09-05T07:41:18	1004.61	-1072.74	4606.46	-100.86	19.65	-65.20
2024-09-05T07:41:20	1002.99	-1066.16	4601.89	-100.92	19.39	-65.35
2024-09-05T07:41:22	1001.37	-1059.58	4597.31	-101.02	19.17	-65.50
2024-09-05T07:41:24	999.74	-1053.00	4592.72	-101.14	19.00	-65.66
2024-09-05T07:41:26	998.12	-1046.42	4588.13	-101.30	18.87	-65.84
2024-09-05T07:41:28	996.49	-1039.84	4583.54	-101.50	18.78	-66.04
2024-09-05T07:41:30	994.87	-1033.26	4578.95	-101.73	18.72	-66.26
2024-09-05T07:41:32	993.24	-1026.68	4574.35	-101.81	18.75	-66.73
2024-09-05T07:41:34	991.61	-1020.09	4569.74	-101.89	18.75	-67.22
2024-09-05T07:41:36	989.98	-1013.51	4565.14	-101.98	18.73	-67.69
2024-09-05T07:41:38	988.35	-1006.92	4560.53	-102.05	18.70	-68.17
2024-09-05T07:41:40	986.72	-1000.34	4555.91	-102.11	18.64	-68.64
2024-09-05T07:41:42	985.09	-993.75	4551.29	-102.19	18.57	-69.11
2024-09-05T07:41:44	983.46	-987.16	4546.67	-102.29	18.47	-69.55
2024-09-05T07:41:46	981.82	-980.57	4542.05	-102.39	18.36	-69.99
2024-09-05T07:41:48	980.19	-973.99	4537.42	-102.52	18.26	-70.40
2024-09-05T07:41:50	978.56	-967.40	4532.78	-102.74	18.28	-70.72
2024-09-05T07:41:52	976.92	-960.81	4528.15	-102.96	18.31	-71.00
2024-09-05T07:41:54	975.29	-954.21	4523.51	-103.17	18.36	-71.25
2024-09-05T07:41:56	973.65	-947.62	4518.86	-103.40	18.42	-71.46
2024-09-05T07:41:58	972.01	-941.03	4514.21	-103.64	18.50	-71.65
2024-09-05T07:42:00	970.37	-934.43	4509.56	-103.90	18.61	-71.92
2024-09-05T07:42:02	968.73	-927.84	4504.91	-104.17	18.71	-72.21
2024-09-05T07:42:04	967.09	-921.24	4500.25	-104.42	18.81	-72.50
2024-09-05T07:42:06	965.45	-914.65	4495.59	-104.66	18.85	-72.81
2024-09-05T07:42:08	963.81	-908.05	4490.92	-104.86	18.83	-73.12
2024-09-05T07:42:10	962.17	-901.45	4486.25	-105.07	18.79	-73.42
2024-09-05T07:42:12	960.53	-894.85	4481.57	-105.29	18.73	-73.71
2024-09-05T07:42:14	958.88	-888.25	4476.89	-105.52	18.66	-73.98
2024-09-05T07:42:16	957.24	-881.65	4472.21	-105.76	18.57	-74.25
2024-09-05T07:42:18	955.59	-875.05	4467.53	-106.03	18.46	-74.50
2024-09-05T07:42:20	953.95	-868.45	4462.84	-106.32	18.33	-74.73
2024-09-05T07:42:22	952.30	-861.85	4458.14	-106.64	18.17	-74.95
2024-09-05T07:42:24	950.65	-855.24	4453.44	-106.58	18.23	-75.18
2024-09-05T07:42:26	949.00	-848.64	4448.74	-106.45	18.31	-75.44
2024-09-05T07:42:28	947.35	-842.03	4444.04	-106.35	18.38	-75.72
2024-09-05T07:42:30	945.70	-835.43	4439.32	-106.25	18.43	-76.03
2024-09-05T07:42:32	944.05	-828.82	4434.61	-106.16	18.46	-76.37
2024-09-05T07:42:34	942.40	-822.21	4429.89	-106.08	18.48	-76.75
2024-09-05T07:42:36	940.75	-815.61	4425.17	-106.02	18.49	-77.15
2024-09-05T07:42:38	939.10	-809.00	4420.44	-105.97	18.47	-77.60
2024-09-05T07:42:40	937.44	-802.39	4415.71	-105.96	18.43	-78.07
2024-09-05T07:42:42	935.78	-795.78	4410.98	-106.10	18.36	-78.51
2024-09-05T07:42:44	934.13	-789.17	4406.24	-106.25	18.28	-78.94
2024-09-05T07:42:46	932.47	-782.55	4401.50	-106.40	18.22	-79.36
2024-09-05T07:42:48	930.81	-775.94	4396.75	-106.62	18.16	-79.70
2024-09-05T07:42:50	929.15	-769.33	4392.00	-106.88	18.10	-80.02
2024-09-05T07:42:52	927.50	-762.71	4387.25	-107.13	18.03	-80.33
2024-09-05T07:42:54	925.84	-756.10	4382.49	-107.38	17.95	-80.63
2024-09-05T07:42:56	924.17	-749.49	4377.73	-107.62	17.87	-80.93
2024-09-05T07:42:58	922.51	-742.87	4372.96	-107.86	17.75	-81.26
2024-09-05T07:43:00	920.85	-736.25	4368.19	-108.09	17.62	-81.66
2024-09-05T07:43:02	919.19	-729.64	4363.41	-108.31	17.49	-82.06
2024-09-05T07:43:04	917.52	-723.02	4358.64	-108.51	17.37	-82.47
2024-09-05T07:43:06	915.86	-716.40	4353.85	-108.71	17.25	-82.90
2024-09-05T07:43:08	914.19	-709.78	4349.06	-108.89	17.15	-83.34
2024-09-05T07:43:10	912.52	-703.16	4344.27	-109.07	17.04	-83.78
2024-09-05T07:43:12	910.86	-696.54	4339.48	-109.29	16.94	-84.28
2024-09-05T07:43:14	909.19	-689.91	4334.67	-109.53	16.83	-84.77
2024-09-05T07:43:16	907.52	-683.29	4329.87	-109.81	16.78	-85.14
2024-09-05T07:43:18	905.85	-676.67	4325.06	-110.08	16.72	-85.51
2024-09-05T07:43:20	904.18	-670.05	4320.25	-110.34	16.67	-85.89
2024-09-05T07:43:22	902.50	-663.42	4315.43	-110.60	16.61	-86.28
2024-09-05T07:43:24	900.83	-656.80	4310.61	-110.84	16.55	-86.69
2024-09-05T07:43:26	899.16	-650.17	4305.79	-111.08	16.48	-87.10
2024-09-05T07:43:28	897.48	-643.55	4300.95	-111.30	16.42	-87.53
2024-09-05T07:43:30	895.81	-636.92	4296.12	-111.51	16.35	-87.96
2024-09-05T07:43:32	894.13	-630.29	4291.28	-111.68	16.26	-88.39
2024-09-05T07:43:34	892.45	-623.66	4286.44	-111.79	16.08	-88.76
2024-09-05T07:43:36	890.78	-617.03	4281.59	-111.89	15.94	-89.13
2024-09-05T07:43:38	889.10	-610.40	4276.74	-111.99	15.80	-89.52
2024-09-05T07:43:40	887.42	-603.77	4271.88	-112.09	15.66	-89.93
2024-09-05T07:43:42	885.73	-597.14	4267.02	-112.20	15.52	-90.35
2024-09-05T07:43:44	884.05	-590.51	4262.16	-112.31	15.38	-90.79
2024-09-05T07:43:46	882.37	-583.88	4257.29	-112.42	15.25	-91.25
2024-09-05T07:43:48	880.69	-577.25	4252.41	-112.53	15.12	-91.72
2024-09-05T07:43:50	879.00	-570.61	4247.53	-112.72	14.99	-92.20
2024-09-05T07:43:52	877.32	-563.98	4242.65	-112.97	14.86	-92.67
2024-09-05T07:43:54	875.63	-557.34	4237.76	-113.22	14.73	-93.14
2024-09-05T07:43:56	873.94	-550.71	4232.87	-113.48	14.60	-93.60
2024-09-05T07:43:58	872.26	-544.07	4227.97	-113.74	14.46	-94.06
2024-09-05T07:44:00	870.57	-537.44	4223.07	-113.95	14.30	-94.54
2024-09-05T07:44:02	868.88	-530.80	4218.17	-114.13	14.14	-95.01
2024-09-05T07:44:04	867.19	-524.16	4213.26	-114.29	13.99	-95.48
2024-09-05T07:44:06	865.49	-517.52	4208.34	-114.44	13.84	-95.95
2024-09-05T07:44:08	863.80	-510.88	4203.42	-114.55	13.63	-96.40
2024-09-05T07:44:10	862.11	-504.25	4198.50	-114.68	13.43	-96.84
2024-09-05T07:44:12	860.41	-497.61	4193.57	-114.84	13.22	-97.27
2024-09-05T07:44:14	858.72	-490.96	4188.64	-115.02	13.01	-97.69
2024-09-05T07:44:16	857.02	-484.32	4183.70	-115.21	12.79	-98.10
2024-09-05T07:44:18	855.33	-477.68	4178.76	-115.42	12.57	-98.50
2024-09-05T07:44:20	853.63	-471.04	4173.81	-115.63	12.35	-98.89
2024-09-05T07:44:22	851.93	-464.40	4168.86	-115.88	12.15	-99.29
2024-09-05T07:44:24	850.23	-457.76	4163.90	-116.09	12.01	-99.72
2024-09-05T07:44:26	848.53	-451.11	4158.94	-116.22	11.93	-100.16
2024-09-05T07:44:28	846.83	-444.47	4153.97	-116.35	11.83	-100.61
2024-09-05T07:44:30	845.13	-437.82	4149.00	-116.48	11.71	-101.07
2024-09-05T07:44:32	843.42	-431.18	4144.03	-116.59	11.58	-101.55
2024-09-05T07:44:34	841.72	-424.53	4139.05	-116.70	11.43	-102.04
2024-09-05T07:44:36	840.01	-417.89	4134.06	-116.80	11.27	-102.54
2024-09-05T07:44:38	838.31	-411.24	4129.08	-116.88	11.11	-103.05
2024-09-05T07:44:40	836.60	-404.59	4124.08	-116.96	10.93	-103.58
2024-09-05T07:44:42	834.89	-397.94	4119.08	-117.09	10.74	-104.06
2024-09-05T07:44:44	833.18	-391.30	4114.08	-117.23	10.56	-104.53
2024-09-05T07:44:46	831.47	-384.65	4109.07	-117.40	10.38	-104.96
2024-09-05T07:44:48	829.76	-378.00	4104.05	-117.57	10.21	-105.41
2024-09-05T07:44:50	828.05	-371.35	4099.03	-117.73	10.03	-105.87
2024-09-05T07:44:52	826.33	-364.70	4094.01	-117.88	9.86	-106.34
2024-09-05T07:44:54	824.62	-358.05	4088.98	-118.03	9.70	-106.82
2024-09-05T07:44:56	822.90	-351.40	4083.95	-118.16	9.53	-107.32
2024-09-05T07:44:58	821.19	-344.75	4078.91	-118.28	9.36	-107.82
2024-09-05T07:45:00	819.47	-338.10	4073.87	-118.43	9.13	-108.33
2024-09-05T07:45:02	817.76	-331.44	4068.82	-118.58	8.89	-108.85
2024-09-05T07:45:04	816.04	-324.79	4063.77	-118.76	8.65	-109.38
2024-09-05T07:45:06	814.32	-318.14	4058.71	-118.95	8.41	-109.91
2024-09-05T07:45:08	812.60	-311.49	4053.65	-119.15	8.16	-110.43
2024-09-05T07:45:10	810.87	-304.83	4048.58	-119.35	7.90	-110.95
2024-09-05T07:45:12	809.15	-298.18	4043.51	-119.54	7.64	-111.48
2024-09-05T07:45:14	807.43	-291.52	4038.43	-119.71	7.39	-112.01
2024-09-05T07:45:16	805.70	-284.87	4033.34	-119.86	7.14	-112.53
2024-09-05T07:45:18	803.98	-278.21	4028.26	-119.99	6.89	-113.04
2024-09-05T07:45:20	802.25	-271.56	4023.16	-120.12	6.64	-113.56
2024-09-05T07:45:22	800.52	-264.90	4018.07	-120.26	6.38	-114.09
2024-09-05T07:45:24	798.80	-258.24	4012.96	-120.40	6.11	-114.64
2024-09-05T07:45:26	797.07	-251.59	4007.85	-120.55	5.85	-115.20
2024-09-05T07:45:28	795.34	-244.93	4002.74	-120.71	5.57	-115.77
2024-09-05T07:45:30	793.60	-238.27	3997.62	-120.87	5.27	-116.33
2024-09-05T07:45:32	791.87	-231.62	3992.49	-121.04	4.96	-116.87
2024-09-05T07:45:34	790.14	-224.96	3987.37	-121.24	4.63	-117.40
2024-09-05T07:45:36	788.40	-218.30	3982.23	-121.44	4.29	-117.95
2024-09-05T07:45:38	786.67	-211.64	3977.09	-121.64	3.96	-118.50
2024-09-05T07:45:40	784.93	-204.98	3971.95	-121.85	3.63	-119.07
2024-09-05T07:45:42	783.19	-198.32	3966.80	-122.06	3.29	-119.64
2024-09-05T07:45:44	781.45	-191.66	3961.64	-122.27	2.94	-120.21
2024-09-05T07:45:46	779.71	-185.01	3956.48	-122.48	2.59	-120.79
2024-09-05T07:45:48	777.97	-178.35	3951.31	-122.69	2.23	-121.37
2024-09-05T07:45:50	776.23	-171.69	3946.14	-122.89	1.88	-121.93
2024-09-05T07:45:52	774.49	-165.02	3940.97	-123.07	1.56	-122.48
2024-09-05T07:45:54	772.75	-158.37	3935.78	-123.27	1.25	-123.06
2024-09-05T07:45:56	771.00	-151.70	3930.60	-123.47	0.93	-123.64
2024-09-05T07:45:58	769.26	-145.04	3925.40	-123.66	0.60	-124.23
2024-09-05T07:46:00	767.51	-138.38	3920.20	-123.84	0.26	-124.82
2024-09-05T07:46:02	765.76	-131.72	3915.00	-124.01	-0.09	-125.41
2024-09-05T07:46:04	764.01	-125.06	3909.79	-124.18	-0.45	-126.00
2024-09-05T07:46:06	762.26	-118.40	3904.58	-124.33	-0.81	-126.59
2024-09-05T07:46:08	760.51	-111.73	3899.36	-124.53	-1.14	-127.14
2024-09-05T07:46:10	758.76	-105.07	3894.13	-124.75	-1.46	-127.68
2024-09-05T07:46:12	757.01	-98.41	3888.90	-124.98	-1.78	-128.23
2024-09-05T07:46:14	755.26	-91.75	3883.67	-125.21	-2.12	-128.78
2024-09-05T07:46:16	753.50	-85.09	3878.42	-125.42	-2.50	-129.35
2024-09-05T07:46:18	751.74	-78.42	3873.18	-125.63	-2.88	-129.93
2024-09-05T07:46:20	749.99	-71.76	3867.92	-125.83	-3.29	-130.52
2024-09-05T07:46:22	748.23	-65.10	3862.66	-126.03	-3.70	-131.11
2024-09-05T07:46:24	746.47	-58.43	3857.40	-126.21	-4.14	-131.72
2024-09-05T07:46:26	744.71	-51.77	3852.13	-126.32	-4.63	-132.34
2024-09-05T07:46:28	742.95	-45.11	3846.85	-126.44	-5.11	-132.97
2024-09-05T07:46:30	741.19	-38.44	3841.57	-126.55	-5.59	-133.61
2024-09-05T07:46:32	739.42	-31.78	3836.29	-126.67	-6.06	-134.24
2024-09-05T07:46:34	737.66	-25.12	3830.99	-126.78	-6.54	-134.88
2024-09-05T07:46:36	735.89	-18.45	3825.70	-126.91	-6.99	-135.53
2024-09-05T07:46:38	734.13	-11.79	3820.39	-127.08	-7.42	-136.19
2024-09-05T07:46:40	732.36	-5.13	3815.08	-127.26	-7.87	-136.86
2024-09-05T07:46:42	730.59	1.54	3809.77	-127.47	-8.28	-137.48
2024-09-05T07:46:44	728.82	8.20	3804.45	-127.69	-8.68	-138.08
2024-09-05T07:46:46	727.05	14.86	3799.12	-127.90	-9.09	-138.69
2024-09-05T07:46:48	725.28	21.53	3793.79	-128.11	-9.50	-139.29
2024-09-05T07:46:50	723.50	28.19	3788.45	-128.31	-9.92	-139.89
2024-09-05T07:46:52	721.73	34.85	3783.10	-128.51	-10.35	-140.50
2024-09-05T07:46:54	719.96	41.52	3777.75	-128.72	-10.78	-141.10
2024-09-05T07:46:56	718.18	48.18	3772.40	-128.93	-11.21	-141.71
2024-09-05T07:46:58	716.40	54.84	3767.04	-129.12	-11.68	-142.37
2024-09-05T07:47:00	714.62	61.51	3761.67	-129.28	-12.21	-143.06
2024-09-05T07:47:02	712.85	68.17	3756.29	-129.44	-12.73	-143.74
2024-09-05T07:47:04	711.06	74.83	3750.92	-129.60	-13.27	-144.41
2024-09-05T07:47:06	709.28	81.50	3745.53	-129.76	-13.80	-145.08
2024-09-05T07:47:08	707.50	88.16	3740.14	-129.91	-14.35	-145.74
2024-09-05T07:47:10	705.72	94.82	3734.74	-130.07	-14.89	-146.39
2024-09-05T07:47:12	703.93	101.48	3729.34	-130.22	-15.44	-147.03
2024-09-05T07:47:14	702.14	108.15	3723.93	-130.35	-16.00	-147.66
2024-09-05T07:47:16	700.36	114.81	3718.51	-130.48	-16.56	-148.27
2024-09-05T07:47:18	698.57	121.47	3713.09	-130.63	-17.12	-148.88
2024-09-05T07:47:20	696.78	128.13	3707.67	-130.81	-17.68	-149.57
2024-09-05T07:47:22	694.99	134.79	3702.23	-131.00	-18.26	-150.24
2024-09-05T07:47:24	693.20	141.45	3696.79	-131.18	-18.86	-150.90
2024-09-05T07:47:26	691.41	148.12	3691.35	-131.36	-19.46	-151.56
2024-09-05T07:47:28	689.61	154.78	3685.89	-131.55	-20.08	-152.21
2024-09-05T07:47:30	687.82	161.44	3680.43	-131.74	-20.71	-152.86
2024-09-05T07:47:32	686.02	168.10	3674.97	-131.93	-21.34	-153.51
2024-09-05T07:47:34	684.22	174.76	3669.50	-132.13	-21.96	-154.12
2024-09-05T07:47:36	682.43	181.42	3664.02	-132.33	-22.57	-154.74
2024-09-05T07:47:38	680.63	188.08	3658.54	-132.52	-23.18	-155.36
2024-09-05T07:47:40	678.83	194.74	3653.05	-132.71	-23.78	-155.99
2024-09-05T07:47:42	677.02	201.40	3647.56	-132.90	-24.37	-156.64
2024-09-05T07:47:44	675.22	208.05	3642.06	-133.08	-24.99	-157.28
2024-09-05T07:47:46	673.42	214.71	3636.55	-133.27	-25.62	-157.92
2024-09-05T07:47:48	671.61	221.37	3631.03	-133.45	-26.26	-158.57
2024-09-05T07:47:50	669.81	228.03	3625.51	-133.63	-26.92	-159.22
2024-09-05T07:47:52	668.00	234.69	3619.99	-133.81	-27.56	-159.87
2024-09-05T07:47:54	666.19	241.34	3614.45	-133.98	-28.21	-160.52
2024-09-05T07:47:56	664.38	248.00	3608.92	-134.15	-28.87	-161.17
2024-09-05T07:47:58	662.57	254.66	3603.37	-134.33	-29.53	-161.81
2024-09-05T07:48:00	660.76	261.31	3597.82	-134.51	-30.20	-162.46
2024-09-05T07:48:02	658.95	267.97	3592.26	-134.70	-30.87	-163.16
2024-09-05T07:48:04	657.13	274.62	3586.69	-134.88	-31.55	-163.84
2024-09-05T07:48:06	655.32	281.27	3581.12	-135.07	-32.25	-164.53
2024-09-05T07:48:08	653.50	287.93	3575.54	-135.24	-32.95	-165.21
2024-09-05T07:48:10	651.68	294.58	3569.96	-135.40	-33.65	-165.89
2024-09-05T07:48:12	649.86	301.23	3564.37	-135.55	-34.36	-166.56
2024-09-05T07:48:14	648.04	307.88	3558.77	-135.71	-35.06	-167.22
2024-09-05T07:48:16	646.22	314.54	3553.17	-135.85	-35.78	-167.87
2024-09-05T07:48:18	644.40	321.19	3547.56	-136.00	-36.50	-168.52
2024-09-05T07:48:20	642.58	327.84	3541.94	-136.16	-37.23	-169.16
2024-09-05T07:48:22	640.75	334.49	3536.31	-136.37	-37.98	-169.86
2024-09-05T07:48:24	638.93	341.14	3530.68	-136.59	-38.75	-170.56
2024-09-05T07:48:26	637.10	347.78	3525.05	-136.84	-39.53	-171.20
2024-09-05T07:48:28	635.27	354.43	3519.40	-137.07	-40.33	-171.83
2024-09-05T07:48:30	633.44	361.08	3513.75	-137.30	-41.14	-172.47
2024-09-05T07:48:32	631.61	367.73	3508.09	-137.51	-41.96	-173.11
2024-09-05T07:48:34	629.78	374.37	3502.43	-137.71	-42.80	-173.74
2024-09-05T07:48:36	627.95	381.02	3496.76	-137.90	-43.64	-174.37
2024-09-05T07:48:38	626.11	387.66	3491.08	-138.08	-44.50	-174.99
2024-09-05T07:48:40	624.28	394.30	3485.40	-138.25	-45.36	-175.61
2024-09-05T07:48:42	622.44	400.95	3479.71	-138.46	-46.22	-176.26
2024-09-05T07:48:44	620.60	407.59	3474.01	-138.67	-47.08	-176.91
2024-09-05T07:48:46	618.76	414.23	3468.30	-138.87	-47.94	-177.56
2024-09-05T07:48:48	616.93	420.87	3462.59	-139.06	-48.82	-178.20
2024-09-05T07:48:50	615.08	427.51	3456.87	-139.25	-49.71	-178.84
2024-09-05T07:48:52	613.24	434.15	3451.15	-139.43	-50.61	-179.48
2024-09-05T07:48:54	611.40	440.79	3445.42	-139.61	-51.53	-180.12
2024-09-05T07:48:56	609.55	447.42	3439.68	-139.78	-52.46	-180.76
2024-09-05T07:48:58	607.71	454.06	3433.93	-139.94	-53.41	-181.39
2024-09-05T07:49:00	605.86	460.69	3428.18	-140.07	-54.32	-181.99
2024-09-05T07:49:02	604.01	467.33	3422.42	-140.24	-55.24	-182.62
2024-09-05T07:49:04	602.16	473.96	3416.65	-140.42	-56.17	-183.25
2024-09-05T07:49:06	600.31	480.59	3410.88	-140.59	-57.12	-183.87
2024-09-05T07:49:08	598.46	487.22	3405.10	-140.77	-58.08	-184.49
2024-09-05T07:49:10	596.61	493.86	3399.31	-140.95	-59.05	-185.09
2024-09-05T07:49:12	594.75	500.49	3393.51	-141.14	-60.03	-185.68
2024-09-05T07:49:14	592.90	507.11	3387.71	-141.32	-61.02	-186.26
2024-09-05T07:49:16	591.04	513.74	3381.90	-141.51	-62.00	-186.82
2024-09-05T07:49:18	589.18	520.37	3376.08	-141.71	-62.96	-187.36
2024-09-05T07:49:20	587.33	526.99	3370.26	-141.90	-63.93	-187.91
2024-09-05T07:49:22	585.46	533.62	3364.43	-142.10	-64.96	-188.55
2024-09-05T07:49:24	583.60	540.24	3358.59	-142.28	-66.01	-189.18
2024-09-05T07:49:26	581.74	546.86	3352.75	-142.44	-67.09	-189.81
2024-09-05T07:49:28	579.88	553.48	3346.89	-142.59	-68.18	-190.43
2024-09-05T07:49:30	578.01	560.10	3341.04	-142.72	-69.30	-191.06
2024-09-05T07:49:32	576.14	566.72	3335.17	-142.84	-70.43	-191.69
2024-09-05T07:49:34	574.28	573.33	3329.29	-142.94	-71.51	-192.29
2024-09-05T07:49:36	572.41	579.95	3323.41	-143.04	-72.56	-192.84
2024-09-05T07:49:38	570.54	586.56	3317.52	-143.14	-73.61	-193.37
2024-09-05T07:49:40	568.66	593.18	3311.63	-143.25	-74.65	-193.89
2024-09-05T07:49:42	566.79	599.79	3305.72	-143.41	-75.70	-194.43
2024-09-05T07:49:44	564.92	606.40	3299.81	-143.58	-76.78	-194.97
2024-09-05T07:49:46	563.04	613.01	3293.90	-143.75	-77.87	-195.51
2024-09-05T07:49:48	561.17	619.62	3287.97	-143.94	-78.99	-196.05
2024-09-05T07:49:50	559.29	626.22	3282.04	-144.13	-80.12	-196.60
2024-09-05T07:49:52	557.41	632.83	3276.10	-144.30	-81.27	-197.13
2024-09-05T07:49:54	555.53	639.43	3270.15	-144.46	-82.42	-197.64
2024-09-05T07:49:56	553.65	646.03	3264.19	-144.61	-83.57	-198.16
2024-09-05T07:49:58	551.77	652.63	3258.23	-144.75	-84.73	-198.66
2024-09-05T07:50:00	549.88	659.23	3252.26	-144.89	-85.97	-199.20
2024-09-05T07:50:02	548.00	665.83	3246.28	-145.03	-87.23	-199.74
2024-09-05T07:50:04	546.11	672.43	3240.30	-145.16	-88.51	-200.27
2024-09-05T07:50:06	544.22	679.02	3234.30	-145.28	-89.80	-200.80
2024-09-05T07:50:08	542.34	685.61	3228.30	-145.38	-91.08	-201.30
2024-09-05T07:50:10	540.45	692.21	3222.30	-145.47	-92.32	-201.73
2024-09-05T07:50:12	538.56	698.79	3216.28	-145.54	-93.56	-202.17
2024-09-05T07:50:14	536.66	705.38	3210.25	-145.60	-94.79	-202.61
2024-09-05T07:50:16	534.77	711.97	3204.23	-145.64	-96.01	-203.05
2024-09-05T07:50:18	532.87	718.55	3198.19	-145.67	-97.24	-203.49
2024-09-05T07:50:20	530.98	725.14	3192.14	-145.71	-98.55	-203.90
2024-09-05T07:50:22	529.08	731.72	3186.09	-145.74	-99.88	-204.29
2024-09-05T07:50:24	527.18	738.30	3180.02	-145.76	-101.21	-204.67
2024-09-05T07:50:26	525.28	744.88	3173.95	-145.77	-102.57	-205.03
2024-09-05T07:50:28	523.38	751.45	3167.88	-145.79	-103.97	-205.41
2024-09-05T07:50:30	521.48	758.03	3161.79	-145.82	-105.39	-205.79
2024-09-05T07:50:32	519.58	764.60	3155.70	-145.86	-106.82	-206.19
2024-09-05T07:50:34	517.67	771.17	3149.60	-145.89	-108.27	-206.59
2024-09-05T07:50:36	515.76	777.74	3143.49	-145.93	-109.73	-207.00
2024-09-05T07:50:38	513.86	784.30	3137.37	-145.98	-111.25	-207.45
2024-09-05T07:50:40	511.95	790.87	3131.25	-146.02	-112.77	-207.88
2024-09-05T07:50:42	510.04	797.43	3125.11	-146.05	-114.28	-208.28
2024-09-05T07:50:44	508.13	803.99	3118.97	-146.05	-115.63	-208.62
2024-09-05T07:50:46	506.21	810.55	3112.83	-146.04	-116.98	-208.95
2024-09-05T07:50:48	504.30	817.10	3106.67	-146.01	-118.35	-209.27
2024-09-05T07:50:50	502.38	823.66	3100.51	-145.99	-119.73	-209.58
2024-09-05T07:50:52	500.47	830.21	3094.33	-145.96	-121.13	-209.88
2024-09-05T07:50:54	498.55	836.76	3088.15	-145.93	-122.55	-210.16
2024-09-05T07:50:56	496.63	843.31	3081.97	-145.95	-124.01	-210.46
2024-09-05T07:50:58	494.71	849.85	3075.77	-146.01	-125.52	-210.74
2024-09-05T07:51:00	492.79	856.40	3069.56	-146.08	-127.05	-210.97
2024-09-05T07:51:02	490.87	862.94	3063.35	-146.17	-128.56	-211.16
2024-09-05T07:51:04	488.94	869.48	3057.13	-146.24	-130.08	-211.34
2024-09-05T07:51:06	487.02	876.01	3050.91	-146.30	-131.61	-211.50
2024-09-05T07:51:08	485.09	882.55	3044.67	-146.34	-133.13	-211.64
2024-09-05T07:51:10	483.17	889.08	3038.42	-146.35	-134.66	-211.77
2024-09-05T07:51:12	481.24	895.61	3032.17	-146.35	-136.20	-211.89
2024-09-05T07:51:14	479.31	902.14	3025.91	-146.36	-137.75	-212.03
2024-09-05T07:51:16	477.38	908.66	3019.64	-146.42	-139.36	-212.22
2024-09-05T07:51:18	475.44	915.18	3013.36	-146.46	-140.92	-212.38
2024-09-05T07:51:20	473.51	921.70	3007.08	-146.49	-142.43	-212.53
2024-09-05T07:51:22	471.57	928.22	3000.78	-146.53	-143.96	-212.67
2024-09-05T07:51:24	469.64	934.73	2994.48	-146.55	-145.50	-212.78
2024-09-05T07:51:26	467.70	941.25	2988.17	-146.57	-147.06	-212.88
2024-09-05T07:51:28	465.76	947.76	2981.85	-146.57	-148.63	-212.96
2024-09-05T07:51:30	463.82	954.26	2975.52	-146.57	-150.22	-213.01
2024-09-05T07:51:32	461.88	960.77	2969.19	-146.57	-151.84	-213.07
2024-09-05T07:51:34	459.94	967.27	2962.85	-146.61	-153.52	-213.17
2024-09-05T07:51:36	457.99	973.77	2956.49	-146.61	-155.17	-213.23
2024-09-05T07:51:38	456.05	980.27	2950.13	-146.57	-156.79	-213.25
2024-09-05T07:51:40	454.10	986.76	2943.76	-146.49	-158.39	-213.24
2024-09-05T07:51:42	452.15	993.25	2937.39	-146.39	-159.99	-213.20
2024-09-05T07:51:44	450.20	999.74	2931.00	-146.27	-161.58	-213.13
2024-09-05T07:51:46	448.25	1006.22	2924.61	-146.11	-163.16	-213.05
2024-09-05T07:51:48	446.30	1012.70	2918.21	-145.94	-164.74	-212.94
2024-09-05T07:51:50	444.35	1019.18	2911.80	-145.77	-166.35	-212.81
2024-09-05T07:51:52	442.39	1025.66	2905.38	-145.62	-168.06	-212.68
2024-09-05T07:51:54	440.44	1032.13	2898.95	-145.53	-169.78	-212.54
2024-09-05T07:51:56	438.48	1038.60	2892.51	-145.43	-171.50	-212.38
2024-09-05T07:51:58	436.52	1045.07	2886.07	-145.32	-173.23	-212.21
2024-09-05T07:52:00	434.56	1051.53	2879.61	-145.18	-174.96	-212.03
2024-09-05T07:52:02	432.60	1057.99	2873.15	-145.03	-176.68	-211.83
2024-09-05T07:52:04	430.64	1064.45	2866.68	-144.86	-178.41	-211.63
2024-09-05T07:52:06	428.68	1070.90	2860.20	-144.66	-180.13	-211.41
2024-09-05T07:52:08	426.71	1077.36	2853.71	-144.50	-181.90	-211.20
2024-09-05T07:52:10	424.75	1083.80	2847.22	-144.41	-183.74	-211.00
2024-09-05T07:52:12	422.78	1090.25	2840.71	-144.40	-185.48	-210.73
2024-09-05T07:52:14	420.81	1096.69	2834.20	-144.39	-187.22	-210.44
2024-09-05T07:52:16	418.85	1103.13	2827.68	-144.37	-188.96	-210.12
2024-09-05T07:52:18	416.87	1109.56	2821.15	-144.35	-190.70	-209.78
2024-09-05T07:52:20	414.90	1115.99	2814.61	-144.28	-192.41	-209.41
2024-09-05T07:52:22	412.93	1122.42	2808.06	-144.19	-194.12	-209.01
2024-09-05T07:52:24	410.96	1128.85	2801.50	-144.08	-195.81	-208.58
2024-09-05T07:52:26	408.98	1135.27	2794.94	-143.93	-197.57	-208.11
2024-09-05T07:52:28	407.00	1141.69	2788.36	-143.73	-199.33	-207.62
2024-09-05T07:52:30	405.03	1148.10	2781.78	-143.46	-200.99	-207.21
2024-09-05T07:52:32	403.05	1154.51	2775.19	-143.20	-202.66	-206.77
2024-09-05T07:52:34	401.07	1160.92	2768.59	-142.96	-204.34	-206.32
2024-09-05T07:52:36	399.08	1167.32	2761.98	-142.73	-206.02	-205.86
2024-09-05T07:52:38	397.10	1173.72	2755.36	-142.51	-207.70	-205.37
2024-09-05T07:52:40	395.12	1180.11	2748.73	-142.30	-209.38	-204.87
2024-09-05T07:52:42	393.13	1186.51	2742.10	-142.11	-211.06	-204.34
2024-09-05T07:52:44	391.14	1192.89	2735.45	-141.93	-212.88	-203.77
2024-09-05T07:52:46	389.16	1199.28	2728.80	-141.71	-214.68	-203.17
2024-09-05T07:52:48	387.17	1205.66	2722.13	-141.44	-216.42	-202.54
2024-09-05T07:52:50	385.18	1212.03	2715.46	-141.15	-218.14	-201.89
2024-09-05T07:52:52	383.18	1218.41	2708.78	-140.85	-219.85	-201.21
2024-09-05T07:52:54	381.19	1224.78	2702.10	-140.52	-221.54	-200.49
2024-09-05T07:52:56	379.20	1231.14	2695.40	-140.17	-223.23	-199.74
2024-09-05T07:52:58	377.20	1237.50	2688.69	-139.81	-224.92	-198.96
2024-09-05T07:53:00	375.21	1243.86	2681.97	-139.47	-226.68	-198.16
2024-09-05T07:53:02	373.21	1250.21	2675.25	-139.19	-228.54	-197.38
2024-09-05T07:53:04	371.21	1256.56	2668.52	-138.95	-230.38	-196.59
2024-09-05T07:53:06	369.21	1262.90	2661.77	-138.75	-232.13	-195.82
2024-09-05T07:53:08	367.21	1269.24	2655.02	-138.55	-233.87	-195.03
2024-09-05T07:53:10	365.21	1275.57	2648.26	-138.33	-235.61	-194.22
2024-09-05T07:53:12	363.20	1281.91	2641.49	-138.10	-237.33	-193.38
2024-09-05T07:53:14	361.20	1288.23	2634.71	-137.86	-239.04	-192.52
2024-09-05T07:53:16	359.19	1294.55	2627.93	-137.60	-240.73	-191.63
2024-09-05T07:53:18	357.18	1300.87	2621.13	-137.35	-242.51	-190.55
2024-09-05T07:53:20	355.18	1307.18	2614.33	-137.10	-244.28	-189.41
2024-09-05T07:53:22	353.17	1313.49	2607.51	-136.86	-246.02	-188.24
2024-09-05T07:53:24	351.16	1319.80	2600.69	-136.68	-247.69	-187.07
2024-09-05T07:53:26	349.14	1326.10	2593.85	-136.51	-249.35	-185.89
2024-09-05T07:53:28	347.13	1332.39	2587.01	-136.35	-250.99	-184.71
2024-09-05T07:53:30	345.12	1338.68	2580.16	-136.19	-252.61	-183.52
2024-09-05T07:53:32	343.10	1344.97	2573.30	-136.04	-254.22	-182.33
2024-09-05T07:53:34	341.08	1351.25	2566.43	-135.88	-255.90	-181.06
2024-09-05T07:53:36	339.06	1357.52	2559.56	-135.68	-257.61	-179.69
2024-09-05T07:53:38	337.05	1363.79	2552.67	-135.46	-259.28	-178.26
2024-09-05T07:53:40	335.03	1370.06	2545.77	-135.20	-260.89	-176.76
2024-09-05T07:53:42	333.00	1376.32	2538.87	-134.90	-262.46	-175.30
2024-09-05T07:53:44	330.98	1382.58	2531.95	-134.58	-264.04	-173.85
2024-09-05T07:53:46	328.96	1388.83	2525.03	-134.26	-265.64	-172.39
2024-09-05T07:53:48	326.93	1395.08	2518.10	-133.93	-267.26	-170.95
2024-09-05T07:53:50	324.91	1401.32	2511.16	-133.59	-268.96	-169.49
2024-09-05T07:53:52	322.88	1407.56	2504.21	-133.27	-270.74	-167.95
2024-09-05T07:53:54	320.85	1413.79	2497.24	-132.92	-272.47	-166.35
2024-09-05T07:53:56	318.82	1420.01	2490.28	-132.55	-274.14	-164.69
2024-09-05T07:53:58	316.79	1426.23	2483.30	-132.16	-275.76	-162.96
2024-09-05T07:54:00	314.76	1432.45	2476.31	-131.75	-277.14	-161.28
2024-09-05T07:54:02	312.73	1438.66	2469.31	-131.33	-278.48	-159.59
2024-09-05T07:54:04	310.69	1444.87	2462.31	-130.90	-279.81	-157.90
2024-09-05T07:54:06	308.66	1451.07	2455.29	-130.48	-281.15	-156.21
2024-09-05T07:54:08	306.62	1457.26	2448.27	-130.15	-282.59	-154.53
2024-09-05T07:54:10	304.58	1463.45	2441.24	-129.80	-284.01	-152.82
2024-09-05T07:54:12	302.54	1469.63	2434.20	-129.43	-285.40	-151.08
2024-09-05T07:54:14	300.50	1475.81	2427.14	-129.02	-286.78	-149.29
2024-09-05T07:54:16	298.46	1481.98	2420.08	-128.58	-288.15	-147.46
2024-09-05T07:54:18	296.42	1488.15	2413.01	-128.15	-289.46	-145.70
2024-09-05T07:54:20	294.38	1494.31	2405.93	-127.72	-290.70	-143.97
2024-09-05T07:54:22	292.33	1500.47	2398.84	-127.26	-291.89	-142.20
2024-09-05T07:54:24	290.29	1506.61	2391.75	-126.82	-293.17	-140.30
2024-09-05T07:54:26	288.24	1512.76	2384.64	-126.38	-294.44	-138.37
2024-09-05T07:54:28	286.19	1518.90	2377.52	-125.95	-295.68	-136.42
2024-09-05T07:54:30	284.15	1525.03	2370.40	-125.53	-296.89	-134.43
2024-09-05T07:54:32	282.10	1531.16	2363.27	-125.12	-298.07	-132.41
2024-09-05T07:54:34	280.05	1537.28	2356.12	-124.71	-299.20	-130.36
2024-09-05T07:54:36	277.99	1543.39	2348.97	-124.32	-300.32	-128.29
2024-09-05T07:54:38	275.94	1549.50	2341.81	-123.90	-301.48	-126.23
2024-09-05T07:54:40	273.89	1555.60	2334.64	-123.48	-302.74	-124.03
2024-09-05T07:54:42	271.83	1561.70	2327.46	-123.09	-303.93	-121.82
2024-09-05T07:54:44	269.78	1567.79	2320.27	-122.73	-305.05	-119.62
2024-09-05T07:54:46	267.72	1573.87	2313.07	-122.40	-306.10	-117.42
2024-09-05T07:54:48	265.66	1579.95	2305.86	-122.11	-307.09	-115.25
2024-09-05T07:54:50	263.60	1586.02	2298.65	-121.86	-308.01	-113.09
2024-09-05T07:54:52	261.54	1592.08	2291.42	-121.64	-308.87	-110.96
2024-09-05T07:54:54	259.48	1598.14	2284.18	-121.44	-309.66	-108.85
2024-09-05T07:54:56	257.42	1604.20	2276.94	-120.65	-310.47	-106.62
2024-09-05T07:54:58	255.36	1610.24	2269.69	-119.85	-311.29	-104.40
2024-09-05T07:55:00	253.29	1616.28	2262.42	-119.04	-312.11	-102.19
2024-09-05T07:55:02	251.23	1622.31	2255.15	-118.23	-312.95	-100.01
2024-09-05T07:55:04	249.16	1628.34	2247.87	-117.43	-313.81	-97.84
2024-09-05T07:55:06	247.09	1634.36	2240.58	-116.63	-314.69	-95.71
2024-09-05T07:55:08	245.03	1640.37	2233.28	-115.86	-315.60	-93.62
2024-09-05T07:55:10	242.96	1646.38	2225.97	-114.98	-316.48	-91.45
2024-09-05T07:55:12	240.89	1652.38	2218.66	-113.71	-317.38	-89.05
2024-09-05T07:55:14	238.82	1658.37	2211.33	-112.41	-318.14	-86.63
2024-09-05T07:55:16	236.75	1664.35	2203.99	-111.16	-318.85	-84.24
2024-09-05T07:55:18	234.67	1670.33	2196.65	-109.95	-319.55	-81.84
2024-09-05T07:55:20	232.60	1676.30	2189.29	-108.76	-320.24	-79.44
2024-09-05T07:55:22	230.52	1682.27	2181.93	-107.59	-320.93	-77.05
2024-09-05T07:55:24	228.45	1688.23	2174.56	-106.44	-321.61	-74.67
2024-09-05T07:55:26	226.37	1694.18	2167.18	-105.51	-322.39	-72.34
2024-09-05T07:55:28	224.29	1700.12	2159.79	-104.86	-323.36	-70.08
2024-09-05T07:55:30	222.22	1706.06	2152.39	-104.16	-324.33	-67.85
2024-09-05T07:55:32	220.14	1711.99	2144.98	-103.44	-325.31	-65.64
2024-09-05T07:55:34	218.06	1717.91	2137.56	-102.56	-326.12	-63.46
2024-09-05T07:55:36	215.98	1723.83	2130.13	-101.64	-326.84	-61.28
2024-09-05T07:55:38	213.89	1729.74	2122.70	-100.66	-327.47	-59.07
2024-09-05T07:55:40	211.81	1735.64	2115.25	-99.65	-328.02	-56.84
2024-09-05T07:55:42	209.73	1741.53	2107.80	-98.24	-328.28	-54.44
2024-09-05T07:55:44	207.64	1747.41	2100.34	-96.69	-328.32	-52.00
2024-09-05T07:55:46	205.56	1753.29	2092.87	-95.13	-328.21	-49.59
2024-09-05T07:55:48	203.47	1759.16	2085.39	-93.57	-327.95	-47.20
2024-09-05T07:55:50	201.38	1765.03	2077.89	-92.00	-327.54	-44.83
2024-09-05T07:55:52	199.30	1770.88	2070.40	-90.45	-327.14	-42.53
2024-09-05T07:55:54	197.21	1776.73	2062.89	-88.98	-327.53	-40.52
2024-09-05T07:55:56	195.12	1782.57	2055.37	-87.44	-328.07	-38.52
2024-09-05T07:55:58	193.03	1788.40	2047.85	-85.96	-329.06	-36.61
2024-09-05T07:56:00	190.93	1794.23	2040.31	-84.49	-329.79	-34.67
2024-09-05T07:56:02	188.84	1800.04	2032.77	-83.04	-330.26	-32.70
2024-09-05T07:56:04	186.75	1805.85	2025.22	-81.61	-330.44	-30.71
2024-09-05T07:56:06	184.66	1811.65	2017.66	-80.15	-330.31	-28.69
2024-09-05T07:56:08	182.56	1817.45	2010.09	-78.66	-329.92	-26.61
2024-09-05T07:56:10	180.47	1823.23	2002.51	-77.15	-329.28	-24.46
2024-09-05T07:56:12	178.37	1829.01	1994.92	-75.58	-328.89	-22.19
2024-09-05T07:56:14	176.28	1834.78	1987.32	-74.07	-329.02	-19.91
2024-09-05T07:56:16	174.18	1840.54	1979.72	-72.60	-329.12	-17.55
2024-09-05T07:56:18	172.08	1846.29	1972.10	-71.16	-329.21	-15.14
2024-09-05T07:56:20	169.98	1852.04	1964.48	-69.76	-329.29	-12.69
2024-09-05T07:56:22	167.88	1857.77	1956.85	-68.39	-329.40	-10.22
2024-09-05T07:56:24	165.78	1863.50	1949.21	-67.05	-329.53	-7.75
2024-09-05T07:56:26	163.68	1869.22	1941.56	-65.73	-329.71	-5.29
2024-09-05T07:56:28	161.58	1874.93	1933.90	-65.10	-329.66	-2.66
2024-09-05T07:56:30	159.48	1880.63	1926.24	-64.46	-329.53	0.03
2024-09-05T07:56:32	157.37	1886.33	1918.56	-63.80	-329.27	2.74
2024-09-05T07:56:34	155.27	1892.02	1910.88	-63.14	-328.85	5.43
2024-09-05T07:56:36	153.16	1897.69	1903.19	-62.51	-328.41	8.14
2024-09-05T07:56:38	151.06	1903.36	1895.48	-61.90	-327.94	10.85
2024-09-05T07:56:40	148.95	1909.02	1887.77	-61.31	-327.43	13.56
2024-09-05T07:56:42	146.84	1914.67	1880.06	-60.82	-326.73	16.31
2024-09-05T07:56:44	144.74	1920.32	1872.33	-60.40	-325.92	19.10
2024-09-05T07:56:46	142.63	1925.95	1864.60	-59.99	-325.11	21.90
2024-09-05T07:56:48	140.52	1931.58	1856.85	-59.60	-324.31	24.69
2024-09-05T07:56:50	138.41	1937.19	1849.10	-59.23	-323.52	27.49
2024-09-05T07:56:52	136.30	1942.80	1841.34	-58.89	-322.79	30.27
2024-09-05T07:56:54	134.19	1948.40	1833.57	-58.50	-322.23	32.96
2024-09-05T07:56:56	132.08	1953.99	1825.79	-58.08	-321.58	35.65
2024-09-05T07:56:58	129.97	1959.57	1818.01	-57.37	-320.59	38.27
2024-09-05T07:57:00	127.86	1965.14	1810.21	-56.63	-319.55	40.83
2024-09-05T07:57:02	125.75	1970.71	1802.41	-55.92	-318.49	43.35
2024-09-05T07:57:04	123.63	1976.26	1794.60	-55.23	-317.41	45.85
2024-09-05T07:57:06	121.52	1981.80	1786.78	-54.56	-316.33	48.32
2024-09-05T07:57:08	119.41	1987.34	1778.96	-53.90	-315.23	50.76
2024-09-05T07:57:10	117.29	1992.87	1771.12	-53.27	-314.14	53.19
2024-09-05T07:57:12	115.18	1998.38	1763.28	-52.60	-312.92	55.83
2024-09-05T07:57:14	113.06	2003.89	1755.42	-51.98	-311.77	58.39
2024-09-05T07:57:16	110.94	2009.39	1747.56	-51.35	-310.62	60.91
2024-09-05T07:57:18	108.83	2014.88	1739.70	-50.72	-309.45	63.40
2024-09-05T07:57:20	106.71	2020.36	1731.82	-50.10	-308.28	65.87
2024-09-05T07:57:22	104.59	2025.83	1723.94	-49.47	-307.09	68.32
2024-09-05T07:57:24	102.48	2031.29	1716.04	-48.85	-305.90	70.73
2024-09-05T07:57:26	100.35	2036.75	1708.14	-48.23	-304.61	73.15
2024-09-05T07:57:28	98.24	2042.19	1700.24	-47.62	-303.21	75.56
2024-09-05T07:57:30	96.12	2047.62	1692.32	-47.02	-301.73	77.95
2024-09-05T07:57:32	94.00	2053.04	1684.39	-46.42	-300.18	80.31
2024-09-05T07:57:34	91.88	2058.46	1676.46	-45.83	-298.69	82.61
2024-09-05T07:57:36	89.76	2063.86	1668.52	-45.25	-297.30	84.86
2024-09-05T07:57:38	87.64	2069.25	1660.57	-44.67	-295.89	87.13
2024-09-05T07:57:40	85.51	2074.64	1652.62	-44.11	-294.44	89.47
2024-09-05T07:57:42	83.39	2080.01	1644.66	-43.55	-292.90	91.90
2024-09-05T07:57:44	81.27	2085.38	1636.68	-42.98	-291.27	94.29
2024-09-05T07:57:46	79.15	2090.73	1628.70	-42.41	-289.54	96.63
2024-09-05T07:57:48	77.02	2096.08	1620.72	-41.84	-287.71	98.91
2024-09-05T07:57:50	74.90	2101.41	1612.72	-41.26	-285.77	101.13
2024-09-05T07:57:52	72.78	2106.74	1604.72	-40.68	-283.72	103.31
2024-09-05T07:57:54	70.65	2112.05	1596.71	-40.08	-281.64	105.49
2024-09-05T07:57:56	68.53	2117.36	1588.69	-39.50	-280.14	107.82
2024-09-05T07:57:58	66.40	2122.65	1580.67	-38.94	-278.65	110.12
2024-09-05T07:58:00	64.28	2127.94	1572.64	-38.39	-277.05	112.40
2024-09-05T07:58:02	62.15	2133.21	1564.60	-37.85	-275.36	114.65
2024-09-05T07:58:04	60.03	2138.48	1556.55	-37.33	-273.58	116.87
2024-09-05T07:58:06	57.90	2143.73	1548.49	-36.81	-271.71	119.06
2024-09-05T07:58:08	55.78	2148.98	1540.43	-36.30	-269.74	121.24
2024-09-05T07:58:10	53.65	2154.21	1532.36	-35.70	-267.59	123.54
2024-09-05T07:58:12	51.53	2159.43	1524.29	-35.13	-265.42	125.77
2024-09-05T07:58:14	49.40	2164.65	1516.20	-34.59	-263.23	127.94
2024-09-05T07:58:16	47.27	2169.85	1508.11	-34.10	-261.02	130.04
2024-09-05T07:58:18	45.14	2175.05	1500.01	-33.60	-259.04	132.02
2024-09-05T07:58:20	43.02	2180.23	1491.91	-33.12	-257.06	133.96
2024-09-05T07:58:22	40.89	2185.40	1483.80	-32.65	-255.05	135.86
2024-09-05T07:58:24	38.76	2190.56	1475.68	-32.01	-252.85	138.16
2024-09-05T07:58:26	36.63	2195.71	1467.55	-31.37	-250.59	140.39
2024-09-05T07:58:28	34.51	2200.85	1459.42	-30.74	-248.29	142.54
2024-09-05T07:58:30	32.38	2205.98	1451.28	-30.11	-245.95	144.60
2024-09-05T07:58:32	30.25	2211.10	1443.13	-29.50	-243.56	146.57
2024-09-05T07:58:34	28.12	2216.21	1434.97	-28.91	-241.13	148.45
2024-09-05T07:58:36	26.00	2221.31	1426.81	-28.34	-238.67	150.21
2024-09-05T07:58:38	23.87	2226.40	1418.64	-27.94	-236.42	151.91
2024-09-05T07:58:40	21.74	2231.48	1410.47	-27.48	-234.57	153.62
2024-09-05T07:58:42	19.61	2236.54	1402.29	-27.00	-232.75	155.28
2024-09-05T07:58:44	17.48	2241.60	1394.10	-26.51	-230.88	156.87
2024-09-05T07:58:46	15.35	2246.64	1385.90	-25.98	-228.89	158.40
2024-09-05T07:58:48	13.22	2251.68	1377.70	-25.45	-226.77	159.87
2024-09-05T07:58:50	11.09	2256.70	1369.49	-24.92	-224.57	161.26
2024-09-05T07:58:52	8.97	2261.71	1361.28	-24.67	-222.07	162.74
2024-09-05T07:58:54	6.84	2266.72	1353.06	-24.37	-219.70	164.20
2024-09-05T07:58:56	4.71	2271.71	1344.83	-24.03	-217.45	165.65
2024-09-05T07:58:58	2.58	2276.69	1336.59	-23.64	-215.32	167.07
2024-09-05T07:59:00	0.45	2281.66	1328.35	-23.20	-213.29	168.46
2024-09-05T07:59:02	-1.68	2286.62	1320.11	-22.76	-211.31	169.76
2024-09-05T07:59:04	-3.81	2291.57	1311.85	-22.36	-209.24	170.85
2024-09-05T07:59:06	-5.94	2296.50	1303.59	-21.85	-206.86	171.62
2024-09-05T07:59:08	-8.06	2301.43	1295.33	-21.36	-204.56	172.41
2024-09-05T07:59:10	-10.19	2306.34	1287.05	-20.87	-202.34	173.21
2024-09-05T07:59:12	-12.32	2311.25	1278.77	-20.39	-200.19	174.04
2024-09-05T07:59:14	-14.45	2316.14	1270.49	-19.92	-198.10	174.89
2024-09-05T07:59:16	-16.58	2321.02	1262.20	-19.46	-196.07	175.78
2024-09-05T07:59:18	-18.71	2325.89	1253.90	-19.01	-194.05	176.67
2024-09-05T07:59:20	-20.84	2330.75	1245.60	-18.57	-191.84	177.44
2024-09-05T07:59:22	-22.96	2335.60	1237.29	-18.11	-189.68	178.21
2024-09-05T07:59:24	-25.09	2340.43	1228.98	-17.63	-187.58	178.95
2024-09-05T07:59:26	-27.22	2345.26	1220.66	-17.25	-185.42	179.81
2024-09-05T07:59:28	-29.35	2350.07	1212.33	-16.94	-183.20	180.72
2024-09-05T07:59:30	-31.47	2354.88	1204.00	-16.65	-180.98	181.64
2024-09-05T07:59:32	-33.60	2359.67	1195.66	-16.42	-178.60	182.58
2024-09-05T07:59:34	-35.73	2364.45	1187.32	-16.25	-175.88	183.55
2024-09-05T07:59:36	-37.85	2369.22	1178.97	-16.01	-173.18	184.51
2024-09-05T07:59:38	-39.98	2373.98	1170.61	-15.67	-170.48	185.46
2024-09-05T07:59:40	-42.11	2378.73	1162.25	-15.31	-167.79	186.44
2024-09-05T07:59:42	-44.23	2383.47	1153.89	-14.90	-165.15	187.43
2024-09-05T07:59:44	-46.36	2388.19	1145.52	-14.42	-162.53	188.39
2024-09-05T07:59:46	-48.49	2392.90	1137.14	-14.10	-159.78	189.24
2024-09-05T07:59:48	-50.61	2397.61	1128.76	-14.05	-156.77	189.91
2024-09-05T07:59:50	-52.74	2402.29	1120.37	-14.07	-153.93	190.56
2024-09-05T07:59:52	-54.86	2406.97	1111.98	-14.08	-151.25	191.21
2024-09-05T07:59:54	-56.99	2411.64	1103.58	-14.03	-148.65	191.85
2024-09-05T07:59:56	-59.11	2416.30	1095.18	-13.93	-146.12	192.49
2024-09-05T07:59:58	-61.23	2420.95	1086.77	-13.79	-143.67	193.13
2024-09-05T08:00:00	-63.36	2425.58	1078.36	-13.61	-141.32	193.85
2024-09-05T08:00:02	-65.48	2430.20	1069.94	-13.44	-138.99	194.53
2024-09-05T08:00:04	-67.61	2434.81	1061.51	-13.32	-136.64	195.12
2024-09-05T08:00:06	-69.73	2439.41	1053.08	-13.24	-134.28	195.60
2024-09-05T08:00:08	-71.85	2444.00	1044.65	-13.22	-131.89	195.99
2024-09-05T08:00:10	-73.97	2448.58	1036.21	-13.26	-129.47	196.28
2024-09-05T08:00:12	-76.09	2453.14	1027.77	-13.38	-127.03	196.47
2024-09-05T08:00:14	-78.22	2457.70	1019.32	-13.08	-124.89	196.89
2024-09-05T08:00:16	-80.34	2462.24	1010.87	-12.63	-123.08	197.49
2024-09-05T08:00:18	-82.46	2466.77	1002.41	-12.21	-121.28	198.04
2024-09-05T08:00:20	-84.58	2471.29	993.95	-11.80	-119.50	198.52
2024-09-05T08:00:22	-86.70	2475.80	985.48	-11.43	-117.72	198.93
2024-09-05T08:00:24	-88.82	2480.29	977.01	-11.08	-115.94	199.26
2024-09-05T08:00:26	-90.93	2484.78	968.54	-10.75	-114.15	199.52
2024-09-05T08:00:28	-93.05	2489.25	960.05	-10.34	-112.25	199.99
2024-09-05T08:00:30	-95.17	2493.71	951.57	-9.89	-110.33	200.48
2024-09-05T08:00:32	-97.29	2498.16	943.08	-9.42	-108.39	201.01
2024-09-05T08:00:34	-99.41	2502.60	934.59	-8.92	-106.21	201.44
2024-09-05T08:00:36	-101.52	2507.03	926.09	-8.45	-103.95	201.82
2024-09-05T08:00:38	-103.64	2511.45	917.59	-8.00	-101.66	202.16
2024-09-05T08:00:40	-105.75	2515.85	909.08	-7.77	-99.27	202.25
2024-09-05T08:00:42	-107.87	2520.24	900.57	-7.74	-96.81	201.97
2024-09-05T08:00:44	-109.98	2524.62	892.05	-7.65	-94.44	201.75
2024-09-05T08:00:46	-112.10	2528.99	883.54	-7.49	-92.14	201.58
2024-09-05T08:00:48	-114.21	2533.35	875.01	-7.25	-89.91	201.46
2024-09-05T08:00:50	-116.32	2537.70	866.49	-6.95	-87.75	201.39
2024-09-05T08:00:52	-118.44	2542.03	857.96	-6.58	-85.63	201.38
2024-09-05T08:00:54	-120.55	2546.36	849.42	-6.23	-83.43	201.31
2024-09-05T08:00:56	-122.66	2550.67	840.88	-5.86	-81.17	201.18
2024-09-05T08:00:58	-124.77	2554.97	832.34	-5.41	-78.92	201.03
2024-09-05T08:01:00	-126.88	2559.26	823.79	-4.90	-76.68	200.87
2024-09-05T08:01:02	-128.99	2563.53	815.24	-4.33	-74.44	200.70
2024-09-05T08:01:04	-131.10	2567.80	806.69	-3.72	-72.21	200.53
2024-09-05T08:01:06	-133.21	2572.06	798.13	-3.27	-70.01	200.33
2024-09-05T08:01:08	-135.32	2576.30	789.57	-3.24	-67.86	200.04
2024-09-05T08:01:10	-137.42	2580.53	781.01	-3.18	-65.75	199.74
2024-09-05T08:01:12	-139.53	2584.75	772.44	-3.09	-63.70	199.44
2024-09-05T08:01:14	-141.63	2588.96	763.87	-2.98	-61.71	199.11
2024-09-05T08:01:16	-143.74	2593.15	755.29	-2.87	-59.77	198.75
2024-09-05T08:01:18	-145.84	2597.34	746.72	-2.75	-57.90	198.35
2024-09-05T08:01:20	-147.95	2601.51	738.14	-2.68	-56.18	197.91
2024-09-05T08:01:22	-150.05	2605.67	729.55	-2.69	-54.79	197.47
2024-09-05T08:01:24	-152.15	2609.82	720.96	-2.62	-53.47	197.04
2024-09-05T08:01:26	-154.25	2613.96	712.37	-2.49	-52.24	196.62
2024-09-05T08:01:28	-156.36	2618.09	703.78	-2.22	-51.08	196.22
2024-09-05T08:01:30	-158.46	2622.20	695.18	-1.83	-49.96	195.83
2024-09-05T08:01:32	-160.56	2626.31	686.58	-1.36	-48.87	195.43
2024-09-05T08:01:34	-162.66	2630.40	677.98	-1.15	-47.43	194.91
2024-09-05T08:01:36	-164.75	2634.48	669.37	-1.12	-45.80	194.30
2024-09-05T08:01:38	-166.85	2638.55	660.76	-1.09	-44.19	193.65
2024-09-05T08:01:40	-168.95	2642.61	652.15	-1.04	-42.59	192.99
2024-09-05T08:01:42	-171.04	2646.66	643.54	-0.98	-41.01	192.29
2024-09-05T08:01:44	-173.14	2650.69	634.92	-0.90	-39.46	191.58
2024-09-05T08:01:46	-175.23	2654.72	626.30	-0.78	-37.94	190.84
2024-09-05T08:01:48	-177.33	2658.73	617.67	-0.69	-36.40	190.51
2024-09-05T08:01:50	-179.42	2662.73	609.05	-0.53	-34.89	190.17
2024-09-05T08:01:52	-181.51	2666.72	600.42	-0.31	-33.43	189.82
2024-09-05T08:01:54	-183.60	2670.70	591.79	-0.02	-31.99	189.44
2024-09-05T08:01:56	-185.69	2674.66	583.16	0.33	-30.58	189.02
2024-09-05T08:01:58	-187.78	2678.62	574.52	0.74	-29.19	188.56
2024-09-05T08:02:00	-189.87	2682.56	565.88	1.16	-27.72	187.84
2024-09-05T08:02:02	-191.96	2686.50	557.24	1.39	-26.08	186.93
2024-09-05T08:02:04	-194.05	2690.42	548.59	1.48	-24.49	186.35
2024-09-05T08:02:06	-196.13	2694.33	539.95	1.53	-22.97	185.85
2024-09-05T08:02:08	-198.22	2698.23	531.30	1.56	-21.53	185.41
2024-09-05T08:02:10	-200.30	2702.11	522.65	1.55	-20.17	185.05
2024-09-05T08:02:12	-202.39	2705.99	514.00	1.52	-18.88	184.77
2024-09-05T08:02:14	-204.47	2709.85	505.35	1.14	-17.64	184.67
2024-09-05T08:02:16	-206.55	2713.70	496.69	0.64	-16.47	184.58
2024-09-05T08:02:18	-208.63	2717.55	488.03	0.13	-15.39	184.45
2024-09-05T08:02:20	-210.71	2721.38	479.37	-0.38	-14.39	184.29
2024-09-05T08:02:22	-212.79	2725.20	470.71	-0.92	-13.45	184.11
2024-09-05T08:02:24	-214.87	2729.00	462.04	-1.47	-12.56	183.91
2024-09-05T08:02:26	-216.95	2732.80	453.38	-1.94	-11.68	183.60
2024-09-05T08:02:28	-219.02	2736.59	444.71	-2.01	-10.37	182.92
2024-09-05T08:02:30	-221.10	2740.36	436.04	-2.06	-9.07	182.27
2024-09-05T08:02:32	-223.17	2744.12	427.37	-2.04	-7.72	181.46
2024-09-05T08:02:34	-225.25	2747.88	418.69	-1.96	-6.35	180.59
2024-09-05T08:02:36	-227.32	2751.62	410.02	-1.88	-5.02	179.83
2024-09-05T08:02:38	-229.39	2755.35	401.34	-1.79	-3.73	179.17
2024-09-05T08:02:40	-231.47	2759.07	392.66	-1.44	-2.21	178.64
2024-09-05T08:02:42	-233.53	2762.77	383.98	-0.91	-0.46	178.17
2024-09-05T08:02:44	-235.60	2766.47	375.30	-0.47	1.30	177.73
2024-09-05T08:02:46	-237.67	2770.15	366.61	-0.11	3.08	177.30
2024-09-05T08:02:48	-239.74	2773.83	357.93	0.17	4.88	176.91
2024-09-05T08:02:50	-241.81	2777.49	349.24	0.37	6.71	176.54
2024-09-05T08:02:52	-243.87	2781.15	340.56	0.49	8.56	176.21
2024-09-05T08:02:54	-245.93	2784.79	331.87	0.59	9.57	176.30
2024-09-05T08:02:56	-248.00	2788.41	323.18	0.72	10.57	176.38
2024-09-05T08:02:58	-250.06	2792.04	314.49	0.85	11.60	176.42
2024-09-05T08:03:00	-252.12	2795.64	305.80	1.00	12.64	176.42
2024-09-05T08:03:02	-254.18	2799.24	297.10	1.16	13.71	176.37
2024-09-05T08:03:04	-256.24	2802.83	288.41	1.16	14.68	175.57
2024-09-05T08:03:06	-258.30	2806.40	279.71	1.10	15.41	174.69
2024-09-05T08:03:08	-260.36	2809.97	271.01	1.06	15.74	173.78
2024-09-05T08:03:10	-262.41	2813.52	262.31	1.07	16.12	172.87
2024-09-05T08:03:12	-264.47	2817.07	253.62	1.14	16.53	171.97
2024-09-05T08:03:14	-266.52	2820.60	244.92	1.26	17.00	171.07
2024-09-05T08:03:16	-268.58	2824.12	236.21	1.42	17.50	170.17
2024-09-05T08:03:18	-270.63	2827.63	227.51	1.66	18.04	169.19
2024-09-05T08:03:20	-272.68	2831.13	218.81	1.81	18.77	168.11
2024-09-05T08:03:22	-274.73	2834.62	210.10	1.99	19.53	167.08
2024-09-05T08:03:24	-276.78	2838.10	201.40	2.24	20.29	166.12
2024-09-05T08:03:26	-278.83	2841.56	192.69	2.55	21.05	165.22
2024-09-05T08:03:28	-280.87	2845.02	183.99	2.93	21.81	164.38
2024-09-05T08:03:30	-282.92	2848.47	175.28	3.37	22.58	163.61
2024-09-05T08:03:32	-284.96	2851.90	166.57	3.75	23.37	162.85
2024-09-05T08:03:34	-287.00	2855.33	157.87	3.80	24.14	162.03
2024-09-05T08:03:36	-289.05	2858.74	149.16	3.88	24.85	161.35
2024-09-05T08:03:38	-291.09	2862.15	140.45	3.98	25.52	160.71
2024-09-05T08:03:40	-293.13	2865.54	131.74	4.07	26.17	160.04
2024-09-05T08:03:42	-295.17	2868.92	123.03	4.16	26.79	159.36
2024-09-05T08:03:44	-297.21	2872.29	114.32	4.25	27.39	158.67
2024-09-05T08:03:46	-299.24	2875.66	105.61	4.27	28.04	157.86
2024-09-05T08:03:48	-301.28	2879.01	96.89	4.25	28.71	157.03
2024-09-05T08:03:50	-303.32	2882.35	88.18	4.24	29.37	156.21
2024-09-05T08:03:52	-305.35	2885.68	79.47	4.25	30.03	155.41
2024-09-05T08:03:54	-307.38	2889.00	70.76	4.27	30.70	154.63
2024-09-05T08:03:56	-309.41	2892.31	62.04	4.30	31.36	153.87
2024-09-05T08:03:58	-311.44	2895.61	53.33	4.35	32.04	153.11
2024-09-05T08:04:00	-313.47	2898.90	44.62	4.54	32.74	152.18
2024-09-05T08:04:02	-315.50	2902.18	35.91	4.70	33.44	151.27
2024-09-05T08:04:04	-317.53	2905.45	27.19	4.85	34.12	150.39
2024-09-05T08:04:06	-319.55	2908.71	18.48	4.98	34.79	149.53
2024-09-05T08:04:08	-321.58	2911.95	9.76	5.09	35.45	148.70
2024-09-05T08:04:10	-323.60	2915.19	1.05	5.15	36.09	148.07
2024-09-05T08:04:12	-325.62	2918.42	-7.66	5.23	36.75	147.69
2024-09-05T08:04:14	-327.65	2921.64	-16.37	5.36	37.42	147.38
2024-09-05T08:04:16	-329.67	2924.85	-25.09	5.48	38.08	147.09
2024-09-05T08:04:18	-331.68	2928.04	-33.80	5.58	38.76	146.82
2024-09-05T08:04:20	-333.70	2931.23	-42.51	5.67	39.44	146.55
2024-09-05T08:04:22	-335.72	2934.41	-51.23	5.74	40.14	146.29
2024-09-05T08:04:24	-337.74	2937.57	-59.94	5.80	40.84	146.03
2024-09-05T08:04:26	-339.75	2940.73	-68.65	5.94	41.49	145.70
2024-09-05T08:04:28	-341.76	2943.88	-77.37	6.08	42.12	145.36
2024-09-05T08:04:30	-343.77	2947.02	-86.08	6.21	42.75	145.02
2024-09-05T08:04:32	-345.78	2950.14	-94.79	6.34	43.36	144.67
2024-09-05T08:04:34	-347.80	2953.26	-103.50	6.46	43.95	144.33
2024-09-05T08:04:36	-349.80	2956.37	-112.21	6.60	44.54	143.99
2024-09-05T08:04:38	-351.81	2959.47	-120.92	6.76	45.08	143.65
2024-09-05T08:04:40	-353.81	2962.56	-129.64	6.99	45.55	143.29
2024-09-05T08:04:42	-355.82	2965.63	-138.35	7.24	46.02	142.89
2024-09-05T08:04:44	-357.82	2968.70	-147.06	7.51	46.48	142.45
2024-09-05T08:04:46	-359.83	2971.76	-155.76	7.83	46.93	141.91
2024-09-05T08:04:48	-361.83	2974.81	-164.47	8.17	47.39	141.23
2024-09-05T08:04:50	-363.83	2977.85	-173.18	8.52	47.85	140.53
2024-09-05T08:04:52	-365.83	2980.88	-181.89	8.81	48.24	139.75
2024-09-05T08:04:54	-367.83	2983.90	-190.60	9.10	48.60	138.95
2024-09-05T08:04:56	-369.82	2986.91	-199.30	9.40	48.96	138.15
2024-09-05T08:04:58	-371.82	2989.91	-208.01	9.70	49.32	137.35
2024-09-05T08:05:00	-373.81	2992.90	-216.71	10.01	49.67	136.56
2024-09-05T08:05:02	-375.80	2995.88	-225.42	10.33	50.01	135.76
2024-09-05T08:05:04	-377.79	2998.86	-234.12	10.63	50.34	134.95
2024-09-05T08:05:06	-379.79	3001.82	-242.82	10.85	50.62	134.15
2024-09-05T08:05:08	-381.77	3004.77	-251.52	11.11	50.89	133.35
2024-09-05T08:05:10	-383.76	3007.72	-260.23	11.38	51.15	132.57
2024-09-05T08:05:12	-385.75	3010.65	-268.93	11.60	51.42	131.82
2024-09-05T08:05:14	-387.74	3013.58	-277.63	11.85	51.67	131.10
2024-09-05T08:05:16	-389.72	3016.49	-286.33	12.11	51.92	130.38
2024-09-05T08:05:18	-391.70	3019.40	-295.03	12.28	52.16	129.77
2024-09-05T08:05:20	-393.68	3022.30	-303.72	12.40	52.38	129.23
2024-09-05T08:05:22	-395.67	3025.19	-312.42	12.51	52.60	128.72
2024-09-05T08:05:24	-397.64	3028.06	-321.11	12.61	52.82	128.26
2024-09-05T08:05:26	-399.62	3030.93	-329.81	12.60	53.05	127.91
2024-09-05T08:05:28	-401.60	3033.79	-338.50	12.61	53.29	127.54
2024-09-05T08:05:30	-403.58	3036.64	-347.19	12.65	53.53	127.15
2024-09-05T08:05:32	-405.55	3039.49	-355.88	12.73	53.84	126.62
2024-09-05T08:05:34	-407.52	3042.32	-364.58	12.84	54.13	126.07
2024-09-05T08:05:36	-409.50	3045.14	-373.26	12.98	54.41	125.49
2024-09-05T08:05:38	-411.47	3047.96	-381.95	13.14	54.67	124.89
2024-09-05T08:05:40	-413.44	3050.76	-390.64	13.33	54.92	124.26
2024-09-05T08:05:42	-415.41	3053.56	-399.32	13.54	55.15	123.62
2024-09-05T08:05:44	-417.37	3056.35	-408.01	13.79	55.35	123.00
2024-09-05T08:05:46	-419.34	3059.13	-416.69	14.07	55.53	122.43
2024-09-05T08:05:48	-421.30	3061.90	-425.37	14.36	55.71	121.88
2024-09-05T08:05:50	-423.27	3064.66	-434.05	14.66	55.88	121.34
2024-09-05T08:05:52	-425.23	3067.41	-442.73	14.99	56.04	120.80
2024-09-05T08:05:54	-427.19	3070.15	-451.41	15.34	56.19	120.27
2024-09-05T08:05:56	-429.15	3072.89	-460.09	15.72	56.33	119.74
2024-09-05T08:05:58	-431.11	3075.62	-468.76	16.13	56.44	118.89
2024-09-05T08:06:00	-433.07	3078.33	-477.44	16.57	56.54	118.01
2024-09-05T08:06:02	-435.02	3081.04	-486.11	17.02	56.61	117.13
2024-09-05T08:06:04	-436.98	3083.74	-494.78	17.49	56.65	116.23
2024-09-05T08:06:06	-438.93	3086.43	-503.45	17.91	56.69	115.37
2024-09-05T08:06:08	-440.88	3089.12	-512.12	18.27	56.75	114.59
2024-09-05T08:06:10	-442.83	3091.79	-520.79	18.38	56.85	114.02
2024-09-05T08:06:12	-444.78	3094.45	-529.46	18.33	56.96	113.67
2024-09-05T08:06:14	-446.73	3097.11	-538.12	18.32	57.08	113.31
2024-09-05T08:06:16	-448.68	3099.76	-546.78	18.35	57.20	112.95
2024-09-05T08:06:18	-450.62	3102.40	-555.44	18.42	57.31	112.59
2024-09-05T08:06:20	-452.57	3105.03	-564.10	18.52	57.42	112.21
2024-09-05T08:06:22	-454.51	3107.65	-572.76	18.66	57.52	111.82
2024-09-05T08:06:24	-456.46	3110.27	-581.42	18.91	57.69	111.25
2024-09-05T08:06:26	-458.40	3112.87	-590.07	19.19	57.88	110.65
2024-09-05T08:06:28	-460.34	3115.47	-598.73	19.48	58.09	110.07
2024-09-05T08:06:30	-462.28	3118.06	-607.38	19.77	58.30	109.52
2024-09-05T08:06:32	-464.21	3120.64	-616.03	20.07	58.53	109.00
2024-09-05T08:06:34	-466.15	3123.22	-624.68	20.37	58.76	108.52
2024-09-05T08:06:36	-468.08	3125.78	-633.33	20.65	58.99	108.08
2024-09-05T08:06:38	-470.02	3128.34	-641.97	20.80	59.14	107.66
2024-09-05T08:06:40	-471.95	3130.89	-650.62	20.95	59.32	107.23
2024-09-05T08:06:42	-473.88	3133.43	-659.26	21.11	59.52	106.79
2024-09-05T08:06:44	-475.81	3135.96	-667.90	21.27	59.77	106.34
2024-09-05T08:06:46	-477.74	3138.48	-676.54	21.43	60.05	105.87
2024-09-05T08:06:48	-479.67	3141.00	-685.17	21.60	60.37	105.38
2024-09-05T08:06:50	-481.59	3143.51	-693.81	21.69	60.56	104.79
2024-09-05T08:06:52	-483.52	3146.00	-702.44	21.75	60.59	104.11
2024-09-05T08:06:54	-485.44	3148.50	-711.07	21.85	60.65	103.45
2024-09-05T08:06:56	-487.37	3150.98	-719.70	21.98	60.75	102.81
2024-09-05T08:06:58	-489.29	3153.46	-728.33	22.13	60.88	102.20
2024-09-05T08:07:00	-491.21	3155.92	-736.96	22.31	61.05	101.61
2024-09-05T08:07:02	-493.12	3158.38	-745.58	22.51	61.25	101.05
2024-09-05T08:07:04	-495.04	3160.84	-754.21	22.82	61.24	100.15
2024-09-05T08:07:06	-496.96	3163.28	-762.83	23.11	61.23	99.23
2024-09-05T08:07:08	-498.88	3165.72	-771.45	23.40	61.23	98.28
2024-09-05T08:07:10	-500.79	3168.15	-780.06	23.67	61.28	97.35
2024-09-05T08:07:12	-502.70	3170.57	-788.68	23.92	61.42	96.48
2024-09-05T08:07:14	-504.61	3172.98	-797.29	24.16	61.64	95.67
2024-09-05T08:07:16	-506.52	3175.38	-805.90	24.35	61.93	95.02
2024-09-05T08:07:18	-508.43	3177.78	-814.51	24.44	62.21	94.66
2024-09-05T08:07:20	-510.34	3180.17	-823.12	24.54	62.47	94.29
2024-09-05T08:07:22	-512.24	3182.56	-831.72	24.62	62.70	93.92
2024-09-05T08:07:24	-514.15	3184.93	-840.32	24.71	62.91	93.52
2024-09-05T08:07:26	-516.06	3187.30	-848.93	24.79	63.08	93.11
2024-09-05T08:07:28	-517.96	3189.66	-857.53	24.88	63.21	92.66
2024-09-05T08:07:30	-519.86	3192.01	-866.12	25.01	63.18	92.08
2024-09-05T08:07:32	-521.76	3194.36	-874.72	25.15	63.01	91.38
2024-09-05T08:07:34	-523.66	3196.69	-883.31	25.30	62.79	90.64
2024-09-05T08:07:36	-525.55	3199.02	-891.90	25.45	62.51	89.86
2024-09-05T08:07:38	-527.45	3201.35	-900.49	25.48	62.23	89.00
2024-09-05T08:07:40	-529.35	3203.66	-909.08	25.44	61.96	88.14
2024-09-05T08:07:42	-531.24	3205.97	-917.66	25.36	61.70	87.31
2024-09-05T08:07:44	-533.14	3208.27	-926.25	25.33	61.45	86.51
2024-09-05T08:07:46	-535.03	3210.56	-934.82	25.29	61.16	85.70
2024-09-05T08:07:48	-536.92	3212.85	-943.40	25.25	60.84	84.90
2024-09-05T08:07:50	-538.81	3215.13	-951.98	25.19	60.48	84.10
2024-09-05T08:07:52	-540.69	3217.40	-960.55	25.14	60.09	83.31
2024-09-05T08:07:54	-542.58	3219.66	-969.13	25.09	59.68	82.53
2024-09-05T08:07:56	-544.46	3221.92	-977.70	25.18	59.14	81.76
2024-09-05T08:07:58	-546.35	3224.17	-986.27	25.57	58.31	80.99
2024-09-05T08:08:00	-548.23	3226.41	-994.83	25.95	57.41	80.22
2024-09-05T08:08:02	-550.12	3228.65	-1003.39	26.33	56.43	79.46
2024-09-05T08:08:04	-551.99	3230.88	-1011.96	26.71	55.35	78.72
2024-09-05T08:08:06	-553.88	3233.10	-1020.51	27.09	54.17	78.00
2024-09-05T08:08:08	-555.75	3235.32	-1029.07	27.49	52.93	77.25
2024-09-05T08:08:10	-557.63	3237.52	-1037.62	26.83	52.19	76.87
2024-09-05T08:08:12	-559.50	3239.72	-1046.18	25.51	51.69	76.84
2024-09-05T08:08:14	-561.38	3241.92	-1054.73	24.15	51.16	76.87
2024-09-05T08:08:16	-563.25	3244.10	-1063.27	22.75	50.63	76.96
2024-09-05T08:08:18	-565.13	3246.28	-1071.82	21.31	50.08	77.10
2024-09-05T08:08:20	-567.00	3248.46	-1080.36	19.83	49.53	77.29
2024-09-05T08:08:22	-568.87	3250.62	-1088.91	18.31	48.98	77.52
2024-09-05T08:08:24	-570.73	3252.78	-1097.44	17.19	47.93	76.20
2024-09-05T08:08:26	-572.60	3254.94	-1105.98	16.16	46.86	74.72
2024-09-05T08:08:28	-574.47	3257.08	-1114.51	15.22	45.84	73.16
2024-09-05T08:08:30	-576.33	3259.22	-1123.04	14.54	44.92	71.42
2024-09-05T08:08:32	-578.20	3261.35	-1131.57	13.91	43.96	69.67
2024-09-05T08:08:34	-580.06	3263.48	-1140.10	13.33	42.95	67.91
2024-09-05T08:08:36	-581.92	3265.60	-1148.63	12.96	42.02	66.28
2024-09-05T08:08:38	-583.78	3267.71	-1157.15	13.12	41.50	65.14
2024-09-05T08:08:40	-585.64	3269.81	-1165.67	13.19	41.05	64.04
2024-09-05T08:08:42	-587.50	3271.91	-1174.19	13.19	40.65	62.97
2024-09-05T08:08:44	-589.35	3274.01	-1182.70	13.10	40.31	61.93
2024-09-05T08:08:46	-591.21	3276.09	-1191.22	12.93	40.02	60.93
2024-09-05T08:08:48	-593.06	3278.17	-1199.73	12.70	39.78	59.95
2024-09-05T08:08:50	-594.92	3280.25	-1208.23	12.24	39.40	59.40
2024-09-05T08:08:52	-596.77	3282.31	-1216.74	11.58	38.81	59.20
2024-09-05T08:08:54	-598.62	3284.37	-1225.24	10.88	38.18	58.96
2024-09-05T08:08:56	-600.47	3286.43	-1233.74	10.12	37.52	58.66
2024-09-05T08:08:58	-602.32	3288.47	-1242.24	9.31	36.82	58.32
2024-09-05T08:09:00	-604.16	3290.51	-1250.74	8.44	36.08	57.92
2024-09-05T08:09:02	-606.01	3292.55	-1259.23	7.51	35.31	57.47
2024-09-05T08:09:04	-607.85	3294.58	-1267.72	7.07	34.17	56.51
2024-09-05T08:09:06	-609.70	3296.60	-1276.21	6.82	32.87	55.49
2024-09-05T08:09:08	-611.54	3298.61	-1284.70	6.64	31.47	54.52
2024-09-05T08:09:10	-613.38	3300.62	-1293.18	6.50	30.01	53.51
2024-09-05T08:09:12	-615.22	3302.63	-1301.67	6.36	28.57	52.43
2024-09-05T08:09:14	-617.06	3304.62	-1310.15	6.21	27.13	51.35
2024-09-05T08:09:16	-618.90	3306.61	-1318.62	6.05	25.76	50.25
2024-09-05T08:09:18	-620.73	3308.60	-1327.10	5.53	25.53	48.83
2024-09-05T08:09:20	-622.57	3310.58	-1335.57	5.11	25.29	47.45
2024-09-05T08:09:22	-624.40	3312.55	-1344.04	4.78	25.05	46.11
2024-09-05T08:09:24	-626.24	3314.52	-1352.50	4.52	24.83	44.80
2024-09-05T08:09:26	-628.07	3316.48	-1360.97	4.34	24.62	43.52
2024-09-05T08:09:28	-629.90	3318.43	-1369.43	4.20	24.36	42.28
2024-09-05T08:09:30	-631.73	3320.38	-1377.89	4.04	24.02	40.91
2024-09-05T08:09:32	-633.56	3322.32	-1386.35	3.73	23.59	39.16
2024-09-05T08:09:34	-635.38	3324.26	-1394.80	3.47	23.12	37.46
2024-09-05T08:09:36	-637.21	3326.19	-1403.25	3.26	22.61	35.80
2024-09-05T08:09:38	-639.04	3328.11	-1411.70	3.09	22.07	34.18
2024-09-05T08:09:40	-640.86	3330.03	-1420.15	2.97	21.49	32.59
2024-09-05T08:09:42	-642.68	3331.94	-1428.59	2.87	20.87	31.04
2024-09-05T08:09:44	-644.50	3333.85	-1437.04	2.95	19.93	29.47
2024-09-05T08:09:46	-646.32	3335.75	-1445.47	3.16	18.74	27.85
2024-09-05T08:09:48	-648.14	3337.64	-1453.91	3.34	17.58	26.23
2024-09-05T08:09:50	-649.96	3339.53	-1462.35	3.52	16.44	24.62
2024-09-05T08:09:52	-651.78	3341.41	-1470.78	3.70	15.31	23.00
2024-09-05T08:09:54	-653.59	3343.29	-1479.21	3.87	14.20	21.39
2024-09-05T08:09:56	-655.41	3345.16	-1487.63	4.04	13.10	19.80
2024-09-05T08:09:58	-657.22	3347.03	-1496.06	4.12	12.05	18.47
2024-09-05T08:10:00	-659.03	3348.89	-1504.48	4.17	11.03	17.23
2024-09-05T08:10:02	-660.84	3350.74	-1512.90	4.23	10.03	15.99
2024-09-05T08:10:04	-662.66	3352.59	-1521.31	4.30	9.06	14.76
2024-09-05T08:10:06	-664.46	3354.44	-1529.73	4.38	8.12	13.54
2024-09-05T08:10:08	-666.27	3356.27	-1538.14	4.47	7.20	12.32
2024-09-05T08:10:10	-668.08	3358.11	-1546.55	4.57	6.32	11.10
2024-09-05T08:10:12	-669.88	3359.93	-1554.95	4.68	5.67	10.08
2024-09-05T08:10:14	-671.69	3361.75	-1563.36	4.77	5.08	9.15
2024-09-05T08:10:16	-673.49	3363.57	-1571.76	4.86	4.49	8.24
2024-09-05T08:10:18	-675.29	3365.38	-1580.16	4.97	3.92	7.37
2024-09-05T08:10:20	-677.10	3367.18	-1588.55	5.07	3.34	6.51
2024-09-05T08:10:22	-678.90	3368.98	-1596.95	5.19	2.78	5.69
2024-09-05T08:10:24	-680.69	3370.77	-1605.34	5.31	2.22	4.89
2024-09-05T08:10:26	-682.49	3372.56	-1613.72	5.41	1.74	4.15
2024-09-05T08:10:28	-684.29	3374.35	-1622.11	5.50	1.26	3.42
2024-09-05T08:10:30	-686.08	3376.12	-1630.49	5.60	0.80	2.70
2024-09-05T08:10:32	-687.88	3377.89	-1638.87	5.71	0.34	1.99
2024-09-05T08:10:34	-689.67	3379.66	-1647.25	5.81	-0.11	1.29
2024-09-05T08:10:36	-691.47	3381.42	-1655.63	5.92	-0.56	0.61
2024-09-05T08:10:38	-693.26	3383.18	-1664.00	6.04	-0.98	-0.07
2024-09-05T08:10:40	-695.05	3384.93	-1672.37	6.19	-1.36	-0.74
2024-09-05T08:10:42	-696.84	3386.68	-1680.74	6.35	-1.75	-1.41
2024-09-05T08:10:44	-698.62	3388.42	-1689.10	6.52	-2.14	-2.06
2024-09-05T08:10:46	-700.41	3390.15	-1697.46	6.70	-2.53	-2.71
2024-09-05T08:10:48	-702.20	3391.88	-1705.82	6.88	-2.92	-3.35
2024-09-05T08:10:50	-703.98	3393.60	-1714.18	7.07	-3.31	-3.97
2024-09-05T08:10:52	-705.77	3395.32	-1722.53	7.18	-3.72	-4.59
2024-09-05T08:10:54	-707.55	3397.04	-1730.88	7.20	-4.13	-5.19
2024-09-05T08:10:56	-709.33	3398.75	-1739.23	7.22	-4.55	-5.77
2024-09-05T08:10:58	-711.11	3400.45	-1747.58	7.25	-4.96	-6.32
2024-09-05T08:11:00	-712.89	3402.15	-1755.92	7.29	-5.37	-6.86
2024-09-05T08:11:02	-714.67	3403.84	-1764.26	7.35	-5.78	-7.37
2024-09-05T08:11:04	-716.45	3405.53	-1772.60	7.41	-6.20	-7.85
2024-09-05T08:11:06	-718.22	3407.22	-1780.94	7.46	-6.49	-8.31
2024-09-05T08:11:08	-720.00	3408.89	-1789.27	7.49	-6.71	-8.76
2024-09-05T08:11:10	-721.77	3410.57	-1797.60	7.51	-6.92	-9.22
2024-09-05T08:11:12	-723.54	3412.24	-1805.93	7.53	-7.11	-9.68
2024-09-05T08:11:14	-725.31	3413.90	-1814.25	7.55	-7.29	-10.13
2024-09-05T08:11:16	-727.09	3415.56	-1822.58	7.56	-7.45	-10.59
2024-09-05T08:11:18	-728.85	3417.22	-1830.90	7.55	-7.58	-11.03
2024-09-05T08:11:20	-730.62	3418.86	-1839.22	7.65	-7.64	-11.36
2024-09-05T08:11:22	-732.39	3420.51	-1847.53	7.77	-7.66	-11.64
2024-09-05T08:11:24	-734.16	3422.15	-1855.84	7.89	-7.68	-11.91
2024-09-05T08:11:26	-735.92	3423.78	-1864.15	8.00	-7.70	-12.17
2024-09-05T08:11:28	-737.69	3425.41	-1872.46	8.10	-7.71	-12.40
2024-09-05T08:11:30	-739.45	3427.04	-1880.76	8.20	-7.70	-12.62
2024-09-05T08:11:32	-741.21	3428.66	-1889.07	8.28	-7.71	-12.81
2024-09-05T08:11:34	-742.98	3430.27	-1897.36	8.30	-7.96	-12.89
2024-09-05T08:11:36	-744.74	3431.88	-1905.66	8.33	-8.23	-12.97
2024-09-05T08:11:38	-746.50	3433.49	-1913.96	8.38	-8.48	-13.06
2024-09-05T08:11:40	-748.25	3435.09	-1922.25	8.45	-8.72	-13.17
2024-09-05T08:11:42	-750.01	3436.68	-1930.53	8.54	-8.95	-13.30
2024-09-05T08:11:44	-751.77	3438.28	-1938.82	8.65	-9.18	-13.45
2024-09-05T08:11:46	-753.52	3439.86	-1947.10	8.78	-9.40	-13.62
2024-09-05T08:11:48	-755.28	3441.45	-1955.38	9.00	-9.54	-13.87
2024-09-05T08:11:50	-757.03	3443.02	-1963.66	9.21	-9.67	-14.09
2024-09-05T08:11:52	-758.78	3444.60	-1971.94	9.42	-9.79	-14.30
2024-09-05T08:11:54	-760.53	3446.17	-1980.21	9.63	-9.92	-14.49
2024-09-05T08:11:56	-762.28	3447.73	-1988.48	9.85	-10.04	-14.65
2024-09-05T08:11:58	-764.03	3449.29	-1996.75	10.06	-10.17	-14.79
2024-09-05T08:12:00	-765.78	3450.84	-2005.01	10.27	-10.27	-14.91
2024-09-05T08:12:02	-767.53	3452.40	-2013.28	10.36	-10.11	-14.93
2024-09-05T08:12:04	-769.27	3453.94	-2021.54	10.44	-9.94	-14.95
2024-09-05T08:12:06	-771.02	3455.48	-2029.79	10.51	-9.76	-14.97
2024-09-05T08:12:08	-772.76	3457.02	-2038.05	10.58	-9.56	-14.98
2024-09-05T08:12:10	-774.50	3458.55	-2046.30	10.65	-9.36	-14.99
2024-09-05T08:12:12	-776.25	3460.08	-2054.55	10.71	-9.14	-14.99
2024-09-05T08:12:14	-777.99	3461.60	-2062.79	10.79	-8.94	-14.97
2024-09-05T08:12:16	-779.73	3463.12	-2071.04	10.92	-8.95	-14.91
2024-09-05T08:12:18	-781.47	3464.64	-2079.28	11.03	-8.93	-14.84
2024-09-05T08:12:20	-783.21	3466.15	-2087.52	11.12	-8.89	-14.79
2024-09-05T08:12:22	-784.94	3467.65	-2095.75	11.18	-8.84	-14.74
2024-09-05T08:12:24	-786.68	3469.16	-2103.99	11.22	-8.80	-14.72
2024-09-05T08:12:26	-788.41	3470.65	-2112.22	11.25	-8.76	-14.71
2024-09-05T08:12:28	-790.15	3472.15	-2120.44	11.29	-8.72	-14.68
2024-09-05T08:12:30	-791.88	3473.64	-2128.67	11.44	-8.75	-14.49
2024-09-05T08:12:32	-793.61	3475.12	-2136.89	11.60	-8.76	-14.33
2024-09-05T08:12:34	-795.34	3476.60	-2145.11	11.77	-8.75	-14.19
2024-09-05T08:12:36	-797.07	3478.08	-2153.33	11.95	-8.73	-14.07
2024-09-05T08:12:38	-798.80	3479.55	-2161.54	12.14	-8.70	-13.98
2024-09-05T08:12:40	-800.53	3481.02	-2169.76	12.33	-8.65	-13.92
2024-09-05T08:12:42	-802.26	3482.48	-2177.97	12.53	-8.68	-13.89
2024-09-05T08:12:44	-803.98	3483.94	-2186.17	12.72	-8.99	-13.89
2024-09-05T08:12:46	-805.71	3485.39	-2194.38	12.94	-9.28	-13.90
2024-09-05T08:12:48	-807.44	3486.84	-2202.58	13.15	-9.59	-13.89
2024-09-05T08:12:50	-809.16	3488.29	-2210.78	13.37	-9.87	-13.88
2024-09-05T08:12:52	-810.88	3489.73	-2218.98	13.60	-10.13	-13.87
2024-09-05T08:12:54	-812.60	3491.17	-2227.17	13.86	-10.37	-13.86
2024-09-05T08:12:56	-814.32	3492.61	-2235.36	14.02	-10.56	-13.90
2024-09-05T08:12:58	-816.04	3494.04	-2243.55	13.92	-10.67	-14.05
2024-09-05T08:13:00	-817.76	3495.46	-2251.74	13.83	-10.78	-14.16
2024-09-05T08:13:02	-819.48	3496.89	-2259.92	13.75	-10.90	-14.22
2024-09-05T08:13:04	-821.19	3498.31	-2268.10	13.67	-11.04	-14.22
2024-09-05T08:13:06	-822.91	3499.72	-2276.28	13.61	-11.18	-14.19
2024-09-05T08:13:08	-824.62	3501.13	-2284.45	13.55	-11.33	-14.10
2024-09-05T08:13:10	-826.34	3502.54	-2292.63	13.45	-11.47	-14.04
2024-09-05T08:13:12	-828.05	3503.94	-2300.80	13.17	-11.52	-14.19
2024-09-05T08:13:14	-829.76	3505.34	-2308.97	12.90	-11.57	-14.33
2024-09-05T08:13:16	-831.47	3506.73	-2317.13	12.64	-11.62	-14.49
2024-09-05T08:13:18	-833.18	3508.12	-2325.30	12.40	-11.66	-14.64
2024-09-05T08:13:20	-834.89	3509.51	-2333.45	12.16	-11.70	-14.81
2024-09-05T08:13:22	-836.60	3510.89	-2341.61	11.94	-11.74	-14.97
2024-09-05T08:13:24	-838.31	3512.27	-2349.77	11.72	-11.79	-15.02
2024-09-05T08:13:26	-840.01	3513.64	-2357.92	11.46	-11.88	-14.76
2024-09-05T08:13:28	-841.72	3515.02	-2366.07	11.17	-11.96	-14.49
2024-09-05T08:13:30	-843.42	3516.38	-2374.22	10.88	-12.02	-14.24
2024-09-05T08:13:32	-845.13	3517.75	-2382.36	10.58	-12.10	-14.02
2024-09-05T08:13:34	-846.83	3519.11	-2390.50	10.29	-12.18	-13.83
2024-09-05T08:13:36	-848.53	3520.46	-2398.64	10.00	-12.26	-13.68
2024-09-05T08:13:38	-850.23	3521.82	-2406.78	9.81	-12.33	-13.62
2024-09-05T08:13:40	-851.93	3523.16	-2414.91	9.88	-12.31	-13.74
2024-09-05T08:13:42	-853.63	3524.51	-2423.04	9.95	-12.31	-13.87
2024-09-05T08:13:44	-855.33	3525.85	-2431.17	10.02	-12.31	-14.00
2024-09-05T08:13:46	-857.03	3527.19	-2439.30	10.09	-12.32	-14.14
2024-09-05T08:13:48	-858.72	3528.52	-2447.42	10.17	-12.34	-14.27
2024-09-05T08:13:50	-860.42	3529.85	-2455.55	10.26	-12.37	-14.41
2024-09-05T08:13:52	-862.11	3531.18	-2463.67	10.30	-12.38	-14.54
2024-09-05T08:13:54	-863.80	3532.50	-2471.78	10.14	-12.31	-14.61
2024-09-05T08:13:56	-865.50	3533.82	-2479.89	9.97	-12.24	-14.65
2024-09-05T08:13:58	-867.19	3535.13	-2488.01	9.80	-12.17	-14.69
2024-09-05T08:14:00	-868.88	3536.44	-2496.12	9.61	-12.10	-14.71
2024-09-05T08:14:02	-870.57	3537.75	-2504.22	9.41	-12.02	-14.71
2024-09-05T08:14:04	-872.26	3539.06	-2512.32	9.20	-11.95	-14.70
2024-09-05T08:14:06	-873.95	3540.36	-2520.42	9.02	-11.89	-14.71
2024-09-05T08:14:08	-875.63	3541.66	-2528.52	9.09	-11.94	-14.97
2024-09-05T08:14:10	-877.32	3542.95	-2536.62	9.15	-11.99	-15.24
2024-09-05T08:14:12	-879.01	3544.24	-2544.71	9.23	-12.06	-15.50
2024-09-05T08:14:14	-880.69	3545.52	-2552.80	9.28	-12.10	-15.75
2024-09-05T08:14:16	-882.37	3546.81	-2560.89	9.31	-12.14	-16.01
2024-09-05T08:14:18	-884.06	3548.09	-2568.98	9.32	-12.17	-16.27
2024-09-05T08:14:20	-885.74	3549.36	-2577.06	9.30	-12.18	-16.47
2024-09-05T08:14:22	-887.42	3550.63	-2585.14	9.28	-12.12	-16.15
2024-09-05T08:14:24	-889.10	3551.90	-2593.22	9.25	-12.06	-15.84
2024-09-05T08:14:26	-890.78	3553.17	-2601.30	9.21	-12.00	-15.55
2024-09-05T08:14:28	-892.46	3554.43	-2609.37	9.17	-11.93	-15.26
2024-09-05T08:14:30	-894.13	3555.69	-2617.44	9.13	-11.85	-15.00
2024-09-05T08:14:32	-895.81	3556.95	-2625.51	9.08	-11.78	-14.75
2024-09-05T08:14:34	-897.49	3558.20	-2633.57	9.02	-11.70	-14.53
2024-09-05T08:14:36	-899.16	3559.45	-2641.63	9.11	-11.61	-14.60
2024-09-05T08:14:38	-900.84	3560.69	-2649.70	9.20	-11.52	-14.65
2024-09-05T08:14:40	-902.51	3561.93	-2657.75	9.29	-11.42	-14.70
2024-09-05T08:14:42	-904.18	3563.17	-2665.81	9.39	-11.33	-14.74
2024-09-05T08:14:44	-905.85	3564.41	-2673.86	9.49	-11.25	-14.76
2024-09-05T08:14:46	-907.52	3565.64	-2681.91	9.59	-11.16	-14.78
2024-09-05T08:14:48	-909.19	3566.87	-2689.96	9.69	-11.08	-14.79
2024-09-05T08:14:50	-910.86	3568.09	-2698.01	9.64	-10.94	-14.60
2024-09-05T08:14:52	-912.53	3569.31	-2706.05	9.59	-10.78	-14.38
2024-09-05T08:14:54	-914.19	3570.53	-2714.09	9.56	-10.62	-14.17
2024-09-05T08:14:56	-915.86	3571.75	-2722.12	9.54	-10.46	-13.95
2024-09-05T08:14:58	-917.53	3572.96	-2730.16	9.55	-10.29	-13.74
2024-09-05T08:15:00	-919.19	3574.17	-2738.19	9.56	-10.12	-13.52
2024-09-05T08:15:02	-920.86	3575.37	-2746.22	9.60	-9.94	-13.31
2024-09-05T08:15:04	-922.52	3576.57	-2754.25	9.50	-9.90	-13.22
2024-09-05T08:15:06	-924.18	3577.77	-2762.28	9.37	-9.89	-13.18
2024-09-05T08:15:08	-925.84	3578.97	-2770.30	9.24	-9.88	-13.15
2024-09-05T08:15:10	-927.50	3580.16	-2778.32	9.11	-9.87	-13.13
2024-09-05T08:15:12	-929.16	3581.35	-2786.34	8.99	-9.86	-13.12
2024-09-05T08:15:14	-930.82	3582.54	-2794.35	8.87	-9.85	-13.13
2024-09-05T08:15:16	-932.48	3583.72	-2802.37	8.77	-9.85	-13.14
2024-09-05T08:15:18	-934.14	3584.90	-2810.38	8.70	-9.90	-13.24
2024-09-05T08:15:20	-935.79	3586.08	-2818.39	8.65	-9.99	-13.36
2024-09-05T08:15:22	-937.45	3587.25	-2826.39	8.60	-10.07	-13.50
2024-09-05T08:15:24	-939.10	3588.42	-2834.40	8.56	-10.16	-13.64
2024-09-05T08:15:26	-940.76	3589.59	-2842.40	8.53	-10.25	-13.78
2024-09-05T08:15:28	-942.41	3590.76	-2850.40	8.50	-10.34	-13.93
2024-09-05T08:15:30	-944.06	3591.92	-2858.39	8.47	-10.44	-14.09
2024-09-05T08:15:32	-945.71	3593.07	-2866.39	8.53	-10.45	-14.24
2024-09-05T08:15:34	-947.36	3594.23	-2874.38	8.66	-10.37	-14.39
2024-09-05T08:15:36	-949.02	3595.38	-2882.36	8.78	-10.28	-14.54
2024-09-05T08:15:38	-950.66	3596.53	-2890.35	8.87	-10.18	-14.70
2024-09-05T08:15:40	-952.31	3597.68	-2898.33	8.94	-10.07	-14.86
2024-09-05T08:15:42	-953.96	3598.82	-2906.32	9.00	-9.95	-15.03
2024-09-05T08:15:44	-955.61	3599.96	-2914.29	9.03	-9.81	-15.19
2024-09-05T08:15:46	-957.25	3601.10	-2922.27	9.00	-9.74	-15.03
2024-09-05T08:15:48	-958.90	3602.23	-2930.24	8.98	-9.82	-14.57
2024-09-05T08:15:50	-960.54	3603.36	-2938.22	8.98	-9.90	-14.14
2024-09-05T08:15:52	-962.18	3604.49	-2946.19	8.97	-9.98	-13.72
2024-09-05T08:15:54	-963.83	3605.61	-2954.15	8.97	-10.06	-13.32
2024-09-05T08:15:56	-965.47	3606.74	-2962.12	8.98	-10.14	-12.95
2024-09-05T08:15:58	-967.11	3607.86	-2970.08	8.98	-10.22	-12.60
2024-09-05T08:16:00	-968.75	3608.97	-2978.04	9.02	-10.29	-12.33
2024-09-05T08:16:02	-970.39	3610.09	-2985.99	9.17	-10.30	-12.37
2024-09-05T08:16:04	-972.03	3611.20	-2993.95	9.34	-10.33	-12.40
2024-09-05T08:16:06	-973.66	3612.31	-3001.90	9.50	-10.38	-12.41
2024-09-05T08:16:08	-975.30	3613.41	-3009.85	9.67	-10.45	-12.41
2024-09-05T08:16:10	-976.94	3614.51	-3017.80	9.84	-10.53	-12.38
2024-09-05T08:16:12	-978.57	3615.61	-3025.74	10.01	-10.64	-12.34
2024-09-05T08:16:14	-980.21	3616.71	-3033.69	10.19	-10.76	-12.28
2024-09-05T08:16:16	-981.84	3617.80	-3041.63	10.13	-10.50	-12.42
2024-09-05T08:16:18	-983.48	3618.89	-3049.56	10.07	-10.23	-12.58
2024-09-05T08:16:20	-985.11	3619.98	-3057.50	10.03	-9.97	-12.73
2024-09-05T08:16:22	-986.74	3621.06	-3065.43	10.00	-9.71	-12.87
2024-09-05T08:16:24	-988.37	3622.15	-3073.36	9.98	-9.45	-13.01
2024-09-05T08:16:26	-990.00	3623.23	-3081.29	9.98	-9.19	-13.14
2024-09-05T08:16:28	-991.63	3624.31	-3089.22	9.98	-8.94	-13.25
2024-09-05T08:16:30	-993.26	3625.38	-3097.14	9.92	-8.83	-13.32
2024-09-05T08:16:32	-994.89	3626.45	-3105.06	9.83	-8.76	-13.39
2024-09-05T08:16:34	-996.51	3627.52	-3112.98	9.75	-8.68	-13.46
2024-09-05T08:16:36	-998.14	3628.58	-3120.90	9.67	-8.58	-13.54
2024-09-05T08:16:38	-999.77	3629.65	-3128.81	9.59	-8.47	-13.64
2024-09-05T08:16:40	-1001.39	3630.71	-3136.72	9.52	-8.34	-13.74
2024-09-05T08:16:42	-1003.01	3631.76	-3144.63	9.45	-8.20	-13.86
2024-09-05T08:16:44	-1004.64	3632.82	-3152.54	9.39	-8.22	-13.97
2024-09-05T08:16:46	-1006.26	3633.87	-3160.45	9.32	-8.37	-14.09
2024-09-05T08:16:48	-1007.88	3634.92	-3168.35	9.24	-8.54	-14.22
2024-09-05T08:16:50	-1009.50	3635.97	-3176.25	9.16	-8.70	-14.38
2024-09-05T08:16:52	-1011.12	3637.01	-3184.15	9.06	-8.88	-14.55
2024-09-05T08:16:54	-1012.74	3638.05	-3192.04	8.96	-9.06	-14.74
2024-09-05T08:16:56	-1014.36	3639.09	-3199.94	8.85	-9.29	-14.92
2024-09-05T08:16:58	-1015.98	3640.13	-3207.83	8.77	-9.51	-15.07
2024-09-05T08:17:00	-1017.60	3641.16	-3215.72	8.78	-9.73	-15.14
2024-09-05T08:17:02	-1019.21	3642.19	-3223.60	8.79	-9.94	-15.20
2024-09-05T08:17:04	-1020.83	3643.22	-3231.48	8.80	-10.13	-15.24
2024-09-05T08:17:06	-1022.44	3644.25	-3239.37	8.80	-10.32	-15.28
2024-09-05T08:17:08	-1024.06	3645.27	-3247.25	8.80	-10.49	-15.30
2024-09-05T08:17:10	-1025.67	3646.29	-3255.12	8.80	-10.66	-15.32
2024-09-05T08:17:12	-1027.28	3647.31	-3263.00	8.78	-10.81	-15.31
2024-09-05T08:17:14	-1028.90	3648.32	-3270.87	8.61	-10.80	-15.13
2024-09-05T08:17:16	-1030.51	3649.34	-3278.74	8.43	-10.79	-14.95
2024-09-05T08:17:18	-1032.12	3650.35	-3286.61	8.25	-10.78	-14.78
2024-09-05T08:17:20	-1033.73	3651.36	-3294.47	8.07	-10.75	-14.62
2024-09-05T08:17:22	-1035.34	3652.36	-3302.34	7.88	-10.73	-14.47
2024-09-05T08:17:24	-1036.95	3653.36	-3310.20	7.70	-10.70	-14.32
2024-09-05T08:17:26	-1038.55	3654.36	-3318.06	7.51	-10.66	-14.19
2024-09-05T08:17:28	-1040.16	3655.36	-3325.91	7.40	-10.48	-14.13
2024-09-05T08:17:30	-1041.77	3656.36	-3333.77	7.32	-10.25	-14.08
2024-09-05T08:17:32	-1043.37	3657.35	-3341.62	7.24	-10.02	-14.04
2024-09-05T08:17:34	-1044.98	3658.34	-3349.47	7.18	-9.78	-14.01
2024-09-05T08:17:36	-1046.58	3659.33	-3357.32	7.11	-9.53	-13.99
2024-09-05T08:17:38	-1048.19	3660.31	-3365.16	7.05	-9.28	-13.97
2024-09-05T08:17:40	-1049.79	3661.30	-3373.00	6.98	-9.02	-13.95
2024-09-05T08:17:42	-1051.39	3662.28	-3380.84	6.92	-8.88	-14.01
2024-09-05T08:17:44	-1052.99	3663.25	-3388.68	6.88	-8.86	-14.14
2024-09-05T08:17:46	-1054.59	3664.23	-3396.52	6.85	-8.86	-14.28
2024-09-05T08:17:48	-1056.19	3665.20	-3404.35	6.82	-8.87	-14.43
2024-09-05T08:17:50	-1057.79	3666.17	-3412.18	6.80	-8.90	-14.58
2024-09-05T08:17:52	-1059.39	3667.14	-3420.01	6.79	-8.93	-14.73
2024-09-05T08:17:54	-1060.99	3668.11	-3427.84	6.78	-8.98	-14.90
2024-09-05T08:17:56	-1062.59	3669.07	-3435.66	6.78	-9.05	-15.04
2024-09-05T08:17:58	-1064.18	3670.03	-3443.49	6.78	-9.20	-15.09
2024-09-05T08:18:00	-1065.78	3670.99	-3451.31	6.78	-9.35	-15.13
2024-09-05T08:18:02	-1067.37	3671.95	-3459.12	6.76	-9.51	-15.16
2024-09-05T08:18:04	-1068.97	3672.90	-3466.94	6.75	-9.68	-15.19
2024-09-05T08:18:06	-1070.56	3673.85	-3474.75	6.72	-9.83	-15.20
2024-09-05T08:18:08	-1072.16	3674.80	-3482.57	6.66	-9.97	-15.21
2024-09-05T08:18:10	-1073.75	3675.75	-3490.38	6.60	-10.11	-15.20
2024-09-05T08:18:12	-1075.34	3676.69	-3498.18	6.75	-10.02	-15.25
2024-09-05T08:18:14	-1076.93	3677.64	-3505.99	6.94	-9.91	-15.31
2024-09-05T08:18:16	-1078.52	3678.58	-3513.79	7.12	-9.82	-15.37
2024-09-05T08:18:18	-1080.11	3679.52	-3521.59	7.30	-9.73	-15.45
2024-09-05T08:18:20	-1081.70	3680.45	-3529.39	7.47	-9.65	-15.53
2024-09-05T08:18:22	-1083.29	3681.38	-3537.19	7.64	-9.59	-15.62
2024-09-05T08:18:24	-1084.88	3682.32	-3544.98	7.80	-9.53	-15.71
2024-09-05T08:18:26	-1086.46	3683.25	-3552.77	7.94	-9.46	-15.71
2024-09-05T08:18:28	-1088.05	3684.17	-3560.56	8.07	-9.35	-15.63
2024-09-05T08:18:30	-1089.63	3685.10	-3568.35	8.20	-9.23	-15.54
2024-09-05T08:18:32	-1091.22	3686.02	-3576.13	8.35	-9.11	-15.46
2024-09-05T08:18:34	-1092.80	3686.94	-3583.91	8.49	-8.98	-15.37
2024-09-05T08:18:36	-1094.39	3687.86	-3591.69	8.64	-8.84	-15.29
2024-09-05T08:18:38	-1095.97	3688.77	-3599.47	8.80	-8.70	-15.20
2024-09-05T08:18:40	-1097.55	3689.68	-3607.25	8.93	-8.57	-15.12
2024-09-05T08:18:42	-1099.13	3690.60	-3615.02	8.96	-8.48	-15.08
2024-09-05T08:18:44	-1100.71	3691.50	-3622.79	9.00	-8.38	-15.03
2024-09-05T08:18:46	-1102.29	3692.41	-3630.57	9.05	-8.27	-14.99
2024-09-05T08:18:48	-1103.87	3693.31	-3638.33	9.11	-8.14	-14.94
2024-09-05T08:18:50	-1105.45	3694.22	-3646.10	9.17	-8.00	-14.90
2024-09-05T08:18:52	-1107.03	3695.12	-3653.86	9.25	-7.84	-14.86
2024-09-05T08:18:54	-1108.61	3696.01	-3661.63	9.34	-7.67	-14.82
2024-09-05T08:18:56	-1110.19	3696.91	-3669.38	9.14	-7.75	-14.80
2024-09-05T08:18:58	-1111.76	3697.80	-3677.14	8.88	-7.89	-14.78
2024-09-05T08:19:00	-1113.34	3698.70	-3684.90	8.61	-8.02	-14.76
2024-09-05T08:19:02	-1114.91	3699.58	-3692.65	8.33	-8.14	-14.75
2024-09-05T08:19:04	-1116.49	3700.47	-3700.40	8.04	-8.25	-14.73
2024-09-05T08:19:06	-1118.06	3701.36	-3708.15	7.75	-8.35	-14.72
2024-09-05T08:19:08	-1119.63	3702.24	-3715.89	7.45	-8.43	-14.70
2024-09-05T08:19:10	-1121.21	3703.12	-3723.64	7.29	-8.53	-14.66
2024-09-05T08:19:12	-1122.78	3704.00	-3731.38	7.30	-8.65	-14.59
2024-09-05T08:19:14	-1124.35	3704.87	-3739.12	7.30	-8.79	-14.51
2024-09-05T08:19:16	-1125.92	3705.75	-3746.86	7.28	-8.93	-14.43
2024-09-05T08:19:18	-1127.49	3706.62	-3754.59	7.26	-9.10	-14.35
2024-09-05T08:19:20	-1129.06	3707.49	-3762.33	7.29	-9.30	-14.29
2024-09-05T08:19:22	-1130.63	3708.36	-3770.06	7.31	-9.50	-14.25
2024-09-05T08:19:24	-1132.20	3709.23	-3777.79	7.33	-9.68	-14.20
2024-09-05T08:19:26	-1133.76	3710.09	-3785.51	7.67	-9.68	-14.08
2024-09-05T08:19:28	-1135.33	3710.95	-3793.24	7.99	-9.68	-13.95
2024-09-05T08:19:30	-1136.90	3711.81	-3800.96	8.31	-9.68	-13.82
2024-09-05T08:19:32	-1138.46	3712.67	-3808.68	8.62	-9.69	-13.69
