Time	POS_X	POS_Y	POS_Z	B_X	B_Y	B_Z
2024-09-05T07:38:06	1157.16	-1700.05	5030.58	-47.18	18.68	-20.86
2024-09-05T07:38:08	1155.60	-1693.56	5026.31	-47.76	19.06	-21.67
2024-09-05T07:38:10	1154.04	-1687.07	5022.03	-48.23	19.45	-22.38
2024-09-05T07:38:12	1152.48	-1680.57	5017.75	-48.66	19.78	-23.00
2024-09-05T07:38:14	1150.92	-1674.08	5013.47	-49.06	20.05	-23.54
2024-09-05T07:38:16	1149.36	-1667.59	5009.18	-49.43	20.26	-23.99
2024-09-05T07:38:18	1147.80	-1661.09	5004.90	-49.79	20.46	-24.37
2024-09-05T07:38:20	1146.24	-1654.60	5000.60	-50.27	21.32	-25.01
2024-09-05T07:38:22	1144.68	-1648.10	4996.31	-50.78	22.17	-25.73
2024-09-05T07:38:24	1143.11	-1641.60	4992.01	-51.31	23.00	-26.53
2024-09-05T07:38:26	1141.55	-1635.10	4987.71	-51.86	23.82	-27.41
2024-09-05T07:38:28	1139.99	-1628.60	4983.41	-52.45	24.60	-28.37
2024-09-05T07:38:30	1138.42	-1622.10	4979.11	-53.06	25.35	-29.41
2024-09-05T07:38:32	1136.86	-1615.60	4974.80	-53.71	26.06	-30.55
2024-09-05T07:38:34	1135.29	-1609.09	4970.48	-54.55	26.56	-31.59
2024-09-05T07:38:36	1133.72	-1602.59	4966.17	-55.70	26.60	-32.22
2024-09-05T07:38:38	1132.16	-1596.08	4961.85	-57.18	26.05	-32.36
2024-09-05T07:38:40	1130.59	-1589.58	4957.54	-58.69	25.62	-32.48
2024-09-05T07:38:42	1129.02	-1583.07	4953.21	-60.23	25.31	-32.58
2024-09-05T07:38:44	1127.45	-1576.56	4948.89	-61.81	25.13	-32.68
2024-09-05T07:38:46	1125.88	-1570.06	4944.56	-63.45	25.07	-32.80
2024-09-05T07:38:48	1124.31	-1563.55	4940.23	-65.15	25.14	-32.95
2024-09-05T07:38:50	1122.74	-1557.04	4935.89	-66.91	25.33	-33.15
2024-09-05T07:38:52	1121.17	-1550.52	4931.56	-68.76	25.65	-33.41
2024-09-05T07:38:54	1119.59	-1544.01	4927.22	-70.15	26.02	-33.66
2024-09-05T07:38:56	1118.02	-1537.50	4922.87	-70.80	26.33	-33.89
2024-09-05T07:38:58	1116.45	-1530.99	4918.53	-71.28	26.65	-34.22
2024-09-05T07:39:00	1114.87	-1524.47	4914.18	-71.49	26.94	-34.76
2024-09-05T07:39:02	1113.30	-1517.96	4909.83	-71.43	27.16	-35.79
2024-09-05T07:39:04	1111.72	-1511.44	4905.47	-71.49	27.39	-36.90
2024-09-05T07:39:06	1110.15	-1504.92	4901.11	-71.68	27.61	-38.10
2024-09-05T07:39:08	1108.57	-1498.40	4896.75	-72.00	27.84	-39.35
2024-09-05T07:39:10	1106.99	-1491.88	4892.39	-72.46	28.07	-40.67
2024-09-05T07:39:12	1105.42	-1485.36	4888.02	-73.43	28.05	-41.85
2024-09-05T07:39:14	1103.83	-1478.84	4883.65	-74.71	27.92	-42.88
2024-09-05T07:39:16	1102.26	-1472.32	4879.28	-76.17	27.77	-43.76
2024-09-05T07:39:18	1100.68	-1465.79	4874.90	-77.72	27.67	-44.48
2024-09-05T07:39:20	1099.10	-1459.27	4870.52	-79.28	27.63	-45.07
2024-09-05T07:39:22	1097.51	-1452.74	4866.14	-80.84	27.67	-45.54
2024-09-05T07:39:24	1095.93	-1446.22	4861.76	-82.38	27.78	-45.91
2024-09-05T07:39:26	1094.35	-1439.69	4857.37	-83.79	27.94	-46.18
2024-09-05T07:39:28	1092.77	-1433.16	4852.98	-84.64	28.08	-46.53
2024-09-05T07:39:30	1091.18	-1426.63	4848.58	-84.60	28.46	-47.02
2024-09-05T07:39:32	1089.60	-1420.10	4844.19	-84.54	28.84	-47.57
2024-09-05T07:39:34	1088.01	-1413.57	4839.78	-84.52	29.17	-48.16
2024-09-05T07:39:36	1086.42	-1407.04	4835.38	-84.53	29.46	-48.77
2024-09-05T07:39:38	1084.84	-1400.51	4830.97	-84.56	29.70	-49.38
2024-09-05T07:39:40	1083.25	-1393.97	4826.56	-84.61	29.89	-49.98
2024-09-05T07:39:42	1081.66	-1387.44	4822.15	-84.65	30.03	-50.55
2024-09-05T07:39:44	1080.07	-1380.91	4817.73	-84.67	30.11	-51.08
2024-09-05T07:39:46	1078.48	-1374.37	4813.31	-84.79	30.08	-51.55
2024-09-05T07:39:48	1076.89	-1367.83	4808.89	-85.56	29.83	-52.05
2024-09-05T07:39:50	1075.30	-1361.29	4804.47	-86.38	29.68	-52.54
2024-09-05T07:39:52	1073.71	-1354.75	4800.04	-87.32	29.63	-52.94
2024-09-05T07:39:54	1072.12	-1348.21	4795.61	-88.58	29.79	-52.96
2024-09-05T07:39:56	1070.53	-1341.67	4791.17	-89.85	30.03	-52.97
2024-09-05T07:39:58	1068.93	-1335.13	4786.73	-91.11	30.36	-53.00
2024-09-05T07:40:00	1067.34	-1328.59	4782.29	-92.38	30.78	-53.02
2024-09-05T07:40:02	1065.75	-1322.05	4777.85	-93.65	31.27	-53.05
2024-09-05T07:40:04	1064.15	-1315.50	4773.40	-94.78	31.69	-53.07
2024-09-05T07:40:06	1062.55	-1308.96	4768.95	-95.61	31.90	-53.09
2024-09-05T07:40:08	1060.96	-1302.41	4764.49	-96.29	32.06	-53.15
2024-09-05T07:40:10	1059.36	-1295.86	4760.03	-96.83	32.19	-53.23
2024-09-05T07:40:12	1057.76	-1289.32	4755.57	-97.21	32.29	-53.35
2024-09-05T07:40:14	1056.16	-1282.77	4751.11	-97.43	32.35	-53.49
2024-09-05T07:40:16	1054.56	-1276.22	4746.64	-97.47	32.39	-53.66
2024-09-05T07:40:18	1052.96	-1269.67	4742.17	-97.34	32.35	-53.95
2024-09-05T07:40:20	1051.36	-1263.11	4737.70	-97.19	32.18	-54.40
2024-09-05T07:40:22	1049.76	-1256.56	4733.22	-97.45	32.33	-55.01
2024-09-05T07:40:24	1048.16	-1250.01	4728.74	-97.88	32.60	-55.63
2024-09-05T07:40:26	1046.55	-1243.46	4724.25	-98.33	32.85	-56.16
2024-09-05T07:40:28	1044.95	-1236.90	4719.77	-98.81	33.05	-56.64
2024-09-05T07:40:30	1043.34	-1230.34	4715.28	-99.32	33.20	-57.04
2024-09-05T07:40:32	1041.74	-1223.79	4710.78	-99.88	33.29	-57.32
2024-09-05T07:40:34	1040.13	-1217.23	4706.28	-100.46	33.33	-57.50
2024-09-05T07:40:36	1038.52	-1210.67	4701.78	-101.06	33.32	-57.55
2024-09-05T07:40:38	1036.92	-1204.11	4697.28	-101.67	33.26	-57.49
2024-09-05T07:40:40	1035.31	-1197.55	4692.77	-102.05	33.08	-57.91
2024-09-05T07:40:42	1033.70	-1190.99	4688.26	-102.40	32.94	-58.41
2024-09-05T07:40:44	1032.09	-1184.43	4683.75	-102.51	32.87	-59.14
2024-09-05T07:40:46	1030.48	-1177.86	4679.23	-102.44	32.83	-59.95
2024-09-05T07:40:48	1028.87	-1171.30	4674.71	-102.34	32.78	-60.71
2024-09-05T07:40:50	1027.26	-1164.73	4670.18	-102.23	32.71	-61.41
2024-09-05T07:40:52	1025.64	-1158.17	4665.65	-102.10	32.60	-62.05
2024-09-05T07:40:54	1024.03	-1151.60	4661.12	-101.98	32.44	-62.65
2024-09-05T07:40:56	1022.42	-1145.04	4656.58	-101.86	32.25	-63.14
2024-09-05T07:40:58	1020.80	-1138.47	4652.05	-101.84	32.12	-63.44
2024-09-05T07:41:00	1019.19	-1131.90	4647.50	-101.92	32.02	-63.75
2024-09-05T07:41:02	1017.57	-1125.33	4642.96	-102.10	31.94	-64.07
2024-09-05T07:41:04	1015.96	-1118.76	4638.41	-102.37	31.89	-64.40
2024-09-05T07:41:06	1014.34	-1112.19	4633.86	-102.72	31.87	-64.72
2024-09-05T07:41:08	1012.72	-1105.61	4629.30	-103.14	31.88	-65.04
2024-09-05T07:41:10	1011.10	-1099.04	4624.74	-103.50	32.04	-65.32
2024-09-05T07:41:12	1009.48	-1092.47	4620.18	-103.80	32.19	-65.58
2024-09-05T07:41:14	1007.86	-1085.89	4615.61	-103.95	32.25	-65.79
2024-09-05T07:41:16	1006.24	-1079.31	4611.04	-103.99	32.25	-65.95
2024-09-05T07:41:18	1004.61	-1072.74	4606.46	-104.03	32.24	-66.10
2024-09-05T07:41:20	1002.99	-1066.16	4601.89	-104.05	32.21	-66.24
2024-09-05T07:41:22	1001.37	-1059.58	4597.31	-104.05	32.18	-66.35
2024-09-05T07:41:24	999.74	-1053.00	4592.72	-104.04	32.12	-66.44
2024-09-05T07:41:26	998.12	-1046.42	4588.13	-104.02	32.05	-66.51
2024-09-05T07:41:28	996.49	-1039.84	4583.54	-103.98	31.95	-66.54
2024-09-05T07:41:30	994.87	-1033.26	4578.95	-103.92	31.83	-66.53
2024-09-05T07:41:32	993.24	-1026.68	4574.35	-104.09	31.75	-66.87
2024-09-05T07:41:34	991.61	-1020.09	4569.74	-104.46	31.68	-67.40
2024-09-05T07:41:36	989.98	-1013.51	4565.14	-104.95	31.64	-68.00
2024-09-05T07:41:38	988.35	-1006.92	4560.53	-105.44	31.61	-68.56
2024-09-05T07:41:40	986.72	-1000.34	4555.91	-105.90	31.63	-69.10
2024-09-05T07:41:42	985.09	-993.75	4551.29	-106.33	31.65	-69.57
2024-09-05T07:41:44	983.46	-987.16	4546.67	-106.72	31.68	-69.97
2024-09-05T07:41:46	981.82	-980.57	4542.05	-107.08	31.72	-70.31
2024-09-05T07:41:48	980.19	-973.99	4537.42	-107.37	31.78	-70.58
2024-09-05T07:41:50	978.56	-967.40	4532.78	-107.49	31.93	-70.80
2024-09-05T07:41:52	976.92	-960.81	4528.15	-107.62	32.08	-71.01
2024-09-05T07:41:54	975.29	-954.21	4523.51	-107.74	32.22	-71.21
2024-09-05T07:41:56	973.65	-947.62	4518.86	-107.86	32.35	-71.41
2024-09-05T07:41:58	972.01	-941.03	4514.21	-107.99	32.47	-71.62
2024-09-05T07:42:00	970.37	-934.43	4509.56	-108.12	32.56	-71.95
2024-09-05T07:42:02	968.73	-927.84	4504.91	-108.26	32.63	-72.28
2024-09-05T07:42:04	967.09	-921.24	4500.25	-108.39	32.68	-72.60
2024-09-05T07:42:06	965.45	-914.65	4495.59	-108.56	32.69	-73.00
2024-09-05T07:42:08	963.81	-908.05	4490.92	-108.76	32.65	-73.49
2024-09-05T07:42:10	962.17	-901.45	4486.25	-108.96	32.61	-73.96
2024-09-05T07:42:12	960.53	-894.85	4481.57	-109.15	32.55	-74.43
2024-09-05T07:42:14	958.88	-888.25	4476.89	-109.34	32.48	-74.88
2024-09-05T07:42:16	957.24	-881.65	4472.21	-109.54	32.39	-75.33
2024-09-05T07:42:18	955.59	-875.05	4467.53	-109.73	32.29	-75.76
2024-09-05T07:42:20	953.95	-868.45	4462.84	-109.94	32.16	-76.19
2024-09-05T07:42:22	952.30	-861.85	4458.14	-110.15	32.02	-76.61
2024-09-05T07:42:24	950.65	-855.24	4453.44	-110.33	31.96	-76.94
2024-09-05T07:42:26	949.00	-848.64	4448.74	-110.50	31.92	-77.28
2024-09-05T07:42:28	947.35	-842.03	4444.04	-110.66	31.89	-77.65
2024-09-05T07:42:30	945.70	-835.43	4439.32	-110.81	31.85	-78.04
2024-09-05T07:42:32	944.05	-828.82	4434.61	-110.94	31.82	-78.45
2024-09-05T07:42:34	942.40	-822.21	4429.89	-111.06	31.79	-78.88
2024-09-05T07:42:36	940.75	-815.61	4425.17	-111.16	31.76	-79.34
2024-09-05T07:42:38	939.10	-809.00	4420.44	-111.23	31.74	-79.81
2024-09-05T07:42:40	937.44	-802.39	4415.71	-111.28	31.69	-80.27
2024-09-05T07:42:42	935.78	-795.78	4410.98	-111.33	31.55	-80.63
2024-09-05T07:42:44	934.13	-789.17	4406.24	-111.38	31.42	-81.00
2024-09-05T07:42:46	932.47	-782.55	4401.50	-111.42	31.29	-81.39
2024-09-05T07:42:48	930.81	-775.94	4396.75	-111.56	31.20	-81.69
2024-09-05T07:42:50	929.15	-769.33	4392.00	-111.74	31.12	-81.96
2024-09-05T07:42:52	927.50	-762.71	4387.25	-111.94	31.06	-82.24
2024-09-05T07:42:54	925.84	-756.10	4382.49	-112.14	31.02	-82.54
2024-09-05T07:42:56	924.17	-749.49	4377.73	-112.35	31.00	-82.86
2024-09-05T07:42:58	922.51	-742.87	4372.96	-112.57	30.98	-83.19
2024-09-05T07:43:00	920.85	-736.25	4368.19	-112.76	30.92	-83.53
2024-09-05T07:43:02	919.19	-729.64	4363.41	-112.93	30.85	-83.89
2024-09-05T07:43:04	917.52	-723.02	4358.64	-113.09	30.76	-84.26
2024-09-05T07:43:06	915.86	-716.40	4353.85	-113.24	30.66	-84.65
2024-09-05T07:43:08	914.19	-709.78	4349.06	-113.37	30.54	-85.05
2024-09-05T07:43:10	912.52	-703.16	4344.27	-113.50	30.41	-85.47
2024-09-05T07:43:12	910.86	-696.54	4339.48	-113.62	30.24	-85.90
2024-09-05T07:43:14	909.19	-689.91	4334.67	-113.75	30.06	-86.33
2024-09-05T07:43:16	907.52	-683.29	4329.87	-113.97	29.95	-86.74
2024-09-05T07:43:18	905.85	-676.67	4325.06	-114.19	29.85	-87.16
2024-09-05T07:43:20	904.18	-670.05	4320.25	-114.40	29.75	-87.58
2024-09-05T07:43:22	902.50	-663.42	4315.43	-114.61	29.66	-88.00
2024-09-05T07:43:24	900.83	-656.80	4310.61	-114.80	29.57	-88.43
2024-09-05T07:43:26	899.16	-650.17	4305.79	-115.00	29.49	-88.87
2024-09-05T07:43:28	897.48	-643.55	4300.95	-115.19	29.42	-89.33
2024-09-05T07:43:30	895.81	-636.92	4296.12	-115.37	29.35	-89.79
2024-09-05T07:43:32	894.13	-630.29	4291.28	-115.54	29.27	-90.27
2024-09-05T07:43:34	892.45	-623.66	4286.44	-115.69	29.16	-90.70
2024-09-05T07:43:36	890.78	-617.03	4281.59	-115.87	29.01	-91.13
2024-09-05T07:43:38	889.10	-610.40	4276.74	-116.06	28.87	-91.56
2024-09-05T07:43:40	887.42	-603.77	4271.88	-116.25	28.73	-92.01
2024-09-05T07:43:42	885.73	-597.14	4267.02	-116.45	28.61	-92.47
2024-09-05T07:43:44	884.05	-590.51	4262.16	-116.65	28.49	-92.94
2024-09-05T07:43:46	882.37	-583.88	4257.29	-116.86	28.38	-93.43
2024-09-05T07:43:48	880.69	-577.25	4252.41	-117.07	28.29	-93.93
2024-09-05T07:43:50	879.00	-570.61	4247.53	-117.26	28.16	-94.39
2024-09-05T07:43:52	877.32	-563.98	4242.65	-117.43	28.01	-94.80
2024-09-05T07:43:54	875.63	-557.34	4237.76	-117.57	27.84	-95.19
2024-09-05T07:43:56	873.94	-550.71	4232.87	-117.68	27.66	-95.56
2024-09-05T07:43:58	872.26	-544.07	4227.97	-117.79	27.46	-95.91
2024-09-05T07:44:00	870.57	-537.44	4223.07	-117.96	27.23	-96.31
2024-09-05T07:44:02	868.88	-530.80	4218.17	-118.13	27.01	-96.74
2024-09-05T07:44:04	867.19	-524.16	4213.26	-118.31	26.79	-97.18
2024-09-05T07:44:06	865.49	-517.52	4208.34	-118.49	26.58	-97.65
2024-09-05T07:44:08	863.80	-510.88	4203.42	-118.72	26.39	-98.16
2024-09-05T07:44:10	862.11	-504.25	4198.50	-118.94	26.21	-98.66
2024-09-05T07:44:12	860.41	-497.61	4193.57	-119.14	26.03	-99.14
2024-09-05T07:44:14	858.72	-490.96	4188.64	-119.34	25.84	-99.62
2024-09-05T07:44:16	857.02	-484.32	4183.70	-119.52	25.66	-100.09
2024-09-05T07:44:18	855.33	-477.68	4178.76	-119.70	25.47	-100.57
2024-09-05T07:44:20	853.63	-471.04	4173.81	-119.89	25.28	-101.04
2024-09-05T07:44:22	851.93	-464.40	4168.86	-120.10	25.10	-101.51
2024-09-05T07:44:24	850.23	-457.76	4163.90	-120.32	24.95	-101.94
2024-09-05T07:44:26	848.53	-451.11	4158.94	-120.50	24.80	-102.37
2024-09-05T07:44:28	846.83	-444.47	4153.97	-120.67	24.64	-102.81
2024-09-05T07:44:30	845.13	-437.82	4149.00	-120.83	24.48	-103.26
2024-09-05T07:44:32	843.42	-431.18	4144.03	-120.97	24.30	-103.73
2024-09-05T07:44:34	841.72	-424.53	4139.05	-121.11	24.12	-104.21
2024-09-05T07:44:36	840.01	-417.89	4134.06	-121.25	23.92	-104.70
2024-09-05T07:44:38	838.31	-411.24	4129.08	-121.39	23.73	-105.20
2024-09-05T07:44:40	836.60	-404.59	4124.08	-121.53	23.52	-105.72
2024-09-05T07:44:42	834.89	-397.94	4119.08	-121.72	23.33	-106.20
2024-09-05T07:44:44	833.18	-391.30	4114.08	-121.93	23.14	-106.68
2024-09-05T07:44:46	831.47	-384.65	4109.07	-122.15	22.93	-107.16
2024-09-05T07:44:48	829.76	-378.00	4104.05	-122.37	22.72	-107.66
2024-09-05T07:44:50	828.05	-371.35	4099.03	-122.58	22.51	-108.15
2024-09-05T07:44:52	826.33	-364.70	4094.01	-122.78	22.29	-108.65
2024-09-05T07:44:54	824.62	-358.05	4088.98	-122.98	22.07	-109.16
2024-09-05T07:44:56	822.90	-351.40	4083.95	-123.17	21.85	-109.68
2024-09-05T07:44:58	821.19	-344.75	4078.91	-123.35	21.63	-110.19
2024-09-05T07:45:00	819.47	-338.10	4073.87	-123.52	21.42	-110.65
2024-09-05T07:45:02	817.76	-331.44	4068.82	-123.68	21.23	-111.10
2024-09-05T07:45:04	816.04	-324.79	4063.77	-123.84	21.06	-111.55
2024-09-05T07:45:06	814.32	-318.14	4058.71	-123.99	20.89	-111.99
2024-09-05T07:45:08	812.60	-311.49	4053.65	-124.17	20.71	-112.48
2024-09-05T07:45:10	810.87	-304.83	4048.58	-124.36	20.53	-113.00
2024-09-05T07:45:12	809.15	-298.18	4043.51	-124.54	20.34	-113.52
2024-09-05T07:45:14	807.43	-291.52	4038.43	-124.73	20.14	-114.06
2024-09-05T07:45:16	805.70	-284.87	4033.34	-124.91	19.89	-114.60
2024-09-05T07:45:18	803.98	-278.21	4028.26	-125.09	19.60	-115.14
2024-09-05T07:45:20	802.25	-271.56	4023.16	-125.29	19.31	-115.67
2024-09-05T07:45:22	800.52	-264.90	4018.07	-125.49	19.01	-116.19
2024-09-05T07:45:24	798.80	-258.24	4012.96	-125.69	18.72	-116.70
2024-09-05T07:45:26	797.07	-251.59	4007.85	-125.90	18.41	-117.19
2024-09-05T07:45:28	795.34	-244.93	4002.74	-126.12	18.11	-117.69
2024-09-05T07:45:30	793.60	-238.27	3997.62	-126.35	17.82	-118.20
2024-09-05T07:45:32	791.87	-231.62	3992.49	-126.60	17.55	-118.74
2024-09-05T07:45:34	790.14	-224.96	3987.37	-126.83	17.32	-119.28
2024-09-05T07:45:36	788.40	-218.30	3982.23	-127.05	17.09	-119.81
2024-09-05T07:45:38	786.67	-211.64	3977.09	-127.27	16.85	-120.33
2024-09-05T07:45:40	784.93	-204.98	3971.95	-127.48	16.61	-120.85
2024-09-05T07:45:42	783.19	-198.32	3966.80	-127.69	16.35	-121.38
2024-09-05T07:45:44	781.45	-191.66	3961.64	-127.91	16.09	-121.90
2024-09-05T07:45:46	779.71	-185.01	3956.48	-128.12	15.83	-122.43
2024-09-05T07:45:48	777.97	-178.35	3951.31	-128.33	15.57	-122.96
2024-09-05T07:45:50	776.23	-171.69	3946.14	-128.53	15.29	-123.50
2024-09-05T07:45:52	774.49	-165.02	3940.97	-128.69	14.97	-124.06
2024-09-05T07:45:54	772.75	-158.37	3935.78	-128.85	14.63	-124.64
2024-09-05T07:45:56	771.00	-151.70	3930.60	-129.01	14.28	-125.23
2024-09-05T07:45:58	769.26	-145.04	3925.40	-129.16	13.93	-125.81
2024-09-05T07:46:00	767.51	-138.38	3920.20	-129.30	13.56	-126.40
2024-09-05T07:46:02	765.76	-131.72	3915.00	-129.43	13.19	-126.97
2024-09-05T07:46:04	764.01	-125.06	3909.79	-129.54	12.82	-127.54
2024-09-05T07:46:06	762.26	-118.40	3904.58	-129.65	12.43	-128.11
2024-09-05T07:46:08	760.51	-111.73	3899.36	-129.84	12.05	-128.65
2024-09-05T07:46:10	758.76	-105.07	3894.13	-130.06	11.66	-129.20
2024-09-05T07:46:12	757.01	-98.41	3888.90	-130.30	11.28	-129.75
2024-09-05T07:46:14	755.26	-91.75	3883.67	-130.57	10.89	-130.34
2024-09-05T07:46:16	753.50	-85.09	3878.42	-130.88	10.50	-130.95
2024-09-05T07:46:18	751.74	-78.42	3873.18	-131.16	10.10	-131.55
2024-09-05T07:46:20	749.99	-71.76	3867.92	-131.42	9.70	-132.15
2024-09-05T07:46:22	748.23	-65.10	3862.66	-131.67	9.30	-132.75
2024-09-05T07:46:24	746.47	-58.43	3857.40	-131.90	8.90	-133.34
2024-09-05T07:46:26	744.71	-51.77	3852.13	-132.12	8.52	-133.91
2024-09-05T07:46:28	742.95	-45.11	3846.85	-132.33	8.15	-134.48
2024-09-05T07:46:30	741.19	-38.44	3841.57	-132.54	7.77	-135.05
2024-09-05T07:46:32	739.42	-31.78	3836.29	-132.75	7.38	-135.64
2024-09-05T07:46:34	737.66	-25.12	3830.99	-132.95	7.00	-136.22
2024-09-05T07:46:36	735.89	-18.45	3825.70	-133.17	6.60	-136.84
2024-09-05T07:46:38	734.13	-11.79	3820.39	-133.40	6.19	-137.48
2024-09-05T07:46:40	732.36	-5.13	3815.08	-133.62	5.76	-138.11
2024-09-05T07:46:42	730.59	1.54	3809.77	-133.84	5.29	-138.72
2024-09-05T07:46:44	728.82	8.20	3804.45	-134.05	4.82	-139.33
2024-09-05T07:46:46	727.05	14.86	3799.12	-134.28	4.34	-139.94
2024-09-05T07:46:48	725.28	21.53	3793.79	-134.50	3.87	-140.54
2024-09-05T07:46:50	723.50	28.19	3788.45	-134.74	3.39	-141.15
2024-09-05T07:46:52	721.73	34.85	3783.10	-134.98	2.92	-141.75
2024-09-05T07:46:54	719.96	41.52	3777.75	-135.22	2.45	-142.34
2024-09-05T07:46:56	718.18	48.18	3772.40	-135.46	1.98	-142.94
2024-09-05T07:46:58	716.40	54.84	3767.04	-135.71	1.49	-143.57
2024-09-05T07:47:00	714.62	61.51	3761.67	-135.92	0.98	-144.18
2024-09-05T07:47:02	712.85	68.17	3756.29	-136.13	0.47	-144.80
2024-09-05T07:47:04	711.06	74.83	3750.92	-136.35	-0.05	-145.43
2024-09-05T07:47:06	709.28	81.50	3745.53	-136.56	-0.58	-146.07
2024-09-05T07:47:08	707.50	88.16	3740.14	-136.77	-1.11	-146.72
2024-09-05T07:47:10	705.72	94.82	3734.74	-137.00	-1.65	-147.39
2024-09-05T07:47:12	703.93	101.48	3729.34	-137.22	-2.19	-148.06
2024-09-05T07:47:14	702.14	108.15	3723.93	-137.45	-2.74	-148.75
2024-09-05T07:47:16	700.36	114.81	3718.51	-137.67	-3.28	-149.42
2024-09-05T07:47:18	698.57	121.47	3713.09	-137.88	-3.82	-150.07
2024-09-05T07:47:20	696.78	128.13	3707.67	-138.08	-4.36	-150.71
2024-09-05T07:47:22	694.99	134.79	3702.23	-138.28	-4.92	-151.35
2024-09-05T07:47:24	693.20	141.45	3696.79	-138.47	-5.48	-152.00
2024-09-05T07:47:26	691.41	148.12	3691.35	-138.65	-6.05	-152.64
2024-09-05T07:47:28	689.61	154.78	3685.89	-138.84	-6.63	-153.29
2024-09-05T07:47:30	687.82	161.44	3680.43	-139.01	-7.23	-153.94
2024-09-05T07:47:32	686.02	168.10	3674.97	-139.19	-7.83	-154.59
2024-09-05T07:47:34	684.22	174.76	3669.50	-139.38	-8.43	-155.21
2024-09-05T07:47:36	682.43	181.42	3664.02	-139.58	-9.04	-155.84
2024-09-05T07:47:38	680.63	188.08	3658.54	-139.79	-9.65	-156.47
2024-09-05T07:47:40	678.83	194.74	3653.05	-140.00	-10.28	-157.15
2024-09-05T07:47:42	677.02	201.40	3647.56	-140.21	-10.92	-157.83
2024-09-05T07:47:44	675.22	208.05	3642.06	-140.42	-11.57	-158.51
2024-09-05T07:47:46	673.42	214.71	3636.55	-140.62	-12.22	-159.19
2024-09-05T07:47:48	671.61	221.37	3631.03	-140.82	-12.88	-159.87
2024-09-05T07:47:50	669.81	228.03	3625.51	-141.02	-13.55	-160.54
2024-09-05T07:47:52	668.00	234.69	3619.99	-141.20	-14.21	-161.19
2024-09-05T07:47:54	666.19	241.34	3614.45	-141.39	-14.88	-161.83
2024-09-05T07:47:56	664.38	248.00	3608.92	-141.58	-15.56	-162.47
2024-09-05T07:47:58	662.57	254.66	3603.37	-141.76	-16.24	-163.11
2024-09-05T07:48:00	660.76	261.31	3597.82	-141.95	-16.94	-163.76
2024-09-05T07:48:02	658.95	267.97	3592.26	-142.15	-17.65	-164.43
2024-09-05T07:48:04	657.13	274.62	3586.69	-142.34	-18.37	-165.10
2024-09-05T07:48:06	655.32	281.27	3581.12	-142.52	-19.10	-165.76
2024-09-05T07:48:08	653.50	287.93	3575.54	-142.71	-19.84	-166.40
2024-09-05T07:48:10	651.68	294.58	3569.96	-142.91	-20.59	-167.04
2024-09-05T07:48:12	649.86	301.23	3564.37	-143.10	-21.35	-167.67
2024-09-05T07:48:14	648.04	307.88	3558.77	-143.30	-22.11	-168.30
2024-09-05T07:48:16	646.22	314.54	3553.17	-143.50	-22.88	-168.94
2024-09-05T07:48:18	644.40	321.19	3547.56	-143.71	-23.66	-169.57
2024-09-05T07:48:20	642.58	327.84	3541.94	-143.92	-24.43	-170.22
2024-09-05T07:48:22	640.75	334.49	3536.31	-144.13	-25.23	-170.92
2024-09-05T07:48:24	638.93	341.14	3530.68	-144.33	-26.03	-171.61
2024-09-05T07:48:26	637.10	347.78	3525.05	-144.50	-26.81	-172.27
2024-09-05T07:48:28	635.27	354.43	3519.40	-144.67	-27.60	-172.92
2024-09-05T07:48:30	633.44	361.08	3513.75	-144.84	-28.40	-173.58
2024-09-05T07:48:32	631.61	367.73	3508.09	-145.00	-29.22	-174.23
2024-09-05T07:48:34	629.78	374.37	3502.43	-145.16	-30.04	-174.87
2024-09-05T07:48:36	627.95	381.02	3496.76	-145.32	-30.88	-175.52
2024-09-05T07:48:38	626.11	387.66	3491.08	-145.48	-31.72	-176.17
2024-09-05T07:48:40	624.28	394.30	3485.40	-145.64	-32.58	-176.82
2024-09-05T07:48:42	622.44	400.95	3479.71	-145.84	-33.46	-177.49
2024-09-05T07:48:44	620.60	407.59	3474.01	-146.06	-34.35	-178.12
2024-09-05T07:48:46	618.76	414.23	3468.30	-146.27	-35.25	-178.76
2024-09-05T07:48:48	616.93	420.87	3462.59	-146.48	-36.16	-179.39
2024-09-05T07:48:50	615.08	427.51	3456.87	-146.68	-37.08	-180.03
2024-09-05T07:48:52	613.24	434.15	3451.15	-146.88	-38.01	-180.67
2024-09-05T07:48:54	611.40	440.79	3445.42	-147.07	-38.95	-181.31
2024-09-05T07:48:56	609.55	447.42	3439.68	-147.26	-39.90	-181.96
2024-09-05T07:48:58	607.71	454.06	3433.93	-147.45	-40.85	-182.61
2024-09-05T07:49:00	605.86	460.69	3428.18	-147.59	-41.78	-183.22
2024-09-05T07:49:02	604.01	467.33	3422.42	-147.77	-42.73	-183.86
2024-09-05T07:49:04	602.16	473.96	3416.65	-147.95	-43.69	-184.49
2024-09-05T07:49:06	600.31	480.59	3410.88	-148.12	-44.66	-185.11
2024-09-05T07:49:08	598.46	487.22	3405.10	-148.28	-45.65	-185.72
2024-09-05T07:49:10	596.61	493.86	3399.31	-148.45	-46.65	-186.31
2024-09-05T07:49:12	594.75	500.49	3393.51	-148.61	-47.67	-186.90
2024-09-05T07:49:14	592.90	507.11	3387.71	-148.77	-48.69	-187.48
2024-09-05T07:49:16	591.04	513.74	3381.90	-148.93	-49.72	-188.04
2024-09-05T07:49:18	589.18	520.37	3376.08	-149.09	-50.70	-188.58
2024-09-05T07:49:20	587.33	526.99	3370.26	-149.25	-51.69	-189.13
2024-09-05T07:49:22	585.46	533.62	3364.43	-149.44	-52.70	-189.76
2024-09-05T07:49:24	583.60	540.24	3358.59	-149.63	-53.73	-190.38
2024-09-05T07:49:26	581.74	546.86	3352.75	-149.81	-54.78	-191.00
2024-09-05T07:49:28	579.88	553.48	3346.89	-149.98	-55.84	-191.60
2024-09-05T07:49:30	578.01	560.10	3341.04	-150.14	-56.92	-192.20
2024-09-05T07:49:32	576.14	566.72	3335.17	-150.30	-58.01	-192.79
2024-09-05T07:49:34	574.28	573.33	3329.29	-150.44	-59.10	-193.34
2024-09-05T07:49:36	572.41	579.95	3323.41	-150.57	-60.20	-193.88
2024-09-05T07:49:38	570.54	586.56	3317.52	-150.70	-61.30	-194.40
2024-09-05T07:49:40	568.66	593.18	3311.63	-150.83	-62.43	-194.93
2024-09-05T07:49:42	566.79	599.79	3305.72	-150.97	-63.59	-195.49
2024-09-05T07:49:44	564.92	606.40	3299.81	-151.11	-64.77	-196.05
2024-09-05T07:49:46	563.04	613.01	3293.90	-151.24	-65.95	-196.60
2024-09-05T07:49:48	561.17	619.62	3287.97	-151.37	-67.14	-197.14
2024-09-05T07:49:50	559.29	626.22	3282.04	-151.50	-68.33	-197.68
2024-09-05T07:49:52	557.41	632.83	3276.10	-151.60	-69.50	-198.16
2024-09-05T07:49:54	555.53	639.43	3270.15	-151.69	-70.67	-198.63
2024-09-05T07:49:56	553.65	646.03	3264.19	-151.77	-71.86	-199.10
2024-09-05T07:49:58	551.77	652.63	3258.23	-151.85	-73.05	-199.56
2024-09-05T07:50:00	549.88	659.23	3252.26	-151.96	-74.30	-200.06
2024-09-05T07:50:02	548.00	665.83	3246.28	-152.08	-75.58	-200.58
2024-09-05T07:50:04	546.11	672.43	3240.30	-152.19	-76.88	-201.09
2024-09-05T07:50:06	544.22	679.02	3234.30	-152.30	-78.18	-201.58
2024-09-05T07:50:08	542.34	685.61	3228.30	-152.40	-79.47	-202.06
2024-09-05T07:50:10	540.45	692.21	3222.30	-152.47	-80.73	-202.52
2024-09-05T07:50:12	538.56	698.79	3216.28	-152.52	-81.98	-202.96
2024-09-05T07:50:14	536.66	705.38	3210.25	-152.56	-83.25	-203.40
2024-09-05T07:50:16	534.77	711.97	3204.23	-152.59	-84.51	-203.83
2024-09-05T07:50:18	532.87	718.55	3198.19	-152.61	-85.79	-204.26
2024-09-05T07:50:20	530.98	725.14	3192.14	-152.64	-87.13	-204.71
2024-09-05T07:50:22	529.08	731.72	3186.09	-152.66	-88.47	-205.13
2024-09-05T07:50:24	527.18	738.30	3180.02	-152.68	-89.82	-205.55
2024-09-05T07:50:26	525.28	744.88	3173.95	-152.72	-91.17	-205.97
2024-09-05T07:50:28	523.38	751.45	3167.88	-152.76	-92.51	-206.40
2024-09-05T07:50:30	521.48	758.03	3161.79	-152.80	-93.86	-206.82
2024-09-05T07:50:32	519.58	764.60	3155.70	-152.84	-95.22	-207.24
2024-09-05T07:50:34	517.67	771.17	3149.60	-152.89	-96.60	-207.65
2024-09-05T07:50:36	515.76	777.74	3143.49	-152.93	-97.99	-208.06
2024-09-05T07:50:38	513.86	784.30	3137.37	-152.99	-99.43	-208.50
2024-09-05T07:50:40	511.95	790.87	3131.25	-153.06	-100.89	-208.93
2024-09-05T07:50:42	510.04	797.43	3125.11	-153.11	-102.36	-209.33
2024-09-05T07:50:44	508.13	803.99	3118.97	-153.17	-103.79	-209.65
2024-09-05T07:50:46	506.21	810.55	3112.83	-153.21	-105.22	-209.96
2024-09-05T07:50:48	504.30	817.10	3106.67	-153.26	-106.67	-210.25
2024-09-05T07:50:50	502.38	823.66	3100.51	-153.30	-108.12	-210.53
2024-09-05T07:50:52	500.47	830.21	3094.33	-153.33	-109.59	-210.80
2024-09-05T07:50:54	498.55	836.76	3088.15	-153.36	-111.07	-211.04
2024-09-05T07:50:56	496.63	843.31	3081.97	-153.40	-112.60	-211.32
2024-09-05T07:50:58	494.71	849.85	3075.77	-153.46	-114.17	-211.62
2024-09-05T07:51:00	492.79	856.40	3069.56	-153.50	-115.73	-211.88
2024-09-05T07:51:02	490.87	862.94	3063.35	-153.50	-117.23	-212.10
2024-09-05T07:51:04	488.94	869.48	3057.13	-153.50	-118.74	-212.30
2024-09-05T07:51:06	487.02	876.01	3050.91	-153.49	-120.27	-212.49
2024-09-05T07:51:08	485.09	882.55	3044.67	-153.47	-121.82	-212.65
2024-09-05T07:51:10	483.17	889.08	3038.42	-153.44	-123.38	-212.81
2024-09-05T07:51:12	481.24	895.61	3032.17	-153.40	-124.97	-212.94
2024-09-05T07:51:14	479.31	902.14	3025.91	-153.37	-126.59	-213.08
2024-09-05T07:51:16	477.38	908.66	3019.64	-153.35	-128.28	-213.25
2024-09-05T07:51:18	475.44	915.18	3013.36	-153.31	-129.92	-213.40
2024-09-05T07:51:20	473.51	921.70	3007.08	-153.25	-131.49	-213.53
2024-09-05T07:51:22	471.57	928.22	3000.78	-153.17	-133.06	-213.63
2024-09-05T07:51:24	469.64	934.73	2994.48	-153.08	-134.64	-213.72
2024-09-05T07:51:26	467.70	941.25	2988.17	-152.99	-136.24	-213.79
2024-09-05T07:51:28	465.76	947.76	2981.85	-152.89	-137.84	-213.83
2024-09-05T07:51:30	463.82	954.26	2975.52	-152.78	-139.45	-213.86
2024-09-05T07:51:32	461.88	960.77	2969.19	-152.68	-141.10	-213.89
2024-09-05T07:51:34	459.94	967.27	2962.85	-152.59	-142.84	-213.94
2024-09-05T07:51:36	457.99	973.77	2956.49	-152.51	-144.55	-213.96
2024-09-05T07:51:38	456.05	980.27	2950.13	-152.43	-146.24	-213.94
2024-09-05T07:51:40	454.10	986.76	2943.76	-152.35	-147.93	-213.91
2024-09-05T07:51:42	452.15	993.25	2937.39	-152.25	-149.62	-213.86
2024-09-05T07:51:44	450.20	999.74	2931.00	-152.16	-151.31	-213.78
2024-09-05T07:51:46	448.25	1006.22	2924.61	-152.05	-153.01	-213.68
2024-09-05T07:51:48	446.30	1012.70	2918.21	-151.94	-154.71	-213.56
2024-09-05T07:51:50	444.35	1019.18	2911.80	-151.84	-156.44	-213.43
2024-09-05T07:51:52	442.39	1025.66	2905.38	-151.77	-158.26	-213.33
2024-09-05T07:51:54	440.44	1032.13	2898.95	-151.68	-159.99	-213.20
2024-09-05T07:51:56	438.48	1038.60	2892.51	-151.58	-161.71	-213.06
2024-09-05T07:51:58	436.52	1045.07	2886.07	-151.47	-163.43	-212.89
2024-09-05T07:52:00	434.56	1051.53	2879.61	-151.34	-165.15	-212.70
2024-09-05T07:52:02	432.60	1057.99	2873.15	-151.20	-166.87	-212.49
2024-09-05T07:52:04	430.64	1064.45	2866.68	-151.05	-168.59	-212.25
2024-09-05T07:52:06	428.68	1070.90	2860.20	-150.88	-170.30	-211.98
2024-09-05T07:52:08	426.71	1077.36	2853.71	-150.72	-172.06	-211.72
2024-09-05T07:52:10	424.75	1083.80	2847.22	-150.58	-173.88	-211.47
2024-09-05T07:52:12	422.78	1090.25	2840.71	-150.44	-175.65	-211.22
2024-09-05T07:52:14	420.81	1096.69	2834.20	-150.30	-177.42	-210.94
2024-09-05T07:52:16	418.85	1103.13	2827.68	-150.15	-179.19	-210.64
2024-09-05T07:52:18	416.87	1109.56	2821.15	-149.99	-180.97	-210.32
2024-09-05T07:52:20	414.90	1115.99	2814.61	-149.81	-182.73	-209.95
2024-09-05T07:52:22	412.93	1122.42	2808.06	-149.63	-184.50	-209.56
2024-09-05T07:52:24	410.96	1128.85	2801.50	-149.44	-186.26	-209.14
2024-09-05T07:52:26	408.98	1135.27	2794.94	-149.27	-188.09	-208.69
2024-09-05T07:52:28	407.00	1141.69	2788.36	-149.11	-189.92	-208.22
2024-09-05T07:52:30	405.03	1148.10	2781.78	-148.93	-191.62	-207.75
2024-09-05T07:52:32	403.05	1154.51	2775.19	-148.73	-193.33	-207.25
2024-09-05T07:52:34	401.07	1160.92	2768.59	-148.52	-195.04	-206.74
2024-09-05T07:52:36	399.08	1167.32	2761.98	-148.29	-196.74	-206.21
2024-09-05T07:52:38	397.10	1173.72	2755.36	-148.05	-198.45	-205.66
2024-09-05T07:52:40	395.12	1180.11	2748.73	-147.79	-200.15	-205.08
2024-09-05T07:52:42	393.13	1186.51	2742.10	-147.53	-201.85	-204.49
2024-09-05T07:52:44	391.14	1192.89	2735.45	-147.29	-203.71	-203.91
2024-09-05T07:52:46	389.16	1199.28	2728.80	-147.04	-205.54	-203.30
2024-09-05T07:52:48	387.17	1205.66	2722.13	-146.81	-207.30	-202.70
2024-09-05T07:52:50	385.18	1212.03	2715.46	-146.57	-209.07	-202.07
2024-09-05T07:52:52	383.18	1218.41	2708.78	-146.33	-210.83	-201.42
2024-09-05T07:52:54	381.19	1224.78	2702.10	-146.09	-212.59	-200.74
2024-09-05T07:52:56	379.20	1231.14	2695.40	-145.84	-214.36	-200.03
2024-09-05T07:52:58	377.20	1237.50	2688.69	-145.59	-216.13	-199.30
2024-09-05T07:53:00	375.21	1243.86	2681.97	-145.36	-217.95	-198.54
2024-09-05T07:53:02	373.21	1250.21	2675.25	-145.17	-219.83	-197.76
2024-09-05T07:53:04	371.21	1256.56	2668.52	-144.98	-221.68	-196.95
2024-09-05T07:53:06	369.21	1262.90	2661.77	-144.77	-223.43	-196.15
2024-09-05T07:53:08	367.21	1269.24	2655.02	-144.53	-225.16	-195.32
2024-09-05T07:53:10	365.21	1275.57	2648.26	-144.27	-226.88	-194.47
2024-09-05T07:53:12	363.20	1281.91	2641.49	-143.99	-228.57	-193.60
2024-09-05T07:53:14	361.20	1288.23	2634.71	-143.68	-230.25	-192.70
2024-09-05T07:53:16	359.19	1294.55	2627.93	-143.33	-231.90	-191.78
2024-09-05T07:53:18	357.18	1300.87	2621.13	-142.95	-233.64	-190.80
2024-09-05T07:53:20	355.18	1307.18	2614.33	-142.55	-235.37	-189.78
2024-09-05T07:53:22	353.17	1313.49	2607.51	-142.13	-237.07	-188.75
2024-09-05T07:53:24	351.16	1319.80	2600.69	-141.72	-238.70	-187.76
2024-09-05T07:53:26	349.14	1326.10	2593.85	-141.29	-240.32	-186.75
2024-09-05T07:53:28	347.13	1332.39	2587.01	-140.86	-241.92	-185.70
2024-09-05T07:53:30	345.12	1338.68	2580.16	-140.41	-243.51	-184.61
2024-09-05T07:53:32	343.10	1344.97	2573.30	-139.96	-245.09	-183.50
2024-09-05T07:53:34	341.08	1351.25	2566.43	-139.51	-246.77	-182.34
2024-09-05T07:53:36	339.06	1357.52	2559.56	-139.07	-248.52	-181.16
2024-09-05T07:53:38	337.05	1363.79	2552.67	-138.60	-250.24	-179.94
2024-09-05T07:53:40	335.03	1370.06	2545.77	-138.13	-251.95	-178.70
2024-09-05T07:53:42	333.00	1376.32	2538.87	-137.66	-253.58	-177.51
2024-09-05T07:53:44	330.98	1382.58	2531.95	-137.19	-255.19	-176.28
2024-09-05T07:53:46	328.96	1388.83	2525.03	-136.71	-256.77	-175.02
2024-09-05T07:53:48	326.93	1395.08	2518.10	-136.22	-258.33	-173.73
2024-09-05T07:53:50	324.91	1401.32	2511.16	-135.74	-259.92	-172.40
2024-09-05T07:53:52	322.88	1407.56	2504.21	-135.28	-261.62	-171.03
2024-09-05T07:53:54	320.85	1413.79	2497.24	-134.81	-263.30	-169.63
2024-09-05T07:53:56	318.82	1420.01	2490.28	-134.32	-264.97	-168.21
2024-09-05T07:53:58	316.79	1426.23	2483.30	-133.81	-266.62	-166.77
2024-09-05T07:54:00	314.76	1432.45	2476.31	-133.31	-268.18	-165.39
2024-09-05T07:54:02	312.73	1438.66	2469.31	-132.81	-269.70	-164.00
2024-09-05T07:54:04	310.69	1444.87	2462.31	-132.29	-271.18	-162.57
2024-09-05T07:54:06	308.66	1451.07	2455.29	-131.76	-272.64	-161.10
2024-09-05T07:54:08	306.62	1457.26	2448.27	-131.22	-274.17	-159.52
2024-09-05T07:54:10	304.58	1463.45	2441.24	-130.66	-275.66	-157.91
2024-09-05T07:54:12	302.54	1469.63	2434.20	-130.09	-277.13	-156.27
2024-09-05T07:54:14	300.50	1475.81	2427.14	-129.50	-278.55	-154.56
2024-09-05T07:54:16	298.46	1481.98	2420.08	-128.90	-279.95	-152.82
2024-09-05T07:54:18	296.42	1488.15	2413.01	-128.31	-281.30	-151.15
2024-09-05T07:54:20	294.38	1494.31	2405.93	-127.72	-282.64	-149.50
2024-09-05T07:54:22	292.33	1500.47	2398.84	-127.13	-283.97	-147.82
2024-09-05T07:54:24	290.29	1506.61	2391.75	-126.60	-285.44	-146.04
2024-09-05T07:54:26	288.24	1512.76	2384.64	-126.05	-286.87	-144.23
2024-09-05T07:54:28	286.19	1518.90	2377.52	-125.49	-288.27	-142.39
2024-09-05T07:54:30	284.15	1525.03	2370.40	-124.92	-289.63	-140.53
2024-09-05T07:54:32	282.10	1531.16	2363.27	-124.34	-290.96	-138.63
2024-09-05T07:54:34	280.05	1537.28	2356.12	-123.75	-292.25	-136.70
2024-09-05T07:54:36	277.99	1543.39	2348.97	-123.15	-293.51	-134.80
2024-09-05T07:54:38	275.94	1549.50	2341.81	-122.56	-294.71	-132.95
2024-09-05T07:54:40	273.89	1555.60	2334.64	-121.96	-295.99	-131.01
2024-09-05T07:54:42	271.83	1561.70	2327.46	-121.35	-297.23	-129.05
2024-09-05T07:54:44	269.78	1567.79	2320.27	-120.73	-298.45	-127.06
2024-09-05T07:54:46	267.72	1573.87	2313.07	-120.10	-299.63	-125.05
2024-09-05T07:54:48	265.66	1579.95	2305.86	-119.45	-300.79	-123.02
2024-09-05T07:54:50	263.60	1586.02	2298.65	-118.78	-301.92	-120.96
2024-09-05T07:54:52	261.54	1592.08	2291.42	-118.11	-303.01	-118.88
2024-09-05T07:54:54	259.48	1598.14	2284.18	-117.42	-304.08	-116.76
2024-09-05T07:54:56	257.42	1604.20	2276.94	-116.81	-305.08	-114.51
2024-09-05T07:54:58	255.36	1610.24	2269.69	-116.21	-306.06	-112.24
2024-09-05T07:55:00	253.29	1616.28	2262.42	-115.61	-307.01	-109.93
2024-09-05T07:55:02	251.23	1622.31	2255.15	-115.02	-307.93	-107.61
2024-09-05T07:55:04	249.16	1628.34	2247.87	-114.44	-308.83	-105.25
2024-09-05T07:55:06	247.09	1634.36	2240.58	-113.86	-309.70	-102.87
2024-09-05T07:55:08	245.03	1640.37	2233.28	-113.30	-310.54	-100.46
2024-09-05T07:55:10	242.96	1646.38	2225.97	-112.73	-311.32	-97.97
2024-09-05T07:55:12	240.89	1652.38	2218.66	-112.19	-312.05	-95.30
2024-09-05T07:55:14	238.82	1658.37	2211.33	-111.65	-312.73	-92.68
2024-09-05T07:55:16	236.75	1664.35	2203.99	-111.13	-313.38	-90.13
2024-09-05T07:55:18	234.67	1670.33	2196.65	-110.62	-314.01	-87.55
2024-09-05T07:55:20	232.60	1676.30	2189.29	-110.11	-314.63	-84.96
2024-09-05T07:55:22	230.52	1682.27	2181.93	-109.60	-315.23	-82.36
2024-09-05T07:55:24	228.45	1688.23	2174.56	-109.10	-315.81	-79.74
2024-09-05T07:55:26	226.37	1694.18	2167.18	-108.65	-316.38	-77.03
2024-09-05T07:55:28	224.29	1700.12	2159.79	-108.29	-316.93	-74.20
2024-09-05T07:55:30	222.22	1706.06	2152.39	-107.91	-317.43	-71.36
2024-09-05T07:55:32	220.14	1711.99	2144.98	-107.51	-317.88	-68.51
2024-09-05T07:55:34	218.06	1717.91	2137.56	-107.13	-318.28	-65.82
2024-09-05T07:55:36	215.98	1723.83	2130.13	-106.74	-318.65	-63.16
2024-09-05T07:55:38	213.89	1729.74	2122.70	-106.33	-318.99	-60.51
2024-09-05T07:55:40	211.81	1735.64	2115.25	-105.90	-319.31	-57.88
2024-09-05T07:55:42	209.73	1741.53	2107.80	-105.31	-319.67	-55.23
2024-09-05T07:55:44	207.64	1747.41	2100.34	-104.62	-320.03	-52.57
2024-09-05T07:55:46	205.56	1753.29	2092.87	-103.91	-320.35	-49.94
2024-09-05T07:55:48	203.47	1759.16	2085.39	-103.18	-320.65	-47.32
2024-09-05T07:55:50	201.38	1765.03	2077.89	-102.41	-320.92	-44.73
2024-09-05T07:55:52	199.30	1770.88	2070.40	-101.62	-321.17	-42.18
2024-09-05T07:55:54	197.21	1776.73	2062.89	-100.79	-321.49	-39.79
2024-09-05T07:55:56	195.12	1782.57	2055.37	-99.92	-321.79	-37.42
2024-09-05T07:55:58	193.03	1788.40	2047.85	-98.68	-322.26	-35.07
2024-09-05T07:56:00	190.93	1794.23	2040.31	-97.40	-322.66	-32.73
2024-09-05T07:56:02	188.84	1800.04	2032.77	-96.10	-322.98	-30.43
2024-09-05T07:56:04	186.75	1805.85	2025.22	-94.71	-323.18	-28.14
2024-09-05T07:56:06	184.66	1811.65	2017.66	-93.27	-323.29	-25.87
2024-09-05T07:56:08	182.56	1817.45	2010.09	-91.77	-323.33	-23.61
2024-09-05T07:56:10	180.47	1823.23	2002.51	-90.24	-323.32	-21.37
2024-09-05T07:56:12	178.37	1829.01	1994.92	-88.67	-323.29	-19.11
2024-09-05T07:56:14	176.28	1834.78	1987.32	-87.16	-323.34	-16.89
2024-09-05T07:56:16	174.18	1840.54	1979.72	-85.69	-323.36	-14.67
2024-09-05T07:56:18	172.08	1846.29	1972.10	-84.23	-323.35	-12.46
2024-09-05T07:56:20	169.98	1852.04	1964.48	-82.77	-323.28	-10.25
2024-09-05T07:56:22	167.88	1857.77	1956.85	-81.32	-323.17	-8.05
2024-09-05T07:56:24	165.78	1863.50	1949.21	-79.86	-323.00	-5.84
2024-09-05T07:56:26	163.68	1869.22	1941.56	-78.37	-322.75	-3.62
2024-09-05T07:56:28	161.58	1874.93	1933.90	-76.98	-322.36	-1.32
2024-09-05T07:56:30	159.48	1880.63	1926.24	-75.54	-321.97	1.00
2024-09-05T07:56:32	157.37	1886.33	1918.56	-74.06	-321.59	3.27
2024-09-05T07:56:34	155.27	1892.02	1910.88	-72.61	-321.18	5.45
2024-09-05T07:56:36	153.16	1897.69	1903.19	-71.25	-320.71	7.63
2024-09-05T07:56:38	151.06	1903.36	1895.48	-69.96	-320.18	9.79
2024-09-05T07:56:40	148.95	1909.02	1887.77	-68.74	-319.59	11.93
2024-09-05T07:56:42	146.84	1914.67	1880.06	-67.79	-319.02	14.27
2024-09-05T07:56:44	144.74	1920.32	1872.33	-67.01	-318.52	16.79
2024-09-05T07:56:46	142.63	1925.95	1864.60	-66.22	-318.04	19.28
2024-09-05T07:56:48	140.52	1931.58	1856.85	-65.41	-317.59	21.75
2024-09-05T07:56:50	138.41	1937.19	1849.10	-64.57	-317.15	24.19
2024-09-05T07:56:52	136.30	1942.80	1841.34	-63.72	-316.75	26.57
2024-09-05T07:56:54	134.19	1948.40	1833.57	-62.88	-316.31	28.87
2024-09-05T07:56:56	132.08	1953.99	1825.79	-62.11	-315.69	31.24
2024-09-05T07:56:58	129.97	1959.57	1818.01	-61.74	-314.70	34.11
2024-09-05T07:57:00	127.86	1965.14	1810.21	-61.39	-313.67	37.02
2024-09-05T07:57:02	125.75	1970.71	1802.41	-61.06	-312.62	39.90
2024-09-05T07:57:04	123.63	1976.26	1794.60	-60.74	-311.55	42.76
2024-09-05T07:57:06	121.52	1981.80	1786.78	-60.42	-310.46	45.59
2024-09-05T07:57:08	119.41	1987.34	1778.96	-60.10	-309.33	48.39
2024-09-05T07:57:10	117.29	1992.87	1771.12	-59.78	-308.17	51.16
2024-09-05T07:57:12	115.18	1998.38	1763.28	-59.34	-306.83	53.83
2024-09-05T07:57:14	113.06	2003.89	1755.42	-58.84	-305.65	56.35
2024-09-05T07:57:16	110.94	2009.39	1747.56	-58.34	-304.45	58.86
2024-09-05T07:57:18	108.83	2014.88	1739.70	-57.86	-303.23	61.35
2024-09-05T07:57:20	106.71	2020.36	1731.82	-57.38	-301.99	63.84
2024-09-05T07:57:22	104.59	2025.83	1723.94	-56.91	-300.71	66.31
2024-09-05T07:57:24	102.48	2031.29	1716.04	-56.45	-299.41	68.78
2024-09-05T07:57:26	100.35	2036.75	1708.14	-55.89	-298.03	71.33
2024-09-05T07:57:28	98.24	2042.19	1700.24	-55.26	-296.57	73.91
2024-09-05T07:57:30	96.12	2047.62	1692.32	-54.64	-295.07	76.46
2024-09-05T07:57:32	94.00	2053.04	1684.39	-54.01	-293.50	78.98
2024-09-05T07:57:34	91.88	2058.46	1676.46	-53.40	-291.98	81.43
2024-09-05T07:57:36	89.76	2063.86	1668.52	-52.80	-290.54	83.79
2024-09-05T07:57:38	87.64	2069.25	1660.57	-52.21	-289.07	86.12
2024-09-05T07:57:40	85.51	2074.64	1652.62	-51.59	-287.58	88.49
2024-09-05T07:57:42	83.39	2080.01	1644.66	-50.90	-286.04	90.99
2024-09-05T07:57:44	81.27	2085.38	1636.68	-50.21	-284.43	93.48
2024-09-05T07:57:46	79.15	2090.73	1628.70	-49.52	-282.76	95.96
2024-09-05T07:57:48	77.02	2096.08	1620.72	-48.83	-281.02	98.43
2024-09-05T07:57:50	74.90	2101.41	1612.72	-48.14	-279.21	100.90
2024-09-05T07:57:52	72.78	2106.74	1604.72	-47.47	-277.33	103.35
2024-09-05T07:57:54	70.65	2112.05	1596.71	-46.79	-275.36	105.80
2024-09-05T07:57:56	68.53	2117.36	1588.69	-46.18	-273.57	108.28
2024-09-05T07:57:58	66.40	2122.65	1580.67	-45.59	-271.78	110.70
2024-09-05T07:58:00	64.28	2127.94	1572.64	-45.02	-269.95	113.08
2024-09-05T07:58:02	62.15	2133.21	1564.60	-44.46	-268.08	115.40
2024-09-05T07:58:04	60.03	2138.48	1556.55	-43.92	-266.17	117.68
2024-09-05T07:58:06	57.90	2143.73	1548.49	-43.38	-264.22	119.92
2024-09-05T07:58:08	55.78	2148.98	1540.43	-42.84	-262.22	122.11
2024-09-05T07:58:10	53.65	2154.21	1532.36	-42.04	-260.08	124.33
2024-09-05T07:58:12	51.53	2159.43	1524.29	-41.26	-257.94	126.47
2024-09-05T07:58:14	49.40	2164.65	1516.20	-40.50	-255.81	128.54
2024-09-05T07:58:16	47.27	2169.85	1508.11	-39.76	-253.66	130.51
2024-09-05T07:58:18	45.14	2175.05	1500.01	-39.10	-251.67	132.38
2024-09-05T07:58:20	43.02	2180.23	1491.91	-38.50	-249.67	134.21
2024-09-05T07:58:22	40.89	2185.40	1483.80	-37.96	-247.64	136.01
2024-09-05T07:58:24	38.76	2190.56	1475.68	-37.41	-245.36	138.01
2024-09-05T07:58:26	36.63	2195.71	1467.55	-36.85	-243.07	139.90
2024-09-05T07:58:28	34.51	2200.85	1459.42	-36.27	-240.74	141.69
2024-09-05T07:58:30	32.38	2205.98	1451.28	-35.67	-238.38	143.36
2024-09-05T07:58:32	30.25	2211.10	1443.13	-35.07	-235.99	144.90
2024-09-05T07:58:34	28.12	2216.21	1434.97	-34.45	-233.55	146.31
2024-09-05T07:58:36	26.00	2221.31	1426.81	-33.83	-231.07	147.56
2024-09-05T07:58:38	23.87	2226.40	1418.64	-33.45	-228.86	149.20
2024-09-05T07:58:40	21.74	2231.48	1410.47	-33.03	-227.02	150.93
2024-09-05T07:58:42	19.61	2236.54	1402.29	-32.59	-225.22	152.55
2024-09-05T07:58:44	17.48	2241.60	1394.10	-32.14	-223.36	154.04
2024-09-05T07:58:46	15.35	2246.64	1385.90	-31.66	-221.39	155.44
2024-09-05T07:58:48	13.22	2251.68	1377.70	-31.18	-219.32	156.75
2024-09-05T07:58:50	11.09	2256.70	1369.49	-30.68	-217.18	157.93
2024-09-05T07:58:52	8.97	2261.71	1361.28	-30.37	-214.88	158.87
2024-09-05T07:58:54	6.84	2266.72	1353.06	-30.16	-212.79	159.89
2024-09-05T07:58:56	4.71	2271.71	1344.83	-30.05	-210.87	160.97
2024-09-05T07:58:58	2.58	2276.69	1336.59	-30.04	-209.10	162.09
2024-09-05T07:59:00	0.45	2281.66	1328.35	-30.12	-207.46	163.23
2024-09-05T07:59:02	-1.68	2286.62	1320.11	-30.17	-205.77	164.46
2024-09-05T07:59:04	-3.81	2291.57	1311.85	-30.02	-203.84	165.73
2024-09-05T07:59:06	-5.94	2296.50	1303.59	-29.33	-201.29	166.77
2024-09-05T07:59:08	-8.06	2301.43	1295.33	-28.74	-198.87	167.85
2024-09-05T07:59:10	-10.19	2306.34	1287.05	-28.25	-196.54	168.98
2024-09-05T07:59:12	-12.32	2311.25	1278.77	-27.82	-194.28	170.12
2024-09-05T07:59:14	-14.45	2316.14	1270.49	-27.45	-192.08	171.26
2024-09-05T07:59:16	-16.58	2321.02	1262.20	-27.13	-189.91	172.40
2024-09-05T07:59:18	-18.71	2325.89	1253.90	-26.86	-187.68	173.59
2024-09-05T07:59:20	-20.84	2330.75	1245.60	-26.77	-184.99	175.05
2024-09-05T07:59:22	-22.96	2335.60	1237.29	-26.75	-182.15	176.34
2024-09-05T07:59:24	-25.09	2340.43	1228.98	-26.82	-179.17	177.47
2024-09-05T07:59:26	-27.22	2345.26	1220.66	-26.77	-176.51	178.62
2024-09-05T07:59:28	-29.35	2350.07	1212.33	-26.65	-174.10	179.79
2024-09-05T07:59:30	-31.47	2354.88	1204.00	-26.49	-171.82	180.94
2024-09-05T07:59:32	-33.60	2359.67	1195.66	-26.36	-169.79	182.10
2024-09-05T07:59:34	-35.73	2364.45	1187.32	-26.36	-168.06	183.22
2024-09-05T07:59:36	-37.85	2369.22	1178.97	-26.34	-166.20	184.18
2024-09-05T07:59:38	-39.98	2373.98	1170.61	-26.33	-164.20	185.01
2024-09-05T07:59:40	-42.11	2378.73	1162.25	-26.30	-162.03	185.69
2024-09-05T07:59:42	-44.23	2383.47	1153.89	-26.25	-159.71	186.26
2024-09-05T07:59:44	-46.36	2388.19	1145.52	-26.16	-157.28	186.70
2024-09-05T07:59:46	-48.49	2392.90	1137.14	-25.94	-154.91	187.03
2024-09-05T07:59:48	-50.61	2397.61	1128.76	-25.63	-152.83	187.38
2024-09-05T07:59:50	-52.74	2402.29	1120.37	-25.28	-150.79	188.10
2024-09-05T07:59:52	-54.86	2406.97	1111.98	-24.88	-148.69	188.90
2024-09-05T07:59:54	-56.99	2411.64	1103.58	-24.47	-146.54	189.66
2024-09-05T07:59:56	-59.11	2416.30	1095.18	-24.03	-144.34	190.38
2024-09-05T07:59:58	-61.23	2420.95	1086.77	-23.57	-142.10	191.06
2024-09-05T08:00:00	-63.36	2425.58	1078.36	-22.80	-139.60	191.73
2024-09-05T08:00:02	-65.48	2430.20	1069.94	-21.95	-137.02	192.38
2024-09-05T08:00:04	-67.61	2434.81	1061.51	-21.17	-134.50	193.01
2024-09-05T08:00:06	-69.73	2439.41	1053.08	-20.45	-132.04	193.60
2024-09-05T08:00:08	-71.85	2444.00	1044.65	-19.79	-129.61	194.17
2024-09-05T08:00:10	-73.97	2448.58	1036.21	-19.17	-127.22	194.70
2024-09-05T08:00:12	-76.09	2453.14	1027.77	-18.58	-124.84	195.21
2024-09-05T08:00:14	-78.22	2457.70	1019.32	-18.17	-122.35	195.45
2024-09-05T08:00:16	-80.34	2462.24	1010.87	-17.88	-119.98	195.62
2024-09-05T08:00:18	-82.46	2466.77	1002.41	-17.63	-117.65	195.84
2024-09-05T08:00:20	-84.58	2471.29	993.95	-17.40	-115.38	196.14
2024-09-05T08:00:22	-86.70	2475.80	985.48	-17.20	-113.16	196.50
2024-09-05T08:00:24	-88.82	2480.29	977.01	-16.99	-111.00	196.94
2024-09-05T08:00:26	-90.93	2484.78	968.54	-16.79	-108.90	197.41
2024-09-05T08:00:28	-93.05	2489.25	960.05	-16.62	-106.78	197.44
2024-09-05T08:00:30	-95.17	2493.71	951.57	-16.50	-104.63	197.40
2024-09-05T08:00:32	-97.29	2498.16	943.08	-16.45	-102.45	197.28
2024-09-05T08:00:34	-99.41	2502.60	934.59	-16.41	-100.18	197.13
2024-09-05T08:00:36	-101.52	2507.03	926.09	-16.39	-97.83	196.94
2024-09-05T08:00:38	-103.64	2511.45	917.59	-16.39	-95.42	196.71
2024-09-05T08:00:40	-105.75	2515.85	909.08	-16.37	-93.22	196.70
2024-09-05T08:00:42	-107.87	2520.24	900.57	-16.24	-91.30	197.07
2024-09-05T08:00:44	-109.98	2524.62	892.05	-16.06	-89.34	197.33
2024-09-05T08:00:46	-112.10	2528.99	883.54	-15.85	-87.35	197.50
2024-09-05T08:00:48	-114.21	2533.35	875.01	-15.60	-85.34	197.57
2024-09-05T08:00:50	-116.32	2537.70	866.49	-15.33	-83.29	197.56
2024-09-05T08:00:52	-118.44	2542.03	857.96	-15.04	-81.23	197.46
2024-09-05T08:00:54	-120.55	2546.36	849.42	-14.73	-79.26	197.33
2024-09-05T08:00:56	-122.66	2550.67	840.88	-14.45	-77.34	197.27
2024-09-05T08:00:58	-124.77	2554.97	832.34	-14.22	-75.40	197.30
2024-09-05T08:01:00	-126.88	2559.26	823.79	-14.03	-73.44	197.39
2024-09-05T08:01:02	-128.99	2563.53	815.24	-13.88	-71.45	197.55
2024-09-05T08:01:04	-131.10	2567.80	806.69	-13.77	-69.42	197.78
2024-09-05T08:01:06	-133.21	2572.06	798.13	-13.70	-67.45	197.93
2024-09-05T08:01:08	-135.32	2576.30	789.57	-13.60	-65.82	197.38
2024-09-05T08:01:10	-137.42	2580.53	781.01	-13.48	-64.27	196.84
2024-09-05T08:01:12	-139.53	2584.75	772.44	-13.35	-62.78	196.33
2024-09-05T08:01:14	-141.63	2588.96	763.87	-13.21	-61.37	195.83
2024-09-05T08:01:16	-143.74	2593.15	755.29	-13.07	-60.01	195.36
2024-09-05T08:01:18	-145.84	2597.34	746.72	-12.94	-58.71	194.90
2024-09-05T08:01:20	-147.95	2601.51	738.14	-12.79	-57.34	194.50
2024-09-05T08:01:22	-150.05	2605.67	729.55	-12.59	-55.66	194.25
2024-09-05T08:01:24	-152.15	2609.82	720.96	-12.42	-53.95	193.98
2024-09-05T08:01:26	-154.25	2613.96	712.37	-12.31	-52.22	193.72
2024-09-05T08:01:28	-156.36	2618.09	703.78	-12.20	-50.48	193.42
2024-09-05T08:01:30	-158.46	2622.20	695.18	-12.13	-48.74	193.14
2024-09-05T08:01:32	-160.56	2626.31	686.58	-12.09	-46.99	192.86
2024-09-05T08:01:34	-162.66	2630.40	677.98	-11.98	-45.42	192.54
2024-09-05T08:01:36	-164.75	2634.48	669.37	-11.80	-43.96	192.17
2024-09-05T08:01:38	-166.85	2638.55	660.76	-11.61	-42.47	191.80
2024-09-05T08:01:40	-168.95	2642.61	652.15	-11.40	-40.97	191.44
2024-09-05T08:01:42	-171.04	2646.66	643.54	-11.17	-39.45	191.09
2024-09-05T08:01:44	-173.14	2650.69	634.92	-10.92	-37.92	190.73
2024-09-05T08:01:46	-175.23	2654.72	626.30	-10.64	-36.36	190.37
2024-09-05T08:01:48	-177.33	2658.73	617.67	-10.36	-34.78	190.13
2024-09-05T08:01:50	-179.42	2662.73	609.05	-10.09	-33.22	189.93
2024-09-05T08:01:52	-181.51	2666.72	600.42	-9.82	-31.68	189.74
2024-09-05T08:01:54	-183.60	2670.70	591.79	-9.57	-30.16	189.58
2024-09-05T08:01:56	-185.69	2674.66	583.16	-9.33	-28.66	189.43
2024-09-05T08:01:58	-187.78	2678.62	574.52	-9.09	-27.16	189.29
2024-09-05T08:02:00	-189.87	2682.56	565.88	-8.83	-25.66	189.05
2024-09-05T08:02:02	-191.96	2686.50	557.24	-8.57	-24.20	188.55
2024-09-05T08:02:04	-194.05	2690.42	548.59	-8.31	-22.84	187.95
2024-09-05T08:02:06	-196.13	2694.33	539.95	-8.02	-21.48	187.34
2024-09-05T08:02:08	-198.22	2698.23	531.30	-7.69	-20.12	186.73
2024-09-05T08:02:10	-200.30	2702.11	522.65	-7.32	-18.78	186.12
2024-09-05T08:02:12	-202.39	2705.99	514.00	-6.90	-17.45	185.50
2024-09-05T08:02:14	-204.47	2709.85	505.35	-6.51	-16.17	185.02
2024-09-05T08:02:16	-206.55	2713.70	496.69	-6.09	-14.94	184.63
2024-09-05T08:02:18	-208.63	2717.55	488.03	-5.59	-13.73	184.29
2024-09-05T08:02:20	-210.71	2721.38	479.37	-5.03	-12.57	183.99
2024-09-05T08:02:22	-212.79	2725.20	470.71	-4.41	-11.42	183.72
2024-09-05T08:02:24	-214.87	2729.00	462.04	-3.79	-10.23	183.44
2024-09-05T08:02:26	-216.95	2732.80	453.38	-3.18	-9.02	183.11
2024-09-05T08:02:28	-219.02	2736.59	444.71	-2.79	-7.64	182.41
2024-09-05T08:02:30	-221.10	2740.36	436.04	-2.44	-6.31	181.73
2024-09-05T08:02:32	-223.17	2744.12	427.37	-2.36	-4.91	181.15
2024-09-05T08:02:34	-225.25	2747.88	418.69	-2.48	-3.43	180.68
2024-09-05T08:02:36	-227.32	2751.62	410.02	-2.56	-1.94	180.27
2024-09-05T08:02:38	-229.39	2755.35	401.34	-2.63	-0.44	179.89
2024-09-05T08:02:40	-231.47	2759.07	392.66	-2.69	1.00	179.54
2024-09-05T08:02:42	-233.53	2762.77	383.98	-2.71	2.38	179.18
2024-09-05T08:02:44	-235.60	2766.47	375.30	-2.71	3.74	178.78
2024-09-05T08:02:46	-237.67	2770.15	366.61	-2.68	5.09	178.37
2024-09-05T08:02:48	-239.74	2773.83	357.93	-2.63	6.42	177.94
2024-09-05T08:02:50	-241.81	2777.49	349.24	-2.57	7.74	177.52
2024-09-05T08:02:52	-243.87	2781.15	340.56	-2.50	9.05	177.12
2024-09-05T08:02:54	-245.93	2784.79	331.87	-2.55	10.17	176.72
2024-09-05T08:02:56	-248.00	2788.41	323.18	-2.61	11.22	176.32
2024-09-05T08:02:58	-250.06	2792.04	314.49	-2.65	12.22	175.91
2024-09-05T08:03:00	-252.12	2795.64	305.80	-2.69	13.16	175.48
2024-09-05T08:03:02	-254.18	2799.24	297.10	-2.72	14.04	175.01
2024-09-05T08:03:04	-256.24	2802.83	288.41	-2.85	14.80	174.32
2024-09-05T08:03:06	-258.30	2806.40	279.71	-2.98	15.63	173.62
2024-09-05T08:03:08	-260.36	2809.97	271.01	-3.12	16.54	172.93
2024-09-05T08:03:10	-262.41	2813.52	262.31	-3.21	17.42	172.28
2024-09-05T08:03:12	-264.47	2817.07	253.62	-3.26	18.28	171.69
2024-09-05T08:03:14	-266.52	2820.60	244.92	-3.27	19.14	171.13
2024-09-05T08:03:16	-268.58	2824.12	236.21	-3.24	20.00	170.60
2024-09-05T08:03:18	-270.63	2827.63	227.51	-3.15	20.95	170.08
2024-09-05T08:03:20	-272.68	2831.13	218.81	-2.86	22.02	169.43
2024-09-05T08:03:22	-274.73	2834.62	210.10	-2.53	23.10	168.70
2024-09-05T08:03:24	-276.78	2838.10	201.40	-2.21	24.16	167.93
2024-09-05T08:03:26	-278.83	2841.56	192.69	-1.89	25.20	167.13
2024-09-05T08:03:28	-280.87	2845.02	183.99	-1.56	26.21	166.31
2024-09-05T08:03:30	-282.92	2848.47	175.28	-1.21	27.18	165.45
2024-09-05T08:03:32	-284.96	2851.90	166.57	-0.90	28.14	164.62
2024-09-05T08:03:34	-287.00	2855.33	157.87	-0.73	29.18	163.91
2024-09-05T08:03:36	-289.05	2858.74	149.16	-0.56	30.17	163.26
2024-09-05T08:03:38	-291.09	2862.15	140.45	-0.39	31.11	162.65
2024-09-05T08:03:40	-293.13	2865.54	131.74	-0.20	32.03	162.04
2024-09-05T08:03:42	-295.17	2868.92	123.03	-0.02	32.93	161.45
2024-09-05T08:03:44	-297.21	2872.29	114.32	0.17	33.82	160.87
2024-09-05T08:03:46	-299.24	2875.66	105.61	0.39	34.56	160.04
2024-09-05T08:03:48	-301.28	2879.01	96.89	0.62	35.24	159.11
2024-09-05T08:03:50	-303.32	2882.35	88.18	0.84	35.91	158.21
2024-09-05T08:03:52	-305.35	2885.68	79.47	1.06	36.57	157.35
2024-09-05T08:03:54	-307.38	2889.00	70.76	1.29	37.21	156.52
2024-09-05T08:03:56	-309.41	2892.31	62.04	1.54	37.84	155.74
2024-09-05T08:03:58	-311.44	2895.61	53.33	1.78	38.44	155.01
2024-09-05T08:04:00	-313.47	2898.90	44.62	1.94	38.98	154.36
2024-09-05T08:04:02	-315.50	2902.18	35.91	2.10	39.49	153.67
2024-09-05T08:04:04	-317.53	2905.45	27.19	2.29	39.99	152.93
2024-09-05T08:04:06	-319.55	2908.71	18.48	2.50	40.46	152.14
2024-09-05T08:04:08	-321.58	2911.95	9.76	2.73	40.92	151.28
2024-09-05T08:04:10	-323.60	2915.19	1.05	2.92	41.33	150.42
2024-09-05T08:04:12	-325.62	2918.42	-7.66	2.95	41.83	149.71
2024-09-05T08:04:14	-327.65	2921.64	-16.37	2.89	42.42	149.05
2024-09-05T08:04:16	-329.67	2924.85	-25.09	2.81	43.02	148.39
2024-09-05T08:04:18	-331.68	2928.04	-33.80	2.74	43.62	147.73
2024-09-05T08:04:20	-333.70	2931.23	-42.51	2.68	44.21	147.08
2024-09-05T08:04:22	-335.72	2934.41	-51.23	2.61	44.79	146.43
2024-09-05T08:04:24	-337.74	2937.57	-59.94	2.55	45.37	145.78
2024-09-05T08:04:26	-339.75	2940.73	-68.65	2.64	45.86	145.10
2024-09-05T08:04:28	-341.76	2943.88	-77.37	2.73	46.34	144.41
2024-09-05T08:04:30	-343.77	2947.02	-86.08	2.83	46.82	143.73
2024-09-05T08:04:32	-345.78	2950.14	-94.79	2.93	47.30	143.05
2024-09-05T08:04:34	-347.80	2953.26	-103.50	3.03	47.78	142.37
2024-09-05T08:04:36	-349.80	2956.37	-112.21	3.12	48.25	141.69
2024-09-05T08:04:38	-351.81	2959.47	-120.92	3.24	48.77	141.00
2024-09-05T08:04:40	-353.81	2962.56	-129.64	3.38	49.36	140.32
2024-09-05T08:04:42	-355.82	2965.63	-138.35	3.52	49.96	139.64
2024-09-05T08:04:44	-357.82	2968.70	-147.06	3.66	50.56	138.98
2024-09-05T08:04:46	-359.83	2971.76	-155.76	3.81	51.18	138.33
2024-09-05T08:04:48	-361.83	2974.81	-164.47	3.96	51.83	137.69
2024-09-05T08:04:50	-363.83	2977.85	-173.18	4.10	52.46	137.03
2024-09-05T08:04:52	-365.83	2980.88	-181.89	4.12	52.94	136.39
2024-09-05T08:04:54	-367.83	2983.90	-190.60	4.11	53.38	135.75
2024-09-05T08:04:56	-369.82	2986.91	-199.30	4.09	53.83	135.13
2024-09-05T08:04:58	-371.82	2989.91	-208.01	4.06	54.29	134.52
2024-09-05T08:05:00	-373.81	2992.90	-216.71	4.03	54.74	133.93
2024-09-05T08:05:02	-375.80	2995.88	-225.42	3.99	55.20	133.36
2024-09-05T08:05:04	-377.79	2998.86	-234.12	3.95	55.61	132.82
2024-09-05T08:05:06	-379.79	3001.82	-242.82	3.98	55.84	132.27
2024-09-05T08:05:08	-381.77	3004.77	-251.52	4.02	56.03	131.68
2024-09-05T08:05:10	-383.76	3007.72	-260.23	4.07	56.18	131.05
2024-09-05T08:05:12	-385.75	3010.65	-268.93	4.18	56.33	130.34
2024-09-05T08:05:14	-387.74	3013.58	-277.63	4.31	56.45	129.58
2024-09-05T08:05:16	-389.72	3016.49	-286.33	4.44	56.56	128.78
2024-09-05T08:05:18	-391.70	3019.40	-295.03	4.65	56.86	127.98
2024-09-05T08:05:20	-393.68	3022.30	-303.72	4.90	57.26	127.25
2024-09-05T08:05:22	-395.67	3025.19	-312.42	5.17	57.69	126.58
2024-09-05T08:05:24	-397.64	3028.06	-321.11	5.46	58.15	125.97
2024-09-05T08:05:26	-399.62	3030.93	-329.81	5.75	58.68	125.48
2024-09-05T08:05:28	-401.60	3033.79	-338.50	6.02	59.19	125.00
2024-09-05T08:05:30	-403.58	3036.64	-347.19	6.25	59.65	124.50
2024-09-05T08:05:32	-405.55	3039.49	-355.88	6.33	59.94	123.79
2024-09-05T08:05:34	-407.52	3042.32	-364.58	6.41	60.21	123.10
2024-09-05T08:05:36	-409.50	3045.14	-373.26	6.50	60.48	122.43
2024-09-05T08:05:38	-411.47	3047.96	-381.95	6.59	60.73	121.79
2024-09-05T08:05:40	-413.44	3050.76	-390.64	6.66	60.99	121.18
2024-09-05T08:05:42	-415.41	3053.56	-399.32	6.71	61.24	120.62
2024-09-05T08:05:44	-417.37	3056.35	-408.01	6.64	61.43	120.21
2024-09-05T08:05:46	-419.34	3059.13	-416.69	6.46	61.60	119.88
2024-09-05T08:05:48	-421.30	3061.90	-425.37	6.24	61.76	119.55
2024-09-05T08:05:50	-423.27	3064.66	-434.05	5.97	61.94	119.19
2024-09-05T08:05:52	-425.23	3067.41	-442.73	5.66	62.11	118.81
2024-09-05T08:05:54	-427.19	3070.15	-451.41	5.31	62.27	118.38
2024-09-05T08:05:56	-429.15	3072.89	-460.09	4.90	62.43	117.90
2024-09-05T08:05:58	-431.11	3075.62	-468.76	5.13	62.66	117.12
2024-09-05T08:06:00	-433.07	3078.33	-477.44	5.45	62.87	116.32
2024-09-05T08:06:02	-435.02	3081.04	-486.11	5.84	63.06	115.53
2024-09-05T08:06:04	-436.98	3083.74	-494.78	6.30	63.22	114.74
2024-09-05T08:06:06	-438.93	3086.43	-503.45	6.90	63.33	113.93
2024-09-05T08:06:08	-440.88	3089.12	-512.12	7.56	63.39	113.14
2024-09-05T08:06:10	-442.83	3091.79	-520.79	8.18	63.51	112.48
2024-09-05T08:06:12	-444.78	3094.45	-529.46	8.64	63.66	111.79
2024-09-05T08:06:14	-446.73	3097.11	-538.12	9.06	63.84	111.14
2024-09-05T08:06:16	-448.68	3099.76	-546.78	9.45	64.06	110.51
2024-09-05T08:06:18	-450.62	3102.40	-555.44	9.80	64.30	109.91
2024-09-05T08:06:20	-452.57	3105.03	-564.10	10.13	64.55	109.34
2024-09-05T08:06:22	-454.51	3107.65	-572.76	10.43	64.83	108.80
2024-09-05T08:06:24	-456.46	3110.27	-581.42	10.61	64.98	108.51
2024-09-05T08:06:26	-458.40	3112.87	-590.07	10.78	65.07	108.26
2024-09-05T08:06:28	-460.34	3115.47	-598.73	10.96	65.16	107.98
2024-09-05T08:06:30	-462.28	3118.06	-607.38	11.15	65.23	107.65
2024-09-05T08:06:32	-464.21	3120.64	-616.03	11.36	65.28	107.29
2024-09-05T08:06:34	-466.15	3123.22	-624.68	11.58	65.31	106.88
2024-09-05T08:06:36	-468.08	3125.78	-633.33	11.81	65.31	106.40
2024-09-05T08:06:38	-470.02	3128.34	-641.97	12.11	65.33	105.80
2024-09-05T08:06:40	-471.95	3130.89	-650.62	12.41	65.38	105.22
2024-09-05T08:06:42	-473.88	3133.43	-659.26	12.73	65.47	104.65
2024-09-05T08:06:44	-475.81	3135.96	-667.90	13.07	65.60	104.11
2024-09-05T08:06:46	-477.74	3138.48	-676.54	13.42	65.78	103.60
2024-09-05T08:06:48	-479.67	3141.00	-685.17	13.79	66.01	103.11
2024-09-05T08:06:50	-481.59	3143.51	-693.81	13.99	66.20	102.64
2024-09-05T08:06:52	-483.52	3146.00	-702.44	14.03	66.28	102.15
2024-09-05T08:06:54	-485.44	3148.50	-711.07	14.07	66.34	101.64
2024-09-05T08:06:56	-487.37	3150.98	-719.70	14.12	66.37	101.10
2024-09-05T08:06:58	-489.29	3153.46	-728.33	14.17	66.38	100.52
2024-09-05T08:07:00	-491.21	3155.92	-736.96	14.24	66.37	99.91
2024-09-05T08:07:02	-493.12	3158.38	-745.58	14.32	66.34	99.25
2024-09-05T08:07:04	-495.04	3160.84	-754.21	14.56	65.98	98.46
2024-09-05T08:07:06	-496.96	3163.28	-762.83	14.82	65.61	97.65
2024-09-05T08:07:08	-498.88	3165.72	-771.45	15.09	65.29	96.85
2024-09-05T08:07:10	-500.79	3168.15	-780.06	15.41	65.03	96.09
2024-09-05T08:07:12	-502.70	3170.57	-788.68	15.74	64.80	95.37
2024-09-05T08:07:14	-504.61	3172.98	-797.29	16.09	64.61	94.70
2024-09-05T08:07:16	-506.52	3175.38	-805.90	16.44	64.55	94.11
2024-09-05T08:07:18	-508.43	3177.78	-814.51	16.77	64.79	93.68
2024-09-05T08:07:20	-510.34	3180.17	-823.12	17.12	65.08	93.30
2024-09-05T08:07:22	-512.24	3182.56	-831.72	17.49	65.41	92.96
2024-09-05T08:07:24	-514.15	3184.93	-840.32	17.88	65.78	92.64
2024-09-05T08:07:26	-516.06	3187.30	-848.93	18.28	66.20	92.35
2024-09-05T08:07:28	-517.96	3189.66	-857.53	18.71	66.67	92.07
2024-09-05T08:07:30	-519.86	3192.01	-866.12	19.09	66.83	91.57
2024-09-05T08:07:32	-521.76	3194.36	-874.72	19.41	66.74	90.92
2024-09-05T08:07:34	-523.66	3196.69	-883.31	19.71	66.60	90.25
2024-09-05T08:07:36	-525.55	3199.02	-891.90	19.96	66.40	89.57
2024-09-05T08:07:38	-527.45	3201.35	-900.49	20.20	66.16	88.82
2024-09-05T08:07:40	-529.35	3203.66	-909.08	20.43	65.91	88.06
2024-09-05T08:07:42	-531.24	3205.97	-917.66	20.64	65.65	87.31
2024-09-05T08:07:44	-533.14	3208.27	-926.25	20.84	65.67	86.50
2024-09-05T08:07:46	-535.03	3210.56	-934.82	21.03	65.70	85.73
2024-09-05T08:07:48	-536.92	3212.85	-943.40	21.21	65.74	85.00
2024-09-05T08:07:50	-538.81	3215.13	-951.98	21.36	65.78	84.33
2024-09-05T08:07:52	-540.69	3217.40	-960.55	21.51	65.83	83.71
2024-09-05T08:07:54	-542.58	3219.66	-969.13	21.63	65.89	83.14
2024-09-05T08:07:56	-544.46	3221.92	-977.70	21.77	66.09	82.74
2024-09-05T08:07:58	-546.35	3224.17	-986.27	21.97	66.59	82.58
2024-09-05T08:08:00	-548.23	3226.41	-994.83	22.16	67.10	82.42
2024-09-05T08:08:02	-550.12	3228.65	-1003.39	22.35	67.61	82.25
2024-09-05T08:08:04	-551.99	3230.88	-1011.96	22.53	68.13	82.08
2024-09-05T08:08:06	-553.88	3233.10	-1020.51	22.71	68.66	81.90
2024-09-05T08:08:08	-555.75	3235.32	-1029.07	22.87	69.14	81.72
2024-09-05T08:08:10	-557.63	3237.52	-1037.62	22.94	68.72	81.30
2024-09-05T08:08:12	-559.50	3239.72	-1046.18	22.95	67.80	80.67
2024-09-05T08:08:14	-561.38	3241.92	-1054.73	22.92	66.83	79.96
2024-09-05T08:08:16	-563.25	3244.10	-1063.27	22.84	65.81	79.19
2024-09-05T08:08:18	-565.13	3246.28	-1071.82	22.71	64.74	78.36
2024-09-05T08:08:20	-567.00	3248.46	-1080.36	22.53	63.63	77.47
2024-09-05T08:08:22	-568.87	3250.62	-1088.91	22.30	62.49	76.53
2024-09-05T08:08:24	-570.73	3252.78	-1097.44	21.68	62.11	76.12
2024-09-05T08:08:26	-572.60	3254.94	-1105.98	21.02	61.83	75.71
2024-09-05T08:08:28	-574.47	3257.08	-1114.51	20.38	61.59	75.25
2024-09-05T08:08:30	-576.33	3259.22	-1123.04	19.80	61.38	74.76
2024-09-05T08:08:32	-578.20	3261.35	-1131.57	19.29	61.15	74.27
2024-09-05T08:08:34	-580.06	3263.48	-1140.10	18.84	60.90	73.78
2024-09-05T08:08:36	-581.92	3265.60	-1148.63	18.64	60.55	73.11
2024-09-05T08:08:38	-583.78	3267.71	-1157.15	19.07	59.76	71.83
2024-09-05T08:08:40	-585.64	3269.81	-1165.67	19.45	58.87	70.49
2024-09-05T08:08:42	-587.50	3271.91	-1174.19	19.79	57.86	69.11
2024-09-05T08:08:44	-589.35	3274.01	-1182.70	20.09	56.76	67.66
2024-09-05T08:08:46	-591.21	3276.09	-1191.22	20.34	55.57	66.17
2024-09-05T08:08:48	-593.06	3278.17	-1199.73	20.55	54.30	64.63
2024-09-05T08:08:50	-594.92	3280.25	-1208.23	20.38	53.07	63.20
2024-09-05T08:08:52	-596.77	3282.31	-1216.74	19.87	51.99	61.94
2024-09-05T08:08:54	-598.62	3284.37	-1225.24	19.35	51.01	60.70
2024-09-05T08:08:56	-600.47	3286.43	-1233.74	18.83	50.10	59.51
2024-09-05T08:08:58	-602.32	3288.47	-1242.24	18.30	49.29	58.36
2024-09-05T08:09:00	-604.16	3290.51	-1250.74	17.77	48.55	57.27
2024-09-05T08:09:02	-606.01	3292.55	-1259.23	17.24	47.89	56.25
2024-09-05T08:09:04	-607.85	3294.58	-1267.72	16.45	46.91	54.76
2024-09-05T08:09:06	-609.70	3296.60	-1276.21	15.57	45.83	53.09
2024-09-05T08:09:08	-611.54	3298.61	-1284.70	14.68	44.74	51.38
2024-09-05T08:09:10	-613.38	3300.62	-1293.18	13.79	43.65	49.63
2024-09-05T08:09:12	-615.22	3302.63	-1301.67	12.98	42.55	47.93
2024-09-05T08:09:14	-617.06	3304.62	-1310.15	12.25	41.48	46.32
2024-09-05T08:09:16	-618.90	3306.61	-1318.62	11.63	40.42	44.80
2024-09-05T08:09:18	-620.73	3308.60	-1327.10	11.47	38.97	43.71
2024-09-05T08:09:20	-622.57	3310.58	-1335.57	11.29	37.39	42.62
2024-09-05T08:09:22	-624.40	3312.55	-1344.04	11.11	35.69	41.54
2024-09-05T08:09:24	-626.24	3314.52	-1352.50	10.87	33.89	40.42
2024-09-05T08:09:26	-628.07	3316.48	-1360.97	10.52	32.11	39.25
2024-09-05T08:09:28	-629.90	3318.43	-1369.43	10.13	30.31	38.10
2024-09-05T08:09:30	-631.73	3320.38	-1377.89	9.68	28.85	37.04
2024-09-05T08:09:32	-633.56	3322.32	-1386.35	9.20	28.32	36.12
2024-09-05T08:09:34	-635.38	3324.26	-1394.80	8.73	27.80	35.21
2024-09-05T08:09:36	-637.21	3326.19	-1403.25	8.26	27.28	34.32
2024-09-05T08:09:38	-639.04	3328.11	-1411.70	7.79	26.76	33.44
2024-09-05T08:09:40	-640.86	3330.03	-1420.15	7.32	26.24	32.59
2024-09-05T08:09:42	-642.68	3331.94	-1428.59	6.85	25.71	31.76
2024-09-05T08:09:44	-644.50	3333.85	-1437.04	6.30	25.23	30.97
2024-09-05T08:09:46	-646.32	3335.75	-1445.47	5.73	24.83	30.16
2024-09-05T08:09:48	-648.14	3337.64	-1453.91	5.24	24.49	29.31
2024-09-05T08:09:50	-649.96	3339.53	-1462.35	4.81	24.22	28.43
2024-09-05T08:09:52	-651.78	3341.41	-1470.78	4.44	24.01	27.53
2024-09-05T08:09:54	-653.59	3343.29	-1479.21	4.13	23.89	26.61
2024-09-05T08:09:56	-655.41	3345.16	-1487.63	3.89	23.83	25.68
2024-09-05T08:09:58	-657.22	3347.03	-1496.06	3.69	23.29	24.90
2024-09-05T08:10:00	-659.03	3348.89	-1504.48	3.50	22.60	24.16
2024-09-05T08:10:02	-660.84	3350.74	-1512.90	3.31	21.96	23.39
2024-09-05T08:10:04	-662.66	3352.59	-1521.31	3.13	21.36	22.60
2024-09-05T08:10:06	-664.46	3354.44	-1529.73	2.96	20.83	21.77
2024-09-05T08:10:08	-666.27	3356.27	-1538.14	2.80	20.36	20.92
2024-09-05T08:10:10	-668.08	3358.11	-1546.55	2.66	19.97	20.02
2024-09-05T08:10:12	-669.88	3359.93	-1554.95	2.58	19.21	19.43
2024-09-05T08:10:14	-671.69	3361.75	-1563.36	2.47	18.35	18.93
2024-09-05T08:10:16	-673.49	3363.57	-1571.76	2.36	17.49	18.44
2024-09-05T08:10:18	-675.29	3365.38	-1580.16	2.23	16.61	17.95
2024-09-05T08:10:20	-677.10	3367.18	-1588.55	2.09	15.72	17.46
2024-09-05T08:10:22	-678.90	3368.98	-1596.95	1.94	14.82	16.98
2024-09-05T08:10:24	-680.69	3370.77	-1605.34	1.79	14.02	16.51
2024-09-05T08:10:26	-682.49	3372.56	-1613.72	1.75	13.88	16.10
2024-09-05T08:10:28	-684.29	3374.35	-1622.11	1.72	13.75	15.69
2024-09-05T08:10:30	-686.08	3376.12	-1630.49	1.71	13.60	15.27
2024-09-05T08:10:32	-687.88	3377.89	-1638.87	1.71	13.43	14.85
2024-09-05T08:10:34	-689.67	3379.66	-1647.25	1.72	13.24	14.43
2024-09-05T08:10:36	-691.47	3381.42	-1655.63	1.74	13.04	14.00
2024-09-05T08:10:38	-693.26	3383.18	-1664.00	1.78	12.84	13.53
2024-09-05T08:10:40	-695.05	3384.93	-1672.37	1.85	12.67	13.00
2024-09-05T08:10:42	-696.84	3386.68	-1680.74	1.93	12.49	12.47
2024-09-05T08:10:44	-698.62	3388.42	-1689.10	2.01	12.31	11.94
2024-09-05T08:10:46	-700.41	3390.15	-1697.46	2.11	12.12	11.40
2024-09-05T08:10:48	-702.20	3391.88	-1705.82	2.21	11.93	10.88
2024-09-05T08:10:50	-703.98	3393.60	-1714.18	2.32	11.74	10.35
2024-09-05T08:10:52	-705.77	3395.32	-1722.53	2.31	11.55	9.84
2024-09-05T08:10:54	-707.55	3397.04	-1730.88	2.17	11.37	9.34
2024-09-05T08:10:56	-709.33	3398.75	-1739.23	2.03	11.21	8.87
2024-09-05T08:10:58	-711.11	3400.45	-1747.58	1.91	11.06	8.43
2024-09-05T08:11:00	-712.89	3402.15	-1755.92	1.79	10.94	8.02
2024-09-05T08:11:02	-714.67	3403.84	-1764.26	1.68	10.83	7.63
2024-09-05T08:11:04	-716.45	3405.53	-1772.60	1.58	10.73	7.27
2024-09-05T08:11:06	-718.22	3407.22	-1780.94	1.47	10.56	6.92
2024-09-05T08:11:08	-720.00	3408.89	-1789.27	1.36	10.34	6.57
2024-09-05T08:11:10	-721.77	3410.57	-1797.60	1.26	10.14	6.23
2024-09-05T08:11:12	-723.54	3412.24	-1805.93	1.18	9.95	5.89
2024-09-05T08:11:14	-725.31	3413.90	-1814.25	1.11	9.78	5.56
2024-09-05T08:11:16	-727.09	3415.56	-1822.58	1.06	9.63	5.21
2024-09-05T08:11:18	-728.85	3417.22	-1830.90	1.01	9.45	4.85
2024-09-05T08:11:20	-730.62	3418.86	-1839.22	0.93	9.25	4.53
2024-09-05T08:11:22	-732.39	3420.51	-1847.53	0.85	9.04	4.23
2024-09-05T08:11:24	-734.16	3422.15	-1855.84	0.77	8.85	3.95
2024-09-05T08:11:26	-735.92	3423.78	-1864.15	0.69	8.66	3.67
2024-09-05T08:11:28	-737.69	3425.41	-1872.46	0.61	8.48	3.40
2024-09-05T08:11:30	-739.45	3427.04	-1880.76	0.53	8.31	3.14
2024-09-05T08:11:32	-741.21	3428.66	-1889.07	0.44	8.14	2.89
2024-09-05T08:11:34	-742.98	3430.27	-1897.36	0.45	8.03	2.69
2024-09-05T08:11:36	-744.74	3431.88	-1905.66	0.46	7.93	2.50
2024-09-05T08:11:38	-746.50	3433.49	-1913.96	0.46	7.84	2.32
2024-09-05T08:11:40	-748.25	3435.09	-1922.25	0.46	7.75	2.15
2024-09-05T08:11:42	-750.01	3436.68	-1930.53	0.45	7.66	1.99
2024-09-05T08:11:44	-751.77	3438.28	-1938.82	0.42	7.57	1.84
2024-09-05T08:11:46	-753.52	3439.86	-1947.10	0.39	7.48	1.69
2024-09-05T08:11:48	-755.28	3441.45	-1955.38	0.32	7.47	1.50
2024-09-05T08:11:50	-757.03	3443.02	-1963.66	0.26	7.47	1.31
2024-09-05T08:11:52	-758.78	3444.60	-1971.94	0.19	7.48	1.14
2024-09-05T08:11:54	-760.53	3446.17	-1980.21	0.13	7.49	0.98
2024-09-05T08:11:56	-762.28	3447.73	-1988.48	0.07	7.51	0.83
2024-09-05T08:11:58	-764.03	3449.29	-1996.75	0.01	7.53	0.70
2024-09-05T08:12:00	-765.78	3450.84	-2005.01	-0.05	7.56	0.58
2024-09-05T08:12:02	-767.53	3452.40	-2013.28	-0.14	7.56	0.55
2024-09-05T08:12:04	-769.27	3453.94	-2021.54	-0.22	7.57	0.52
2024-09-05T08:12:06	-771.02	3455.48	-2029.79	-0.29	7.60	0.50
2024-09-05T08:12:08	-772.76	3457.02	-2038.05	-0.35	7.64	0.48
2024-09-05T08:12:10	-774.50	3458.55	-2046.30	-0.40	7.70	0.46
2024-09-05T08:12:12	-776.25	3460.08	-2054.55	-0.44	7.77	0.45
2024-09-05T08:12:14	-777.99	3461.60	-2062.79	-0.48	7.84	0.44
2024-09-05T08:12:16	-779.73	3463.12	-2071.04	-0.59	7.90	0.43
2024-09-05T08:12:18	-781.47	3464.64	-2079.28	-0.70	7.95	0.43
2024-09-05T08:12:20	-783.21	3466.15	-2087.52	-0.80	8.01	0.44
2024-09-05T08:12:22	-784.94	3467.65	-2095.75	-0.90	8.06	0.47
2024-09-05T08:12:24	-786.68	3469.16	-2103.99	-0.99	8.11	0.50
2024-09-05T08:12:26	-788.41	3470.65	-2112.22	-1.08	8.15	0.54
2024-09-05T08:12:28	-790.15	3472.15	-2120.44	-1.16	8.20	0.58
2024-09-05T08:12:30	-791.88	3473.64	-2128.67	-1.27	8.25	0.63
2024-09-05T08:12:32	-793.61	3475.12	-2136.89	-1.38	8.31	0.67
2024-09-05T08:12:34	-795.34	3476.60	-2145.11	-1.50	8.37	0.71
2024-09-05T08:12:36	-797.07	3478.08	-2153.33	-1.63	8.43	0.74
2024-09-05T08:12:38	-798.80	3479.55	-2161.54	-1.76	8.49	0.76
2024-09-05T08:12:40	-800.53	3481.02	-2169.76	-1.89	8.55	0.78
2024-09-05T08:12:42	-802.26	3482.48	-2177.97	-2.05	8.60	0.82
2024-09-05T08:12:44	-803.98	3483.94	-2186.17	-2.27	8.61	0.91
2024-09-05T08:12:46	-805.71	3485.39	-2194.38	-2.49	8.63	1.01
2024-09-05T08:12:48	-807.44	3486.84	-2202.58	-2.72	8.62	1.11
2024-09-05T08:12:50	-809.16	3488.29	-2210.78	-2.96	8.61	1.20
2024-09-05T08:12:52	-810.88	3489.73	-2218.98	-3.19	8.59	1.30
2024-09-05T08:12:54	-812.60	3491.17	-2227.17	-3.43	8.57	1.39
2024-09-05T08:12:56	-814.32	3492.61	-2235.36	-3.64	8.56	1.48
2024-09-05T08:12:58	-816.04	3494.04	-2243.55	-3.77	8.59	1.57
2024-09-05T08:13:00	-817.76	3495.46	-2251.74	-3.91	8.63	1.66
2024-09-05T08:13:02	-819.48	3496.89	-2259.92	-4.04	8.66	1.74
2024-09-05T08:13:04	-821.19	3498.31	-2268.10	-4.17	8.70	1.83
2024-09-05T08:13:06	-822.91	3499.72	-2276.28	-4.30	8.73	1.91
2024-09-05T08:13:08	-824.62	3501.13	-2284.45	-4.43	8.76	2.00
2024-09-05T08:13:10	-826.34	3502.54	-2292.63	-4.55	8.78	2.09
2024-09-05T08:13:12	-828.05	3503.94	-2300.80	-4.63	8.80	2.20
2024-09-05T08:13:14	-829.76	3505.34	-2308.97	-4.72	8.81	2.31
2024-09-05T08:13:16	-831.47	3506.73	-2317.13	-4.79	8.84	2.42
2024-09-05T08:13:18	-833.18	3508.12	-2325.30	-4.86	8.86	2.53
2024-09-05T08:13:20	-834.89	3509.51	-2333.45	-4.93	8.89	2.64
2024-09-05T08:13:22	-836.60	3510.89	-2341.61	-4.98	8.92	2.75
2024-09-05T08:13:24	-838.31	3512.27	-2349.77	-5.08	8.94	2.84
2024-09-05T08:13:26	-840.01	3513.64	-2357.92	-5.32	8.89	2.88
2024-09-05T08:13:28	-841.72	3515.02	-2366.07	-5.56	8.85	2.92
2024-09-05T08:13:30	-843.42	3516.38	-2374.22	-5.80	8.82	2.96
2024-09-05T08:13:32	-845.13	3517.75	-2382.36	-6.04	8.79	3.01
2024-09-05T08:13:34	-846.83	3519.11	-2390.50	-6.27	8.76	3.07
2024-09-05T08:13:36	-848.53	3520.46	-2398.64	-6.50	8.74	3.13
2024-09-05T08:13:38	-850.23	3521.82	-2406.78	-6.70	8.74	3.18
2024-09-05T08:13:40	-851.93	3523.16	-2414.91	-6.81	8.81	3.20
2024-09-05T08:13:42	-853.63	3524.51	-2423.04	-6.92	8.89	3.22
2024-09-05T08:13:44	-855.33	3525.85	-2431.17	-7.02	8.98	3.24
2024-09-05T08:13:46	-857.03	3527.19	-2439.30	-7.12	9.07	3.26
2024-09-05T08:13:48	-858.72	3528.52	-2447.42	-7.21	9.16	3.28
2024-09-05T08:13:50	-860.42	3529.85	-2455.55	-7.30	9.25	3.30
2024-09-05T08:13:52	-862.11	3531.18	-2463.67	-7.37	9.36	3.34
2024-09-05T08:13:54	-863.80	3532.50	-2471.78	-7.41	9.48	3.45
2024-09-05T08:13:56	-865.50	3533.82	-2479.89	-7.45	9.61	3.56
2024-09-05T08:13:58	-867.19	3535.13	-2488.01	-7.49	9.72	3.68
2024-09-05T08:14:00	-868.88	3536.44	-2496.12	-7.53	9.83	3.81
2024-09-05T08:14:02	-870.57	3537.75	-2504.22	-7.57	9.94	3.94
2024-09-05T08:14:04	-872.26	3539.06	-2512.32	-7.61	10.04	4.08
2024-09-05T08:14:06	-873.95	3540.36	-2520.42	-7.66	10.13	4.22
2024-09-05T08:14:08	-875.63	3541.66	-2528.52	-7.78	10.21	4.30
2024-09-05T08:14:10	-877.32	3542.95	-2536.62	-7.90	10.31	4.38
2024-09-05T08:14:12	-879.01	3544.24	-2544.71	-8.03	10.43	4.44
2024-09-05T08:14:14	-880.69	3545.52	-2552.80	-8.16	10.56	4.51
2024-09-05T08:14:16	-882.37	3546.81	-2560.89	-8.28	10.69	4.56
2024-09-05T08:14:18	-884.06	3548.09	-2568.98	-8.41	10.84	4.62
2024-09-05T08:14:20	-885.74	3549.36	-2577.06	-8.52	10.98	4.67
2024-09-05T08:14:22	-887.42	3550.63	-2585.14	-8.56	10.87	4.68
2024-09-05T08:14:24	-889.10	3551.90	-2593.22	-8.58	10.74	4.66
2024-09-05T08:14:26	-890.78	3553.17	-2601.30	-8.59	10.60	4.64
2024-09-05T08:14:28	-892.46	3554.43	-2609.37	-8.58	10.44	4.60
2024-09-05T08:14:30	-894.13	3555.69	-2617.44	-8.56	10.27	4.54
2024-09-05T08:14:32	-895.81	3556.95	-2625.51	-8.52	10.07	4.47
2024-09-05T08:14:34	-897.49	3558.20	-2633.57	-8.47	9.86	4.38
2024-09-05T08:14:36	-899.16	3559.45	-2641.63	-8.61	9.90	4.23
2024-09-05T08:14:38	-900.84	3560.69	-2649.70	-8.76	9.93	4.10
2024-09-05T08:14:40	-902.51	3561.93	-2657.75	-8.89	9.97	3.97
2024-09-05T08:14:42	-904.18	3563.17	-2665.81	-9.02	10.01	3.86
2024-09-05T08:14:44	-905.85	3564.41	-2673.86	-9.14	10.05	3.75
2024-09-05T08:14:46	-907.52	3565.64	-2681.91	-9.25	10.09	3.66
2024-09-05T08:14:48	-909.19	3566.87	-2689.96	-9.36	10.13	3.57
2024-09-05T08:14:50	-910.86	3568.09	-2698.01	-9.33	10.23	3.49
2024-09-05T08:14:52	-912.53	3569.31	-2706.05	-9.30	10.34	3.40
2024-09-05T08:14:54	-914.19	3570.53	-2714.09	-9.26	10.46	3.29
2024-09-05T08:14:56	-915.86	3571.75	-2722.12	-9.21	10.59	3.17
2024-09-05T08:14:58	-917.53	3572.96	-2730.16	-9.17	10.72	3.04
2024-09-05T08:15:00	-919.19	3574.17	-2738.19	-9.12	10.85	2.89
2024-09-05T08:15:02	-920.86	3575.37	-2746.22	-9.06	10.99	2.74
2024-09-05T08:15:04	-922.52	3576.57	-2754.25	-9.04	10.85	2.56
2024-09-05T08:15:06	-924.18	3577.77	-2762.28	-9.02	10.64	2.39
2024-09-05T08:15:08	-925.84	3578.97	-2770.30	-9.00	10.42	2.21
2024-09-05T08:15:10	-927.50	3580.16	-2778.32	-8.99	10.19	2.02
2024-09-05T08:15:12	-929.16	3581.35	-2786.34	-8.98	9.96	1.83
2024-09-05T08:15:14	-930.82	3582.54	-2794.35	-8.96	9.71	1.64
2024-09-05T08:15:16	-932.48	3583.72	-2802.37	-8.95	9.47	1.44
2024-09-05T08:15:18	-934.14	3584.90	-2810.38	-8.93	9.26	1.30
2024-09-05T08:15:20	-935.79	3586.08	-2818.39	-8.92	9.08	1.20
2024-09-05T08:15:22	-937.45	3587.25	-2826.39	-8.92	8.90	1.12
2024-09-05T08:15:24	-939.10	3588.42	-2834.40	-8.93	8.71	1.04
2024-09-05T08:15:26	-940.76	3589.59	-2842.40	-8.96	8.52	0.97
2024-09-05T08:15:28	-942.41	3590.76	-2850.40	-9.00	8.32	0.90
2024-09-05T08:15:30	-944.06	3591.92	-2858.39	-9.06	8.12	0.85
2024-09-05T08:15:32	-945.71	3593.07	-2866.39	-9.13	7.92	0.68
2024-09-05T08:15:34	-947.36	3594.23	-2874.38	-9.21	7.72	0.38
2024-09-05T08:15:36	-949.02	3595.38	-2882.36	-9.29	7.53	0.08
2024-09-05T08:15:38	-950.66	3596.53	-2890.35	-9.37	7.35	-0.23
2024-09-05T08:15:40	-952.31	3597.68	-2898.33	-9.46	7.17	-0.55
2024-09-05T08:15:42	-953.96	3598.82	-2906.32	-9.55	6.99	-0.87
2024-09-05T08:15:44	-955.61	3599.96	-2914.29	-9.64	6.82	-1.19
2024-09-05T08:15:46	-957.25	3601.10	-2922.27	-9.71	6.66	-1.44
2024-09-05T08:15:48	-958.90	3602.23	-2930.24	-9.77	6.54	-1.61
2024-09-05T08:15:50	-960.54	3603.36	-2938.22	-9.83	6.42	-1.79
2024-09-05T08:15:52	-962.18	3604.49	-2946.19	-9.88	6.29	-1.97
2024-09-05T08:15:54	-963.83	3605.61	-2954.15	-9.93	6.16	-2.17
2024-09-05T08:15:56	-965.47	3606.74	-2962.12	-9.98	6.04	-2.37
2024-09-05T08:15:58	-967.11	3607.86	-2970.08	-10.02	5.91	-2.57
2024-09-05T08:16:00	-968.75	3608.97	-2978.04	-10.05	5.75	-2.78
2024-09-05T08:16:02	-970.39	3610.09	-2985.99	-10.06	5.41	-2.99
2024-09-05T08:16:04	-972.03	3611.20	-2993.95	-10.06	5.08	-3.18
2024-09-05T08:16:06	-973.66	3612.31	-3001.90	-10.06	4.76	-3.38
2024-09-05T08:16:08	-975.30	3613.41	-3009.85	-10.06	4.46	-3.57
2024-09-05T08:16:10	-976.94	3614.51	-3017.80	-10.05	4.16	-3.75
2024-09-05T08:16:12	-978.57	3615.61	-3025.74	-10.03	3.87	-3.93
2024-09-05T08:16:14	-980.21	3616.71	-3033.69	-10.01	3.59	-4.11
2024-09-05T08:16:16	-981.84	3617.80	-3041.63	-10.08	3.43	-4.23
2024-09-05T08:16:18	-983.48	3618.89	-3049.56	-10.15	3.27	-4.37
2024-09-05T08:16:20	-985.11	3619.98	-3057.50	-10.24	3.12	-4.51
2024-09-05T08:16:22	-986.74	3621.06	-3065.43	-10.34	2.99	-4.66
2024-09-05T08:16:24	-988.37	3622.15	-3073.36	-10.45	2.86	-4.81
2024-09-05T08:16:26	-990.00	3623.23	-3081.29	-10.57	2.74	-4.97
2024-09-05T08:16:28	-991.63	3624.31	-3089.22	-10.70	2.64	-5.13
2024-09-05T08:16:30	-993.26	3625.38	-3097.14	-10.72	2.49	-5.19
2024-09-05T08:16:32	-994.89	3626.45	-3105.06	-10.69	2.33	-5.22
2024-09-05T08:16:34	-996.51	3627.52	-3112.98	-10.65	2.17	-5.26
2024-09-05T08:16:36	-998.14	3628.58	-3120.90	-10.61	2.01	-5.31
2024-09-05T08:16:38	-999.77	3629.65	-3128.81	-10.57	1.85	-5.35
2024-09-05T08:16:40	-1001.39	3630.71	-3136.72	-10.51	1.69	-5.41
2024-09-05T08:16:42	-1003.01	3631.76	-3144.63	-10.46	1.54	-5.46
2024-09-05T08:16:44	-1004.64	3632.82	-3152.54	-10.32	1.48	-5.56
2024-09-05T08:16:46	-1006.26	3633.87	-3160.45	-10.12	1.51	-5.70
2024-09-05T08:16:48	-1007.88	3634.92	-3168.35	-9.92	1.55	-5.82
2024-09-05T08:16:50	-1009.50	3635.97	-3176.25	-9.72	1.58	-5.93
2024-09-05T08:16:52	-1011.12	3637.01	-3184.15	-9.53	1.61	-6.04
2024-09-05T08:16:54	-1012.74	3638.05	-3192.04	-9.35	1.65	-6.14
2024-09-05T08:16:56	-1014.36	3639.09	-3199.94	-9.18	1.72	-6.19
2024-09-05T08:16:58	-1015.98	3640.13	-3207.83	-9.06	1.83	-6.19
2024-09-05T08:17:00	-1017.60	3641.16	-3215.72	-9.03	2.04	-6.08
2024-09-05T08:17:02	-1019.21	3642.19	-3223.60	-8.99	2.25	-5.98
2024-09-05T08:17:04	-1020.83	3643.22	-3231.48	-8.95	2.47	-5.88
2024-09-05T08:17:06	-1022.44	3644.25	-3239.37	-8.89	2.68	-5.79
2024-09-05T08:17:08	-1024.06	3645.27	-3247.25	-8.82	2.89	-5.72
2024-09-05T08:17:10	-1025.67	3646.29	-3255.12	-8.74	3.11	-5.65
2024-09-05T08:17:12	-1027.28	3647.31	-3263.00	-8.66	3.32	-5.59
2024-09-05T08:17:14	-1028.90	3648.32	-3270.87	-8.67	3.49	-5.59
2024-09-05T08:17:16	-1030.51	3649.34	-3278.74	-8.69	3.65	-5.59
2024-09-05T08:17:18	-1032.12	3650.35	-3286.61	-8.71	3.80	-5.60
2024-09-05T08:17:20	-1033.73	3651.36	-3294.47	-8.74	3.93	-5.61
2024-09-05T08:17:22	-1035.34	3652.36	-3302.34	-8.78	4.05	-5.62
2024-09-05T08:17:24	-1036.95	3653.36	-3310.20	-8.84	4.17	-5.64
2024-09-05T08:17:26	-1038.55	3654.36	-3318.06	-8.90	4.27	-5.66
2024-09-05T08:17:28	-1040.16	3655.36	-3325.91	-8.90	4.25	-5.69
2024-09-05T08:17:30	-1041.77	3656.36	-3333.77	-8.88	4.22	-5.73
2024-09-05T08:17:32	-1043.37	3657.35	-3341.62	-8.86	4.20	-5.78
2024-09-05T08:17:34	-1044.98	3658.34	-3349.47	-8.81	4.20	-5.82
2024-09-05T08:17:36	-1046.58	3659.33	-3357.32	-8.76	4.21	-5.86
2024-09-05T08:17:38	-1048.19	3660.31	-3365.16	-8.71	4.24	-5.90
2024-09-05T08:17:40	-1049.79	3661.30	-3373.00	-8.64	4.27	-5.93
2024-09-05T08:17:42	-1051.39	3662.28	-3380.84	-8.53	4.40	-5.98
2024-09-05T08:17:44	-1052.99	3663.25	-3388.68	-8.36	4.63	-6.04
2024-09-05T08:17:46	-1054.59	3664.23	-3396.52	-8.18	4.87	-6.09
2024-09-05T08:17:48	-1056.19	3665.20	-3404.35	-7.98	5.11	-6.14
2024-09-05T08:17:50	-1057.79	3666.17	-3412.18	-7.78	5.36	-6.18
2024-09-05T08:17:52	-1059.39	3667.14	-3420.01	-7.56	5.61	-6.22
2024-09-05T08:17:54	-1060.99	3668.11	-3427.84	-7.34	5.87	-6.25
2024-09-05T08:17:56	-1062.59	3669.07	-3435.66	-7.14	6.14	-6.24
2024-09-05T08:17:58	-1064.18	3670.03	-3443.49	-7.08	6.42	-6.11
2024-09-05T08:18:00	-1065.78	3670.99	-3451.31	-7.02	6.69	-5.97
2024-09-05T08:18:02	-1067.37	3671.95	-3459.12	-6.98	6.94	-5.83
2024-09-05T08:18:04	-1068.97	3672.90	-3466.94	-6.95	7.18	-5.68
2024-09-05T08:18:06	-1070.56	3673.85	-3474.75	-6.94	7.40	-5.53
2024-09-05T08:18:08	-1072.16	3674.80	-3482.57	-6.97	7.61	-5.39
2024-09-05T08:18:10	-1073.75	3675.75	-3490.38	-6.99	7.82	-5.25
2024-09-05T08:18:12	-1075.34	3676.69	-3498.18	-7.01	7.90	-5.21
2024-09-05T08:18:14	-1076.93	3677.64	-3505.99	-7.02	7.96	-5.19
2024-09-05T08:18:16	-1078.52	3678.58	-3513.79	-7.02	8.01	-5.17
2024-09-05T08:18:18	-1080.11	3679.52	-3521.59	-7.01	8.05	-5.15
2024-09-05T08:18:20	-1081.70	3680.45	-3529.39	-6.99	8.10	-5.13
2024-09-05T08:18:22	-1083.29	3681.38	-3537.19	-6.97	8.14	-5.12
2024-09-05T08:18:24	-1084.88	3682.32	-3544.98	-6.93	8.17	-5.10
2024-09-05T08:18:26	-1086.46	3683.25	-3552.77	-6.90	8.24	-5.07
2024-09-05T08:18:28	-1088.05	3684.17	-3560.56	-6.88	8.34	-5.03
2024-09-05T08:18:30	-1089.63	3685.10	-3568.35	-6.87	8.46	-4.98
2024-09-05T08:18:32	-1091.22	3686.02	-3576.13	-6.86	8.58	-4.92
2024-09-05T08:18:34	-1092.80	3686.94	-3583.91	-6.85	8.71	-4.86
2024-09-05T08:18:36	-1094.39	3687.86	-3591.69	-6.85	8.86	-4.79
2024-09-05T08:18:38	-1095.97	3688.77	-3599.47	-6.86	9.02	-4.72
2024-09-05T08:18:40	-1097.55	3689.68	-3607.25	-6.88	9.20	-4.64
2024-09-05T08:18:42	-1099.13	3690.60	-3615.02	-6.97	9.45	-4.54
2024-09-05T08:18:44	-1100.71	3691.50	-3622.79	-7.05	9.69	-4.45
2024-09-05T08:18:46	-1102.29	3692.41	-3630.57	-7.15	9.92	-4.36
2024-09-05T08:18:48	-1103.87	3693.31	-3638.33	-7.25	10.15	-4.26
2024-09-05T08:18:50	-1105.45	3694.22	-3646.10	-7.36	10.36	-4.16
2024-09-05T08:18:52	-1107.03	3695.12	-3653.86	-7.47	10.57	-4.06
2024-09-05T08:18:54	-1108.61	3696.01	-3661.63	-7.59	10.78	-3.96
2024-09-05T08:18:56	-1110.19	3696.91	-3669.38	-7.69	10.91	-3.85
2024-09-05T08:18:58	-1111.76	3697.80	-3677.14	-7.78	11.03	-3.74
2024-09-05T08:19:00	-1113.34	3698.70	-3684.90	-7.87	11.15	-3.62
2024-09-05T08:19:02	-1114.91	3699.58	-3692.65	-7.96	11.27	-3.49
2024-09-05T08:19:04	-1116.49	3700.47	-3700.40	-8.04	11.39	-3.35
2024-09-05T08:19:06	-1118.06	3701.36	-3708.15	-8.13	11.51	-3.20
2024-09-05T08:19:08	-1119.63	3702.24	-3715.89	-8.21	11.62	-3.03
2024-09-05T08:19:10	-1121.21	3703.12	-3723.64	-8.28	11.76	-2.84
2024-09-05T08:19:12	-1122.78	3704.00	-3731.38	-8.34	11.93	-2.63
2024-09-05T08:19:14	-1124.35	3704.87	-3739.12	-8.41	12.11	-2.41
2024-09-05T08:19:16	-1125.92	3705.75	-3746.86	-8.48	12.29	-2.20
2024-09-05T08:19:18	-1127.49	3706.62	-3754.59	-8.55	12.46	-2.00
2024-09-05T08:19:20	-1129.06	3707.49	-3762.33	-8.62	12.60	-1.79
2024-09-05T08:19:22	-1130.63	3708.36	-3770.06	-8.69	12.73	-1.58
2024-09-05T08:19:24	-1132.20	3709.23	-3777.79	-8.76	12.84	-1.39
2024-09-05T08:19:26	-1133.76	3710.09	-3785.51	-8.84	12.78	-1.24
2024-09-05T08:19:28	-1135.33	3710.95	-3793.24	-8.93	12.72	-1.10
2024-09-05T08:19:30	-1136.90	3711.81	-3800.96	-9.04	12.67	-0.95
2024-09-05T08:19:32	-1138.46	3712.67	-3808.68	-9.16	12.62	-0.81
