Time	POS_X	POS_Y	POS_Z	B_X	B_Y	B_Z
2024-09-05T07:38:06	1157.16	-1700.05	5030.58	17.66	-11.33	4.40
2024-09-05T07:38:08	1155.60	-1693.56	5026.31	17.30	-11.52	3.96
2024-09-05T07:38:10	1154.04	-1687.07	5022.03	16.87	-11.65	3.57
2024-09-05T07:38:12	1152.48	-1680.57	5017.75	16.41	-11.75	3.23
2024-09-05T07:38:14	1150.92	-1674.08	5013.47	15.92	-11.82	2.94
2024-09-05T07:38:16	1149.36	-1667.59	5009.18	15.40	-11.85	2.70
2024-09-05T07:38:18	1147.80	-1661.09	5004.90	14.86	-11.84	2.51
2024-09-05T07:38:20	1146.24	-1654.60	5000.60	14.24	-11.50	2.29
2024-09-05T07:38:22	1144.68	-1648.10	4996.31	13.68	-11.16	2.09
2024-09-05T07:38:24	1143.11	-1641.60	4992.01	13.17	-10.83	1.91
2024-09-05T07:38:26	1141.55	-1635.10	4987.71	12.71	-10.51	1.74
2024-09-05T07:38:28	1139.99	-1628.60	4983.41	12.30	-10.18	1.58
2024-09-05T07:38:30	1138.42	-1622.10	4979.11	11.93	-9.85	1.43
2024-09-05T07:38:32	1136.86	-1615.60	4974.80	11.61	-9.52	1.27
2024-09-05T07:38:34	1135.29	-1609.09	4970.48	11.25	-9.17	1.06
2024-09-05T07:38:36	1133.72	-1602.59	4966.17	10.85	-8.81	0.75
2024-09-05T07:38:38	1132.16	-1596.08	4961.85	10.47	-8.53	0.39
2024-09-05T07:38:40	1130.59	-1589.58	4957.54	10.07	-8.25	0.05
2024-09-05T07:38:42	1129.02	-1583.07	4953.21	9.66	-7.97	-0.29
2024-09-05T07:38:44	1127.45	-1576.56	4948.89	9.22	-7.69	-0.61
2024-09-05T07:38:46	1125.88	-1570.06	4944.56	8.77	-7.40	-0.94
2024-09-05T07:38:48	1124.31	-1563.55	4940.23	8.30	-7.11	-1.26
2024-09-05T07:38:50	1122.74	-1557.04	4935.89	7.80	-6.80	-1.59
2024-09-05T07:38:52	1121.17	-1550.52	4931.56	7.28	-6.48	-1.92
2024-09-05T07:38:54	1119.59	-1544.01	4927.22	6.67	-6.14	-2.21
2024-09-05T07:38:56	1118.02	-1537.50	4922.87	5.97	-5.76	-2.45
2024-09-05T07:38:58	1116.45	-1530.99	4918.53	5.27	-5.38	-2.70
2024-09-05T07:39:00	1114.87	-1524.47	4914.18	4.56	-4.98	-2.96
2024-09-05T07:39:02	1113.30	-1517.96	4909.83	3.84	-4.57	-3.27
2024-09-05T07:39:04	1111.72	-1511.44	4905.47	3.12	-4.17	-3.58
2024-09-05T07:39:06	1110.15	-1504.92	4901.11	2.41	-3.76	-3.89
2024-09-05T07:39:08	1108.57	-1498.40	4896.75	1.70	-3.36	-4.22
2024-09-05T07:39:10	1106.99	-1491.88	4892.39	1.00	-2.96	-4.55
2024-09-05T07:39:12	1105.42	-1485.36	4888.02	0.28	-2.60	-4.86
2024-09-05T07:39:14	1103.83	-1478.84	4883.65	-0.47	-2.25	-5.15
2024-09-05T07:39:16	1102.26	-1472.32	4879.28	-1.24	-1.90	-5.43
2024-09-05T07:39:18	1100.68	-1465.79	4874.90	-2.03	-1.54	-5.69
2024-09-05T07:39:20	1099.10	-1459.27	4870.52	-2.82	-1.18	-5.96
2024-09-05T07:39:22	1097.51	-1452.74	4866.14	-3.62	-0.82	-6.22
2024-09-05T07:39:24	1095.93	-1446.22	4861.76	-4.42	-0.46	-6.48
2024-09-05T07:39:26	1094.35	-1439.69	4857.37	-5.24	-0.12	-6.76
2024-09-05T07:39:28	1092.77	-1433.16	4852.98	-6.09	0.12	-7.13
2024-09-05T07:39:30	1091.18	-1426.63	4848.58	-6.95	0.34	-7.57
2024-09-05T07:39:32	1089.60	-1420.10	4844.19	-7.84	0.58	-8.01
2024-09-05T07:39:34	1088.01	-1413.57	4839.78	-8.74	0.85	-8.44
2024-09-05T07:39:36	1086.42	-1407.04	4835.38	-9.65	1.15	-8.87
2024-09-05T07:39:38	1084.84	-1400.51	4830.97	-10.56	1.48	-9.29
2024-09-05T07:39:40	1083.25	-1393.97	4826.56	-11.48	1.83	-9.71
2024-09-05T07:39:42	1081.66	-1387.44	4822.15	-12.41	2.20	-10.13
2024-09-05T07:39:44	1080.07	-1380.91	4817.73	-13.33	2.60	-10.55
2024-09-05T07:39:46	1078.48	-1374.37	4813.31	-14.23	3.03	-10.97
2024-09-05T07:39:48	1076.89	-1367.83	4808.89	-15.05	3.48	-11.39
2024-09-05T07:39:50	1075.30	-1361.29	4804.47	-15.89	3.95	-11.79
2024-09-05T07:39:52	1073.71	-1354.75	4800.04	-16.80	4.45	-12.18
2024-09-05T07:39:54	1072.12	-1348.21	4795.61	-17.92	5.03	-12.56
2024-09-05T07:39:56	1070.53	-1341.67	4791.17	-19.13	5.60	-12.96
2024-09-05T07:39:58	1068.93	-1335.13	4786.73	-20.40	6.17	-13.38
2024-09-05T07:40:00	1067.34	-1328.59	4782.29	-21.77	6.73	-13.82
2024-09-05T07:40:02	1065.75	-1322.05	4777.85	-23.22	7.28	-14.29
2024-09-05T07:40:04	1064.15	-1315.50	4773.40	-24.67	7.83	-14.82
2024-09-05T07:40:06	1062.55	-1308.96	4768.95	-25.99	8.42	-15.43
2024-09-05T07:40:08	1060.96	-1302.41	4764.49	-27.28	9.06	-16.09
2024-09-05T07:40:10	1059.36	-1295.86	4760.03	-28.54	9.75	-16.82
2024-09-05T07:40:12	1057.76	-1289.32	4755.57	-29.77	10.51	-17.60
2024-09-05T07:40:14	1056.16	-1282.77	4751.11	-30.96	11.32	-18.46
2024-09-05T07:40:16	1054.56	-1276.22	4746.64	-32.11	12.21	-19.37
2024-09-05T07:40:18	1052.96	-1269.67	4742.17	-33.15	13.07	-20.25
2024-09-05T07:40:20	1051.36	-1263.11	4737.70	-33.96	13.70	-20.90
2024-09-05T07:40:22	1049.76	-1256.56	4733.22	-34.45	14.00	-21.31
2024-09-05T07:40:24	1048.16	-1250.01	4728.74	-34.85	14.06	-21.64
2024-09-05T07:40:26	1046.55	-1243.46	4724.25	-35.33	13.98	-22.01
2024-09-05T07:40:28	1044.95	-1236.90	4719.77	-35.88	13.75	-22.34
2024-09-05T07:40:30	1043.34	-1230.34	4715.28	-36.53	13.41	-22.71
2024-09-05T07:40:32	1041.74	-1223.79	4710.78	-37.26	13.00	-23.15
2024-09-05T07:40:34	1040.13	-1217.23	4706.28	-38.07	12.51	-23.65
2024-09-05T07:40:36	1038.52	-1210.67	4701.78	-38.96	11.96	-24.22
2024-09-05T07:40:38	1036.92	-1204.11	4697.28	-39.93	11.33	-24.84
2024-09-05T07:40:40	1035.31	-1197.55	4692.77	-41.20	11.00	-25.53
2024-09-05T07:40:42	1033.70	-1190.99	4688.26	-42.47	10.73	-26.24
2024-09-05T07:40:44	1032.09	-1184.43	4683.75	-43.91	10.99	-26.93
2024-09-05T07:40:46	1030.48	-1177.86	4679.23	-45.42	11.56	-27.57
2024-09-05T07:40:48	1028.87	-1171.30	4674.71	-46.90	12.10	-28.16
2024-09-05T07:40:50	1027.26	-1164.73	4670.18	-48.34	12.61	-28.69
2024-09-05T07:40:52	1025.64	-1158.17	4665.65	-49.77	13.09	-29.16
2024-09-05T07:40:54	1024.03	-1151.60	4661.12	-51.19	13.52	-29.57
2024-09-05T07:40:56	1022.42	-1145.04	4656.58	-52.65	13.99	-29.97
2024-09-05T07:40:58	1020.80	-1138.47	4652.05	-54.21	14.66	-30.53
2024-09-05T07:41:00	1019.19	-1131.90	4647.50	-55.74	15.28	-31.10
2024-09-05T07:41:02	1017.57	-1125.33	4642.96	-57.22	15.88	-31.68
2024-09-05T07:41:04	1015.96	-1118.76	4638.41	-58.66	16.44	-32.28
2024-09-05T07:41:06	1014.34	-1112.19	4633.86	-60.07	16.99	-32.91
2024-09-05T07:41:08	1012.72	-1105.61	4629.30	-61.43	17.51	-33.56
2024-09-05T07:41:10	1011.10	-1099.04	4624.74	-62.71	18.20	-34.57
2024-09-05T07:41:12	1009.48	-1092.47	4620.18	-63.93	18.86	-35.61
2024-09-05T07:41:14	1007.86	-1085.89	4615.61	-65.22	19.32	-36.59
2024-09-05T07:41:16	1006.24	-1079.31	4611.04	-66.57	19.61	-37.47
2024-09-05T07:41:18	1004.61	-1072.74	4606.46	-67.88	19.88	-38.30
2024-09-05T07:41:20	1002.99	-1066.16	4601.89	-69.15	20.16	-39.09
2024-09-05T07:41:22	1001.37	-1059.58	4597.31	-70.39	20.43	-39.83
2024-09-05T07:41:24	999.74	-1053.00	4592.72	-71.60	20.72	-40.51
2024-09-05T07:41:26	998.12	-1046.42	4588.13	-72.78	21.01	-41.13
2024-09-05T07:41:28	996.49	-1039.84	4583.54	-73.94	21.33	-41.69
2024-09-05T07:41:30	994.87	-1033.26	4578.95	-75.08	21.68	-42.19
2024-09-05T07:41:32	993.24	-1026.68	4574.35	-76.16	22.47	-42.67
2024-09-05T07:41:34	991.61	-1020.09	4569.74	-77.08	23.28	-42.96
2024-09-05T07:41:36	989.98	-1013.51	4565.14	-77.86	23.96	-43.16
2024-09-05T07:41:38	988.35	-1006.92	4560.53	-78.56	24.50	-43.37
2024-09-05T07:41:40	986.72	-1000.34	4555.91	-79.15	24.80	-43.62
2024-09-05T07:41:42	985.09	-993.75	4551.29	-79.74	24.99	-43.91
2024-09-05T07:41:44	983.46	-987.16	4546.67	-80.33	25.07	-44.23
2024-09-05T07:41:46	981.82	-980.57	4542.05	-80.92	25.02	-44.57
2024-09-05T07:41:48	980.19	-973.99	4537.42	-81.47	24.89	-44.97
2024-09-05T07:41:50	978.56	-967.40	4532.78	-81.93	24.87	-45.57
2024-09-05T07:41:52	976.92	-960.81	4528.15	-82.36	24.85	-46.16
2024-09-05T07:41:54	975.29	-954.21	4523.51	-82.75	24.83	-46.73
2024-09-05T07:41:56	973.65	-947.62	4518.86	-83.09	24.81	-47.27
2024-09-05T07:41:58	972.01	-941.03	4514.21	-83.37	24.81	-47.83
2024-09-05T07:42:00	970.37	-934.43	4509.56	-83.70	24.92	-48.58
2024-09-05T07:42:02	968.73	-927.84	4504.91	-84.16	25.05	-49.37
2024-09-05T07:42:04	967.09	-921.24	4500.25	-84.72	25.20	-50.18
2024-09-05T07:42:06	965.45	-914.65	4495.59	-85.39	25.27	-50.84
2024-09-05T07:42:08	963.81	-908.05	4490.92	-86.05	25.31	-51.34
2024-09-05T07:42:10	962.17	-901.45	4486.25	-86.62	25.41	-51.83
2024-09-05T07:42:12	960.53	-894.85	4481.57	-87.11	25.58	-52.31
2024-09-05T07:42:14	958.88	-888.25	4476.89	-87.51	25.83	-52.78
2024-09-05T07:42:16	957.24	-881.65	4472.21	-87.83	26.14	-53.23
2024-09-05T07:42:18	955.59	-875.05	4467.53	-88.06	26.53	-53.65
2024-09-05T07:42:20	953.95	-868.45	4462.84	-88.20	27.00	-54.05
2024-09-05T07:42:22	952.30	-861.85	4458.14	-88.27	27.54	-54.41
2024-09-05T07:42:24	950.65	-855.24	4453.44	-88.90	27.62	-54.75
2024-09-05T07:42:26	949.00	-848.64	4448.74	-89.66	27.64	-55.06
2024-09-05T07:42:28	947.35	-842.03	4444.04	-90.41	27.67	-55.36
2024-09-05T07:42:30	945.70	-835.43	4439.32	-91.15	27.72	-55.64
2024-09-05T07:42:32	944.05	-828.82	4434.61	-91.86	27.78	-55.90
2024-09-05T07:42:34	942.40	-822.21	4429.89	-92.53	27.85	-56.16
2024-09-05T07:42:36	940.75	-815.61	4425.17	-93.16	27.93	-56.42
2024-09-05T07:42:38	939.10	-809.00	4420.44	-93.74	28.03	-56.68
2024-09-05T07:42:40	937.44	-802.39	4415.71	-94.26	28.11	-56.95
2024-09-05T07:42:42	935.78	-795.78	4410.98	-94.82	27.93	-57.29
2024-09-05T07:42:44	934.13	-789.17	4406.24	-95.36	27.68	-57.62
2024-09-05T07:42:46	932.47	-782.55	4401.50	-95.87	27.35	-57.93
2024-09-05T07:42:48	930.81	-775.94	4396.75	-96.39	26.99	-58.35
2024-09-05T07:42:50	929.15	-769.33	4392.00	-96.93	26.70	-58.85
2024-09-05T07:42:52	927.50	-762.71	4387.25	-97.51	26.47	-59.39
2024-09-05T07:42:54	925.84	-756.10	4382.49	-98.15	26.29	-59.99
2024-09-05T07:42:56	924.17	-749.49	4377.73	-98.84	26.17	-60.61
2024-09-05T07:42:58	922.51	-742.87	4372.96	-99.53	26.17	-61.22
2024-09-05T07:43:00	920.85	-736.25	4368.19	-100.16	26.20	-61.75
2024-09-05T07:43:02	919.19	-729.64	4363.41	-100.77	26.22	-62.24
2024-09-05T07:43:04	917.52	-723.02	4358.64	-101.34	26.23	-62.69
2024-09-05T07:43:06	915.86	-716.40	4353.85	-101.88	26.22	-63.11
2024-09-05T07:43:08	914.19	-709.78	4349.06	-102.40	26.20	-63.50
2024-09-05T07:43:10	912.52	-703.16	4344.27	-102.89	26.18	-63.88
2024-09-05T07:43:12	910.86	-696.54	4339.48	-103.19	26.07	-64.19
2024-09-05T07:43:14	909.19	-689.91	4334.67	-103.42	25.93	-64.49
2024-09-05T07:43:16	907.52	-683.29	4329.87	-103.48	25.88	-65.03
2024-09-05T07:43:18	905.85	-676.67	4325.06	-103.52	25.83	-65.60
2024-09-05T07:43:20	904.18	-670.05	4320.25	-103.58	25.79	-66.19
2024-09-05T07:43:22	902.50	-663.42	4315.43	-103.65	25.75	-66.79
2024-09-05T07:43:24	900.83	-656.80	4310.61	-103.73	25.71	-67.41
2024-09-05T07:43:26	899.16	-650.17	4305.79	-103.82	25.66	-68.06
2024-09-05T07:43:28	897.48	-643.55	4300.95	-103.93	25.62	-68.72
2024-09-05T07:43:30	895.81	-636.92	4296.12	-104.06	25.57	-69.41
2024-09-05T07:43:32	894.13	-630.29	4291.28	-104.18	25.49	-70.08
2024-09-05T07:43:34	892.45	-623.66	4286.44	-104.29	25.29	-70.62
2024-09-05T07:43:36	890.78	-617.03	4281.59	-104.39	25.03	-71.26
2024-09-05T07:43:38	889.10	-610.40	4276.74	-104.54	24.76	-71.91
2024-09-05T07:43:40	887.42	-603.77	4271.88	-104.72	24.48	-72.57
2024-09-05T07:43:42	885.73	-597.14	4267.02	-104.96	24.20	-73.25
2024-09-05T07:43:44	884.05	-590.51	4262.16	-105.24	23.90	-73.95
2024-09-05T07:43:46	882.37	-583.88	4257.29	-105.56	23.61	-74.67
2024-09-05T07:43:48	880.69	-577.25	4252.41	-105.94	23.30	-75.42
2024-09-05T07:43:50	879.00	-570.61	4247.53	-106.32	23.02	-76.01
2024-09-05T07:43:52	877.32	-563.98	4242.65	-106.65	22.76	-76.45
2024-09-05T07:43:54	875.63	-557.34	4237.76	-106.95	22.50	-76.83
2024-09-05T07:43:56	873.94	-550.71	4232.87	-107.19	22.24	-77.14
2024-09-05T07:43:58	872.26	-544.07	4227.97	-107.33	22.01	-77.40
2024-09-05T07:44:00	870.57	-537.44	4223.07	-107.36	21.80	-77.70
2024-09-05T07:44:02	868.88	-530.80	4218.17	-107.42	21.59	-78.09
2024-09-05T07:44:04	867.19	-524.16	4213.26	-107.51	21.38	-78.55
2024-09-05T07:44:06	865.49	-517.52	4208.34	-107.61	21.17	-79.09
2024-09-05T07:44:08	863.80	-510.88	4203.42	-107.79	20.89	-79.84
2024-09-05T07:44:10	862.11	-504.25	4198.50	-107.98	20.59	-80.56
2024-09-05T07:44:12	860.41	-497.61	4193.57	-108.18	20.27	-81.26
2024-09-05T07:44:14	858.72	-490.96	4188.64	-108.38	19.94	-81.93
2024-09-05T07:44:16	857.02	-484.32	4183.70	-108.59	19.60	-82.59
2024-09-05T07:44:18	855.33	-477.68	4178.76	-108.81	19.25	-83.22
2024-09-05T07:44:20	853.63	-471.04	4173.81	-109.03	18.90	-83.84
2024-09-05T07:44:22	851.93	-464.40	4168.86	-109.27	18.55	-84.43
2024-09-05T07:44:24	850.23	-457.76	4163.90	-109.59	18.25	-85.01
2024-09-05T07:44:26	848.53	-451.11	4158.94	-110.00	17.99	-85.58
2024-09-05T07:44:28	846.83	-444.47	4153.97	-110.39	17.71	-86.15
2024-09-05T07:44:30	845.13	-437.82	4149.00	-110.76	17.42	-86.71
2024-09-05T07:44:32	843.42	-431.18	4144.03	-111.12	17.11	-87.28
2024-09-05T07:44:34	841.72	-424.53	4139.05	-111.46	16.78	-87.86
2024-09-05T07:44:36	840.01	-417.89	4134.06	-111.79	16.44	-88.44
2024-09-05T07:44:38	838.31	-411.24	4129.08	-112.11	16.07	-89.04
2024-09-05T07:44:40	836.60	-404.59	4124.08	-112.42	15.69	-89.64
2024-09-05T07:44:42	834.89	-397.94	4119.08	-112.69	15.34	-90.24
2024-09-05T07:44:44	833.18	-391.30	4114.08	-112.95	15.00	-90.82
2024-09-05T07:44:46	831.47	-384.65	4109.07	-113.18	14.73	-91.33
2024-09-05T07:44:48	829.76	-378.00	4104.05	-113.40	14.44	-91.83
2024-09-05T07:44:50	828.05	-371.35	4099.03	-113.60	14.16	-92.33
2024-09-05T07:44:52	826.33	-364.70	4094.01	-113.79	13.87	-92.83
2024-09-05T07:44:54	824.62	-358.05	4088.98	-113.97	13.57	-93.31
2024-09-05T07:44:56	822.90	-351.40	4083.95	-114.12	13.28	-93.78
2024-09-05T07:44:58	821.19	-344.75	4078.91	-114.24	12.97	-94.22
2024-09-05T07:45:00	819.47	-338.10	4073.87	-114.29	12.64	-94.62
2024-09-05T07:45:02	817.76	-331.44	4068.82	-114.35	12.31	-95.03
2024-09-05T07:45:04	816.04	-324.79	4063.77	-114.42	11.98	-95.46
2024-09-05T07:45:06	814.32	-318.14	4058.71	-114.50	11.66	-95.91
2024-09-05T07:45:08	812.60	-311.49	4053.65	-114.59	11.35	-96.38
2024-09-05T07:45:10	810.87	-304.83	4048.58	-114.67	11.07	-96.86
2024-09-05T07:45:12	809.15	-298.18	4043.51	-114.74	10.78	-97.34
2024-09-05T07:45:14	807.43	-291.52	4038.43	-114.81	10.49	-97.83
2024-09-05T07:45:16	805.70	-284.87	4033.34	-114.89	10.20	-98.29
2024-09-05T07:45:18	803.98	-278.21	4028.26	-115.00	9.91	-98.75
2024-09-05T07:45:20	802.25	-271.56	4023.16	-115.11	9.60	-99.20
2024-09-05T07:45:22	800.52	-264.90	4018.07	-115.22	9.29	-99.66
2024-09-05T07:45:24	798.80	-258.24	4012.96	-115.34	8.98	-100.12
2024-09-05T07:45:26	797.07	-251.59	4007.85	-115.45	8.66	-100.57
2024-09-05T07:45:28	795.34	-244.93	4002.74	-115.56	8.34	-101.02
2024-09-05T07:45:30	793.60	-238.27	3997.62	-115.68	8.04	-101.50
2024-09-05T07:45:32	791.87	-231.62	3992.49	-115.80	7.75	-102.01
2024-09-05T07:45:34	790.14	-224.96	3987.37	-115.93	7.45	-102.54
2024-09-05T07:45:36	788.40	-218.30	3982.23	-116.06	7.15	-103.07
2024-09-05T07:45:38	786.67	-211.64	3977.09	-116.18	6.84	-103.61
2024-09-05T07:45:40	784.93	-204.98	3971.95	-116.31	6.53	-104.15
2024-09-05T07:45:42	783.19	-198.32	3966.80	-116.43	6.21	-104.70
2024-09-05T07:45:44	781.45	-191.66	3961.64	-116.55	5.89	-105.25
2024-09-05T07:45:46	779.71	-185.01	3956.48	-116.67	5.56	-105.80
2024-09-05T07:45:48	777.97	-178.35	3951.31	-116.79	5.22	-106.35
2024-09-05T07:45:50	776.23	-171.69	3946.14	-116.91	4.87	-106.89
2024-09-05T07:45:52	774.49	-165.02	3940.97	-117.04	4.53	-107.40
2024-09-05T07:45:54	772.75	-158.37	3935.78	-117.20	4.18	-107.91
2024-09-05T07:45:56	771.00	-151.70	3930.60	-117.36	3.83	-108.42
2024-09-05T07:45:58	769.26	-145.04	3925.40	-117.53	3.48	-108.94
2024-09-05T07:46:00	767.51	-138.38	3920.20	-117.71	3.12	-109.45
2024-09-05T07:46:02	765.76	-131.72	3915.00	-117.89	2.75	-109.96
2024-09-05T07:46:04	764.01	-125.06	3909.79	-118.08	2.38	-110.48
2024-09-05T07:46:06	762.26	-118.40	3904.58	-118.28	2.00	-111.00
2024-09-05T07:46:08	760.51	-111.73	3899.36	-118.46	1.62	-111.49
2024-09-05T07:46:10	758.76	-105.07	3894.13	-118.63	1.23	-111.98
2024-09-05T07:46:12	757.01	-98.41	3888.90	-118.80	0.84	-112.45
2024-09-05T07:46:14	755.26	-91.75	3883.67	-118.96	0.45	-112.97
2024-09-05T07:46:16	753.50	-85.09	3878.42	-119.12	0.06	-113.55
2024-09-05T07:46:18	751.74	-78.42	3873.18	-119.29	-0.33	-114.13
2024-09-05T07:46:20	749.99	-71.76	3867.92	-119.46	-0.74	-114.72
2024-09-05T07:46:22	748.23	-65.10	3862.66	-119.64	-1.15	-115.31
2024-09-05T07:46:24	746.47	-58.43	3857.40	-119.81	-1.57	-115.91
2024-09-05T07:46:26	744.71	-51.77	3852.13	-119.97	-2.00	-116.51
2024-09-05T07:46:28	742.95	-45.11	3846.85	-120.13	-2.44	-117.11
2024-09-05T07:46:30	741.19	-38.44	3841.57	-120.29	-2.88	-117.69
2024-09-05T07:46:32	739.42	-31.78	3836.29	-120.45	-3.33	-118.27
2024-09-05T07:46:34	737.66	-25.12	3830.99	-120.60	-3.78	-118.84
2024-09-05T07:46:36	735.89	-18.45	3825.70	-120.76	-4.23	-119.42
2024-09-05T07:46:38	734.13	-11.79	3820.39	-120.91	-4.68	-120.02
2024-09-05T07:46:40	732.36	-5.13	3815.08	-121.07	-5.13	-120.63
2024-09-05T07:46:42	730.59	1.54	3809.77	-121.22	-5.60	-121.22
2024-09-05T07:46:44	728.82	8.20	3804.45	-121.38	-6.08	-121.81
2024-09-05T07:46:46	727.05	14.86	3799.12	-121.53	-6.56	-122.41
2024-09-05T07:46:48	725.28	21.53	3793.79	-121.69	-7.05	-123.00
2024-09-05T07:46:50	723.50	28.19	3788.45	-121.85	-7.55	-123.60
2024-09-05T07:46:52	721.73	34.85	3783.10	-122.01	-8.05	-124.20
2024-09-05T07:46:54	719.96	41.52	3777.75	-122.18	-8.56	-124.80
2024-09-05T07:46:56	718.18	48.18	3772.40	-122.34	-9.07	-125.41
2024-09-05T07:46:58	716.40	54.84	3767.04	-122.53	-9.61	-126.04
2024-09-05T07:47:00	714.62	61.51	3761.67	-122.72	-10.15	-126.65
2024-09-05T07:47:02	712.85	68.17	3756.29	-122.90	-10.70	-127.27
2024-09-05T07:47:04	711.06	74.83	3750.92	-123.09	-11.26	-127.89
2024-09-05T07:47:06	709.28	81.50	3745.53	-123.27	-11.83	-128.51
2024-09-05T07:47:08	707.50	88.16	3740.14	-123.44	-12.41	-129.13
2024-09-05T07:47:10	705.72	94.82	3734.74	-123.61	-12.99	-129.76
2024-09-05T07:47:12	703.93	101.48	3729.34	-123.78	-13.59	-130.38
2024-09-05T07:47:14	702.14	108.15	3723.93	-123.93	-14.18	-131.00
2024-09-05T07:47:16	700.36	114.81	3718.51	-124.08	-14.78	-131.60
2024-09-05T07:47:18	698.57	121.47	3713.09	-124.22	-15.39	-132.21
2024-09-05T07:47:20	696.78	128.13	3707.67	-124.38	-16.01	-132.85
2024-09-05T07:47:22	694.99	134.79	3702.23	-124.55	-16.63	-133.49
2024-09-05T07:47:24	693.20	141.45	3696.79	-124.72	-17.25	-134.12
2024-09-05T07:47:26	691.41	148.12	3691.35	-124.90	-17.89	-134.76
2024-09-05T07:47:28	689.61	154.78	3685.89	-125.07	-18.53	-135.40
2024-09-05T07:47:30	687.82	161.44	3680.43	-125.25	-19.17	-136.04
2024-09-05T07:47:32	686.02	168.10	3674.97	-125.44	-19.82	-136.68
2024-09-05T07:47:34	684.22	174.76	3669.50	-125.61	-20.46	-137.27
2024-09-05T07:47:36	682.43	181.42	3664.02	-125.79	-21.10	-137.86
2024-09-05T07:47:38	680.63	188.08	3658.54	-125.96	-21.74	-138.44
2024-09-05T07:47:40	678.83	194.74	3653.05	-126.13	-22.40	-139.05
2024-09-05T07:47:42	677.02	201.40	3647.56	-126.29	-23.07	-139.67
2024-09-05T07:47:44	675.22	208.05	3642.06	-126.46	-23.74	-140.28
2024-09-05T07:47:46	673.42	214.71	3636.55	-126.62	-24.42	-140.90
2024-09-05T07:47:48	671.61	221.37	3631.03	-126.78	-25.11	-141.52
2024-09-05T07:47:50	669.81	228.03	3625.51	-126.94	-25.81	-142.12
2024-09-05T07:47:52	668.00	234.69	3619.99	-127.11	-26.51	-142.71
2024-09-05T07:47:54	666.19	241.34	3614.45	-127.28	-27.22	-143.30
2024-09-05T07:47:56	664.38	248.00	3608.92	-127.45	-27.94	-143.88
2024-09-05T07:47:58	662.57	254.66	3603.37	-127.62	-28.66	-144.47
2024-09-05T07:48:00	660.76	261.31	3597.82	-127.80	-29.39	-145.07
2024-09-05T07:48:02	658.95	267.97	3592.26	-128.00	-30.13	-145.71
2024-09-05T07:48:04	657.13	274.62	3586.69	-128.20	-30.89	-146.34
2024-09-05T07:48:06	655.32	281.27	3581.12	-128.40	-31.65	-146.97
2024-09-05T07:48:08	653.50	287.93	3575.54	-128.57	-32.40	-147.58
2024-09-05T07:48:10	651.68	294.58	3569.96	-128.73	-33.15	-148.18
2024-09-05T07:48:12	649.86	301.23	3564.37	-128.89	-33.91	-148.79
2024-09-05T07:48:14	648.04	307.88	3558.77	-129.06	-34.67	-149.40
2024-09-05T07:48:16	646.22	314.54	3553.17	-129.23	-35.44	-150.02
2024-09-05T07:48:18	644.40	321.19	3547.56	-129.39	-36.22	-150.64
2024-09-05T07:48:20	642.58	327.84	3541.94	-129.55	-37.01	-151.27
2024-09-05T07:48:22	640.75	334.49	3536.31	-129.71	-37.82	-151.92
2024-09-05T07:48:24	638.93	341.14	3530.68	-129.86	-38.64	-152.58
2024-09-05T07:48:26	637.10	347.78	3525.05	-129.99	-39.46	-153.21
2024-09-05T07:48:28	635.27	354.43	3519.40	-130.11	-40.28	-153.85
2024-09-05T07:48:30	633.44	361.08	3513.75	-130.23	-41.11	-154.49
2024-09-05T07:48:32	631.61	367.73	3508.09	-130.36	-41.95	-155.12
2024-09-05T07:48:34	629.78	374.37	3502.43	-130.49	-42.80	-155.75
2024-09-05T07:48:36	627.95	381.02	3496.76	-130.61	-43.66	-156.38
2024-09-05T07:48:38	626.11	387.66	3491.08	-130.74	-44.53	-157.00
2024-09-05T07:48:40	624.28	394.30	3485.40	-130.87	-45.40	-157.61
2024-09-05T07:48:42	622.44	400.95	3479.71	-131.04	-46.29	-158.24
2024-09-05T07:48:44	620.60	407.59	3474.01	-131.21	-47.18	-158.85
2024-09-05T07:48:46	618.76	414.23	3468.30	-131.39	-48.07	-159.46
2024-09-05T07:48:48	616.93	420.87	3462.59	-131.55	-48.97	-160.08
2024-09-05T07:48:50	615.08	427.51	3456.87	-131.71	-49.88	-160.70
2024-09-05T07:48:52	613.24	434.15	3451.15	-131.87	-50.79	-161.32
2024-09-05T07:48:54	611.40	440.79	3445.42	-132.03	-51.72	-161.94
2024-09-05T07:48:56	609.55	447.42	3439.68	-132.17	-52.66	-162.56
2024-09-05T07:48:58	607.71	454.06	3433.93	-132.32	-53.62	-163.19
2024-09-05T07:49:00	605.86	460.69	3428.18	-132.44	-54.54	-163.81
2024-09-05T07:49:02	604.01	467.33	3422.42	-132.60	-55.49	-164.46
2024-09-05T07:49:04	602.16	473.96	3416.65	-132.75	-56.44	-165.11
2024-09-05T07:49:06	600.31	480.59	3410.88	-132.90	-57.41	-165.75
2024-09-05T07:49:08	598.46	487.22	3405.10	-133.04	-58.39	-166.39
2024-09-05T07:49:10	596.61	493.86	3399.31	-133.17	-59.38	-167.02
2024-09-05T07:49:12	594.75	500.49	3393.51	-133.29	-60.38	-167.65
2024-09-05T07:49:14	592.90	507.11	3387.71	-133.41	-61.40	-168.27
2024-09-05T07:49:16	591.04	513.74	3381.90	-133.52	-62.42	-168.86
2024-09-05T07:49:18	589.18	520.37	3376.08	-133.64	-63.41	-169.41
2024-09-05T07:49:20	587.33	526.99	3370.26	-133.75	-64.40	-169.97
2024-09-05T07:49:22	585.46	533.62	3364.43	-133.91	-65.44	-170.58
2024-09-05T07:49:24	583.60	540.24	3358.59	-134.06	-66.48	-171.18
2024-09-05T07:49:26	581.74	546.86	3352.75	-134.22	-67.53	-171.78
2024-09-05T07:49:28	579.88	553.48	3346.89	-134.37	-68.59	-172.38
2024-09-05T07:49:30	578.01	560.10	3341.04	-134.52	-69.66	-172.97
2024-09-05T07:49:32	576.14	566.72	3335.17	-134.66	-70.73	-173.56
2024-09-05T07:49:34	574.28	573.33	3329.29	-134.77	-71.81	-174.09
2024-09-05T07:49:36	572.41	579.95	3323.41	-134.87	-72.88	-174.60
2024-09-05T07:49:38	570.54	586.56	3317.52	-134.97	-73.96	-175.09
2024-09-05T07:49:40	568.66	593.18	3311.63	-135.08	-75.07	-175.61
2024-09-05T07:49:42	566.79	599.79	3305.72	-135.21	-76.22	-176.19
2024-09-05T07:49:44	564.92	606.40	3299.81	-135.33	-77.38	-176.75
2024-09-05T07:49:46	563.04	613.01	3293.90	-135.45	-78.56	-177.32
2024-09-05T07:49:48	561.17	619.62	3287.97	-135.55	-79.76	-177.89
2024-09-05T07:49:50	559.29	626.22	3282.04	-135.65	-80.97	-178.45
2024-09-05T07:49:52	557.41	632.83	3276.10	-135.76	-82.16	-178.96
2024-09-05T07:49:54	555.53	639.43	3270.15	-135.85	-83.36	-179.44
2024-09-05T07:49:56	553.65	646.03	3264.19	-135.95	-84.56	-179.91
2024-09-05T07:49:58	551.77	652.63	3258.23	-136.04	-85.76	-180.37
2024-09-05T07:50:00	549.88	659.23	3252.26	-136.17	-87.01	-180.85
2024-09-05T07:50:02	548.00	665.83	3246.28	-136.30	-88.30	-181.35
2024-09-05T07:50:04	546.11	672.43	3240.30	-136.43	-89.60	-181.85
2024-09-05T07:50:06	544.22	679.02	3234.30	-136.56	-90.91	-182.35
2024-09-05T07:50:08	542.34	685.61	3228.30	-136.67	-92.25	-182.84
2024-09-05T07:50:10	540.45	692.21	3222.30	-136.75	-93.62	-183.29
2024-09-05T07:50:12	538.56	698.79	3216.28	-136.82	-94.99	-183.71
2024-09-05T07:50:14	536.66	705.38	3210.25	-136.86	-96.37	-184.12
2024-09-05T07:50:16	534.77	711.97	3204.23	-136.89	-97.75	-184.50
2024-09-05T07:50:18	532.87	718.55	3198.19	-136.91	-99.16	-184.89
2024-09-05T07:50:20	530.98	725.14	3192.14	-136.96	-100.60	-185.37
2024-09-05T07:50:22	529.08	731.72	3186.09	-136.99	-102.05	-185.84
2024-09-05T07:50:24	527.18	738.30	3180.02	-137.01	-103.50	-186.29
2024-09-05T07:50:26	525.28	744.88	3173.95	-137.04	-104.87	-186.71
2024-09-05T07:50:28	523.38	751.45	3167.88	-137.08	-106.20	-187.11
2024-09-05T07:50:30	521.48	758.03	3161.79	-137.12	-107.55	-187.50
2024-09-05T07:50:32	519.58	764.60	3155.70	-137.17	-108.90	-187.89
2024-09-05T07:50:34	517.67	771.17	3149.60	-137.22	-110.26	-188.26
2024-09-05T07:50:36	515.76	777.74	3143.49	-137.26	-111.63	-188.63
2024-09-05T07:50:38	513.86	784.30	3137.37	-137.33	-113.04	-188.99
2024-09-05T07:50:40	511.95	790.87	3131.25	-137.40	-114.47	-189.34
2024-09-05T07:50:42	510.04	797.43	3125.11	-137.46	-115.92	-189.69
2024-09-05T07:50:44	508.13	803.99	3118.97	-137.47	-117.35	-189.99
2024-09-05T07:50:46	506.21	810.55	3112.83	-137.47	-118.79	-190.27
2024-09-05T07:50:48	504.30	817.10	3106.67	-137.45	-120.24	-190.55
2024-09-05T07:50:50	502.38	823.66	3100.51	-137.43	-121.69	-190.80
2024-09-05T07:50:52	500.47	830.21	3094.33	-137.41	-123.16	-191.04
2024-09-05T07:50:54	498.55	836.76	3088.15	-137.37	-124.63	-191.26
2024-09-05T07:50:56	496.63	843.31	3081.97	-137.38	-126.14	-191.51
2024-09-05T07:50:58	494.71	849.85	3075.77	-137.41	-127.68	-191.80
2024-09-05T07:51:00	492.79	856.40	3069.56	-137.45	-129.22	-192.09
2024-09-05T07:51:02	490.87	862.94	3063.35	-137.51	-130.71	-192.38
2024-09-05T07:51:04	488.94	869.48	3057.13	-137.55	-132.21	-192.65
2024-09-05T07:51:06	487.02	876.01	3050.91	-137.57	-133.74	-192.90
2024-09-05T07:51:08	485.09	882.55	3044.67	-137.58	-135.28	-193.13
2024-09-05T07:51:10	483.17	889.08	3038.42	-137.56	-136.84	-193.33
2024-09-05T07:51:12	481.24	895.61	3032.17	-137.53	-138.42	-193.51
2024-09-05T07:51:14	479.31	902.14	3025.91	-137.51	-140.04	-193.70
2024-09-05T07:51:16	477.38	908.66	3019.64	-137.54	-141.70	-193.97
2024-09-05T07:51:18	475.44	915.18	3013.36	-137.63	-143.33	-194.20
2024-09-05T07:51:20	473.51	921.70	3007.08	-137.77	-144.89	-194.34
2024-09-05T07:51:22	471.57	928.22	3000.78	-137.89	-146.42	-194.42
2024-09-05T07:51:24	469.64	934.73	2994.48	-138.00	-147.95	-194.45
2024-09-05T07:51:26	467.70	941.25	2988.17	-138.10	-149.48	-194.44
2024-09-05T07:51:28	465.76	947.76	2981.85	-138.18	-151.02	-194.37
2024-09-05T07:51:30	463.82	954.26	2975.52	-138.24	-152.55	-194.27
2024-09-05T07:51:32	461.88	960.77	2969.19	-138.31	-154.13	-194.15
2024-09-05T07:51:34	459.94	967.27	2962.85	-138.38	-155.83	-194.11
2024-09-05T07:51:36	457.99	973.77	2956.49	-138.40	-157.48	-194.18
2024-09-05T07:51:38	456.05	980.27	2950.13	-138.37	-159.09	-194.27
2024-09-05T07:51:40	454.10	986.76	2943.76	-138.33	-160.68	-194.32
2024-09-05T07:51:42	452.15	993.25	2937.39	-138.26	-162.28	-194.34
2024-09-05T07:51:44	450.20	999.74	2931.00	-138.18	-163.87	-194.32
2024-09-05T07:51:46	448.25	1006.22	2924.61	-138.07	-165.47	-194.26
2024-09-05T07:51:48	446.30	1012.70	2918.21	-137.96	-167.07	-194.16
2024-09-05T07:51:50	444.35	1019.18	2911.80	-137.81	-168.71	-194.04
2024-09-05T07:51:52	442.39	1025.66	2905.38	-137.62	-170.47	-193.97
2024-09-05T07:51:54	440.44	1032.13	2898.95	-137.39	-172.17	-193.95
2024-09-05T07:51:56	438.48	1038.60	2892.51	-137.17	-173.88	-193.92
2024-09-05T07:51:58	436.52	1045.07	2886.07	-136.95	-175.60	-193.87
2024-09-05T07:52:00	434.56	1051.53	2879.61	-136.73	-177.33	-193.80
2024-09-05T07:52:02	432.60	1057.99	2873.15	-136.51	-179.06	-193.71
2024-09-05T07:52:04	430.64	1064.45	2866.68	-136.29	-180.79	-193.57
2024-09-05T07:52:06	428.68	1070.90	2860.20	-136.06	-182.51	-193.40
2024-09-05T07:52:08	426.71	1077.36	2853.71	-135.85	-184.31	-193.17
2024-09-05T07:52:10	424.75	1083.80	2847.22	-135.67	-186.25	-192.91
2024-09-05T07:52:12	422.78	1090.25	2840.71	-135.55	-188.12	-192.59
2024-09-05T07:52:14	420.81	1096.69	2834.20	-135.42	-189.95	-192.24
2024-09-05T07:52:16	418.85	1103.13	2827.68	-135.28	-191.72	-191.86
2024-09-05T07:52:18	416.87	1109.56	2821.15	-135.13	-193.45	-191.43
2024-09-05T07:52:20	414.90	1115.99	2814.61	-134.98	-195.10	-190.96
2024-09-05T07:52:22	412.93	1122.42	2808.06	-134.82	-196.71	-190.45
2024-09-05T07:52:24	410.96	1128.85	2801.50	-134.66	-198.27	-189.92
2024-09-05T07:52:26	408.98	1135.27	2794.94	-134.58	-199.91	-189.41
2024-09-05T07:52:28	407.00	1141.69	2788.36	-134.52	-201.66	-188.93
2024-09-05T07:52:30	405.03	1148.10	2781.78	-134.48	-203.58	-188.50
2024-09-05T07:52:32	403.05	1154.51	2775.19	-134.41	-205.49	-188.06
2024-09-05T07:52:34	401.07	1160.92	2768.59	-134.31	-207.40	-187.62
2024-09-05T07:52:36	399.08	1167.32	2761.98	-134.18	-209.30	-187.16
2024-09-05T07:52:38	397.10	1173.72	2755.36	-134.01	-211.19	-186.69
2024-09-05T07:52:40	395.12	1180.11	2748.73	-133.81	-213.07	-186.20
2024-09-05T07:52:42	393.13	1186.51	2742.10	-133.56	-214.93	-185.69
2024-09-05T07:52:44	391.14	1192.89	2735.45	-133.40	-216.71	-185.06
2024-09-05T07:52:46	389.16	1199.28	2728.80	-133.22	-218.39	-184.38
2024-09-05T07:52:48	387.17	1205.66	2722.13	-133.05	-219.90	-183.68
2024-09-05T07:52:50	385.18	1212.03	2715.46	-132.91	-221.48	-183.01
2024-09-05T07:52:52	383.18	1218.41	2708.78	-132.79	-223.11	-182.36
2024-09-05T07:52:54	381.19	1224.78	2702.10	-132.68	-224.79	-181.75
2024-09-05T07:52:56	379.20	1231.14	2695.40	-132.57	-226.51	-181.16
2024-09-05T07:52:58	377.20	1237.50	2688.69	-132.47	-228.27	-180.60
2024-09-05T07:53:00	375.21	1243.86	2681.97	-132.28	-230.07	-180.01
2024-09-05T07:53:02	373.21	1250.21	2675.25	-131.96	-231.86	-179.32
2024-09-05T07:53:04	371.21	1256.56	2668.52	-131.55	-233.60	-178.56
2024-09-05T07:53:06	369.21	1262.90	2661.77	-131.03	-235.27	-177.67
2024-09-05T07:53:08	367.21	1269.24	2655.02	-130.51	-236.94	-176.79
2024-09-05T07:53:10	365.21	1275.57	2648.26	-130.00	-238.61	-175.91
2024-09-05T07:53:12	363.20	1281.91	2641.49	-129.51	-240.27	-175.05
2024-09-05T07:53:14	361.20	1288.23	2634.71	-129.04	-241.94	-174.19
2024-09-05T07:53:16	359.19	1294.55	2627.93	-128.62	-243.62	-173.32
2024-09-05T07:53:18	357.18	1300.87	2621.13	-128.56	-245.61	-172.30
2024-09-05T07:53:20	355.18	1307.18	2614.33	-128.49	-247.54	-171.24
2024-09-05T07:53:22	353.17	1313.49	2607.51	-128.43	-249.42	-170.15
2024-09-05T07:53:24	351.16	1319.80	2600.69	-128.40	-251.29	-169.11
2024-09-05T07:53:26	349.14	1326.10	2593.85	-128.31	-253.16	-168.05
2024-09-05T07:53:28	347.13	1332.39	2587.01	-128.17	-255.01	-166.96
2024-09-05T07:53:30	345.12	1338.68	2580.16	-127.99	-256.85	-165.85
2024-09-05T07:53:32	343.10	1344.97	2573.30	-127.77	-258.67	-164.70
2024-09-05T07:53:34	341.08	1351.25	2566.43	-127.46	-260.56	-163.49
2024-09-05T07:53:36	339.06	1357.52	2559.56	-127.11	-262.45	-162.21
2024-09-05T07:53:38	337.05	1363.79	2552.67	-126.76	-264.28	-160.89
2024-09-05T07:53:40	335.03	1370.06	2545.77	-126.41	-266.05	-159.54
2024-09-05T07:53:42	333.00	1376.32	2538.87	-125.95	-267.53	-158.28
2024-09-05T07:53:44	330.98	1382.58	2531.95	-125.49	-268.99	-156.97
2024-09-05T07:53:46	328.96	1388.83	2525.03	-125.01	-270.42	-155.62
2024-09-05T07:53:48	326.93	1395.08	2518.10	-124.52	-271.82	-154.23
2024-09-05T07:53:50	324.91	1401.32	2511.16	-123.99	-273.25	-152.77
2024-09-05T07:53:52	322.88	1407.56	2504.21	-123.39	-274.84	-151.24
2024-09-05T07:53:54	320.85	1413.79	2497.24	-122.76	-276.47	-149.70
2024-09-05T07:53:56	318.82	1420.01	2490.28	-122.10	-278.14	-148.16
2024-09-05T07:53:58	316.79	1426.23	2483.30	-121.40	-279.85	-146.62
2024-09-05T07:54:00	314.76	1432.45	2476.31	-120.73	-281.49	-145.34
2024-09-05T07:54:02	312.73	1438.66	2469.31	-120.07	-283.11	-144.09
2024-09-05T07:54:04	310.69	1444.87	2462.31	-119.41	-284.72	-142.84
2024-09-05T07:54:06	308.66	1451.07	2455.29	-118.74	-286.34	-141.58
2024-09-05T07:54:08	306.62	1457.26	2448.27	-117.92	-288.01	-140.29
2024-09-05T07:54:10	304.58	1463.45	2441.24	-117.08	-289.64	-138.91
2024-09-05T07:54:12	302.54	1469.63	2434.20	-116.24	-291.22	-137.44
2024-09-05T07:54:14	300.50	1475.81	2427.14	-115.34	-292.72	-135.91
2024-09-05T07:54:16	298.46	1481.98	2420.08	-114.45	-294.20	-134.31
2024-09-05T07:54:18	296.42	1488.15	2413.01	-113.63	-295.66	-132.87
2024-09-05T07:54:20	294.38	1494.31	2405.93	-112.84	-297.11	-131.53
2024-09-05T07:54:22	292.33	1500.47	2398.84	-112.04	-298.53	-130.18
2024-09-05T07:54:24	290.29	1506.61	2391.75	-111.11	-299.85	-128.77
2024-09-05T07:54:26	288.24	1512.76	2384.64	-110.13	-301.10	-127.27
2024-09-05T07:54:28	286.19	1518.90	2377.52	-109.12	-302.29	-125.67
2024-09-05T07:54:30	284.15	1525.03	2370.40	-108.06	-303.42	-124.00
2024-09-05T07:54:32	282.10	1531.16	2363.27	-106.97	-304.50	-122.24
2024-09-05T07:54:34	280.05	1537.28	2356.12	-105.84	-305.55	-120.41
2024-09-05T07:54:36	277.99	1543.39	2348.97	-104.67	-306.51	-118.53
2024-09-05T07:54:38	275.94	1549.50	2341.81	-103.47	-307.33	-116.66
2024-09-05T07:54:40	273.89	1555.60	2334.64	-102.37	-308.53	-114.79
2024-09-05T07:54:42	271.83	1561.70	2327.46	-101.23	-309.75	-112.94
2024-09-05T07:54:44	269.78	1567.79	2320.27	-100.06	-311.00	-111.10
2024-09-05T07:54:46	267.72	1573.87	2313.07	-98.83	-312.26	-109.26
2024-09-05T07:54:48	265.66	1579.95	2305.86	-97.56	-313.54	-107.43
2024-09-05T07:54:50	263.60	1586.02	2298.65	-96.22	-314.85	-105.60
2024-09-05T07:54:52	261.54	1592.08	2291.42	-94.82	-316.18	-103.77
2024-09-05T07:54:54	259.48	1598.14	2284.18	-93.37	-317.52	-101.90
2024-09-05T07:54:56	257.42	1604.20	2276.94	-92.72	-318.59	-99.65
2024-09-05T07:54:58	255.36	1610.24	2269.69	-92.06	-319.57	-97.43
2024-09-05T07:55:00	253.29	1616.28	2262.42	-91.39	-320.45	-95.24
2024-09-05T07:55:02	251.23	1622.31	2255.15	-90.70	-321.22	-93.08
2024-09-05T07:55:04	249.16	1628.34	2247.87	-90.01	-321.87	-90.96
2024-09-05T07:55:06	247.09	1634.36	2240.58	-89.31	-322.38	-88.87
2024-09-05T07:55:08	245.03	1640.37	2233.28	-88.61	-322.76	-86.81
2024-09-05T07:55:10	242.96	1646.38	2225.97	-87.95	-323.22	-84.75
2024-09-05T07:55:12	240.89	1652.38	2218.66	-87.31	-324.08	-82.57
2024-09-05T07:55:14	238.82	1658.37	2211.33	-86.56	-325.13	-80.29
2024-09-05T07:55:16	236.75	1664.35	2203.99	-85.74	-326.33	-77.97
2024-09-05T07:55:18	234.67	1670.33	2196.65	-84.89	-327.46	-75.66
2024-09-05T07:55:20	232.60	1676.30	2189.29	-84.01	-328.50	-73.35
2024-09-05T07:55:22	230.52	1682.27	2181.93	-83.09	-329.47	-71.03
2024-09-05T07:55:24	228.45	1688.23	2174.56	-82.14	-330.36	-68.72
2024-09-05T07:55:26	226.37	1694.18	2167.18	-81.14	-331.05	-66.30
2024-09-05T07:55:28	224.29	1700.12	2159.79	-80.10	-331.49	-63.68
2024-09-05T07:55:30	222.22	1706.06	2152.39	-79.07	-331.88	-61.00
2024-09-05T07:55:32	220.14	1711.99	2144.98	-78.03	-332.22	-58.27
2024-09-05T07:55:34	218.06	1717.91	2137.56	-77.28	-332.47	-55.70
2024-09-05T07:55:36	215.98	1723.83	2130.13	-76.56	-332.73	-53.18
2024-09-05T07:55:38	213.89	1729.74	2122.70	-75.80	-333.03	-50.69
2024-09-05T07:55:40	211.81	1735.64	2115.25	-75.02	-333.34	-48.23
2024-09-05T07:55:42	209.73	1741.53	2107.80	-74.30	-333.70	-45.80
2024-09-05T07:55:44	207.64	1747.41	2100.34	-73.53	-334.13	-43.34
2024-09-05T07:55:46	205.56	1753.29	2092.87	-72.67	-334.58	-40.83
2024-09-05T07:55:48	203.47	1759.16	2085.39	-71.71	-335.06	-38.27
2024-09-05T07:55:50	201.38	1765.03	2077.89	-70.65	-335.56	-35.67
2024-09-05T07:55:52	199.30	1770.88	2070.40	-69.51	-336.01	-33.05
2024-09-05T07:55:54	197.21	1776.73	2062.89	-68.44	-336.00	-30.50
2024-09-05T07:55:56	195.12	1782.57	2055.37	-67.38	-335.82	-27.91
2024-09-05T07:55:58	193.03	1788.40	2047.85	-66.84	-335.68	-25.15
2024-09-05T07:56:00	190.93	1794.23	2040.31	-66.33	-335.56	-22.35
2024-09-05T07:56:02	188.84	1800.04	2032.77	-65.87	-335.47	-19.53
2024-09-05T07:56:04	186.75	1805.85	2025.22	-65.48	-335.40	-16.73
2024-09-05T07:56:06	184.66	1811.65	2017.66	-65.09	-335.32	-13.94
2024-09-05T07:56:08	182.56	1817.45	2010.09	-64.68	-335.23	-11.16
2024-09-05T07:56:10	180.47	1823.23	2002.51	-64.23	-335.11	-8.38
2024-09-05T07:56:12	178.37	1829.01	1994.92	-63.51	-334.83	-5.66
2024-09-05T07:56:14	176.28	1834.78	1987.32	-62.59	-334.53	-3.16
2024-09-05T07:56:16	174.18	1840.54	1979.72	-61.77	-334.24	-0.69
2024-09-05T07:56:18	172.08	1846.29	1972.10	-61.03	-333.95	1.74
2024-09-05T07:56:20	169.98	1852.04	1964.48	-60.36	-333.64	4.13
2024-09-05T07:56:22	167.88	1857.77	1956.85	-59.77	-333.30	6.50
2024-09-05T07:56:24	165.78	1863.50	1949.21	-59.23	-332.90	8.86
2024-09-05T07:56:26	163.68	1869.22	1941.56	-58.74	-332.45	11.20
2024-09-05T07:56:28	161.58	1874.93	1933.90	-58.36	-332.12	14.10
2024-09-05T07:56:30	159.48	1880.63	1926.24	-57.97	-331.88	17.08
2024-09-05T07:56:32	157.37	1886.33	1918.56	-57.47	-331.63	20.10
2024-09-05T07:56:34	155.27	1892.02	1910.88	-56.82	-331.27	23.07
2024-09-05T07:56:36	153.16	1897.69	1903.19	-56.18	-330.87	25.96
2024-09-05T07:56:38	151.06	1903.36	1895.48	-55.54	-330.44	28.75
2024-09-05T07:56:40	148.95	1909.02	1887.77	-54.88	-329.96	31.44
2024-09-05T07:56:42	146.84	1914.67	1880.06	-54.17	-329.21	34.03
2024-09-05T07:56:44	144.74	1920.32	1872.33	-53.47	-328.26	36.66
2024-09-05T07:56:46	142.63	1925.95	1864.60	-52.81	-327.27	39.39
2024-09-05T07:56:48	140.52	1931.58	1856.85	-52.19	-326.27	42.22
2024-09-05T07:56:50	138.41	1937.19	1849.10	-51.61	-325.24	45.16
2024-09-05T07:56:52	136.30	1942.80	1841.34	-51.07	-324.30	48.14
2024-09-05T07:56:54	134.19	1948.40	1833.57	-50.52	-323.64	50.87
2024-09-05T07:56:56	132.08	1953.99	1825.79	-49.92	-322.89	53.60
2024-09-05T07:56:58	129.97	1959.57	1818.01	-49.30	-322.16	56.12
2024-09-05T07:57:00	127.86	1965.14	1810.21	-48.69	-321.43	58.58
2024-09-05T07:57:02	125.75	1970.71	1802.41	-48.13	-320.70	61.02
2024-09-05T07:57:04	123.63	1976.26	1794.60	-47.61	-319.95	63.46
2024-09-05T07:57:06	121.52	1981.80	1786.78	-47.13	-319.16	65.87
2024-09-05T07:57:08	119.41	1987.34	1778.96	-46.69	-318.31	68.28
2024-09-05T07:57:10	117.29	1992.87	1771.12	-46.27	-317.39	70.66
2024-09-05T07:57:12	115.18	1998.38	1763.28	-45.73	-316.17	73.22
2024-09-05T07:57:14	113.06	2003.89	1755.42	-45.21	-314.99	75.69
2024-09-05T07:57:16	110.94	2009.39	1747.56	-44.70	-313.81	78.18
2024-09-05T07:57:18	108.83	2014.88	1739.70	-44.19	-312.61	80.67
2024-09-05T07:57:20	106.71	2020.36	1731.82	-43.68	-311.39	83.16
2024-09-05T07:57:22	104.59	2025.83	1723.94	-43.14	-310.16	85.64
2024-09-05T07:57:24	102.48	2031.29	1716.04	-42.55	-308.90	88.10
2024-09-05T07:57:26	100.35	2036.75	1708.14	-41.92	-307.51	90.52
2024-09-05T07:57:28	98.24	2042.19	1700.24	-41.30	-306.04	92.90
2024-09-05T07:57:30	96.12	2047.62	1692.32	-40.68	-304.55	95.25
2024-09-05T07:57:32	94.00	2053.04	1684.39	-40.09	-303.04	97.56
2024-09-05T07:57:34	91.88	2058.46	1676.46	-39.57	-301.60	99.79
2024-09-05T07:57:36	89.76	2063.86	1668.52	-39.13	-300.18	101.95
2024-09-05T07:57:38	87.64	2069.25	1660.57	-38.72	-298.67	104.08
2024-09-05T07:57:40	85.51	2074.64	1652.62	-38.25	-297.12	106.29
2024-09-05T07:57:42	83.39	2080.01	1644.66	-37.67	-295.59	108.65
2024-09-05T07:57:44	81.27	2085.38	1636.68	-37.09	-294.07	110.98
2024-09-05T07:57:46	79.15	2090.73	1628.70	-36.51	-292.57	113.30
2024-09-05T07:57:48	77.02	2096.08	1620.72	-35.92	-291.08	115.59
2024-09-05T07:57:50	74.90	2101.41	1612.72	-35.33	-289.61	117.87
2024-09-05T07:57:52	72.78	2106.74	1604.72	-34.71	-288.13	120.15
2024-09-05T07:57:54	70.65	2112.05	1596.71	-34.06	-286.55	122.43
2024-09-05T07:57:56	68.53	2117.36	1588.69	-33.44	-284.61	124.74
2024-09-05T07:57:58	66.40	2122.65	1580.67	-32.83	-282.69	126.99
2024-09-05T07:58:00	64.28	2127.94	1572.64	-32.23	-280.78	129.17
2024-09-05T07:58:02	62.15	2133.21	1564.60	-31.63	-278.87	131.31
2024-09-05T07:58:04	60.03	2138.48	1556.55	-31.03	-276.96	133.38
2024-09-05T07:58:06	57.90	2143.73	1548.49	-30.45	-275.05	135.41
2024-09-05T07:58:08	55.78	2148.98	1540.43	-29.88	-273.14	137.40
2024-09-05T07:58:10	53.65	2154.21	1532.36	-29.39	-271.14	139.47
2024-09-05T07:58:12	51.53	2159.43	1524.29	-28.90	-269.15	141.53
2024-09-05T07:58:14	49.40	2164.65	1516.20	-28.40	-267.16	143.56
2024-09-05T07:58:16	47.27	2169.85	1508.11	-27.90	-265.18	145.59
2024-09-05T07:58:18	45.14	2175.05	1500.01	-27.45	-263.35	147.52
2024-09-05T07:58:20	43.02	2180.23	1491.91	-27.00	-261.48	149.40
2024-09-05T07:58:22	40.89	2185.40	1483.80	-26.57	-259.54	151.22
2024-09-05T07:58:24	38.76	2190.56	1475.68	-26.08	-257.39	153.06
2024-09-05T07:58:26	36.63	2195.71	1467.55	-25.57	-255.25	154.88
2024-09-05T07:58:28	34.51	2200.85	1459.42	-25.06	-253.12	156.68
2024-09-05T07:58:30	32.38	2205.98	1451.28	-24.53	-251.00	158.47
2024-09-05T07:58:32	30.25	2211.10	1443.13	-23.99	-248.90	160.22
2024-09-05T07:58:34	28.12	2216.21	1434.97	-23.44	-246.82	161.95
2024-09-05T07:58:36	26.00	2221.31	1426.81	-22.88	-244.76	163.64
2024-09-05T07:58:38	23.87	2226.40	1418.64	-22.44	-242.50	165.31
2024-09-05T07:58:40	21.74	2231.48	1410.47	-21.99	-240.39	166.94
2024-09-05T07:58:42	19.61	2236.54	1402.29	-21.54	-238.30	168.53
2024-09-05T07:58:44	17.48	2241.60	1394.10	-21.08	-236.21	170.08
2024-09-05T07:58:46	15.35	2246.64	1385.90	-20.63	-234.10	171.59
2024-09-05T07:58:48	13.22	2251.68	1377.70	-20.18	-231.96	173.07
2024-09-05T07:58:50	11.09	2256.70	1369.49	-19.74	-229.81	174.51
2024-09-05T07:58:52	8.97	2261.71	1361.28	-19.39	-227.42	176.04
2024-09-05T07:58:54	6.84	2266.72	1353.06	-19.04	-225.06	177.55
2024-09-05T07:58:56	4.71	2271.71	1344.83	-18.68	-222.71	179.05
2024-09-05T07:58:58	2.58	2276.69	1336.59	-18.32	-220.38	180.54
2024-09-05T07:59:00	0.45	2281.66	1328.35	-17.96	-218.07	182.01
2024-09-05T07:59:02	-1.68	2286.62	1320.11	-17.61	-215.81	183.46
2024-09-05T07:59:04	-3.81	2291.57	1311.85	-17.27	-213.63	184.85
2024-09-05T07:59:06	-5.94	2296.50	1303.59	-16.96	-211.22	186.06
2024-09-05T07:59:08	-8.06	2301.43	1295.33	-16.64	-208.84	187.25
2024-09-05T07:59:10	-10.19	2306.34	1287.05	-16.33	-206.49	188.41
2024-09-05T07:59:12	-12.32	2311.25	1278.77	-16.01	-204.15	189.56
2024-09-05T07:59:14	-14.45	2316.14	1270.49	-15.69	-201.85	190.69
2024-09-05T07:59:16	-16.58	2321.02	1262.20	-15.37	-199.57	191.80
2024-09-05T07:59:18	-18.71	2325.89	1253.90	-15.05	-197.29	192.90
2024-09-05T07:59:20	-20.84	2330.75	1245.60	-14.72	-194.88	194.00
2024-09-05T07:59:22	-22.96	2335.60	1237.29	-14.41	-192.49	195.08
2024-09-05T07:59:24	-25.09	2340.43	1228.98	-14.11	-190.11	196.13
2024-09-05T07:59:26	-27.22	2345.26	1220.66	-13.82	-187.82	197.13
2024-09-05T07:59:28	-29.35	2350.07	1212.33	-13.52	-185.57	198.11
2024-09-05T07:59:30	-31.47	2354.88	1204.00	-13.22	-183.35	199.05
2024-09-05T07:59:32	-33.60	2359.67	1195.66	-12.92	-181.09	199.96
2024-09-05T07:59:34	-35.73	2364.45	1187.32	-12.63	-178.66	200.84
2024-09-05T07:59:36	-37.85	2369.22	1178.97	-12.34	-176.27	201.71
2024-09-05T07:59:38	-39.98	2373.98	1170.61	-12.05	-173.90	202.58
2024-09-05T07:59:40	-42.11	2378.73	1162.25	-11.77	-171.52	203.44
2024-09-05T07:59:42	-44.23	2383.47	1153.89	-11.50	-169.16	204.29
2024-09-05T07:59:44	-46.36	2388.19	1145.52	-11.24	-166.82	205.14
2024-09-05T07:59:46	-48.49	2392.90	1137.14	-10.98	-164.42	205.89
2024-09-05T07:59:48	-50.61	2397.61	1128.76	-10.73	-161.93	206.51
2024-09-05T07:59:50	-52.74	2402.29	1120.37	-10.49	-159.48	207.12
2024-09-05T07:59:52	-54.86	2406.97	1111.98	-10.23	-157.08	207.74
2024-09-05T07:59:54	-56.99	2411.64	1103.58	-9.98	-154.73	208.35
2024-09-05T07:59:56	-59.11	2416.30	1095.18	-9.72	-152.40	208.95
2024-09-05T07:59:58	-61.23	2420.95	1086.77	-9.47	-150.11	209.55
2024-09-05T08:00:00	-63.36	2425.58	1078.36	-9.22	-147.79	210.11
2024-09-05T08:00:02	-65.48	2430.20	1069.94	-8.99	-145.45	210.64
2024-09-05T08:00:04	-67.61	2434.81	1061.51	-8.77	-143.13	211.17
2024-09-05T08:00:06	-69.73	2439.41	1053.08	-8.54	-140.84	211.69
2024-09-05T08:00:08	-71.85	2444.00	1044.65	-8.32	-138.57	212.21
2024-09-05T08:00:10	-73.97	2448.58	1036.21	-8.10	-136.33	212.72
2024-09-05T08:00:12	-76.09	2453.14	1027.77	-7.88	-134.11	213.22
2024-09-05T08:00:14	-78.22	2457.70	1019.32	-7.68	-131.75	213.55
2024-09-05T08:00:16	-80.34	2462.24	1010.87	-7.49	-129.43	213.85
2024-09-05T08:00:18	-82.46	2466.77	1002.41	-7.31	-127.14	214.14
2024-09-05T08:00:20	-84.58	2471.29	993.95	-7.13	-124.88	214.44
2024-09-05T08:00:22	-86.70	2475.80	985.48	-6.96	-122.66	214.74
2024-09-05T08:00:24	-88.82	2480.29	977.01	-6.80	-120.48	215.05
2024-09-05T08:00:26	-90.93	2484.78	968.54	-6.65	-118.33	215.35
2024-09-05T08:00:28	-93.05	2489.25	960.05	-6.47	-116.09	215.58
2024-09-05T08:00:30	-95.17	2493.71	951.57	-6.31	-113.88	215.77
2024-09-05T08:00:32	-97.29	2498.16	943.08	-6.15	-111.67	215.94
2024-09-05T08:00:34	-99.41	2502.60	934.59	-5.99	-109.47	216.08
2024-09-05T08:00:36	-101.52	2507.03	926.09	-5.84	-107.28	216.19
2024-09-05T08:00:38	-103.64	2511.45	917.59	-5.68	-105.11	216.28
2024-09-05T08:00:40	-105.75	2515.85	909.08	-5.52	-102.96	216.40
2024-09-05T08:00:42	-107.87	2520.24	900.57	-5.35	-100.81	216.53
2024-09-05T08:00:44	-109.98	2524.62	892.05	-5.19	-98.68	216.65
2024-09-05T08:00:46	-112.10	2528.99	883.54	-5.03	-96.57	216.77
2024-09-05T08:00:48	-114.21	2533.35	875.01	-4.87	-94.48	216.88
2024-09-05T08:00:50	-116.32	2537.70	866.49	-4.71	-92.41	216.99
2024-09-05T08:00:52	-118.44	2542.03	857.96	-4.56	-90.36	217.09
2024-09-05T08:00:54	-120.55	2546.36	849.42	-4.44	-88.32	217.06
2024-09-05T08:00:56	-122.66	2550.67	840.88	-4.33	-86.28	216.95
2024-09-05T08:00:58	-124.77	2554.97	832.34	-4.21	-84.27	216.84
2024-09-05T08:01:00	-126.88	2559.26	823.79	-4.10	-82.29	216.72
2024-09-05T08:01:02	-128.99	2563.53	815.24	-3.98	-80.33	216.61
2024-09-05T08:01:04	-131.10	2567.80	806.69	-3.86	-78.40	216.49
2024-09-05T08:01:06	-133.21	2572.06	798.13	-3.72	-76.51	216.38
2024-09-05T08:01:08	-135.32	2576.30	789.57	-3.58	-74.55	216.22
2024-09-05T08:01:10	-137.42	2580.53	781.01	-3.44	-72.61	216.05
2024-09-05T08:01:12	-139.53	2584.75	772.44	-3.31	-70.69	215.87
2024-09-05T08:01:14	-141.63	2588.96	763.87	-3.18	-68.79	215.68
2024-09-05T08:01:16	-143.74	2593.15	755.29	-3.05	-66.90	215.49
2024-09-05T08:01:18	-145.84	2597.34	746.72	-2.93	-65.04	215.29
2024-09-05T08:01:20	-147.95	2601.51	738.14	-2.81	-63.17	215.06
2024-09-05T08:01:22	-150.05	2605.67	729.55	-2.72	-61.32	214.79
2024-09-05T08:01:24	-152.15	2609.82	720.96	-2.62	-59.50	214.53
2024-09-05T08:01:26	-154.25	2613.96	712.37	-2.52	-57.69	214.27
2024-09-05T08:01:28	-156.36	2618.09	703.78	-2.42	-55.92	214.01
2024-09-05T08:01:30	-158.46	2622.20	695.18	-2.32	-54.17	213.75
2024-09-05T08:01:32	-160.56	2626.31	686.58	-2.22	-52.45	213.49
2024-09-05T08:01:34	-162.66	2630.40	677.98	-2.13	-50.70	213.15
2024-09-05T08:01:36	-164.75	2634.48	669.37	-2.05	-48.93	212.78
2024-09-05T08:01:38	-166.85	2638.55	660.76	-1.98	-47.18	212.43
2024-09-05T08:01:40	-168.95	2642.61	652.15	-1.90	-45.46	212.10
2024-09-05T08:01:42	-171.04	2646.66	643.54	-1.82	-43.75	211.78
2024-09-05T08:01:44	-173.14	2650.69	634.92	-1.75	-42.07	211.48
2024-09-05T08:01:46	-175.23	2654.72	626.30	-1.67	-40.40	211.20
2024-09-05T08:01:48	-177.33	2658.73	617.67	-1.64	-38.76	210.74
2024-09-05T08:01:50	-179.42	2662.73	609.05	-1.62	-37.14	210.26
2024-09-05T08:01:52	-181.51	2666.72	600.42	-1.59	-35.54	209.77
2024-09-05T08:01:54	-183.60	2670.70	591.79	-1.57	-33.96	209.28
2024-09-05T08:01:56	-185.69	2674.66	583.16	-1.55	-32.39	208.77
2024-09-05T08:01:58	-187.78	2678.62	574.52	-1.53	-30.84	208.26
2024-09-05T08:02:00	-189.87	2682.56	565.88	-1.49	-29.30	207.75
2024-09-05T08:02:02	-191.96	2686.50	557.24	-1.40	-27.78	207.29
2024-09-05T08:02:04	-194.05	2690.42	548.59	-1.30	-26.27	206.86
2024-09-05T08:02:06	-196.13	2694.33	539.95	-1.20	-24.78	206.41
2024-09-05T08:02:08	-198.22	2698.23	531.30	-1.11	-23.31	205.95
2024-09-05T08:02:10	-200.30	2702.11	522.65	-1.01	-21.85	205.46
2024-09-05T08:02:12	-202.39	2705.99	514.00	-0.91	-20.41	204.96
2024-09-05T08:02:14	-204.47	2709.85	505.35	-0.83	-18.99	204.36
2024-09-05T08:02:16	-206.55	2713.70	496.69	-0.76	-17.60	203.76
2024-09-05T08:02:18	-208.63	2717.55	488.03	-0.70	-16.23	203.19
2024-09-05T08:02:20	-210.71	2721.38	479.37	-0.64	-14.88	202.63
2024-09-05T08:02:22	-212.79	2725.20	470.71	-0.59	-13.56	202.10
2024-09-05T08:02:24	-214.87	2729.00	462.04	-0.53	-12.26	201.57
2024-09-05T08:02:26	-216.95	2732.80	453.38	-0.46	-10.97	201.02
2024-09-05T08:02:28	-219.02	2736.59	444.71	-0.34	-9.63	200.33
2024-09-05T08:02:30	-221.10	2740.36	436.04	-0.23	-8.29	199.63
2024-09-05T08:02:32	-223.17	2744.12	427.37	-0.13	-6.96	198.93
2024-09-05T08:02:34	-225.25	2747.88	418.69	-0.03	-5.64	198.25
2024-09-05T08:02:36	-227.32	2751.62	410.02	0.05	-4.35	197.62
2024-09-05T08:02:38	-229.39	2755.35	401.34	0.11	-3.09	197.03
2024-09-05T08:02:40	-231.47	2759.07	392.66	0.16	-1.88	196.47
2024-09-05T08:02:42	-233.53	2762.77	383.98	0.18	-0.69	195.91
2024-09-05T08:02:44	-235.60	2766.47	375.30	0.19	0.49	195.34
2024-09-05T08:02:46	-237.67	2770.15	366.61	0.20	1.67	194.76
2024-09-05T08:02:48	-239.74	2773.83	357.93	0.20	2.85	194.18
2024-09-05T08:02:50	-241.81	2777.49	349.24	0.21	4.02	193.58
2024-09-05T08:02:52	-243.87	2781.15	340.56	0.21	5.18	192.97
2024-09-05T08:02:54	-245.93	2784.79	331.87	0.25	6.21	192.27
2024-09-05T08:02:56	-248.00	2788.41	323.18	0.30	7.20	191.57
2024-09-05T08:02:58	-250.06	2792.04	314.49	0.34	8.16	190.90
2024-09-05T08:03:00	-252.12	2795.64	305.80	0.37	9.10	190.25
2024-09-05T08:03:02	-254.18	2799.24	297.10	0.40	10.01	189.62
2024-09-05T08:03:04	-256.24	2802.83	288.41	0.40	11.03	188.95
2024-09-05T08:03:06	-258.30	2806.40	279.71	0.39	12.09	188.25
2024-09-05T08:03:08	-260.36	2809.97	271.01	0.37	13.21	187.54
2024-09-05T08:03:10	-262.41	2813.52	262.31	0.34	14.31	186.87
2024-09-05T08:03:12	-264.47	2817.07	253.62	0.29	15.39	186.23
2024-09-05T08:03:14	-266.52	2820.60	244.92	0.23	16.45	185.65
2024-09-05T08:03:16	-268.58	2824.12	236.21	0.15	17.50	185.12
2024-09-05T08:03:18	-270.63	2827.63	227.51	0.09	18.53	184.61
2024-09-05T08:03:20	-272.68	2831.13	218.81	0.14	19.49	183.88
2024-09-05T08:03:22	-274.73	2834.62	210.10	0.22	20.40	183.07
2024-09-05T08:03:24	-276.78	2838.10	201.40	0.30	21.27	182.23
2024-09-05T08:03:26	-278.83	2841.56	192.69	0.38	22.11	181.37
2024-09-05T08:03:28	-280.87	2845.02	183.99	0.46	22.90	180.48
2024-09-05T08:03:30	-282.92	2848.47	175.28	0.53	23.67	179.56
2024-09-05T08:03:32	-284.96	2851.90	166.57	0.60	24.46	178.67
2024-09-05T08:03:34	-287.00	2855.33	157.87	0.68	25.38	177.96
2024-09-05T08:03:36	-289.05	2858.74	149.16	0.74	26.28	177.26
2024-09-05T08:03:38	-291.09	2862.15	140.45	0.78	27.15	176.55
2024-09-05T08:03:40	-293.13	2865.54	131.74	0.80	27.99	175.82
2024-09-05T08:03:42	-295.17	2868.92	123.03	0.79	28.79	175.09
2024-09-05T08:03:44	-297.21	2872.29	114.32	0.75	29.57	174.34
2024-09-05T08:03:46	-299.24	2875.66	105.61	0.73	30.26	173.45
2024-09-05T08:03:48	-301.28	2879.01	96.89	0.75	30.92	172.53
2024-09-05T08:03:50	-303.32	2882.35	88.18	0.81	31.61	171.65
2024-09-05T08:03:52	-305.35	2885.68	79.47	0.90	32.32	170.81
2024-09-05T08:03:54	-307.38	2889.00	70.76	1.02	33.05	170.02
2024-09-05T08:03:56	-309.41	2892.31	62.04	1.18	33.81	169.27
2024-09-05T08:03:58	-311.44	2895.61	53.33	1.37	34.57	168.56
2024-09-05T08:04:00	-313.47	2898.90	44.62	1.52	35.09	167.77
2024-09-05T08:04:02	-315.50	2902.18	35.91	1.68	35.56	166.98
2024-09-05T08:04:04	-317.53	2905.45	27.19	1.85	35.95	166.20
2024-09-05T08:04:06	-319.55	2908.71	18.48	2.02	36.28	165.42
2024-09-05T08:04:08	-321.58	2911.95	9.76	2.20	36.53	164.67
2024-09-05T08:04:10	-323.60	2915.19	1.05	2.34	36.75	163.92
2024-09-05T08:04:12	-325.62	2918.42	-7.66	2.40	37.27	163.11
2024-09-05T08:04:14	-327.65	2921.64	-16.37	2.43	38.12	162.28
2024-09-05T08:04:16	-329.67	2924.85	-25.09	2.47	39.00	161.45
2024-09-05T08:04:18	-331.68	2928.04	-33.80	2.51	39.86	160.60
2024-09-05T08:04:20	-333.70	2931.23	-42.51	2.55	40.70	159.74
2024-09-05T08:04:22	-335.72	2934.41	-51.23	2.59	41.52	158.87
2024-09-05T08:04:24	-337.74	2937.57	-59.94	2.62	42.32	157.98
2024-09-05T08:04:26	-339.75	2940.73	-68.65	2.84	42.87	157.25
2024-09-05T08:04:28	-341.76	2943.88	-77.37	3.07	43.41	156.47
2024-09-05T08:04:30	-343.77	2947.02	-86.08	3.29	43.94	155.65
2024-09-05T08:04:32	-345.78	2950.14	-94.79	3.49	44.47	154.80
2024-09-05T08:04:34	-347.80	2953.26	-103.50	3.68	44.99	153.90
2024-09-05T08:04:36	-349.80	2956.37	-112.21	3.84	45.49	152.97
2024-09-05T08:04:38	-351.81	2959.47	-120.92	3.88	45.79	151.96
2024-09-05T08:04:40	-353.81	2962.56	-129.64	3.80	45.84	150.88
2024-09-05T08:04:42	-355.82	2965.63	-138.35	3.73	45.87	149.84
2024-09-05T08:04:44	-357.82	2968.70	-147.06	3.67	45.91	148.86
2024-09-05T08:04:46	-359.83	2971.76	-155.76	3.66	45.97	148.00
2024-09-05T08:04:48	-361.83	2974.81	-164.47	3.75	46.16	147.28
2024-09-05T08:04:50	-363.83	2977.85	-173.18	3.90	46.41	146.54
2024-09-05T08:04:52	-365.83	2980.88	-181.89	3.88	46.91	145.99
2024-09-05T08:04:54	-367.83	2983.90	-190.60	3.88	47.45	145.41
2024-09-05T08:04:56	-369.82	2986.91	-199.30	3.92	47.98	144.80
2024-09-05T08:04:58	-371.82	2989.91	-208.01	4.00	48.52	144.16
2024-09-05T08:05:00	-373.81	2992.90	-216.71	4.11	49.08	143.53
2024-09-05T08:05:02	-375.80	2995.88	-225.42	4.24	49.66	142.91
2024-09-05T08:05:04	-377.79	2998.86	-234.12	4.45	50.22	142.24
2024-09-05T08:05:06	-379.79	3001.82	-242.82	4.77	50.62	141.37
2024-09-05T08:05:08	-381.77	3004.77	-251.52	5.05	50.99	140.52
2024-09-05T08:05:10	-383.76	3007.72	-260.23	5.28	51.32	139.68
2024-09-05T08:05:12	-385.75	3010.65	-268.93	5.46	51.51	138.72
2024-09-05T08:05:14	-387.74	3013.58	-277.63	5.61	51.63	137.71
2024-09-05T08:05:16	-389.72	3016.49	-286.33	5.73	51.69	136.64
2024-09-05T08:05:18	-391.70	3019.40	-295.03	5.83	51.73	135.62
2024-09-05T08:05:20	-393.68	3022.30	-303.72	5.92	51.78	134.63
2024-09-05T08:05:22	-395.67	3025.19	-312.42	5.99	51.83	133.65
2024-09-05T08:05:24	-397.64	3028.06	-321.11	6.06	51.87	132.67
2024-09-05T08:05:26	-399.62	3030.93	-329.81	6.18	51.96	131.75
2024-09-05T08:05:28	-401.60	3033.79	-338.50	6.31	52.07	130.87
2024-09-05T08:05:30	-403.58	3036.64	-347.19	6.46	52.21	130.05
2024-09-05T08:05:32	-405.55	3039.49	-355.88	6.75	52.29	129.33
2024-09-05T08:05:34	-407.52	3042.32	-364.58	6.98	52.40	128.62
2024-09-05T08:05:36	-409.50	3045.14	-373.26	7.16	52.54	127.92
2024-09-05T08:05:38	-411.47	3047.96	-381.95	7.29	52.71	127.22
2024-09-05T08:05:40	-413.44	3050.76	-390.64	7.37	52.92	126.52
2024-09-05T08:05:42	-415.41	3053.56	-399.32	7.40	53.15	125.81
2024-09-05T08:05:44	-417.37	3056.35	-408.01	7.47	53.58	125.16
2024-09-05T08:05:46	-419.34	3059.13	-416.69	7.67	54.16	124.63
2024-09-05T08:05:48	-421.30	3061.90	-425.37	7.97	54.79	124.17
2024-09-05T08:05:50	-423.27	3064.66	-434.05	8.36	55.45	123.78
2024-09-05T08:05:52	-425.23	3067.41	-442.73	8.85	56.13	123.43
2024-09-05T08:05:54	-427.19	3070.15	-451.41	9.44	56.83	123.12
2024-09-05T08:05:56	-429.15	3072.89	-460.09	10.12	57.52	122.83
2024-09-05T08:05:58	-431.11	3075.62	-468.76	10.24	57.78	121.92
2024-09-05T08:06:00	-433.07	3078.33	-477.44	10.35	57.92	120.92
2024-09-05T08:06:02	-435.02	3081.04	-486.11	10.47	57.95	119.88
2024-09-05T08:06:04	-436.98	3083.74	-494.78	10.60	57.86	118.77
2024-09-05T08:06:06	-438.93	3086.43	-503.45	10.65	57.64	117.65
2024-09-05T08:06:08	-440.88	3089.12	-512.12	10.55	57.33	116.59
2024-09-05T08:06:10	-442.83	3091.79	-520.79	10.31	57.22	115.94
2024-09-05T08:06:12	-444.78	3094.45	-529.46	10.07	57.31	115.48
2024-09-05T08:06:14	-446.73	3097.11	-538.12	9.83	57.41	115.00
2024-09-05T08:06:16	-448.68	3099.76	-546.78	9.62	57.51	114.49
2024-09-05T08:06:18	-450.62	3102.40	-555.44	9.43	57.62	113.97
2024-09-05T08:06:20	-452.57	3105.03	-564.10	9.28	57.74	113.43
2024-09-05T08:06:22	-454.51	3107.65	-572.76	9.18	57.86	112.87
2024-09-05T08:06:24	-456.46	3110.27	-581.42	9.26	58.27	112.31
2024-09-05T08:06:26	-458.40	3112.87	-590.07	9.41	58.76	111.75
2024-09-05T08:06:28	-460.34	3115.47	-598.73	9.59	59.22	111.19
2024-09-05T08:06:30	-462.28	3118.06	-607.38	9.79	59.65	110.63
2024-09-05T08:06:32	-464.21	3120.64	-616.03	10.01	60.05	110.07
2024-09-05T08:06:34	-466.15	3123.22	-624.68	10.24	60.41	109.50
2024-09-05T08:06:36	-468.08	3125.78	-633.33	10.47	60.71	108.91
2024-09-05T08:06:38	-470.02	3128.34	-641.97	10.70	60.91	108.16
2024-09-05T08:06:40	-471.95	3130.89	-650.62	10.95	61.15	107.37
2024-09-05T08:06:42	-473.88	3133.43	-659.26	11.22	61.44	106.56
2024-09-05T08:06:44	-475.81	3135.96	-667.90	11.51	61.78	105.72
2024-09-05T08:06:46	-477.74	3138.48	-676.54	11.82	62.18	104.88
2024-09-05T08:06:48	-479.67	3141.00	-685.17	12.13	62.65	104.04
2024-09-05T08:06:50	-481.59	3143.51	-693.81	12.16	62.61	103.39
2024-09-05T08:06:52	-483.52	3146.00	-702.44	11.95	62.16	102.95
2024-09-05T08:06:54	-485.44	3148.50	-711.07	11.77	61.82	102.53
2024-09-05T08:06:56	-487.37	3150.98	-719.70	11.62	61.59	102.14
2024-09-05T08:06:58	-489.29	3153.46	-728.33	11.52	61.45	101.77
2024-09-05T08:07:00	-491.21	3155.92	-736.96	11.45	61.40	101.40
2024-09-05T08:07:02	-493.12	3158.38	-745.58	11.43	61.44	101.03
2024-09-05T08:07:04	-495.04	3160.84	-754.21	11.28	61.43	100.35
2024-09-05T08:07:06	-496.96	3163.28	-762.83	11.10	61.39	99.57
2024-09-05T08:07:08	-498.88	3165.72	-771.45	10.93	61.34	98.79
2024-09-05T08:07:10	-500.79	3168.15	-780.06	10.81	61.31	98.12
2024-09-05T08:07:12	-502.70	3170.57	-788.68	10.74	61.30	97.49
2024-09-05T08:07:14	-504.61	3172.98	-797.29	10.73	61.31	96.88
2024-09-05T08:07:16	-506.52	3175.38	-805.90	10.95	61.51	96.41
2024-09-05T08:07:18	-508.43	3177.78	-814.51	11.65	62.21	96.25
2024-09-05T08:07:20	-510.34	3180.17	-823.12	12.28	62.83	96.07
2024-09-05T08:07:22	-512.24	3182.56	-831.72	12.86	63.40	95.88
2024-09-05T08:07:24	-514.15	3184.93	-840.32	13.38	63.91	95.66
2024-09-05T08:07:26	-516.06	3187.30	-848.93	13.85	64.38	95.44
2024-09-05T08:07:28	-517.96	3189.66	-857.53	14.26	64.82	95.20
2024-09-05T08:07:30	-519.86	3192.01	-866.12	14.37	65.13	94.84
2024-09-05T08:07:32	-521.76	3194.36	-874.72	14.31	65.40	94.38
2024-09-05T08:07:34	-523.66	3196.69	-883.31	14.24	65.68	93.90
2024-09-05T08:07:36	-525.55	3199.02	-891.90	14.17	65.98	93.40
2024-09-05T08:07:38	-527.45	3201.35	-900.49	14.16	66.34	92.96
2024-09-05T08:07:40	-529.35	3203.66	-909.08	14.20	66.75	92.53
2024-09-05T08:07:42	-531.24	3205.97	-917.66	14.29	67.20	92.11
2024-09-05T08:07:44	-533.14	3208.27	-926.25	14.41	67.09	91.76
2024-09-05T08:07:46	-535.03	3210.56	-934.82	14.52	66.94	91.42
2024-09-05T08:07:48	-536.92	3212.85	-943.40	14.62	66.77	91.09
2024-09-05T08:07:50	-538.81	3215.13	-951.98	14.72	66.58	90.76
2024-09-05T08:07:52	-540.69	3217.40	-960.55	14.80	66.39	90.45
2024-09-05T08:07:54	-542.58	3219.66	-969.13	14.87	66.20	90.16
2024-09-05T08:07:56	-544.46	3221.92	-977.70	15.00	66.27	90.02
2024-09-05T08:07:58	-546.35	3224.17	-986.27	15.31	66.99	90.20
2024-09-05T08:08:00	-548.23	3226.41	-994.83	15.58	67.69	90.39
2024-09-05T08:08:02	-550.12	3228.65	-1003.39	15.84	68.39	90.58
2024-09-05T08:08:04	-551.99	3230.88	-1011.96	16.07	69.09	90.78
2024-09-05T08:08:06	-553.88	3233.10	-1020.51	16.27	69.78	90.99
2024-09-05T08:08:08	-555.75	3235.32	-1029.07	16.44	70.46	91.19
2024-09-05T08:08:10	-557.63	3237.52	-1037.62	16.70	70.64	91.26
2024-09-05T08:08:12	-559.50	3239.72	-1046.18	17.03	70.56	91.29
2024-09-05T08:08:14	-561.38	3241.92	-1054.73	17.37	70.50	91.38
2024-09-05T08:08:16	-563.25	3244.10	-1063.27	17.72	70.47	91.52
2024-09-05T08:08:18	-565.13	3246.28	-1071.82	18.09	70.45	91.72
2024-09-05T08:08:20	-567.00	3248.46	-1080.36	18.47	70.46	91.97
2024-09-05T08:08:22	-568.87	3250.62	-1088.91	18.88	70.48	92.29
2024-09-05T08:08:24	-570.73	3252.78	-1097.44	18.84	70.51	92.43
2024-09-05T08:08:26	-572.60	3254.94	-1105.98	18.75	70.49	92.47
2024-09-05T08:08:28	-574.47	3257.08	-1114.51	18.66	70.40	92.38
2024-09-05T08:08:30	-576.33	3259.22	-1123.04	18.58	70.29	91.97
2024-09-05T08:08:32	-578.20	3261.35	-1131.57	18.47	70.16	91.48
2024-09-05T08:08:34	-580.06	3263.48	-1140.10	18.36	70.02	90.92
2024-09-05T08:08:36	-581.92	3265.60	-1148.63	18.28	69.91	90.31
2024-09-05T08:08:38	-583.78	3267.71	-1157.15	18.32	69.94	89.82
2024-09-05T08:08:40	-585.64	3269.81	-1165.67	18.34	69.94	89.42
2024-09-05T08:08:42	-587.50	3271.91	-1174.19	18.31	69.91	89.10
2024-09-05T08:08:44	-589.35	3274.01	-1182.70	18.25	69.86	88.86
2024-09-05T08:08:46	-591.21	3276.09	-1191.22	18.14	69.78	88.69
2024-09-05T08:08:48	-593.06	3278.17	-1199.73	18.00	69.68	88.59
2024-09-05T08:08:50	-594.92	3280.25	-1208.23	18.03	69.46	88.39
2024-09-05T08:08:52	-596.77	3282.31	-1216.74	18.26	69.08	88.03
2024-09-05T08:08:54	-598.62	3284.37	-1225.24	18.48	68.63	87.64
2024-09-05T08:08:56	-600.47	3286.43	-1233.74	18.68	68.11	87.21
2024-09-05T08:08:58	-602.32	3288.47	-1242.24	18.86	67.50	86.73
2024-09-05T08:09:00	-604.16	3290.51	-1250.74	19.02	66.81	86.22
2024-09-05T08:09:02	-606.01	3292.55	-1259.23	19.17	66.03	85.67
2024-09-05T08:09:04	-607.85	3294.58	-1267.72	19.50	65.38	85.09
2024-09-05T08:09:06	-609.70	3296.60	-1276.21	19.94	64.80	84.58
2024-09-05T08:09:08	-611.54	3298.61	-1284.70	20.42	64.27	84.15
2024-09-05T08:09:10	-613.38	3300.62	-1293.18	20.94	63.84	83.80
2024-09-05T08:09:12	-615.22	3302.63	-1301.67	21.46	63.54	83.62
2024-09-05T08:09:14	-617.06	3304.62	-1310.15	22.00	63.32	83.62
2024-09-05T08:09:16	-618.90	3306.61	-1318.62	22.49	63.16	83.78
2024-09-05T08:09:18	-620.73	3308.60	-1327.10	21.83	63.01	83.36
2024-09-05T08:09:20	-622.57	3310.58	-1335.57	21.18	62.82	82.89
2024-09-05T08:09:22	-624.40	3312.55	-1344.04	20.53	62.60	82.36
2024-09-05T08:09:24	-626.24	3314.52	-1352.50	19.84	62.33	81.72
2024-09-05T08:09:26	-628.07	3316.48	-1360.97	19.10	62.00	80.94
2024-09-05T08:09:28	-629.90	3318.43	-1369.43	18.38	61.59	80.11
2024-09-05T08:09:30	-631.73	3320.38	-1377.89	17.62	61.04	79.28
2024-09-05T08:09:32	-633.56	3322.32	-1386.35	16.78	60.28	78.56
2024-09-05T08:09:34	-635.38	3324.26	-1394.80	16.02	59.55	77.83
2024-09-05T08:09:36	-637.21	3326.19	-1403.25	15.34	58.85	77.11
2024-09-05T08:09:38	-639.04	3328.11	-1411.70	14.73	58.19	76.43
2024-09-05T08:09:40	-640.86	3330.03	-1420.15	14.21	57.57	75.78
2024-09-05T08:09:42	-642.68	3331.94	-1428.59	13.76	56.99	75.20
2024-09-05T08:09:44	-644.50	3333.85	-1437.04	13.32	56.56	74.58
2024-09-05T08:09:46	-646.32	3335.75	-1445.47	12.79	56.21	73.78
2024-09-05T08:09:48	-648.14	3337.64	-1453.91	12.18	55.86	72.87
2024-09-05T08:09:50	-649.96	3339.53	-1462.35	11.49	55.52	71.84
2024-09-05T08:09:52	-651.78	3341.41	-1470.78	10.73	55.20	70.70
2024-09-05T08:09:54	-653.59	3343.29	-1479.21	9.90	54.89	69.43
2024-09-05T08:09:56	-655.41	3345.16	-1487.63	9.01	54.61	68.03
2024-09-05T08:09:58	-657.22	3347.03	-1496.06	8.43	53.97	67.04
2024-09-05T08:10:00	-659.03	3348.89	-1504.48	7.94	53.18	66.19
2024-09-05T08:10:02	-660.84	3350.74	-1512.90	7.40	52.35	65.32
2024-09-05T08:10:04	-662.66	3352.59	-1521.31	6.82	51.49	64.43
2024-09-05T08:10:06	-664.46	3354.44	-1529.73	6.20	50.59	63.51
2024-09-05T08:10:08	-666.27	3356.27	-1538.14	5.55	49.65	62.57
2024-09-05T08:10:10	-668.08	3358.11	-1546.55	4.87	48.68	61.59
2024-09-05T08:10:12	-669.88	3359.93	-1554.95	4.26	47.07	60.53
2024-09-05T08:10:14	-671.69	3361.75	-1563.36	3.71	45.37	59.51
2024-09-05T08:10:16	-673.49	3363.57	-1571.76	3.13	43.72	58.50
2024-09-05T08:10:18	-675.29	3365.38	-1580.16	2.54	42.12	57.52
2024-09-05T08:10:20	-677.10	3367.18	-1588.55	1.92	40.57	56.55
2024-09-05T08:10:22	-678.90	3368.98	-1596.95	1.27	39.08	55.61
2024-09-05T08:10:24	-680.69	3370.77	-1605.34	0.62	37.77	54.83
2024-09-05T08:10:26	-682.49	3372.56	-1613.72	0.27	37.47	55.00
2024-09-05T08:10:28	-684.29	3374.35	-1622.11	-0.00	37.14	55.15
2024-09-05T08:10:30	-686.08	3376.12	-1630.49	-0.24	36.77	55.23
2024-09-05T08:10:32	-687.88	3377.89	-1638.87	-0.44	36.35	55.24
2024-09-05T08:10:34	-689.67	3379.66	-1647.25	-0.60	35.88	55.18
2024-09-05T08:10:36	-691.47	3381.42	-1655.63	-0.72	35.35	55.03
2024-09-05T08:10:38	-693.26	3383.18	-1664.00	-0.82	34.58	54.46
2024-09-05T08:10:40	-695.05	3384.93	-1672.37	-0.93	33.33	53.17
2024-09-05T08:10:42	-696.84	3386.68	-1680.74	-1.06	32.04	51.87
2024-09-05T08:10:44	-698.62	3388.42	-1689.10	-1.22	30.71	50.57
2024-09-05T08:10:46	-700.41	3390.15	-1697.46	-1.41	29.34	49.27
2024-09-05T08:10:48	-702.20	3391.88	-1705.82	-1.62	27.93	47.98
2024-09-05T08:10:50	-703.98	3393.60	-1714.18	-1.84	26.49	46.71
2024-09-05T08:10:52	-705.77	3395.32	-1722.53	-2.16	25.46	45.82
2024-09-05T08:10:54	-707.55	3397.04	-1730.88	-2.53	24.93	45.36
2024-09-05T08:10:56	-709.33	3398.75	-1739.23	-2.88	24.45	44.92
2024-09-05T08:10:58	-711.11	3400.45	-1747.58	-3.20	24.01	44.51
2024-09-05T08:11:00	-712.89	3402.15	-1755.92	-3.50	23.61	44.12
2024-09-05T08:11:02	-714.67	3403.84	-1764.26	-3.78	23.25	43.76
2024-09-05T08:11:04	-716.45	3405.53	-1772.60	-4.05	22.93	43.42
2024-09-05T08:11:06	-718.22	3407.22	-1780.94	-4.30	22.35	42.50
2024-09-05T08:11:08	-720.00	3408.89	-1789.27	-4.52	21.63	41.25
2024-09-05T08:11:10	-721.77	3410.57	-1797.60	-4.69	20.94	40.02
2024-09-05T08:11:12	-723.54	3412.24	-1805.93	-4.80	20.28	38.81
2024-09-05T08:11:14	-725.31	3413.90	-1814.25	-4.86	19.68	37.62
2024-09-05T08:11:16	-727.09	3415.56	-1822.58	-4.88	19.10	36.45
2024-09-05T08:11:18	-728.85	3417.22	-1830.90	-4.98	18.49	35.30
2024-09-05T08:11:20	-730.62	3418.86	-1839.22	-5.35	17.73	34.45
2024-09-05T08:11:22	-732.39	3420.51	-1847.53	-5.81	16.89	33.68
2024-09-05T08:11:24	-734.16	3422.15	-1855.84	-6.26	16.05	32.90
2024-09-05T08:11:26	-735.92	3423.78	-1864.15	-6.70	15.19	32.11
2024-09-05T08:11:28	-737.69	3425.41	-1872.46	-7.15	14.33	31.31
2024-09-05T08:11:30	-739.45	3427.04	-1880.76	-7.59	13.48	30.50
2024-09-05T08:11:32	-741.21	3428.66	-1889.07	-8.02	12.63	29.68
2024-09-05T08:11:34	-742.98	3430.27	-1897.36	-7.96	12.06	28.88
2024-09-05T08:11:36	-744.74	3431.88	-1905.66	-7.84	11.53	28.11
2024-09-05T08:11:38	-746.50	3433.49	-1913.96	-7.75	11.00	27.36
2024-09-05T08:11:40	-748.25	3435.09	-1922.25	-7.66	10.46	26.62
2024-09-05T08:11:42	-750.01	3436.68	-1930.53	-7.60	9.91	25.90
2024-09-05T08:11:44	-751.77	3438.28	-1938.82	-7.54	9.35	25.19
2024-09-05T08:11:46	-753.52	3439.86	-1947.10	-7.50	8.79	24.48
2024-09-05T08:11:48	-755.28	3441.45	-1955.38	-7.80	8.03	23.66
2024-09-05T08:11:50	-757.03	3443.02	-1963.66	-8.06	7.30	22.83
2024-09-05T08:11:52	-758.78	3444.60	-1971.94	-8.27	6.58	22.00
2024-09-05T08:11:54	-760.53	3446.17	-1980.21	-8.44	5.89	21.16
2024-09-05T08:11:56	-762.28	3447.73	-1988.48	-8.56	5.22	20.31
2024-09-05T08:11:58	-764.03	3449.29	-1996.75	-8.65	4.58	19.46
2024-09-05T08:12:00	-765.78	3450.84	-2005.01	-8.68	3.95	18.60
2024-09-05T08:12:02	-767.53	3452.40	-2013.28	-8.42	3.26	17.71
2024-09-05T08:12:04	-769.27	3453.94	-2021.54	-8.16	2.58	16.83
2024-09-05T08:12:06	-771.02	3455.48	-2029.79	-7.90	1.91	15.98
2024-09-05T08:12:08	-772.76	3457.02	-2038.05	-7.64	1.26	15.14
2024-09-05T08:12:10	-774.50	3458.55	-2046.30	-7.38	0.64	14.31
2024-09-05T08:12:12	-776.25	3460.08	-2054.55	-7.11	0.02	13.51
2024-09-05T08:12:14	-777.99	3461.60	-2062.79	-6.87	-0.53	12.78
2024-09-05T08:12:16	-779.73	3463.12	-2071.04	-6.74	-0.85	12.42
2024-09-05T08:12:18	-781.47	3464.64	-2079.28	-6.61	-1.17	12.08
2024-09-05T08:12:20	-783.21	3466.15	-2087.52	-6.47	-1.51	11.75
2024-09-05T08:12:22	-784.94	3467.65	-2095.75	-6.35	-1.85	11.45
2024-09-05T08:12:24	-786.68	3469.16	-2103.99	-6.25	-2.18	11.17
2024-09-05T08:12:26	-788.41	3470.65	-2112.22	-6.15	-2.52	10.89
2024-09-05T08:12:28	-790.15	3472.15	-2120.44	-6.09	-2.82	10.59
2024-09-05T08:12:30	-791.88	3473.64	-2128.67	-6.23	-3.01	10.17
2024-09-05T08:12:32	-793.61	3475.12	-2136.89	-6.36	-3.20	9.76
2024-09-05T08:12:34	-795.34	3476.60	-2145.11	-6.46	-3.38	9.35
2024-09-05T08:12:36	-797.07	3478.08	-2153.33	-6.56	-3.56	8.95
2024-09-05T08:12:38	-798.80	3479.55	-2161.54	-6.63	-3.73	8.56
2024-09-05T08:12:40	-800.53	3481.02	-2169.76	-6.69	-3.89	8.17
2024-09-05T08:12:42	-802.26	3482.48	-2177.97	-6.71	-4.06	7.82
2024-09-05T08:12:44	-803.98	3483.94	-2186.17	-6.63	-4.26	7.56
2024-09-05T08:12:46	-805.71	3485.39	-2194.38	-6.57	-4.45	7.29
2024-09-05T08:12:48	-807.44	3486.84	-2202.58	-6.49	-4.62	7.00
2024-09-05T08:12:50	-809.16	3488.29	-2210.78	-6.41	-4.78	6.71
2024-09-05T08:12:52	-810.88	3489.73	-2218.98	-6.32	-4.94	6.40
2024-09-05T08:12:54	-812.60	3491.17	-2227.17	-6.23	-5.08	6.09
2024-09-05T08:12:56	-814.32	3492.61	-2235.36	-6.10	-5.20	5.77
2024-09-05T08:12:58	-816.04	3494.04	-2243.55	-5.86	-5.29	5.49
2024-09-05T08:13:00	-817.76	3495.46	-2251.74	-5.63	-5.36	5.22
2024-09-05T08:13:02	-819.48	3496.89	-2259.92	-5.41	-5.43	4.96
2024-09-05T08:13:04	-821.19	3498.31	-2268.10	-5.20	-5.48	4.71
2024-09-05T08:13:06	-822.91	3499.72	-2276.28	-5.00	-5.53	4.47
2024-09-05T08:13:08	-824.62	3501.13	-2284.45	-4.81	-5.57	4.25
2024-09-05T08:13:10	-826.34	3502.54	-2292.63	-4.60	-5.63	4.08
2024-09-05T08:13:12	-828.05	3503.94	-2300.80	-4.36	-5.76	4.01
2024-09-05T08:13:14	-829.76	3505.34	-2308.97	-4.13	-5.89	3.95
2024-09-05T08:13:16	-831.47	3506.73	-2317.13	-3.89	-6.02	3.89
2024-09-05T08:13:18	-833.18	3508.12	-2325.30	-3.65	-6.14	3.85
2024-09-05T08:13:20	-834.89	3509.51	-2333.45	-3.41	-6.27	3.81
2024-09-05T08:13:22	-836.60	3510.89	-2341.61	-3.18	-6.39	3.77
2024-09-05T08:13:24	-838.31	3512.27	-2349.77	-2.97	-6.50	3.73
2024-09-05T08:13:26	-840.01	3513.64	-2357.92	-2.86	-6.59	3.65
2024-09-05T08:13:28	-841.72	3515.02	-2366.07	-2.76	-6.69	3.57
2024-09-05T08:13:30	-843.42	3516.38	-2374.22	-2.65	-6.79	3.50
2024-09-05T08:13:32	-845.13	3517.75	-2382.36	-2.54	-6.88	3.43
2024-09-05T08:13:34	-846.83	3519.11	-2390.50	-2.42	-6.97	3.36
2024-09-05T08:13:36	-848.53	3520.46	-2398.64	-2.30	-7.05	3.30
2024-09-05T08:13:38	-850.23	3521.82	-2406.78	-2.16	-7.11	3.22
2024-09-05T08:13:40	-851.93	3523.16	-2414.91	-1.96	-7.13	3.10
2024-09-05T08:13:42	-853.63	3524.51	-2423.04	-1.76	-7.14	2.98
2024-09-05T08:13:44	-855.33	3525.85	-2431.17	-1.56	-7.16	2.86
2024-09-05T08:13:46	-857.03	3527.19	-2439.30	-1.35	-7.17	2.75
2024-09-05T08:13:48	-858.72	3528.52	-2447.42	-1.14	-7.19	2.65
2024-09-05T08:13:50	-860.42	3529.85	-2455.55	-0.93	-7.20	2.55
2024-09-05T08:13:52	-862.11	3531.18	-2463.67	-0.75	-7.21	2.46
2024-09-05T08:13:54	-863.80	3532.50	-2471.78	-0.67	-7.21	2.43
2024-09-05T08:13:56	-865.50	3533.82	-2479.89	-0.61	-7.21	2.39
2024-09-05T08:13:58	-867.19	3535.13	-2488.01	-0.56	-7.22	2.36
2024-09-05T08:14:00	-868.88	3536.44	-2496.12	-0.51	-7.22	2.33
2024-09-05T08:14:02	-870.57	3537.75	-2504.22	-0.48	-7.23	2.29
2024-09-05T08:14:04	-872.26	3539.06	-2512.32	-0.45	-7.25	2.26
2024-09-05T08:14:06	-873.95	3540.36	-2520.42	-0.41	-7.26	2.24
2024-09-05T08:14:08	-875.63	3541.66	-2528.52	-0.27	-7.24	2.27
2024-09-05T08:14:10	-877.32	3542.95	-2536.62	-0.12	-7.22	2.30
2024-09-05T08:14:12	-879.01	3544.24	-2544.71	0.03	-7.20	2.32
2024-09-05T08:14:14	-880.69	3545.52	-2552.80	0.19	-7.17	2.34
2024-09-05T08:14:16	-882.37	3546.81	-2560.89	0.34	-7.14	2.36
2024-09-05T08:14:18	-884.06	3548.09	-2568.98	0.50	-7.11	2.37
2024-09-05T08:14:20	-885.74	3549.36	-2577.06	0.65	-7.07	2.38
2024-09-05T08:14:22	-887.42	3550.63	-2585.14	0.80	-7.11	2.39
2024-09-05T08:14:24	-889.10	3551.90	-2593.22	0.94	-7.15	2.40
2024-09-05T08:14:26	-890.78	3553.17	-2601.30	1.08	-7.19	2.41
2024-09-05T08:14:28	-892.46	3554.43	-2609.37	1.21	-7.24	2.41
2024-09-05T08:14:30	-894.13	3555.69	-2617.44	1.33	-7.30	2.42
2024-09-05T08:14:32	-895.81	3556.95	-2625.51	1.44	-7.37	2.41
2024-09-05T08:14:34	-897.49	3558.20	-2633.57	1.55	-7.43	2.41
2024-09-05T08:14:36	-899.16	3559.45	-2641.63	1.62	-7.39	2.34
2024-09-05T08:14:38	-900.84	3560.69	-2649.70	1.69	-7.34	2.26
2024-09-05T08:14:40	-902.51	3561.93	-2657.75	1.77	-7.29	2.18
2024-09-05T08:14:42	-904.18	3563.17	-2665.81	1.85	-7.24	2.11
2024-09-05T08:14:44	-905.85	3564.41	-2673.86	1.93	-7.20	2.05
2024-09-05T08:14:46	-907.52	3565.64	-2681.91	2.01	-7.15	1.99
2024-09-05T08:14:48	-909.19	3566.87	-2689.96	2.10	-7.10	1.93
2024-09-05T08:14:50	-910.86	3568.09	-2698.01	2.18	-7.07	1.84
2024-09-05T08:14:52	-912.53	3569.31	-2706.05	2.26	-7.05	1.74
2024-09-05T08:14:54	-914.19	3570.53	-2714.09	2.34	-7.03	1.64
2024-09-05T08:14:56	-915.86	3571.75	-2722.12	2.43	-7.01	1.54
2024-09-05T08:14:58	-917.53	3572.96	-2730.16	2.52	-7.01	1.44
2024-09-05T08:15:00	-919.19	3574.17	-2738.19	2.62	-7.00	1.35
2024-09-05T08:15:02	-920.86	3575.37	-2746.22	2.72	-7.00	1.26
2024-09-05T08:15:04	-922.52	3576.57	-2754.25	2.84	-7.07	1.19
2024-09-05T08:15:06	-924.18	3577.77	-2762.28	2.95	-7.16	1.14
2024-09-05T08:15:08	-925.84	3578.97	-2770.30	3.06	-7.25	1.09
2024-09-05T08:15:10	-927.50	3580.16	-2778.32	3.17	-7.34	1.05
2024-09-05T08:15:12	-929.16	3581.35	-2786.34	3.27	-7.44	1.00
2024-09-05T08:15:14	-930.82	3582.54	-2794.35	3.36	-7.53	0.97
2024-09-05T08:15:16	-932.48	3583.72	-2802.37	3.45	-7.63	0.93
2024-09-05T08:15:18	-934.14	3584.90	-2810.38	3.50	-7.68	0.96
2024-09-05T08:15:20	-935.79	3586.08	-2818.39	3.53	-7.70	1.02
2024-09-05T08:15:22	-937.45	3587.25	-2826.39	3.55	-7.72	1.09
2024-09-05T08:15:24	-939.10	3588.42	-2834.40	3.57	-7.73	1.16
2024-09-05T08:15:26	-940.76	3589.59	-2842.40	3.59	-7.73	1.23
2024-09-05T08:15:28	-942.41	3590.76	-2850.40	3.60	-7.72	1.31
2024-09-05T08:15:30	-944.06	3591.92	-2858.39	3.61	-7.71	1.39
2024-09-05T08:15:32	-945.71	3593.07	-2866.39	3.69	-7.69	1.42
2024-09-05T08:15:34	-947.36	3594.23	-2874.38	3.83	-7.65	1.40
2024-09-05T08:15:36	-949.02	3595.38	-2882.36	3.98	-7.62	1.39
2024-09-05T08:15:38	-950.66	3596.53	-2890.35	4.16	-7.60	1.37
2024-09-05T08:15:40	-952.31	3597.68	-2898.33	4.35	-7.57	1.35
2024-09-05T08:15:42	-953.96	3598.82	-2906.32	4.56	-7.56	1.33
2024-09-05T08:15:44	-955.61	3599.96	-2914.29	4.78	-7.54	1.31
2024-09-05T08:15:46	-957.25	3601.10	-2922.27	4.87	-7.55	1.28
2024-09-05T08:15:48	-958.90	3602.23	-2930.24	4.79	-7.59	1.26
2024-09-05T08:15:50	-960.54	3603.36	-2938.22	4.71	-7.63	1.24
2024-09-05T08:15:52	-962.18	3604.49	-2946.19	4.62	-7.67	1.24
2024-09-05T08:15:54	-963.83	3605.61	-2954.15	4.52	-7.71	1.24
2024-09-05T08:15:56	-965.47	3606.74	-2962.12	4.43	-7.74	1.26
2024-09-05T08:15:58	-967.11	3607.86	-2970.08	4.32	-7.78	1.28
2024-09-05T08:16:00	-968.75	3608.97	-2978.04	4.22	-7.82	1.31
2024-09-05T08:16:02	-970.39	3610.09	-2985.99	4.12	-7.87	1.37
2024-09-05T08:16:04	-972.03	3611.20	-2993.95	4.02	-7.92	1.42
2024-09-05T08:16:06	-973.66	3612.31	-3001.90	3.93	-7.97	1.47
2024-09-05T08:16:08	-975.30	3613.41	-3009.85	3.84	-8.02	1.52
2024-09-05T08:16:10	-976.94	3614.51	-3017.80	3.76	-8.08	1.58
2024-09-05T08:16:12	-978.57	3615.61	-3025.74	3.68	-8.13	1.63
2024-09-05T08:16:14	-980.21	3616.71	-3033.69	3.61	-8.18	1.69
2024-09-05T08:16:16	-981.84	3617.80	-3041.63	3.61	-8.25	1.71
2024-09-05T08:16:18	-983.48	3618.89	-3049.56	3.61	-8.31	1.72
2024-09-05T08:16:20	-985.11	3619.98	-3057.50	3.61	-8.37	1.73
2024-09-05T08:16:22	-986.74	3621.06	-3065.43	3.60	-8.43	1.74
2024-09-05T08:16:24	-988.37	3622.15	-3073.36	3.60	-8.48	1.75
2024-09-05T08:16:26	-990.00	3623.23	-3081.29	3.59	-8.53	1.76
2024-09-05T08:16:28	-991.63	3624.31	-3089.22	3.58	-8.58	1.76
2024-09-05T08:16:30	-993.26	3625.38	-3097.14	3.63	-8.61	1.78
2024-09-05T08:16:32	-994.89	3626.45	-3105.06	3.69	-8.63	1.82
2024-09-05T08:16:34	-996.51	3627.52	-3112.98	3.75	-8.65	1.87
2024-09-05T08:16:36	-998.14	3628.58	-3120.90	3.80	-8.68	1.91
2024-09-05T08:16:38	-999.77	3629.65	-3128.81	3.84	-8.71	1.95
2024-09-05T08:16:40	-1001.39	3630.71	-3136.72	3.88	-8.74	2.00
2024-09-05T08:16:42	-1003.01	3631.76	-3144.63	3.91	-8.78	2.04
2024-09-05T08:16:44	-1004.64	3632.82	-3152.54	3.88	-8.82	2.11
2024-09-05T08:16:46	-1006.26	3633.87	-3160.45	3.80	-8.86	2.18
2024-09-05T08:16:48	-1007.88	3634.92	-3168.35	3.72	-8.91	2.26
2024-09-05T08:16:50	-1009.50	3635.97	-3176.25	3.64	-8.96	2.34
2024-09-05T08:16:52	-1011.12	3637.01	-3184.15	3.57	-9.03	2.42
2024-09-05T08:16:54	-1012.74	3638.05	-3192.04	3.51	-9.10	2.50
2024-09-05T08:16:56	-1014.36	3639.09	-3199.94	3.44	-9.15	2.59
2024-09-05T08:16:58	-1015.98	3640.13	-3207.83	3.41	-9.15	2.70
2024-09-05T08:17:00	-1017.60	3641.16	-3215.72	3.46	-9.07	2.84
2024-09-05T08:17:02	-1019.21	3642.19	-3223.60	3.51	-9.00	2.99
2024-09-05T08:17:04	-1020.83	3643.22	-3231.48	3.57	-8.93	3.15
2024-09-05T08:17:06	-1022.44	3644.25	-3239.37	3.62	-8.87	3.31
2024-09-05T08:17:08	-1024.06	3645.27	-3247.25	3.67	-8.82	3.48
2024-09-05T08:17:10	-1025.67	3646.29	-3255.12	3.73	-8.77	3.65
2024-09-05T08:17:12	-1027.28	3647.31	-3263.00	3.78	-8.73	3.82
2024-09-05T08:17:14	-1028.90	3648.32	-3270.87	3.78	-8.85	3.93
2024-09-05T08:17:16	-1030.51	3649.34	-3278.74	3.77	-8.97	4.04
2024-09-05T08:17:18	-1032.12	3650.35	-3286.61	3.78	-9.09	4.13
2024-09-05T08:17:20	-1033.73	3651.36	-3294.47	3.78	-9.20	4.23
2024-09-05T08:17:22	-1035.34	3652.36	-3302.34	3.79	-9.31	4.31
2024-09-05T08:17:24	-1036.95	3653.36	-3310.20	3.81	-9.42	4.39
2024-09-05T08:17:26	-1038.55	3654.36	-3318.06	3.83	-9.53	4.47
2024-09-05T08:17:28	-1040.16	3655.36	-3325.91	3.83	-9.56	4.49
2024-09-05T08:17:30	-1041.77	3656.36	-3333.77	3.84	-9.58	4.50
2024-09-05T08:17:32	-1043.37	3657.35	-3341.62	3.84	-9.57	4.49
2024-09-05T08:17:34	-1044.98	3658.34	-3349.47	3.84	-9.55	4.48
2024-09-05T08:17:36	-1046.58	3659.33	-3357.32	3.84	-9.52	4.47
2024-09-05T08:17:38	-1048.19	3660.31	-3365.16	3.85	-9.48	4.46
2024-09-05T08:17:40	-1049.79	3661.30	-3373.00	3.86	-9.43	4.44
2024-09-05T08:17:42	-1051.39	3662.28	-3380.84	3.88	-9.40	4.50
2024-09-05T08:17:44	-1052.99	3663.25	-3388.68	3.91	-9.41	4.62
2024-09-05T08:17:46	-1054.59	3664.23	-3396.52	3.94	-9.43	4.74
2024-09-05T08:17:48	-1056.19	3665.20	-3404.35	3.96	-9.46	4.87
2024-09-05T08:17:50	-1057.79	3666.17	-3412.18	3.98	-9.50	4.99
2024-09-05T08:17:52	-1059.39	3667.14	-3420.01	4.00	-9.55	5.12
2024-09-05T08:17:54	-1060.99	3668.11	-3427.84	4.01	-9.61	5.25
2024-09-05T08:17:56	-1062.59	3669.07	-3435.66	4.03	-9.65	5.36
2024-09-05T08:17:58	-1064.18	3670.03	-3443.49	4.07	-9.56	5.39
2024-09-05T08:18:00	-1065.78	3670.99	-3451.31	4.10	-9.47	5.43
2024-09-05T08:18:02	-1067.37	3671.95	-3459.12	4.14	-9.39	5.47
2024-09-05T08:18:04	-1068.97	3672.90	-3466.94	4.17	-9.30	5.52
2024-09-05T08:18:06	-1070.56	3673.85	-3474.75	4.20	-9.22	5.56
2024-09-05T08:18:08	-1072.16	3674.80	-3482.57	4.22	-9.15	5.60
2024-09-05T08:18:10	-1073.75	3675.75	-3490.38	4.24	-9.09	5.64
2024-09-05T08:18:12	-1075.34	3676.69	-3498.18	4.18	-9.06	5.60
2024-09-05T08:18:14	-1076.93	3677.64	-3505.99	4.10	-9.03	5.55
2024-09-05T08:18:16	-1078.52	3678.58	-3513.79	4.04	-9.02	5.50
2024-09-05T08:18:18	-1080.11	3679.52	-3521.59	3.97	-9.02	5.45
2024-09-05T08:18:20	-1081.70	3680.45	-3529.39	3.91	-9.04	5.39
2024-09-05T08:18:22	-1083.29	3681.38	-3537.19	3.86	-9.06	5.34
2024-09-05T08:18:24	-1084.88	3682.32	-3544.98	3.82	-9.09	5.28
2024-09-05T08:18:26	-1086.46	3683.25	-3552.77	3.80	-9.14	5.26
2024-09-05T08:18:28	-1088.05	3684.17	-3560.56	3.81	-9.19	5.26
2024-09-05T08:18:30	-1089.63	3685.10	-3568.35	3.81	-9.24	5.28
2024-09-05T08:18:32	-1091.22	3686.02	-3576.13	3.81	-9.27	5.30
2024-09-05T08:18:34	-1092.80	3686.94	-3583.91	3.80	-9.30	5.34
2024-09-05T08:18:36	-1094.39	3687.86	-3591.69	3.80	-9.32	5.39
2024-09-05T08:18:38	-1095.97	3688.77	-3599.47	3.79	-9.34	5.44
2024-09-05T08:18:40	-1097.55	3689.68	-3607.25	3.77	-9.37	5.51
2024-09-05T08:18:42	-1099.13	3690.60	-3615.02	3.76	-9.46	5.56
2024-09-05T08:18:44	-1100.71	3691.50	-3622.79	3.76	-9.55	5.62
2024-09-05T08:18:46	-1102.29	3692.41	-3630.57	3.75	-9.63	5.66
2024-09-05T08:18:48	-1103.87	3693.31	-3638.33	3.75	-9.70	5.71
2024-09-05T08:18:50	-1105.45	3694.22	-3646.10	3.75	-9.78	5.75
2024-09-05T08:18:52	-1107.03	3695.12	-3653.86	3.76	-9.85	5.78
2024-09-05T08:18:54	-1108.61	3696.01	-3661.63	3.77	-9.91	5.81
2024-09-05T08:18:56	-1110.19	3696.91	-3669.38	3.85	-9.96	5.78
2024-09-05T08:18:58	-1111.76	3697.80	-3677.14	3.94	-9.99	5.73
2024-09-05T08:19:00	-1113.34	3698.70	-3684.90	4.04	-10.02	5.68
2024-09-05T08:19:02	-1114.91	3699.58	-3692.65	4.14	-10.03	5.62
2024-09-05T08:19:04	-1116.49	3700.47	-3700.40	4.24	-10.03	5.55
2024-09-05T08:19:06	-1118.06	3701.36	-3708.15	4.34	-10.03	5.49
2024-09-05T08:19:08	-1119.63	3702.24	-3715.89	4.45	-10.00	5.41
2024-09-05T08:19:10	-1121.21	3703.12	-3723.64	4.45	-9.97	5.38
2024-09-05T08:19:12	-1122.78	3704.00	-3731.38	4.33	-9.94	5.42
2024-09-05T08:19:14	-1124.35	3704.87	-3739.12	4.20	-9.92	5.46
2024-09-05T08:19:16	-1125.92	3705.75	-3746.86	4.06	-9.91	5.51
2024-09-05T08:19:18	-1127.49	3706.62	-3754.59	3.91	-9.90	5.56
2024-09-05T08:19:20	-1129.06	3707.49	-3762.33	3.78	-9.90	5.61
2024-09-05T08:19:22	-1130.63	3708.36	-3770.06	3.64	-9.90	5.66
2024-09-05T08:19:24	-1132.20	3709.23	-3777.79	3.53	-9.89	5.70
2024-09-05T08:19:26	-1133.76	3710.09	-3785.51	3.66	-9.90	5.63
2024-09-05T08:19:28	-1135.33	3710.95	-3793.24	3.79	-9.91	5.56
2024-09-05T08:19:30	-1136.90	3711.81	-3800.96	3.93	-9.91	5.50
2024-09-05T08:19:32	-1138.46	3712.67	-3808.68	4.08	-9.90	5.43
