Time	POS_X	POS_Y	POS_Z	B_X	B_Y	B_Z
2024-09-05T07:38:06	1157.16	-1700.05	5030.58	-39.49	4.79	-21.46
2024-09-05T07:38:08	1155.60	-1693.56	5026.31	-40.30	5.45	-21.93
2024-09-05T07:38:10	1154.04	-1687.07	5022.03	-41.06	6.13	-22.40
2024-09-05T07:38:12	1152.48	-1680.57	5017.75	-41.85	6.81	-22.89
2024-09-05T07:38:14	1150.92	-1674.08	5013.47	-42.69	7.49	-23.39
2024-09-05T07:38:16	1149.36	-1667.59	5009.18	-43.56	8.15	-23.90
2024-09-05T07:38:18	1147.80	-1661.09	5004.90	-44.47	8.79	-24.43
2024-09-05T07:38:20	1146.24	-1654.60	5000.60	-45.17	9.09	-24.74
2024-09-05T07:38:22	1144.68	-1648.10	4996.31	-45.92	9.36	-25.12
2024-09-05T07:38:24	1143.11	-1641.60	4992.01	-46.72	9.60	-25.58
2024-09-05T07:38:26	1141.55	-1635.10	4987.71	-47.57	9.80	-26.12
2024-09-05T07:38:28	1139.99	-1628.60	4983.41	-48.46	9.98	-26.73
2024-09-05T07:38:30	1138.42	-1622.10	4979.11	-49.37	10.12	-27.42
2024-09-05T07:38:32	1136.86	-1615.60	4974.80	-50.30	10.24	-28.20
2024-09-05T07:38:34	1135.29	-1609.09	4970.48	-51.19	10.23	-28.96
2024-09-05T07:38:36	1133.72	-1602.59	4966.17	-52.02	10.11	-29.77
2024-09-05T07:38:38	1132.16	-1596.08	4961.85	-52.90	10.10	-30.87
2024-09-05T07:38:40	1130.59	-1589.58	4957.54	-53.88	10.09	-31.87
2024-09-05T07:38:42	1129.02	-1583.07	4953.21	-54.96	10.10	-32.76
2024-09-05T07:38:44	1127.45	-1576.56	4948.89	-56.12	10.11	-33.55
2024-09-05T07:38:46	1125.88	-1570.06	4944.56	-57.36	10.14	-34.22
2024-09-05T07:38:48	1124.31	-1563.55	4940.23	-58.67	10.18	-34.77
2024-09-05T07:38:50	1122.74	-1557.04	4935.89	-60.04	10.24	-35.20
2024-09-05T07:38:52	1121.17	-1550.52	4931.56	-61.47	10.31	-35.51
2024-09-05T07:38:54	1119.59	-1544.01	4927.22	-62.56	10.55	-35.48
2024-09-05T07:38:56	1118.02	-1537.50	4922.87	-63.17	11.06	-35.19
2024-09-05T07:38:58	1116.45	-1530.99	4918.53	-63.73	11.68	-34.89
2024-09-05T07:39:00	1114.87	-1524.47	4914.18	-64.25	12.42	-34.67
2024-09-05T07:39:02	1113.30	-1517.96	4909.83	-64.81	13.25	-34.61
2024-09-05T07:39:04	1111.72	-1511.44	4905.47	-65.39	14.04	-34.47
2024-09-05T07:39:06	1110.15	-1504.92	4901.11	-65.99	14.81	-34.26
2024-09-05T07:39:08	1108.57	-1498.40	4896.75	-66.62	15.54	-33.96
2024-09-05T07:39:10	1106.99	-1491.88	4892.39	-67.25	16.22	-33.58
2024-09-05T07:39:12	1105.42	-1485.36	4888.02	-68.09	16.44	-33.81
2024-09-05T07:39:14	1103.83	-1478.84	4883.65	-68.99	16.46	-34.46
2024-09-05T07:39:16	1102.26	-1472.32	4879.28	-69.85	16.38	-35.35
2024-09-05T07:39:18	1100.68	-1465.79	4874.90	-70.69	16.26	-36.40
2024-09-05T07:39:20	1099.10	-1459.27	4870.52	-71.52	16.21	-37.49
2024-09-05T07:39:22	1097.51	-1452.74	4866.14	-72.36	16.24	-38.62
2024-09-05T07:39:24	1095.93	-1446.22	4861.76	-73.21	16.35	-39.78
2024-09-05T07:39:26	1094.35	-1439.69	4857.37	-74.02	16.50	-40.93
2024-09-05T07:39:28	1092.77	-1433.16	4852.98	-74.59	16.39	-41.86
2024-09-05T07:39:30	1091.18	-1426.63	4848.58	-75.10	15.97	-42.12
2024-09-05T07:39:32	1089.60	-1420.10	4844.19	-75.67	15.59	-42.33
2024-09-05T07:39:34	1088.01	-1413.57	4839.78	-76.28	15.27	-42.54
2024-09-05T07:39:36	1086.42	-1407.04	4835.38	-76.94	15.02	-42.75
2024-09-05T07:39:38	1084.84	-1400.51	4830.97	-77.65	14.84	-42.96
2024-09-05T07:39:40	1083.25	-1393.97	4826.56	-78.40	14.73	-43.18
2024-09-05T07:39:42	1081.66	-1387.44	4822.15	-79.18	14.70	-43.40
2024-09-05T07:39:44	1080.07	-1380.91	4817.73	-80.01	14.75	-43.62
2024-09-05T07:39:46	1078.48	-1374.37	4813.31	-80.84	14.89	-43.88
2024-09-05T07:39:48	1076.89	-1367.83	4808.89	-81.56	15.05	-44.38
2024-09-05T07:39:50	1075.30	-1361.29	4804.47	-82.20	15.20	-44.90
2024-09-05T07:39:52	1073.71	-1354.75	4800.04	-82.76	15.36	-45.50
2024-09-05T07:39:54	1072.12	-1348.21	4795.61	-83.22	15.56	-46.36
2024-09-05T07:39:56	1070.53	-1341.67	4791.17	-83.67	15.78	-47.21
2024-09-05T07:39:58	1068.93	-1335.13	4786.73	-84.09	16.02	-48.07
2024-09-05T07:40:00	1067.34	-1328.59	4782.29	-84.49	16.29	-48.93
2024-09-05T07:40:02	1065.75	-1322.05	4777.85	-84.87	16.58	-49.79
2024-09-05T07:40:04	1064.15	-1315.50	4773.40	-85.39	16.74	-50.56
2024-09-05T07:40:06	1062.55	-1308.96	4768.95	-86.16	16.64	-51.16
2024-09-05T07:40:08	1060.96	-1302.41	4764.49	-86.98	16.52	-51.68
2024-09-05T07:40:10	1059.36	-1295.86	4760.03	-87.87	16.39	-52.12
2024-09-05T07:40:12	1057.76	-1289.32	4755.57	-88.81	16.25	-52.48
2024-09-05T07:40:14	1056.16	-1282.77	4751.11	-89.83	16.11	-52.77
2024-09-05T07:40:16	1054.56	-1276.22	4746.64	-90.93	15.97	-52.97
2024-09-05T07:40:18	1052.96	-1269.67	4742.17	-92.00	15.85	-53.09
2024-09-05T07:40:20	1051.36	-1263.11	4737.70	-92.84	15.76	-53.15
2024-09-05T07:40:22	1049.76	-1256.56	4733.22	-93.27	16.10	-53.18
2024-09-05T07:40:24	1048.16	-1250.01	4728.74	-93.55	16.58	-53.23
2024-09-05T07:40:26	1046.55	-1243.46	4724.25	-93.86	17.04	-53.31
2024-09-05T07:40:28	1044.95	-1236.90	4719.77	-94.18	17.43	-53.47
2024-09-05T07:40:30	1043.34	-1230.34	4715.28	-94.52	17.76	-53.70
2024-09-05T07:40:32	1041.74	-1223.79	4710.78	-94.90	18.04	-53.97
2024-09-05T07:40:34	1040.13	-1217.23	4706.28	-95.30	18.27	-54.29
2024-09-05T07:40:36	1038.52	-1210.67	4701.78	-95.73	18.47	-54.65
2024-09-05T07:40:38	1036.92	-1204.11	4697.28	-96.19	18.64	-55.05
2024-09-05T07:40:40	1035.31	-1197.55	4692.77	-96.73	18.62	-55.73
2024-09-05T07:40:42	1033.70	-1190.99	4688.26	-97.29	18.62	-56.48
2024-09-05T07:40:44	1032.09	-1184.43	4683.75	-97.76	18.50	-57.12
2024-09-05T07:40:46	1030.48	-1177.86	4679.23	-98.11	18.31	-57.61
2024-09-05T07:40:48	1028.87	-1171.30	4674.71	-98.40	18.16	-58.07
2024-09-05T07:40:50	1027.26	-1164.73	4670.18	-98.66	18.05	-58.48
2024-09-05T07:40:52	1025.64	-1158.17	4665.65	-98.87	17.97	-58.87
2024-09-05T07:40:54	1024.03	-1151.60	4661.12	-99.04	17.92	-59.23
2024-09-05T07:40:56	1022.42	-1145.04	4656.58	-99.13	17.87	-59.54
2024-09-05T07:40:58	1020.80	-1138.47	4652.05	-99.03	17.69	-59.73
2024-09-05T07:41:00	1019.19	-1131.90	4647.50	-98.94	17.50	-59.97
2024-09-05T07:41:02	1017.57	-1125.33	4642.96	-98.84	17.31	-60.25
2024-09-05T07:41:04	1015.96	-1118.76	4638.41	-98.73	17.12	-60.55
2024-09-05T07:41:06	1014.34	-1112.19	4633.86	-98.61	16.91	-60.87
2024-09-05T07:41:08	1012.72	-1105.61	4629.30	-98.47	16.69	-61.21
2024-09-05T07:41:10	1011.10	-1099.04	4624.74	-98.57	16.72	-61.57
2024-09-05T07:41:12	1009.48	-1092.47	4620.18	-98.72	16.76	-61.91
2024-09-05T07:41:14	1007.86	-1085.89	4615.61	-99.11	16.95	-62.24
2024-09-05T07:41:16	1006.24	-1079.31	4611.04	-99.62	17.23	-62.56
2024-09-05T07:41:18	1004.61	-1072.74	4606.46	-100.07	17.51	-62.88
2024-09-05T07:41:20	1002.99	-1066.16	4601.89	-100.48	17.76	-63.19
2024-09-05T07:41:22	1001.37	-1059.58	4597.31	-100.84	17.99	-63.47
2024-09-05T07:41:24	999.74	-1053.00	4592.72	-101.15	18.20	-63.75
2024-09-05T07:41:26	998.12	-1046.42	4588.13	-101.40	18.39	-64.00
2024-09-05T07:41:28	996.49	-1039.84	4583.54	-101.60	18.54	-64.23
2024-09-05T07:41:30	994.87	-1033.26	4578.95	-101.76	18.67	-64.43
2024-09-05T07:41:32	993.24	-1026.68	4574.35	-101.89	18.69	-64.88
2024-09-05T07:41:34	991.61	-1020.09	4569.74	-102.05	18.62	-65.46
2024-09-05T07:41:36	989.98	-1013.51	4565.14	-102.25	18.46	-66.08
2024-09-05T07:41:38	988.35	-1006.92	4560.53	-102.51	18.30	-66.70
2024-09-05T07:41:40	986.72	-1000.34	4555.91	-102.82	18.11	-67.33
2024-09-05T07:41:42	985.09	-993.75	4551.29	-103.16	17.92	-67.91
2024-09-05T07:41:44	983.46	-987.16	4546.67	-103.51	17.74	-68.47
2024-09-05T07:41:46	981.82	-980.57	4542.05	-103.88	17.57	-68.98
2024-09-05T07:41:48	980.19	-973.99	4537.42	-104.23	17.44	-69.43
2024-09-05T07:41:50	978.56	-967.40	4532.78	-104.36	17.44	-69.69
2024-09-05T07:41:52	976.92	-960.81	4528.15	-104.45	17.47	-69.92
2024-09-05T07:41:54	975.29	-954.21	4523.51	-104.48	17.53	-70.15
2024-09-05T07:41:56	973.65	-947.62	4518.86	-104.48	17.61	-70.36
2024-09-05T07:41:58	972.01	-941.03	4514.21	-104.43	17.73	-70.58
2024-09-05T07:42:00	970.37	-934.43	4509.56	-104.43	17.92	-70.87
2024-09-05T07:42:02	968.73	-927.84	4504.91	-104.44	18.08	-71.16
2024-09-05T07:42:04	967.09	-921.24	4500.25	-104.48	18.22	-71.44
2024-09-05T07:42:06	965.45	-914.65	4495.59	-104.68	18.26	-71.80
2024-09-05T07:42:08	963.81	-908.05	4490.92	-105.02	18.20	-72.22
2024-09-05T07:42:10	962.17	-901.45	4486.25	-105.33	18.15	-72.63
2024-09-05T07:42:12	960.53	-894.85	4481.57	-105.60	18.09	-73.03
2024-09-05T07:42:14	958.88	-888.25	4476.89	-105.84	18.04	-73.41
2024-09-05T07:42:16	957.24	-881.65	4472.21	-106.05	18.00	-73.78
2024-09-05T07:42:18	955.59	-875.05	4467.53	-106.21	17.96	-74.14
2024-09-05T07:42:20	953.95	-868.45	4462.84	-106.33	17.94	-74.49
2024-09-05T07:42:22	952.30	-861.85	4458.14	-106.41	17.93	-74.83
2024-09-05T07:42:24	950.65	-855.24	4453.44	-106.51	17.90	-75.29
2024-09-05T07:42:26	949.00	-848.64	4448.74	-106.61	17.88	-75.78
2024-09-05T07:42:28	947.35	-842.03	4444.04	-106.71	17.87	-76.28
2024-09-05T07:42:30	945.70	-835.43	4439.32	-106.81	17.87	-76.77
2024-09-05T07:42:32	944.05	-828.82	4434.61	-106.91	17.88	-77.27
2024-09-05T07:42:34	942.40	-822.21	4429.89	-106.99	17.91	-77.76
2024-09-05T07:42:36	940.75	-815.61	4425.17	-107.08	17.94	-78.25
2024-09-05T07:42:38	939.10	-809.00	4420.44	-107.15	17.99	-78.72
2024-09-05T07:42:40	937.44	-802.39	4415.71	-107.24	18.05	-79.15
2024-09-05T07:42:42	935.78	-795.78	4410.98	-107.46	18.05	-79.45
2024-09-05T07:42:44	934.13	-789.17	4406.24	-107.67	18.07	-79.73
2024-09-05T07:42:46	932.47	-782.55	4401.50	-107.89	18.12	-80.00
2024-09-05T07:42:48	930.81	-775.94	4396.75	-108.14	18.09	-80.29
2024-09-05T07:42:50	929.15	-769.33	4392.00	-108.41	18.02	-80.60
2024-09-05T07:42:52	927.50	-762.71	4387.25	-108.67	17.94	-80.91
2024-09-05T07:42:54	925.84	-756.10	4382.49	-108.91	17.85	-81.23
2024-09-05T07:42:56	924.17	-749.49	4377.73	-109.13	17.74	-81.55
2024-09-05T07:42:58	922.51	-742.87	4372.96	-109.32	17.64	-81.86
2024-09-05T07:43:00	920.85	-736.25	4368.19	-109.49	17.55	-82.17
2024-09-05T07:43:02	919.19	-729.64	4363.41	-109.66	17.47	-82.47
2024-09-05T07:43:04	917.52	-723.02	4358.64	-109.83	17.41	-82.78
2024-09-05T07:43:06	915.86	-716.40	4353.85	-109.99	17.35	-83.09
2024-09-05T07:43:08	914.19	-709.78	4349.06	-110.15	17.31	-83.41
2024-09-05T07:43:10	912.52	-703.16	4344.27	-110.31	17.28	-83.73
2024-09-05T07:43:12	910.86	-696.54	4339.48	-110.49	17.26	-84.06
2024-09-05T07:43:14	909.19	-689.91	4334.67	-110.67	17.25	-84.38
2024-09-05T07:43:16	907.52	-683.29	4329.87	-110.74	17.18	-84.80
2024-09-05T07:43:18	905.85	-676.67	4325.06	-110.79	17.11	-85.22
2024-09-05T07:43:20	904.18	-670.05	4320.25	-110.85	17.04	-85.64
2024-09-05T07:43:22	902.50	-663.42	4315.43	-110.91	16.97	-86.05
2024-09-05T07:43:24	900.83	-656.80	4310.61	-110.96	16.90	-86.46
2024-09-05T07:43:26	899.16	-650.17	4305.79	-111.02	16.82	-86.87
2024-09-05T07:43:28	897.48	-643.55	4300.95	-111.08	16.74	-87.27
2024-09-05T07:43:30	895.81	-636.92	4296.12	-111.13	16.66	-87.67
2024-09-05T07:43:32	894.13	-630.29	4291.28	-111.20	16.58	-88.05
2024-09-05T07:43:34	892.45	-623.66	4286.44	-111.31	16.51	-88.38
2024-09-05T07:43:36	890.78	-617.03	4281.59	-111.44	16.41	-88.80
2024-09-05T07:43:38	889.10	-610.40	4276.74	-111.58	16.30	-89.24
2024-09-05T07:43:40	887.42	-603.77	4271.88	-111.73	16.20	-89.68
2024-09-05T07:43:42	885.73	-597.14	4267.02	-111.90	16.09	-90.12
2024-09-05T07:43:44	884.05	-590.51	4262.16	-112.09	15.98	-90.56
2024-09-05T07:43:46	882.37	-583.88	4257.29	-112.29	15.88	-91.01
2024-09-05T07:43:48	880.69	-577.25	4252.41	-112.51	15.78	-91.46
2024-09-05T07:43:50	879.00	-570.61	4247.53	-112.78	15.67	-91.92
2024-09-05T07:43:52	877.32	-563.98	4242.65	-113.05	15.54	-92.39
2024-09-05T07:43:54	875.63	-557.34	4237.76	-113.32	15.42	-92.89
2024-09-05T07:43:56	873.94	-550.71	4232.87	-113.59	15.31	-93.39
2024-09-05T07:43:58	872.26	-544.07	4227.97	-113.81	15.18	-93.86
2024-09-05T07:44:00	870.57	-537.44	4223.07	-113.98	15.03	-94.23
2024-09-05T07:44:02	868.88	-530.80	4218.17	-114.15	14.87	-94.61
2024-09-05T07:44:04	867.19	-524.16	4213.26	-114.32	14.70	-94.99
2024-09-05T07:44:06	865.49	-517.52	4208.34	-114.50	14.53	-95.37
2024-09-05T07:44:08	863.80	-510.88	4203.42	-114.64	14.35	-95.68
2024-09-05T07:44:10	862.11	-504.25	4198.50	-114.78	14.17	-96.03
2024-09-05T07:44:12	860.41	-497.61	4193.57	-114.94	14.00	-96.40
2024-09-05T07:44:14	858.72	-490.96	4188.64	-115.10	13.82	-96.79
2024-09-05T07:44:16	857.02	-484.32	4183.70	-115.25	13.65	-97.20
2024-09-05T07:44:18	855.33	-477.68	4178.76	-115.41	13.47	-97.63
2024-09-05T07:44:20	853.63	-471.04	4173.81	-115.57	13.30	-98.07
2024-09-05T07:44:22	851.93	-464.40	4168.86	-115.75	13.13	-98.55
2024-09-05T07:44:24	850.23	-457.76	4163.90	-115.95	12.95	-99.07
2024-09-05T07:44:26	848.53	-451.11	4158.94	-116.16	12.73	-99.60
2024-09-05T07:44:28	846.83	-444.47	4153.97	-116.37	12.51	-100.12
2024-09-05T07:44:30	845.13	-437.82	4149.00	-116.58	12.29	-100.64
2024-09-05T07:44:32	843.42	-431.18	4144.03	-116.79	12.08	-101.16
2024-09-05T07:44:34	841.72	-424.53	4139.05	-117.00	11.87	-101.66
2024-09-05T07:44:36	840.01	-417.89	4134.06	-117.20	11.67	-102.16
2024-09-05T07:44:38	838.31	-411.24	4129.08	-117.40	11.48	-102.64
2024-09-05T07:44:40	836.60	-404.59	4124.08	-117.60	11.29	-103.12
2024-09-05T07:44:42	834.89	-397.94	4119.08	-117.76	11.13	-103.57
2024-09-05T07:44:44	833.18	-391.30	4114.08	-117.91	10.96	-104.02
2024-09-05T07:44:46	831.47	-384.65	4109.07	-118.07	10.79	-104.50
2024-09-05T07:44:48	829.76	-378.00	4104.05	-118.24	10.62	-104.99
2024-09-05T07:44:50	828.05	-371.35	4099.03	-118.41	10.44	-105.47
2024-09-05T07:44:52	826.33	-364.70	4094.01	-118.59	10.25	-105.96
2024-09-05T07:44:54	824.62	-358.05	4088.98	-118.77	10.05	-106.46
2024-09-05T07:44:56	822.90	-351.40	4083.95	-118.95	9.85	-106.97
2024-09-05T07:44:58	821.19	-344.75	4078.91	-119.14	9.64	-107.49
2024-09-05T07:45:00	819.47	-338.10	4073.87	-119.33	9.43	-108.00
2024-09-05T07:45:02	817.76	-331.44	4068.82	-119.52	9.20	-108.51
2024-09-05T07:45:04	816.04	-324.79	4063.77	-119.73	8.95	-109.02
2024-09-05T07:45:06	814.32	-318.14	4058.71	-119.94	8.69	-109.53
2024-09-05T07:45:08	812.60	-311.49	4053.65	-120.13	8.43	-110.05
2024-09-05T07:45:10	810.87	-304.83	4048.58	-120.31	8.16	-110.57
2024-09-05T07:45:12	809.15	-298.18	4043.51	-120.49	7.91	-111.10
2024-09-05T07:45:14	807.43	-291.52	4038.43	-120.66	7.65	-111.62
2024-09-05T07:45:16	805.70	-284.87	4033.34	-120.81	7.42	-112.13
2024-09-05T07:45:18	803.98	-278.21	4028.26	-120.95	7.20	-112.63
2024-09-05T07:45:20	802.25	-271.56	4023.16	-121.10	6.98	-113.15
2024-09-05T07:45:22	800.52	-264.90	4018.07	-121.24	6.77	-113.68
2024-09-05T07:45:24	798.80	-258.24	4012.96	-121.39	6.56	-114.23
2024-09-05T07:45:26	797.07	-251.59	4007.85	-121.55	6.35	-114.78
2024-09-05T07:45:28	795.34	-244.93	4002.74	-121.71	6.14	-115.35
2024-09-05T07:45:30	793.60	-238.27	3997.62	-121.92	5.91	-115.91
2024-09-05T07:45:32	791.87	-231.62	3992.49	-122.16	5.65	-116.44
2024-09-05T07:45:34	790.14	-224.96	3987.37	-122.45	5.30	-116.93
2024-09-05T07:45:36	788.40	-218.30	3982.23	-122.72	4.95	-117.41
2024-09-05T07:45:38	786.67	-211.64	3977.09	-122.99	4.62	-117.91
2024-09-05T07:45:40	784.93	-204.98	3971.95	-123.24	4.29	-118.40
2024-09-05T07:45:42	783.19	-198.32	3966.80	-123.49	3.96	-118.90
2024-09-05T07:45:44	781.45	-191.66	3961.64	-123.74	3.64	-119.40
2024-09-05T07:45:46	779.71	-185.01	3956.48	-123.98	3.32	-119.91
2024-09-05T07:45:48	777.97	-178.35	3951.31	-124.21	3.00	-120.42
2024-09-05T07:45:50	776.23	-171.69	3946.14	-124.40	2.68	-120.93
2024-09-05T07:45:52	774.49	-165.02	3940.97	-124.52	2.37	-121.52
2024-09-05T07:45:54	772.75	-158.37	3935.78	-124.65	2.04	-122.17
2024-09-05T07:45:56	771.00	-151.70	3930.60	-124.77	1.71	-122.80
2024-09-05T07:45:58	769.26	-145.04	3925.40	-124.89	1.38	-123.41
2024-09-05T07:46:00	767.51	-138.38	3920.20	-125.00	1.05	-123.98
2024-09-05T07:46:02	765.76	-131.72	3915.00	-125.10	0.72	-124.53
2024-09-05T07:46:04	764.01	-125.06	3909.79	-125.20	0.39	-125.05
2024-09-05T07:46:06	762.26	-118.40	3904.58	-125.30	0.05	-125.54
2024-09-05T07:46:08	760.51	-111.73	3899.36	-125.45	-0.29	-126.06
2024-09-05T07:46:10	758.76	-105.07	3894.13	-125.63	-0.64	-126.61
2024-09-05T07:46:12	757.01	-98.41	3888.90	-125.83	-1.00	-127.18
2024-09-05T07:46:14	755.26	-91.75	3883.67	-126.04	-1.37	-127.79
2024-09-05T07:46:16	753.50	-85.09	3878.42	-126.29	-1.73	-128.44
2024-09-05T07:46:18	751.74	-78.42	3873.18	-126.53	-2.11	-129.08
2024-09-05T07:46:20	749.99	-71.76	3867.92	-126.78	-2.49	-129.72
2024-09-05T07:46:22	748.23	-65.10	3862.66	-127.03	-2.88	-130.36
2024-09-05T07:46:24	746.47	-58.43	3857.40	-127.28	-3.27	-130.97
2024-09-05T07:46:26	744.71	-51.77	3852.13	-127.51	-3.63	-131.49
2024-09-05T07:46:28	742.95	-45.11	3846.85	-127.74	-4.00	-132.00
2024-09-05T07:46:30	741.19	-38.44	3841.57	-127.96	-4.37	-132.51
2024-09-05T07:46:32	739.42	-31.78	3836.29	-128.17	-4.74	-133.01
2024-09-05T07:46:34	737.66	-25.12	3830.99	-128.37	-5.12	-133.50
2024-09-05T07:46:36	735.89	-18.45	3825.70	-128.55	-5.50	-134.03
2024-09-05T07:46:38	734.13	-11.79	3820.39	-128.72	-5.90	-134.62
2024-09-05T07:46:40	732.36	-5.13	3815.08	-128.89	-6.32	-135.23
2024-09-05T07:46:42	730.59	1.54	3809.77	-129.05	-6.78	-135.89
2024-09-05T07:46:44	728.82	8.20	3804.45	-129.21	-7.25	-136.56
2024-09-05T07:46:46	727.05	14.86	3799.12	-129.36	-7.72	-137.22
2024-09-05T07:46:48	725.28	21.53	3793.79	-129.52	-8.19	-137.87
2024-09-05T07:46:50	723.50	28.19	3788.45	-129.67	-8.65	-138.52
2024-09-05T07:46:52	721.73	34.85	3783.10	-129.82	-9.12	-139.15
2024-09-05T07:46:54	719.96	41.52	3777.75	-129.97	-9.58	-139.78
2024-09-05T07:46:56	718.18	48.18	3772.40	-130.11	-10.04	-140.40
2024-09-05T07:46:58	716.40	54.84	3767.04	-130.28	-10.51	-141.04
2024-09-05T07:47:00	714.62	61.51	3761.67	-130.50	-11.01	-141.67
2024-09-05T07:47:02	712.85	68.17	3756.29	-130.70	-11.51	-142.30
2024-09-05T07:47:04	711.06	74.83	3750.92	-130.89	-12.01	-142.93
2024-09-05T07:47:06	709.28	81.50	3745.53	-131.08	-12.52	-143.55
2024-09-05T07:47:08	707.50	88.16	3740.14	-131.25	-13.04	-144.17
2024-09-05T07:47:10	705.72	94.82	3734.74	-131.42	-13.55	-144.79
2024-09-05T07:47:12	703.93	101.48	3729.34	-131.58	-14.07	-145.41
2024-09-05T07:47:14	702.14	108.15	3723.93	-131.72	-14.60	-146.02
2024-09-05T07:47:16	700.36	114.81	3718.51	-131.88	-15.13	-146.58
2024-09-05T07:47:18	698.57	121.47	3713.09	-132.07	-15.68	-147.10
2024-09-05T07:47:20	696.78	128.13	3707.67	-132.28	-16.26	-147.69
2024-09-05T07:47:22	694.99	134.79	3702.23	-132.50	-16.85	-148.28
2024-09-05T07:47:24	693.20	141.45	3696.79	-132.72	-17.44	-148.88
2024-09-05T07:47:26	691.41	148.12	3691.35	-132.95	-18.04	-149.48
2024-09-05T07:47:28	689.61	154.78	3685.89	-133.17	-18.65	-150.10
2024-09-05T07:47:30	687.82	161.44	3680.43	-133.40	-19.26	-150.72
2024-09-05T07:47:32	686.02	168.10	3674.97	-133.62	-19.89	-151.35
2024-09-05T07:47:34	684.22	174.76	3669.50	-133.78	-20.49	-152.04
2024-09-05T07:47:36	682.43	181.42	3664.02	-133.94	-21.10	-152.71
2024-09-05T07:47:38	680.63	188.08	3658.54	-134.10	-21.71	-153.39
2024-09-05T07:47:40	678.83	194.74	3653.05	-134.27	-22.31	-154.07
2024-09-05T07:47:42	677.02	201.40	3647.56	-134.43	-22.92	-154.75
2024-09-05T07:47:44	675.22	208.05	3642.06	-134.59	-23.54	-155.42
2024-09-05T07:47:46	673.42	214.71	3636.55	-134.75	-24.17	-156.08
2024-09-05T07:47:48	671.61	221.37	3631.03	-134.92	-24.82	-156.73
2024-09-05T07:47:50	669.81	228.03	3625.51	-135.08	-25.46	-157.36
2024-09-05T07:47:52	668.00	234.69	3619.99	-135.25	-26.11	-157.94
2024-09-05T07:47:54	666.19	241.34	3614.45	-135.42	-26.76	-158.52
2024-09-05T07:47:56	664.38	248.00	3608.92	-135.59	-27.43	-159.11
2024-09-05T07:47:58	662.57	254.66	3603.37	-135.75	-28.11	-159.70
2024-09-05T07:48:00	660.76	261.31	3597.82	-135.92	-28.79	-160.34
2024-09-05T07:48:02	658.95	267.97	3592.26	-136.10	-29.49	-161.03
2024-09-05T07:48:04	657.13	274.62	3586.69	-136.28	-30.20	-161.70
2024-09-05T07:48:06	655.32	281.27	3581.12	-136.46	-30.92	-162.37
2024-09-05T07:48:08	653.50	287.93	3575.54	-136.62	-31.67	-163.01
2024-09-05T07:48:10	651.68	294.58	3569.96	-136.77	-32.45	-163.66
2024-09-05T07:48:12	649.86	301.23	3564.37	-136.94	-33.23	-164.31
2024-09-05T07:48:14	648.04	307.88	3558.77	-137.11	-34.04	-164.96
2024-09-05T07:48:16	646.22	314.54	3553.17	-137.30	-34.87	-165.62
2024-09-05T07:48:18	644.40	321.19	3547.56	-137.50	-35.69	-166.28
2024-09-05T07:48:20	642.58	327.84	3541.94	-137.71	-36.50	-166.95
2024-09-05T07:48:22	640.75	334.49	3536.31	-137.94	-37.27	-167.63
2024-09-05T07:48:24	638.93	341.14	3530.68	-138.15	-38.03	-168.28
2024-09-05T07:48:26	637.10	347.78	3525.05	-138.30	-38.72	-168.88
2024-09-05T07:48:28	635.27	354.43	3519.40	-138.45	-39.42	-169.48
2024-09-05T07:48:30	633.44	361.08	3513.75	-138.59	-40.13	-170.08
2024-09-05T07:48:32	631.61	367.73	3508.09	-138.73	-40.86	-170.69
2024-09-05T07:48:34	629.78	374.37	3502.43	-138.87	-41.59	-171.31
2024-09-05T07:48:36	627.95	381.02	3496.76	-139.01	-42.34	-171.93
2024-09-05T07:48:38	626.11	387.66	3491.08	-139.15	-43.11	-172.56
2024-09-05T07:48:40	624.28	394.30	3485.40	-139.30	-43.88	-173.20
2024-09-05T07:48:42	622.44	400.95	3479.71	-139.53	-44.69	-173.88
2024-09-05T07:48:44	620.60	407.59	3474.01	-139.75	-45.52	-174.53
2024-09-05T07:48:46	618.76	414.23	3468.30	-139.96	-46.35	-175.18
2024-09-05T07:48:48	616.93	420.87	3462.59	-140.15	-47.19	-175.82
2024-09-05T07:48:50	615.08	427.51	3456.87	-140.32	-48.04	-176.47
2024-09-05T07:48:52	613.24	434.15	3451.15	-140.49	-48.90	-177.11
2024-09-05T07:48:54	611.40	440.79	3445.42	-140.64	-49.77	-177.76
2024-09-05T07:48:56	609.55	447.42	3439.68	-140.78	-50.65	-178.40
2024-09-05T07:48:58	607.71	454.06	3433.93	-140.91	-51.54	-179.05
2024-09-05T07:49:00	605.86	460.69	3428.18	-141.08	-52.42	-179.64
2024-09-05T07:49:02	604.01	467.33	3422.42	-141.27	-53.33	-180.22
2024-09-05T07:49:04	602.16	473.96	3416.65	-141.47	-54.23	-180.80
2024-09-05T07:49:06	600.31	480.59	3410.88	-141.68	-55.15	-181.37
2024-09-05T07:49:08	598.46	487.22	3405.10	-141.90	-56.07	-181.94
2024-09-05T07:49:10	596.61	493.86	3399.31	-142.11	-56.99	-182.50
2024-09-05T07:49:12	594.75	500.49	3393.51	-142.34	-57.90	-183.06
2024-09-05T07:49:14	592.90	507.11	3387.71	-142.56	-58.82	-183.61
2024-09-05T07:49:16	591.04	513.74	3381.90	-142.79	-59.73	-184.15
2024-09-05T07:49:18	589.18	520.37	3376.08	-143.01	-60.65	-184.69
2024-09-05T07:49:20	587.33	526.99	3370.26	-143.20	-61.60	-185.24
2024-09-05T07:49:22	585.46	533.62	3364.43	-143.39	-62.64	-185.84
2024-09-05T07:49:24	583.60	540.24	3358.59	-143.55	-63.70	-186.43
2024-09-05T07:49:26	581.74	546.86	3352.75	-143.71	-64.77	-187.00
2024-09-05T07:49:28	579.88	553.48	3346.89	-143.85	-65.85	-187.58
2024-09-05T07:49:30	578.01	560.10	3341.04	-143.99	-66.95	-188.15
2024-09-05T07:49:32	576.14	566.72	3335.17	-144.12	-68.07	-188.71
2024-09-05T07:49:34	574.28	573.33	3329.29	-144.28	-69.10	-189.25
2024-09-05T07:49:36	572.41	579.95	3323.41	-144.45	-70.09	-189.75
2024-09-05T07:49:38	570.54	586.56	3317.52	-144.62	-71.07	-190.23
2024-09-05T07:49:40	568.66	593.18	3311.63	-144.80	-72.07	-190.72
2024-09-05T07:49:42	566.79	599.79	3305.72	-144.99	-73.09	-191.25
2024-09-05T07:49:44	564.92	606.40	3299.81	-145.16	-74.14	-191.78
2024-09-05T07:49:46	563.04	613.01	3293.90	-145.30	-75.22	-192.32
2024-09-05T07:49:48	561.17	619.62	3287.97	-145.42	-76.32	-192.87
2024-09-05T07:49:50	559.29	626.22	3282.04	-145.51	-77.45	-193.41
2024-09-05T07:49:52	557.41	632.83	3276.10	-145.60	-78.60	-193.96
2024-09-05T07:49:54	555.53	639.43	3270.15	-145.68	-79.76	-194.49
2024-09-05T07:49:56	553.65	646.03	3264.19	-145.77	-80.92	-195.03
2024-09-05T07:49:58	551.77	652.63	3258.23	-145.86	-82.08	-195.56
2024-09-05T07:50:00	549.88	659.23	3252.26	-146.00	-83.30	-196.09
2024-09-05T07:50:02	548.00	665.83	3246.28	-146.17	-84.55	-196.61
2024-09-05T07:50:04	546.11	672.43	3240.30	-146.33	-85.81	-197.12
2024-09-05T07:50:06	544.22	679.02	3234.30	-146.49	-87.08	-197.62
2024-09-05T07:50:08	542.34	685.61	3228.30	-146.64	-88.35	-198.08
2024-09-05T07:50:10	540.45	692.21	3222.30	-146.76	-89.59	-198.47
2024-09-05T07:50:12	538.56	698.79	3216.28	-146.87	-90.83	-198.85
2024-09-05T07:50:14	536.66	705.38	3210.25	-146.97	-92.08	-199.24
2024-09-05T07:50:16	534.77	711.97	3204.23	-147.06	-93.33	-199.64
2024-09-05T07:50:18	532.87	718.55	3198.19	-147.14	-94.60	-200.06
2024-09-05T07:50:20	530.98	725.14	3192.14	-147.23	-95.89	-200.50
2024-09-05T07:50:22	529.08	731.72	3186.09	-147.29	-97.19	-200.91
2024-09-05T07:50:24	527.18	738.30	3180.02	-147.32	-98.49	-201.31
2024-09-05T07:50:26	525.28	744.88	3173.95	-147.34	-99.77	-201.70
2024-09-05T07:50:28	523.38	751.45	3167.88	-147.35	-101.06	-202.11
2024-09-05T07:50:30	521.48	758.03	3161.79	-147.36	-102.36	-202.51
2024-09-05T07:50:32	519.58	764.60	3155.70	-147.38	-103.67	-202.91
2024-09-05T07:50:34	517.67	771.17	3149.60	-147.41	-104.99	-203.31
2024-09-05T07:50:36	515.76	777.74	3143.49	-147.43	-106.33	-203.71
2024-09-05T07:50:38	513.86	784.30	3137.37	-147.47	-107.74	-204.16
2024-09-05T07:50:40	511.95	790.87	3131.25	-147.51	-109.16	-204.59
2024-09-05T07:50:42	510.04	797.43	3125.11	-147.53	-110.59	-205.01
2024-09-05T07:50:44	508.13	803.99	3118.97	-147.54	-111.97	-205.33
2024-09-05T07:50:46	506.21	810.55	3112.83	-147.55	-113.35	-205.65
2024-09-05T07:50:48	504.30	817.10	3106.67	-147.57	-114.73	-205.95
2024-09-05T07:50:50	502.38	823.66	3100.51	-147.60	-116.13	-206.24
2024-09-05T07:50:52	500.47	830.21	3094.33	-147.62	-117.53	-206.52
2024-09-05T07:50:54	498.55	836.76	3088.15	-147.64	-118.94	-206.78
2024-09-05T07:50:56	496.63	843.31	3081.97	-147.69	-120.39	-207.05
2024-09-05T07:50:58	494.71	849.85	3075.77	-147.77	-121.87	-207.32
2024-09-05T07:51:00	492.79	856.40	3069.56	-147.83	-123.35	-207.55
2024-09-05T07:51:02	490.87	862.94	3063.35	-147.90	-124.78	-207.73
2024-09-05T07:51:04	488.94	869.48	3057.13	-147.97	-126.22	-207.89
2024-09-05T07:51:06	487.02	876.01	3050.91	-148.04	-127.66	-208.03
2024-09-05T07:51:08	485.09	882.55	3044.67	-148.10	-129.10	-208.16
2024-09-05T07:51:10	483.17	889.08	3038.42	-148.16	-130.54	-208.26
2024-09-05T07:51:12	481.24	895.61	3032.17	-148.22	-131.98	-208.34
2024-09-05T07:51:14	479.31	902.14	3025.91	-148.29	-133.46	-208.43
2024-09-05T07:51:16	477.38	908.66	3019.64	-148.41	-135.02	-208.59
2024-09-05T07:51:18	475.44	915.18	3013.36	-148.51	-136.56	-208.76
2024-09-05T07:51:20	473.51	921.70	3007.08	-148.59	-138.08	-208.94
2024-09-05T07:51:22	471.57	928.22	3000.78	-148.63	-139.59	-209.06
2024-09-05T07:51:24	469.64	934.73	2994.48	-148.65	-141.11	-209.15
2024-09-05T07:51:26	467.70	941.25	2988.17	-148.65	-142.63	-209.19
2024-09-05T07:51:28	465.76	947.76	2981.85	-148.64	-144.14	-209.20
2024-09-05T07:51:30	463.82	954.26	2975.52	-148.61	-145.66	-209.16
2024-09-05T07:51:32	461.88	960.77	2969.19	-148.58	-147.19	-209.13
2024-09-05T07:51:34	459.94	967.27	2962.85	-148.57	-148.81	-209.14
2024-09-05T07:51:36	457.99	973.77	2956.49	-148.52	-150.38	-209.17
2024-09-05T07:51:38	456.05	980.27	2950.13	-148.45	-151.94	-209.18
2024-09-05T07:51:40	454.10	986.76	2943.76	-148.39	-153.51	-209.17
2024-09-05T07:51:42	452.15	993.25	2937.39	-148.34	-155.10	-209.13
2024-09-05T07:51:44	450.20	999.74	2931.00	-148.30	-156.70	-209.06
2024-09-05T07:51:46	448.25	1006.22	2924.61	-148.27	-158.30	-208.96
2024-09-05T07:51:48	446.30	1012.70	2918.21	-148.25	-159.91	-208.83
2024-09-05T07:51:50	444.35	1019.18	2911.80	-148.22	-161.55	-208.69
2024-09-05T07:51:52	442.39	1025.66	2905.38	-148.13	-163.27	-208.58
2024-09-05T07:51:54	440.44	1032.13	2898.95	-147.97	-164.93	-208.46
2024-09-05T07:51:56	438.48	1038.60	2892.51	-147.80	-166.59	-208.33
2024-09-05T07:51:58	436.52	1045.07	2886.07	-147.62	-168.25	-208.19
2024-09-05T07:52:00	434.56	1051.53	2879.61	-147.44	-169.93	-208.02
2024-09-05T07:52:02	432.60	1057.99	2873.15	-147.25	-171.62	-207.85
2024-09-05T07:52:04	430.64	1064.45	2866.68	-147.05	-173.33	-207.66
2024-09-05T07:52:06	428.68	1070.90	2860.20	-146.85	-175.07	-207.46
2024-09-05T07:52:08	426.71	1077.36	2853.71	-146.67	-176.86	-207.24
2024-09-05T07:52:10	424.75	1083.80	2847.22	-146.54	-178.71	-206.99
2024-09-05T07:52:12	422.78	1090.25	2840.71	-146.46	-180.41	-206.70
2024-09-05T07:52:14	420.81	1096.69	2834.20	-146.36	-182.10	-206.39
2024-09-05T07:52:16	418.85	1103.13	2827.68	-146.24	-183.77	-206.04
2024-09-05T07:52:18	416.87	1109.56	2821.15	-146.11	-185.41	-205.67
2024-09-05T07:52:20	414.90	1115.99	2814.61	-145.98	-187.03	-205.26
2024-09-05T07:52:22	412.93	1122.42	2808.06	-145.83	-188.64	-204.83
2024-09-05T07:52:24	410.96	1128.85	2801.50	-145.67	-190.24	-204.38
2024-09-05T07:52:26	408.98	1135.27	2794.94	-145.54	-191.92	-203.93
2024-09-05T07:52:28	407.00	1141.69	2788.36	-145.43	-193.64	-203.46
2024-09-05T07:52:30	405.03	1148.10	2781.78	-145.34	-195.33	-203.01
2024-09-05T07:52:32	403.05	1154.51	2775.19	-145.23	-197.01	-202.53
2024-09-05T07:52:34	401.07	1160.92	2768.59	-145.10	-198.70	-202.02
2024-09-05T07:52:36	399.08	1167.32	2761.98	-144.95	-200.38	-201.48
2024-09-05T07:52:38	397.10	1173.72	2755.36	-144.79	-202.05	-200.93
2024-09-05T07:52:40	395.12	1180.11	2748.73	-144.61	-203.73	-200.37
2024-09-05T07:52:42	393.13	1186.51	2742.10	-144.42	-205.40	-199.79
2024-09-05T07:52:44	391.14	1192.89	2735.45	-144.20	-207.18	-199.19
2024-09-05T07:52:46	389.16	1199.28	2728.80	-143.94	-208.93	-198.57
2024-09-05T07:52:48	387.17	1205.66	2722.13	-143.65	-210.60	-197.97
2024-09-05T07:52:50	385.18	1212.03	2715.46	-143.35	-212.27	-197.33
2024-09-05T07:52:52	383.18	1218.41	2708.78	-143.05	-213.93	-196.67
2024-09-05T07:52:54	381.19	1224.78	2702.10	-142.75	-215.60	-195.98
2024-09-05T07:52:56	379.20	1231.14	2695.40	-142.44	-217.26	-195.27
2024-09-05T07:52:58	377.20	1237.50	2688.69	-142.11	-218.91	-194.53
2024-09-05T07:53:00	375.21	1243.86	2681.97	-141.81	-220.60	-193.81
2024-09-05T07:53:02	373.21	1250.21	2675.25	-141.54	-222.33	-193.13
2024-09-05T07:53:04	371.21	1256.56	2668.52	-141.26	-224.03	-192.41
2024-09-05T07:53:06	369.21	1262.90	2661.77	-140.97	-225.70	-191.63
2024-09-05T07:53:08	367.21	1269.24	2655.02	-140.69	-227.37	-190.80
2024-09-05T07:53:10	365.21	1275.57	2648.26	-140.41	-229.05	-189.93
2024-09-05T07:53:12	363.20	1281.91	2641.49	-140.14	-230.72	-189.02
2024-09-05T07:53:14	361.20	1288.23	2634.71	-139.88	-232.41	-188.07
2024-09-05T07:53:16	359.19	1294.55	2627.93	-139.64	-234.10	-187.06
2024-09-05T07:53:18	357.18	1300.87	2621.13	-139.43	-235.88	-185.88
2024-09-05T07:53:20	355.18	1307.18	2614.33	-139.21	-237.63	-184.68
2024-09-05T07:53:22	353.17	1313.49	2607.51	-138.99	-239.31	-183.51
2024-09-05T07:53:24	351.16	1319.80	2600.69	-138.75	-240.82	-182.43
2024-09-05T07:53:26	349.14	1326.10	2593.85	-138.50	-242.34	-181.33
2024-09-05T07:53:28	347.13	1332.39	2587.01	-138.23	-243.85	-180.21
2024-09-05T07:53:30	345.12	1338.68	2580.16	-137.95	-245.35	-179.06
2024-09-05T07:53:32	343.10	1344.97	2573.30	-137.66	-246.85	-177.88
2024-09-05T07:53:34	341.08	1351.25	2566.43	-137.39	-248.45	-176.62
2024-09-05T07:53:36	339.06	1357.52	2559.56	-137.14	-250.11	-175.28
2024-09-05T07:53:38	337.05	1363.79	2552.67	-136.89	-251.77	-173.91
2024-09-05T07:53:40	335.03	1370.06	2545.77	-136.63	-253.40	-172.51
2024-09-05T07:53:42	333.00	1376.32	2538.87	-136.40	-254.98	-171.13
2024-09-05T07:53:44	330.98	1382.58	2531.95	-136.15	-256.50	-169.72
2024-09-05T07:53:46	328.96	1388.83	2525.03	-135.87	-257.99	-168.30
2024-09-05T07:53:48	326.93	1395.08	2518.10	-135.57	-259.42	-166.85
2024-09-05T07:53:50	324.91	1401.32	2511.16	-135.25	-260.85	-165.37
2024-09-05T07:53:52	322.88	1407.56	2504.21	-134.92	-262.34	-163.83
2024-09-05T07:53:54	320.85	1413.79	2497.24	-134.58	-263.82	-162.24
2024-09-05T07:53:56	318.82	1420.01	2490.28	-134.21	-265.28	-160.62
2024-09-05T07:53:58	316.79	1426.23	2483.30	-133.83	-266.74	-158.96
2024-09-05T07:54:00	314.76	1432.45	2476.31	-133.45	-268.13	-157.42
2024-09-05T07:54:02	312.73	1438.66	2469.31	-133.09	-269.50	-155.89
2024-09-05T07:54:04	310.69	1444.87	2462.31	-132.72	-270.86	-154.33
2024-09-05T07:54:06	308.66	1451.07	2455.29	-132.38	-272.22	-152.77
2024-09-05T07:54:08	306.62	1457.26	2448.27	-132.05	-273.61	-151.22
2024-09-05T07:54:10	304.58	1463.45	2441.24	-131.71	-274.97	-149.62
2024-09-05T07:54:12	302.54	1469.63	2434.20	-131.36	-276.30	-147.94
2024-09-05T07:54:14	300.50	1475.81	2427.14	-131.00	-277.55	-146.15
2024-09-05T07:54:16	298.46	1481.98	2420.08	-130.62	-278.76	-144.29
2024-09-05T07:54:18	296.42	1488.15	2413.01	-130.21	-279.93	-142.46
2024-09-05T07:54:20	294.38	1494.31	2405.93	-129.78	-281.11	-140.66
2024-09-05T07:54:22	292.33	1500.47	2398.84	-129.34	-282.30	-138.83
2024-09-05T07:54:24	290.29	1506.61	2391.75	-128.88	-283.69	-136.94
2024-09-05T07:54:26	288.24	1512.76	2384.64	-128.43	-285.00	-135.01
2024-09-05T07:54:28	286.19	1518.90	2377.52	-127.98	-286.24	-133.06
2024-09-05T07:54:30	284.15	1525.03	2370.40	-127.52	-287.40	-131.06
2024-09-05T07:54:32	282.10	1531.16	2363.27	-127.07	-288.47	-129.01
2024-09-05T07:54:34	280.05	1537.28	2356.12	-126.61	-289.45	-126.90
2024-09-05T07:54:36	277.99	1543.39	2348.97	-126.18	-290.33	-124.82
2024-09-05T07:54:38	275.94	1549.50	2341.81	-125.77	-291.14	-122.84
2024-09-05T07:54:40	273.89	1555.60	2334.64	-125.46	-292.25	-120.67
2024-09-05T07:54:42	271.83	1561.70	2327.46	-125.12	-293.33	-118.48
2024-09-05T07:54:44	269.78	1567.79	2320.27	-124.76	-294.40	-116.27
2024-09-05T07:54:46	267.72	1573.87	2313.07	-124.37	-295.44	-114.04
2024-09-05T07:54:48	265.66	1579.95	2305.86	-123.96	-296.44	-111.79
2024-09-05T07:54:50	263.60	1586.02	2298.65	-123.51	-297.42	-109.52
2024-09-05T07:54:52	261.54	1592.08	2291.42	-123.03	-298.36	-107.22
2024-09-05T07:54:54	259.48	1598.14	2284.18	-122.51	-299.25	-104.89
2024-09-05T07:54:56	257.42	1604.20	2276.94	-121.95	-299.96	-102.54
2024-09-05T07:54:58	255.36	1610.24	2269.69	-121.37	-300.71	-100.18
2024-09-05T07:55:00	253.29	1616.28	2262.42	-120.77	-301.50	-97.81
2024-09-05T07:55:02	251.23	1622.31	2255.15	-120.14	-302.33	-95.43
2024-09-05T07:55:04	249.16	1628.34	2247.87	-119.50	-303.20	-93.05
2024-09-05T07:55:06	247.09	1634.36	2240.58	-118.85	-304.13	-90.66
2024-09-05T07:55:08	245.03	1640.37	2233.28	-118.19	-305.08	-88.27
2024-09-05T07:55:10	242.96	1646.38	2225.97	-117.47	-305.91	-85.85
2024-09-05T07:55:12	240.89	1652.38	2218.66	-116.70	-306.52	-83.40
2024-09-05T07:55:14	238.82	1658.37	2211.33	-115.98	-306.91	-81.07
2024-09-05T07:55:16	236.75	1664.35	2203.99	-115.25	-307.25	-78.87
2024-09-05T07:55:18	234.67	1670.33	2196.65	-114.51	-307.68	-76.63
2024-09-05T07:55:20	232.60	1676.30	2189.29	-113.74	-308.19	-74.37
2024-09-05T07:55:22	230.52	1682.27	2181.93	-112.95	-308.75	-72.08
2024-09-05T07:55:24	228.45	1688.23	2174.56	-112.12	-309.35	-69.75
2024-09-05T07:55:26	226.37	1694.18	2167.18	-111.35	-309.98	-67.35
2024-09-05T07:55:28	224.29	1700.12	2159.79	-110.71	-310.54	-64.90
2024-09-05T07:55:30	222.22	1706.06	2152.39	-110.09	-311.00	-62.43
2024-09-05T07:55:32	220.14	1711.99	2144.98	-109.49	-311.35	-59.94
2024-09-05T07:55:34	218.06	1717.91	2137.56	-108.95	-311.54	-57.57
2024-09-05T07:55:36	215.98	1723.83	2130.13	-108.39	-311.71	-55.21
2024-09-05T07:55:38	213.89	1729.74	2122.70	-107.81	-311.87	-52.83
2024-09-05T07:55:40	211.81	1735.64	2115.25	-107.20	-312.04	-50.43
2024-09-05T07:55:42	209.73	1741.53	2107.80	-106.33	-312.33	-48.02
2024-09-05T07:55:44	207.64	1747.41	2100.34	-105.30	-312.60	-45.64
2024-09-05T07:55:46	205.56	1753.29	2092.87	-104.18	-312.79	-43.29
2024-09-05T07:55:48	203.47	1759.16	2085.39	-102.98	-312.88	-40.96
2024-09-05T07:55:50	201.38	1765.03	2077.89	-101.70	-312.85	-38.66
2024-09-05T07:55:52	199.30	1770.88	2070.40	-100.36	-312.80	-36.41
2024-09-05T07:55:54	197.21	1776.73	2062.89	-99.21	-313.21	-34.30
2024-09-05T07:55:56	195.12	1782.57	2055.37	-98.07	-313.71	-32.17
2024-09-05T07:55:58	193.03	1788.40	2047.85	-96.80	-314.39	-29.92
2024-09-05T07:56:00	190.93	1794.23	2040.31	-95.52	-315.01	-27.66
2024-09-05T07:56:02	188.84	1800.04	2032.77	-94.23	-315.56	-25.37
2024-09-05T07:56:04	186.75	1805.85	2025.22	-92.90	-315.99	-23.08
2024-09-05T07:56:06	184.66	1811.65	2017.66	-91.51	-316.33	-20.80
2024-09-05T07:56:08	182.56	1817.45	2010.09	-90.07	-316.61	-18.54
2024-09-05T07:56:10	180.47	1823.23	2002.51	-88.59	-316.82	-16.31
2024-09-05T07:56:12	178.37	1829.01	1994.92	-86.85	-316.86	-14.15
2024-09-05T07:56:14	176.28	1834.78	1987.32	-84.90	-316.68	-12.16
2024-09-05T07:56:16	174.18	1840.54	1979.72	-83.04	-316.55	-10.14
2024-09-05T07:56:18	172.08	1846.29	1972.10	-81.27	-316.47	-8.12
2024-09-05T07:56:20	169.98	1852.04	1964.48	-79.61	-316.45	-6.08
2024-09-05T07:56:22	167.88	1857.77	1956.85	-78.04	-316.49	-4.03
2024-09-05T07:56:24	165.78	1863.50	1949.21	-76.58	-316.60	-1.95
2024-09-05T07:56:26	163.68	1869.22	1941.56	-75.23	-316.78	0.14
2024-09-05T07:56:28	161.58	1874.93	1933.90	-73.84	-316.25	2.18
2024-09-05T07:56:30	159.48	1880.63	1926.24	-72.40	-315.66	4.22
2024-09-05T07:56:32	157.37	1886.33	1918.56	-70.80	-314.91	6.16
2024-09-05T07:56:34	155.27	1892.02	1910.88	-69.05	-313.91	7.96
2024-09-05T07:56:36	153.16	1897.69	1903.19	-67.43	-312.91	9.78
2024-09-05T07:56:38	151.06	1903.36	1895.48	-65.95	-311.89	11.62
2024-09-05T07:56:40	148.95	1909.02	1887.77	-64.62	-310.85	13.48
2024-09-05T07:56:42	146.84	1914.67	1880.06	-63.43	-309.91	15.68
2024-09-05T07:56:44	144.74	1920.32	1872.33	-62.31	-309.11	18.12
2024-09-05T07:56:46	142.63	1925.95	1864.60	-61.25	-308.38	20.54
2024-09-05T07:56:48	140.52	1931.58	1856.85	-60.24	-307.73	22.92
2024-09-05T07:56:50	138.41	1937.19	1849.10	-59.30	-307.18	25.27
2024-09-05T07:56:52	136.30	1942.80	1841.34	-58.38	-306.73	27.58
2024-09-05T07:56:54	134.19	1948.40	1833.57	-57.40	-306.22	29.84
2024-09-05T07:56:56	132.08	1953.99	1825.79	-56.52	-305.50	32.13
2024-09-05T07:56:58	129.97	1959.57	1818.01	-55.95	-304.18	34.98
2024-09-05T07:57:00	127.86	1965.14	1810.21	-55.38	-302.89	37.89
2024-09-05T07:57:02	125.75	1970.71	1802.41	-54.82	-301.64	40.79
2024-09-05T07:57:04	123.63	1976.26	1794.60	-54.28	-300.43	43.67
2024-09-05T07:57:06	121.52	1981.80	1786.78	-53.75	-299.27	46.54
2024-09-05T07:57:08	119.41	1987.34	1778.96	-53.23	-298.14	49.38
2024-09-05T07:57:10	117.29	1992.87	1771.12	-52.72	-297.06	52.21
2024-09-05T07:57:12	115.18	1998.38	1763.28	-52.19	-295.69	54.70
2024-09-05T07:57:14	113.06	2003.89	1755.42	-51.69	-294.34	57.02
2024-09-05T07:57:16	110.94	2009.39	1747.56	-51.19	-293.00	59.34
2024-09-05T07:57:18	108.83	2014.88	1739.70	-50.71	-291.65	61.64
2024-09-05T07:57:20	106.71	2020.36	1731.82	-50.22	-290.29	63.94
2024-09-05T07:57:22	104.59	2025.83	1723.94	-49.74	-288.92	66.24
2024-09-05T07:57:24	102.48	2031.29	1716.04	-49.26	-287.53	68.53
2024-09-05T07:57:26	100.35	2036.75	1708.14	-48.71	-286.06	71.11
2024-09-05T07:57:28	98.24	2042.19	1700.24	-48.13	-284.46	73.86
2024-09-05T07:57:30	96.12	2047.62	1692.32	-47.55	-282.75	76.57
2024-09-05T07:57:32	94.00	2053.04	1684.39	-46.99	-280.95	79.22
2024-09-05T07:57:34	91.88	2058.46	1676.46	-46.45	-279.21	81.79
2024-09-05T07:57:36	89.76	2063.86	1668.52	-45.89	-277.62	84.30
2024-09-05T07:57:38	87.64	2069.25	1660.57	-45.30	-276.04	86.78
2024-09-05T07:57:40	85.51	2074.64	1652.62	-44.67	-274.51	89.23
2024-09-05T07:57:42	83.39	2080.01	1644.66	-44.02	-273.00	91.64
2024-09-05T07:57:44	81.27	2085.38	1636.68	-43.35	-271.39	93.99
2024-09-05T07:57:46	79.15	2090.73	1628.70	-42.67	-269.66	96.30
2024-09-05T07:57:48	77.02	2096.08	1620.72	-41.99	-267.83	98.55
2024-09-05T07:57:50	74.90	2101.41	1612.72	-41.29	-265.87	100.76
2024-09-05T07:57:52	72.78	2106.74	1604.72	-40.59	-263.82	102.91
2024-09-05T07:57:54	70.65	2112.05	1596.71	-39.88	-261.75	105.04
2024-09-05T07:57:56	68.53	2117.36	1588.69	-39.12	-260.32	107.19
2024-09-05T07:57:58	66.40	2122.65	1580.67	-38.38	-258.89	109.27
2024-09-05T07:58:00	64.28	2127.94	1572.64	-37.63	-257.37	111.30
2024-09-05T07:58:02	62.15	2133.21	1564.60	-36.89	-255.78	113.27
2024-09-05T07:58:04	60.03	2138.48	1556.55	-36.15	-254.11	115.20
2024-09-05T07:58:06	57.90	2143.73	1548.49	-35.42	-252.38	117.07
2024-09-05T07:58:08	55.78	2148.98	1540.43	-34.67	-250.58	118.89
2024-09-05T07:58:10	53.65	2154.21	1532.36	-33.60	-248.73	120.74
2024-09-05T07:58:12	51.53	2159.43	1524.29	-32.52	-246.94	122.60
2024-09-05T07:58:14	49.40	2164.65	1516.20	-31.43	-245.20	124.47
2024-09-05T07:58:16	47.27	2169.85	1508.11	-30.32	-243.52	126.35
2024-09-05T07:58:18	45.14	2175.05	1500.01	-29.50	-241.88	127.94
2024-09-05T07:58:20	43.02	2180.23	1491.91	-28.76	-240.19	129.41
2024-09-05T07:58:22	40.89	2185.40	1483.80	-28.08	-238.44	130.78
2024-09-05T07:58:24	38.76	2190.56	1475.68	-27.13	-236.30	132.16
2024-09-05T07:58:26	36.63	2195.71	1467.55	-26.23	-234.31	133.58
2024-09-05T07:58:28	34.51	2200.85	1459.42	-25.38	-232.48	135.05
2024-09-05T07:58:30	32.38	2205.98	1451.28	-24.59	-230.82	136.57
2024-09-05T07:58:32	30.25	2211.10	1443.13	-23.87	-229.36	138.12
2024-09-05T07:58:34	28.12	2216.21	1434.97	-23.23	-228.11	139.72
2024-09-05T07:58:36	26.00	2221.31	1426.81	-22.66	-227.08	141.36
2024-09-05T07:58:38	23.87	2226.40	1418.64	-21.48	-224.65	142.97
2024-09-05T07:58:40	21.74	2231.48	1410.47	-20.50	-221.91	144.34
2024-09-05T07:58:42	19.61	2236.54	1402.29	-19.75	-219.30	145.61
2024-09-05T07:58:44	17.48	2241.60	1394.10	-19.18	-216.94	146.80
2024-09-05T07:58:46	15.35	2246.64	1385.90	-18.90	-214.90	147.93
2024-09-05T07:58:48	13.22	2251.68	1377.70	-18.89	-213.18	148.98
2024-09-05T07:58:50	11.09	2256.70	1369.49	-19.08	-211.70	149.95
2024-09-05T07:58:52	8.97	2261.71	1361.28	-19.25	-210.14	150.91
2024-09-05T07:58:54	6.84	2266.72	1353.06	-19.09	-208.53	151.84
2024-09-05T07:58:56	4.71	2271.71	1344.83	-18.66	-206.90	152.74
2024-09-05T07:58:58	2.58	2276.69	1336.59	-17.99	-205.25	153.61
2024-09-05T07:59:00	0.45	2281.66	1328.35	-17.11	-203.62	154.44
2024-09-05T07:59:02	-1.68	2286.62	1320.11	-16.26	-201.81	155.46
2024-09-05T07:59:04	-3.81	2291.57	1311.85	-15.88	-199.65	156.86
2024-09-05T07:59:06	-5.94	2296.50	1303.59	-16.35	-197.07	159.09
2024-09-05T07:59:08	-8.06	2301.43	1295.33	-16.74	-194.64	161.31
2024-09-05T07:59:10	-10.19	2306.34	1287.05	-17.06	-192.34	163.52
2024-09-05T07:59:12	-12.32	2311.25	1278.77	-17.33	-190.17	165.69
2024-09-05T07:59:14	-14.45	2316.14	1270.49	-17.55	-188.10	167.80
2024-09-05T07:59:16	-16.58	2321.02	1262.20	-17.72	-186.12	169.86
2024-09-05T07:59:18	-18.71	2325.89	1253.90	-18.01	-184.12	171.63
2024-09-05T07:59:20	-20.84	2330.75	1245.60	-18.93	-181.83	172.39
2024-09-05T07:59:22	-22.96	2335.60	1237.29	-19.67	-179.78	173.38
2024-09-05T07:59:24	-25.09	2340.43	1228.98	-20.21	-178.00	174.66
2024-09-05T07:59:26	-27.22	2345.26	1220.66	-20.59	-175.84	176.08
2024-09-05T07:59:28	-29.35	2350.07	1212.33	-20.77	-173.53	177.56
2024-09-05T07:59:30	-31.47	2354.88	1204.00	-20.76	-171.30	179.11
2024-09-05T07:59:32	-33.60	2359.67	1195.66	-20.48	-168.69	180.21
2024-09-05T07:59:34	-35.73	2364.45	1187.32	-19.85	-165.09	180.16
2024-09-05T07:59:36	-37.85	2369.22	1178.97	-19.08	-161.75	180.24
2024-09-05T07:59:38	-39.98	2373.98	1170.61	-18.18	-158.68	180.50
2024-09-05T07:59:40	-42.11	2378.73	1162.25	-17.22	-155.91	180.62
2024-09-05T07:59:42	-44.23	2383.47	1153.89	-16.22	-153.49	180.91
2024-09-05T07:59:44	-46.36	2388.19	1145.52	-15.17	-151.42	181.49
2024-09-05T07:59:46	-48.49	2392.90	1137.14	-14.21	-149.28	182.06
2024-09-05T07:59:48	-50.61	2397.61	1128.76	-13.45	-146.58	182.10
2024-09-05T07:59:50	-52.74	2402.29	1120.37	-13.10	-143.57	181.63
2024-09-05T07:59:52	-54.86	2406.97	1111.98	-12.92	-140.65	181.14
2024-09-05T07:59:54	-56.99	2411.64	1103.58	-12.78	-137.93	180.78
2024-09-05T07:59:56	-59.11	2416.30	1095.18	-12.66	-135.40	180.55
2024-09-05T07:59:58	-61.23	2420.95	1086.77	-12.59	-133.05	180.47
2024-09-05T08:00:00	-63.36	2425.58	1078.36	-12.99	-131.16	180.65
2024-09-05T08:00:02	-65.48	2430.20	1069.94	-13.65	-129.43	180.80
2024-09-05T08:00:04	-67.61	2434.81	1061.51	-14.29	-127.64	180.81
2024-09-05T08:00:06	-69.73	2439.41	1053.08	-14.89	-125.76	180.66
2024-09-05T08:00:08	-71.85	2444.00	1044.65	-15.45	-123.79	180.34
2024-09-05T08:00:10	-73.97	2448.58	1036.21	-15.94	-121.72	179.84
2024-09-05T08:00:12	-76.09	2453.14	1027.77	-16.36	-119.52	179.15
2024-09-05T08:00:14	-78.22	2457.70	1019.32	-16.65	-117.84	179.09
2024-09-05T08:00:16	-80.34	2462.24	1010.87	-16.69	-116.34	179.53
2024-09-05T08:00:18	-82.46	2466.77	1002.41	-16.69	-114.78	179.93
2024-09-05T08:00:20	-84.58	2471.29	993.95	-16.64	-113.15	180.27
2024-09-05T08:00:22	-86.70	2475.80	985.48	-16.53	-111.43	180.55
2024-09-05T08:00:24	-88.82	2480.29	977.01	-16.35	-109.60	180.78
2024-09-05T08:00:26	-90.93	2484.78	968.54	-16.03	-107.62	180.95
2024-09-05T08:00:28	-93.05	2489.25	960.05	-15.21	-105.07	181.23
2024-09-05T08:00:30	-95.17	2493.71	951.57	-14.45	-102.49	181.49
2024-09-05T08:00:32	-97.29	2498.16	943.08	-13.75	-99.87	181.73
2024-09-05T08:00:34	-99.41	2502.60	934.59	-13.13	-97.31	182.04
2024-09-05T08:00:36	-101.52	2507.03	926.09	-12.61	-94.73	182.34
2024-09-05T08:00:38	-103.64	2511.45	917.59	-12.19	-92.12	182.59
2024-09-05T08:00:40	-105.75	2515.85	909.08	-11.96	-89.94	182.99
2024-09-05T08:00:42	-107.87	2520.24	900.57	-11.86	-88.08	183.54
2024-09-05T08:00:44	-109.98	2524.62	892.05	-11.71	-86.21	184.01
2024-09-05T08:00:46	-112.10	2528.99	883.54	-11.51	-84.31	184.38
2024-09-05T08:00:48	-114.21	2533.35	875.01	-11.27	-82.37	184.64
2024-09-05T08:00:50	-116.32	2537.70	866.49	-11.00	-80.38	184.77
2024-09-05T08:00:52	-118.44	2542.03	857.96	-10.71	-78.32	184.77
2024-09-05T08:00:54	-120.55	2546.36	849.42	-10.51	-76.51	184.48
2024-09-05T08:00:56	-122.66	2550.67	840.88	-10.40	-74.85	184.07
2024-09-05T08:00:58	-124.77	2554.97	832.34	-10.34	-73.16	183.67
2024-09-05T08:01:00	-126.88	2559.26	823.79	-10.32	-71.47	183.30
2024-09-05T08:01:02	-128.99	2563.53	815.24	-10.36	-69.79	182.98
2024-09-05T08:01:04	-131.10	2567.80	806.69	-10.44	-68.13	182.74
2024-09-05T08:01:06	-133.21	2572.06	798.13	-10.52	-66.71	182.72
2024-09-05T08:01:08	-135.32	2576.30	789.57	-10.22	-65.48	182.63
2024-09-05T08:01:10	-137.42	2580.53	781.01	-9.92	-64.22	182.40
2024-09-05T08:01:12	-139.53	2584.75	772.44	-9.64	-62.95	182.05
2024-09-05T08:01:14	-141.63	2588.96	763.87	-9.39	-61.65	181.58
2024-09-05T08:01:16	-143.74	2593.15	755.29	-9.16	-60.32	181.00
2024-09-05T08:01:18	-145.84	2597.34	746.72	-8.95	-58.97	180.31
2024-09-05T08:01:20	-147.95	2601.51	738.14	-8.65	-57.47	179.75
2024-09-05T08:01:22	-150.05	2605.67	729.55	-8.07	-55.62	179.71
2024-09-05T08:01:24	-152.15	2609.82	720.96	-7.49	-53.77	179.59
2024-09-05T08:01:26	-154.25	2613.96	712.37	-6.93	-51.90	179.39
2024-09-05T08:01:28	-156.36	2618.09	703.78	-6.44	-50.05	179.10
2024-09-05T08:01:30	-158.46	2622.20	695.18	-6.04	-48.23	178.71
2024-09-05T08:01:32	-160.56	2626.31	686.58	-5.70	-46.46	178.25
2024-09-05T08:01:34	-162.66	2630.40	677.98	-5.57	-45.08	177.82
2024-09-05T08:01:36	-164.75	2634.48	669.37	-5.50	-43.83	177.35
2024-09-05T08:01:38	-166.85	2638.55	660.76	-5.41	-42.51	176.82
2024-09-05T08:01:40	-168.95	2642.61	652.15	-5.28	-41.14	176.24
2024-09-05T08:01:42	-171.04	2646.66	643.54	-5.13	-39.71	175.62
2024-09-05T08:01:44	-173.14	2650.69	634.92	-4.95	-38.22	174.95
2024-09-05T08:01:46	-175.23	2654.72	626.30	-4.75	-36.69	174.23
2024-09-05T08:01:48	-177.33	2658.73	617.67	-4.48	-35.29	173.70
2024-09-05T08:01:50	-179.42	2662.73	609.05	-4.22	-33.87	173.10
2024-09-05T08:01:52	-181.51	2666.72	600.42	-3.98	-32.45	172.41
2024-09-05T08:01:54	-183.60	2670.70	591.79	-3.73	-31.01	171.66
2024-09-05T08:01:56	-185.69	2674.66	583.16	-3.50	-29.56	170.83
2024-09-05T08:01:58	-187.78	2678.62	574.52	-3.26	-28.09	169.95
2024-09-05T08:02:00	-189.87	2682.56	565.88	-3.05	-26.65	169.06
2024-09-05T08:02:02	-191.96	2686.50	557.24	-2.95	-25.36	168.61
2024-09-05T08:02:04	-194.05	2690.42	548.59	-2.92	-24.19	168.65
2024-09-05T08:02:06	-196.13	2694.33	539.95	-2.90	-23.05	168.63
2024-09-05T08:02:08	-198.22	2698.23	531.30	-2.87	-21.92	168.56
2024-09-05T08:02:10	-200.30	2702.11	522.65	-2.85	-20.81	168.41
2024-09-05T08:02:12	-202.39	2705.99	514.00	-2.82	-19.71	168.19
2024-09-05T08:02:14	-204.47	2709.85	505.35	-2.77	-18.58	167.86
2024-09-05T08:02:16	-206.55	2713.70	496.69	-2.68	-17.44	167.47
2024-09-05T08:02:18	-208.63	2717.55	488.03	-2.55	-16.29	167.06
2024-09-05T08:02:20	-210.71	2721.38	479.37	-2.37	-15.12	166.62
2024-09-05T08:02:22	-212.79	2725.20	470.71	-2.18	-13.92	166.16
2024-09-05T08:02:24	-214.87	2729.00	462.04	-2.01	-12.67	165.66
2024-09-05T08:02:26	-216.95	2732.80	453.38	-1.82	-11.40	165.10
2024-09-05T08:02:28	-219.02	2736.59	444.71	-1.66	-10.12	164.43
2024-09-05T08:02:30	-221.10	2740.36	436.04	-1.51	-8.86	163.69
2024-09-05T08:02:32	-223.17	2744.12	427.37	-1.35	-7.78	163.19
2024-09-05T08:02:34	-225.25	2747.88	418.69	-1.18	-6.88	162.96
2024-09-05T08:02:36	-227.32	2751.62	410.02	-1.00	-6.01	162.75
2024-09-05T08:02:38	-229.39	2755.35	401.34	-0.81	-5.15	162.57
2024-09-05T08:02:40	-231.47	2759.07	392.66	-0.68	-4.39	162.32
2024-09-05T08:02:42	-233.53	2762.77	383.98	-0.62	-3.67	162.00
2024-09-05T08:02:44	-235.60	2766.47	375.30	-0.58	-2.94	161.66
2024-09-05T08:02:46	-237.67	2770.15	366.61	-0.55	-2.19	161.29
2024-09-05T08:02:48	-239.74	2773.83	357.93	-0.53	-1.42	160.91
2024-09-05T08:02:50	-241.81	2777.49	349.24	-0.52	-0.64	160.48
2024-09-05T08:02:52	-243.87	2781.15	340.56	-0.53	0.16	160.02
2024-09-05T08:02:54	-245.93	2784.79	331.87	-0.37	1.01	159.78
2024-09-05T08:02:56	-248.00	2788.41	323.18	-0.20	1.89	159.56
2024-09-05T08:02:58	-250.06	2792.04	314.49	-0.02	2.79	159.35
2024-09-05T08:03:00	-252.12	2795.64	305.80	0.15	3.71	159.16
2024-09-05T08:03:02	-254.18	2799.24	297.10	0.31	4.66	158.98
2024-09-05T08:03:04	-256.24	2802.83	288.41	0.54	5.62	158.80
2024-09-05T08:03:06	-258.30	2806.40	279.71	0.83	6.58	158.53
2024-09-05T08:03:08	-260.36	2809.97	271.01	1.21	7.57	158.10
2024-09-05T08:03:10	-262.41	2813.52	262.31	1.61	8.55	157.67
2024-09-05T08:03:12	-264.47	2817.07	253.62	2.01	9.52	157.24
2024-09-05T08:03:14	-266.52	2820.60	244.92	2.41	10.47	156.83
2024-09-05T08:03:16	-268.58	2824.12	236.21	2.81	11.39	156.42
2024-09-05T08:03:18	-270.63	2827.63	227.51	3.19	12.24	156.05
2024-09-05T08:03:20	-272.68	2831.13	218.81	3.39	12.86	155.78
2024-09-05T08:03:22	-274.73	2834.62	210.10	3.54	13.44	155.50
2024-09-05T08:03:24	-276.78	2838.10	201.40	3.69	14.00	155.17
2024-09-05T08:03:26	-278.83	2841.56	192.69	3.84	14.57	154.80
2024-09-05T08:03:28	-280.87	2845.02	183.99	3.98	15.13	154.39
2024-09-05T08:03:30	-282.92	2848.47	175.28	4.11	15.70	153.93
2024-09-05T08:03:32	-284.96	2851.90	166.57	4.23	16.26	153.42
2024-09-05T08:03:34	-287.00	2855.33	157.87	4.34	16.79	152.89
2024-09-05T08:03:36	-289.05	2858.74	149.16	4.41	17.42	152.24
2024-09-05T08:03:38	-291.09	2862.15	140.45	4.47	18.08	151.52
2024-09-05T08:03:40	-293.13	2865.54	131.74	4.55	18.74	150.82
2024-09-05T08:03:42	-295.17	2868.92	123.03	4.63	19.41	150.11
2024-09-05T08:03:44	-297.21	2872.29	114.32	4.72	20.07	149.40
2024-09-05T08:03:46	-299.24	2875.66	105.61	4.80	20.74	148.72
2024-09-05T08:03:48	-301.28	2879.01	96.89	4.87	21.42	148.09
2024-09-05T08:03:50	-303.32	2882.35	88.18	4.93	22.09	147.48
2024-09-05T08:03:52	-305.35	2885.68	79.47	4.99	22.76	146.91
2024-09-05T08:03:54	-307.38	2889.00	70.76	5.05	23.43	146.37
2024-09-05T08:03:56	-309.41	2892.31	62.04	5.12	24.10	145.86
2024-09-05T08:03:58	-311.44	2895.61	53.33	5.20	24.76	145.36
2024-09-05T08:04:00	-313.47	2898.90	44.62	5.33	25.42	144.65
2024-09-05T08:04:02	-315.50	2902.18	35.91	5.47	26.07	143.91
2024-09-05T08:04:04	-317.53	2905.45	27.19	5.62	26.72	143.13
2024-09-05T08:04:06	-319.55	2908.71	18.48	5.78	27.37	142.31
2024-09-05T08:04:08	-321.58	2911.95	9.76	5.95	28.03	141.46
2024-09-05T08:04:10	-323.60	2915.19	1.05	6.11	28.70	140.66
2024-09-05T08:04:12	-325.62	2918.42	-7.66	6.24	29.32	140.16
2024-09-05T08:04:14	-327.65	2921.64	-16.37	6.36	29.86	139.84
2024-09-05T08:04:16	-329.67	2924.85	-25.09	6.49	30.37	139.50
2024-09-05T08:04:18	-331.68	2928.04	-33.80	6.63	30.86	139.14
2024-09-05T08:04:20	-333.70	2931.23	-42.51	6.78	31.35	138.75
2024-09-05T08:04:22	-335.72	2934.41	-51.23	6.95	31.82	138.33
2024-09-05T08:04:24	-337.74	2937.57	-59.94	7.14	32.29	137.90
2024-09-05T08:04:26	-339.75	2940.73	-68.65	7.39	32.73	137.15
2024-09-05T08:04:28	-341.76	2943.88	-77.37	7.65	33.18	136.41
2024-09-05T08:04:30	-343.77	2947.02	-86.08	7.92	33.62	135.68
2024-09-05T08:04:32	-345.78	2950.14	-94.79	8.20	34.05	134.95
2024-09-05T08:04:34	-347.80	2953.26	-103.50	8.47	34.47	134.22
2024-09-05T08:04:36	-349.80	2956.37	-112.21	8.75	34.89	133.50
2024-09-05T08:04:38	-351.81	2959.47	-120.92	8.89	35.32	132.88
2024-09-05T08:04:40	-353.81	2962.56	-129.64	8.84	35.79	132.43
2024-09-05T08:04:42	-355.82	2965.63	-138.35	8.74	36.28	132.01
2024-09-05T08:04:44	-357.82	2968.70	-147.06	8.59	36.78	131.63
2024-09-05T08:04:46	-359.83	2971.76	-155.76	8.40	37.31	131.30
2024-09-05T08:04:48	-361.83	2974.81	-164.47	8.19	37.86	130.97
2024-09-05T08:04:50	-363.83	2977.85	-173.18	8.02	38.43	130.62
2024-09-05T08:04:52	-365.83	2980.88	-181.89	8.09	38.95	130.07
2024-09-05T08:04:54	-367.83	2983.90	-190.60	8.21	39.47	129.50
2024-09-05T08:04:56	-369.82	2986.91	-199.30	8.34	40.01	128.95
2024-09-05T08:04:58	-371.82	2989.91	-208.01	8.47	40.56	128.42
2024-09-05T08:05:00	-373.81	2992.90	-216.71	8.60	41.13	127.91
2024-09-05T08:05:02	-375.80	2995.88	-225.42	8.72	41.72	127.43
2024-09-05T08:05:04	-377.79	2998.86	-234.12	8.82	42.24	127.00
2024-09-05T08:05:06	-379.79	3001.82	-242.82	8.86	42.52	126.60
2024-09-05T08:05:08	-381.77	3004.77	-251.52	8.90	42.77	126.16
2024-09-05T08:05:10	-383.76	3007.72	-260.23	8.94	42.99	125.69
2024-09-05T08:05:12	-385.75	3010.65	-268.93	8.96	43.19	125.18
2024-09-05T08:05:14	-387.74	3013.58	-277.63	8.99	43.40	124.63
2024-09-05T08:05:16	-389.72	3016.49	-286.33	9.03	43.64	124.05
2024-09-05T08:05:18	-391.70	3019.40	-295.03	9.09	43.93	123.38
2024-09-05T08:05:20	-393.68	3022.30	-303.72	9.15	44.25	122.70
2024-09-05T08:05:22	-395.67	3025.19	-312.42	9.20	44.57	122.04
2024-09-05T08:05:24	-397.64	3028.06	-321.11	9.23	44.89	121.41
2024-09-05T08:05:26	-399.62	3030.93	-329.81	9.30	45.09	120.81
2024-09-05T08:05:28	-401.60	3033.79	-338.50	9.34	45.28	120.23
2024-09-05T08:05:30	-403.58	3036.64	-347.19	9.35	45.45	119.70
2024-09-05T08:05:32	-405.55	3039.49	-355.88	9.38	45.62	119.39
2024-09-05T08:05:34	-407.52	3042.32	-364.58	9.41	45.81	119.01
2024-09-05T08:05:36	-409.50	3045.14	-373.26	9.46	46.01	118.58
2024-09-05T08:05:38	-411.47	3047.96	-381.95	9.51	46.24	118.11
2024-09-05T08:05:40	-413.44	3050.76	-390.64	9.58	46.50	117.59
2024-09-05T08:05:42	-415.41	3053.56	-399.32	9.67	46.78	117.05
2024-09-05T08:05:44	-417.37	3056.35	-408.01	9.90	46.98	116.40
2024-09-05T08:05:46	-419.34	3059.13	-416.69	10.23	47.11	115.69
2024-09-05T08:05:48	-421.30	3061.90	-425.37	10.55	47.25	114.99
2024-09-05T08:05:50	-423.27	3064.66	-434.05	10.86	47.41	114.31
2024-09-05T08:05:52	-425.23	3067.41	-442.73	11.16	47.58	113.63
2024-09-05T08:05:54	-427.19	3070.15	-451.41	11.43	47.77	112.97
2024-09-05T08:05:56	-429.15	3072.89	-460.09	11.69	47.98	112.30
2024-09-05T08:05:58	-431.11	3075.62	-468.76	12.01	48.06	111.82
2024-09-05T08:06:00	-433.07	3078.33	-477.44	12.33	48.11	111.39
2024-09-05T08:06:02	-435.02	3081.04	-486.11	12.67	48.14	111.02
2024-09-05T08:06:04	-436.98	3083.74	-494.78	13.01	48.16	110.70
2024-09-05T08:06:06	-438.93	3086.43	-503.45	13.35	48.15	110.45
2024-09-05T08:06:08	-440.88	3089.12	-512.12	13.69	48.13	110.23
2024-09-05T08:06:10	-442.83	3091.79	-520.79	13.76	48.40	109.97
2024-09-05T08:06:12	-444.78	3094.45	-529.46	13.59	48.93	109.60
2024-09-05T08:06:14	-446.73	3097.11	-538.12	13.48	49.45	109.21
2024-09-05T08:06:16	-448.68	3099.76	-546.78	13.42	49.94	108.81
2024-09-05T08:06:18	-450.62	3102.40	-555.44	13.42	50.40	108.40
2024-09-05T08:06:20	-452.57	3105.03	-564.10	13.46	50.84	107.98
2024-09-05T08:06:22	-454.51	3107.65	-572.76	13.55	51.25	107.56
2024-09-05T08:06:24	-456.46	3110.27	-581.42	13.76	51.64	107.08
2024-09-05T08:06:26	-458.40	3112.87	-590.07	14.01	51.99	106.59
2024-09-05T08:06:28	-460.34	3115.47	-598.73	14.24	52.30	106.12
2024-09-05T08:06:30	-462.28	3118.06	-607.38	14.46	52.60	105.64
2024-09-05T08:06:32	-464.21	3120.64	-616.03	14.67	52.87	105.17
2024-09-05T08:06:34	-466.15	3123.22	-624.68	14.86	53.13	104.71
2024-09-05T08:06:36	-468.08	3125.78	-633.33	15.01	53.36	104.25
2024-09-05T08:06:38	-470.02	3128.34	-641.97	15.06	53.41	103.84
2024-09-05T08:06:40	-471.95	3130.89	-650.62	15.09	53.49	103.47
2024-09-05T08:06:42	-473.88	3133.43	-659.26	15.10	53.61	103.13
2024-09-05T08:06:44	-475.81	3135.96	-667.90	15.10	53.77	102.82
2024-09-05T08:06:46	-477.74	3138.48	-676.54	15.08	53.97	102.54
2024-09-05T08:06:48	-479.67	3141.00	-685.17	15.04	54.21	102.29
2024-09-05T08:06:50	-481.59	3143.51	-693.81	15.20	54.33	101.97
2024-09-05T08:06:52	-483.52	3146.00	-702.44	15.50	54.29	101.49
2024-09-05T08:06:54	-485.44	3148.50	-711.07	15.75	54.21	100.94
2024-09-05T08:06:56	-487.37	3150.98	-719.70	15.94	54.10	100.31
2024-09-05T08:06:58	-489.29	3153.46	-728.33	16.05	53.95	99.62
2024-09-05T08:07:00	-491.21	3155.92	-736.96	16.08	53.78	98.86
2024-09-05T08:07:02	-493.12	3158.38	-745.58	16.04	53.58	98.03
2024-09-05T08:07:04	-495.04	3160.84	-754.21	16.26	53.66	97.51
2024-09-05T08:07:06	-496.96	3163.28	-762.83	16.50	53.72	97.03
2024-09-05T08:07:08	-498.88	3165.72	-771.45	16.75	53.74	96.64
2024-09-05T08:07:10	-500.79	3168.15	-780.06	17.03	53.73	96.35
2024-09-05T08:07:12	-502.70	3170.57	-788.68	17.28	53.67	96.04
2024-09-05T08:07:14	-504.61	3172.98	-797.29	17.49	53.55	95.72
2024-09-05T08:07:16	-506.52	3175.38	-805.90	17.67	53.45	95.35
2024-09-05T08:07:18	-508.43	3177.78	-814.51	17.90	53.53	94.83
2024-09-05T08:07:20	-510.34	3180.17	-823.12	18.13	53.60	94.30
2024-09-05T08:07:22	-512.24	3182.56	-831.72	18.38	53.67	93.75
2024-09-05T08:07:24	-514.15	3184.93	-840.32	18.64	53.74	93.18
2024-09-05T08:07:26	-516.06	3187.30	-848.93	18.90	53.81	92.59
2024-09-05T08:07:28	-517.96	3189.66	-857.53	19.15	53.87	91.98
2024-09-05T08:07:30	-519.86	3192.01	-866.12	19.31	53.68	91.43
2024-09-05T08:07:32	-521.76	3194.36	-874.72	19.38	53.33	90.91
2024-09-05T08:07:34	-523.66	3196.69	-883.31	19.40	52.95	90.37
2024-09-05T08:07:36	-525.55	3199.02	-891.90	19.38	52.55	89.79
2024-09-05T08:07:38	-527.45	3201.35	-900.49	19.32	52.15	89.21
2024-09-05T08:07:40	-529.35	3203.66	-909.08	19.24	51.72	88.57
2024-09-05T08:07:42	-531.24	3205.97	-917.66	19.13	51.25	87.85
2024-09-05T08:07:44	-533.14	3208.27	-926.25	19.13	50.52	87.27
2024-09-05T08:07:46	-535.03	3210.56	-934.82	19.15	49.80	86.63
2024-09-05T08:07:48	-536.92	3212.85	-943.40	19.21	49.11	85.93
2024-09-05T08:07:50	-538.81	3215.13	-951.98	19.28	48.44	85.17
2024-09-05T08:07:52	-540.69	3217.40	-960.55	19.36	47.79	84.38
2024-09-05T08:07:54	-542.58	3219.66	-969.13	19.44	47.16	83.55
2024-09-05T08:07:56	-544.46	3221.92	-977.70	19.56	46.78	82.78
2024-09-05T08:07:58	-546.35	3224.17	-986.27	19.70	46.95	82.33
2024-09-05T08:08:00	-548.23	3226.41	-994.83	19.79	47.09	82.01
2024-09-05T08:08:02	-550.12	3228.65	-1003.39	19.81	47.20	81.85
2024-09-05T08:08:04	-551.99	3230.88	-1011.96	19.77	47.26	81.83
2024-09-05T08:08:06	-553.88	3233.10	-1020.51	19.65	47.27	81.96
2024-09-05T08:08:08	-555.75	3235.32	-1029.07	19.42	47.28	82.21
2024-09-05T08:08:10	-557.63	3237.52	-1037.62	19.09	47.01	81.67
2024-09-05T08:08:12	-559.50	3239.72	-1046.18	18.78	46.46	80.65
2024-09-05T08:08:14	-561.38	3241.92	-1054.73	18.48	45.86	79.62
2024-09-05T08:08:16	-563.25	3244.10	-1063.27	18.19	45.21	78.58
2024-09-05T08:08:18	-565.13	3246.28	-1071.82	17.92	44.52	77.51
2024-09-05T08:08:20	-567.00	3248.46	-1080.36	17.68	43.78	76.40
2024-09-05T08:08:22	-568.87	3250.62	-1088.91	17.46	43.01	75.23
2024-09-05T08:08:24	-570.73	3252.78	-1097.44	17.03	43.52	74.69
2024-09-05T08:08:26	-572.60	3254.94	-1105.98	16.67	44.13	74.17
2024-09-05T08:08:28	-574.47	3257.08	-1114.51	16.34	44.71	73.61
2024-09-05T08:08:30	-576.33	3259.22	-1123.04	15.87	45.17	72.81
2024-09-05T08:08:32	-578.20	3261.35	-1131.57	15.40	45.43	71.98
2024-09-05T08:08:34	-580.06	3263.48	-1140.10	14.91	45.48	71.10
2024-09-05T08:08:36	-581.92	3265.60	-1148.63	14.35	45.12	69.97
2024-09-05T08:08:38	-583.78	3267.71	-1157.15	13.69	43.92	68.15
2024-09-05T08:08:40	-585.64	3269.81	-1165.67	13.16	42.76	66.36
2024-09-05T08:08:42	-587.50	3271.91	-1174.19	12.75	41.64	64.58
2024-09-05T08:08:44	-589.35	3274.01	-1182.70	12.44	40.56	62.84
2024-09-05T08:08:46	-591.21	3276.09	-1191.22	12.23	39.50	61.12
2024-09-05T08:08:48	-593.06	3278.17	-1199.73	12.11	38.49	59.43
2024-09-05T08:08:50	-594.92	3280.25	-1208.23	11.90	37.23	57.66
2024-09-05T08:08:52	-596.77	3282.31	-1216.74	11.52	35.76	55.87
2024-09-05T08:08:54	-598.62	3284.37	-1225.24	11.10	34.38	54.16
2024-09-05T08:08:56	-600.47	3286.43	-1233.74	10.65	33.09	52.53
2024-09-05T08:08:58	-602.32	3288.47	-1242.24	10.18	31.87	50.98
2024-09-05T08:09:00	-604.16	3290.51	-1250.74	9.69	30.74	49.48
2024-09-05T08:09:02	-606.01	3292.55	-1259.23	9.19	29.69	48.05
2024-09-05T08:09:04	-607.85	3294.58	-1267.72	8.63	28.96	47.34
2024-09-05T08:09:06	-609.70	3296.60	-1276.21	8.10	28.33	46.85
2024-09-05T08:09:08	-611.54	3298.61	-1284.70	7.60	27.72	46.38
2024-09-05T08:09:10	-613.38	3300.62	-1293.18	7.15	27.09	45.81
2024-09-05T08:09:12	-615.22	3302.63	-1301.67	6.75	26.44	45.12
2024-09-05T08:09:14	-617.06	3304.62	-1310.15	6.43	25.80	44.40
2024-09-05T08:09:16	-618.90	3306.61	-1318.62	6.18	25.16	43.63
2024-09-05T08:09:18	-620.73	3308.60	-1327.10	6.09	24.08	41.96
2024-09-05T08:09:20	-622.57	3310.58	-1335.57	5.95	22.95	40.24
2024-09-05T08:09:22	-624.40	3312.55	-1344.04	5.79	21.78	38.49
2024-09-05T08:09:24	-626.24	3314.52	-1352.50	5.59	20.58	36.67
2024-09-05T08:09:26	-628.07	3316.48	-1360.97	5.43	19.35	34.78
2024-09-05T08:09:28	-629.90	3318.43	-1369.43	5.31	18.16	32.93
2024-09-05T08:09:30	-631.73	3320.38	-1377.89	5.26	17.07	31.17
2024-09-05T08:09:32	-633.56	3322.32	-1386.35	5.32	16.18	29.61
2024-09-05T08:09:34	-635.38	3324.26	-1394.80	5.34	15.32	28.12
2024-09-05T08:09:36	-637.21	3326.19	-1403.25	5.32	14.47	26.70
2024-09-05T08:09:38	-639.04	3328.11	-1411.70	5.26	13.66	25.35
2024-09-05T08:09:40	-640.86	3330.03	-1420.15	5.18	12.87	24.06
2024-09-05T08:09:42	-642.68	3331.94	-1428.59	5.06	12.10	22.82
2024-09-05T08:09:44	-644.50	3333.85	-1437.04	4.95	11.42	21.68
2024-09-05T08:09:46	-646.32	3335.75	-1445.47	4.87	10.80	20.61
2024-09-05T08:09:48	-648.14	3337.64	-1453.91	4.80	10.19	19.54
2024-09-05T08:09:50	-649.96	3339.53	-1462.35	4.75	9.58	18.49
2024-09-05T08:09:52	-651.78	3341.41	-1470.78	4.71	8.99	17.44
2024-09-05T08:09:54	-653.59	3343.29	-1479.21	4.69	8.41	16.40
2024-09-05T08:09:56	-655.41	3345.16	-1487.63	4.68	7.83	15.37
2024-09-05T08:09:58	-657.22	3347.03	-1496.06	4.73	7.25	14.42
2024-09-05T08:10:00	-659.03	3348.89	-1504.48	4.80	6.66	13.49
2024-09-05T08:10:02	-660.84	3350.74	-1512.90	4.89	6.06	12.56
2024-09-05T08:10:04	-662.66	3352.59	-1521.31	4.99	5.46	11.63
2024-09-05T08:10:06	-664.46	3354.44	-1529.73	5.10	4.84	10.70
2024-09-05T08:10:08	-666.27	3356.27	-1538.14	5.23	4.23	9.78
2024-09-05T08:10:10	-668.08	3358.11	-1546.55	5.37	3.61	8.86
2024-09-05T08:10:12	-669.88	3359.93	-1554.95	5.41	3.18	8.01
2024-09-05T08:10:14	-671.69	3361.75	-1563.36	5.45	2.80	7.16
2024-09-05T08:10:16	-673.49	3363.57	-1571.76	5.48	2.42	6.34
2024-09-05T08:10:18	-675.29	3365.38	-1580.16	5.52	2.05	5.52
2024-09-05T08:10:20	-677.10	3367.18	-1588.55	5.56	1.69	4.73
2024-09-05T08:10:22	-678.90	3368.98	-1596.95	5.62	1.34	3.95
2024-09-05T08:10:24	-680.69	3370.77	-1605.34	5.71	0.99	3.17
2024-09-05T08:10:26	-682.49	3372.56	-1613.72	6.00	0.70	2.34
2024-09-05T08:10:28	-684.29	3374.35	-1622.11	6.29	0.41	1.53
2024-09-05T08:10:30	-686.08	3376.12	-1630.49	6.58	0.12	0.74
2024-09-05T08:10:32	-687.88	3377.89	-1638.87	6.88	-0.17	-0.03
2024-09-05T08:10:34	-689.67	3379.66	-1647.25	7.16	-0.46	-0.79
2024-09-05T08:10:36	-691.47	3381.42	-1655.63	7.45	-0.75	-1.54
2024-09-05T08:10:38	-693.26	3383.18	-1664.00	7.69	-1.04	-2.22
2024-09-05T08:10:40	-695.05	3384.93	-1672.37	7.83	-1.32	-2.76
2024-09-05T08:10:42	-696.84	3386.68	-1680.74	7.96	-1.60	-3.28
2024-09-05T08:10:44	-698.62	3388.42	-1689.10	8.10	-1.89	-3.77
2024-09-05T08:10:46	-700.41	3390.15	-1697.46	8.23	-2.18	-4.25
2024-09-05T08:10:48	-702.20	3391.88	-1705.82	8.36	-2.46	-4.70
2024-09-05T08:10:50	-703.98	3393.60	-1714.18	8.48	-2.75	-5.12
2024-09-05T08:10:52	-705.77	3395.32	-1722.53	8.63	-2.97	-5.50
2024-09-05T08:10:54	-707.55	3397.04	-1730.88	8.80	-3.13	-5.83
2024-09-05T08:10:56	-709.33	3398.75	-1739.23	8.97	-3.28	-6.14
2024-09-05T08:10:58	-711.11	3400.45	-1747.58	9.14	-3.43	-6.44
2024-09-05T08:11:00	-712.89	3402.15	-1755.92	9.31	-3.58	-6.72
2024-09-05T08:11:02	-714.67	3403.84	-1764.26	9.49	-3.73	-6.98
2024-09-05T08:11:04	-716.45	3405.53	-1772.60	9.68	-3.89	-7.22
2024-09-05T08:11:06	-718.22	3407.22	-1780.94	9.85	-4.12	-7.50
2024-09-05T08:11:08	-720.00	3408.89	-1789.27	10.01	-4.37	-7.82
2024-09-05T08:11:10	-721.77	3410.57	-1797.60	10.17	-4.60	-8.15
2024-09-05T08:11:12	-723.54	3412.24	-1805.93	10.33	-4.81	-8.51
2024-09-05T08:11:14	-725.31	3413.90	-1814.25	10.49	-5.00	-8.88
2024-09-05T08:11:16	-727.09	3415.56	-1822.58	10.66	-5.16	-9.28
2024-09-05T08:11:18	-728.85	3417.22	-1830.90	10.83	-5.31	-9.72
2024-09-05T08:11:20	-730.62	3418.86	-1839.22	10.93	-5.57	-9.92
2024-09-05T08:11:22	-732.39	3420.51	-1847.53	11.00	-5.84	-10.04
2024-09-05T08:11:24	-734.16	3422.15	-1855.84	11.05	-6.11	-10.16
2024-09-05T08:11:26	-735.92	3423.78	-1864.15	11.08	-6.37	-10.28
2024-09-05T08:11:28	-737.69	3425.41	-1872.46	11.10	-6.61	-10.39
2024-09-05T08:11:30	-739.45	3427.04	-1880.76	11.11	-6.84	-10.49
2024-09-05T08:11:32	-741.21	3428.66	-1889.07	11.11	-7.06	-10.59
2024-09-05T08:11:34	-742.98	3430.27	-1897.36	11.32	-7.18	-10.77
2024-09-05T08:11:36	-744.74	3431.88	-1905.66	11.55	-7.31	-10.94
2024-09-05T08:11:38	-746.50	3433.49	-1913.96	11.77	-7.44	-11.10
2024-09-05T08:11:40	-748.25	3435.09	-1922.25	11.98	-7.58	-11.24
2024-09-05T08:11:42	-750.01	3436.68	-1930.53	12.18	-7.73	-11.38
2024-09-05T08:11:44	-751.77	3438.28	-1938.82	12.36	-7.89	-11.50
2024-09-05T08:11:46	-753.52	3439.86	-1947.10	12.52	-8.05	-11.60
2024-09-05T08:11:48	-755.28	3441.45	-1955.38	12.50	-7.92	-11.73
2024-09-05T08:11:50	-757.03	3443.02	-1963.66	12.46	-7.79	-11.82
2024-09-05T08:11:52	-758.78	3444.60	-1971.94	12.41	-7.67	-11.87
2024-09-05T08:11:54	-760.53	3446.17	-1980.21	12.36	-7.57	-11.89
2024-09-05T08:11:56	-762.28	3447.73	-1988.48	12.29	-7.47	-11.88
2024-09-05T08:11:58	-764.03	3449.29	-1996.75	12.21	-7.40	-11.83
2024-09-05T08:12:00	-765.78	3450.84	-2005.01	12.12	-7.35	-11.76
2024-09-05T08:12:02	-767.53	3452.40	-2013.28	11.90	-7.37	-11.85
2024-09-05T08:12:04	-769.27	3453.94	-2021.54	11.70	-7.39	-11.96
2024-09-05T08:12:06	-771.02	3455.48	-2029.79	11.50	-7.40	-12.08
2024-09-05T08:12:08	-772.76	3457.02	-2038.05	11.33	-7.40	-12.22
2024-09-05T08:12:10	-774.50	3458.55	-2046.30	11.17	-7.40	-12.37
2024-09-05T08:12:12	-776.25	3460.08	-2054.55	11.03	-7.39	-12.53
2024-09-05T08:12:14	-777.99	3461.60	-2062.79	10.92	-7.42	-12.71
2024-09-05T08:12:16	-779.73	3463.12	-2071.04	10.84	-7.72	-12.87
2024-09-05T08:12:18	-781.47	3464.64	-2079.28	10.75	-8.02	-13.04
2024-09-05T08:12:20	-783.21	3466.15	-2087.52	10.66	-8.32	-13.23
2024-09-05T08:12:22	-784.94	3467.65	-2095.75	10.57	-8.60	-13.41
2024-09-05T08:12:24	-786.68	3469.16	-2103.99	10.49	-8.86	-13.59
2024-09-05T08:12:26	-788.41	3470.65	-2112.22	10.42	-9.10	-13.77
2024-09-05T08:12:28	-790.15	3472.15	-2120.44	10.42	-9.31	-13.90
2024-09-05T08:12:30	-791.88	3473.64	-2128.67	10.61	-9.46	-13.78
2024-09-05T08:12:32	-793.61	3475.12	-2136.89	10.78	-9.63	-13.66
2024-09-05T08:12:34	-795.34	3476.60	-2145.11	10.92	-9.82	-13.53
2024-09-05T08:12:36	-797.07	3478.08	-2153.33	11.03	-10.04	-13.38
2024-09-05T08:12:38	-798.80	3479.55	-2161.54	11.12	-10.28	-13.24
2024-09-05T08:12:40	-800.53	3481.02	-2169.76	11.17	-10.54	-13.08
2024-09-05T08:12:42	-802.26	3482.48	-2177.97	11.20	-10.76	-12.94
2024-09-05T08:12:44	-803.98	3483.94	-2186.17	11.22	-10.78	-12.84
2024-09-05T08:12:46	-805.71	3485.39	-2194.38	11.22	-10.82	-12.73
2024-09-05T08:12:48	-807.44	3486.84	-2202.58	11.20	-10.88	-12.64
2024-09-05T08:12:50	-809.16	3488.29	-2210.78	11.17	-10.95	-12.55
2024-09-05T08:12:52	-810.88	3489.73	-2218.98	11.14	-11.05	-12.46
2024-09-05T08:12:54	-812.60	3491.17	-2227.17	11.10	-11.17	-12.38
2024-09-05T08:12:56	-814.32	3492.61	-2235.36	11.04	-11.30	-12.31
2024-09-05T08:12:58	-816.04	3494.04	-2243.55	10.89	-11.40	-12.32
2024-09-05T08:13:00	-817.76	3495.46	-2251.74	10.77	-11.48	-12.32
2024-09-05T08:13:02	-819.48	3496.89	-2259.92	10.66	-11.56	-12.33
2024-09-05T08:13:04	-821.19	3498.31	-2268.10	10.57	-11.62	-12.33
2024-09-05T08:13:06	-822.91	3499.72	-2276.28	10.49	-11.68	-12.34
2024-09-05T08:13:08	-824.62	3501.13	-2284.45	10.42	-11.72	-12.35
2024-09-05T08:13:10	-826.34	3502.54	-2292.63	10.35	-11.73	-12.37
2024-09-05T08:13:12	-828.05	3503.94	-2300.80	10.24	-11.67	-12.40
2024-09-05T08:13:14	-829.76	3505.34	-2308.97	10.14	-11.61	-12.42
2024-09-05T08:13:16	-831.47	3506.73	-2317.13	10.03	-11.54	-12.42
2024-09-05T08:13:18	-833.18	3508.12	-2325.30	9.92	-11.46	-12.41
2024-09-05T08:13:20	-834.89	3509.51	-2333.45	9.82	-11.38	-12.37
2024-09-05T08:13:22	-836.60	3510.89	-2341.61	9.71	-11.29	-12.32
2024-09-05T08:13:24	-838.31	3512.27	-2349.77	9.61	-11.21	-12.31
2024-09-05T08:13:26	-840.01	3513.64	-2357.92	9.57	-11.13	-12.48
2024-09-05T08:13:28	-841.72	3515.02	-2366.07	9.55	-11.07	-12.66
2024-09-05T08:13:30	-843.42	3516.38	-2374.22	9.55	-11.02	-12.83
2024-09-05T08:13:32	-845.13	3517.75	-2382.36	9.56	-10.97	-13.00
2024-09-05T08:13:34	-846.83	3519.11	-2390.50	9.57	-10.91	-13.16
2024-09-05T08:13:36	-848.53	3520.46	-2398.64	9.58	-10.86	-13.31
2024-09-05T08:13:38	-850.23	3521.82	-2406.78	9.60	-10.86	-13.42
2024-09-05T08:13:40	-851.93	3523.16	-2414.91	9.62	-11.05	-13.48
2024-09-05T08:13:42	-853.63	3524.51	-2423.04	9.63	-11.23	-13.56
2024-09-05T08:13:44	-855.33	3525.85	-2431.17	9.61	-11.40	-13.66
2024-09-05T08:13:46	-857.03	3527.19	-2439.30	9.59	-11.56	-13.77
2024-09-05T08:13:48	-858.72	3528.52	-2447.42	9.55	-11.70	-13.91
2024-09-05T08:13:50	-860.42	3529.85	-2455.55	9.50	-11.83	-14.06
2024-09-05T08:13:52	-862.11	3531.18	-2463.67	9.46	-11.93	-14.21
2024-09-05T08:13:54	-863.80	3532.50	-2471.78	9.51	-11.92	-14.26
2024-09-05T08:13:56	-865.50	3533.82	-2479.89	9.56	-11.91	-14.30
2024-09-05T08:13:58	-867.19	3535.13	-2488.01	9.62	-11.90	-14.35
2024-09-05T08:14:00	-868.88	3536.44	-2496.12	9.66	-11.89	-14.40
2024-09-05T08:14:02	-870.57	3537.75	-2504.22	9.71	-11.88	-14.45
2024-09-05T08:14:04	-872.26	3539.06	-2512.32	9.75	-11.87	-14.50
2024-09-05T08:14:06	-873.95	3540.36	-2520.42	9.76	-11.83	-14.54
2024-09-05T08:14:08	-875.63	3541.66	-2528.52	9.66	-11.60	-14.46
2024-09-05T08:14:10	-877.32	3542.95	-2536.62	9.55	-11.37	-14.36
2024-09-05T08:14:12	-879.01	3544.24	-2544.71	9.46	-11.16	-14.26
2024-09-05T08:14:14	-880.69	3545.52	-2552.80	9.37	-10.95	-14.14
2024-09-05T08:14:16	-882.37	3546.81	-2560.89	9.29	-10.75	-14.02
2024-09-05T08:14:18	-884.06	3548.09	-2568.98	9.21	-10.55	-13.90
2024-09-05T08:14:20	-885.74	3549.36	-2577.06	9.16	-10.36	-13.78
2024-09-05T08:14:22	-887.42	3550.63	-2585.14	9.30	-10.35	-13.83
2024-09-05T08:14:24	-889.10	3551.90	-2593.22	9.42	-10.34	-13.88
2024-09-05T08:14:26	-890.78	3553.17	-2601.30	9.54	-10.33	-13.92
2024-09-05T08:14:28	-892.46	3554.43	-2609.37	9.64	-10.33	-13.95
2024-09-05T08:14:30	-894.13	3555.69	-2617.44	9.73	-10.34	-13.98
2024-09-05T08:14:32	-895.81	3556.95	-2625.51	9.81	-10.35	-14.00
2024-09-05T08:14:34	-897.49	3558.20	-2633.57	9.88	-10.38	-14.00
2024-09-05T08:14:36	-899.16	3559.45	-2641.63	9.96	-10.39	-14.29
2024-09-05T08:14:38	-900.84	3560.69	-2649.70	10.04	-10.38	-14.59
2024-09-05T08:14:40	-902.51	3561.93	-2657.75	10.11	-10.36	-14.89
2024-09-05T08:14:42	-904.18	3563.17	-2665.81	10.18	-10.33	-15.19
2024-09-05T08:14:44	-905.85	3564.41	-2673.86	10.24	-10.29	-15.49
2024-09-05T08:14:46	-907.52	3565.64	-2681.91	10.29	-10.23	-15.79
2024-09-05T08:14:48	-909.19	3566.87	-2689.96	10.34	-10.16	-16.10
2024-09-05T08:14:50	-910.86	3568.09	-2698.01	10.13	-9.99	-15.86
2024-09-05T08:14:52	-912.53	3569.31	-2706.05	9.90	-9.80	-15.58
2024-09-05T08:14:54	-914.19	3570.53	-2714.09	9.69	-9.60	-15.32
2024-09-05T08:14:56	-915.86	3571.75	-2722.12	9.50	-9.37	-15.07
2024-09-05T08:14:58	-917.53	3572.96	-2730.16	9.32	-9.14	-14.85
2024-09-05T08:15:00	-919.19	3574.17	-2738.19	9.16	-8.88	-14.64
2024-09-05T08:15:02	-920.86	3575.37	-2746.22	9.02	-8.61	-14.44
2024-09-05T08:15:04	-922.52	3576.57	-2754.25	9.15	-8.59	-14.46
2024-09-05T08:15:06	-924.18	3577.77	-2762.28	9.35	-8.66	-14.53
2024-09-05T08:15:08	-925.84	3578.97	-2770.30	9.53	-8.76	-14.58
2024-09-05T08:15:10	-927.50	3580.16	-2778.32	9.71	-8.88	-14.61
2024-09-05T08:15:12	-929.16	3581.35	-2786.34	9.88	-9.02	-14.63
2024-09-05T08:15:14	-930.82	3582.54	-2794.35	10.04	-9.19	-14.64
2024-09-05T08:15:16	-932.48	3583.72	-2802.37	10.19	-9.38	-14.64
2024-09-05T08:15:18	-934.14	3584.90	-2810.38	10.26	-9.32	-14.61
2024-09-05T08:15:20	-935.79	3586.08	-2818.39	10.30	-9.15	-14.58
2024-09-05T08:15:22	-937.45	3587.25	-2826.39	10.33	-8.98	-14.56
2024-09-05T08:15:24	-939.10	3588.42	-2834.40	10.37	-8.82	-14.54
2024-09-05T08:15:26	-940.76	3589.59	-2842.40	10.41	-8.67	-14.54
2024-09-05T08:15:28	-942.41	3590.76	-2850.40	10.46	-8.53	-14.54
2024-09-05T08:15:30	-944.06	3591.92	-2858.39	10.50	-8.41	-14.55
2024-09-05T08:15:32	-945.71	3593.07	-2866.39	10.62	-8.31	-14.60
2024-09-05T08:15:34	-947.36	3594.23	-2874.38	10.80	-8.22	-14.68
2024-09-05T08:15:36	-949.02	3595.38	-2882.36	10.99	-8.10	-14.76
2024-09-05T08:15:38	-950.66	3596.53	-2890.35	11.19	-7.97	-14.84
2024-09-05T08:15:40	-952.31	3597.68	-2898.33	11.39	-7.81	-14.91
2024-09-05T08:15:42	-953.96	3598.82	-2906.32	11.59	-7.63	-14.98
2024-09-05T08:15:44	-955.61	3599.96	-2914.29	11.80	-7.43	-15.05
2024-09-05T08:15:46	-957.25	3601.10	-2922.27	11.93	-7.38	-15.06
2024-09-05T08:15:48	-958.90	3602.23	-2930.24	12.03	-7.51	-14.98
2024-09-05T08:15:50	-960.54	3603.36	-2938.22	12.12	-7.63	-14.88
2024-09-05T08:15:52	-962.18	3604.49	-2946.19	12.21	-7.73	-14.78
2024-09-05T08:15:54	-963.83	3605.61	-2954.15	12.29	-7.83	-14.67
2024-09-05T08:15:56	-965.47	3606.74	-2962.12	12.37	-7.91	-14.55
2024-09-05T08:15:58	-967.11	3607.86	-2970.08	12.45	-7.99	-14.43
2024-09-05T08:16:00	-968.75	3608.97	-2978.04	12.50	-8.07	-14.32
2024-09-05T08:16:02	-970.39	3610.09	-2985.99	12.41	-8.25	-14.25
2024-09-05T08:16:04	-972.03	3611.20	-2993.95	12.34	-8.41	-14.18
2024-09-05T08:16:06	-973.66	3612.31	-3001.90	12.26	-8.57	-14.11
2024-09-05T08:16:08	-975.30	3613.41	-3009.85	12.20	-8.72	-14.05
2024-09-05T08:16:10	-976.94	3614.51	-3017.80	12.13	-8.86	-13.99
2024-09-05T08:16:12	-978.57	3615.61	-3025.74	12.07	-8.99	-13.93
2024-09-05T08:16:14	-980.21	3616.71	-3033.69	12.02	-9.11	-13.88
2024-09-05T08:16:16	-981.84	3617.80	-3041.63	11.95	-9.24	-13.85
2024-09-05T08:16:18	-983.48	3618.89	-3049.56	11.90	-9.36	-13.82
2024-09-05T08:16:20	-985.11	3619.98	-3057.50	11.86	-9.49	-13.79
2024-09-05T08:16:22	-986.74	3621.06	-3065.43	11.85	-9.63	-13.75
2024-09-05T08:16:24	-988.37	3622.15	-3073.36	11.85	-9.76	-13.72
2024-09-05T08:16:26	-990.00	3623.23	-3081.29	11.86	-9.89	-13.69
2024-09-05T08:16:28	-991.63	3624.31	-3089.22	11.90	-10.02	-13.66
2024-09-05T08:16:30	-993.26	3625.38	-3097.14	11.89	-10.14	-13.70
2024-09-05T08:16:32	-994.89	3626.45	-3105.06	11.88	-10.27	-13.75
2024-09-05T08:16:34	-996.51	3627.52	-3112.98	11.86	-10.41	-13.79
2024-09-05T08:16:36	-998.14	3628.58	-3120.90	11.86	-10.57	-13.81
2024-09-05T08:16:38	-999.77	3629.65	-3128.81	11.86	-10.74	-13.82
2024-09-05T08:16:40	-1001.39	3630.71	-3136.72	11.86	-10.91	-13.81
2024-09-05T08:16:42	-1003.01	3631.76	-3144.63	11.87	-11.11	-13.80
2024-09-05T08:16:44	-1004.64	3632.82	-3152.54	11.76	-11.15	-13.71
2024-09-05T08:16:46	-1006.26	3633.87	-3160.45	11.53	-11.05	-13.56
2024-09-05T08:16:48	-1007.88	3634.92	-3168.35	11.30	-10.97	-13.42
2024-09-05T08:16:50	-1009.50	3635.97	-3176.25	11.07	-10.89	-13.28
2024-09-05T08:16:52	-1011.12	3637.01	-3184.15	10.83	-10.82	-13.15
2024-09-05T08:16:54	-1012.74	3638.05	-3192.04	10.60	-10.76	-13.01
2024-09-05T08:16:56	-1014.36	3639.09	-3199.94	10.36	-10.70	-12.89
2024-09-05T08:16:58	-1015.98	3640.13	-3207.83	10.17	-10.68	-12.85
2024-09-05T08:17:00	-1017.60	3641.16	-3215.72	10.08	-10.73	-12.97
2024-09-05T08:17:02	-1019.21	3642.19	-3223.60	9.98	-10.78	-13.09
2024-09-05T08:17:04	-1020.83	3643.22	-3231.48	9.87	-10.83	-13.18
2024-09-05T08:17:06	-1022.44	3644.25	-3239.37	9.76	-10.90	-13.27
2024-09-05T08:17:08	-1024.06	3645.27	-3247.25	9.64	-10.96	-13.34
2024-09-05T08:17:10	-1025.67	3646.29	-3255.12	9.51	-11.04	-13.39
2024-09-05T08:17:12	-1027.28	3647.31	-3263.00	9.38	-11.12	-13.43
2024-09-05T08:17:14	-1028.90	3648.32	-3270.87	9.29	-11.06	-13.35
2024-09-05T08:17:16	-1030.51	3649.34	-3278.74	9.20	-10.99	-13.29
2024-09-05T08:17:18	-1032.12	3650.35	-3286.61	9.12	-10.90	-13.23
2024-09-05T08:17:20	-1033.73	3651.36	-3294.47	9.05	-10.81	-13.18
2024-09-05T08:17:22	-1035.34	3652.36	-3302.34	8.98	-10.71	-13.14
2024-09-05T08:17:24	-1036.95	3653.36	-3310.20	8.91	-10.59	-13.10
2024-09-05T08:17:26	-1038.55	3654.36	-3318.06	8.85	-10.47	-13.08
2024-09-05T08:17:28	-1040.16	3655.36	-3325.91	8.85	-10.50	-13.17
2024-09-05T08:17:30	-1041.77	3656.36	-3333.77	8.88	-10.56	-13.30
2024-09-05T08:17:32	-1043.37	3657.35	-3341.62	8.91	-10.60	-13.43
2024-09-05T08:17:34	-1044.98	3658.34	-3349.47	8.94	-10.62	-13.57
2024-09-05T08:17:36	-1046.58	3659.33	-3357.32	8.97	-10.62	-13.71
2024-09-05T08:17:38	-1048.19	3660.31	-3365.16	9.01	-10.61	-13.85
2024-09-05T08:17:40	-1049.79	3661.30	-3373.00	9.06	-10.57	-13.99
2024-09-05T08:17:42	-1051.39	3662.28	-3380.84	9.07	-10.54	-14.09
2024-09-05T08:17:44	-1052.99	3663.25	-3388.68	9.04	-10.53	-14.13
2024-09-05T08:17:46	-1054.59	3664.23	-3396.52	8.99	-10.52	-14.18
2024-09-05T08:17:48	-1056.19	3665.20	-3404.35	8.94	-10.53	-14.23
2024-09-05T08:17:50	-1057.79	3666.17	-3412.18	8.87	-10.54	-14.28
2024-09-05T08:17:52	-1059.39	3667.14	-3420.01	8.80	-10.56	-14.32
2024-09-05T08:17:54	-1060.99	3668.11	-3427.84	8.72	-10.59	-14.37
2024-09-05T08:17:56	-1062.59	3669.07	-3435.66	8.65	-10.59	-14.39
2024-09-05T08:17:58	-1064.18	3670.03	-3443.49	8.64	-10.48	-14.31
2024-09-05T08:18:00	-1065.78	3670.99	-3451.31	8.63	-10.37	-14.24
2024-09-05T08:18:02	-1067.37	3671.95	-3459.12	8.62	-10.27	-14.17
2024-09-05T08:18:04	-1068.97	3672.90	-3466.94	8.62	-10.16	-14.12
2024-09-05T08:18:06	-1070.56	3673.85	-3474.75	8.62	-10.05	-14.07
2024-09-05T08:18:08	-1072.16	3674.80	-3482.57	8.65	-9.94	-14.05
2024-09-05T08:18:10	-1073.75	3675.75	-3490.38	8.69	-9.83	-14.03
2024-09-05T08:18:12	-1075.34	3676.69	-3498.18	8.80	-9.93	-14.18
2024-09-05T08:18:14	-1076.93	3677.64	-3505.99	8.92	-10.06	-14.35
2024-09-05T08:18:16	-1078.52	3678.58	-3513.79	9.03	-10.19	-14.52
2024-09-05T08:18:18	-1080.11	3679.52	-3521.59	9.14	-10.32	-14.68
2024-09-05T08:18:20	-1081.70	3680.45	-3529.39	9.25	-10.45	-14.85
2024-09-05T08:18:22	-1083.29	3681.38	-3537.19	9.35	-10.57	-15.01
2024-09-05T08:18:24	-1084.88	3682.32	-3544.98	9.44	-10.70	-15.18
2024-09-05T08:18:26	-1086.46	3683.25	-3552.77	9.52	-10.77	-15.29
2024-09-05T08:18:28	-1088.05	3684.17	-3560.56	9.55	-10.79	-15.35
2024-09-05T08:18:30	-1089.63	3685.10	-3568.35	9.57	-10.82	-15.41
2024-09-05T08:18:32	-1091.22	3686.02	-3576.13	9.58	-10.86	-15.48
2024-09-05T08:18:34	-1092.80	3686.94	-3583.91	9.56	-10.91	-15.55
2024-09-05T08:18:36	-1094.39	3687.86	-3591.69	9.53	-10.97	-15.63
2024-09-05T08:18:38	-1095.97	3688.77	-3599.47	9.48	-11.03	-15.72
2024-09-05T08:18:40	-1097.55	3689.68	-3607.25	9.43	-11.08	-15.75
2024-09-05T08:18:42	-1099.13	3690.60	-3615.02	9.41	-11.04	-15.52
2024-09-05T08:18:44	-1100.71	3691.50	-3622.79	9.36	-10.99	-15.30
2024-09-05T08:18:46	-1102.29	3692.41	-3630.57	9.29	-10.95	-15.07
2024-09-05T08:18:48	-1103.87	3693.31	-3638.33	9.21	-10.91	-14.84
2024-09-05T08:18:50	-1105.45	3694.22	-3646.10	9.09	-10.86	-14.61
2024-09-05T08:18:52	-1107.03	3695.12	-3653.86	8.96	-10.82	-14.37
2024-09-05T08:18:54	-1108.61	3696.01	-3661.63	8.80	-10.77	-14.13
2024-09-05T08:18:56	-1110.19	3696.91	-3669.38	8.73	-10.77	-14.01
2024-09-05T08:18:58	-1111.76	3697.80	-3677.14	8.68	-10.78	-13.92
2024-09-05T08:19:00	-1113.34	3698.70	-3684.90	8.65	-10.78	-13.83
2024-09-05T08:19:02	-1114.91	3699.58	-3692.65	8.62	-10.79	-13.73
2024-09-05T08:19:04	-1116.49	3700.47	-3700.40	8.61	-10.79	-13.64
2024-09-05T08:19:06	-1118.06	3701.36	-3708.15	8.60	-10.79	-13.54
2024-09-05T08:19:08	-1119.63	3702.24	-3715.89	8.60	-10.80	-13.45
2024-09-05T08:19:10	-1121.21	3703.12	-3723.64	8.54	-10.75	-13.40
2024-09-05T08:19:12	-1122.78	3704.00	-3731.38	8.44	-10.67	-13.40
2024-09-05T08:19:14	-1124.35	3704.87	-3739.12	8.34	-10.59	-13.39
2024-09-05T08:19:16	-1125.92	3705.75	-3746.86	8.27	-10.52	-13.36
2024-09-05T08:19:18	-1127.49	3706.62	-3754.59	8.21	-10.45	-13.33
2024-09-05T08:19:20	-1129.06	3707.49	-3762.33	8.19	-10.38	-13.32
2024-09-05T08:19:22	-1130.63	3708.36	-3770.06	8.19	-10.31	-13.31
2024-09-05T08:19:24	-1132.20	3709.23	-3777.79	8.19	-10.23	-13.32
2024-09-05T08:19:26	-1133.76	3710.09	-3785.51	8.11	-10.00	-13.43
2024-09-05T08:19:28	-1135.33	3710.95	-3793.24	8.06	-9.77	-13.53
2024-09-05T08:19:30	-1136.90	3711.81	-3800.96	8.02	-9.55	-13.60
2024-09-05T08:19:32	-1138.46	3712.67	-3808.68	7.99	-9.33	-13.66
