Time	POS_X	POS_Y	POS_Z	B_X	B_Y	B_Z
2024-09-05T07:38:06	1157.16	-1700.05	5030.58	-14.98	22.01	-35.84
2024-09-05T07:38:08	1155.60	-1693.56	5026.31	-15.05	22.05	-36.02
2024-09-05T07:38:10	1154.04	-1687.07	5022.03	-15.11	22.09	-36.20
2024-09-05T07:38:12	1152.48	-1680.57	5017.75	-15.17	22.12	-36.38
2024-09-05T07:38:14	1150.92	-1674.08	5013.47	-15.23	22.16	-36.56
2024-09-05T07:38:16	1149.36	-1667.59	5009.18	-15.30	22.19	-36.74
2024-09-05T07:38:18	1147.80	-1661.09	5004.90	-15.36	22.23	-36.93
2024-09-05T07:38:20	1146.24	-1654.60	5000.60	-15.42	22.26	-37.11
2024-09-05T07:38:22	1144.68	-1648.10	4996.31	-15.49	22.30	-37.30
2024-09-05T07:38:24	1143.11	-1641.60	4992.01	-15.55	22.33	-37.49
2024-09-05T07:38:26	1141.55	-1635.10	4987.71	-15.62	22.37	-37.68
2024-09-05T07:38:28	1139.99	-1628.60	4983.41	-15.68	22.40	-37.87
2024-09-05T07:38:30	1138.42	-1622.10	4979.11	-15.75	22.44	-38.06
2024-09-05T07:38:32	1136.86	-1615.60	4974.80	-15.81	22.47	-38.25
2024-09-05T07:38:34	1135.29	-1609.09	4970.48	-15.88	22.51	-38.44
2024-09-05T07:38:36	1133.72	-1602.59	4966.17	-15.95	22.54	-38.64
2024-09-05T07:38:38	1132.16	-1596.08	4961.85	-16.01	22.57	-38.83
2024-09-05T07:38:40	1130.59	-1589.58	4957.54	-16.08	22.61	-39.03
2024-09-05T07:38:42	1129.02	-1583.07	4953.21	-16.15	22.64	-39.23
2024-09-05T07:38:44	1127.45	-1576.56	4948.89	-16.21	22.67	-39.43
2024-09-05T07:38:46	1125.88	-1570.06	4944.56	-16.28	22.71	-39.63
2024-09-05T07:38:48	1124.31	-1563.55	4940.23	-16.35	22.74	-39.83
2024-09-05T07:38:50	1122.74	-1557.04	4935.89	-16.42	22.77	-40.03
2024-09-05T07:38:52	1121.17	-1550.52	4931.56	-16.49	22.80	-40.23
2024-09-05T07:38:54	1119.59	-1544.01	4927.22	-16.56	22.84	-40.44
2024-09-05T07:38:56	1118.02	-1537.50	4922.87	-16.63	22.87	-40.64
2024-09-05T07:38:58	1116.45	-1530.99	4918.53	-16.70	22.90	-40.85
2024-09-05T07:39:00	1114.87	-1524.47	4914.18	-16.77	22.93	-41.06
2024-09-05T07:39:02	1113.30	-1517.96	4909.83	-16.84	22.96	-41.27
2024-09-05T07:39:04	1111.72	-1511.44	4905.47	-16.91	22.99	-41.48
2024-09-05T07:39:06	1110.15	-1504.92	4901.11	-16.98	23.02	-41.69
2024-09-05T07:39:08	1108.57	-1498.40	4896.75	-17.05	23.05	-41.90
2024-09-05T07:39:10	1106.99	-1491.88	4892.39	-17.13	23.08	-42.12
2024-09-05T07:39:12	1105.42	-1485.36	4888.02	-17.20	23.11	-42.33
2024-09-05T07:39:14	1103.83	-1478.84	4883.65	-17.27	23.14	-42.55
2024-09-05T07:39:16	1102.26	-1472.32	4879.28	-17.34	23.17	-42.77
2024-09-05T07:39:18	1100.68	-1465.79	4874.90	-17.42	23.20	-42.99
2024-09-05T07:39:20	1099.10	-1459.27	4870.52	-17.49	23.22	-43.21
2024-09-05T07:39:22	1097.51	-1452.74	4866.14	-17.57	23.25	-43.43
2024-09-05T07:39:24	1095.93	-1446.22	4861.76	-17.64	23.28	-43.65
2024-09-05T07:39:26	1094.35	-1439.69	4857.37	-17.72	23.31	-43.88
2024-09-05T07:39:28	1092.77	-1433.16	4852.98	-17.79	23.33	-44.10
2024-09-05T07:39:30	1091.18	-1426.63	4848.58	-17.87	23.36	-44.33
2024-09-05T07:39:32	1089.60	-1420.10	4844.19	-17.94	23.39	-44.56
2024-09-05T07:39:34	1088.01	-1413.57	4839.78	-18.02	23.41	-44.79
2024-09-05T07:39:36	1086.42	-1407.04	4835.38	-18.10	23.44	-45.02
2024-09-05T07:39:38	1084.84	-1400.51	4830.97	-18.17	23.46	-45.25
2024-09-05T07:39:40	1083.25	-1393.97	4826.56	-18.25	23.49	-45.48
2024-09-05T07:39:42	1081.66	-1387.44	4822.15	-18.33	23.51	-45.72
2024-09-05T07:39:44	1080.07	-1380.91	4817.73	-18.41	23.54	-45.95
2024-09-05T07:39:46	1078.48	-1374.37	4813.31	-18.49	23.56	-46.19
2024-09-05T07:39:48	1076.89	-1367.83	4808.89	-18.57	23.58	-46.43
2024-09-05T07:39:50	1075.30	-1361.29	4804.47	-18.65	23.61	-46.67
2024-09-05T07:39:52	1073.71	-1354.75	4800.04	-18.73	23.63	-46.91
2024-09-05T07:39:54	1072.12	-1348.21	4795.61	-18.81	23.65	-47.16
2024-09-05T07:39:56	1070.53	-1341.67	4791.17	-18.89	23.67	-47.40
2024-09-05T07:39:58	1068.93	-1335.13	4786.73	-18.97	23.69	-47.65
2024-09-05T07:40:00	1067.34	-1328.59	4782.29	-19.05	23.71	-47.89
2024-09-05T07:40:02	1065.75	-1322.05	4777.85	-19.13	23.73	-48.14
2024-09-05T07:40:04	1064.15	-1315.50	4773.40	-19.22	23.75	-48.39
2024-09-05T07:40:06	1062.55	-1308.96	4768.95	-19.30	23.77	-48.64
2024-09-05T07:40:08	1060.96	-1302.41	4764.49	-19.38	23.79	-48.90
2024-09-05T07:40:10	1059.36	-1295.86	4760.03	-19.46	23.81	-49.15
2024-09-05T07:40:12	1057.76	-1289.32	4755.57	-19.55	23.83	-49.41
2024-09-05T07:40:14	1056.16	-1282.77	4751.11	-19.63	23.85	-49.66
2024-09-05T07:40:16	1054.56	-1276.22	4746.64	-19.72	23.86	-49.92
2024-09-05T07:40:18	1052.96	-1269.67	4742.17	-19.80	23.88	-50.18
2024-09-05T07:40:20	1051.36	-1263.11	4737.70	-19.89	23.90	-50.45
2024-09-05T07:40:22	1049.76	-1256.56	4733.22	-19.98	23.91	-50.71
2024-09-05T07:40:24	1048.16	-1250.01	4728.74	-20.06	23.93	-50.97
2024-09-05T07:40:26	1046.55	-1243.46	4724.25	-20.15	23.94	-51.24
2024-09-05T07:40:28	1044.95	-1236.90	4719.77	-20.24	23.95	-51.51
2024-09-05T07:40:30	1043.34	-1230.34	4715.28	-20.32	23.97	-51.78
2024-09-05T07:40:32	1041.74	-1223.79	4710.78	-20.41	23.98	-52.05
2024-09-05T07:40:34	1040.13	-1217.23	4706.28	-20.50	23.99	-52.32
2024-09-05T07:40:36	1038.52	-1210.67	4701.78	-20.59	24.00	-52.60
2024-09-05T07:40:38	1036.92	-1204.11	4697.28	-20.68	24.01	-52.87
2024-09-05T07:40:40	1035.31	-1197.55	4692.77	-20.77	24.03	-53.15
2024-09-05T07:40:42	1033.70	-1190.99	4688.26	-20.86	24.03	-53.43
2024-09-05T07:40:44	1032.09	-1184.43	4683.75	-20.95	24.04	-53.71
2024-09-05T07:40:46	1030.48	-1177.86	4679.23	-21.04	24.05	-53.99
2024-09-05T07:40:48	1028.87	-1171.30	4674.71	-21.13	24.06	-54.27
2024-09-05T07:40:50	1027.26	-1164.73	4670.18	-21.23	24.07	-54.56
2024-09-05T07:40:52	1025.64	-1158.17	4665.65	-21.32	24.07	-54.85
2024-09-05T07:40:54	1024.03	-1151.60	4661.12	-21.41	24.08	-55.14
2024-09-05T07:40:56	1022.42	-1145.04	4656.58	-21.51	24.09	-55.43
2024-09-05T07:40:58	1020.80	-1138.47	4652.05	-21.60	24.09	-55.72
2024-09-05T07:41:00	1019.19	-1131.90	4647.50	-21.70	24.09	-56.01
2024-09-05T07:41:02	1017.57	-1125.33	4642.96	-21.79	24.10	-56.31
2024-09-05T07:41:04	1015.96	-1118.76	4638.41	-21.89	24.10	-56.60
2024-09-05T07:41:06	1014.34	-1112.19	4633.86	-21.98	24.10	-56.90
2024-09-05T07:41:08	1012.72	-1105.61	4629.30	-22.08	24.10	-57.20
2024-09-05T07:41:10	1011.10	-1099.04	4624.74	-22.18	24.10	-57.51
2024-09-05T07:41:12	1009.48	-1092.47	4620.18	-22.27	24.10	-57.81
2024-09-05T07:41:14	1007.86	-1085.89	4615.61	-22.37	24.10	-58.11
2024-09-05T07:41:16	1006.24	-1079.31	4611.04	-22.47	24.10	-58.42
2024-09-05T07:41:18	1004.61	-1072.74	4606.46	-22.57	24.10	-58.73
2024-09-05T07:41:20	1002.99	-1066.16	4601.89	-22.67	24.09	-59.04
2024-09-05T07:41:22	1001.37	-1059.58	4597.31	-22.77	24.09	-59.35
2024-09-05T07:41:24	999.74	-1053.00	4592.72	-22.87	24.08	-59.67
2024-09-05T07:41:26	998.12	-1046.42	4588.13	-22.97	24.08	-59.99
2024-09-05T07:41:28	996.49	-1039.84	4583.54	-23.07	24.07	-60.30
2024-09-05T07:41:30	994.87	-1033.26	4578.95	-23.17	24.06	-60.62
2024-09-05T07:41:32	993.24	-1026.68	4574.35	-23.27	24.06	-60.94
2024-09-05T07:41:34	991.61	-1020.09	4569.74	-23.37	24.05	-61.27
2024-09-05T07:41:36	989.98	-1013.51	4565.14	-23.48	24.04	-61.59
2024-09-05T07:41:38	988.35	-1006.92	4560.53	-23.58	24.02	-61.92
2024-09-05T07:41:40	986.72	-1000.34	4555.91	-23.69	24.01	-62.25
2024-09-05T07:41:42	985.09	-993.75	4551.29	-23.79	24.00	-62.58
2024-09-05T07:41:44	983.46	-987.16	4546.67	-23.90	23.99	-62.91
2024-09-05T07:41:46	981.82	-980.57	4542.05	-24.00	23.97	-63.25
2024-09-05T07:41:48	980.19	-973.99	4537.42	-24.11	23.95	-63.59
2024-09-05T07:41:50	978.56	-967.40	4532.78	-24.21	23.94	-63.92
2024-09-05T07:41:52	976.92	-960.81	4528.15	-24.32	23.92	-64.26
2024-09-05T07:41:54	975.29	-954.21	4523.51	-24.43	23.90	-64.61
2024-09-05T07:41:56	973.65	-947.62	4518.86	-24.54	23.88	-64.95
2024-09-05T07:41:58	972.01	-941.03	4514.21	-24.65	23.86	-65.30
2024-09-05T07:42:00	970.37	-934.43	4509.56	-24.75	23.84	-65.64
2024-09-05T07:42:02	968.73	-927.84	4504.91	-24.86	23.81	-65.99
2024-09-05T07:42:04	967.09	-921.24	4500.25	-24.97	23.79	-66.35
2024-09-05T07:42:06	965.45	-914.65	4495.59	-25.09	23.77	-66.70
2024-09-05T07:42:08	963.81	-908.05	4490.92	-25.20	23.74	-67.06
2024-09-05T07:42:10	962.17	-901.45	4486.25	-25.31	23.71	-67.42
2024-09-05T07:42:12	960.53	-894.85	4481.57	-25.42	23.68	-67.78
2024-09-05T07:42:14	958.88	-888.25	4476.89	-25.53	23.65	-68.14
2024-09-05T07:42:16	957.24	-881.65	4472.21	-25.65	23.62	-68.50
2024-09-05T07:42:18	955.59	-875.05	4467.53	-25.76	23.59	-68.87
2024-09-05T07:42:20	953.95	-868.45	4462.84	-25.88	23.56	-69.24
2024-09-05T07:42:22	952.30	-861.85	4458.14	-25.99	23.52	-69.61
2024-09-05T07:42:24	950.65	-855.24	4453.44	-26.11	23.49	-69.98
2024-09-05T07:42:26	949.00	-848.64	4448.74	-26.22	23.45	-70.35
2024-09-05T07:42:28	947.35	-842.03	4444.04	-26.34	23.41	-70.73
2024-09-05T07:42:30	945.70	-835.43	4439.32	-26.46	23.37	-71.11
2024-09-05T07:42:32	944.05	-828.82	4434.61	-26.57	23.33	-71.49
2024-09-05T07:42:34	942.40	-822.21	4429.89	-26.69	23.29	-71.87
2024-09-05T07:42:36	940.75	-815.61	4425.17	-26.81	23.24	-72.26
2024-09-05T07:42:38	939.10	-809.00	4420.44	-26.93	23.20	-72.64
2024-09-05T07:42:40	937.44	-802.39	4415.71	-27.05	23.15	-73.03
2024-09-05T07:42:42	935.78	-795.78	4410.98	-27.17	23.11	-73.42
2024-09-05T07:42:44	934.13	-789.17	4406.24	-27.29	23.06	-73.82
2024-09-05T07:42:46	932.47	-782.55	4401.50	-27.41	23.01	-74.21
2024-09-05T07:42:48	930.81	-775.94	4396.75	-27.54	22.95	-74.61
2024-09-05T07:42:50	929.15	-769.33	4392.00	-27.66	22.90	-75.01
2024-09-05T07:42:52	927.50	-762.71	4387.25	-27.78	22.85	-75.41
2024-09-05T07:42:54	925.84	-756.10	4382.49	-27.91	22.79	-75.82
2024-09-05T07:42:56	924.17	-749.49	4377.73	-28.03	22.73	-76.22
2024-09-05T07:42:58	922.51	-742.87	4372.96	-28.15	22.67	-76.63
2024-09-05T07:43:00	920.85	-736.25	4368.19	-28.28	22.61	-77.04
2024-09-05T07:43:02	919.19	-729.64	4363.41	-28.41	22.55	-77.46
2024-09-05T07:43:04	917.52	-723.02	4358.64	-28.53	22.48	-77.87
2024-09-05T07:43:06	915.86	-716.40	4353.85	-28.66	22.42	-78.29
2024-09-05T07:43:08	914.19	-709.78	4349.06	-28.79	22.35	-78.71
2024-09-05T07:43:10	912.52	-703.16	4344.27	-28.92	22.28	-79.13
2024-09-05T07:43:12	910.86	-696.54	4339.48	-29.04	22.21	-79.56
2024-09-05T07:43:14	909.19	-689.91	4334.67	-29.17	22.14	-79.98
2024-09-05T07:43:16	907.52	-683.29	4329.87	-29.30	22.06	-80.41
2024-09-05T07:43:18	905.85	-676.67	4325.06	-29.44	21.99	-80.84
2024-09-05T07:43:20	904.18	-670.05	4320.25	-29.57	21.91	-81.28
2024-09-05T07:43:22	902.50	-663.42	4315.43	-29.70	21.83	-81.71
2024-09-05T07:43:24	900.83	-656.80	4310.61	-29.83	21.75	-82.15
2024-09-05T07:43:26	899.16	-650.17	4305.79	-29.96	21.67	-82.59
2024-09-05T07:43:28	897.48	-643.55	4300.95	-30.10	21.58	-83.03
2024-09-05T07:43:30	895.81	-636.92	4296.12	-30.23	21.49	-83.48
2024-09-05T07:43:32	894.13	-630.29	4291.28	-30.37	21.41	-83.93
2024-09-05T07:43:34	892.45	-623.66	4286.44	-30.50	21.31	-84.38
2024-09-05T07:43:36	890.78	-617.03	4281.59	-30.64	21.22	-84.83
2024-09-05T07:43:38	889.10	-610.40	4276.74	-30.77	21.13	-85.29
2024-09-05T07:43:40	887.42	-603.77	4271.88	-30.91	21.03	-85.74
2024-09-05T07:43:42	885.73	-597.14	4267.02	-31.05	20.93	-86.20
2024-09-05T07:43:44	884.05	-590.51	4262.16	-31.19	20.83	-86.66
2024-09-05T07:43:46	882.37	-583.88	4257.29	-31.33	20.73	-87.13
2024-09-05T07:43:48	880.69	-577.25	4252.41	-31.47	20.62	-87.60
2024-09-05T07:43:50	879.00	-570.61	4247.53	-31.61	20.52	-88.07
2024-09-05T07:43:52	877.32	-563.98	4242.65	-31.75	20.41	-88.54
2024-09-05T07:43:54	875.63	-557.34	4237.76	-31.89	20.30	-89.01
2024-09-05T07:43:56	873.94	-550.71	4232.87	-32.03	20.18	-89.49
2024-09-05T07:43:58	872.26	-544.07	4227.97	-32.17	20.07	-89.97
2024-09-05T07:44:00	870.57	-537.44	4223.07	-32.31	19.95	-90.45
2024-09-05T07:44:02	868.88	-530.80	4218.17	-32.46	19.83	-90.93
2024-09-05T07:44:04	867.19	-524.16	4213.26	-32.60	19.71	-91.42
2024-09-05T07:44:06	865.49	-517.52	4208.34	-32.75	19.58	-91.91
2024-09-05T07:44:08	863.80	-510.88	4203.42	-32.89	19.45	-92.40
2024-09-05T07:44:10	862.11	-504.25	4198.50	-33.04	19.32	-92.89
2024-09-05T07:44:12	860.41	-497.61	4193.57	-33.18	19.19	-93.39
2024-09-05T07:44:14	858.72	-490.96	4188.64	-33.33	19.06	-93.89
2024-09-05T07:44:16	857.02	-484.32	4183.70	-33.48	18.92	-94.39
2024-09-05T07:44:18	855.33	-477.68	4178.76	-33.63	18.78	-94.89
2024-09-05T07:44:20	853.63	-471.04	4173.81	-33.78	18.64	-95.40
2024-09-05T07:44:22	851.93	-464.40	4168.86	-33.93	18.49	-95.91
2024-09-05T07:44:24	850.23	-457.76	4163.90	-34.08	18.35	-96.42
2024-09-05T07:44:26	848.53	-451.11	4158.94	-34.23	18.20	-96.94
2024-09-05T07:44:28	846.83	-444.47	4153.97	-34.38	18.04	-97.45
2024-09-05T07:44:30	845.13	-437.82	4149.00	-34.53	17.89	-97.97
2024-09-05T07:44:32	843.42	-431.18	4144.03	-34.68	17.73	-98.49
2024-09-05T07:44:34	841.72	-424.53	4139.05	-34.84	17.57	-99.02
2024-09-05T07:44:36	840.01	-417.89	4134.06	-34.99	17.41	-99.54
2024-09-05T07:44:38	838.31	-411.24	4129.08	-35.14	17.24	-100.07
2024-09-05T07:44:40	836.60	-404.59	4124.08	-35.30	17.07	-100.60
2024-09-05T07:44:42	834.89	-397.94	4119.08	-35.45	16.90	-101.14
2024-09-05T07:44:44	833.18	-391.30	4114.08	-35.61	16.72	-101.68
2024-09-05T07:44:46	831.47	-384.65	4109.07	-35.77	16.55	-102.22
2024-09-05T07:44:48	829.76	-378.00	4104.05	-35.92	16.37	-102.76
2024-09-05T07:44:50	828.05	-371.35	4099.03	-36.08	16.18	-103.30
2024-09-05T07:44:52	826.33	-364.70	4094.01	-36.24	15.99	-103.85
2024-09-05T07:44:54	824.62	-358.05	4088.98	-36.40	15.80	-104.40
2024-09-05T07:44:56	822.90	-351.40	4083.95	-36.56	15.61	-104.95
2024-09-05T07:44:58	821.19	-344.75	4078.91	-36.72	15.42	-105.51
2024-09-05T07:45:00	819.47	-338.10	4073.87	-36.88	15.22	-106.06
2024-09-05T07:45:02	817.76	-331.44	4068.82	-37.04	15.01	-106.62
2024-09-05T07:45:04	816.04	-324.79	4063.77	-37.20	14.81	-107.19
2024-09-05T07:45:06	814.32	-318.14	4058.71	-37.37	14.60	-107.75
2024-09-05T07:45:08	812.60	-311.49	4053.65	-37.53	14.39	-108.32
2024-09-05T07:45:10	810.87	-304.83	4048.58	-37.69	14.17	-108.89
2024-09-05T07:45:12	809.15	-298.18	4043.51	-37.86	13.95	-109.46
2024-09-05T07:45:14	807.43	-291.52	4038.43	-38.02	13.73	-110.04
2024-09-05T07:45:16	805.70	-284.87	4033.34	-38.19	13.50	-110.62
2024-09-05T07:45:18	803.98	-278.21	4028.26	-38.35	13.27	-111.20
2024-09-05T07:45:20	802.25	-271.56	4023.16	-38.52	13.04	-111.78
2024-09-05T07:45:22	800.52	-264.90	4018.07	-38.69	12.80	-112.37
2024-09-05T07:45:24	798.80	-258.24	4012.96	-38.85	12.56	-112.95
2024-09-05T07:45:26	797.07	-251.59	4007.85	-39.02	12.32	-113.55
2024-09-05T07:45:28	795.34	-244.93	4002.74	-39.19	12.07	-114.14
2024-09-05T07:45:30	793.60	-238.27	3997.62	-39.36	11.82	-114.73
2024-09-05T07:45:32	791.87	-231.62	3992.49	-39.53	11.56	-115.33
2024-09-05T07:45:34	790.14	-224.96	3987.37	-39.70	11.30	-115.93
2024-09-05T07:45:36	788.40	-218.30	3982.23	-39.87	11.04	-116.54
2024-09-05T07:45:38	786.67	-211.64	3977.09	-40.04	10.77	-117.14
2024-09-05T07:45:40	784.93	-204.98	3971.95	-40.21	10.50	-117.75
2024-09-05T07:45:42	783.19	-198.32	3966.80	-40.39	10.23	-118.36
2024-09-05T07:45:44	781.45	-191.66	3961.64	-40.56	9.95	-118.98
2024-09-05T07:45:46	779.71	-185.01	3956.48	-40.73	9.66	-119.59
2024-09-05T07:45:48	777.97	-178.35	3951.31	-40.91	9.38	-120.21
2024-09-05T07:45:50	776.23	-171.69	3946.14	-41.08	9.09	-120.83
2024-09-05T07:45:52	774.49	-165.02	3940.97	-41.26	8.79	-121.46
2024-09-05T07:45:54	772.75	-158.37	3935.78	-41.43	8.49	-122.08
2024-09-05T07:45:56	771.00	-151.70	3930.60	-41.61	8.19	-122.71
2024-09-05T07:45:58	769.26	-145.04	3925.40	-41.78	7.88	-123.34
2024-09-05T07:46:00	767.51	-138.38	3920.20	-41.96	7.57	-123.97
2024-09-05T07:46:02	765.76	-131.72	3915.00	-42.14	7.25	-124.61
2024-09-05T07:46:04	764.01	-125.06	3909.79	-42.32	6.93	-125.25
2024-09-05T07:46:06	762.26	-118.40	3904.58	-42.50	6.60	-125.89
2024-09-05T07:46:08	760.51	-111.73	3899.36	-42.67	6.27	-126.53
2024-09-05T07:46:10	758.76	-105.07	3894.13	-42.85	5.93	-127.18
2024-09-05T07:46:12	757.01	-98.41	3888.90	-43.03	5.59	-127.82
2024-09-05T07:46:14	755.26	-91.75	3883.67	-43.21	5.25	-128.47
2024-09-05T07:46:16	753.50	-85.09	3878.42	-43.39	4.90	-129.13
2024-09-05T07:46:18	751.74	-78.42	3873.18	-43.58	4.55	-129.78
2024-09-05T07:46:20	749.99	-71.76	3867.92	-43.76	4.19	-130.44
2024-09-05T07:46:22	748.23	-65.10	3862.66	-43.94	3.82	-131.10
2024-09-05T07:46:24	746.47	-58.43	3857.40	-44.12	3.45	-131.76
2024-09-05T07:46:26	744.71	-51.77	3852.13	-44.30	3.08	-132.42
2024-09-05T07:46:28	742.95	-45.11	3846.85	-44.49	2.70	-133.09
2024-09-05T07:46:30	741.19	-38.44	3841.57	-44.67	2.32	-133.76
2024-09-05T07:46:32	739.42	-31.78	3836.29	-44.86	1.93	-134.43
2024-09-05T07:46:34	737.66	-25.12	3830.99	-45.04	1.53	-135.10
2024-09-05T07:46:36	735.89	-18.45	3825.70	-45.23	1.13	-135.77
2024-09-05T07:46:38	734.13	-11.79	3820.39	-45.41	0.73	-136.45
2024-09-05T07:46:40	732.36	-5.13	3815.08	-45.60	0.32	-137.13
2024-09-05T07:46:42	730.59	1.54	3809.77	-45.78	-0.10	-137.81
2024-09-05T07:46:44	728.82	8.20	3804.45	-45.97	-0.52	-138.49
2024-09-05T07:46:46	727.05	14.86	3799.12	-46.16	-0.94	-139.18
2024-09-05T07:46:48	725.28	21.53	3793.79	-46.34	-1.38	-139.86
2024-09-05T07:46:50	723.50	28.19	3788.45	-46.53	-1.81	-140.55
2024-09-05T07:46:52	721.73	34.85	3783.10	-46.72	-2.26	-141.24
2024-09-05T07:46:54	719.96	41.52	3777.75	-46.91	-2.70	-141.94
2024-09-05T07:46:56	718.18	48.18	3772.40	-47.09	-3.16	-142.63
2024-09-05T07:46:58	716.40	54.84	3767.04	-47.28	-3.62	-143.33
2024-09-05T07:47:00	714.62	61.51	3761.67	-47.47	-4.09	-144.03
2024-09-05T07:47:02	712.85	68.17	3756.29	-47.66	-4.56	-144.73
2024-09-05T07:47:04	711.06	74.83	3750.92	-47.85	-5.04	-145.43
2024-09-05T07:47:06	709.28	81.50	3745.53	-48.04	-5.52	-146.13
2024-09-05T07:47:08	707.50	88.16	3740.14	-48.23	-6.01	-146.84
2024-09-05T07:47:10	705.72	94.82	3734.74	-48.42	-6.51	-147.55
2024-09-05T07:47:12	703.93	101.48	3729.34	-48.61	-7.01	-148.25
2024-09-05T07:47:14	702.14	108.15	3723.93	-48.80	-7.52	-148.97
2024-09-05T07:47:16	700.36	114.81	3718.51	-48.99	-8.03	-149.68
2024-09-05T07:47:18	698.57	121.47	3713.09	-49.18	-8.55	-150.39
2024-09-05T07:47:20	696.78	128.13	3707.67	-49.37	-9.08	-151.11
2024-09-05T07:47:22	694.99	134.79	3702.23	-49.56	-9.61	-151.82
2024-09-05T07:47:24	693.20	141.45	3696.79	-49.76	-10.15	-152.54
2024-09-05T07:47:26	691.41	148.12	3691.35	-49.95	-10.70	-153.26
2024-09-05T07:47:28	689.61	154.78	3685.89	-50.14	-11.25	-153.98
2024-09-05T07:47:30	687.82	161.44	3680.43	-50.33	-11.81	-154.70
2024-09-05T07:47:32	686.02	168.10	3674.97	-50.52	-12.38	-155.43
2024-09-05T07:47:34	684.22	174.76	3669.50	-50.71	-12.95	-156.15
2024-09-05T07:47:36	682.43	181.42	3664.02	-50.91	-13.53	-156.88
2024-09-05T07:47:38	680.63	188.08	3658.54	-51.10	-14.12	-157.60
2024-09-05T07:47:40	678.83	194.74	3653.05	-51.29	-14.71	-158.33
2024-09-05T07:47:42	677.02	201.40	3647.56	-51.48	-15.31	-159.06
2024-09-05T07:47:44	675.22	208.05	3642.06	-51.67	-15.92	-159.79
2024-09-05T07:47:46	673.42	214.71	3636.55	-51.87	-16.54	-160.52
2024-09-05T07:47:48	671.61	221.37	3631.03	-52.06	-17.16	-161.25
2024-09-05T07:47:50	669.81	228.03	3625.51	-52.25	-17.79	-161.98
2024-09-05T07:47:52	668.00	234.69	3619.99	-52.44	-18.42	-162.71
2024-09-05T07:47:54	666.19	241.34	3614.45	-52.64	-19.07	-163.45
2024-09-05T07:47:56	664.38	248.00	3608.92	-52.83	-19.72	-164.18
2024-09-05T07:47:58	662.57	254.66	3603.37	-53.02	-20.38	-164.92
2024-09-05T07:48:00	660.76	261.31	3597.82	-53.21	-21.04	-165.65
2024-09-05T07:48:02	658.95	267.97	3592.26	-53.40	-21.72	-166.39
2024-09-05T07:48:04	657.13	274.62	3586.69	-53.59	-22.40	-167.13
2024-09-05T07:48:06	655.32	281.27	3581.12	-53.79	-23.09	-167.86
2024-09-05T07:48:08	653.50	287.93	3575.54	-53.98	-23.78	-168.60
2024-09-05T07:48:10	651.68	294.58	3569.96	-54.17	-24.49	-169.34
2024-09-05T07:48:12	649.86	301.23	3564.37	-54.36	-25.20	-170.07
2024-09-05T07:48:14	648.04	307.88	3558.77	-54.55	-25.92	-170.81
2024-09-05T07:48:16	646.22	314.54	3553.17	-54.74	-26.64	-171.55
2024-09-05T07:48:18	644.40	321.19	3547.56	-54.93	-27.38	-172.29
2024-09-05T07:48:20	642.58	327.84	3541.94	-55.12	-28.12	-173.02
2024-09-05T07:48:22	640.75	334.49	3536.31	-55.31	-28.87	-173.76
2024-09-05T07:48:24	638.93	341.14	3530.68	-55.50	-29.63	-174.50
2024-09-05T07:48:26	637.10	347.78	3525.05	-55.69	-30.40	-175.23
2024-09-05T07:48:28	635.27	354.43	3519.40	-55.87	-31.17	-175.97
2024-09-05T07:48:30	633.44	361.08	3513.75	-56.06	-31.96	-176.70
2024-09-05T07:48:32	631.61	367.73	3508.09	-56.25	-32.75	-177.44
2024-09-05T07:48:34	629.78	374.37	3502.43	-56.44	-33.55	-178.17
2024-09-05T07:48:36	627.95	381.02	3496.76	-56.62	-34.36	-178.91
2024-09-05T07:48:38	626.11	387.66	3491.08	-56.81	-35.17	-179.64
2024-09-05T07:48:40	624.28	394.30	3485.40	-57.00	-36.00	-180.37
2024-09-05T07:48:42	622.44	400.95	3479.71	-57.18	-36.83	-181.10
2024-09-05T07:48:44	620.60	407.59	3474.01	-57.37	-37.68	-181.83
2024-09-05T07:48:46	618.76	414.23	3468.30	-57.55	-38.53	-182.56
2024-09-05T07:48:48	616.93	420.87	3462.59	-57.73	-39.39	-183.29
2024-09-05T07:48:50	615.08	427.51	3456.87	-57.92	-40.25	-184.01
2024-09-05T07:48:52	613.24	434.15	3451.15	-58.10	-41.13	-184.74
2024-09-05T07:48:54	611.40	440.79	3445.42	-58.28	-42.02	-185.46
2024-09-05T07:48:56	609.55	447.42	3439.68	-58.46	-42.91	-186.18
2024-09-05T07:48:58	607.71	454.06	3433.93	-58.64	-43.81	-186.90
2024-09-05T07:49:00	605.86	460.69	3428.18	-58.82	-44.73	-187.62
2024-09-05T07:49:02	604.01	467.33	3422.42	-59.00	-45.65	-188.33
2024-09-05T07:49:04	602.16	473.96	3416.65	-59.18	-46.58	-189.04
2024-09-05T07:49:06	600.31	480.59	3410.88	-59.35	-47.52	-189.76
2024-09-05T07:49:08	598.46	487.22	3405.10	-59.53	-48.47	-190.46
2024-09-05T07:49:10	596.61	493.86	3399.31	-59.71	-49.42	-191.17
2024-09-05T07:49:12	594.75	500.49	3393.51	-59.88	-50.39	-191.88
2024-09-05T07:49:14	592.90	507.11	3387.71	-60.05	-51.36	-192.58
2024-09-05T07:49:16	591.04	513.74	3381.90	-60.23	-52.35	-193.28
2024-09-05T07:49:18	589.18	520.37	3376.08	-60.40	-53.34	-193.97
2024-09-05T07:49:20	587.33	526.99	3370.26	-60.57	-54.35	-194.66
2024-09-05T07:49:22	585.46	533.62	3364.43	-60.74	-55.36	-195.35
2024-09-05T07:49:24	583.60	540.24	3358.59	-60.91	-56.38	-196.04
2024-09-05T07:49:26	581.74	546.86	3352.75	-61.07	-57.41	-196.72
2024-09-05T07:49:28	579.88	553.48	3346.89	-61.24	-58.45	-197.40
2024-09-05T07:49:30	578.01	560.10	3341.04	-61.41	-59.50	-198.08
2024-09-05T07:49:32	576.14	566.72	3335.17	-61.57	-60.56	-198.75
2024-09-05T07:49:34	574.28	573.33	3329.29	-61.73	-61.63	-199.42
2024-09-05T07:49:36	572.41	579.95	3323.41	-61.89	-62.71	-200.09
2024-09-05T07:49:38	570.54	586.56	3317.52	-62.06	-63.80	-200.75
2024-09-05T07:49:40	568.66	593.18	3311.63	-62.21	-64.90	-201.40
2024-09-05T07:49:42	566.79	599.79	3305.72	-62.37	-66.00	-202.06
2024-09-05T07:49:44	564.92	606.40	3299.81	-62.53	-67.12	-202.70
2024-09-05T07:49:46	563.04	613.01	3293.90	-62.68	-68.25	-203.35
2024-09-05T07:49:48	561.17	619.62	3287.97	-62.84	-69.38	-203.99
2024-09-05T07:49:50	559.29	626.22	3282.04	-62.99	-70.53	-204.62
2024-09-05T07:49:52	557.41	632.83	3276.10	-63.14	-71.68	-205.25
2024-09-05T07:49:54	555.53	639.43	3270.15	-63.29	-72.85	-205.87
2024-09-05T07:49:56	553.65	646.03	3264.19	-63.44	-74.02	-206.49
2024-09-05T07:49:58	551.77	652.63	3258.23	-63.58	-75.20	-207.10
2024-09-05T07:50:00	549.88	659.23	3252.26	-63.73	-76.40	-207.71
2024-09-05T07:50:02	548.00	665.83	3246.28	-63.87	-77.60	-208.31
2024-09-05T07:50:04	546.11	672.43	3240.30	-64.01	-78.81	-208.91
2024-09-05T07:50:06	544.22	679.02	3234.30	-64.15	-80.04	-209.50
2024-09-05T07:50:08	542.34	685.61	3228.30	-64.29	-81.27	-210.08
2024-09-05T07:50:10	540.45	692.21	3222.30	-64.42	-82.51	-210.66
2024-09-05T07:50:12	538.56	698.79	3216.28	-64.56	-83.76	-211.23
2024-09-05T07:50:14	536.66	705.38	3210.25	-64.69	-85.02	-211.79
2024-09-05T07:50:16	534.77	711.97	3204.23	-64.82	-86.29	-212.35
2024-09-05T07:50:18	532.87	718.55	3198.19	-64.94	-87.57	-212.90
2024-09-05T07:50:20	530.98	725.14	3192.14	-65.07	-88.86	-213.44
2024-09-05T07:50:22	529.08	731.72	3186.09	-65.19	-90.16	-213.98
2024-09-05T07:50:24	527.18	738.30	3180.02	-65.32	-91.47	-214.51
2024-09-05T07:50:26	525.28	744.88	3173.95	-65.44	-92.79	-215.03
2024-09-05T07:50:28	523.38	751.45	3167.88	-65.55	-94.12	-215.54
2024-09-05T07:50:30	521.48	758.03	3161.79	-65.67	-95.46	-216.04
2024-09-05T07:50:32	519.58	764.60	3155.70	-65.78	-96.81	-216.54
2024-09-05T07:50:34	517.67	771.17	3149.60	-65.89	-98.16	-217.03
2024-09-05T07:50:36	515.76	777.74	3143.49	-66.00	-99.53	-217.51
2024-09-05T07:50:38	513.86	784.30	3137.37	-66.11	-100.90	-217.98
2024-09-05T07:50:40	511.95	790.87	3131.25	-66.21	-102.29	-218.44
2024-09-05T07:50:42	510.04	797.43	3125.11	-66.32	-103.68	-218.89
2024-09-05T07:50:44	508.13	803.99	3118.97	-66.41	-105.09	-219.33
2024-09-05T07:50:46	506.21	810.55	3112.83	-66.51	-106.50	-219.77
2024-09-05T07:50:48	504.30	817.10	3106.67	-66.61	-107.92	-220.19
2024-09-05T07:50:50	502.38	823.66	3100.51	-66.70	-109.35	-220.61
2024-09-05T07:50:52	500.47	830.21	3094.33	-66.79	-110.79	-221.01
2024-09-05T07:50:54	498.55	836.76	3088.15	-66.87	-112.24	-221.41
2024-09-05T07:50:56	496.63	843.31	3081.97	-66.96	-113.70	-221.79
2024-09-05T07:50:58	494.71	849.85	3075.77	-67.04	-115.16	-222.16
2024-09-05T07:51:00	492.79	856.40	3069.56	-67.12	-116.64	-222.53
2024-09-05T07:51:02	490.87	862.94	3063.35	-67.19	-118.12	-222.88
2024-09-05T07:51:04	488.94	869.48	3057.13	-67.26	-119.62	-223.22
2024-09-05T07:51:06	487.02	876.01	3050.91	-67.33	-121.12	-223.55
2024-09-05T07:51:08	485.09	882.55	3044.67	-67.40	-122.63	-223.86
2024-09-05T07:51:10	483.17	889.08	3038.42	-67.47	-124.14	-224.17
2024-09-05T07:51:12	481.24	895.61	3032.17	-67.53	-125.67	-224.46
2024-09-05T07:51:14	479.31	902.14	3025.91	-67.58	-127.21	-224.75
2024-09-05T07:51:16	477.38	908.66	3019.64	-67.64	-128.75	-225.02
2024-09-05T07:51:18	475.44	915.18	3013.36	-67.69	-130.30	-225.27
2024-09-05T07:51:20	473.51	921.70	3007.08	-67.74	-131.86	-225.52
2024-09-05T07:51:22	471.57	928.22	3000.78	-67.79	-133.43	-225.75
2024-09-05T07:51:24	469.64	934.73	2994.48	-67.83	-135.00	-225.97
2024-09-05T07:51:26	467.70	941.25	2988.17	-67.87	-136.58	-226.17
2024-09-05T07:51:28	465.76	947.76	2981.85	-67.90	-138.17	-226.36
2024-09-05T07:51:30	463.82	954.26	2975.52	-67.94	-139.77	-226.54
2024-09-05T07:51:32	461.88	960.77	2969.19	-67.96	-141.37	-226.71
2024-09-05T07:51:34	459.94	967.27	2962.85	-67.99	-142.99	-226.85
2024-09-05T07:51:36	457.99	973.77	2956.49	-68.01	-144.60	-226.99
2024-09-05T07:51:38	456.05	980.27	2950.13	-68.03	-146.23	-227.11
2024-09-05T07:51:40	454.10	986.76	2943.76	-68.05	-147.86	-227.22
2024-09-05T07:51:42	452.15	993.25	2937.39	-68.06	-149.50	-227.31
2024-09-05T07:51:44	450.20	999.74	2931.00	-68.06	-151.15	-227.38
2024-09-05T07:51:46	448.25	1006.22	2924.61	-68.07	-152.80	-227.45
2024-09-05T07:51:48	446.30	1012.70	2918.21	-68.07	-154.46	-227.49
2024-09-05T07:51:50	444.35	1019.18	2911.80	-68.07	-156.12	-227.52
2024-09-05T07:51:52	442.39	1025.66	2905.38	-68.06	-157.79	-227.53
2024-09-05T07:51:54	440.44	1032.13	2898.95	-68.05	-159.47	-227.53
2024-09-05T07:51:56	438.48	1038.60	2892.51	-68.03	-161.15	-227.51
2024-09-05T07:51:58	436.52	1045.07	2886.07	-68.02	-162.83	-227.48
2024-09-05T07:52:00	434.56	1051.53	2879.61	-67.99	-164.53	-227.42
2024-09-05T07:52:02	432.60	1057.99	2873.15	-67.97	-166.22	-227.35
2024-09-05T07:52:04	430.64	1064.45	2866.68	-67.94	-167.92	-227.27
2024-09-05T07:52:06	428.68	1070.90	2860.20	-67.90	-169.63	-227.17
2024-09-05T07:52:08	426.71	1077.36	2853.71	-67.86	-171.34	-227.04
2024-09-05T07:52:10	424.75	1083.80	2847.22	-67.82	-173.06	-226.90
2024-09-05T07:52:12	422.78	1090.25	2840.71	-67.78	-174.77	-226.75
2024-09-05T07:52:14	420.81	1096.69	2834.20	-67.72	-176.50	-226.57
2024-09-05T07:52:16	418.85	1103.13	2827.68	-67.67	-178.22	-226.38
2024-09-05T07:52:18	416.87	1109.56	2821.15	-67.61	-179.95	-226.17
2024-09-05T07:52:20	414.90	1115.99	2814.61	-67.55	-181.69	-225.94
2024-09-05T07:52:22	412.93	1122.42	2808.06	-67.48	-183.42	-225.69
2024-09-05T07:52:24	410.96	1128.85	2801.50	-67.41	-185.16	-225.42
2024-09-05T07:52:26	408.98	1135.27	2794.94	-67.33	-186.90	-225.13
2024-09-05T07:52:28	407.00	1141.69	2788.36	-67.25	-188.65	-224.82
2024-09-05T07:52:30	405.03	1148.10	2781.78	-67.17	-190.39	-224.50
2024-09-05T07:52:32	403.05	1154.51	2775.19	-67.08	-192.14	-224.15
2024-09-05T07:52:34	401.07	1160.92	2768.59	-66.98	-193.89	-223.79
2024-09-05T07:52:36	399.08	1167.32	2761.98	-66.89	-195.64	-223.40
2024-09-05T07:52:38	397.10	1173.72	2755.36	-66.78	-197.39	-222.99
2024-09-05T07:52:40	395.12	1180.11	2748.73	-66.68	-199.14	-222.56
2024-09-05T07:52:42	393.13	1186.51	2742.10	-66.56	-200.90	-222.11
2024-09-05T07:52:44	391.14	1192.89	2735.45	-66.45	-202.65	-221.65
2024-09-05T07:52:46	389.16	1199.28	2728.80	-66.33	-204.40	-221.16
2024-09-05T07:52:48	387.17	1205.66	2722.13	-66.20	-206.15	-220.65
2024-09-05T07:52:50	385.18	1212.03	2715.46	-66.07	-207.91	-220.11
2024-09-05T07:52:52	383.18	1218.41	2708.78	-65.94	-209.66	-219.56
2024-09-05T07:52:54	381.19	1224.78	2702.10	-65.80	-211.41	-218.98
2024-09-05T07:52:56	379.20	1231.14	2695.40	-65.65	-213.15	-218.39
2024-09-05T07:52:58	377.20	1237.50	2688.69	-65.50	-214.90	-217.77
2024-09-05T07:53:00	375.21	1243.86	2681.97	-65.35	-216.65	-217.13
2024-09-05T07:53:02	373.21	1250.21	2675.25	-65.19	-218.39	-216.46
2024-09-05T07:53:04	371.21	1256.56	2668.52	-65.03	-220.13	-215.78
2024-09-05T07:53:06	369.21	1262.90	2661.77	-64.86	-221.86	-215.07
2024-09-05T07:53:08	367.21	1269.24	2655.02	-64.69	-223.60	-214.34
2024-09-05T07:53:10	365.21	1275.57	2648.26	-64.51	-225.33	-213.59
2024-09-05T07:53:12	363.20	1281.91	2641.49	-64.33	-227.05	-212.81
2024-09-05T07:53:14	361.20	1288.23	2634.71	-64.14	-228.77	-212.01
2024-09-05T07:53:16	359.19	1294.55	2627.93	-63.95	-230.49	-211.19
2024-09-05T07:53:18	357.18	1300.87	2621.13	-63.76	-232.20	-210.35
2024-09-05T07:53:20	355.18	1307.18	2614.33	-63.55	-233.91	-209.48
2024-09-05T07:53:22	353.17	1313.49	2607.51	-63.35	-235.61	-208.59
2024-09-05T07:53:24	351.16	1319.80	2600.69	-63.14	-237.30	-207.67
2024-09-05T07:53:26	349.14	1326.10	2593.85	-62.92	-238.99	-206.73
2024-09-05T07:53:28	347.13	1332.39	2587.01	-62.70	-240.67	-205.77
2024-09-05T07:53:30	345.12	1338.68	2580.16	-62.48	-242.35	-204.79
2024-09-05T07:53:32	343.10	1344.97	2573.30	-62.25	-244.01	-203.78
2024-09-05T07:53:34	341.08	1351.25	2566.43	-62.01	-245.67	-202.75
2024-09-05T07:53:36	339.06	1357.52	2559.56	-61.77	-247.32	-201.69
2024-09-05T07:53:38	337.05	1363.79	2552.67	-61.53	-248.96	-200.61
2024-09-05T07:53:40	335.03	1370.06	2545.77	-61.28	-250.60	-199.51
2024-09-05T07:53:42	333.00	1376.32	2538.87	-61.03	-252.22	-198.38
2024-09-05T07:53:44	330.98	1382.58	2531.95	-60.77	-253.84	-197.23
2024-09-05T07:53:46	328.96	1388.83	2525.03	-60.50	-255.44	-196.05
2024-09-05T07:53:48	326.93	1395.08	2518.10	-60.24	-257.03	-194.85
2024-09-05T07:53:50	324.91	1401.32	2511.16	-59.96	-258.62	-193.63
2024-09-05T07:53:52	322.88	1407.56	2504.21	-59.68	-260.19	-192.38
2024-09-05T07:53:54	320.85	1413.79	2497.24	-59.40	-261.75	-191.11
2024-09-05T07:53:56	318.82	1420.01	2490.28	-59.12	-263.30	-189.81
2024-09-05T07:53:58	316.79	1426.23	2483.30	-58.82	-264.83	-188.49
2024-09-05T07:54:00	314.76	1432.45	2476.31	-58.53	-266.36	-187.15
2024-09-05T07:54:02	312.73	1438.66	2469.31	-58.23	-267.87	-185.78
2024-09-05T07:54:04	310.69	1444.87	2462.31	-57.92	-269.36	-184.39
2024-09-05T07:54:06	308.66	1451.07	2455.29	-57.61	-270.85	-182.98
2024-09-05T07:54:08	306.62	1457.26	2448.27	-57.30	-272.31	-181.54
2024-09-05T07:54:10	304.58	1463.45	2441.24	-56.98	-273.77	-180.07
2024-09-05T07:54:12	302.54	1469.63	2434.20	-56.65	-275.20	-178.59
2024-09-05T07:54:14	300.50	1475.81	2427.14	-56.33	-276.63	-177.08
2024-09-05T07:54:16	298.46	1481.98	2420.08	-55.99	-278.03	-175.55
2024-09-05T07:54:18	296.42	1488.15	2413.01	-55.66	-279.42	-173.99
2024-09-05T07:54:20	294.38	1494.31	2405.93	-55.32	-280.80	-172.41
2024-09-05T07:54:22	292.33	1500.47	2398.84	-54.97	-282.15	-170.80
2024-09-05T07:54:24	290.29	1506.61	2391.75	-54.62	-283.49	-169.18
2024-09-05T07:54:26	288.24	1512.76	2384.64	-54.27	-284.81	-167.53
2024-09-05T07:54:28	286.19	1518.90	2377.52	-53.91	-286.12	-165.86
2024-09-05T07:54:30	284.15	1525.03	2370.40	-53.55	-287.40	-164.16
2024-09-05T07:54:32	282.10	1531.16	2363.27	-53.18	-288.66	-162.44
2024-09-05T07:54:34	280.05	1537.28	2356.12	-52.81	-289.91	-160.70
2024-09-05T07:54:36	277.99	1543.39	2348.97	-52.44	-291.13	-158.94
2024-09-05T07:54:38	275.94	1549.50	2341.81	-52.06	-292.34	-157.16
2024-09-05T07:54:40	273.89	1555.60	2334.64	-51.68	-293.52	-155.35
2024-09-05T07:54:42	271.83	1561.70	2327.46	-51.29	-294.69	-153.52
2024-09-05T07:54:44	269.78	1567.79	2320.27	-50.90	-295.83	-151.67
2024-09-05T07:54:46	267.72	1573.87	2313.07	-50.51	-296.95	-149.80
2024-09-05T07:54:48	265.66	1579.95	2305.86	-50.12	-298.05	-147.91
2024-09-05T07:54:50	263.60	1586.02	2298.65	-49.71	-299.12	-145.99
2024-09-05T07:54:52	261.54	1592.08	2291.42	-49.31	-300.17	-144.06
2024-09-05T07:54:54	259.48	1598.14	2284.18	-48.90	-301.20	-142.10
2024-09-05T07:54:56	257.42	1604.20	2276.94	-48.49	-302.20	-140.13
2024-09-05T07:54:58	255.36	1610.24	2269.69	-48.08	-303.18	-138.13
2024-09-05T07:55:00	253.29	1616.28	2262.42	-47.66	-304.14	-136.12
2024-09-05T07:55:02	251.23	1622.31	2255.15	-47.24	-305.07	-134.08
2024-09-05T07:55:04	249.16	1628.34	2247.87	-46.82	-305.98	-132.03
2024-09-05T07:55:06	247.09	1634.36	2240.58	-46.39	-306.86	-129.96
2024-09-05T07:55:08	245.03	1640.37	2233.28	-45.96	-307.71	-127.87
2024-09-05T07:55:10	242.96	1646.38	2225.97	-45.53	-308.54	-125.76
2024-09-05T07:55:12	240.89	1652.38	2218.66	-45.10	-309.34	-123.63
2024-09-05T07:55:14	238.82	1658.37	2211.33	-44.66	-310.11	-121.49
2024-09-05T07:55:16	236.75	1664.35	2203.99	-44.22	-310.86	-119.32
2024-09-05T07:55:18	234.67	1670.33	2196.65	-43.78	-311.58	-117.14
2024-09-05T07:55:20	232.60	1676.30	2189.29	-43.33	-312.27	-114.95
2024-09-05T07:55:22	230.52	1682.27	2181.93	-42.88	-312.94	-112.73
2024-09-05T07:55:24	228.45	1688.23	2174.56	-42.43	-313.57	-110.50
2024-09-05T07:55:26	226.37	1694.18	2167.18	-41.98	-314.18	-108.26
2024-09-05T07:55:28	224.29	1700.12	2159.79	-41.53	-314.76	-106.00
2024-09-05T07:55:30	222.22	1706.06	2152.39	-41.07	-315.30	-103.72
2024-09-05T07:55:32	220.14	1711.99	2144.98	-40.61	-315.82	-101.44
2024-09-05T07:55:34	218.06	1717.91	2137.56	-40.15	-316.31	-99.13
2024-09-05T07:55:36	215.98	1723.83	2130.13	-39.69	-316.77	-96.81
2024-09-05T07:55:38	213.89	1729.74	2122.70	-39.22	-317.20	-94.48
2024-09-05T07:55:40	211.81	1735.64	2115.25	-38.76	-317.59	-92.14
2024-09-05T07:55:42	209.73	1741.53	2107.80	-38.29	-317.96	-89.78
2024-09-05T07:55:44	207.64	1747.41	2100.34	-37.82	-318.29	-87.41
2024-09-05T07:55:46	205.56	1753.29	2092.87	-37.35	-318.60	-85.03
2024-09-05T07:55:48	203.47	1759.16	2085.39	-36.88	-318.87	-82.64
2024-09-05T07:55:50	201.38	1765.03	2077.89	-36.41	-319.11	-80.24
2024-09-05T07:55:52	199.30	1770.88	2070.40	-35.94	-319.32	-77.83
2024-09-05T07:55:54	197.21	1776.73	2062.89	-35.46	-319.49	-75.41
2024-09-05T07:55:56	195.12	1782.57	2055.37	-34.99	-319.64	-72.97
2024-09-05T07:55:58	193.03	1788.40	2047.85	-34.51	-319.75	-70.53
2024-09-05T07:56:00	190.93	1794.23	2040.31	-34.03	-319.83	-68.08
2024-09-05T07:56:02	188.84	1800.04	2032.77	-33.56	-319.87	-65.63
2024-09-05T07:56:04	186.75	1805.85	2025.22	-33.08	-319.89	-63.16
2024-09-05T07:56:06	184.66	1811.65	2017.66	-32.60	-319.87	-60.69
2024-09-05T07:56:08	182.56	1817.45	2010.09	-32.13	-319.81	-58.21
2024-09-05T07:56:10	180.47	1823.23	2002.51	-31.65	-319.73	-55.73
2024-09-05T07:56:12	178.37	1829.01	1994.92	-31.17	-319.61	-53.24
2024-09-05T07:56:14	176.28	1834.78	1987.32	-30.69	-319.45	-50.74
2024-09-05T07:56:16	174.18	1840.54	1979.72	-30.21	-319.27	-48.24
2024-09-05T07:56:18	172.08	1846.29	1972.10	-29.74	-319.04	-45.74
2024-09-05T07:56:20	169.98	1852.04	1964.48	-29.26	-318.79	-43.23
2024-09-05T07:56:22	167.88	1857.77	1956.85	-28.78	-318.50	-40.72
2024-09-05T07:56:24	165.78	1863.50	1949.21	-28.31	-318.18	-38.21
2024-09-05T07:56:26	163.68	1869.22	1941.56	-27.83	-317.82	-35.69
2024-09-05T07:56:28	161.58	1874.93	1933.90	-27.36	-317.43	-33.18
2024-09-05T07:56:30	159.48	1880.63	1926.24	-26.88	-317.01	-30.66
2024-09-05T07:56:32	157.37	1886.33	1918.56	-26.41	-316.55	-28.14
2024-09-05T07:56:34	155.27	1892.02	1910.88	-25.94	-316.06	-25.63
2024-09-05T07:56:36	153.16	1897.69	1903.19	-25.47	-315.53	-23.11
2024-09-05T07:56:38	151.06	1903.36	1895.48	-25.00	-314.97	-20.59
2024-09-05T07:56:40	148.95	1909.02	1887.77	-24.53	-314.38	-18.08
2024-09-05T07:56:42	146.84	1914.67	1880.06	-24.06	-313.75	-15.57
2024-09-05T07:56:44	144.74	1920.32	1872.33	-23.60	-313.09	-13.06
2024-09-05T07:56:46	142.63	1925.95	1864.60	-23.14	-312.40	-10.55
2024-09-05T07:56:48	140.52	1931.58	1856.85	-22.67	-311.67	-8.05
2024-09-05T07:56:50	138.41	1937.19	1849.10	-22.21	-310.91	-5.56
2024-09-05T07:56:52	136.30	1942.80	1841.34	-21.76	-310.12	-3.06
2024-09-05T07:56:54	134.19	1948.40	1833.57	-21.30	-309.29	-0.58
2024-09-05T07:56:56	132.08	1953.99	1825.79	-20.85	-308.43	1.90
2024-09-05T07:56:58	129.97	1959.57	1818.01	-20.40	-307.54	4.38
2024-09-05T07:57:00	127.86	1965.14	1810.21	-19.95	-306.62	6.84
2024-09-05T07:57:02	125.75	1970.71	1802.41	-19.50	-305.66	9.30
2024-09-05T07:57:04	123.63	1976.26	1794.60	-19.06	-304.67	11.76
2024-09-05T07:57:06	121.52	1981.80	1786.78	-18.62	-303.65	14.20
2024-09-05T07:57:08	119.41	1987.34	1778.96	-18.18	-302.59	16.63
2024-09-05T07:57:10	117.29	1992.87	1771.12	-17.75	-301.51	19.05
2024-09-05T07:57:12	115.18	1998.38	1763.28	-17.31	-300.39	21.47
2024-09-05T07:57:14	113.06	2003.89	1755.42	-16.88	-299.24	23.87
2024-09-05T07:57:16	110.94	2009.39	1747.56	-16.46	-298.06	26.26
2024-09-05T07:57:18	108.83	2014.88	1739.70	-16.03	-296.86	28.64
2024-09-05T07:57:20	106.71	2020.36	1731.82	-15.61	-295.62	31.01
2024-09-05T07:57:22	104.59	2025.83	1723.94	-15.20	-294.35	33.36
2024-09-05T07:57:24	102.48	2031.29	1716.04	-14.78	-293.05	35.71
2024-09-05T07:57:26	100.35	2036.75	1708.14	-14.37	-291.72	38.03
2024-09-05T07:57:28	98.24	2042.19	1700.24	-13.97	-290.36	40.35
2024-09-05T07:57:30	96.12	2047.62	1692.32	-13.56	-288.97	42.65
2024-09-05T07:57:32	94.00	2053.04	1684.39	-13.17	-287.56	44.93
2024-09-05T07:57:34	91.88	2058.46	1676.46	-12.77	-286.11	47.20
2024-09-05T07:57:36	89.76	2063.86	1668.52	-12.38	-284.64	49.45
2024-09-05T07:57:38	87.64	2069.25	1660.57	-11.99	-283.14	51.69
2024-09-05T07:57:40	85.51	2074.64	1652.62	-11.61	-281.62	53.91
2024-09-05T07:57:42	83.39	2080.01	1644.66	-11.23	-280.06	56.11
2024-09-05T07:57:44	81.27	2085.38	1636.68	-10.85	-278.48	58.29
2024-09-05T07:57:46	79.15	2090.73	1628.70	-10.48	-276.88	60.46
2024-09-05T07:57:48	77.02	2096.08	1620.72	-10.11	-275.25	62.60
2024-09-05T07:57:50	74.90	2101.41	1612.72	-9.75	-273.59	64.73
2024-09-05T07:57:52	72.78	2106.74	1604.72	-9.39	-271.91	66.84
2024-09-05T07:57:54	70.65	2112.05	1596.71	-9.04	-270.21	68.93
2024-09-05T07:57:56	68.53	2117.36	1588.69	-8.69	-268.48	71.00
2024-09-05T07:57:58	66.40	2122.65	1580.67	-8.34	-266.73	73.05
2024-09-05T07:58:00	64.28	2127.94	1572.64	-8.00	-264.95	75.08
2024-09-05T07:58:02	62.15	2133.21	1564.60	-7.67	-263.15	77.08
2024-09-05T07:58:04	60.03	2138.48	1556.55	-7.34	-261.33	79.07
2024-09-05T07:58:06	57.90	2143.73	1548.49	-7.01	-259.49	81.03
2024-09-05T07:58:08	55.78	2148.98	1540.43	-6.69	-257.63	82.97
2024-09-05T07:58:10	53.65	2154.21	1532.36	-6.37	-255.75	84.89
2024-09-05T07:58:12	51.53	2159.43	1524.29	-6.06	-253.84	86.78
2024-09-05T07:58:14	49.40	2164.65	1516.20	-5.75	-251.92	88.65
2024-09-05T07:58:16	47.27	2169.85	1508.11	-5.45	-249.98	90.50
2024-09-05T07:58:18	45.14	2175.05	1500.01	-5.15	-248.02	92.33
2024-09-05T07:58:20	43.02	2180.23	1491.91	-4.85	-246.04	94.13
2024-09-05T07:58:22	40.89	2185.40	1483.80	-4.57	-244.04	95.90
2024-09-05T07:58:24	38.76	2190.56	1475.68	-4.28	-242.03	97.66
2024-09-05T07:58:26	36.63	2195.71	1467.55	-4.00	-240.00	99.38
2024-09-05T07:58:28	34.51	2200.85	1459.42	-3.73	-237.95	101.09
2024-09-05T07:58:30	32.38	2205.98	1451.28	-3.46	-235.89	102.76
2024-09-05T07:58:32	30.25	2211.10	1443.13	-3.20	-233.81	104.41
2024-09-05T07:58:34	28.12	2216.21	1434.97	-2.94	-231.72	106.04
2024-09-05T07:58:36	26.00	2221.31	1426.81	-2.69	-229.61	107.64
2024-09-05T07:58:38	23.87	2226.40	1418.64	-2.44	-227.49	109.21
2024-09-05T07:58:40	21.74	2231.48	1410.47	-2.20	-225.36	110.76
2024-09-05T07:58:42	19.61	2236.54	1402.29	-1.96	-223.22	112.28
2024-09-05T07:58:44	17.48	2241.60	1394.10	-1.72	-221.06	113.78
2024-09-05T07:58:46	15.35	2246.64	1385.90	-1.50	-218.89	115.25
2024-09-05T07:58:48	13.22	2251.68	1377.70	-1.27	-216.71	116.69
2024-09-05T07:58:50	11.09	2256.70	1369.49	-1.05	-214.52	118.10
2024-09-05T07:58:52	8.97	2261.71	1361.28	-0.84	-212.32	119.49
2024-09-05T07:58:54	6.84	2266.72	1353.06	-0.63	-210.11	120.85
2024-09-05T07:58:56	4.71	2271.71	1344.83	-0.43	-207.89	122.19
2024-09-05T07:58:58	2.58	2276.69	1336.59	-0.23	-205.67	123.49
2024-09-05T07:59:00	0.45	2281.66	1328.35	-0.04	-203.43	124.77
2024-09-05T07:59:02	-1.68	2286.62	1320.11	0.15	-201.19	126.03
2024-09-05T07:59:04	-3.81	2291.57	1311.85	0.33	-198.94	127.25
2024-09-05T07:59:06	-5.94	2296.50	1303.59	0.51	-196.69	128.45
2024-09-05T07:59:08	-8.06	2301.43	1295.33	0.68	-194.43	129.62
2024-09-05T07:59:10	-10.19	2306.34	1287.05	0.85	-192.16	130.76
2024-09-05T07:59:12	-12.32	2311.25	1278.77	1.01	-189.89	131.88
2024-09-05T07:59:14	-14.45	2316.14	1270.49	1.17	-187.62	132.97
2024-09-05T07:59:16	-16.58	2321.02	1262.20	1.32	-185.34	134.03
2024-09-05T07:59:18	-18.71	2325.89	1253.90	1.47	-183.06	135.06
2024-09-05T07:59:20	-20.84	2330.75	1245.60	1.62	-180.78	136.07
2024-09-05T07:59:22	-22.96	2335.60	1237.29	1.75	-178.49	137.05
2024-09-05T07:59:24	-25.09	2340.43	1228.98	1.89	-176.21	138.00
2024-09-05T07:59:26	-27.22	2345.26	1220.66	2.02	-173.92	138.92
2024-09-05T07:59:28	-29.35	2350.07	1212.33	2.14	-171.63	139.82
2024-09-05T07:59:30	-31.47	2354.88	1204.00	2.26	-169.34	140.69
2024-09-05T07:59:32	-33.60	2359.67	1195.66	2.38	-167.05	141.54
2024-09-05T07:59:34	-35.73	2364.45	1187.32	2.49	-164.76	142.36
2024-09-05T07:59:36	-37.85	2369.22	1178.97	2.60	-162.48	143.15
2024-09-05T07:59:38	-39.98	2373.98	1170.61	2.70	-160.19	143.91
2024-09-05T07:59:40	-42.11	2378.73	1162.25	2.80	-157.91	144.65
2024-09-05T07:59:42	-44.23	2383.47	1153.89	2.89	-155.63	145.36
2024-09-05T07:59:44	-46.36	2388.19	1145.52	2.98	-153.35	146.05
2024-09-05T07:59:46	-48.49	2392.90	1137.14	3.06	-151.08	146.71
2024-09-05T07:59:48	-50.61	2397.61	1128.76	3.14	-148.81	147.34
2024-09-05T07:59:50	-52.74	2402.29	1120.37	3.22	-146.54	147.95
2024-09-05T07:59:52	-54.86	2406.97	1111.98	3.29	-144.28	148.53
2024-09-05T07:59:54	-56.99	2411.64	1103.58	3.36	-142.02	149.09
2024-09-05T07:59:56	-59.11	2416.30	1095.18	3.42	-139.77	149.62
2024-09-05T07:59:58	-61.23	2420.95	1086.77	3.48	-137.53	150.13
2024-09-05T08:00:00	-63.36	2425.58	1078.36	3.53	-135.29	150.61
2024-09-05T08:00:02	-65.48	2430.20	1069.94	3.59	-133.06	151.07
2024-09-05T08:00:04	-67.61	2434.81	1061.51	3.63	-130.83	151.51
2024-09-05T08:00:06	-69.73	2439.41	1053.08	3.68	-128.62	151.92
2024-09-05T08:00:08	-71.85	2444.00	1044.65	3.72	-126.41	152.30
2024-09-05T08:00:10	-73.97	2448.58	1036.21	3.75	-124.20	152.67
2024-09-05T08:00:12	-76.09	2453.14	1027.77	3.78	-122.01	153.01
2024-09-05T08:00:14	-78.22	2457.70	1019.32	3.81	-119.83	153.32
2024-09-05T08:00:16	-80.34	2462.24	1010.87	3.84	-117.65	153.62
2024-09-05T08:00:18	-82.46	2466.77	1002.41	3.86	-115.49	153.89
2024-09-05T08:00:20	-84.58	2471.29	993.95	3.88	-113.33	154.13
2024-09-05T08:00:22	-86.70	2475.80	985.48	3.89	-111.19	154.36
2024-09-05T08:00:24	-88.82	2480.29	977.01	3.90	-109.05	154.57
2024-09-05T08:00:26	-90.93	2484.78	968.54	3.91	-106.92	154.75
2024-09-05T08:00:28	-93.05	2489.25	960.05	3.92	-104.81	154.91
2024-09-05T08:00:30	-95.17	2493.71	951.57	3.92	-102.71	155.05
2024-09-05T08:00:32	-97.29	2498.16	943.08	3.92	-100.62	155.17
2024-09-05T08:00:34	-99.41	2502.60	934.59	3.91	-98.54	155.27
2024-09-05T08:00:36	-101.52	2507.03	926.09	3.91	-96.47	155.35
2024-09-05T08:00:38	-103.64	2511.45	917.59	3.90	-94.41	155.40
2024-09-05T08:00:40	-105.75	2515.85	909.08	3.88	-92.37	155.44
2024-09-05T08:00:42	-107.87	2520.24	900.57	3.87	-90.34	155.46
2024-09-05T08:00:44	-109.98	2524.62	892.05	3.85	-88.32	155.46
2024-09-05T08:00:46	-112.10	2528.99	883.54	3.83	-86.32	155.44
2024-09-05T08:00:48	-114.21	2533.35	875.01	3.80	-84.33	155.41
2024-09-05T08:00:50	-116.32	2537.70	866.49	3.77	-82.35	155.35
2024-09-05T08:00:52	-118.44	2542.03	857.96	3.75	-80.38	155.28
2024-09-05T08:00:54	-120.55	2546.36	849.42	3.71	-78.43	155.19
2024-09-05T08:00:56	-122.66	2550.67	840.88	3.68	-76.50	155.08
2024-09-05T08:00:58	-124.77	2554.97	832.34	3.64	-74.57	154.95
2024-09-05T08:01:00	-126.88	2559.26	823.79	3.60	-72.67	154.81
2024-09-05T08:01:02	-128.99	2563.53	815.24	3.56	-70.77	154.65
2024-09-05T08:01:04	-131.10	2567.80	806.69	3.52	-68.89	154.48
2024-09-05T08:01:06	-133.21	2572.06	798.13	3.47	-67.03	154.29
2024-09-05T08:01:08	-135.32	2576.30	789.57	3.42	-65.18	154.08
2024-09-05T08:01:10	-137.42	2580.53	781.01	3.37	-63.35	153.86
2024-09-05T08:01:12	-139.53	2584.75	772.44	3.32	-61.53	153.62
2024-09-05T08:01:14	-141.63	2588.96	763.87	3.27	-59.72	153.37
2024-09-05T08:01:16	-143.74	2593.15	755.29	3.21	-57.93	153.10
2024-09-05T08:01:18	-145.84	2597.34	746.72	3.15	-56.16	152.82
2024-09-05T08:01:20	-147.95	2601.51	738.14	3.09	-54.40	152.53
2024-09-05T08:01:22	-150.05	2605.67	729.55	3.03	-52.66	152.22
2024-09-05T08:01:24	-152.15	2609.82	720.96	2.97	-50.93	151.90
2024-09-05T08:01:26	-154.25	2613.96	712.37	2.90	-49.22	151.57
2024-09-05T08:01:28	-156.36	2618.09	703.78	2.84	-47.53	151.22
2024-09-05T08:01:30	-158.46	2622.20	695.18	2.77	-45.85	150.86
2024-09-05T08:01:32	-160.56	2626.31	686.58	2.70	-44.18	150.49
2024-09-05T08:01:34	-162.66	2630.40	677.98	2.63	-42.53	150.10
2024-09-05T08:01:36	-164.75	2634.48	669.37	2.56	-40.90	149.71
2024-09-05T08:01:38	-166.85	2638.55	660.76	2.48	-39.29	149.30
2024-09-05T08:01:40	-168.95	2642.61	652.15	2.41	-37.69	148.89
2024-09-05T08:01:42	-171.04	2646.66	643.54	2.33	-36.10	148.46
2024-09-05T08:01:44	-173.14	2650.69	634.92	2.26	-34.53	148.02
2024-09-05T08:01:46	-175.23	2654.72	626.30	2.18	-32.98	147.57
2024-09-05T08:01:48	-177.33	2658.73	617.67	2.10	-31.44	147.11
2024-09-05T08:01:50	-179.42	2662.73	609.05	2.02	-29.92	146.65
2024-09-05T08:01:52	-181.51	2666.72	600.42	1.93	-28.42	146.17
2024-09-05T08:01:54	-183.60	2670.70	591.79	1.85	-26.93	145.68
2024-09-05T08:01:56	-185.69	2674.66	583.16	1.77	-25.46	145.19
2024-09-05T08:01:58	-187.78	2678.62	574.52	1.68	-24.00	144.68
2024-09-05T08:02:00	-189.87	2682.56	565.88	1.60	-22.56	144.17
2024-09-05T08:02:02	-191.96	2686.50	557.24	1.51	-21.14	143.65
2024-09-05T08:02:04	-194.05	2690.42	548.59	1.42	-19.73	143.12
2024-09-05T08:02:06	-196.13	2694.33	539.95	1.33	-18.34	142.59
2024-09-05T08:02:08	-198.22	2698.23	531.30	1.25	-16.96	142.04
2024-09-05T08:02:10	-200.30	2702.11	522.65	1.16	-15.60	141.49
2024-09-05T08:02:12	-202.39	2705.99	514.00	1.07	-14.25	140.94
2024-09-05T08:02:14	-204.47	2709.85	505.35	0.97	-12.92	140.37
2024-09-05T08:02:16	-206.55	2713.70	496.69	0.88	-11.60	139.80
2024-09-05T08:02:18	-208.63	2717.55	488.03	0.79	-10.31	139.22
2024-09-05T08:02:20	-210.71	2721.38	479.37	0.70	-9.02	138.64
2024-09-05T08:02:22	-212.79	2725.20	470.71	0.61	-7.75	138.05
2024-09-05T08:02:24	-214.87	2729.00	462.04	0.51	-6.50	137.46
2024-09-05T08:02:26	-216.95	2732.80	453.38	0.42	-5.26	136.86
2024-09-05T08:02:28	-219.02	2736.59	444.71	0.32	-4.04	136.25
2024-09-05T08:02:30	-221.10	2740.36	436.04	0.23	-2.83	135.64
2024-09-05T08:02:32	-223.17	2744.12	427.37	0.13	-1.64	135.03
2024-09-05T08:02:34	-225.25	2747.88	418.69	0.04	-0.46	134.41
2024-09-05T08:02:36	-227.32	2751.62	410.02	-0.06	0.70	133.78
2024-09-05T08:02:38	-229.39	2755.35	401.34	-0.15	1.85	133.16
2024-09-05T08:02:40	-231.47	2759.07	392.66	-0.25	2.99	132.52
2024-09-05T08:02:42	-233.53	2762.77	383.98	-0.35	4.11	131.89
2024-09-05T08:02:44	-235.60	2766.47	375.30	-0.44	5.21	131.25
2024-09-05T08:02:46	-237.67	2770.15	366.61	-0.54	6.30	130.60
2024-09-05T08:02:48	-239.74	2773.83	357.93	-0.64	7.38	129.96
2024-09-05T08:02:50	-241.81	2777.49	349.24	-0.73	8.44	129.31
2024-09-05T08:02:52	-243.87	2781.15	340.56	-0.83	9.49	128.65
2024-09-05T08:02:54	-245.93	2784.79	331.87	-0.93	10.52	128.00
2024-09-05T08:02:56	-248.00	2788.41	323.18	-1.03	11.55	127.34
2024-09-05T08:02:58	-250.06	2792.04	314.49	-1.12	12.55	126.68
2024-09-05T08:03:00	-252.12	2795.64	305.80	-1.22	13.55	126.02
2024-09-05T08:03:02	-254.18	2799.24	297.10	-1.32	14.53	125.35
2024-09-05T08:03:04	-256.24	2802.83	288.41	-1.42	15.49	124.68
2024-09-05T08:03:06	-258.30	2806.40	279.71	-1.51	16.45	124.02
2024-09-05T08:03:08	-260.36	2809.97	271.01	-1.61	17.39	123.34
2024-09-05T08:03:10	-262.41	2813.52	262.31	-1.71	18.31	122.67
2024-09-05T08:03:12	-264.47	2817.07	253.62	-1.80	19.23	122.00
2024-09-05T08:03:14	-266.52	2820.60	244.92	-1.90	20.13	121.32
2024-09-05T08:03:16	-268.58	2824.12	236.21	-2.00	21.01	120.64
2024-09-05T08:03:18	-270.63	2827.63	227.51	-2.10	21.89	119.97
2024-09-05T08:03:20	-272.68	2831.13	218.81	-2.19	22.75	119.29
2024-09-05T08:03:22	-274.73	2834.62	210.10	-2.29	23.60	118.61
2024-09-05T08:03:24	-276.78	2838.10	201.40	-2.38	24.44	117.93
2024-09-05T08:03:26	-278.83	2841.56	192.69	-2.48	25.27	117.25
2024-09-05T08:03:28	-280.87	2845.02	183.99	-2.58	26.08	116.56
2024-09-05T08:03:30	-282.92	2848.47	175.28	-2.67	26.89	115.88
2024-09-05T08:03:32	-284.96	2851.90	166.57	-2.77	27.68	115.20
2024-09-05T08:03:34	-287.00	2855.33	157.87	-2.86	28.46	114.52
2024-09-05T08:03:36	-289.05	2858.74	149.16	-2.95	29.22	113.83
2024-09-05T08:03:38	-291.09	2862.15	140.45	-3.05	29.98	113.15
2024-09-05T08:03:40	-293.13	2865.54	131.74	-3.14	30.72	112.47
2024-09-05T08:03:42	-295.17	2868.92	123.03	-3.24	31.46	111.78
2024-09-05T08:03:44	-297.21	2872.29	114.32	-3.33	32.18	111.10
2024-09-05T08:03:46	-299.24	2875.66	105.61	-3.42	32.89	110.42
2024-09-05T08:03:48	-301.28	2879.01	96.89	-3.52	33.59	109.74
2024-09-05T08:03:50	-303.32	2882.35	88.18	-3.61	34.28	109.05
2024-09-05T08:03:52	-305.35	2885.68	79.47	-3.70	34.96	108.37
2024-09-05T08:03:54	-307.38	2889.00	70.76	-3.79	35.63	107.69
2024-09-05T08:03:56	-309.41	2892.31	62.04	-3.88	36.28	107.01
2024-09-05T08:03:58	-311.44	2895.61	53.33	-3.97	36.93	106.33
2024-09-05T08:04:00	-313.47	2898.90	44.62	-4.06	37.57	105.66
2024-09-05T08:04:02	-315.50	2902.18	35.91	-4.15	38.19	104.98
2024-09-05T08:04:04	-317.53	2905.45	27.19	-4.24	38.81	104.30
2024-09-05T08:04:06	-319.55	2908.71	18.48	-4.33	39.42	103.63
2024-09-05T08:04:08	-321.58	2911.95	9.76	-4.42	40.02	102.96
2024-09-05T08:04:10	-323.60	2915.19	1.05	-4.51	40.60	102.28
2024-09-05T08:04:12	-325.62	2918.42	-7.66	-4.59	41.18	101.61
2024-09-05T08:04:14	-327.65	2921.64	-16.37	-4.68	41.75	100.94
2024-09-05T08:04:16	-329.67	2924.85	-25.09	-4.77	42.31	100.27
2024-09-05T08:04:18	-331.68	2928.04	-33.80	-4.85	42.86	99.60
2024-09-05T08:04:20	-333.70	2931.23	-42.51	-4.94	43.40	98.94
2024-09-05T08:04:22	-335.72	2934.41	-51.23	-5.03	43.93	98.27
2024-09-05T08:04:24	-337.74	2937.57	-59.94	-5.11	44.45	97.61
2024-09-05T08:04:26	-339.75	2940.73	-68.65	-5.20	44.97	96.95
2024-09-05T08:04:28	-341.76	2943.88	-77.37	-5.28	45.47	96.29
2024-09-05T08:04:30	-343.77	2947.02	-86.08	-5.36	45.97	95.63
2024-09-05T08:04:32	-345.78	2950.14	-94.79	-5.45	46.46	94.98
2024-09-05T08:04:34	-347.80	2953.26	-103.50	-5.53	46.94	94.32
2024-09-05T08:04:36	-349.80	2956.37	-112.21	-5.61	47.41	93.67
2024-09-05T08:04:38	-351.81	2959.47	-120.92	-5.69	47.87	93.02
2024-09-05T08:04:40	-353.81	2962.56	-129.64	-5.77	48.33	92.37
2024-09-05T08:04:42	-355.82	2965.63	-138.35	-5.85	48.77	91.72
2024-09-05T08:04:44	-357.82	2968.70	-147.06	-5.93	49.21	91.08
2024-09-05T08:04:46	-359.83	2971.76	-155.76	-6.01	49.64	90.43
2024-09-05T08:04:48	-361.83	2974.81	-164.47	-6.09	50.07	89.79
2024-09-05T08:04:50	-363.83	2977.85	-173.18	-6.17	50.48	89.15
2024-09-05T08:04:52	-365.83	2980.88	-181.89	-6.25	50.89	88.52
2024-09-05T08:04:54	-367.83	2983.90	-190.60	-6.32	51.29	87.88
2024-09-05T08:04:56	-369.82	2986.91	-199.30	-6.40	51.68	87.25
2024-09-05T08:04:58	-371.82	2989.91	-208.01	-6.47	52.07	86.62
2024-09-05T08:05:00	-373.81	2992.90	-216.71	-6.55	52.45	85.99
2024-09-05T08:05:02	-375.80	2995.88	-225.42	-6.63	52.82	85.36
2024-09-05T08:05:04	-377.79	2998.86	-234.12	-6.70	53.18	84.74
2024-09-05T08:05:06	-379.79	3001.82	-242.82	-6.77	53.54	84.12
2024-09-05T08:05:08	-381.77	3004.77	-251.52	-6.85	53.89	83.50
2024-09-05T08:05:10	-383.76	3007.72	-260.23	-6.92	54.23	82.88
2024-09-05T08:05:12	-385.75	3010.65	-268.93	-6.99	54.57	82.26
2024-09-05T08:05:14	-387.74	3013.58	-277.63	-7.06	54.90	81.65
2024-09-05T08:05:16	-389.72	3016.49	-286.33	-7.13	55.22	81.04
2024-09-05T08:05:18	-391.70	3019.40	-295.03	-7.20	55.54	80.43
2024-09-05T08:05:20	-393.68	3022.30	-303.72	-7.27	55.85	79.83
2024-09-05T08:05:22	-395.67	3025.19	-312.42	-7.34	56.15	79.22
2024-09-05T08:05:24	-397.64	3028.06	-321.11	-7.41	56.45	78.62
2024-09-05T08:05:26	-399.62	3030.93	-329.81	-7.48	56.74	78.02
2024-09-05T08:05:28	-401.60	3033.79	-338.50	-7.55	57.03	77.43
2024-09-05T08:05:30	-403.58	3036.64	-347.19	-7.62	57.31	76.83
2024-09-05T08:05:32	-405.55	3039.49	-355.88	-7.68	57.58	76.24
2024-09-05T08:05:34	-407.52	3042.32	-364.58	-7.75	57.85	75.65
2024-09-05T08:05:36	-409.50	3045.14	-373.26	-7.81	58.11	75.07
2024-09-05T08:05:38	-411.47	3047.96	-381.95	-7.88	58.36	74.48
2024-09-05T08:05:40	-413.44	3050.76	-390.64	-7.94	58.61	73.90
2024-09-05T08:05:42	-415.41	3053.56	-399.32	-8.01	58.86	73.32
2024-09-05T08:05:44	-417.37	3056.35	-408.01	-8.07	59.10	72.75
2024-09-05T08:05:46	-419.34	3059.13	-416.69	-8.13	59.33	72.17
2024-09-05T08:05:48	-421.30	3061.90	-425.37	-8.20	59.56	71.60
2024-09-05T08:05:50	-423.27	3064.66	-434.05	-8.26	59.78	71.03
2024-09-05T08:05:52	-425.23	3067.41	-442.73	-8.32	60.00	70.46
2024-09-05T08:05:54	-427.19	3070.15	-451.41	-8.38	60.21	69.90
2024-09-05T08:05:56	-429.15	3072.89	-460.09	-8.44	60.42	69.34
2024-09-05T08:05:58	-431.11	3075.62	-468.76	-8.50	60.62	68.78
2024-09-05T08:06:00	-433.07	3078.33	-477.44	-8.56	60.82	68.22
2024-09-05T08:06:02	-435.02	3081.04	-486.11	-8.61	61.01	67.67
2024-09-05T08:06:04	-436.98	3083.74	-494.78	-8.67	61.19	67.12
2024-09-05T08:06:06	-438.93	3086.43	-503.45	-8.73	61.38	66.57
2024-09-05T08:06:08	-440.88	3089.12	-512.12	-8.78	61.55	66.02
2024-09-05T08:06:10	-442.83	3091.79	-520.79	-8.84	61.73	65.48
2024-09-05T08:06:12	-444.78	3094.45	-529.46	-8.90	61.89	64.94
2024-09-05T08:06:14	-446.73	3097.11	-538.12	-8.95	62.06	64.40
2024-09-05T08:06:16	-448.68	3099.76	-546.78	-9.01	62.21	63.86
2024-09-05T08:06:18	-450.62	3102.40	-555.44	-9.06	62.37	63.33
2024-09-05T08:06:20	-452.57	3105.03	-564.10	-9.11	62.52	62.80
2024-09-05T08:06:22	-454.51	3107.65	-572.76	-9.16	62.66	62.27
2024-09-05T08:06:24	-456.46	3110.27	-581.42	-9.22	62.80	61.75
2024-09-05T08:06:26	-458.40	3112.87	-590.07	-9.27	62.94	61.22
2024-09-05T08:06:28	-460.34	3115.47	-598.73	-9.32	63.07	60.70
2024-09-05T08:06:30	-462.28	3118.06	-607.38	-9.37	63.20	60.18
2024-09-05T08:06:32	-464.21	3120.64	-616.03	-9.42	63.32	59.67
2024-09-05T08:06:34	-466.15	3123.22	-624.68	-9.47	63.44	59.16
2024-09-05T08:06:36	-468.08	3125.78	-633.33	-9.52	63.56	58.64
2024-09-05T08:06:38	-470.02	3128.34	-641.97	-9.57	63.67	58.14
2024-09-05T08:06:40	-471.95	3130.89	-650.62	-9.61	63.77	57.63
2024-09-05T08:06:42	-473.88	3133.43	-659.26	-9.66	63.88	57.13
2024-09-05T08:06:44	-475.81	3135.96	-667.90	-9.71	63.98	56.63
2024-09-05T08:06:46	-477.74	3138.48	-676.54	-9.75	64.07	56.13
2024-09-05T08:06:48	-479.67	3141.00	-685.17	-9.80	64.16	55.64
2024-09-05T08:06:50	-481.59	3143.51	-693.81	-9.84	64.25	55.14
2024-09-05T08:06:52	-483.52	3146.00	-702.44	-9.89	64.34	54.65
2024-09-05T08:06:54	-485.44	3148.50	-711.07	-9.93	64.42	54.17
2024-09-05T08:06:56	-487.37	3150.98	-719.70	-9.98	64.49	53.68
2024-09-05T08:06:58	-489.29	3153.46	-728.33	-10.02	64.57	53.20
2024-09-05T08:07:00	-491.21	3155.92	-736.96	-10.06	64.64	52.72
2024-09-05T08:07:02	-493.12	3158.38	-745.58	-10.10	64.70	52.24
2024-09-05T08:07:04	-495.04	3160.84	-754.21	-10.14	64.77	51.77
2024-09-05T08:07:06	-496.96	3163.28	-762.83	-10.18	64.83	51.29
2024-09-05T08:07:08	-498.88	3165.72	-771.45	-10.22	64.88	50.82
2024-09-05T08:07:10	-500.79	3168.15	-780.06	-10.26	64.93	50.36
2024-09-05T08:07:12	-502.70	3170.57	-788.68	-10.30	64.98	49.89
2024-09-05T08:07:14	-504.61	3172.98	-797.29	-10.34	65.03	49.43
2024-09-05T08:07:16	-506.52	3175.38	-805.90	-10.38	65.07	48.97
2024-09-05T08:07:18	-508.43	3177.78	-814.51	-10.42	65.11	48.51
2024-09-05T08:07:20	-510.34	3180.17	-823.12	-10.46	65.15	48.06
2024-09-05T08:07:22	-512.24	3182.56	-831.72	-10.49	65.19	47.61
2024-09-05T08:07:24	-514.15	3184.93	-840.32	-10.53	65.22	47.16
2024-09-05T08:07:26	-516.06	3187.30	-848.93	-10.56	65.24	46.71
2024-09-05T08:07:28	-517.96	3189.66	-857.53	-10.60	65.27	46.26
2024-09-05T08:07:30	-519.86	3192.01	-866.12	-10.63	65.29	45.82
2024-09-05T08:07:32	-521.76	3194.36	-874.72	-10.67	65.31	45.38
2024-09-05T08:07:34	-523.66	3196.69	-883.31	-10.70	65.33	44.94
2024-09-05T08:07:36	-525.55	3199.02	-891.90	-10.73	65.34	44.51
2024-09-05T08:07:38	-527.45	3201.35	-900.49	-10.77	65.35	44.08
2024-09-05T08:07:40	-529.35	3203.66	-909.08	-10.80	65.36	43.65
2024-09-05T08:07:42	-531.24	3205.97	-917.66	-10.83	65.36	43.22
2024-09-05T08:07:44	-533.14	3208.27	-926.25	-10.86	65.37	42.79
2024-09-05T08:07:46	-535.03	3210.56	-934.82	-10.89	65.37	42.37
2024-09-05T08:07:48	-536.92	3212.85	-943.40	-10.92	65.36	41.95
2024-09-05T08:07:50	-538.81	3215.13	-951.98	-10.95	65.36	41.53
2024-09-05T08:07:52	-540.69	3217.40	-960.55	-10.98	65.35	41.12
2024-09-05T08:07:54	-542.58	3219.66	-969.13	-11.01	65.34	40.70
2024-09-05T08:07:56	-544.46	3221.92	-977.70	-11.04	65.33	40.29
2024-09-05T08:07:58	-546.35	3224.17	-986.27	-11.07	65.31	39.89
2024-09-05T08:08:00	-548.23	3226.41	-994.83	-11.09	65.29	39.48
2024-09-05T08:08:02	-550.12	3228.65	-1003.39	-11.12	65.27	39.08
2024-09-05T08:08:04	-551.99	3230.88	-1011.96	-11.15	65.25	38.68
2024-09-05T08:08:06	-553.88	3233.10	-1020.51	-11.17	65.22	38.28
2024-09-05T08:08:08	-555.75	3235.32	-1029.07	-11.20	65.20	37.88
2024-09-05T08:08:10	-557.63	3237.52	-1037.62	-11.22	65.17	37.49
2024-09-05T08:08:12	-559.50	3239.72	-1046.18	-11.25	65.14	37.09
2024-09-05T08:08:14	-561.38	3241.92	-1054.73	-11.27	65.10	36.71
2024-09-05T08:08:16	-563.25	3244.10	-1063.27	-11.30	65.07	36.32
2024-09-05T08:08:18	-565.13	3246.28	-1071.82	-11.32	65.03	35.93
2024-09-05T08:08:20	-567.00	3248.46	-1080.36	-11.34	64.99	35.55
2024-09-05T08:08:22	-568.87	3250.62	-1088.91	-11.37	64.95	35.17
2024-09-05T08:08:24	-570.73	3252.78	-1097.44	-11.39	64.90	34.79
2024-09-05T08:08:26	-572.60	3254.94	-1105.98	-11.41	64.85	34.42
2024-09-05T08:08:28	-574.47	3257.08	-1114.51	-11.43	64.81	34.05
2024-09-05T08:08:30	-576.33	3259.22	-1123.04	-11.45	64.76	33.67
2024-09-05T08:08:32	-578.20	3261.35	-1131.57	-11.47	64.70	33.31
2024-09-05T08:08:34	-580.06	3263.48	-1140.10	-11.49	64.65	32.94
2024-09-05T08:08:36	-581.92	3265.60	-1148.63	-11.51	64.59	32.58
2024-09-05T08:08:38	-583.78	3267.71	-1157.15	-11.53	64.54	32.21
2024-09-05T08:08:40	-585.64	3269.81	-1165.67	-11.55	64.48	31.86
2024-09-05T08:08:42	-587.50	3271.91	-1174.19	-11.57	64.41	31.50
2024-09-05T08:08:44	-589.35	3274.01	-1182.70	-11.58	64.35	31.14
2024-09-05T08:08:46	-591.21	3276.09	-1191.22	-11.60	64.28	30.79
2024-09-05T08:08:48	-593.06	3278.17	-1199.73	-11.62	64.22	30.44
2024-09-05T08:08:50	-594.92	3280.25	-1208.23	-11.63	64.15	30.09
2024-09-05T08:08:52	-596.77	3282.31	-1216.74	-11.65	64.08	29.75
2024-09-05T08:08:54	-598.62	3284.37	-1225.24	-11.67	64.01	29.40
2024-09-05T08:08:56	-600.47	3286.43	-1233.74	-11.68	63.93	29.06
2024-09-05T08:08:58	-602.32	3288.47	-1242.24	-11.70	63.86	28.72
2024-09-05T08:09:00	-604.16	3290.51	-1250.74	-11.71	63.78	28.39
2024-09-05T08:09:02	-606.01	3292.55	-1259.23	-11.72	63.70	28.05
2024-09-05T08:09:04	-607.85	3294.58	-1267.72	-11.74	63.62	27.72
2024-09-05T08:09:06	-609.70	3296.60	-1276.21	-11.75	63.54	27.39
2024-09-05T08:09:08	-611.54	3298.61	-1284.70	-11.76	63.46	27.06
2024-09-05T08:09:10	-613.38	3300.62	-1293.18	-11.78	63.37	26.73
2024-09-05T08:09:12	-615.22	3302.63	-1301.67	-11.79	63.29	26.41
2024-09-05T08:09:14	-617.06	3304.62	-1310.15	-11.80	63.20	26.09
2024-09-05T08:09:16	-618.90	3306.61	-1318.62	-11.81	63.11	25.77
2024-09-05T08:09:18	-620.73	3308.60	-1327.10	-11.82	63.02	25.45
2024-09-05T08:09:20	-622.57	3310.58	-1335.57	-11.83	62.93	25.14
2024-09-05T08:09:22	-624.40	3312.55	-1344.04	-11.84	62.84	24.82
2024-09-05T08:09:24	-626.24	3314.52	-1352.50	-11.85	62.74	24.51
2024-09-05T08:09:26	-628.07	3316.48	-1360.97	-11.86	62.65	24.20
2024-09-05T08:09:28	-629.90	3318.43	-1369.43	-11.87	62.55	23.89
2024-09-05T08:09:30	-631.73	3320.38	-1377.89	-11.88	62.45	23.59
2024-09-05T08:09:32	-633.56	3322.32	-1386.35	-11.89	62.35	23.29
2024-09-05T08:09:34	-635.38	3324.26	-1394.80	-11.90	62.25	22.99
2024-09-05T08:09:36	-637.21	3326.19	-1403.25	-11.91	62.15	22.69
2024-09-05T08:09:38	-639.04	3328.11	-1411.70	-11.91	62.05	22.39
2024-09-05T08:09:40	-640.86	3330.03	-1420.15	-11.92	61.94	22.10
2024-09-05T08:09:42	-642.68	3331.94	-1428.59	-11.93	61.84	21.80
2024-09-05T08:09:44	-644.50	3333.85	-1437.04	-11.93	61.73	21.51
2024-09-05T08:09:46	-646.32	3335.75	-1445.47	-11.94	61.62	21.22
2024-09-05T08:09:48	-648.14	3337.64	-1453.91	-11.95	61.52	20.94
2024-09-05T08:09:50	-649.96	3339.53	-1462.35	-11.95	61.41	20.65
2024-09-05T08:09:52	-651.78	3341.41	-1470.78	-11.96	61.30	20.37
2024-09-05T08:09:54	-653.59	3343.29	-1479.21	-11.96	61.18	20.09
2024-09-05T08:09:56	-655.41	3345.16	-1487.63	-11.97	61.07	19.81
2024-09-05T08:09:58	-657.22	3347.03	-1496.06	-11.97	60.96	19.54
2024-09-05T08:10:00	-659.03	3348.89	-1504.48	-11.97	60.84	19.26
2024-09-05T08:10:02	-660.84	3350.74	-1512.90	-11.98	60.73	18.99
2024-09-05T08:10:04	-662.66	3352.59	-1521.31	-11.98	60.61	18.72
2024-09-05T08:10:06	-664.46	3354.44	-1529.73	-11.98	60.49	18.45
2024-09-05T08:10:08	-666.27	3356.27	-1538.14	-11.99	60.38	18.18
2024-09-05T08:10:10	-668.08	3358.11	-1546.55	-11.99	60.26	17.92
2024-09-05T08:10:12	-669.88	3359.93	-1554.95	-11.99	60.14	17.65
2024-09-05T08:10:14	-671.69	3361.75	-1563.36	-11.99	60.02	17.39
2024-09-05T08:10:16	-673.49	3363.57	-1571.76	-11.99	59.89	17.13
2024-09-05T08:10:18	-675.29	3365.38	-1580.16	-11.99	59.77	16.88
2024-09-05T08:10:20	-677.10	3367.18	-1588.55	-11.99	59.65	16.62
2024-09-05T08:10:22	-678.90	3368.98	-1596.95	-12.00	59.52	16.37
2024-09-05T08:10:24	-680.69	3370.77	-1605.34	-12.00	59.40	16.12
2024-09-05T08:10:26	-682.49	3372.56	-1613.72	-12.00	59.27	15.87
2024-09-05T08:10:28	-684.29	3374.35	-1622.11	-11.99	59.15	15.62
2024-09-05T08:10:30	-686.08	3376.12	-1630.49	-11.99	59.02	15.37
2024-09-05T08:10:32	-687.88	3377.89	-1638.87	-11.99	58.89	15.13
2024-09-05T08:10:34	-689.67	3379.66	-1647.25	-11.99	58.77	14.88
2024-09-05T08:10:36	-691.47	3381.42	-1655.63	-11.99	58.64	14.64
2024-09-05T08:10:38	-693.26	3383.18	-1664.00	-11.99	58.51	14.40
2024-09-05T08:10:40	-695.05	3384.93	-1672.37	-11.99	58.38	14.17
2024-09-05T08:10:42	-696.84	3386.68	-1680.74	-11.98	58.25	13.93
2024-09-05T08:10:44	-698.62	3388.42	-1689.10	-11.98	58.11	13.70
2024-09-05T08:10:46	-700.41	3390.15	-1697.46	-11.98	57.98	13.47
2024-09-05T08:10:48	-702.20	3391.88	-1705.82	-11.98	57.85	13.24
2024-09-05T08:10:50	-703.98	3393.60	-1714.18	-11.97	57.72	13.01
2024-09-05T08:10:52	-705.77	3395.32	-1722.53	-11.97	57.58	12.78
2024-09-05T08:10:54	-707.55	3397.04	-1730.88	-11.97	57.45	12.56
2024-09-05T08:10:56	-709.33	3398.75	-1739.23	-11.96	57.31	12.33
2024-09-05T08:10:58	-711.11	3400.45	-1747.58	-11.96	57.18	12.11
2024-09-05T08:11:00	-712.89	3402.15	-1755.92	-11.95	57.04	11.89
2024-09-05T08:11:02	-714.67	3403.84	-1764.26	-11.95	56.91	11.67
2024-09-05T08:11:04	-716.45	3405.53	-1772.60	-11.94	56.77	11.46
2024-09-05T08:11:06	-718.22	3407.22	-1780.94	-11.94	56.63	11.24
2024-09-05T08:11:08	-720.00	3408.89	-1789.27	-11.93	56.49	11.03
2024-09-05T08:11:10	-721.77	3410.57	-1797.60	-11.93	56.36	10.82
2024-09-05T08:11:12	-723.54	3412.24	-1805.93	-11.92	56.22	10.61
2024-09-05T08:11:14	-725.31	3413.90	-1814.25	-11.91	56.08	10.40
2024-09-05T08:11:16	-727.09	3415.56	-1822.58	-11.91	55.94	10.20
2024-09-05T08:11:18	-728.85	3417.22	-1830.90	-11.90	55.80	9.99
2024-09-05T08:11:20	-730.62	3418.86	-1839.22	-11.89	55.66	9.79
2024-09-05T08:11:22	-732.39	3420.51	-1847.53	-11.89	55.52	9.59
2024-09-05T08:11:24	-734.16	3422.15	-1855.84	-11.88	55.38	9.39
2024-09-05T08:11:26	-735.92	3423.78	-1864.15	-11.87	55.24	9.19
2024-09-05T08:11:28	-737.69	3425.41	-1872.46	-11.87	55.10	8.99
2024-09-05T08:11:30	-739.45	3427.04	-1880.76	-11.86	54.95	8.80
2024-09-05T08:11:32	-741.21	3428.66	-1889.07	-11.85	54.81	8.60
2024-09-05T08:11:34	-742.98	3430.27	-1897.36	-11.84	54.67	8.41
2024-09-05T08:11:36	-744.74	3431.88	-1905.66	-11.83	54.53	8.22
2024-09-05T08:11:38	-746.50	3433.49	-1913.96	-11.82	54.38	8.03
2024-09-05T08:11:40	-748.25	3435.09	-1922.25	-11.81	54.24	7.84
2024-09-05T08:11:42	-750.01	3436.68	-1930.53	-11.81	54.10	7.66
2024-09-05T08:11:44	-751.77	3438.28	-1938.82	-11.80	53.95	7.47
2024-09-05T08:11:46	-753.52	3439.86	-1947.10	-11.79	53.81	7.29
2024-09-05T08:11:48	-755.28	3441.45	-1955.38	-11.78	53.66	7.11
2024-09-05T08:11:50	-757.03	3443.02	-1963.66	-11.77	53.52	6.93
2024-09-05T08:11:52	-758.78	3444.60	-1971.94	-11.76	53.38	6.75
2024-09-05T08:11:54	-760.53	3446.17	-1980.21	-11.75	53.23	6.58
2024-09-05T08:11:56	-762.28	3447.73	-1988.48	-11.74	53.09	6.40
2024-09-05T08:11:58	-764.03	3449.29	-1996.75	-11.73	52.94	6.23
2024-09-05T08:12:00	-765.78	3450.84	-2005.01	-11.72	52.80	6.05
2024-09-05T08:12:02	-767.53	3452.40	-2013.28	-11.70	52.65	5.88
2024-09-05T08:12:04	-769.27	3453.94	-2021.54	-11.69	52.50	5.71
2024-09-05T08:12:06	-771.02	3455.48	-2029.79	-11.68	52.36	5.55
2024-09-05T08:12:08	-772.76	3457.02	-2038.05	-11.67	52.21	5.38
2024-09-05T08:12:10	-774.50	3458.55	-2046.30	-11.66	52.07	5.21
2024-09-05T08:12:12	-776.25	3460.08	-2054.55	-11.65	51.92	5.05
2024-09-05T08:12:14	-777.99	3461.60	-2062.79	-11.64	51.77	4.89
2024-09-05T08:12:16	-779.73	3463.12	-2071.04	-11.62	51.63	4.73
2024-09-05T08:12:18	-781.47	3464.64	-2079.28	-11.61	51.48	4.57
2024-09-05T08:12:20	-783.21	3466.15	-2087.52	-11.60	51.33	4.41
2024-09-05T08:12:22	-784.94	3467.65	-2095.75	-11.59	51.19	4.25
2024-09-05T08:12:24	-786.68	3469.16	-2103.99	-11.57	51.04	4.09
2024-09-05T08:12:26	-788.41	3470.65	-2112.22	-11.56	50.90	3.94
2024-09-05T08:12:28	-790.15	3472.15	-2120.44	-11.55	50.75	3.79
2024-09-05T08:12:30	-791.88	3473.64	-2128.67	-11.54	50.60	3.64
2024-09-05T08:12:32	-793.61	3475.12	-2136.89	-11.52	50.46	3.49
2024-09-05T08:12:34	-795.34	3476.60	-2145.11	-11.51	50.31	3.34
2024-09-05T08:12:36	-797.07	3478.08	-2153.33	-11.50	50.16	3.19
2024-09-05T08:12:38	-798.80	3479.55	-2161.54	-11.48	50.01	3.04
2024-09-05T08:12:40	-800.53	3481.02	-2169.76	-11.47	49.87	2.90
2024-09-05T08:12:42	-802.26	3482.48	-2177.97	-11.45	49.72	2.75
2024-09-05T08:12:44	-803.98	3483.94	-2186.17	-11.44	49.57	2.61
2024-09-05T08:12:46	-805.71	3485.39	-2194.38	-11.43	49.43	2.47
2024-09-05T08:12:48	-807.44	3486.84	-2202.58	-11.41	49.28	2.33
2024-09-05T08:12:50	-809.16	3488.29	-2210.78	-11.40	49.13	2.19
2024-09-05T08:12:52	-810.88	3489.73	-2218.98	-11.38	48.99	2.05
2024-09-05T08:12:54	-812.60	3491.17	-2227.17	-11.37	48.84	1.92
2024-09-05T08:12:56	-814.32	3492.61	-2235.36	-11.35	48.69	1.78
2024-09-05T08:12:58	-816.04	3494.04	-2243.55	-11.34	48.55	1.65
2024-09-05T08:13:00	-817.76	3495.46	-2251.74	-11.32	48.40	1.51
2024-09-05T08:13:02	-819.48	3496.89	-2259.92	-11.31	48.26	1.38
2024-09-05T08:13:04	-821.19	3498.31	-2268.10	-11.29	48.11	1.25
2024-09-05T08:13:06	-822.91	3499.72	-2276.28	-11.28	47.96	1.12
2024-09-05T08:13:08	-824.62	3501.13	-2284.45	-11.26	47.82	0.99
2024-09-05T08:13:10	-826.34	3502.54	-2292.63	-11.25	47.67	0.87
2024-09-05T08:13:12	-828.05	3503.94	-2300.80	-11.23	47.53	0.74
2024-09-05T08:13:14	-829.76	3505.34	-2308.97	-11.22	47.38	0.62
2024-09-05T08:13:16	-831.47	3506.73	-2317.13	-11.20	47.23	0.49
2024-09-05T08:13:18	-833.18	3508.12	-2325.30	-11.18	47.09	0.37
2024-09-05T08:13:20	-834.89	3509.51	-2333.45	-11.17	46.94	0.25
2024-09-05T08:13:22	-836.60	3510.89	-2341.61	-11.15	46.80	0.13
2024-09-05T08:13:24	-838.31	3512.27	-2349.77	-11.14	46.65	0.01
2024-09-05T08:13:26	-840.01	3513.64	-2357.92	-11.12	46.51	-0.11
2024-09-05T08:13:28	-841.72	3515.02	-2366.07	-11.10	46.36	-0.22
2024-09-05T08:13:30	-843.42	3516.38	-2374.22	-11.09	46.22	-0.34
2024-09-05T08:13:32	-845.13	3517.75	-2382.36	-11.07	46.07	-0.45
2024-09-05T08:13:34	-846.83	3519.11	-2390.50	-11.05	45.93	-0.57
2024-09-05T08:13:36	-848.53	3520.46	-2398.64	-11.04	45.78	-0.68
2024-09-05T08:13:38	-850.23	3521.82	-2406.78	-11.02	45.64	-0.79
2024-09-05T08:13:40	-851.93	3523.16	-2414.91	-11.00	45.50	-0.90
2024-09-05T08:13:42	-853.63	3524.51	-2423.04	-10.98	45.35	-1.01
2024-09-05T08:13:44	-855.33	3525.85	-2431.17	-10.97	45.21	-1.12
2024-09-05T08:13:46	-857.03	3527.19	-2439.30	-10.95	45.07	-1.23
2024-09-05T08:13:48	-858.72	3528.52	-2447.42	-10.93	44.92	-1.33
2024-09-05T08:13:50	-860.42	3529.85	-2455.55	-10.92	44.78	-1.44
2024-09-05T08:13:52	-862.11	3531.18	-2463.67	-10.90	44.64	-1.54
2024-09-05T08:13:54	-863.80	3532.50	-2471.78	-10.88	44.49	-1.65
2024-09-05T08:13:56	-865.50	3533.82	-2479.89	-10.86	44.35	-1.75
2024-09-05T08:13:58	-867.19	3535.13	-2488.01	-10.85	44.21	-1.85
2024-09-05T08:14:00	-868.88	3536.44	-2496.12	-10.83	44.07	-1.95
2024-09-05T08:14:02	-870.57	3537.75	-2504.22	-10.81	43.93	-2.05
2024-09-05T08:14:04	-872.26	3539.06	-2512.32	-10.79	43.79	-2.15
2024-09-05T08:14:06	-873.95	3540.36	-2520.42	-10.77	43.64	-2.25
2024-09-05T08:14:08	-875.63	3541.66	-2528.52	-10.76	43.50	-2.34
2024-09-05T08:14:10	-877.32	3542.95	-2536.62	-10.74	43.36	-2.44
2024-09-05T08:14:12	-879.01	3544.24	-2544.71	-10.72	43.22	-2.53
2024-09-05T08:14:14	-880.69	3545.52	-2552.80	-10.70	43.08	-2.63
2024-09-05T08:14:16	-882.37	3546.81	-2560.89	-10.68	42.94	-2.72
2024-09-05T08:14:18	-884.06	3548.09	-2568.98	-10.66	42.80	-2.81
2024-09-05T08:14:20	-885.74	3549.36	-2577.06	-10.65	42.66	-2.90
2024-09-05T08:14:22	-887.42	3550.63	-2585.14	-10.63	42.52	-2.99
2024-09-05T08:14:24	-889.10	3551.90	-2593.22	-10.61	42.38	-3.08
2024-09-05T08:14:26	-890.78	3553.17	-2601.30	-10.59	42.24	-3.17
2024-09-05T08:14:28	-892.46	3554.43	-2609.37	-10.57	42.11	-3.26
2024-09-05T08:14:30	-894.13	3555.69	-2617.44	-10.55	41.97	-3.34
2024-09-05T08:14:32	-895.81	3556.95	-2625.51	-10.53	41.83	-3.43
2024-09-05T08:14:34	-897.49	3558.20	-2633.57	-10.52	41.69	-3.51
2024-09-05T08:14:36	-899.16	3559.45	-2641.63	-10.50	41.55	-3.60
2024-09-05T08:14:38	-900.84	3560.69	-2649.70	-10.48	41.42	-3.68
2024-09-05T08:14:40	-902.51	3561.93	-2657.75	-10.46	41.28	-3.76
2024-09-05T08:14:42	-904.18	3563.17	-2665.81	-10.44	41.14	-3.84
2024-09-05T08:14:44	-905.85	3564.41	-2673.86	-10.42	41.01	-3.92
2024-09-05T08:14:46	-907.52	3565.64	-2681.91	-10.40	40.87	-4.00
2024-09-05T08:14:48	-909.19	3566.87	-2689.96	-10.38	40.74	-4.08
2024-09-05T08:14:50	-910.86	3568.09	-2698.01	-10.36	40.60	-4.16
2024-09-05T08:14:52	-912.53	3569.31	-2706.05	-10.35	40.47	-4.24
2024-09-05T08:14:54	-914.19	3570.53	-2714.09	-10.33	40.33	-4.31
2024-09-05T08:14:56	-915.86	3571.75	-2722.12	-10.31	40.20	-4.39
2024-09-05T08:14:58	-917.53	3572.96	-2730.16	-10.29	40.06	-4.46
2024-09-05T08:15:00	-919.19	3574.17	-2738.19	-10.27	39.93	-4.54
2024-09-05T08:15:02	-920.86	3575.37	-2746.22	-10.25	39.79	-4.61
2024-09-05T08:15:04	-922.52	3576.57	-2754.25	-10.23	39.66	-4.68
2024-09-05T08:15:06	-924.18	3577.77	-2762.28	-10.21	39.53	-4.75
2024-09-05T08:15:08	-925.84	3578.97	-2770.30	-10.19	39.39	-4.83
2024-09-05T08:15:10	-927.50	3580.16	-2778.32	-10.17	39.26	-4.90
2024-09-05T08:15:12	-929.16	3581.35	-2786.34	-10.15	39.13	-4.96
2024-09-05T08:15:14	-930.82	3582.54	-2794.35	-10.13	39.00	-5.03
2024-09-05T08:15:16	-932.48	3583.72	-2802.37	-10.11	38.87	-5.10
2024-09-05T08:15:18	-934.14	3584.90	-2810.38	-10.09	38.73	-5.17
2024-09-05T08:15:20	-935.79	3586.08	-2818.39	-10.07	38.60	-5.24
2024-09-05T08:15:22	-937.45	3587.25	-2826.39	-10.05	38.47	-5.30
2024-09-05T08:15:24	-939.10	3588.42	-2834.40	-10.03	38.34	-5.37
2024-09-05T08:15:26	-940.76	3589.59	-2842.40	-10.01	38.21	-5.43
2024-09-05T08:15:28	-942.41	3590.76	-2850.40	-10.00	38.08	-5.49
2024-09-05T08:15:30	-944.06	3591.92	-2858.39	-9.98	37.95	-5.56
2024-09-05T08:15:32	-945.71	3593.07	-2866.39	-9.96	37.83	-5.62
2024-09-05T08:15:34	-947.36	3594.23	-2874.38	-9.94	37.70	-5.68
2024-09-05T08:15:36	-949.02	3595.38	-2882.36	-9.92	37.57	-5.74
2024-09-05T08:15:38	-950.66	3596.53	-2890.35	-9.90	37.44	-5.80
2024-09-05T08:15:40	-952.31	3597.68	-2898.33	-9.88	37.31	-5.86
2024-09-05T08:15:42	-953.96	3598.82	-2906.32	-9.86	37.19	-5.92
2024-09-05T08:15:44	-955.61	3599.96	-2914.29	-9.84	37.06	-5.98
2024-09-05T08:15:46	-957.25	3601.10	-2922.27	-9.82	36.93	-6.04
2024-09-05T08:15:48	-958.90	3602.23	-2930.24	-9.80	36.81	-6.09
2024-09-05T08:15:50	-960.54	3603.36	-2938.22	-9.78	36.68	-6.15
2024-09-05T08:15:52	-962.18	3604.49	-2946.19	-9.76	36.55	-6.20
2024-09-05T08:15:54	-963.83	3605.61	-2954.15	-9.74	36.43	-6.26
2024-09-05T08:15:56	-965.47	3606.74	-2962.12	-9.72	36.30	-6.31
2024-09-05T08:15:58	-967.11	3607.86	-2970.08	-9.70	36.18	-6.37
2024-09-05T08:16:00	-968.75	3608.97	-2978.04	-9.68	36.05	-6.42
2024-09-05T08:16:02	-970.39	3610.09	-2985.99	-9.66	35.93	-6.47
2024-09-05T08:16:04	-972.03	3611.20	-2993.95	-9.64	35.81	-6.53
2024-09-05T08:16:06	-973.66	3612.31	-3001.90	-9.62	35.68	-6.58
2024-09-05T08:16:08	-975.30	3613.41	-3009.85	-9.60	35.56	-6.63
2024-09-05T08:16:10	-976.94	3614.51	-3017.80	-9.58	35.44	-6.68
2024-09-05T08:16:12	-978.57	3615.61	-3025.74	-9.56	35.32	-6.73
2024-09-05T08:16:14	-980.21	3616.71	-3033.69	-9.54	35.19	-6.78
2024-09-05T08:16:16	-981.84	3617.80	-3041.63	-9.52	35.07	-6.82
2024-09-05T08:16:18	-983.48	3618.89	-3049.56	-9.50	34.95	-6.87
2024-09-05T08:16:20	-985.11	3619.98	-3057.50	-9.48	34.83	-6.92
2024-09-05T08:16:22	-986.74	3621.06	-3065.43	-9.46	34.71	-6.97
2024-09-05T08:16:24	-988.37	3622.15	-3073.36	-9.44	34.59	-7.01
2024-09-05T08:16:26	-990.00	3623.23	-3081.29	-9.42	34.47	-7.06
2024-09-05T08:16:28	-991.63	3624.31	-3089.22	-9.40	34.35	-7.10
2024-09-05T08:16:30	-993.26	3625.38	-3097.14	-9.38	34.23	-7.15
2024-09-05T08:16:32	-994.89	3626.45	-3105.06	-9.36	34.11	-7.19
2024-09-05T08:16:34	-996.51	3627.52	-3112.98	-9.34	34.00	-7.23
2024-09-05T08:16:36	-998.14	3628.58	-3120.90	-9.32	33.88	-7.28
2024-09-05T08:16:38	-999.77	3629.65	-3128.81	-9.30	33.76	-7.32
2024-09-05T08:16:40	-1001.39	3630.71	-3136.72	-9.28	33.64	-7.36
2024-09-05T08:16:42	-1003.01	3631.76	-3144.63	-9.26	33.53	-7.40
2024-09-05T08:16:44	-1004.64	3632.82	-3152.54	-9.24	33.41	-7.44
2024-09-05T08:16:46	-1006.26	3633.87	-3160.45	-9.22	33.29	-7.48
2024-09-05T08:16:48	-1007.88	3634.92	-3168.35	-9.20	33.18	-7.52
2024-09-05T08:16:50	-1009.50	3635.97	-3176.25	-9.18	33.06	-7.56
2024-09-05T08:16:52	-1011.12	3637.01	-3184.15	-9.16	32.95	-7.60
2024-09-05T08:16:54	-1012.74	3638.05	-3192.04	-9.14	32.83	-7.64
2024-09-05T08:16:56	-1014.36	3639.09	-3199.94	-9.12	32.72	-7.68
2024-09-05T08:16:58	-1015.98	3640.13	-3207.83	-9.10	32.60	-7.71
2024-09-05T08:17:00	-1017.60	3641.16	-3215.72	-9.08	32.49	-7.75
2024-09-05T08:17:02	-1019.21	3642.19	-3223.60	-9.06	32.38	-7.79
2024-09-05T08:17:04	-1020.83	3643.22	-3231.48	-9.04	32.26	-7.82
2024-09-05T08:17:06	-1022.44	3644.25	-3239.37	-9.02	32.15	-7.86
2024-09-05T08:17:08	-1024.06	3645.27	-3247.25	-9.00	32.04	-7.89
2024-09-05T08:17:10	-1025.67	3646.29	-3255.12	-8.98	31.93	-7.93
2024-09-05T08:17:12	-1027.28	3647.31	-3263.00	-8.96	31.82	-7.96
2024-09-05T08:17:14	-1028.90	3648.32	-3270.87	-8.94	31.70	-7.99
2024-09-05T08:17:16	-1030.51	3649.34	-3278.74	-8.92	31.59	-8.03
2024-09-05T08:17:18	-1032.12	3650.35	-3286.61	-8.90	31.48	-8.06
2024-09-05T08:17:20	-1033.73	3651.36	-3294.47	-8.88	31.37	-8.09
2024-09-05T08:17:22	-1035.34	3652.36	-3302.34	-8.86	31.26	-8.12
2024-09-05T08:17:24	-1036.95	3653.36	-3310.20	-8.84	31.15	-8.16
2024-09-05T08:17:26	-1038.55	3654.36	-3318.06	-8.82	31.04	-8.19
2024-09-05T08:17:28	-1040.16	3655.36	-3325.91	-8.80	30.94	-8.22
2024-09-05T08:17:30	-1041.77	3656.36	-3333.77	-8.78	30.83	-8.25
2024-09-05T08:17:32	-1043.37	3657.35	-3341.62	-8.76	30.72	-8.28
2024-09-05T08:17:34	-1044.98	3658.34	-3349.47	-8.74	30.61	-8.31
2024-09-05T08:17:36	-1046.58	3659.33	-3357.32	-8.72	30.50	-8.33
2024-09-05T08:17:38	-1048.19	3660.31	-3365.16	-8.70	30.40	-8.36
2024-09-05T08:17:40	-1049.79	3661.30	-3373.00	-8.69	30.29	-8.39
2024-09-05T08:17:42	-1051.39	3662.28	-3380.84	-8.67	30.19	-8.42
2024-09-05T08:17:44	-1052.99	3663.25	-3388.68	-8.65	30.08	-8.44
2024-09-05T08:17:46	-1054.59	3664.23	-3396.52	-8.63	29.97	-8.47
2024-09-05T08:17:48	-1056.19	3665.20	-3404.35	-8.61	29.87	-8.50
2024-09-05T08:17:50	-1057.79	3666.17	-3412.18	-8.59	29.76	-8.52
2024-09-05T08:17:52	-1059.39	3667.14	-3420.01	-8.57	29.66	-8.55
2024-09-05T08:17:54	-1060.99	3668.11	-3427.84	-8.55	29.56	-8.57
2024-09-05T08:17:56	-1062.59	3669.07	-3435.66	-8.53	29.45	-8.60
2024-09-05T08:17:58	-1064.18	3670.03	-3443.49	-8.51	29.35	-8.62
2024-09-05T08:18:00	-1065.78	3670.99	-3451.31	-8.49	29.24	-8.65
2024-09-05T08:18:02	-1067.37	3671.95	-3459.12	-8.47	29.14	-8.67
2024-09-05T08:18:04	-1068.97	3672.90	-3466.94	-8.45	29.04	-8.69
2024-09-05T08:18:06	-1070.56	3673.85	-3474.75	-8.43	28.94	-8.72
2024-09-05T08:18:08	-1072.16	3674.80	-3482.57	-8.41	28.84	-8.74
2024-09-05T08:18:10	-1073.75	3675.75	-3490.38	-8.39	28.73	-8.76
2024-09-05T08:18:12	-1075.34	3676.69	-3498.18	-8.37	28.63	-8.78
2024-09-05T08:18:14	-1076.93	3677.64	-3505.99	-8.36	28.53	-8.81
2024-09-05T08:18:16	-1078.52	3678.58	-3513.79	-8.34	28.43	-8.83
2024-09-05T08:18:18	-1080.11	3679.52	-3521.59	-8.32	28.33	-8.85
2024-09-05T08:18:20	-1081.70	3680.45	-3529.39	-8.30	28.23	-8.87
2024-09-05T08:18:22	-1083.29	3681.38	-3537.19	-8.28	28.13	-8.89
2024-09-05T08:18:24	-1084.88	3682.32	-3544.98	-8.26	28.04	-8.91
2024-09-05T08:18:26	-1086.46	3683.25	-3552.77	-8.24	27.94	-8.93
2024-09-05T08:18:28	-1088.05	3684.17	-3560.56	-8.22	27.84	-8.95
2024-09-05T08:18:30	-1089.63	3685.10	-3568.35	-8.20	27.74	-8.97
2024-09-05T08:18:32	-1091.22	3686.02	-3576.13	-8.18	27.64	-8.98
2024-09-05T08:18:34	-1092.80	3686.94	-3583.91	-8.16	27.55	-9.00
2024-09-05T08:18:36	-1094.39	3687.86	-3591.69	-8.15	27.45	-9.02
2024-09-05T08:18:38	-1095.97	3688.77	-3599.47	-8.13	27.35	-9.04
2024-09-05T08:18:40	-1097.55	3689.68	-3607.25	-8.11	27.26	-9.06
2024-09-05T08:18:42	-1099.13	3690.60	-3615.02	-8.09	27.16	-9.07
2024-09-05T08:18:44	-1100.71	3691.50	-3622.79	-8.07	27.07	-9.09
2024-09-05T08:18:46	-1102.29	3692.41	-3630.57	-8.05	26.97	-9.11
2024-09-05T08:18:48	-1103.87	3693.31	-3638.33	-8.03	26.88	-9.12
2024-09-05T08:18:50	-1105.45	3694.22	-3646.10	-8.01	26.78	-9.14
2024-09-05T08:18:52	-1107.03	3695.12	-3653.86	-8.00	26.69	-9.15
2024-09-05T08:18:54	-1108.61	3696.01	-3661.63	-7.98	26.59	-9.17
2024-09-05T08:18:56	-1110.19	3696.91	-3669.38	-7.96	26.50	-9.18
2024-09-05T08:18:58	-1111.76	3697.80	-3677.14	-7.94	26.41	-9.20
2024-09-05T08:19:00	-1113.34	3698.70	-3684.90	-7.92	26.31	-9.21
2024-09-05T08:19:02	-1114.91	3699.58	-3692.65	-7.90	26.22	-9.23
2024-09-05T08:19:04	-1116.49	3700.47	-3700.40	-7.88	26.13	-9.24
2024-09-05T08:19:06	-1118.06	3701.36	-3708.15	-7.87	26.04	-9.25
2024-09-05T08:19:08	-1119.63	3702.24	-3715.89	-7.85	25.95	-9.27
2024-09-05T08:19:10	-1121.21	3703.12	-3723.64	-7.83	25.85	-9.28
2024-09-05T08:19:12	-1122.78	3704.00	-3731.38	-7.81	25.76	-9.29
2024-09-05T08:19:14	-1124.35	3704.87	-3739.12	-7.79	25.67	-9.30
2024-09-05T08:19:16	-1125.92	3705.75	-3746.86	-7.77	25.58	-9.32
2024-09-05T08:19:18	-1127.49	3706.62	-3754.59	-7.75	25.49	-9.33
2024-09-05T08:19:20	-1129.06	3707.49	-3762.33	-7.74	25.40	-9.34
2024-09-05T08:19:22	-1130.63	3708.36	-3770.06	-7.72	25.31	-9.35
2024-09-05T08:19:24	-1132.20	3709.23	-3777.79	-7.70	25.23	-9.36
2024-09-05T08:19:26	-1133.76	3710.09	-3785.51	-7.68	25.14	-9.37
2024-09-05T08:19:28	-1135.33	3710.95	-3793.24	-7.66	25.05	-9.38
2024-09-05T08:19:30	-1136.90	3711.81	-3800.96	-7.65	24.96	-9.39
2024-09-05T08:19:32	-1138.46	3712.67	-3808.68	-7.63	24.87	-9.40
