Time	POS_X	POS_Y	POS_Z	B_X	B_Y	B_Z
2024-09-05T07:38:06	1157.16	-1700.05	5030.58	-5.55	-8.19	-15.03
2024-09-05T07:38:08	1155.60	-1693.56	5026.31	-6.21	-7.72	-15.14
2024-09-05T07:38:10	1154.04	-1687.07	5022.03	-6.92	-7.25	-15.30
2024-09-05T07:38:12	1152.48	-1680.57	5017.75	-7.62	-6.81	-15.52
2024-09-05T07:38:14	1150.92	-1674.08	5013.47	-8.30	-6.38	-15.80
2024-09-05T07:38:16	1149.36	-1667.59	5009.18	-8.98	-5.96	-16.12
2024-09-05T07:38:18	1147.80	-1661.09	5004.90	-9.66	-5.57	-16.48
2024-09-05T07:38:20	1146.24	-1654.60	5000.60	-10.44	-5.41	-16.79
2024-09-05T07:38:22	1144.68	-1648.10	4996.31	-11.23	-5.27	-17.06
2024-09-05T07:38:24	1143.11	-1641.60	4992.01	-12.02	-5.14	-17.29
2024-09-05T07:38:26	1141.55	-1635.10	4987.71	-12.82	-5.02	-17.49
2024-09-05T07:38:28	1139.99	-1628.60	4983.41	-13.62	-4.90	-17.66
2024-09-05T07:38:30	1138.42	-1622.10	4979.11	-14.42	-4.78	-17.81
2024-09-05T07:38:32	1136.86	-1615.60	4974.80	-15.23	-4.65	-17.92
2024-09-05T07:38:34	1135.29	-1609.09	4970.48	-16.06	-4.50	-18.01
2024-09-05T07:38:36	1133.72	-1602.59	4966.17	-17.01	-4.30	-18.12
2024-09-05T07:38:38	1132.16	-1596.08	4961.85	-18.17	-4.05	-18.29
2024-09-05T07:38:40	1130.59	-1589.58	4957.54	-19.34	-3.81	-18.50
2024-09-05T07:38:42	1129.02	-1583.07	4953.21	-20.54	-3.57	-18.74
2024-09-05T07:38:44	1127.45	-1576.56	4948.89	-21.74	-3.35	-19.02
2024-09-05T07:38:46	1125.88	-1570.06	4944.56	-22.96	-3.13	-19.32
2024-09-05T07:38:48	1124.31	-1563.55	4940.23	-24.20	-2.91	-19.64
2024-09-05T07:38:50	1122.74	-1557.04	4935.89	-25.44	-2.71	-19.99
2024-09-05T07:38:52	1121.17	-1550.52	4931.56	-26.70	-2.51	-20.36
2024-09-05T07:38:54	1119.59	-1544.01	4927.22	-27.95	-2.35	-20.78
2024-09-05T07:38:56	1118.02	-1537.50	4922.87	-29.23	-2.23	-21.26
2024-09-05T07:38:58	1116.45	-1530.99	4918.53	-30.59	-2.12	-21.73
2024-09-05T07:39:00	1114.87	-1524.47	4914.18	-31.98	-2.07	-22.22
2024-09-05T07:39:02	1113.30	-1517.96	4909.83	-33.15	-2.12	-22.81
2024-09-05T07:39:04	1111.72	-1511.44	4905.47	-34.29	-2.09	-23.39
2024-09-05T07:39:06	1110.15	-1504.92	4901.11	-35.38	-1.98	-23.97
2024-09-05T07:39:08	1108.57	-1498.40	4896.75	-36.43	-1.79	-24.54
2024-09-05T07:39:10	1106.99	-1491.88	4892.39	-37.43	-1.50	-25.10
2024-09-05T07:39:12	1105.42	-1485.36	4888.02	-37.92	-1.02	-25.77
2024-09-05T07:39:14	1103.83	-1478.84	4883.65	-38.28	-0.43	-26.49
2024-09-05T07:39:16	1102.26	-1472.32	4879.28	-38.70	0.26	-27.20
2024-09-05T07:39:18	1100.68	-1465.79	4874.90	-39.20	1.02	-27.87
2024-09-05T07:39:20	1099.10	-1459.27	4870.52	-39.84	1.80	-28.49
2024-09-05T07:39:22	1097.51	-1452.74	4866.14	-40.62	2.61	-29.06
2024-09-05T07:39:24	1095.93	-1446.22	4861.76	-41.53	3.45	-29.58
2024-09-05T07:39:26	1094.35	-1439.69	4857.37	-42.56	4.31	-30.05
2024-09-05T07:39:28	1092.77	-1433.16	4852.98	-43.64	5.18	-30.43
2024-09-05T07:39:30	1091.18	-1426.63	4848.58	-44.58	5.26	-30.50
2024-09-05T07:39:32	1089.60	-1420.10	4844.19	-45.55	5.32	-30.60
2024-09-05T07:39:34	1088.01	-1413.57	4839.78	-46.57	5.42	-30.75
2024-09-05T07:39:36	1086.42	-1407.04	4835.38	-47.63	5.57	-30.96
2024-09-05T07:39:38	1084.84	-1400.51	4830.97	-48.73	5.78	-31.23
2024-09-05T07:39:40	1083.25	-1393.97	4826.56	-49.86	6.05	-31.54
2024-09-05T07:39:42	1081.66	-1387.44	4822.15	-51.01	6.39	-31.91
2024-09-05T07:39:44	1080.07	-1380.91	4817.73	-52.18	6.81	-32.32
2024-09-05T07:39:46	1078.48	-1374.37	4813.31	-53.23	7.25	-32.73
2024-09-05T07:39:48	1076.89	-1367.83	4808.89	-53.54	7.44	-32.80
2024-09-05T07:39:50	1075.30	-1361.29	4804.47	-53.81	7.56	-32.83
2024-09-05T07:39:52	1073.71	-1354.75	4800.04	-54.03	7.60	-32.86
2024-09-05T07:39:54	1072.12	-1348.21	4795.61	-54.23	7.65	-33.18
2024-09-05T07:39:56	1070.53	-1341.67	4791.17	-54.47	7.84	-33.43
2024-09-05T07:39:58	1068.93	-1335.13	4786.73	-54.73	8.17	-33.63
2024-09-05T07:40:00	1067.34	-1328.59	4782.29	-55.02	8.65	-33.78
2024-09-05T07:40:02	1065.75	-1322.05	4777.85	-55.34	9.30	-33.88
2024-09-05T07:40:04	1064.15	-1315.50	4773.40	-56.07	10.06	-34.05
2024-09-05T07:40:06	1062.55	-1308.96	4768.95	-57.42	10.80	-34.38
2024-09-05T07:40:08	1060.96	-1302.41	4764.49	-58.86	11.52	-34.67
2024-09-05T07:40:10	1059.36	-1295.86	4760.03	-60.38	12.21	-34.94
2024-09-05T07:40:12	1057.76	-1289.32	4755.57	-62.01	12.88	-35.20
2024-09-05T07:40:14	1056.16	-1282.77	4751.11	-63.74	13.51	-35.47
2024-09-05T07:40:16	1054.56	-1276.22	4746.64	-65.60	14.11	-35.76
2024-09-05T07:40:18	1052.96	-1269.67	4742.17	-67.42	14.47	-36.07
2024-09-05T07:40:20	1051.36	-1263.11	4737.70	-68.90	14.34	-36.42
2024-09-05T07:40:22	1049.76	-1256.56	4733.22	-69.41	14.20	-36.81
2024-09-05T07:40:24	1048.16	-1250.01	4728.74	-69.48	14.18	-37.23
2024-09-05T07:40:26	1046.55	-1243.46	4724.25	-69.51	14.28	-37.69
2024-09-05T07:40:28	1044.95	-1236.90	4719.77	-69.50	14.46	-38.28
2024-09-05T07:40:30	1043.34	-1230.34	4715.28	-69.49	14.73	-38.98
2024-09-05T07:40:32	1041.74	-1223.79	4710.78	-69.49	15.11	-39.72
2024-09-05T07:40:34	1040.13	-1217.23	4706.28	-69.50	15.61	-40.52
2024-09-05T07:40:36	1038.52	-1210.67	4701.78	-69.52	16.21	-41.36
2024-09-05T07:40:38	1036.92	-1204.11	4697.28	-69.55	16.90	-42.23
2024-09-05T07:40:40	1035.31	-1197.55	4692.77	-70.22	16.97	-43.39
2024-09-05T07:40:42	1033.70	-1190.99	4688.26	-70.99	16.94	-44.54
2024-09-05T07:40:44	1032.09	-1184.43	4683.75	-71.94	16.58	-45.46
2024-09-05T07:40:46	1030.48	-1177.86	4679.23	-72.92	16.04	-46.26
2024-09-05T07:40:48	1028.87	-1171.30	4674.71	-73.85	15.54	-47.08
2024-09-05T07:40:50	1027.26	-1164.73	4670.18	-74.74	15.09	-47.92
2024-09-05T07:40:52	1025.64	-1158.17	4665.65	-75.59	14.68	-48.78
2024-09-05T07:40:54	1024.03	-1151.60	4661.12	-76.39	14.33	-49.66
2024-09-05T07:40:56	1022.42	-1145.04	4656.58	-77.13	14.09	-50.42
2024-09-05T07:40:58	1020.80	-1138.47	4652.05	-77.79	14.09	-50.74
2024-09-05T07:41:00	1019.19	-1131.90	4647.50	-78.43	14.15	-51.07
2024-09-05T07:41:02	1017.57	-1125.33	4642.96	-79.06	14.28	-51.42
2024-09-05T07:41:04	1015.96	-1118.76	4638.41	-79.66	14.47	-51.81
2024-09-05T07:41:06	1014.34	-1112.19	4633.86	-80.25	14.73	-52.26
2024-09-05T07:41:08	1012.72	-1105.61	4629.30	-80.82	15.06	-52.76
2024-09-05T07:41:10	1011.10	-1099.04	4624.74	-81.70	15.20	-52.97
2024-09-05T07:41:12	1009.48	-1092.47	4620.18	-82.63	15.28	-53.21
2024-09-05T07:41:14	1007.86	-1085.89	4615.61	-83.72	15.06	-53.53
2024-09-05T07:41:16	1006.24	-1079.31	4611.04	-84.86	14.60	-53.94
2024-09-05T07:41:18	1004.61	-1072.74	4606.46	-85.90	14.12	-54.42
2024-09-05T07:41:20	1002.99	-1066.16	4601.89	-86.81	13.65	-54.94
2024-09-05T07:41:22	1001.37	-1059.58	4597.31	-87.59	13.17	-55.53
2024-09-05T07:41:24	999.74	-1053.00	4592.72	-88.22	12.70	-56.16
2024-09-05T07:41:26	998.12	-1046.42	4588.13	-88.69	12.24	-56.84
2024-09-05T07:41:28	996.49	-1039.84	4583.54	-88.98	11.80	-57.58
2024-09-05T07:41:30	994.87	-1033.26	4578.95	-89.08	11.39	-58.36
2024-09-05T07:41:32	993.24	-1026.68	4574.35	-89.47	11.59	-58.92
2024-09-05T07:41:34	991.61	-1020.09	4569.74	-89.98	12.06	-59.30
2024-09-05T07:41:36	989.98	-1013.51	4565.14	-90.50	12.60	-59.59
2024-09-05T07:41:38	988.35	-1006.92	4560.53	-90.98	13.10	-59.87
2024-09-05T07:41:40	986.72	-1000.34	4555.91	-91.46	13.58	-60.16
2024-09-05T07:41:42	985.09	-993.75	4551.29	-91.93	13.96	-60.49
2024-09-05T07:41:44	983.46	-987.16	4546.67	-92.36	14.26	-60.86
2024-09-05T07:41:46	981.82	-980.57	4542.05	-92.76	14.47	-61.28
2024-09-05T07:41:48	980.19	-973.99	4537.42	-93.12	14.58	-61.70
2024-09-05T07:41:50	978.56	-967.40	4532.78	-93.47	14.51	-62.06
2024-09-05T07:41:52	976.92	-960.81	4528.15	-93.80	14.47	-62.49
2024-09-05T07:41:54	975.29	-954.21	4523.51	-94.11	14.45	-62.98
2024-09-05T07:41:56	973.65	-947.62	4518.86	-94.39	14.46	-63.54
2024-09-05T07:41:58	972.01	-941.03	4514.21	-94.65	14.48	-64.12
2024-09-05T07:42:00	970.37	-934.43	4509.56	-94.93	14.44	-64.46
2024-09-05T07:42:02	968.73	-927.84	4504.91	-95.20	14.45	-64.78
2024-09-05T07:42:04	967.09	-921.24	4500.25	-95.46	14.51	-65.08
2024-09-05T07:42:06	965.45	-914.65	4495.59	-95.70	14.50	-65.30
2024-09-05T07:42:08	963.81	-908.05	4490.92	-95.90	14.40	-65.48
2024-09-05T07:42:10	962.17	-901.45	4486.25	-96.06	14.30	-65.67
2024-09-05T07:42:12	960.53	-894.85	4481.57	-96.17	14.21	-65.87
2024-09-05T07:42:14	958.88	-888.25	4476.89	-96.23	14.12	-66.08
2024-09-05T07:42:16	957.24	-881.65	4472.21	-96.24	14.02	-66.28
2024-09-05T07:42:18	955.59	-875.05	4467.53	-96.20	13.92	-66.49
2024-09-05T07:42:20	953.95	-868.45	4462.84	-96.09	13.80	-66.69
2024-09-05T07:42:22	952.30	-861.85	4458.14	-95.92	13.67	-66.88
2024-09-05T07:42:24	950.65	-855.24	4453.44	-96.31	13.79	-67.20
2024-09-05T07:42:26	949.00	-848.64	4448.74	-96.80	13.92	-67.55
2024-09-05T07:42:28	947.35	-842.03	4444.04	-97.27	13.98	-67.90
2024-09-05T07:42:30	945.70	-835.43	4439.32	-97.74	13.98	-68.26
2024-09-05T07:42:32	944.05	-828.82	4434.61	-98.20	13.90	-68.62
2024-09-05T07:42:34	942.40	-822.21	4429.89	-98.65	13.75	-68.98
2024-09-05T07:42:36	940.75	-815.61	4425.17	-99.10	13.52	-69.36
2024-09-05T07:42:38	939.10	-809.00	4420.44	-99.55	13.19	-69.73
2024-09-05T07:42:40	937.44	-802.39	4415.71	-99.96	12.83	-70.13
2024-09-05T07:42:42	935.78	-795.78	4410.98	-100.17	12.79	-70.55
2024-09-05T07:42:44	934.13	-789.17	4406.24	-100.35	12.85	-71.00
2024-09-05T07:42:46	932.47	-782.55	4401.50	-100.49	13.02	-71.48
2024-09-05T07:42:48	930.81	-775.94	4396.75	-100.63	13.47	-72.01
2024-09-05T07:42:50	929.15	-769.33	4392.00	-100.82	13.92	-72.53
2024-09-05T07:42:52	927.50	-762.71	4387.25	-101.07	14.28	-73.05
2024-09-05T07:42:54	925.84	-756.10	4382.49	-101.39	14.54	-73.55
2024-09-05T07:42:56	924.17	-749.49	4377.73	-101.77	14.70	-74.05
2024-09-05T07:42:58	922.51	-742.87	4372.96	-102.11	14.66	-74.44
2024-09-05T07:43:00	920.85	-736.25	4368.19	-102.38	14.50	-74.77
2024-09-05T07:43:02	919.19	-729.64	4363.41	-102.62	14.36	-75.11
2024-09-05T07:43:04	917.52	-723.02	4358.64	-102.83	14.25	-75.46
2024-09-05T07:43:06	915.86	-716.40	4353.85	-103.00	14.16	-75.82
2024-09-05T07:43:08	914.19	-709.78	4349.06	-103.14	14.09	-76.18
2024-09-05T07:43:10	912.52	-703.16	4344.27	-103.24	14.05	-76.54
2024-09-05T07:43:12	910.86	-696.54	4339.48	-103.25	14.02	-76.90
2024-09-05T07:43:14	909.19	-689.91	4334.67	-103.30	13.98	-77.26
2024-09-05T07:43:16	907.52	-683.29	4329.87	-103.50	13.82	-77.71
2024-09-05T07:43:18	905.85	-676.67	4325.06	-103.74	13.64	-78.18
2024-09-05T07:43:20	904.18	-670.05	4320.25	-104.01	13.48	-78.67
2024-09-05T07:43:22	902.50	-663.42	4315.43	-104.30	13.32	-79.17
2024-09-05T07:43:24	900.83	-656.80	4310.61	-104.62	13.17	-79.68
2024-09-05T07:43:26	899.16	-650.17	4305.79	-104.97	13.03	-80.19
2024-09-05T07:43:28	897.48	-643.55	4300.95	-105.34	12.90	-80.70
2024-09-05T07:43:30	895.81	-636.92	4296.12	-105.73	12.78	-81.21
2024-09-05T07:43:32	894.13	-630.29	4291.28	-106.11	12.67	-81.63
2024-09-05T07:43:34	892.45	-623.66	4286.44	-106.33	12.55	-81.83
2024-09-05T07:43:36	890.78	-617.03	4281.59	-106.41	12.48	-81.99
2024-09-05T07:43:38	889.10	-610.40	4276.74	-106.50	12.41	-82.19
2024-09-05T07:43:40	887.42	-603.77	4271.88	-106.61	12.34	-82.44
2024-09-05T07:43:42	885.73	-597.14	4267.02	-106.73	12.29	-82.73
2024-09-05T07:43:44	884.05	-590.51	4262.16	-106.86	12.23	-83.07
2024-09-05T07:43:46	882.37	-583.88	4257.29	-107.01	12.18	-83.45
2024-09-05T07:43:48	880.69	-577.25	4252.41	-107.17	12.14	-83.89
2024-09-05T07:43:50	879.00	-570.61	4247.53	-107.34	12.11	-84.39
2024-09-05T07:43:52	877.32	-563.98	4242.65	-107.52	12.05	-84.92
2024-09-05T07:43:54	875.63	-557.34	4237.76	-107.69	11.95	-85.47
2024-09-05T07:43:56	873.94	-550.71	4232.87	-107.83	11.81	-86.03
2024-09-05T07:43:58	872.26	-544.07	4227.97	-107.90	11.60	-86.57
2024-09-05T07:44:00	870.57	-537.44	4223.07	-107.90	11.38	-86.99
2024-09-05T07:44:02	868.88	-530.80	4218.17	-107.91	11.19	-87.39
2024-09-05T07:44:04	867.19	-524.16	4213.26	-107.95	11.01	-87.76
2024-09-05T07:44:06	865.49	-517.52	4208.34	-108.00	10.85	-88.12
2024-09-05T07:44:08	863.80	-510.88	4203.42	-108.10	10.80	-88.54
2024-09-05T07:44:10	862.11	-504.25	4198.50	-108.23	10.74	-88.97
2024-09-05T07:44:12	860.41	-497.61	4193.57	-108.39	10.66	-89.40
2024-09-05T07:44:14	858.72	-490.96	4188.64	-108.57	10.58	-89.83
2024-09-05T07:44:16	857.02	-484.32	4183.70	-108.76	10.47	-90.26
2024-09-05T07:44:18	855.33	-477.68	4178.76	-108.98	10.35	-90.70
2024-09-05T07:44:20	853.63	-471.04	4173.81	-109.20	10.21	-91.12
2024-09-05T07:44:22	851.93	-464.40	4168.86	-109.45	10.08	-91.59
2024-09-05T07:44:24	850.23	-457.76	4163.90	-109.70	9.94	-92.08
2024-09-05T07:44:26	848.53	-451.11	4158.94	-109.92	9.76	-92.56
2024-09-05T07:44:28	846.83	-444.47	4153.97	-110.13	9.58	-93.06
2024-09-05T07:44:30	845.13	-437.82	4149.00	-110.34	9.39	-93.58
2024-09-05T07:44:32	843.42	-431.18	4144.03	-110.56	9.20	-94.11
2024-09-05T07:44:34	841.72	-424.53	4139.05	-110.78	9.01	-94.67
2024-09-05T07:44:36	840.01	-417.89	4134.06	-111.01	8.81	-95.24
2024-09-05T07:44:38	838.31	-411.24	4129.08	-111.25	8.60	-95.83
2024-09-05T07:44:40	836.60	-404.59	4124.08	-111.52	8.38	-96.44
2024-09-05T07:44:42	834.89	-397.94	4119.08	-111.75	8.26	-96.92
2024-09-05T07:44:44	833.18	-391.30	4114.08	-111.95	8.17	-97.36
2024-09-05T07:44:46	831.47	-384.65	4109.07	-112.11	8.05	-97.76
2024-09-05T07:44:48	829.76	-378.00	4104.05	-112.26	7.93	-98.17
2024-09-05T07:44:50	828.05	-371.35	4099.03	-112.42	7.82	-98.58
2024-09-05T07:44:52	826.33	-364.70	4094.01	-112.57	7.71	-99.00
2024-09-05T07:44:54	824.62	-358.05	4088.98	-112.72	7.61	-99.42
2024-09-05T07:44:56	822.90	-351.40	4083.95	-112.86	7.51	-99.84
2024-09-05T07:44:58	821.19	-344.75	4078.91	-113.04	7.39	-100.26
2024-09-05T07:45:00	819.47	-338.10	4073.87	-113.30	7.17	-100.66
2024-09-05T07:45:02	817.76	-331.44	4068.82	-113.56	6.96	-101.05
2024-09-05T07:45:04	816.04	-324.79	4063.77	-113.81	6.73	-101.43
2024-09-05T07:45:06	814.32	-318.14	4058.71	-114.06	6.50	-101.80
2024-09-05T07:45:08	812.60	-311.49	4053.65	-114.33	6.23	-102.24
2024-09-05T07:45:10	810.87	-304.83	4048.58	-114.58	5.94	-102.73
2024-09-05T07:45:12	809.15	-298.18	4043.51	-114.80	5.66	-103.23
2024-09-05T07:45:14	807.43	-291.52	4038.43	-115.00	5.39	-103.75
2024-09-05T07:45:16	805.70	-284.87	4033.34	-115.12	5.13	-104.28
2024-09-05T07:45:18	803.98	-278.21	4028.26	-115.20	4.87	-104.80
2024-09-05T07:45:20	802.25	-271.56	4023.16	-115.31	4.61	-105.31
2024-09-05T07:45:22	800.52	-264.90	4018.07	-115.44	4.35	-105.80
2024-09-05T07:45:24	798.80	-258.24	4012.96	-115.60	4.09	-106.29
2024-09-05T07:45:26	797.07	-251.59	4007.85	-115.77	3.83	-106.77
2024-09-05T07:45:28	795.34	-244.93	4002.74	-115.97	3.57	-107.25
2024-09-05T07:45:30	793.60	-238.27	3997.62	-116.17	3.33	-107.72
2024-09-05T07:45:32	791.87	-231.62	3992.49	-116.33	3.10	-108.17
2024-09-05T07:45:34	790.14	-224.96	3987.37	-116.45	2.88	-108.64
2024-09-05T07:45:36	788.40	-218.30	3982.23	-116.57	2.66	-109.13
2024-09-05T07:45:38	786.67	-211.64	3977.09	-116.68	2.42	-109.64
2024-09-05T07:45:40	784.93	-204.98	3971.95	-116.80	2.18	-110.16
2024-09-05T07:45:42	783.19	-198.32	3966.80	-116.91	1.92	-110.69
2024-09-05T07:45:44	781.45	-191.66	3961.64	-117.02	1.65	-111.24
2024-09-05T07:45:46	779.71	-185.01	3956.48	-117.13	1.36	-111.80
2024-09-05T07:45:48	777.97	-178.35	3951.31	-117.24	1.05	-112.36
2024-09-05T07:45:50	776.23	-171.69	3946.14	-117.36	0.73	-112.88
2024-09-05T07:45:52	774.49	-165.02	3940.97	-117.54	0.40	-113.35
2024-09-05T07:45:54	772.75	-158.37	3935.78	-117.72	0.10	-113.81
2024-09-05T07:45:56	771.00	-151.70	3930.60	-117.88	-0.19	-114.29
2024-09-05T07:45:58	769.26	-145.04	3925.40	-118.02	-0.47	-114.78
2024-09-05T07:46:00	767.51	-138.38	3920.20	-118.15	-0.74	-115.28
2024-09-05T07:46:02	765.76	-131.72	3915.00	-118.26	-0.99	-115.80
2024-09-05T07:46:04	764.01	-125.06	3909.79	-118.36	-1.24	-116.34
2024-09-05T07:46:06	762.26	-118.40	3904.58	-118.45	-1.46	-116.91
2024-09-05T07:46:08	760.51	-111.73	3899.36	-118.54	-1.72	-117.43
2024-09-05T07:46:10	758.76	-105.07	3894.13	-118.64	-1.98	-117.93
2024-09-05T07:46:12	757.01	-98.41	3888.90	-118.75	-2.27	-118.42
2024-09-05T07:46:14	755.26	-91.75	3883.67	-118.88	-2.61	-118.91
2024-09-05T07:46:16	753.50	-85.09	3878.42	-119.06	-2.97	-119.43
2024-09-05T07:46:18	751.74	-78.42	3873.18	-119.23	-3.34	-119.99
2024-09-05T07:46:20	749.99	-71.76	3867.92	-119.40	-3.71	-120.57
2024-09-05T07:46:22	748.23	-65.10	3862.66	-119.57	-4.08	-121.18
2024-09-05T07:46:24	746.47	-58.43	3857.40	-119.76	-4.45	-121.80
2024-09-05T07:46:26	744.71	-51.77	3852.13	-120.00	-4.79	-122.37
2024-09-05T07:46:28	742.95	-45.11	3846.85	-120.23	-5.15	-122.94
2024-09-05T07:46:30	741.19	-38.44	3841.57	-120.45	-5.51	-123.49
2024-09-05T07:46:32	739.42	-31.78	3836.29	-120.68	-5.87	-124.03
2024-09-05T07:46:34	737.66	-25.12	3830.99	-120.91	-6.23	-124.57
2024-09-05T07:46:36	735.89	-18.45	3825.70	-121.15	-6.61	-125.11
2024-09-05T07:46:38	734.13	-11.79	3820.39	-121.41	-7.00	-125.68
2024-09-05T07:46:40	732.36	-5.13	3815.08	-121.65	-7.40	-126.26
2024-09-05T07:46:42	730.59	1.54	3809.77	-121.90	-7.86	-126.86
2024-09-05T07:46:44	728.82	8.20	3804.45	-122.16	-8.35	-127.46
2024-09-05T07:46:46	727.05	14.86	3799.12	-122.41	-8.85	-128.06
2024-09-05T07:46:48	725.28	21.53	3793.79	-122.65	-9.36	-128.67
2024-09-05T07:46:50	723.50	28.19	3788.45	-122.88	-9.87	-129.27
2024-09-05T07:46:52	721.73	34.85	3783.10	-123.10	-10.39	-129.87
2024-09-05T07:46:54	719.96	41.52	3777.75	-123.31	-10.91	-130.48
2024-09-05T07:46:56	718.18	48.18	3772.40	-123.50	-11.45	-131.08
2024-09-05T07:46:58	716.40	54.84	3767.04	-123.68	-11.96	-131.66
2024-09-05T07:47:00	714.62	61.51	3761.67	-123.84	-12.40	-132.22
2024-09-05T07:47:02	712.85	68.17	3756.29	-123.99	-12.84	-132.77
2024-09-05T07:47:04	711.06	74.83	3750.92	-124.15	-13.27	-133.33
2024-09-05T07:47:06	709.28	81.50	3745.53	-124.30	-13.71	-133.89
2024-09-05T07:47:08	707.50	88.16	3740.14	-124.47	-14.13	-134.46
2024-09-05T07:47:10	705.72	94.82	3734.74	-124.63	-14.56	-135.03
2024-09-05T07:47:12	703.93	101.48	3729.34	-124.81	-14.99	-135.60
2024-09-05T07:47:14	702.14	108.15	3723.93	-124.99	-15.41	-136.19
2024-09-05T07:47:16	700.36	114.81	3718.51	-125.18	-15.91	-136.76
2024-09-05T07:47:18	698.57	121.47	3713.09	-125.38	-16.49	-137.32
2024-09-05T07:47:20	696.78	128.13	3707.67	-125.60	-17.08	-137.92
2024-09-05T07:47:22	694.99	134.79	3702.23	-125.80	-17.67	-138.52
2024-09-05T07:47:24	693.20	141.45	3696.79	-126.01	-18.24	-139.12
2024-09-05T07:47:26	691.41	148.12	3691.35	-126.20	-18.81	-139.73
2024-09-05T07:47:28	689.61	154.78	3685.89	-126.40	-19.37	-140.35
2024-09-05T07:47:30	687.82	161.44	3680.43	-126.60	-19.93	-140.98
2024-09-05T07:47:32	686.02	168.10	3674.97	-126.81	-20.48	-141.60
2024-09-05T07:47:34	684.22	174.76	3669.50	-126.97	-21.06	-142.16
2024-09-05T07:47:36	682.43	181.42	3664.02	-127.14	-21.65	-142.69
2024-09-05T07:47:38	680.63	188.08	3658.54	-127.34	-22.26	-143.21
2024-09-05T07:47:40	678.83	194.74	3653.05	-127.53	-22.88	-143.77
2024-09-05T07:47:42	677.02	201.40	3647.56	-127.72	-23.49	-144.35
2024-09-05T07:47:44	675.22	208.05	3642.06	-127.89	-24.09	-144.94
2024-09-05T07:47:46	673.42	214.71	3636.55	-128.05	-24.68	-145.54
2024-09-05T07:47:48	671.61	221.37	3631.03	-128.19	-25.26	-146.15
2024-09-05T07:47:50	669.81	228.03	3625.51	-128.31	-25.83	-146.78
2024-09-05T07:47:52	668.00	234.69	3619.99	-128.42	-26.38	-147.40
2024-09-05T07:47:54	666.19	241.34	3614.45	-128.52	-26.95	-148.01
2024-09-05T07:47:56	664.38	248.00	3608.92	-128.62	-27.52	-148.61
2024-09-05T07:47:58	662.57	254.66	3603.37	-128.71	-28.11	-149.20
2024-09-05T07:48:00	660.76	261.31	3597.82	-128.85	-28.73	-149.80
2024-09-05T07:48:02	658.95	267.97	3592.26	-129.05	-29.38	-150.41
2024-09-05T07:48:04	657.13	274.62	3586.69	-129.26	-30.05	-151.02
2024-09-05T07:48:06	655.32	281.27	3581.12	-129.48	-30.72	-151.62
2024-09-05T07:48:08	653.50	287.93	3575.54	-129.70	-31.38	-152.20
2024-09-05T07:48:10	651.68	294.58	3569.96	-129.91	-32.04	-152.78
2024-09-05T07:48:12	649.86	301.23	3564.37	-130.11	-32.71	-153.36
2024-09-05T07:48:14	648.04	307.88	3558.77	-130.30	-33.39	-153.94
2024-09-05T07:48:16	646.22	314.54	3553.17	-130.46	-34.09	-154.51
2024-09-05T07:48:18	644.40	321.19	3547.56	-130.60	-34.80	-155.08
2024-09-05T07:48:20	642.58	327.84	3541.94	-130.73	-35.52	-155.66
2024-09-05T07:48:22	640.75	334.49	3536.31	-130.90	-36.23	-156.31
2024-09-05T07:48:24	638.93	341.14	3530.68	-131.05	-36.94	-156.94
2024-09-05T07:48:26	637.10	347.78	3525.05	-131.13	-37.62	-157.51
2024-09-05T07:48:28	635.27	354.43	3519.40	-131.22	-38.32	-158.09
2024-09-05T07:48:30	633.44	361.08	3513.75	-131.32	-39.03	-158.69
2024-09-05T07:48:32	631.61	367.73	3508.09	-131.45	-39.77	-159.29
2024-09-05T07:48:34	629.78	374.37	3502.43	-131.58	-40.52	-159.91
2024-09-05T07:48:36	627.95	381.02	3496.76	-131.72	-41.28	-160.52
2024-09-05T07:48:38	626.11	387.66	3491.08	-131.87	-42.06	-161.13
2024-09-05T07:48:40	624.28	394.30	3485.40	-132.02	-42.84	-161.74
2024-09-05T07:48:42	622.44	400.95	3479.71	-132.17	-43.64	-162.32
2024-09-05T07:48:44	620.60	407.59	3474.01	-132.35	-44.44	-162.88
2024-09-05T07:48:46	618.76	414.23	3468.30	-132.52	-45.24	-163.45
2024-09-05T07:48:48	616.93	420.87	3462.59	-132.69	-46.06	-164.02
2024-09-05T07:48:50	615.08	427.51	3456.87	-132.86	-46.88	-164.59
2024-09-05T07:48:52	613.24	434.15	3451.15	-133.03	-47.71	-165.16
2024-09-05T07:48:54	611.40	440.79	3445.42	-133.20	-48.55	-165.72
2024-09-05T07:48:56	609.55	447.42	3439.68	-133.37	-49.40	-166.28
2024-09-05T07:48:58	607.71	454.06	3433.93	-133.54	-50.26	-166.82
2024-09-05T07:49:00	605.86	460.69	3428.18	-133.67	-51.08	-167.33
2024-09-05T07:49:02	604.01	467.33	3422.42	-133.85	-51.92	-167.95
2024-09-05T07:49:04	602.16	473.96	3416.65	-134.04	-52.77	-168.56
2024-09-05T07:49:06	600.31	480.59	3410.88	-134.22	-53.64	-169.16
2024-09-05T07:49:08	598.46	487.22	3405.10	-134.39	-54.52	-169.74
2024-09-05T07:49:10	596.61	493.86	3399.31	-134.56	-55.41	-170.31
2024-09-05T07:49:12	594.75	500.49	3393.51	-134.72	-56.32	-170.84
2024-09-05T07:49:14	592.90	507.11	3387.71	-134.87	-57.23	-171.36
2024-09-05T07:49:16	591.04	513.74	3381.90	-134.99	-58.16	-171.84
2024-09-05T07:49:18	589.18	520.37	3376.08	-135.08	-59.10	-172.32
2024-09-05T07:49:20	587.33	526.99	3370.26	-135.15	-60.06	-172.80
2024-09-05T07:49:22	585.46	533.62	3364.43	-135.28	-61.07	-173.37
2024-09-05T07:49:24	583.60	540.24	3358.59	-135.42	-62.09	-173.94
2024-09-05T07:49:26	581.74	546.86	3352.75	-135.57	-63.11	-174.52
2024-09-05T07:49:28	579.88	553.48	3346.89	-135.73	-64.14	-175.09
2024-09-05T07:49:30	578.01	560.10	3341.04	-135.89	-65.18	-175.66
2024-09-05T07:49:32	576.14	566.72	3335.17	-136.07	-66.23	-176.24
2024-09-05T07:49:34	574.28	573.33	3329.29	-136.23	-67.26	-176.79
2024-09-05T07:49:36	572.41	579.95	3323.41	-136.39	-68.27	-177.30
2024-09-05T07:49:38	570.54	586.56	3317.52	-136.54	-69.28	-177.79
2024-09-05T07:49:40	568.66	593.18	3311.63	-136.70	-70.30	-178.26
2024-09-05T07:49:42	566.79	599.79	3305.72	-136.85	-71.35	-178.76
2024-09-05T07:49:44	564.92	606.40	3299.81	-137.00	-72.40	-179.26
2024-09-05T07:49:46	563.04	613.01	3293.90	-137.15	-73.45	-179.77
2024-09-05T07:49:48	561.17	619.62	3287.97	-137.28	-74.51	-180.28
2024-09-05T07:49:50	559.29	626.22	3282.04	-137.41	-75.56	-180.80
2024-09-05T07:49:52	557.41	632.83	3276.10	-137.48	-76.65	-181.29
2024-09-05T07:49:54	555.53	639.43	3270.15	-137.55	-77.76	-181.77
2024-09-05T07:49:56	553.65	646.03	3264.19	-137.61	-78.89	-182.22
2024-09-05T07:49:58	551.77	652.63	3258.23	-137.66	-80.04	-182.64
2024-09-05T07:50:00	549.88	659.23	3252.26	-137.74	-81.24	-183.11
2024-09-05T07:50:02	548.00	665.83	3246.28	-137.84	-82.46	-183.59
2024-09-05T07:50:04	546.11	672.43	3240.30	-137.95	-83.69	-184.07
2024-09-05T07:50:06	544.22	679.02	3234.30	-138.06	-84.92	-184.55
2024-09-05T07:50:08	542.34	685.61	3228.30	-138.17	-86.11	-185.01
2024-09-05T07:50:10	540.45	692.21	3222.30	-138.26	-87.23	-185.45
2024-09-05T07:50:12	538.56	698.79	3216.28	-138.34	-88.37	-185.88
2024-09-05T07:50:14	536.66	705.38	3210.25	-138.39	-89.53	-186.31
2024-09-05T07:50:16	534.77	711.97	3204.23	-138.43	-90.69	-186.72
2024-09-05T07:50:18	532.87	718.55	3198.19	-138.46	-91.88	-187.13
2024-09-05T07:50:20	530.98	725.14	3192.14	-138.48	-93.14	-187.51
2024-09-05T07:50:22	529.08	731.72	3186.09	-138.48	-94.41	-187.87
2024-09-05T07:50:24	527.18	738.30	3180.02	-138.48	-95.69	-188.23
2024-09-05T07:50:26	525.28	744.88	3173.95	-138.49	-96.97	-188.61
2024-09-05T07:50:28	523.38	751.45	3167.88	-138.50	-98.24	-189.00
2024-09-05T07:50:30	521.48	758.03	3161.79	-138.53	-99.51	-189.38
2024-09-05T07:50:32	519.58	764.60	3155.70	-138.58	-100.78	-189.76
2024-09-05T07:50:34	517.67	771.17	3149.60	-138.63	-102.05	-190.14
2024-09-05T07:50:36	515.76	777.74	3143.49	-138.68	-103.32	-190.51
2024-09-05T07:50:38	513.86	784.30	3137.37	-138.70	-104.64	-190.91
2024-09-05T07:50:40	511.95	790.87	3131.25	-138.69	-105.97	-191.29
2024-09-05T07:50:42	510.04	797.43	3125.11	-138.67	-107.31	-191.66
2024-09-05T07:50:44	508.13	803.99	3118.97	-138.64	-108.64	-191.90
2024-09-05T07:50:46	506.21	810.55	3112.83	-138.63	-109.97	-192.13
2024-09-05T07:50:48	504.30	817.10	3106.67	-138.62	-111.31	-192.34
2024-09-05T07:50:50	502.38	823.66	3100.51	-138.63	-112.66	-192.54
2024-09-05T07:50:52	500.47	830.21	3094.33	-138.64	-114.02	-192.72
2024-09-05T07:50:54	498.55	836.76	3088.15	-138.66	-115.38	-192.88
2024-09-05T07:50:56	496.63	843.31	3081.97	-138.72	-116.77	-193.08
2024-09-05T07:50:58	494.71	849.85	3075.77	-138.81	-118.20	-193.32
2024-09-05T07:51:00	492.79	856.40	3069.56	-138.89	-119.62	-193.56
2024-09-05T07:51:02	490.87	862.94	3063.35	-138.93	-120.97	-193.82
2024-09-05T07:51:04	488.94	869.48	3057.13	-138.94	-122.32	-194.04
2024-09-05T07:51:06	487.02	876.01	3050.91	-138.93	-123.68	-194.24
2024-09-05T07:51:08	485.09	882.55	3044.67	-138.90	-125.05	-194.41
2024-09-05T07:51:10	483.17	889.08	3038.42	-138.86	-126.44	-194.55
2024-09-05T07:51:12	481.24	895.61	3032.17	-138.80	-127.85	-194.67
2024-09-05T07:51:14	479.31	902.14	3025.91	-138.75	-129.30	-194.81
2024-09-05T07:51:16	477.38	908.66	3019.64	-138.77	-130.77	-194.97
2024-09-05T07:51:18	475.44	915.18	3013.36	-138.82	-132.20	-195.10
2024-09-05T07:51:20	473.51	921.70	3007.08	-138.87	-133.62	-195.20
2024-09-05T07:51:22	471.57	928.22	3000.78	-138.92	-135.05	-195.26
2024-09-05T07:51:24	469.64	934.73	2994.48	-138.96	-136.50	-195.30
2024-09-05T07:51:26	467.70	941.25	2988.17	-139.00	-137.96	-195.31
2024-09-05T07:51:28	465.76	947.76	2981.85	-139.03	-139.44	-195.30
2024-09-05T07:51:30	463.82	954.26	2975.52	-139.07	-140.93	-195.28
2024-09-05T07:51:32	461.88	960.77	2969.19	-139.10	-142.46	-195.26
2024-09-05T07:51:34	459.94	967.27	2962.85	-139.10	-144.07	-195.33
2024-09-05T07:51:36	457.99	973.77	2956.49	-139.02	-145.58	-195.41
2024-09-05T07:51:38	456.05	980.27	2950.13	-138.91	-147.05	-195.48
2024-09-05T07:51:40	454.10	986.76	2943.76	-138.78	-148.54	-195.53
2024-09-05T07:51:42	452.15	993.25	2937.39	-138.63	-150.03	-195.56
2024-09-05T07:51:44	450.20	999.74	2931.00	-138.48	-151.54	-195.56
2024-09-05T07:51:46	448.25	1006.22	2924.61	-138.31	-153.06	-195.55
2024-09-05T07:51:48	446.30	1012.70	2918.21	-138.14	-154.59	-195.51
2024-09-05T07:51:50	444.35	1019.18	2911.80	-137.98	-156.15	-195.45
2024-09-05T07:51:52	442.39	1025.66	2905.38	-137.87	-157.80	-195.35
2024-09-05T07:51:54	440.44	1032.13	2898.95	-137.77	-159.38	-195.18
2024-09-05T07:51:56	438.48	1038.60	2892.51	-137.66	-160.95	-195.02
2024-09-05T07:51:58	436.52	1045.07	2886.07	-137.52	-162.51	-194.85
2024-09-05T07:52:00	434.56	1051.53	2879.61	-137.37	-164.08	-194.70
2024-09-05T07:52:02	432.60	1057.99	2873.15	-137.20	-165.64	-194.54
2024-09-05T07:52:04	430.64	1064.45	2866.68	-137.01	-167.21	-194.39
2024-09-05T07:52:06	428.68	1070.90	2860.20	-136.80	-168.79	-194.25
2024-09-05T07:52:08	426.71	1077.36	2853.71	-136.61	-170.41	-194.10
2024-09-05T07:52:10	424.75	1083.80	2847.22	-136.47	-172.09	-193.93
2024-09-05T07:52:12	422.78	1090.25	2840.71	-136.40	-173.74	-193.61
2024-09-05T07:52:14	420.81	1096.69	2834.20	-136.31	-175.41	-193.30
2024-09-05T07:52:16	418.85	1103.13	2827.68	-136.21	-177.07	-192.98
2024-09-05T07:52:18	416.87	1109.56	2821.15	-136.09	-178.74	-192.66
2024-09-05T07:52:20	414.90	1115.99	2814.61	-135.95	-180.40	-192.29
2024-09-05T07:52:22	412.93	1122.42	2808.06	-135.79	-182.07	-191.92
2024-09-05T07:52:24	410.96	1128.85	2801.50	-135.62	-183.74	-191.52
2024-09-05T07:52:26	408.98	1135.27	2794.94	-135.48	-185.46	-191.06
2024-09-05T07:52:28	407.00	1141.69	2788.36	-135.36	-187.19	-190.55
2024-09-05T07:52:30	405.03	1148.10	2781.78	-135.23	-188.75	-190.05
2024-09-05T07:52:32	403.05	1154.51	2775.19	-135.08	-190.33	-189.54
2024-09-05T07:52:34	401.07	1160.92	2768.59	-134.93	-191.91	-189.01
2024-09-05T07:52:36	399.08	1167.32	2761.98	-134.76	-193.49	-188.46
2024-09-05T07:52:38	397.10	1173.72	2755.36	-134.58	-195.08	-187.89
2024-09-05T07:52:40	395.12	1180.11	2748.73	-134.40	-196.66	-187.29
2024-09-05T07:52:42	393.13	1186.51	2742.10	-134.21	-198.24	-186.67
2024-09-05T07:52:44	391.14	1192.89	2735.45	-134.02	-199.97	-186.12
2024-09-05T07:52:46	389.16	1199.28	2728.80	-133.81	-201.70	-185.53
2024-09-05T07:52:48	387.17	1205.66	2722.13	-133.57	-203.39	-184.96
2024-09-05T07:52:50	385.18	1212.03	2715.46	-133.31	-205.06	-184.38
2024-09-05T07:52:52	383.18	1218.41	2708.78	-133.04	-206.72	-183.79
2024-09-05T07:52:54	381.19	1224.78	2702.10	-132.75	-208.38	-183.20
2024-09-05T07:52:56	379.20	1231.14	2695.40	-132.45	-210.02	-182.60
2024-09-05T07:52:58	377.20	1237.50	2688.69	-132.13	-211.67	-182.00
2024-09-05T07:53:00	375.21	1243.86	2681.97	-131.82	-213.33	-181.36
2024-09-05T07:53:02	373.21	1250.21	2675.25	-131.52	-214.97	-180.63
2024-09-05T07:53:04	371.21	1256.56	2668.52	-131.22	-216.57	-179.82
2024-09-05T07:53:06	369.21	1262.90	2661.77	-130.90	-218.10	-178.90
2024-09-05T07:53:08	367.21	1269.24	2655.02	-130.59	-219.64	-177.96
2024-09-05T07:53:10	365.21	1275.57	2648.26	-130.29	-221.19	-177.03
2024-09-05T07:53:12	363.20	1281.91	2641.49	-130.01	-222.75	-176.08
2024-09-05T07:53:14	361.20	1288.23	2634.71	-129.75	-224.33	-175.13
2024-09-05T07:53:16	359.19	1294.55	2627.93	-129.51	-225.92	-174.17
2024-09-05T07:53:18	357.18	1300.87	2621.13	-129.33	-227.72	-173.23
2024-09-05T07:53:20	355.18	1307.18	2614.33	-129.14	-229.52	-172.26
2024-09-05T07:53:22	353.17	1313.49	2607.51	-128.95	-231.31	-171.26
2024-09-05T07:53:24	351.16	1319.80	2600.69	-128.77	-232.97	-170.25
2024-09-05T07:53:26	349.14	1326.10	2593.85	-128.56	-234.57	-169.18
2024-09-05T07:53:28	347.13	1332.39	2587.01	-128.34	-236.10	-168.04
2024-09-05T07:53:30	345.12	1338.68	2580.16	-128.11	-237.57	-166.84
2024-09-05T07:53:32	343.10	1344.97	2573.30	-127.88	-238.99	-165.58
2024-09-05T07:53:34	341.08	1351.25	2566.43	-127.58	-240.51	-164.31
2024-09-05T07:53:36	339.06	1357.52	2559.56	-127.23	-242.14	-163.05
2024-09-05T07:53:38	337.05	1363.79	2552.67	-126.88	-243.80	-161.79
2024-09-05T07:53:40	335.03	1370.06	2545.77	-126.51	-245.48	-160.52
2024-09-05T07:53:42	333.00	1376.32	2538.87	-126.14	-247.07	-159.33
2024-09-05T07:53:44	330.98	1382.58	2531.95	-125.76	-248.61	-158.08
2024-09-05T07:53:46	328.96	1388.83	2525.03	-125.38	-250.10	-156.75
2024-09-05T07:53:48	326.93	1395.08	2518.10	-125.01	-251.53	-155.36
2024-09-05T07:53:50	324.91	1401.32	2511.16	-124.68	-252.93	-153.90
2024-09-05T07:53:52	322.88	1407.56	2504.21	-124.45	-254.40	-152.42
2024-09-05T07:53:54	320.85	1413.79	2497.24	-124.20	-255.90	-150.96
2024-09-05T07:53:56	318.82	1420.01	2490.28	-123.92	-257.43	-149.51
2024-09-05T07:53:58	316.79	1426.23	2483.30	-123.62	-258.99	-148.08
2024-09-05T07:54:00	314.76	1432.45	2476.31	-123.23	-260.41	-146.81
2024-09-05T07:54:02	312.73	1438.66	2469.31	-122.77	-261.79	-145.51
2024-09-05T07:54:04	310.69	1444.87	2462.31	-122.23	-263.14	-144.16
2024-09-05T07:54:06	308.66	1451.07	2455.29	-121.62	-264.45	-142.75
2024-09-05T07:54:08	306.62	1457.26	2448.27	-121.01	-265.73	-141.13
2024-09-05T07:54:10	304.58	1463.45	2441.24	-120.43	-266.96	-139.47
2024-09-05T07:54:12	302.54	1469.63	2434.20	-119.89	-268.16	-137.78
2024-09-05T07:54:14	300.50	1475.81	2427.14	-119.42	-269.32	-136.01
2024-09-05T07:54:16	298.46	1481.98	2420.08	-119.00	-270.46	-134.21
2024-09-05T07:54:18	296.42	1488.15	2413.01	-118.74	-271.56	-132.44
2024-09-05T07:54:20	294.38	1494.31	2405.93	-118.57	-272.65	-130.71
2024-09-05T07:54:22	292.33	1500.47	2398.84	-118.42	-273.72	-128.97
2024-09-05T07:54:24	290.29	1506.61	2391.75	-118.26	-275.08	-127.34
2024-09-05T07:54:26	288.24	1512.76	2384.64	-118.04	-276.37	-125.67
2024-09-05T07:54:28	286.19	1518.90	2377.52	-117.78	-277.61	-123.97
2024-09-05T07:54:30	284.15	1525.03	2370.40	-117.47	-278.79	-122.24
2024-09-05T07:54:32	282.10	1531.16	2363.27	-117.11	-279.92	-120.49
2024-09-05T07:54:34	280.05	1537.28	2356.12	-116.71	-281.00	-118.71
2024-09-05T07:54:36	277.99	1543.39	2348.97	-116.25	-282.12	-116.92
2024-09-05T07:54:38	275.94	1549.50	2341.81	-115.77	-283.35	-115.13
2024-09-05T07:54:40	273.89	1555.60	2334.64	-115.38	-284.67	-113.04
2024-09-05T07:54:42	271.83	1561.70	2327.46	-115.00	-285.92	-110.95
2024-09-05T07:54:44	269.78	1567.79	2320.27	-114.65	-287.08	-108.88
2024-09-05T07:54:46	267.72	1573.87	2313.07	-114.31	-288.16	-106.81
2024-09-05T07:54:48	265.66	1579.95	2305.86	-113.99	-289.14	-104.76
2024-09-05T07:54:50	263.60	1586.02	2298.65	-113.68	-290.03	-102.72
2024-09-05T07:54:52	261.54	1592.08	2291.42	-113.38	-290.82	-100.71
2024-09-05T07:54:54	259.48	1598.14	2284.18	-113.08	-291.54	-98.72
2024-09-05T07:54:56	257.42	1604.20	2276.94	-112.31	-292.63	-96.66
2024-09-05T07:54:58	255.36	1610.24	2269.69	-111.50	-293.67	-94.61
2024-09-05T07:55:00	253.29	1616.28	2262.42	-110.66	-294.69	-92.59
2024-09-05T07:55:02	251.23	1622.31	2255.15	-109.80	-295.67	-90.58
2024-09-05T07:55:04	249.16	1628.34	2247.87	-108.91	-296.62	-88.60
2024-09-05T07:55:06	247.09	1634.36	2240.58	-108.01	-297.56	-86.65
2024-09-05T07:55:08	245.03	1640.37	2233.28	-107.08	-298.48	-84.71
2024-09-05T07:55:10	242.96	1646.38	2225.97	-105.97	-299.38	-82.68
2024-09-05T07:55:12	240.89	1652.38	2218.66	-104.45	-300.55	-80.62
2024-09-05T07:55:14	238.82	1658.37	2211.33	-102.91	-301.66	-78.70
2024-09-05T07:55:16	236.75	1664.35	2203.99	-101.37	-302.63	-76.84
2024-09-05T07:55:18	234.67	1670.33	2196.65	-99.85	-303.53	-74.95
2024-09-05T07:55:20	232.60	1676.30	2189.29	-98.34	-304.34	-73.02
2024-09-05T07:55:22	230.52	1682.27	2181.93	-96.83	-305.08	-71.03
2024-09-05T07:55:24	228.45	1688.23	2174.56	-95.33	-305.72	-68.99
2024-09-05T07:55:26	226.37	1694.18	2167.18	-93.93	-306.36	-66.88
2024-09-05T07:55:28	224.29	1700.12	2159.79	-92.68	-307.11	-64.77
2024-09-05T07:55:30	222.22	1706.06	2152.39	-91.41	-307.86	-62.69
2024-09-05T07:55:32	220.14	1711.99	2144.98	-90.12	-308.60	-60.63
2024-09-05T07:55:34	218.06	1717.91	2137.56	-88.82	-309.44	-58.67
2024-09-05T07:55:36	215.98	1723.83	2130.13	-87.46	-310.18	-56.73
2024-09-05T07:55:38	213.89	1729.74	2122.70	-86.02	-310.82	-54.79
2024-09-05T07:55:40	211.81	1735.64	2115.25	-84.50	-311.35	-52.85
2024-09-05T07:55:42	209.73	1741.53	2107.80	-82.97	-311.76	-50.78
2024-09-05T07:55:44	207.64	1747.41	2100.34	-81.56	-312.11	-48.59
2024-09-05T07:55:46	205.56	1753.29	2092.87	-80.27	-312.42	-46.37
2024-09-05T07:55:48	203.47	1759.16	2085.39	-79.11	-312.69	-44.11
2024-09-05T07:55:50	201.38	1765.03	2077.89	-78.07	-312.93	-41.82
2024-09-05T07:55:52	199.30	1770.88	2070.40	-77.17	-313.20	-39.56
2024-09-05T07:55:54	197.21	1776.73	2062.89	-76.40	-313.66	-37.54
2024-09-05T07:55:56	195.12	1782.57	2055.37	-75.64	-314.12	-35.50
2024-09-05T07:55:58	193.03	1788.40	2047.85	-74.71	-314.66	-32.92
2024-09-05T07:56:00	190.93	1794.23	2040.31	-73.75	-315.13	-30.35
2024-09-05T07:56:02	188.84	1800.04	2032.77	-72.77	-315.53	-27.78
2024-09-05T07:56:04	186.75	1805.85	2025.22	-71.73	-315.84	-25.21
2024-09-05T07:56:06	184.66	1811.65	2017.66	-70.68	-316.06	-22.66
2024-09-05T07:56:08	182.56	1817.45	2010.09	-69.64	-316.20	-20.13
2024-09-05T07:56:10	180.47	1823.23	2002.51	-68.61	-316.27	-17.62
2024-09-05T07:56:12	178.37	1829.01	1994.92	-67.58	-316.22	-15.14
2024-09-05T07:56:14	176.28	1834.78	1987.32	-66.57	-316.18	-12.70
2024-09-05T07:56:16	174.18	1840.54	1979.72	-65.57	-316.18	-10.28
2024-09-05T07:56:18	172.08	1846.29	1972.10	-64.57	-316.21	-7.89
2024-09-05T07:56:20	169.98	1852.04	1964.48	-63.58	-316.25	-5.52
2024-09-05T07:56:22	167.88	1857.77	1956.85	-62.58	-316.29	-3.18
2024-09-05T07:56:24	165.78	1863.50	1949.21	-61.59	-316.33	-0.86
2024-09-05T07:56:26	163.68	1869.22	1941.56	-60.59	-316.34	1.44
2024-09-05T07:56:28	161.58	1874.93	1933.90	-59.68	-316.23	3.84
2024-09-05T07:56:30	159.48	1880.63	1926.24	-58.76	-316.13	6.26
2024-09-05T07:56:32	157.37	1886.33	1918.56	-57.84	-315.93	8.61
2024-09-05T07:56:34	155.27	1892.02	1910.88	-56.93	-315.53	10.83
2024-09-05T07:56:36	153.16	1897.69	1903.19	-56.04	-315.06	13.07
2024-09-05T07:56:38	151.06	1903.36	1895.48	-55.19	-314.51	15.30
2024-09-05T07:56:40	148.95	1909.02	1887.77	-54.36	-313.88	17.55
2024-09-05T07:56:42	146.84	1914.67	1880.06	-53.70	-313.09	19.96
2024-09-05T07:56:44	144.74	1920.32	1872.33	-53.17	-312.24	22.51
2024-09-05T07:56:46	142.63	1925.95	1864.60	-52.63	-311.43	25.05
2024-09-05T07:56:48	140.52	1931.58	1856.85	-52.08	-310.63	27.59
2024-09-05T07:56:50	138.41	1937.19	1849.10	-51.52	-309.86	30.12
2024-09-05T07:56:52	136.30	1942.80	1841.34	-50.95	-309.17	32.61
2024-09-05T07:56:54	134.19	1948.40	1833.57	-50.38	-308.59	34.99
2024-09-05T07:56:56	132.08	1953.99	1825.79	-49.79	-307.89	37.38
2024-09-05T07:56:58	129.97	1959.57	1818.01	-49.26	-307.05	39.94
2024-09-05T07:57:00	127.86	1965.14	1810.21	-48.74	-306.18	42.51
2024-09-05T07:57:02	125.75	1970.71	1802.41	-48.22	-305.28	45.08
2024-09-05T07:57:04	123.63	1976.26	1794.60	-47.69	-304.35	47.63
2024-09-05T07:57:06	121.52	1981.80	1786.78	-47.16	-303.40	50.17
2024-09-05T07:57:08	119.41	1987.34	1778.96	-46.63	-302.41	52.70
2024-09-05T07:57:10	117.29	1992.87	1771.12	-46.09	-301.39	55.23
2024-09-05T07:57:12	115.18	1998.38	1763.28	-45.59	-300.24	57.87
2024-09-05T07:57:14	113.06	2003.89	1755.42	-45.12	-299.11	60.39
2024-09-05T07:57:16	110.94	2009.39	1747.56	-44.63	-297.98	62.91
2024-09-05T07:57:18	108.83	2014.88	1739.70	-44.14	-296.84	65.43
2024-09-05T07:57:20	106.71	2020.36	1731.82	-43.64	-295.69	67.96
2024-09-05T07:57:22	104.59	2025.83	1723.94	-43.14	-294.53	70.50
2024-09-05T07:57:24	102.48	2031.29	1716.04	-42.62	-293.37	73.04
2024-09-05T07:57:26	100.35	2036.75	1708.14	-42.10	-292.13	75.63
2024-09-05T07:57:28	98.24	2042.19	1700.24	-41.58	-290.81	78.23
2024-09-05T07:57:30	96.12	2047.62	1692.32	-41.06	-289.43	80.82
2024-09-05T07:57:32	94.00	2053.04	1684.39	-40.55	-288.00	83.40
2024-09-05T07:57:34	91.88	2058.46	1676.46	-40.05	-286.61	85.91
2024-09-05T07:57:36	89.76	2063.86	1668.52	-39.56	-285.27	88.36
2024-09-05T07:57:38	87.64	2069.25	1660.57	-39.05	-283.91	90.82
2024-09-05T07:57:40	85.51	2074.64	1652.62	-38.54	-282.45	93.33
2024-09-05T07:57:42	83.39	2080.01	1644.66	-38.01	-280.84	95.91
2024-09-05T07:57:44	81.27	2085.38	1636.68	-37.47	-279.18	98.46
2024-09-05T07:57:46	79.15	2090.73	1628.70	-36.93	-277.47	100.99
2024-09-05T07:57:48	77.02	2096.08	1620.72	-36.37	-275.71	103.49
2024-09-05T07:57:50	74.90	2101.41	1612.72	-35.79	-273.91	105.96
2024-09-05T07:57:52	72.78	2106.74	1604.72	-35.19	-272.05	108.39
2024-09-05T07:57:54	70.65	2112.05	1596.71	-34.52	-270.13	110.79
2024-09-05T07:57:56	68.53	2117.36	1588.69	-33.79	-268.36	112.99
2024-09-05T07:57:58	66.40	2122.65	1580.67	-33.08	-266.59	115.12
2024-09-05T07:58:00	64.28	2127.94	1572.64	-32.36	-264.77	117.23
2024-09-05T07:58:02	62.15	2133.21	1564.60	-31.66	-262.90	119.30
2024-09-05T07:58:04	60.03	2138.48	1556.55	-30.96	-260.98	121.34
2024-09-05T07:58:06	57.90	2143.73	1548.49	-30.26	-259.02	123.34
2024-09-05T07:58:08	55.78	2148.98	1540.43	-29.55	-257.01	125.33
2024-09-05T07:58:10	53.65	2154.21	1532.36	-28.69	-255.01	127.56
2024-09-05T07:58:12	51.53	2159.43	1524.29	-27.84	-252.99	129.72
2024-09-05T07:58:14	49.40	2164.65	1516.20	-27.00	-250.96	131.83
2024-09-05T07:58:16	47.27	2169.85	1508.11	-26.16	-248.89	133.88
2024-09-05T07:58:18	45.14	2175.05	1500.01	-25.56	-247.14	135.76
2024-09-05T07:58:20	43.02	2180.23	1491.91	-25.02	-245.41	137.58
2024-09-05T07:58:22	40.89	2185.40	1483.80	-24.51	-243.66	139.36
2024-09-05T07:58:24	38.76	2190.56	1475.68	-23.60	-241.68	141.08
2024-09-05T07:58:26	36.63	2195.71	1467.55	-22.70	-239.70	142.74
2024-09-05T07:58:28	34.51	2200.85	1459.42	-21.82	-237.72	144.33
2024-09-05T07:58:30	32.38	2205.98	1451.28	-20.94	-235.73	145.85
2024-09-05T07:58:32	30.25	2211.10	1443.13	-20.08	-233.71	147.30
2024-09-05T07:58:34	28.12	2216.21	1434.97	-19.23	-231.68	148.68
2024-09-05T07:58:36	26.00	2221.31	1426.81	-18.39	-229.62	149.98
2024-09-05T07:58:38	23.87	2226.40	1418.64	-17.68	-227.55	151.84
2024-09-05T07:58:40	21.74	2231.48	1410.47	-17.25	-225.77	153.75
2024-09-05T07:58:42	19.61	2236.54	1402.29	-16.93	-224.09	155.63
2024-09-05T07:58:44	17.48	2241.60	1394.10	-16.63	-222.45	157.46
2024-09-05T07:58:46	15.35	2246.64	1385.90	-16.38	-220.81	159.13
2024-09-05T07:58:48	13.22	2251.68	1377.70	-16.13	-219.16	160.64
2024-09-05T07:58:50	11.09	2256.70	1369.49	-15.90	-217.52	162.05
2024-09-05T07:58:52	8.97	2261.71	1361.28	-16.09	-215.40	162.72
2024-09-05T07:58:54	6.84	2266.72	1353.06	-16.19	-213.46	163.56
2024-09-05T07:58:56	4.71	2271.71	1344.83	-16.19	-211.67	164.56
2024-09-05T07:58:58	2.58	2276.69	1336.59	-16.09	-210.04	165.70
2024-09-05T07:59:00	0.45	2281.66	1328.35	-15.87	-208.55	166.97
2024-09-05T07:59:02	-1.68	2286.62	1320.11	-15.62	-206.93	168.25
2024-09-05T07:59:04	-3.81	2291.57	1311.85	-15.52	-204.88	169.40
2024-09-05T07:59:06	-5.94	2296.50	1303.59	-15.72	-201.91	170.02
2024-09-05T07:59:08	-8.06	2301.43	1295.33	-16.03	-199.13	170.76
2024-09-05T07:59:10	-10.19	2306.34	1287.05	-16.42	-196.53	171.58
2024-09-05T07:59:12	-12.32	2311.25	1278.77	-16.89	-194.10	172.48
2024-09-05T07:59:14	-14.45	2316.14	1270.49	-17.43	-191.83	173.45
2024-09-05T07:59:16	-16.58	2321.02	1262.20	-18.01	-189.72	174.48
2024-09-05T07:59:18	-18.71	2325.89	1253.90	-18.51	-187.69	175.56
2024-09-05T07:59:20	-20.84	2330.75	1245.60	-18.35	-185.33	176.49
2024-09-05T07:59:22	-22.96	2335.60	1237.29	-18.07	-182.80	177.14
2024-09-05T07:59:24	-25.09	2340.43	1228.98	-17.69	-180.09	177.48
2024-09-05T07:59:26	-27.22	2345.26	1220.66	-17.32	-177.29	177.92
2024-09-05T07:59:28	-29.35	2350.07	1212.33	-17.12	-174.63	178.46
2024-09-05T07:59:30	-31.47	2354.88	1204.00	-17.08	-172.10	178.99
2024-09-05T07:59:32	-33.60	2359.67	1195.66	-16.89	-169.83	179.91
2024-09-05T07:59:34	-35.73	2364.45	1187.32	-15.91	-167.86	181.73
2024-09-05T07:59:36	-37.85	2369.22	1178.97	-14.79	-165.76	183.38
2024-09-05T07:59:38	-39.98	2373.98	1170.61	-13.52	-163.51	184.82
2024-09-05T07:59:40	-42.11	2378.73	1162.25	-12.16	-161.08	186.20
2024-09-05T07:59:42	-44.23	2383.47	1153.89	-10.72	-158.53	187.36
2024-09-05T07:59:44	-46.36	2388.19	1145.52	-9.19	-155.87	188.24
2024-09-05T07:59:46	-48.49	2392.90	1137.14	-7.73	-153.21	188.96
2024-09-05T07:59:48	-50.61	2397.61	1128.76	-6.29	-150.66	189.75
2024-09-05T07:59:50	-52.74	2402.29	1120.37	-5.25	-148.56	191.11
2024-09-05T07:59:52	-54.86	2406.97	1111.98	-4.27	-146.68	192.61
2024-09-05T07:59:54	-56.99	2411.64	1103.58	-3.12	-144.83	193.99
2024-09-05T07:59:56	-59.11	2416.30	1095.18	-1.82	-143.02	195.24
2024-09-05T07:59:58	-61.23	2420.95	1086.77	-0.37	-141.22	196.37
2024-09-05T08:00:00	-63.36	2425.58	1078.36	0.25	-139.13	197.10
2024-09-05T08:00:02	-65.48	2430.20	1069.94	0.51	-136.78	197.55
2024-09-05T08:00:04	-67.61	2434.81	1061.51	1.02	-134.34	197.92
2024-09-05T08:00:06	-69.73	2439.41	1053.08	1.74	-131.83	198.22
2024-09-05T08:00:08	-71.85	2444.00	1044.65	2.68	-129.27	198.49
2024-09-05T08:00:10	-73.97	2448.58	1036.21	3.82	-126.67	198.73
2024-09-05T08:00:12	-76.09	2453.14	1027.77	5.13	-124.05	198.97
2024-09-05T08:00:14	-78.22	2457.70	1019.32	4.96	-121.43	199.57
2024-09-05T08:00:16	-80.34	2462.24	1010.87	4.04	-119.02	200.48
2024-09-05T08:00:18	-82.46	2466.77	1002.41	3.28	-116.59	201.18
2024-09-05T08:00:20	-84.58	2471.29	993.95	2.68	-114.15	201.68
2024-09-05T08:00:22	-86.70	2475.80	985.48	2.23	-111.70	201.98
2024-09-05T08:00:24	-88.82	2480.29	977.01	1.93	-109.26	202.09
2024-09-05T08:00:26	-90.93	2484.78	968.54	1.73	-106.92	202.07
2024-09-05T08:00:28	-93.05	2489.25	960.05	1.09	-105.41	202.71
2024-09-05T08:00:30	-95.17	2493.71	951.57	0.45	-103.79	203.44
2024-09-05T08:00:32	-97.29	2498.16	943.08	-0.18	-102.04	204.27
2024-09-05T08:00:34	-99.41	2502.60	934.59	-0.97	-100.16	205.28
2024-09-05T08:00:36	-101.52	2507.03	926.09	-1.86	-98.18	206.35
2024-09-05T08:00:38	-103.64	2511.45	917.59	-2.82	-96.10	207.45
2024-09-05T08:00:40	-105.75	2515.85	909.08	-4.05	-93.82	208.06
2024-09-05T08:00:42	-107.87	2520.24	900.57	-5.44	-91.47	208.06
2024-09-05T08:00:44	-109.98	2524.62	892.05	-6.62	-89.17	208.21
2024-09-05T08:00:46	-112.10	2528.99	883.54	-7.61	-86.92	208.48
2024-09-05T08:00:48	-114.21	2533.35	875.01	-8.42	-84.70	208.86
2024-09-05T08:00:50	-116.32	2537.70	866.49	-9.07	-82.52	209.33
2024-09-05T08:00:52	-118.44	2542.03	857.96	-9.59	-80.35	209.86
2024-09-05T08:00:54	-120.55	2546.36	849.42	-9.50	-78.16	210.09
2024-09-05T08:00:56	-122.66	2550.67	840.88	-9.13	-76.05	210.10
2024-09-05T08:00:58	-124.77	2554.97	832.34	-8.79	-74.07	210.09
2024-09-05T08:01:00	-126.88	2559.26	823.79	-8.46	-72.26	210.11
2024-09-05T08:01:02	-128.99	2563.53	815.24	-8.15	-70.64	210.21
2024-09-05T08:01:04	-131.10	2567.80	806.69	-7.86	-69.23	210.42
2024-09-05T08:01:06	-133.21	2572.06	798.13	-7.34	-67.99	210.26
2024-09-05T08:01:08	-135.32	2576.30	789.57	-6.07	-66.58	209.48
2024-09-05T08:01:10	-137.42	2580.53	781.01	-4.76	-65.01	208.55
2024-09-05T08:01:12	-139.53	2584.75	772.44	-3.44	-63.28	207.47
2024-09-05T08:01:14	-141.63	2588.96	763.87	-2.09	-61.37	206.27
2024-09-05T08:01:16	-143.74	2593.15	755.29	-0.71	-59.27	204.95
2024-09-05T08:01:18	-145.84	2597.34	746.72	0.68	-56.97	203.55
2024-09-05T08:01:20	-147.95	2601.51	738.14	1.94	-54.32	202.13
2024-09-05T08:01:22	-150.05	2605.67	729.55	2.73	-51.23	200.91
2024-09-05T08:01:24	-152.15	2609.82	720.96	3.46	-48.15	199.86
2024-09-05T08:01:26	-154.25	2613.96	712.37	4.15	-45.07	199.02
2024-09-05T08:01:28	-156.36	2618.09	703.78	4.75	-42.17	198.33
2024-09-05T08:01:30	-158.46	2622.20	695.18	5.30	-39.49	197.75
2024-09-05T08:01:32	-160.56	2626.31	686.58	5.81	-36.98	197.28
2024-09-05T08:01:34	-162.66	2630.40	677.98	5.26	-35.29	196.76
2024-09-05T08:01:36	-164.75	2634.48	669.37	4.22	-33.91	196.09
2024-09-05T08:01:38	-166.85	2638.55	660.76	3.24	-32.47	195.39
2024-09-05T08:01:40	-168.95	2642.61	652.15	2.33	-30.95	194.68
2024-09-05T08:01:42	-171.04	2646.66	643.54	1.48	-29.36	193.98
2024-09-05T08:01:44	-173.14	2650.69	634.92	0.69	-27.68	193.30
2024-09-05T08:01:46	-175.23	2654.72	626.30	-0.05	-25.92	192.66
2024-09-05T08:01:48	-177.33	2658.73	617.67	-0.58	-24.08	192.37
2024-09-05T08:01:50	-179.42	2662.73	609.05	-1.11	-22.16	192.09
2024-09-05T08:01:52	-181.51	2666.72	600.42	-1.64	-20.15	191.85
2024-09-05T08:01:54	-183.60	2670.70	591.79	-2.17	-18.06	191.66
2024-09-05T08:01:56	-185.69	2674.66	583.16	-2.70	-15.88	191.54
2024-09-05T08:01:58	-187.78	2678.62	574.52	-3.23	-13.62	191.49
2024-09-05T08:02:00	-189.87	2682.56	565.88	-3.66	-11.40	191.46
2024-09-05T08:02:02	-191.96	2686.50	557.24	-3.55	-9.59	191.70
2024-09-05T08:02:04	-194.05	2690.42	548.59	-2.99	-8.05	192.26
2024-09-05T08:02:06	-196.13	2694.33	539.95	-2.40	-6.51	192.73
2024-09-05T08:02:08	-198.22	2698.23	531.30	-1.79	-4.95	193.11
2024-09-05T08:02:10	-200.30	2702.11	522.65	-1.16	-3.37	193.38
2024-09-05T08:02:12	-202.39	2705.99	514.00	-0.50	-1.77	193.55
2024-09-05T08:02:14	-204.47	2709.85	505.35	0.21	-0.39	193.74
2024-09-05T08:02:16	-206.55	2713.70	496.69	0.93	0.91	193.88
2024-09-05T08:02:18	-208.63	2717.55	488.03	1.64	2.20	193.92
2024-09-05T08:02:20	-210.71	2721.38	479.37	2.35	3.51	193.88
2024-09-05T08:02:22	-212.79	2725.20	470.71	3.07	4.78	193.69
2024-09-05T08:02:24	-214.87	2729.00	462.04	3.77	6.00	193.35
2024-09-05T08:02:26	-216.95	2732.80	453.38	4.43	7.23	193.00
2024-09-05T08:02:28	-219.02	2736.59	444.71	4.91	8.38	192.33
2024-09-05T08:02:30	-221.10	2740.36	436.04	5.38	9.46	191.68
2024-09-05T08:02:32	-223.17	2744.12	427.37	5.59	10.30	190.60
2024-09-05T08:02:34	-225.25	2747.88	418.69	5.61	11.02	189.16
2024-09-05T08:02:36	-227.32	2751.62	410.02	5.62	11.75	187.73
2024-09-05T08:02:38	-229.39	2755.35	401.34	5.64	12.50	186.29
2024-09-05T08:02:40	-231.47	2759.07	392.66	5.67	13.24	184.85
2024-09-05T08:02:42	-233.53	2762.77	383.98	5.69	13.98	183.44
2024-09-05T08:02:44	-235.60	2766.47	375.30	5.70	14.74	182.07
2024-09-05T08:02:46	-237.67	2770.15	366.61	5.70	15.53	180.72
2024-09-05T08:02:48	-239.74	2773.83	357.93	5.68	16.33	179.38
2024-09-05T08:02:50	-241.81	2777.49	349.24	5.64	17.14	178.06
2024-09-05T08:02:52	-243.87	2781.15	340.56	5.58	17.95	176.73
2024-09-05T08:02:54	-245.93	2784.79	331.87	5.44	18.82	175.18
2024-09-05T08:02:56	-248.00	2788.41	323.18	5.30	19.66	173.66
2024-09-05T08:02:58	-250.06	2792.04	314.49	5.16	20.46	172.18
2024-09-05T08:03:00	-252.12	2795.64	305.80	5.03	21.22	170.73
2024-09-05T08:03:02	-254.18	2799.24	297.10	4.89	21.95	169.32
2024-09-05T08:03:04	-256.24	2802.83	288.41	4.84	22.91	168.66
2024-09-05T08:03:06	-258.30	2806.40	279.71	4.78	23.89	167.99
2024-09-05T08:03:08	-260.36	2809.97	271.01	4.68	24.90	167.28
2024-09-05T08:03:10	-262.41	2813.52	262.31	4.58	25.92	166.54
2024-09-05T08:03:12	-264.47	2817.07	253.62	4.48	26.94	165.77
2024-09-05T08:03:14	-266.52	2820.60	244.92	4.37	27.96	164.97
2024-09-05T08:03:16	-268.58	2824.12	236.21	4.24	28.99	164.13
2024-09-05T08:03:18	-270.63	2827.63	227.51	4.14	30.09	163.35
2024-09-05T08:03:20	-272.68	2831.13	218.81	4.23	31.21	162.61
2024-09-05T08:03:22	-274.73	2834.62	210.10	4.39	32.30	161.88
2024-09-05T08:03:24	-276.78	2838.10	201.40	4.57	33.36	161.15
2024-09-05T08:03:26	-278.83	2841.56	192.69	4.76	34.38	160.42
2024-09-05T08:03:28	-280.87	2845.02	183.99	4.96	35.37	159.69
2024-09-05T08:03:30	-282.92	2848.47	175.28	5.17	36.31	158.94
2024-09-05T08:03:32	-284.96	2851.90	166.57	5.40	37.23	158.16
2024-09-05T08:03:34	-287.00	2855.33	157.87	5.64	38.14	157.33
2024-09-05T08:03:36	-289.05	2858.74	149.16	5.91	39.02	156.80
2024-09-05T08:03:38	-291.09	2862.15	140.45	6.17	39.86	156.38
2024-09-05T08:03:40	-293.13	2865.54	131.74	6.42	40.68	155.93
2024-09-05T08:03:42	-295.17	2868.92	123.03	6.66	41.48	155.47
2024-09-05T08:03:44	-297.21	2872.29	114.32	6.87	42.25	154.99
2024-09-05T08:03:46	-299.24	2875.66	105.61	7.11	43.00	154.34
2024-09-05T08:03:48	-301.28	2879.01	96.89	7.36	43.72	153.60
2024-09-05T08:03:50	-303.32	2882.35	88.18	7.59	44.45	152.84
2024-09-05T08:03:52	-305.35	2885.68	79.47	7.80	45.16	152.06
2024-09-05T08:03:54	-307.38	2889.00	70.76	7.99	45.87	151.26
2024-09-05T08:03:56	-309.41	2892.31	62.04	8.18	46.57	150.46
2024-09-05T08:03:58	-311.44	2895.61	53.33	8.36	47.27	149.66
2024-09-05T08:04:00	-313.47	2898.90	44.62	8.56	47.95	149.08
2024-09-05T08:04:02	-315.50	2902.18	35.91	8.76	48.65	148.52
2024-09-05T08:04:04	-317.53	2905.45	27.19	8.96	49.36	148.00
2024-09-05T08:04:06	-319.55	2908.71	18.48	9.15	50.10	147.53
2024-09-05T08:04:08	-321.58	2911.95	9.76	9.35	50.85	147.10
2024-09-05T08:04:10	-323.60	2915.19	1.05	9.52	51.57	146.67
2024-09-05T08:04:12	-325.62	2918.42	-7.66	9.59	52.12	146.00
2024-09-05T08:04:14	-327.65	2921.64	-16.37	9.61	52.55	145.16
2024-09-05T08:04:16	-329.67	2924.85	-25.09	9.62	52.99	144.33
2024-09-05T08:04:18	-331.68	2928.04	-33.80	9.64	53.45	143.49
2024-09-05T08:04:20	-333.70	2931.23	-42.51	9.66	53.92	142.64
2024-09-05T08:04:22	-335.72	2934.41	-51.23	9.69	54.40	141.79
2024-09-05T08:04:24	-337.74	2937.57	-59.94	9.72	54.90	140.92
2024-09-05T08:04:26	-339.75	2940.73	-68.65	9.76	55.37	140.28
2024-09-05T08:04:28	-341.76	2943.88	-77.37	9.82	55.83	139.63
2024-09-05T08:04:30	-343.77	2947.02	-86.08	9.90	56.29	138.97
2024-09-05T08:04:32	-345.78	2950.14	-94.79	9.99	56.76	138.29
2024-09-05T08:04:34	-347.80	2953.26	-103.50	10.09	57.23	137.61
2024-09-05T08:04:36	-349.80	2956.37	-112.21	10.20	57.71	136.91
2024-09-05T08:04:38	-351.81	2959.47	-120.92	10.30	58.18	136.12
2024-09-05T08:04:40	-353.81	2962.56	-129.64	10.40	58.62	135.21
2024-09-05T08:04:42	-355.82	2965.63	-138.35	10.49	59.06	134.31
2024-09-05T08:04:44	-357.82	2968.70	-147.06	10.59	59.51	133.43
2024-09-05T08:04:46	-359.83	2971.76	-155.76	10.71	59.96	132.61
2024-09-05T08:04:48	-361.83	2974.81	-164.47	10.89	60.41	131.92
2024-09-05T08:04:50	-363.83	2977.85	-173.18	11.08	60.88	131.25
2024-09-05T08:04:52	-365.83	2980.88	-181.89	11.33	61.33	130.72
2024-09-05T08:04:54	-367.83	2983.90	-190.60	11.59	61.79	130.17
2024-09-05T08:04:56	-369.82	2986.91	-199.30	11.84	62.26	129.59
2024-09-05T08:04:58	-371.82	2989.91	-208.01	12.08	62.73	128.99
2024-09-05T08:05:00	-373.81	2992.90	-216.71	12.31	63.20	128.35
2024-09-05T08:05:02	-375.80	2995.88	-225.42	12.53	63.67	127.69
2024-09-05T08:05:04	-377.79	2998.86	-234.12	12.73	64.07	126.99
2024-09-05T08:05:06	-379.79	3001.82	-242.82	12.92	64.31	126.31
2024-09-05T08:05:08	-381.77	3004.77	-251.52	13.10	64.54	125.66
2024-09-05T08:05:10	-383.76	3007.72	-260.23	13.27	64.79	125.04
2024-09-05T08:05:12	-385.75	3010.65	-268.93	13.38	65.02	124.47
2024-09-05T08:05:14	-387.74	3013.58	-277.63	13.49	65.27	123.92
2024-09-05T08:05:16	-389.72	3016.49	-286.33	13.58	65.54	123.40
2024-09-05T08:05:18	-391.70	3019.40	-295.03	13.79	65.77	122.81
2024-09-05T08:05:20	-393.68	3022.30	-303.72	14.07	65.97	122.18
2024-09-05T08:05:22	-395.67	3025.19	-312.42	14.36	66.14	121.54
2024-09-05T08:05:24	-397.64	3028.06	-321.11	14.68	66.31	120.89
2024-09-05T08:05:26	-399.62	3030.93	-329.81	14.96	66.41	120.23
2024-09-05T08:05:28	-401.60	3033.79	-338.50	15.23	66.52	119.58
2024-09-05T08:05:30	-403.58	3036.64	-347.19	15.48	66.65	118.94
2024-09-05T08:05:32	-405.55	3039.49	-355.88	15.64	66.94	118.28
2024-09-05T08:05:34	-407.52	3042.32	-364.58	15.79	67.22	117.63
2024-09-05T08:05:36	-409.50	3045.14	-373.26	15.92	67.46	116.99
2024-09-05T08:05:38	-411.47	3047.96	-381.95	16.04	67.68	116.36
2024-09-05T08:05:40	-413.44	3050.76	-390.64	16.16	67.87	115.73
2024-09-05T08:05:42	-415.41	3053.56	-399.32	16.26	68.03	115.12
2024-09-05T08:05:44	-417.37	3056.35	-408.01	16.37	68.11	114.52
2024-09-05T08:05:46	-419.34	3059.13	-416.69	16.50	68.13	113.89
2024-09-05T08:05:48	-421.30	3061.90	-425.37	16.66	68.14	113.25
2024-09-05T08:05:50	-423.27	3064.66	-434.05	16.84	68.16	112.60
2024-09-05T08:05:52	-425.23	3067.41	-442.73	17.04	68.17	111.92
2024-09-05T08:05:54	-427.19	3070.15	-451.41	17.27	68.17	111.24
2024-09-05T08:05:56	-429.15	3072.89	-460.09	17.51	68.16	110.54
2024-09-05T08:05:58	-431.11	3075.62	-468.76	17.69	68.25	109.84
2024-09-05T08:06:00	-433.07	3078.33	-477.44	17.87	68.39	109.16
2024-09-05T08:06:02	-435.02	3081.04	-486.11	18.04	68.58	108.49
2024-09-05T08:06:04	-436.98	3083.74	-494.78	18.20	68.81	107.84
2024-09-05T08:06:06	-438.93	3086.43	-503.45	18.38	69.06	107.21
2024-09-05T08:06:08	-440.88	3089.12	-512.12	18.60	69.28	106.59
2024-09-05T08:06:10	-442.83	3091.79	-520.79	18.75	69.40	105.94
2024-09-05T08:06:12	-444.78	3094.45	-529.46	18.92	69.36	105.25
2024-09-05T08:06:14	-446.73	3097.11	-538.12	19.08	69.33	104.53
2024-09-05T08:06:16	-448.68	3099.76	-546.78	19.25	69.31	103.78
2024-09-05T08:06:18	-450.62	3102.40	-555.44	19.43	69.30	103.02
2024-09-05T08:06:20	-452.57	3105.03	-564.10	19.61	69.30	102.24
2024-09-05T08:06:22	-454.51	3107.65	-572.76	19.80	69.31	101.46
2024-09-05T08:06:24	-456.46	3110.27	-581.42	19.95	69.34	100.87
2024-09-05T08:06:26	-458.40	3112.87	-590.07	20.10	69.37	100.40
2024-09-05T08:06:28	-460.34	3115.47	-598.73	20.27	69.43	99.97
2024-09-05T08:06:30	-462.28	3118.06	-607.38	20.45	69.51	99.59
2024-09-05T08:06:32	-464.21	3120.64	-616.03	20.64	69.61	99.26
2024-09-05T08:06:34	-466.15	3123.22	-624.68	20.86	69.74	98.96
2024-09-05T08:06:36	-468.08	3125.78	-633.33	21.09	69.86	98.63
2024-09-05T08:06:38	-470.02	3128.34	-641.97	21.35	69.84	97.99
2024-09-05T08:06:40	-471.95	3130.89	-650.62	21.59	69.80	97.36
2024-09-05T08:06:42	-473.88	3133.43	-659.26	21.80	69.75	96.72
2024-09-05T08:06:44	-475.81	3135.96	-667.90	21.98	69.67	96.09
2024-09-05T08:06:46	-477.74	3138.48	-676.54	22.15	69.57	95.46
2024-09-05T08:06:48	-479.67	3141.00	-685.17	22.29	69.45	94.83
2024-09-05T08:06:50	-481.59	3143.51	-693.81	22.33	69.50	94.42
2024-09-05T08:06:52	-483.52	3146.00	-702.44	22.31	69.72	94.19
2024-09-05T08:06:54	-485.44	3148.50	-711.07	22.31	69.95	93.97
2024-09-05T08:06:56	-487.37	3150.98	-719.70	22.35	70.17	93.76
2024-09-05T08:06:58	-489.29	3153.46	-728.33	22.43	70.39	93.54
2024-09-05T08:07:00	-491.21	3155.92	-736.96	22.55	70.58	93.31
2024-09-05T08:07:02	-493.12	3158.38	-745.58	22.72	70.74	93.06
2024-09-05T08:07:04	-495.04	3160.84	-754.21	22.92	70.73	92.19
2024-09-05T08:07:06	-496.96	3163.28	-762.83	23.12	70.66	91.21
2024-09-05T08:07:08	-498.88	3165.72	-771.45	23.34	70.51	90.18
2024-09-05T08:07:10	-500.79	3168.15	-780.06	23.54	70.31	89.10
2024-09-05T08:07:12	-502.70	3170.57	-788.68	23.72	70.09	88.04
2024-09-05T08:07:14	-504.61	3172.98	-797.29	23.90	69.84	86.98
2024-09-05T08:07:16	-506.52	3175.38	-805.90	24.05	69.63	86.11
2024-09-05T08:07:18	-508.43	3177.78	-814.51	24.14	69.57	85.71
2024-09-05T08:07:20	-510.34	3180.17	-823.12	24.19	69.53	85.30
2024-09-05T08:07:22	-512.24	3182.56	-831.72	24.21	69.53	84.87
2024-09-05T08:07:24	-514.15	3184.93	-840.32	24.19	69.54	84.43
2024-09-05T08:07:26	-516.06	3187.30	-848.93	24.13	69.57	83.96
2024-09-05T08:07:28	-517.96	3189.66	-857.53	24.04	69.62	83.47
2024-09-05T08:07:30	-519.86	3192.01	-866.12	23.72	69.19	82.72
2024-09-05T08:07:32	-521.76	3194.36	-874.72	23.26	68.48	81.82
2024-09-05T08:07:34	-523.66	3196.69	-883.31	22.77	67.78	80.92
2024-09-05T08:07:36	-525.55	3199.02	-891.90	22.25	67.11	80.02
2024-09-05T08:07:38	-527.45	3201.35	-900.49	21.66	66.26	79.00
2024-09-05T08:07:40	-529.35	3203.66	-909.08	21.06	65.27	77.89
2024-09-05T08:07:42	-531.24	3205.97	-917.66	20.48	64.22	76.74
2024-09-05T08:07:44	-533.14	3208.27	-926.25	19.80	62.99	75.45
2024-09-05T08:07:46	-535.03	3210.56	-934.82	19.11	61.87	74.20
2024-09-05T08:07:48	-536.92	3212.85	-943.40	18.41	60.87	73.01
2024-09-05T08:07:50	-538.81	3215.13	-951.98	17.72	59.99	71.88
2024-09-05T08:07:52	-540.69	3217.40	-960.55	17.01	59.23	70.81
2024-09-05T08:07:54	-542.58	3219.66	-969.13	16.29	58.61	69.81
2024-09-05T08:07:56	-544.46	3221.92	-977.70	15.73	58.23	68.96
2024-09-05T08:07:58	-546.35	3224.17	-986.27	15.55	58.10	68.29
2024-09-05T08:08:00	-548.23	3226.41	-994.83	15.39	57.88	67.52
2024-09-05T08:08:02	-550.12	3228.65	-1003.39	15.23	57.56	66.65
2024-09-05T08:08:04	-551.99	3230.88	-1011.96	15.08	57.16	65.67
2024-09-05T08:08:06	-553.88	3233.10	-1020.51	14.93	56.66	64.56
2024-09-05T08:08:08	-555.75	3235.32	-1029.07	14.75	56.00	63.35
2024-09-05T08:08:10	-557.63	3237.52	-1037.62	14.02	54.27	62.05
2024-09-05T08:08:12	-559.50	3239.72	-1046.18	13.02	52.06	60.75
2024-09-05T08:08:14	-561.38	3241.92	-1054.73	12.06	49.92	59.53
2024-09-05T08:08:16	-563.25	3244.10	-1063.27	11.11	47.83	58.38
2024-09-05T08:08:18	-565.13	3246.28	-1071.82	10.18	45.81	57.31
2024-09-05T08:08:20	-567.00	3248.46	-1080.36	9.25	43.85	56.33
2024-09-05T08:08:22	-568.87	3250.62	-1088.91	8.30	41.94	55.43
2024-09-05T08:08:24	-570.73	3252.78	-1097.44	7.22	40.50	54.01
2024-09-05T08:08:26	-572.60	3254.94	-1105.98	6.13	39.16	52.61
2024-09-05T08:08:28	-574.47	3257.08	-1114.51	5.09	37.89	51.26
2024-09-05T08:08:30	-576.33	3259.22	-1123.04	4.23	36.74	49.84
2024-09-05T08:08:32	-578.20	3261.35	-1131.57	3.43	35.68	48.41
2024-09-05T08:08:34	-580.06	3263.48	-1140.10	2.67	34.71	46.97
2024-09-05T08:08:36	-581.92	3265.60	-1148.63	2.17	33.77	45.41
2024-09-05T08:08:38	-583.78	3267.71	-1157.15	2.46	32.70	43.51
2024-09-05T08:08:40	-585.64	3269.81	-1165.67	2.73	31.59	41.65
2024-09-05T08:08:42	-587.50	3271.91	-1174.19	2.97	30.45	39.84
2024-09-05T08:08:44	-589.35	3274.01	-1182.70	3.20	29.30	38.06
2024-09-05T08:08:46	-591.21	3276.09	-1191.22	3.41	28.13	36.32
2024-09-05T08:08:48	-593.06	3278.17	-1199.73	3.60	26.96	34.61
2024-09-05T08:08:50	-594.92	3280.25	-1208.23	3.44	25.82	33.37
2024-09-05T08:08:52	-596.77	3282.31	-1216.74	2.99	24.76	32.56
2024-09-05T08:08:54	-598.62	3284.37	-1225.24	2.61	23.75	31.77
2024-09-05T08:08:56	-600.47	3286.43	-1233.74	2.28	22.80	31.00
2024-09-05T08:08:58	-602.32	3288.47	-1242.24	2.01	21.90	30.25
2024-09-05T08:09:00	-604.16	3290.51	-1250.74	1.81	21.07	29.52
2024-09-05T08:09:02	-606.01	3292.55	-1259.23	1.66	20.29	28.82
2024-09-05T08:09:04	-607.85	3294.58	-1267.72	1.45	19.56	27.71
2024-09-05T08:09:06	-609.70	3296.60	-1276.21	1.23	18.87	26.45
2024-09-05T08:09:08	-611.54	3298.61	-1284.70	1.03	18.21	25.18
2024-09-05T08:09:10	-613.38	3300.62	-1293.18	0.89	17.53	23.87
2024-09-05T08:09:12	-615.22	3302.63	-1301.67	0.80	16.82	22.55
2024-09-05T08:09:14	-617.06	3304.62	-1310.15	0.75	16.12	21.27
2024-09-05T08:09:16	-618.90	3306.61	-1318.62	0.75	15.42	20.02
2024-09-05T08:09:18	-620.73	3308.60	-1327.10	1.01	14.33	18.89
2024-09-05T08:09:20	-622.57	3310.58	-1335.57	1.27	13.25	17.78
2024-09-05T08:09:22	-624.40	3312.55	-1344.04	1.53	12.17	16.69
2024-09-05T08:09:24	-626.24	3314.52	-1352.50	1.79	11.08	15.58
2024-09-05T08:09:26	-628.07	3316.48	-1360.97	2.06	9.97	14.42
2024-09-05T08:09:28	-629.90	3318.43	-1369.43	2.32	8.91	13.26
2024-09-05T08:09:30	-631.73	3320.38	-1377.89	2.60	7.92	12.11
2024-09-05T08:09:32	-633.56	3322.32	-1386.35	2.88	7.05	11.00
2024-09-05T08:09:34	-635.38	3324.26	-1394.80	3.14	6.22	9.92
2024-09-05T08:09:36	-637.21	3326.19	-1403.25	3.40	5.40	8.85
2024-09-05T08:09:38	-639.04	3328.11	-1411.70	3.65	4.61	7.80
2024-09-05T08:09:40	-640.86	3330.03	-1420.15	3.88	3.85	6.78
2024-09-05T08:09:42	-642.68	3331.94	-1428.59	4.11	3.11	5.77
2024-09-05T08:09:44	-644.50	3333.85	-1437.04	4.32	2.44	4.89
2024-09-05T08:09:46	-646.32	3335.75	-1445.47	4.52	1.80	4.13
2024-09-05T08:09:48	-648.14	3337.64	-1453.91	4.70	1.17	3.37
2024-09-05T08:09:50	-649.96	3339.53	-1462.35	4.88	0.54	2.63
2024-09-05T08:09:52	-651.78	3341.41	-1470.78	5.05	-0.08	1.89
2024-09-05T08:09:54	-653.59	3343.29	-1479.21	5.20	-0.71	1.17
2024-09-05T08:09:56	-655.41	3345.16	-1487.63	5.35	-1.33	0.44
2024-09-05T08:09:58	-657.22	3347.03	-1496.06	5.60	-1.83	-0.20
2024-09-05T08:10:00	-659.03	3348.89	-1504.48	5.90	-2.28	-0.82
2024-09-05T08:10:02	-660.84	3350.74	-1512.90	6.21	-2.73	-1.42
2024-09-05T08:10:04	-662.66	3352.59	-1521.31	6.53	-3.19	-2.02
2024-09-05T08:10:06	-664.46	3354.44	-1529.73	6.86	-3.64	-2.61
2024-09-05T08:10:08	-666.27	3356.27	-1538.14	7.20	-4.10	-3.18
2024-09-05T08:10:10	-668.08	3358.11	-1546.55	7.55	-4.57	-3.75
2024-09-05T08:10:12	-669.88	3359.93	-1554.95	7.72	-4.95	-4.33
2024-09-05T08:10:14	-671.69	3361.75	-1563.36	7.86	-5.31	-4.92
2024-09-05T08:10:16	-673.49	3363.57	-1571.76	8.00	-5.67	-5.50
2024-09-05T08:10:18	-675.29	3365.38	-1580.16	8.12	-6.01	-6.05
2024-09-05T08:10:20	-677.10	3367.18	-1588.55	8.24	-6.36	-6.58
2024-09-05T08:10:22	-678.90	3368.98	-1596.95	8.36	-6.71	-7.10
2024-09-05T08:10:24	-680.69	3370.77	-1605.34	8.50	-7.04	-7.60
2024-09-05T08:10:26	-682.49	3372.56	-1613.72	8.74	-7.30	-8.07
2024-09-05T08:10:28	-684.29	3374.35	-1622.11	8.98	-7.56	-8.55
2024-09-05T08:10:30	-686.08	3376.12	-1630.49	9.19	-7.83	-9.02
2024-09-05T08:10:32	-687.88	3377.89	-1638.87	9.39	-8.11	-9.49
2024-09-05T08:10:34	-689.67	3379.66	-1647.25	9.58	-8.40	-9.96
2024-09-05T08:10:36	-691.47	3381.42	-1655.63	9.75	-8.70	-10.43
2024-09-05T08:10:38	-693.26	3383.18	-1664.00	9.84	-8.97	-10.81
2024-09-05T08:10:40	-695.05	3384.93	-1672.37	9.81	-9.16	-11.00
2024-09-05T08:10:42	-696.84	3386.68	-1680.74	9.80	-9.35	-11.20
2024-09-05T08:10:44	-698.62	3388.42	-1689.10	9.81	-9.53	-11.42
2024-09-05T08:10:46	-700.41	3390.15	-1697.46	9.85	-9.70	-11.64
2024-09-05T08:10:48	-702.20	3391.88	-1705.82	9.90	-9.88	-11.87
2024-09-05T08:10:50	-703.98	3393.60	-1714.18	9.98	-10.05	-12.11
2024-09-05T08:10:52	-705.77	3395.32	-1722.53	10.06	-10.21	-12.41
2024-09-05T08:10:54	-707.55	3397.04	-1730.88	10.13	-10.33	-12.77
2024-09-05T08:10:56	-709.33	3398.75	-1739.23	10.20	-10.45	-13.11
2024-09-05T08:10:58	-711.11	3400.45	-1747.58	10.28	-10.57	-13.45
2024-09-05T08:11:00	-712.89	3402.15	-1755.92	10.35	-10.70	-13.77
2024-09-05T08:11:02	-714.67	3403.84	-1764.26	10.44	-10.82	-14.07
2024-09-05T08:11:04	-716.45	3405.53	-1772.60	10.53	-10.94	-14.36
2024-09-05T08:11:06	-718.22	3407.22	-1780.94	10.64	-10.94	-14.59
2024-09-05T08:11:08	-720.00	3408.89	-1789.27	10.76	-10.85	-14.81
2024-09-05T08:11:10	-721.77	3410.57	-1797.60	10.87	-10.73	-15.03
2024-09-05T08:11:12	-723.54	3412.24	-1805.93	10.96	-10.58	-15.27
2024-09-05T08:11:14	-725.31	3413.90	-1814.25	11.03	-10.42	-15.52
2024-09-05T08:11:16	-727.09	3415.56	-1822.58	11.07	-10.23	-15.78
2024-09-05T08:11:18	-728.85	3417.22	-1830.90	11.07	-10.05	-16.04
2024-09-05T08:11:20	-730.62	3418.86	-1839.22	11.01	-9.96	-16.21
2024-09-05T08:11:22	-732.39	3420.51	-1847.53	10.92	-9.86	-16.33
2024-09-05T08:11:24	-734.16	3422.15	-1855.84	10.83	-9.73	-16.43
2024-09-05T08:11:26	-735.92	3423.78	-1864.15	10.72	-9.55	-16.52
2024-09-05T08:11:28	-737.69	3425.41	-1872.46	10.59	-9.34	-16.59
2024-09-05T08:11:30	-739.45	3427.04	-1880.76	10.46	-9.09	-16.63
2024-09-05T08:11:32	-741.21	3428.66	-1889.07	10.31	-8.82	-16.65
2024-09-05T08:11:34	-742.98	3430.27	-1897.36	10.24	-8.99	-16.34
2024-09-05T08:11:36	-744.74	3431.88	-1905.66	10.20	-9.21	-16.03
2024-09-05T08:11:38	-746.50	3433.49	-1913.96	10.15	-9.40	-15.74
2024-09-05T08:11:40	-748.25	3435.09	-1922.25	10.10	-9.57	-15.48
2024-09-05T08:11:42	-750.01	3436.68	-1930.53	10.06	-9.72	-15.25
2024-09-05T08:11:44	-751.77	3438.28	-1938.82	10.02	-9.85	-15.05
2024-09-05T08:11:46	-753.52	3439.86	-1947.10	9.98	-9.97	-14.88
2024-09-05T08:11:48	-755.28	3441.45	-1955.38	10.07	-10.08	-14.93
2024-09-05T08:11:50	-757.03	3443.02	-1963.66	10.18	-10.19	-14.98
2024-09-05T08:11:52	-758.78	3444.60	-1971.94	10.31	-10.29	-15.03
2024-09-05T08:11:54	-760.53	3446.17	-1980.21	10.46	-10.39	-15.07
2024-09-05T08:11:56	-762.28	3447.73	-1988.48	10.61	-10.47	-15.11
2024-09-05T08:11:58	-764.03	3449.29	-1996.75	10.77	-10.55	-15.14
2024-09-05T08:12:00	-765.78	3450.84	-2005.01	10.92	-10.61	-15.18
2024-09-05T08:12:02	-767.53	3452.40	-2013.28	10.74	-10.62	-15.37
2024-09-05T08:12:04	-769.27	3453.94	-2021.54	10.57	-10.64	-15.55
2024-09-05T08:12:06	-771.02	3455.48	-2029.79	10.39	-10.66	-15.74
2024-09-05T08:12:08	-772.76	3457.02	-2038.05	10.21	-10.69	-15.92
2024-09-05T08:12:10	-774.50	3458.55	-2046.30	10.03	-10.73	-16.11
2024-09-05T08:12:12	-776.25	3460.08	-2054.55	9.84	-10.77	-16.30
2024-09-05T08:12:14	-777.99	3461.60	-2062.79	9.71	-10.83	-16.49
2024-09-05T08:12:16	-779.73	3463.12	-2071.04	9.89	-11.01	-16.59
2024-09-05T08:12:18	-781.47	3464.64	-2079.28	10.08	-11.22	-16.70
2024-09-05T08:12:20	-783.21	3466.15	-2087.52	10.28	-11.46	-16.83
2024-09-05T08:12:22	-784.94	3467.65	-2095.75	10.49	-11.72	-16.92
2024-09-05T08:12:24	-786.68	3469.16	-2103.99	10.68	-11.98	-16.97
2024-09-05T08:12:26	-788.41	3470.65	-2112.22	10.86	-12.25	-17.03
2024-09-05T08:12:28	-790.15	3472.15	-2120.44	11.02	-12.48	-17.06
2024-09-05T08:12:30	-791.88	3473.64	-2128.67	11.19	-12.55	-16.91
2024-09-05T08:12:32	-793.61	3475.12	-2136.89	11.36	-12.60	-16.74
2024-09-05T08:12:34	-795.34	3476.60	-2145.11	11.51	-12.64	-16.55
2024-09-05T08:12:36	-797.07	3478.08	-2153.33	11.66	-12.66	-16.32
2024-09-05T08:12:38	-798.80	3479.55	-2161.54	11.80	-12.67	-16.08
2024-09-05T08:12:40	-800.53	3481.02	-2169.76	11.92	-12.65	-15.80
2024-09-05T08:12:42	-802.26	3482.48	-2177.97	11.97	-12.52	-15.54
2024-09-05T08:12:44	-803.98	3483.94	-2186.17	11.81	-12.05	-15.41
2024-09-05T08:12:46	-805.71	3485.39	-2194.38	11.68	-11.57	-15.28
2024-09-05T08:12:48	-807.44	3486.84	-2202.58	11.57	-11.10	-15.17
2024-09-05T08:12:50	-809.16	3488.29	-2210.78	11.50	-10.63	-15.07
2024-09-05T08:12:52	-810.88	3489.73	-2218.98	11.49	-10.18	-14.96
2024-09-05T08:12:54	-812.60	3491.17	-2227.17	11.53	-9.73	-14.86
2024-09-05T08:12:56	-814.32	3492.61	-2235.36	11.54	-9.40	-14.77
2024-09-05T08:12:58	-816.04	3494.04	-2243.55	11.34	-9.40	-14.74
2024-09-05T08:13:00	-817.76	3495.46	-2251.74	11.15	-9.39	-14.73
2024-09-05T08:13:02	-819.48	3496.89	-2259.92	10.96	-9.38	-14.73
2024-09-05T08:13:04	-821.19	3498.31	-2268.10	10.77	-9.36	-14.74
2024-09-05T08:13:06	-822.91	3499.72	-2276.28	10.59	-9.33	-14.76
2024-09-05T08:13:08	-824.62	3501.13	-2284.45	10.43	-9.29	-14.79
2024-09-05T08:13:10	-826.34	3502.54	-2292.63	10.30	-9.27	-14.82
2024-09-05T08:13:12	-828.05	3503.94	-2300.80	10.23	-9.34	-14.85
2024-09-05T08:13:14	-829.76	3505.34	-2308.97	10.14	-9.43	-14.90
2024-09-05T08:13:16	-831.47	3506.73	-2317.13	10.03	-9.52	-14.98
2024-09-05T08:13:18	-833.18	3508.12	-2325.30	9.89	-9.63	-15.09
2024-09-05T08:13:20	-834.89	3509.51	-2333.45	9.73	-9.75	-15.22
2024-09-05T08:13:22	-836.60	3510.89	-2341.61	9.54	-9.89	-15.37
2024-09-05T08:13:24	-838.31	3512.27	-2349.77	9.42	-10.03	-15.54
2024-09-05T08:13:26	-840.01	3513.64	-2357.92	9.55	-10.18	-15.69
2024-09-05T08:13:28	-841.72	3515.02	-2366.07	9.68	-10.31	-15.82
2024-09-05T08:13:30	-843.42	3516.38	-2374.22	9.80	-10.43	-15.92
2024-09-05T08:13:32	-845.13	3517.75	-2382.36	9.91	-10.54	-15.99
2024-09-05T08:13:34	-846.83	3519.11	-2390.50	10.00	-10.62	-16.04
2024-09-05T08:13:36	-848.53	3520.46	-2398.64	10.07	-10.69	-16.08
2024-09-05T08:13:38	-850.23	3521.82	-2406.78	10.15	-10.73	-16.08
2024-09-05T08:13:40	-851.93	3523.16	-2414.91	10.29	-10.75	-16.00
2024-09-05T08:13:42	-853.63	3524.51	-2423.04	10.45	-10.78	-15.93
2024-09-05T08:13:44	-855.33	3525.85	-2431.17	10.63	-10.81	-15.87
2024-09-05T08:13:46	-857.03	3527.19	-2439.30	10.83	-10.85	-15.82
2024-09-05T08:13:48	-858.72	3528.52	-2447.42	11.05	-10.89	-15.79
2024-09-05T08:13:50	-860.42	3529.85	-2455.55	11.29	-10.94	-15.76
2024-09-05T08:13:52	-862.11	3531.18	-2463.67	11.51	-10.96	-15.76
2024-09-05T08:13:54	-863.80	3532.50	-2471.78	11.55	-10.88	-15.79
2024-09-05T08:13:56	-865.50	3533.82	-2479.89	11.57	-10.80	-15.80
2024-09-05T08:13:58	-867.19	3535.13	-2488.01	11.58	-10.72	-15.80
2024-09-05T08:14:00	-868.88	3536.44	-2496.12	11.56	-10.64	-15.79
2024-09-05T08:14:02	-870.57	3537.75	-2504.22	11.52	-10.57	-15.75
2024-09-05T08:14:04	-872.26	3539.06	-2512.32	11.46	-10.49	-15.70
2024-09-05T08:14:06	-873.95	3540.36	-2520.42	11.40	-10.40	-15.60
2024-09-05T08:14:08	-875.63	3541.66	-2528.52	11.39	-10.27	-15.40
2024-09-05T08:14:10	-877.32	3542.95	-2536.62	11.36	-10.13	-15.19
2024-09-05T08:14:12	-879.01	3544.24	-2544.71	11.32	-9.99	-14.97
2024-09-05T08:14:14	-880.69	3545.52	-2552.80	11.26	-9.85	-14.74
2024-09-05T08:14:16	-882.37	3546.81	-2560.89	11.18	-9.71	-14.53
2024-09-05T08:14:18	-884.06	3548.09	-2568.98	11.08	-9.57	-14.31
2024-09-05T08:14:20	-885.74	3549.36	-2577.06	10.96	-9.44	-14.10
2024-09-05T08:14:22	-887.42	3550.63	-2585.14	10.89	-9.44	-13.87
2024-09-05T08:14:24	-889.10	3551.90	-2593.22	10.83	-9.44	-13.65
2024-09-05T08:14:26	-890.78	3553.17	-2601.30	10.77	-9.45	-13.44
2024-09-05T08:14:28	-892.46	3554.43	-2609.37	10.72	-9.46	-13.23
2024-09-05T08:14:30	-894.13	3555.69	-2617.44	10.67	-9.48	-13.04
2024-09-05T08:14:32	-895.81	3556.95	-2625.51	10.62	-9.51	-12.85
2024-09-05T08:14:34	-897.49	3558.20	-2633.57	10.58	-9.54	-12.66
2024-09-05T08:14:36	-899.16	3559.45	-2641.63	10.65	-9.71	-12.80
2024-09-05T08:14:38	-900.84	3560.69	-2649.70	10.75	-9.88	-12.95
2024-09-05T08:14:40	-902.51	3561.93	-2657.75	10.86	-10.06	-13.09
2024-09-05T08:14:42	-904.18	3563.17	-2665.81	10.97	-10.23	-13.23
2024-09-05T08:14:44	-905.85	3564.41	-2673.86	11.08	-10.41	-13.35
2024-09-05T08:14:46	-907.52	3565.64	-2681.91	11.19	-10.60	-13.47
2024-09-05T08:14:48	-909.19	3566.87	-2689.96	11.31	-10.78	-13.58
2024-09-05T08:14:50	-910.86	3568.09	-2698.01	11.21	-10.81	-13.48
2024-09-05T08:14:52	-912.53	3569.31	-2706.05	11.12	-10.80	-13.36
2024-09-05T08:14:54	-914.19	3570.53	-2714.09	11.04	-10.79	-13.26
2024-09-05T08:14:56	-915.86	3571.75	-2722.12	10.99	-10.76	-13.16
2024-09-05T08:14:58	-917.53	3572.96	-2730.16	10.95	-10.72	-13.07
2024-09-05T08:15:00	-919.19	3574.17	-2738.19	10.93	-10.68	-12.99
2024-09-05T08:15:02	-920.86	3575.37	-2746.22	10.93	-10.63	-12.92
2024-09-05T08:15:04	-922.52	3576.57	-2754.25	10.88	-10.74	-12.95
2024-09-05T08:15:06	-924.18	3577.77	-2762.28	10.81	-10.89	-13.01
2024-09-05T08:15:08	-925.84	3578.97	-2770.30	10.75	-11.01	-13.09
2024-09-05T08:15:10	-927.50	3580.16	-2778.32	10.69	-11.12	-13.17
2024-09-05T08:15:12	-929.16	3581.35	-2786.34	10.64	-11.22	-13.26
2024-09-05T08:15:14	-930.82	3582.54	-2794.35	10.59	-11.29	-13.35
2024-09-05T08:15:16	-932.48	3583.72	-2802.37	10.55	-11.34	-13.45
2024-09-05T08:15:18	-934.14	3584.90	-2810.38	10.47	-11.35	-13.44
2024-09-05T08:15:20	-935.79	3586.08	-2818.39	10.35	-11.36	-13.36
2024-09-05T08:15:22	-937.45	3587.25	-2826.39	10.21	-11.38	-13.28
2024-09-05T08:15:24	-939.10	3588.42	-2834.40	10.06	-11.40	-13.19
2024-09-05T08:15:26	-940.76	3589.59	-2842.40	9.88	-11.42	-13.09
2024-09-05T08:15:28	-942.41	3590.76	-2850.40	9.68	-11.45	-12.99
2024-09-05T08:15:30	-944.06	3591.92	-2858.39	9.46	-11.48	-12.89
2024-09-05T08:15:32	-945.71	3593.07	-2866.39	9.38	-11.47	-12.88
2024-09-05T08:15:34	-947.36	3594.23	-2874.38	9.45	-11.44	-12.96
2024-09-05T08:15:36	-949.02	3595.38	-2882.36	9.50	-11.44	-13.05
2024-09-05T08:15:38	-950.66	3596.53	-2890.35	9.55	-11.49	-13.14
2024-09-05T08:15:40	-952.31	3597.68	-2898.33	9.58	-11.58	-13.23
2024-09-05T08:15:42	-953.96	3598.82	-2906.32	9.61	-11.72	-13.32
2024-09-05T08:15:44	-955.61	3599.96	-2914.29	9.63	-11.89	-13.41
2024-09-05T08:15:46	-957.25	3601.10	-2922.27	9.75	-11.80	-13.45
2024-09-05T08:15:48	-958.90	3602.23	-2930.24	9.95	-11.40	-13.45
2024-09-05T08:15:50	-960.54	3603.36	-2938.22	10.14	-11.03	-13.45
2024-09-05T08:15:52	-962.18	3604.49	-2946.19	10.34	-10.71	-13.45
2024-09-05T08:15:54	-963.83	3605.61	-2954.15	10.53	-10.42	-13.46
2024-09-05T08:15:56	-965.47	3606.74	-2962.12	10.72	-10.18	-13.46
2024-09-05T08:15:58	-967.11	3607.86	-2970.08	10.90	-9.98	-13.45
2024-09-05T08:16:00	-968.75	3608.97	-2978.04	11.04	-9.83	-13.46
2024-09-05T08:16:02	-970.39	3610.09	-2985.99	10.96	-9.81	-13.54
2024-09-05T08:16:04	-972.03	3611.20	-2993.95	10.90	-9.77	-13.63
2024-09-05T08:16:06	-973.66	3612.31	-3001.90	10.86	-9.70	-13.73
2024-09-05T08:16:08	-975.30	3613.41	-3009.85	10.82	-9.61	-13.84
2024-09-05T08:16:10	-976.94	3614.51	-3017.80	10.80	-9.49	-13.95
2024-09-05T08:16:12	-978.57	3615.61	-3025.74	10.78	-9.34	-14.07
2024-09-05T08:16:14	-980.21	3616.71	-3033.69	10.78	-9.18	-14.19
2024-09-05T08:16:16	-981.84	3617.80	-3041.63	10.68	-9.32	-14.21
2024-09-05T08:16:18	-983.48	3618.89	-3049.56	10.57	-9.47	-14.23
2024-09-05T08:16:20	-985.11	3619.98	-3057.50	10.43	-9.59	-14.22
2024-09-05T08:16:22	-986.74	3621.06	-3065.43	10.27	-9.70	-14.21
2024-09-05T08:16:24	-988.37	3622.15	-3073.36	10.10	-9.80	-14.18
2024-09-05T08:16:26	-990.00	3623.23	-3081.29	9.92	-9.88	-14.15
2024-09-05T08:16:28	-991.63	3624.31	-3089.22	9.73	-9.94	-14.11
2024-09-05T08:16:30	-993.26	3625.38	-3097.14	9.70	-9.97	-14.00
2024-09-05T08:16:32	-994.89	3626.45	-3105.06	9.72	-10.02	-13.90
2024-09-05T08:16:34	-996.51	3627.52	-3112.98	9.73	-10.08	-13.83
2024-09-05T08:16:36	-998.14	3628.58	-3120.90	9.72	-10.16	-13.78
2024-09-05T08:16:38	-999.77	3629.65	-3128.81	9.71	-10.27	-13.76
2024-09-05T08:16:40	-1001.39	3630.71	-3136.72	9.69	-10.40	-13.77
2024-09-05T08:16:42	-1003.01	3631.76	-3144.63	9.67	-10.56	-13.82
2024-09-05T08:16:44	-1004.64	3632.82	-3152.54	9.72	-10.65	-13.79
2024-09-05T08:16:46	-1006.26	3633.87	-3160.45	9.84	-10.66	-13.70
2024-09-05T08:16:48	-1007.88	3634.92	-3168.35	9.96	-10.68	-13.61
2024-09-05T08:16:50	-1009.50	3635.97	-3176.25	10.09	-10.71	-13.53
2024-09-05T08:16:52	-1011.12	3637.01	-3184.15	10.21	-10.73	-13.44
2024-09-05T08:16:54	-1012.74	3638.05	-3192.04	10.33	-10.76	-13.36
2024-09-05T08:16:56	-1014.36	3639.09	-3199.94	10.45	-10.76	-13.29
2024-09-05T08:16:58	-1015.98	3640.13	-3207.83	10.53	-10.76	-13.22
2024-09-05T08:17:00	-1017.60	3641.16	-3215.72	10.55	-10.75	-13.12
2024-09-05T08:17:02	-1019.21	3642.19	-3223.60	10.57	-10.73	-13.02
2024-09-05T08:17:04	-1020.83	3643.22	-3231.48	10.58	-10.73	-12.92
2024-09-05T08:17:06	-1022.44	3644.25	-3239.37	10.59	-10.72	-12.82
2024-09-05T08:17:08	-1024.06	3645.27	-3247.25	10.58	-10.72	-12.71
2024-09-05T08:17:10	-1025.67	3646.29	-3255.12	10.57	-10.73	-12.60
2024-09-05T08:17:12	-1027.28	3647.31	-3263.00	10.55	-10.73	-12.50
2024-09-05T08:17:14	-1028.90	3648.32	-3270.87	10.56	-10.71	-12.47
2024-09-05T08:17:16	-1030.51	3649.34	-3278.74	10.59	-10.69	-12.43
2024-09-05T08:17:18	-1032.12	3650.35	-3286.61	10.65	-10.65	-12.37
2024-09-05T08:17:20	-1033.73	3651.36	-3294.47	10.74	-10.62	-12.29
2024-09-05T08:17:22	-1035.34	3652.36	-3302.34	10.85	-10.57	-12.19
2024-09-05T08:17:24	-1036.95	3653.36	-3310.20	10.98	-10.52	-12.08
2024-09-05T08:17:26	-1038.55	3654.36	-3318.06	11.15	-10.47	-11.95
2024-09-05T08:17:28	-1040.16	3655.36	-3325.91	11.20	-10.59	-12.05
2024-09-05T08:17:30	-1041.77	3656.36	-3333.77	11.21	-10.74	-12.22
2024-09-05T08:17:32	-1043.37	3657.35	-3341.62	11.21	-10.89	-12.38
2024-09-05T08:17:34	-1044.98	3658.34	-3349.47	11.20	-11.04	-12.55
2024-09-05T08:17:36	-1046.58	3659.33	-3357.32	11.18	-11.18	-12.69
2024-09-05T08:17:38	-1048.19	3660.31	-3365.16	11.16	-11.29	-12.83
2024-09-05T08:17:40	-1049.79	3661.30	-3373.00	11.14	-11.40	-12.96
2024-09-05T08:17:42	-1051.39	3662.28	-3380.84	11.01	-11.38	-12.96
2024-09-05T08:17:44	-1052.99	3663.25	-3388.68	10.78	-11.24	-12.85
2024-09-05T08:17:46	-1054.59	3664.23	-3396.52	10.55	-11.11	-12.75
2024-09-05T08:17:48	-1056.19	3665.20	-3404.35	10.33	-10.98	-12.67
2024-09-05T08:17:50	-1057.79	3666.17	-3412.18	10.11	-10.85	-12.61
2024-09-05T08:17:52	-1059.39	3667.14	-3420.01	9.89	-10.71	-12.56
2024-09-05T08:17:54	-1060.99	3668.11	-3427.84	9.68	-10.58	-12.53
2024-09-05T08:17:56	-1062.59	3669.07	-3435.66	9.52	-10.46	-12.53
2024-09-05T08:17:58	-1064.18	3670.03	-3443.49	9.58	-10.39	-12.58
2024-09-05T08:18:00	-1065.78	3670.99	-3451.31	9.62	-10.34	-12.63
2024-09-05T08:18:02	-1067.37	3671.95	-3459.12	9.66	-10.29	-12.68
2024-09-05T08:18:04	-1068.97	3672.90	-3466.94	9.68	-10.26	-12.73
2024-09-05T08:18:06	-1070.56	3673.85	-3474.75	9.69	-10.23	-12.79
2024-09-05T08:18:08	-1072.16	3674.80	-3482.57	9.69	-10.21	-12.84
2024-09-05T08:18:10	-1073.75	3675.75	-3490.38	9.68	-10.19	-12.89
2024-09-05T08:18:12	-1075.34	3676.69	-3498.18	9.77	-10.05	-12.78
2024-09-05T08:18:14	-1076.93	3677.64	-3505.99	9.88	-9.88	-12.66
2024-09-05T08:18:16	-1078.52	3678.58	-3513.79	9.98	-9.72	-12.54
2024-09-05T08:18:18	-1080.11	3679.52	-3521.59	10.07	-9.55	-12.44
2024-09-05T08:18:20	-1081.70	3680.45	-3529.39	10.15	-9.39	-12.34
2024-09-05T08:18:22	-1083.29	3681.38	-3537.19	10.22	-9.22	-12.24
2024-09-05T08:18:24	-1084.88	3682.32	-3544.98	10.29	-9.06	-12.16
2024-09-05T08:18:26	-1086.46	3683.25	-3552.77	10.31	-8.90	-12.13
2024-09-05T08:18:28	-1088.05	3684.17	-3560.56	10.31	-8.76	-12.14
2024-09-05T08:18:30	-1089.63	3685.10	-3568.35	10.33	-8.62	-12.15
2024-09-05T08:18:32	-1091.22	3686.02	-3576.13	10.36	-8.48	-12.16
2024-09-05T08:18:34	-1092.80	3686.94	-3583.91	10.41	-8.35	-12.18
2024-09-05T08:18:36	-1094.39	3687.86	-3591.69	10.47	-8.22	-12.20
2024-09-05T08:18:38	-1095.97	3688.77	-3599.47	10.55	-8.09	-12.22
2024-09-05T08:18:40	-1097.55	3689.68	-3607.25	10.63	-8.00	-12.27
2024-09-05T08:18:42	-1099.13	3690.60	-3615.02	10.70	-8.07	-12.41
2024-09-05T08:18:44	-1100.71	3691.50	-3622.79	10.78	-8.13	-12.54
2024-09-05T08:18:46	-1102.29	3692.41	-3630.57	10.87	-8.18	-12.68
2024-09-05T08:18:48	-1103.87	3693.31	-3638.33	10.97	-8.23	-12.81
2024-09-05T08:18:50	-1105.45	3694.22	-3646.10	11.08	-8.27	-12.94
2024-09-05T08:18:52	-1107.03	3695.12	-3653.86	11.20	-8.31	-13.07
2024-09-05T08:18:54	-1108.61	3696.01	-3661.63	11.33	-8.33	-13.20
2024-09-05T08:18:56	-1110.19	3696.91	-3669.38	11.33	-8.34	-13.18
2024-09-05T08:18:58	-1111.76	3697.80	-3677.14	11.29	-8.34	-13.11
2024-09-05T08:19:00	-1113.34	3698.70	-3684.90	11.26	-8.34	-13.02
2024-09-05T08:19:02	-1114.91	3699.58	-3692.65	11.23	-8.32	-12.91
2024-09-05T08:19:04	-1116.49	3700.47	-3700.40	11.19	-8.29	-12.77
2024-09-05T08:19:06	-1118.06	3701.36	-3708.15	11.16	-8.26	-12.60
2024-09-05T08:19:08	-1119.63	3702.24	-3715.89	11.13	-8.22	-12.41
2024-09-05T08:19:10	-1121.21	3703.12	-3723.64	11.02	-8.21	-12.34
2024-09-05T08:19:12	-1122.78	3704.00	-3731.38	10.82	-8.25	-12.42
2024-09-05T08:19:14	-1124.35	3704.87	-3739.12	10.61	-8.29	-12.51
2024-09-05T08:19:16	-1125.92	3705.75	-3746.86	10.40	-8.34	-12.60
2024-09-05T08:19:18	-1127.49	3706.62	-3754.59	10.18	-8.39	-12.70
2024-09-05T08:19:20	-1129.06	3707.49	-3762.33	9.94	-8.48	-12.80
2024-09-05T08:19:22	-1130.63	3708.36	-3770.06	9.72	-8.57	-12.89
2024-09-05T08:19:24	-1132.20	3709.23	-3777.79	9.52	-8.66	-12.99
2024-09-05T08:19:26	-1133.76	3710.09	-3785.51	9.63	-8.79	-13.24
2024-09-05T08:19:28	-1135.33	3710.95	-3793.24	9.74	-8.91	-13.51
2024-09-05T08:19:30	-1136.90	3711.81	-3800.96	9.85	-9.03	-13.77
2024-09-05T08:19:32	-1138.46	3712.67	-3808.68	9.96	-9.14	-14.05
