Time	POS_X	POS_Y	POS_Z	B_X	B_Y	B_Z
2024-09-05T07:38:06	1157.16	-1700.05	5030.58	-9.96	22.32	1.94
2024-09-05T07:38:08	1155.60	-1693.56	5026.31	-10.16	22.19	1.78
2024-09-05T07:38:10	1154.04	-1687.07	5022.03	-10.35	22.15	1.69
2024-09-05T07:38:12	1152.48	-1680.57	5017.75	-10.52	22.15	1.65
2024-09-05T07:38:14	1150.92	-1674.08	5013.47	-10.66	22.20	1.66
2024-09-05T07:38:16	1149.36	-1667.59	5009.18	-10.79	22.28	1.72
2024-09-05T07:38:18	1147.80	-1661.09	5004.90	-10.89	22.41	1.83
2024-09-05T07:38:20	1146.24	-1654.60	5000.60	-11.07	22.77	2.17
2024-09-05T07:38:22	1144.68	-1648.10	4996.31	-11.25	23.17	2.47
2024-09-05T07:38:24	1143.11	-1641.60	4992.01	-11.43	23.59	2.75
2024-09-05T07:38:26	1141.55	-1635.10	4987.71	-11.61	24.04	2.99
2024-09-05T07:38:28	1139.99	-1628.60	4983.41	-11.79	24.52	3.19
2024-09-05T07:38:30	1138.42	-1622.10	4979.11	-11.98	25.03	3.34
2024-09-05T07:38:32	1136.86	-1615.60	4974.80	-12.16	25.58	3.46
2024-09-05T07:38:34	1135.29	-1609.09	4970.48	-12.36	26.02	3.47
2024-09-05T07:38:36	1133.72	-1602.59	4966.17	-12.56	26.10	3.32
2024-09-05T07:38:38	1132.16	-1596.08	4961.85	-12.75	25.71	3.05
2024-09-05T07:38:40	1130.59	-1589.58	4957.54	-12.92	25.35	2.77
2024-09-05T07:38:42	1129.02	-1583.07	4953.21	-13.08	25.03	2.48
2024-09-05T07:38:44	1127.45	-1576.56	4948.89	-13.24	24.74	2.19
2024-09-05T07:38:46	1125.88	-1570.06	4944.56	-13.38	24.50	1.90
2024-09-05T07:38:48	1124.31	-1563.55	4940.23	-13.51	24.30	1.60
2024-09-05T07:38:50	1122.74	-1557.04	4935.89	-13.63	24.14	1.32
2024-09-05T07:38:52	1121.17	-1550.52	4931.56	-13.73	24.03	1.05
2024-09-05T07:38:54	1119.59	-1544.01	4927.22	-13.80	23.87	0.85
2024-09-05T07:38:56	1118.02	-1537.50	4922.87	-13.86	23.56	0.77
2024-09-05T07:38:58	1116.45	-1530.99	4918.53	-13.94	23.20	0.72
2024-09-05T07:39:00	1114.87	-1524.47	4914.18	-14.11	22.83	0.69
2024-09-05T07:39:02	1113.30	-1517.96	4909.83	-14.45	22.52	0.58
2024-09-05T07:39:04	1111.72	-1511.44	4905.47	-14.78	22.24	0.45
2024-09-05T07:39:06	1110.15	-1504.92	4901.11	-15.08	22.00	0.31
2024-09-05T07:39:08	1108.57	-1498.40	4896.75	-15.36	21.78	0.15
2024-09-05T07:39:10	1106.99	-1491.88	4892.39	-15.61	21.60	-0.04
2024-09-05T07:39:12	1105.42	-1485.36	4888.02	-16.04	21.62	-0.37
2024-09-05T07:39:14	1103.83	-1478.84	4883.65	-16.56	21.75	-0.73
2024-09-05T07:39:16	1102.26	-1472.32	4879.28	-17.09	21.97	-1.10
2024-09-05T07:39:18	1100.68	-1465.79	4874.90	-17.62	22.24	-1.48
2024-09-05T07:39:20	1099.10	-1459.27	4870.52	-18.16	22.53	-1.84
2024-09-05T07:39:22	1097.51	-1452.74	4866.14	-18.72	22.84	-2.17
2024-09-05T07:39:24	1095.93	-1446.22	4861.76	-19.29	23.17	-2.48
2024-09-05T07:39:26	1094.35	-1439.69	4857.37	-19.92	23.48	-2.78
2024-09-05T07:39:28	1092.77	-1433.16	4852.98	-20.80	23.66	-3.16
2024-09-05T07:39:30	1091.18	-1426.63	4848.58	-21.34	23.61	-3.75
2024-09-05T07:39:32	1089.60	-1420.10	4844.19	-21.87	23.58	-4.35
2024-09-05T07:39:34	1088.01	-1413.57	4839.78	-22.41	23.58	-4.96
2024-09-05T07:39:36	1086.42	-1407.04	4835.38	-22.98	23.60	-5.57
2024-09-05T07:39:38	1084.84	-1400.51	4830.97	-23.59	23.64	-6.17
2024-09-05T07:39:40	1083.25	-1393.97	4826.56	-24.22	23.70	-6.77
2024-09-05T07:39:42	1081.66	-1387.44	4822.15	-24.90	23.76	-7.37
2024-09-05T07:39:44	1080.07	-1380.91	4817.73	-25.62	23.83	-7.96
2024-09-05T07:39:46	1078.48	-1374.37	4813.31	-26.43	23.89	-8.59
2024-09-05T07:39:48	1076.89	-1367.83	4808.89	-27.46	23.93	-9.43
2024-09-05T07:39:50	1075.30	-1361.29	4804.47	-28.51	23.95	-10.24
2024-09-05T07:39:52	1073.71	-1354.75	4800.04	-29.55	23.93	-11.04
2024-09-05T07:39:54	1072.12	-1348.21	4795.61	-30.55	23.73	-11.92
2024-09-05T07:39:56	1070.53	-1341.67	4791.17	-31.56	23.53	-12.74
2024-09-05T07:39:58	1068.93	-1335.13	4786.73	-32.58	23.31	-13.51
2024-09-05T07:40:00	1067.34	-1328.59	4782.29	-33.62	23.06	-14.22
2024-09-05T07:40:02	1065.75	-1322.05	4777.85	-34.66	22.76	-14.87
2024-09-05T07:40:04	1064.15	-1315.50	4773.40	-35.57	22.69	-15.22
2024-09-05T07:40:06	1062.55	-1308.96	4768.95	-36.29	23.03	-15.20
2024-09-05T07:40:08	1060.96	-1302.41	4764.49	-37.02	23.42	-15.14
2024-09-05T07:40:10	1059.36	-1295.86	4760.03	-37.75	23.87	-15.04
2024-09-05T07:40:12	1057.76	-1289.32	4755.57	-38.50	24.39	-14.90
2024-09-05T07:40:14	1056.16	-1282.77	4751.11	-39.27	24.99	-14.72
2024-09-05T07:40:16	1054.56	-1276.22	4746.64	-40.05	25.67	-14.50
2024-09-05T07:40:18	1052.96	-1269.67	4742.17	-40.86	26.36	-14.37
2024-09-05T07:40:20	1051.36	-1263.11	4737.70	-41.63	26.86	-14.47
2024-09-05T07:40:22	1049.76	-1256.56	4733.22	-42.14	26.74	-15.09
2024-09-05T07:40:24	1048.16	-1250.01	4728.74	-42.53	26.41	-16.00
2024-09-05T07:40:26	1046.55	-1243.46	4724.25	-42.89	26.15	-16.96
2024-09-05T07:40:28	1044.95	-1236.90	4719.77	-43.23	25.93	-18.04
2024-09-05T07:40:30	1043.34	-1230.34	4715.28	-43.59	25.79	-19.19
2024-09-05T07:40:32	1041.74	-1223.79	4710.78	-43.97	25.77	-20.36
2024-09-05T07:40:34	1040.13	-1217.23	4706.28	-44.38	25.87	-21.54
2024-09-05T07:40:36	1038.52	-1210.67	4701.78	-44.80	26.07	-22.74
2024-09-05T07:40:38	1036.92	-1204.11	4697.28	-45.24	26.38	-23.95
2024-09-05T07:40:40	1035.31	-1197.55	4692.77	-46.07	26.38	-24.96
2024-09-05T07:40:42	1033.70	-1190.99	4688.26	-46.92	26.39	-26.00
2024-09-05T07:40:44	1032.09	-1184.43	4683.75	-48.04	26.25	-26.97
2024-09-05T07:40:46	1030.48	-1177.86	4679.23	-49.41	26.04	-27.89
2024-09-05T07:40:48	1028.87	-1171.30	4674.71	-50.86	25.88	-28.81
2024-09-05T07:40:50	1027.26	-1164.73	4670.18	-52.40	25.79	-29.72
2024-09-05T07:40:52	1025.64	-1158.17	4665.65	-54.03	25.77	-30.64
2024-09-05T07:40:54	1024.03	-1151.60	4661.12	-55.73	25.84	-31.56
2024-09-05T07:40:56	1022.42	-1145.04	4656.58	-57.41	25.94	-32.36
2024-09-05T07:40:58	1020.80	-1138.47	4652.05	-58.75	25.86	-32.78
2024-09-05T07:41:00	1019.19	-1131.90	4647.50	-59.97	25.80	-33.19
2024-09-05T07:41:02	1017.57	-1125.33	4642.96	-61.07	25.78	-33.62
2024-09-05T07:41:04	1015.96	-1118.76	4638.41	-62.05	25.77	-34.07
2024-09-05T07:41:06	1014.34	-1112.19	4633.86	-62.93	25.79	-34.55
2024-09-05T07:41:08	1012.72	-1105.61	4629.30	-63.70	25.82	-35.06
2024-09-05T07:41:10	1011.10	-1099.04	4624.74	-64.30	25.93	-35.41
2024-09-05T07:41:12	1009.48	-1092.47	4620.18	-64.87	26.04	-35.77
2024-09-05T07:41:14	1007.86	-1085.89	4615.61	-65.87	26.39	-36.15
2024-09-05T07:41:16	1006.24	-1079.31	4611.04	-67.24	26.97	-36.53
2024-09-05T07:41:18	1004.61	-1072.74	4606.46	-68.66	27.61	-36.89
2024-09-05T07:41:20	1002.99	-1066.16	4601.89	-70.11	28.32	-37.26
2024-09-05T07:41:22	1001.37	-1059.58	4597.31	-71.62	29.09	-37.64
2024-09-05T07:41:24	999.74	-1053.00	4592.72	-73.19	29.92	-38.04
2024-09-05T07:41:26	998.12	-1046.42	4588.13	-74.84	30.82	-38.48
2024-09-05T07:41:28	996.49	-1039.84	4583.54	-76.57	31.79	-38.96
2024-09-05T07:41:30	994.87	-1033.26	4578.95	-78.39	32.84	-39.50
2024-09-05T07:41:32	993.24	-1026.68	4574.35	-79.65	33.08	-40.59
2024-09-05T07:41:34	991.61	-1020.09	4569.74	-80.35	32.75	-41.84
2024-09-05T07:41:36	989.98	-1013.51	4565.14	-80.73	32.10	-43.10
2024-09-05T07:41:38	988.35	-1006.92	4560.53	-81.18	31.43	-44.33
2024-09-05T07:41:40	986.72	-1000.34	4555.91	-81.69	30.77	-45.49
2024-09-05T07:41:42	985.09	-993.75	4551.29	-82.30	30.22	-46.61
2024-09-05T07:41:44	983.46	-987.16	4546.67	-83.01	29.78	-47.70
2024-09-05T07:41:46	981.82	-980.57	4542.05	-83.84	29.45	-48.74
2024-09-05T07:41:48	980.19	-973.99	4537.42	-84.82	29.33	-49.61
2024-09-05T07:41:50	978.56	-967.40	4532.78	-86.03	29.57	-49.87
2024-09-05T07:41:52	976.92	-960.81	4528.15	-87.29	29.69	-50.09
2024-09-05T07:41:54	975.29	-954.21	4523.51	-88.60	29.68	-50.28
2024-09-05T07:41:56	973.65	-947.62	4518.86	-89.96	29.55	-50.43
2024-09-05T07:41:58	972.01	-941.03	4514.21	-91.32	29.33	-50.50
2024-09-05T07:42:00	970.37	-934.43	4509.56	-92.40	29.24	-50.22
2024-09-05T07:42:02	968.73	-927.84	4504.91	-93.40	29.11	-49.97
2024-09-05T07:42:04	967.09	-921.24	4500.25	-94.33	28.95	-49.77
2024-09-05T07:42:06	965.45	-914.65	4495.59	-95.02	28.95	-49.95
2024-09-05T07:42:08	963.81	-908.05	4490.92	-95.56	29.09	-50.45
2024-09-05T07:42:10	962.17	-901.45	4486.25	-96.11	29.18	-50.90
2024-09-05T07:42:12	960.53	-894.85	4481.57	-96.68	29.21	-51.30
2024-09-05T07:42:14	958.88	-888.25	4476.89	-97.23	29.17	-51.63
2024-09-05T07:42:16	957.24	-881.65	4472.21	-97.76	29.06	-51.87
2024-09-05T07:42:18	955.59	-875.05	4467.53	-98.27	28.88	-52.01
2024-09-05T07:42:20	953.95	-868.45	4462.84	-98.72	28.62	-52.03
2024-09-05T07:42:22	952.30	-861.85	4458.14	-99.12	28.28	-51.92
2024-09-05T07:42:24	950.65	-855.24	4453.44	-99.47	28.85	-52.74
2024-09-05T07:42:26	949.00	-848.64	4448.74	-99.83	29.51	-53.68
2024-09-05T07:42:28	947.35	-842.03	4444.04	-100.22	30.07	-54.59
2024-09-05T07:42:30	945.70	-835.43	4439.32	-100.63	30.55	-55.46
2024-09-05T07:42:32	944.05	-828.82	4434.61	-101.09	30.94	-56.29
2024-09-05T07:42:34	942.40	-822.21	4429.89	-101.58	31.24	-57.07
2024-09-05T07:42:36	940.75	-815.61	4425.17	-102.13	31.44	-57.79
2024-09-05T07:42:38	939.10	-809.00	4420.44	-102.74	31.54	-58.45
2024-09-05T07:42:40	937.44	-802.39	4415.71	-103.39	31.54	-59.01
2024-09-05T07:42:42	935.78	-795.78	4410.98	-104.00	31.53	-59.41
2024-09-05T07:42:44	934.13	-789.17	4406.24	-104.59	31.54	-59.81
2024-09-05T07:42:46	932.47	-782.55	4401.50	-105.14	31.57	-60.22
2024-09-05T07:42:48	930.81	-775.94	4396.75	-105.16	31.53	-60.50
2024-09-05T07:42:50	929.15	-769.33	4392.00	-105.02	31.48	-60.75
2024-09-05T07:42:52	927.50	-762.71	4387.25	-104.90	31.42	-61.03
2024-09-05T07:42:54	925.84	-756.10	4382.49	-104.81	31.36	-61.35
2024-09-05T07:42:56	924.17	-749.49	4377.73	-104.75	31.30	-61.71
2024-09-05T07:42:58	922.51	-742.87	4372.96	-104.77	31.19	-62.07
2024-09-05T07:43:00	920.85	-736.25	4368.19	-104.88	31.01	-62.46
2024-09-05T07:43:02	919.19	-729.64	4363.41	-105.03	30.82	-62.90
2024-09-05T07:43:04	917.52	-723.02	4358.64	-105.21	30.60	-63.38
2024-09-05T07:43:06	915.86	-716.40	4353.85	-105.41	30.35	-63.89
2024-09-05T07:43:08	914.19	-709.78	4349.06	-105.63	30.07	-64.44
2024-09-05T07:43:10	912.52	-703.16	4344.27	-105.87	29.73	-65.02
2024-09-05T07:43:12	910.86	-696.54	4339.48	-106.19	29.53	-65.39
2024-09-05T07:43:14	909.19	-689.91	4334.67	-106.53	29.39	-65.71
2024-09-05T07:43:16	907.52	-683.29	4329.87	-106.84	29.43	-65.94
2024-09-05T07:43:18	905.85	-676.67	4325.06	-107.12	29.50	-66.21
2024-09-05T07:43:20	904.18	-670.05	4320.25	-107.39	29.57	-66.52
2024-09-05T07:43:22	902.50	-663.42	4315.43	-107.64	29.63	-66.87
2024-09-05T07:43:24	900.83	-656.80	4310.61	-107.87	29.69	-67.25
2024-09-05T07:43:26	899.16	-650.17	4305.79	-108.09	29.74	-67.65
2024-09-05T07:43:28	897.48	-643.55	4300.95	-108.30	29.79	-68.07
2024-09-05T07:43:30	895.81	-636.92	4296.12	-108.49	29.83	-68.50
2024-09-05T07:43:32	894.13	-630.29	4291.28	-108.67	29.83	-68.91
2024-09-05T07:43:34	892.45	-623.66	4286.44	-108.87	29.70	-69.27
2024-09-05T07:43:36	890.78	-617.03	4281.59	-109.00	29.49	-69.55
2024-09-05T07:43:38	889.10	-610.40	4276.74	-109.12	29.29	-69.84
2024-09-05T07:43:40	887.42	-603.77	4271.88	-109.23	29.08	-70.14
2024-09-05T07:43:42	885.73	-597.14	4267.02	-109.35	28.89	-70.45
2024-09-05T07:43:44	884.05	-590.51	4262.16	-109.46	28.70	-70.77
2024-09-05T07:43:46	882.37	-583.88	4257.29	-109.57	28.53	-71.10
2024-09-05T07:43:48	880.69	-577.25	4252.41	-109.68	28.36	-71.44
2024-09-05T07:43:50	879.00	-570.61	4247.53	-109.89	28.24	-71.81
2024-09-05T07:43:52	877.32	-563.98	4242.65	-110.17	28.16	-72.18
2024-09-05T07:43:54	875.63	-557.34	4237.76	-110.46	28.08	-72.56
2024-09-05T07:43:56	873.94	-550.71	4232.87	-110.76	27.99	-72.93
2024-09-05T07:43:58	872.26	-544.07	4227.97	-111.04	27.92	-73.31
2024-09-05T07:44:00	870.57	-537.44	4223.07	-111.27	27.84	-73.68
2024-09-05T07:44:02	868.88	-530.80	4218.17	-111.47	27.74	-74.06
2024-09-05T07:44:04	867.19	-524.16	4213.26	-111.64	27.62	-74.45
2024-09-05T07:44:06	865.49	-517.52	4208.34	-111.80	27.47	-74.84
2024-09-05T07:44:08	863.80	-510.88	4203.42	-111.88	27.30	-75.30
2024-09-05T07:44:10	862.11	-504.25	4198.50	-112.00	27.14	-75.75
2024-09-05T07:44:12	860.41	-497.61	4193.57	-112.13	26.97	-76.21
2024-09-05T07:44:14	858.72	-490.96	4188.64	-112.28	26.80	-76.68
2024-09-05T07:44:16	857.02	-484.32	4183.70	-112.45	26.63	-77.15
2024-09-05T07:44:18	855.33	-477.68	4178.76	-112.63	26.46	-77.64
2024-09-05T07:44:20	853.63	-471.04	4173.81	-112.82	26.29	-78.13
2024-09-05T07:44:22	851.93	-464.40	4168.86	-113.01	26.15	-78.63
2024-09-05T07:44:24	850.23	-457.76	4163.90	-113.20	26.03	-79.10
2024-09-05T07:44:26	848.53	-451.11	4158.94	-113.39	25.91	-79.52
2024-09-05T07:44:28	846.83	-444.47	4153.97	-113.59	25.79	-79.94
2024-09-05T07:44:30	845.13	-437.82	4149.00	-113.79	25.67	-80.35
2024-09-05T07:44:32	843.42	-431.18	4144.03	-114.00	25.54	-80.76
2024-09-05T07:44:34	841.72	-424.53	4139.05	-114.21	25.41	-81.17
2024-09-05T07:44:36	840.01	-417.89	4134.06	-114.42	25.27	-81.58
2024-09-05T07:44:38	838.31	-411.24	4129.08	-114.62	25.13	-81.98
2024-09-05T07:44:40	836.60	-404.59	4124.08	-114.82	24.99	-82.39
2024-09-05T07:44:42	834.89	-397.94	4119.08	-115.00	24.83	-82.78
2024-09-05T07:44:44	833.18	-391.30	4114.08	-115.17	24.65	-83.18
2024-09-05T07:44:46	831.47	-384.65	4109.07	-115.34	24.42	-83.64
2024-09-05T07:44:48	829.76	-378.00	4104.05	-115.51	24.19	-84.10
2024-09-05T07:44:50	828.05	-371.35	4099.03	-115.68	23.95	-84.57
2024-09-05T07:44:52	826.33	-364.70	4094.01	-115.85	23.71	-85.04
2024-09-05T07:44:54	824.62	-358.05	4088.98	-116.02	23.47	-85.51
2024-09-05T07:44:56	822.90	-351.40	4083.95	-116.18	23.23	-86.00
2024-09-05T07:44:58	821.19	-344.75	4078.91	-116.34	22.99	-86.47
2024-09-05T07:45:00	819.47	-338.10	4073.87	-116.43	22.76	-86.91
2024-09-05T07:45:02	817.76	-331.44	4068.82	-116.50	22.53	-87.34
2024-09-05T07:45:04	816.04	-324.79	4063.77	-116.57	22.30	-87.75
2024-09-05T07:45:06	814.32	-318.14	4058.71	-116.64	22.06	-88.16
2024-09-05T07:45:08	812.60	-311.49	4053.65	-116.72	21.83	-88.61
2024-09-05T07:45:10	810.87	-304.83	4048.58	-116.81	21.60	-89.10
2024-09-05T07:45:12	809.15	-298.18	4043.51	-116.91	21.37	-89.60
2024-09-05T07:45:14	807.43	-291.52	4038.43	-117.03	21.13	-90.12
2024-09-05T07:45:16	805.70	-284.87	4033.34	-117.18	20.86	-90.69
2024-09-05T07:45:18	803.98	-278.21	4028.26	-117.36	20.55	-91.27
2024-09-05T07:45:20	802.25	-271.56	4023.16	-117.53	20.23	-91.85
2024-09-05T07:45:22	800.52	-264.90	4018.07	-117.70	19.91	-92.43
2024-09-05T07:45:24	798.80	-258.24	4012.96	-117.86	19.58	-93.01
2024-09-05T07:45:26	797.07	-251.59	4007.85	-118.02	19.23	-93.59
2024-09-05T07:45:28	795.34	-244.93	4002.74	-118.18	18.88	-94.16
2024-09-05T07:45:30	793.60	-238.27	3997.62	-118.35	18.53	-94.73
2024-09-05T07:45:32	791.87	-231.62	3992.49	-118.50	18.20	-95.30
2024-09-05T07:45:34	790.14	-224.96	3987.37	-118.63	17.92	-95.82
2024-09-05T07:45:36	788.40	-218.30	3982.23	-118.76	17.64	-96.34
2024-09-05T07:45:38	786.67	-211.64	3977.09	-118.91	17.35	-96.87
2024-09-05T07:45:40	784.93	-204.98	3971.95	-119.05	17.05	-97.39
2024-09-05T07:45:42	783.19	-198.32	3966.80	-119.21	16.75	-97.93
2024-09-05T07:45:44	781.45	-191.66	3961.64	-119.37	16.44	-98.46
2024-09-05T07:45:46	779.71	-185.01	3956.48	-119.54	16.12	-98.99
2024-09-05T07:45:48	777.97	-178.35	3951.31	-119.72	15.80	-99.53
2024-09-05T07:45:50	776.23	-171.69	3946.14	-119.89	15.47	-100.05
2024-09-05T07:45:52	774.49	-165.02	3940.97	-120.06	15.14	-100.55
2024-09-05T07:45:54	772.75	-158.37	3935.78	-120.21	14.82	-101.06
2024-09-05T07:45:56	771.00	-151.70	3930.60	-120.37	14.49	-101.58
2024-09-05T07:45:58	769.26	-145.04	3925.40	-120.53	14.17	-102.10
2024-09-05T07:46:00	767.51	-138.38	3920.20	-120.70	13.85	-102.64
2024-09-05T07:46:02	765.76	-131.72	3915.00	-120.88	13.53	-103.18
2024-09-05T07:46:04	764.01	-125.06	3909.79	-121.06	13.21	-103.73
2024-09-05T07:46:06	762.26	-118.40	3904.58	-121.25	12.90	-104.29
2024-09-05T07:46:08	760.51	-111.73	3899.36	-121.46	12.56	-104.82
2024-09-05T07:46:10	758.76	-105.07	3894.13	-121.66	12.21	-105.35
2024-09-05T07:46:12	757.01	-98.41	3888.90	-121.85	11.85	-105.87
2024-09-05T07:46:14	755.26	-91.75	3883.67	-122.04	11.48	-106.39
2024-09-05T07:46:16	753.50	-85.09	3878.42	-122.24	11.12	-106.91
2024-09-05T07:46:18	751.74	-78.42	3873.18	-122.42	10.76	-107.43
2024-09-05T07:46:20	749.99	-71.76	3867.92	-122.61	10.39	-107.96
2024-09-05T07:46:22	748.23	-65.10	3862.66	-122.79	10.02	-108.49
2024-09-05T07:46:24	746.47	-58.43	3857.40	-122.96	9.65	-109.02
2024-09-05T07:46:26	744.71	-51.77	3852.13	-123.11	9.27	-109.54
2024-09-05T07:46:28	742.95	-45.11	3846.85	-123.27	8.90	-110.06
2024-09-05T07:46:30	741.19	-38.44	3841.57	-123.43	8.52	-110.59
2024-09-05T07:46:32	739.42	-31.78	3836.29	-123.60	8.13	-111.11
2024-09-05T07:46:34	737.66	-25.12	3830.99	-123.77	7.74	-111.63
2024-09-05T07:46:36	735.89	-18.45	3825.70	-123.95	7.32	-112.18
2024-09-05T07:46:38	734.13	-11.79	3820.39	-124.13	6.89	-112.75
2024-09-05T07:46:40	732.36	-5.13	3815.08	-124.32	6.46	-113.33
2024-09-05T07:46:42	730.59	1.54	3809.77	-124.49	6.01	-113.90
2024-09-05T07:46:44	728.82	8.20	3804.45	-124.66	5.55	-114.46
2024-09-05T07:46:46	727.05	14.86	3799.12	-124.82	5.09	-115.02
2024-09-05T07:46:48	725.28	21.53	3793.79	-124.99	4.61	-115.58
2024-09-05T07:46:50	723.50	28.19	3788.45	-125.15	4.13	-116.14
2024-09-05T07:46:52	721.73	34.85	3783.10	-125.31	3.64	-116.70
2024-09-05T07:46:54	719.96	41.52	3777.75	-125.46	3.14	-117.26
2024-09-05T07:46:56	718.18	48.18	3772.40	-125.61	2.63	-117.82
2024-09-05T07:46:58	716.40	54.84	3767.04	-125.77	2.13	-118.40
2024-09-05T07:47:00	714.62	61.51	3761.67	-125.92	1.66	-118.96
2024-09-05T07:47:02	712.85	68.17	3756.29	-126.06	1.19	-119.51
2024-09-05T07:47:04	711.06	74.83	3750.92	-126.21	0.71	-120.07
2024-09-05T07:47:06	709.28	81.50	3745.53	-126.34	0.22	-120.63
2024-09-05T07:47:08	707.50	88.16	3740.14	-126.48	-0.27	-121.19
2024-09-05T07:47:10	705.72	94.82	3734.74	-126.61	-0.76	-121.75
2024-09-05T07:47:12	703.93	101.48	3729.34	-126.74	-1.27	-122.31
2024-09-05T07:47:14	702.14	108.15	3723.93	-126.88	-1.78	-122.87
2024-09-05T07:47:16	700.36	114.81	3718.51	-127.01	-2.30	-123.40
2024-09-05T07:47:18	698.57	121.47	3713.09	-127.16	-2.83	-123.94
2024-09-05T07:47:20	696.78	128.13	3707.67	-127.33	-3.37	-124.52
2024-09-05T07:47:22	694.99	134.79	3702.23	-127.49	-3.91	-125.10
2024-09-05T07:47:24	693.20	141.45	3696.79	-127.66	-4.45	-125.70
2024-09-05T07:47:26	691.41	148.12	3691.35	-127.82	-5.00	-126.29
2024-09-05T07:47:28	689.61	154.78	3685.89	-127.99	-5.56	-126.90
2024-09-05T07:47:30	687.82	161.44	3680.43	-128.15	-6.11	-127.51
2024-09-05T07:47:32	686.02	168.10	3674.97	-128.31	-6.68	-128.13
2024-09-05T07:47:34	684.22	174.76	3669.50	-128.45	-7.24	-128.71
2024-09-05T07:47:36	682.43	181.42	3664.02	-128.58	-7.81	-129.28
2024-09-05T07:47:38	680.63	188.08	3658.54	-128.70	-8.39	-129.87
2024-09-05T07:47:40	678.83	194.74	3653.05	-128.84	-8.99	-130.45
2024-09-05T07:47:42	677.02	201.40	3647.56	-128.99	-9.61	-131.02
2024-09-05T07:47:44	675.22	208.05	3642.06	-129.14	-10.23	-131.60
2024-09-05T07:47:46	673.42	214.71	3636.55	-129.29	-10.85	-132.18
2024-09-05T07:47:48	671.61	221.37	3631.03	-129.43	-11.48	-132.75
2024-09-05T07:47:50	669.81	228.03	3625.51	-129.58	-12.12	-133.32
2024-09-05T07:47:52	668.00	234.69	3619.99	-129.72	-12.77	-133.85
2024-09-05T07:47:54	666.19	241.34	3614.45	-129.85	-13.43	-134.39
2024-09-05T07:47:56	664.38	248.00	3608.92	-129.99	-14.08	-134.93
2024-09-05T07:47:58	662.57	254.66	3603.37	-130.12	-14.74	-135.47
2024-09-05T07:48:00	660.76	261.31	3597.82	-130.27	-15.42	-136.03
2024-09-05T07:48:02	658.95	267.97	3592.26	-130.43	-16.12	-136.64
2024-09-05T07:48:04	657.13	274.62	3586.69	-130.60	-16.82	-137.25
2024-09-05T07:48:06	655.32	281.27	3581.12	-130.77	-17.54	-137.85
2024-09-05T07:48:08	653.50	287.93	3575.54	-130.94	-18.27	-138.44
2024-09-05T07:48:10	651.68	294.58	3569.96	-131.10	-19.01	-139.02
2024-09-05T07:48:12	649.86	301.23	3564.37	-131.27	-19.75	-139.59
2024-09-05T07:48:14	648.04	307.88	3558.77	-131.43	-20.50	-140.17
2024-09-05T07:48:16	646.22	314.54	3553.17	-131.59	-21.27	-140.75
2024-09-05T07:48:18	644.40	321.19	3547.56	-131.75	-22.04	-141.32
2024-09-05T07:48:20	642.58	327.84	3541.94	-131.90	-22.81	-141.90
2024-09-05T07:48:22	640.75	334.49	3536.31	-132.05	-23.60	-142.52
2024-09-05T07:48:24	638.93	341.14	3530.68	-132.20	-24.39	-143.14
2024-09-05T07:48:26	637.10	347.78	3525.05	-132.32	-25.16	-143.74
2024-09-05T07:48:28	635.27	354.43	3519.40	-132.45	-25.94	-144.32
2024-09-05T07:48:30	633.44	361.08	3513.75	-132.57	-26.73	-144.91
2024-09-05T07:48:32	631.61	367.73	3508.09	-132.70	-27.53	-145.49
2024-09-05T07:48:34	629.78	374.37	3502.43	-132.82	-28.33	-146.06
2024-09-05T07:48:36	627.95	381.02	3496.76	-132.94	-29.15	-146.62
2024-09-05T07:48:38	626.11	387.66	3491.08	-133.06	-29.97	-147.18
2024-09-05T07:48:40	624.28	394.30	3485.40	-133.18	-30.80	-147.73
2024-09-05T07:48:42	622.44	400.95	3479.71	-133.33	-31.65	-148.35
2024-09-05T07:48:44	620.60	407.59	3474.01	-133.47	-32.51	-148.95
2024-09-05T07:48:46	618.76	414.23	3468.30	-133.61	-33.39	-149.55
2024-09-05T07:48:48	616.93	420.87	3462.59	-133.73	-34.27	-150.14
2024-09-05T07:48:50	615.08	427.51	3456.87	-133.85	-35.17	-150.73
2024-09-05T07:48:52	613.24	434.15	3451.15	-133.96	-36.08	-151.31
2024-09-05T07:48:54	611.40	440.79	3445.42	-134.06	-37.00	-151.88
2024-09-05T07:48:56	609.55	447.42	3439.68	-134.16	-37.92	-152.45
2024-09-05T07:48:58	607.71	454.06	3433.93	-134.24	-38.86	-153.01
2024-09-05T07:49:00	605.86	460.69	3428.18	-134.33	-39.78	-153.56
2024-09-05T07:49:02	604.01	467.33	3422.42	-134.45	-40.74	-154.17
2024-09-05T07:49:04	602.16	473.96	3416.65	-134.57	-41.71	-154.77
2024-09-05T07:49:06	600.31	480.59	3410.88	-134.69	-42.68	-155.36
2024-09-05T07:49:08	598.46	487.22	3405.10	-134.81	-43.67	-155.95
2024-09-05T07:49:10	596.61	493.86	3399.31	-134.93	-44.66	-156.52
2024-09-05T07:49:12	594.75	500.49	3393.51	-135.05	-45.67	-157.08
2024-09-05T07:49:14	592.90	507.11	3387.71	-135.17	-46.68	-157.63
2024-09-05T07:49:16	591.04	513.74	3381.90	-135.29	-47.69	-158.16
2024-09-05T07:49:18	589.18	520.37	3376.08	-135.38	-48.67	-158.64
2024-09-05T07:49:20	587.33	526.99	3370.26	-135.46	-49.65	-159.12
2024-09-05T07:49:22	585.46	533.62	3364.43	-135.54	-50.67	-159.69
2024-09-05T07:49:24	583.60	540.24	3358.59	-135.62	-51.69	-160.24
2024-09-05T07:49:26	581.74	546.86	3352.75	-135.70	-52.73	-160.79
2024-09-05T07:49:28	579.88	553.48	3346.89	-135.77	-53.77	-161.33
2024-09-05T07:49:30	578.01	560.10	3341.04	-135.84	-54.83	-161.85
2024-09-05T07:49:32	576.14	566.72	3335.17	-135.91	-55.89	-162.37
2024-09-05T07:49:34	574.28	573.33	3329.29	-135.96	-56.95	-162.89
2024-09-05T07:49:36	572.41	579.95	3323.41	-136.00	-58.02	-163.40
2024-09-05T07:49:38	570.54	586.56	3317.52	-136.03	-59.10	-163.90
2024-09-05T07:49:40	568.66	593.18	3311.63	-136.08	-60.21	-164.41
2024-09-05T07:49:42	566.79	599.79	3305.72	-136.15	-61.36	-164.94
2024-09-05T07:49:44	564.92	606.40	3299.81	-136.21	-62.52	-165.47
2024-09-05T07:49:46	563.04	613.01	3293.90	-136.26	-63.70	-165.99
2024-09-05T07:49:48	561.17	619.62	3287.97	-136.32	-64.88	-166.50
2024-09-05T07:49:50	559.29	626.22	3282.04	-136.36	-66.08	-167.01
2024-09-05T07:49:52	557.41	632.83	3276.10	-136.41	-67.23	-167.46
2024-09-05T07:49:54	555.53	639.43	3270.15	-136.44	-68.40	-167.91
2024-09-05T07:49:56	553.65	646.03	3264.19	-136.48	-69.56	-168.36
2024-09-05T07:49:58	551.77	652.63	3258.23	-136.50	-70.74	-168.80
2024-09-05T07:50:00	549.88	659.23	3252.26	-136.56	-71.95	-169.29
2024-09-05T07:50:02	548.00	665.83	3246.28	-136.62	-73.18	-169.79
2024-09-05T07:50:04	546.11	672.43	3240.30	-136.67	-74.41	-170.28
2024-09-05T07:50:06	544.22	679.02	3234.30	-136.73	-75.65	-170.75
2024-09-05T07:50:08	542.34	685.61	3228.30	-136.77	-76.87	-171.19
2024-09-05T07:50:10	540.45	692.21	3222.30	-136.80	-78.06	-171.57
2024-09-05T07:50:12	538.56	698.79	3216.28	-136.83	-79.26	-171.93
2024-09-05T07:50:14	536.66	705.38	3210.25	-136.84	-80.46	-172.27
2024-09-05T07:50:16	534.77	711.97	3204.23	-136.85	-81.68	-172.59
2024-09-05T07:50:18	532.87	718.55	3198.19	-136.86	-82.91	-172.91
2024-09-05T07:50:20	530.98	725.14	3192.14	-136.92	-84.20	-173.29
2024-09-05T07:50:22	529.08	731.72	3186.09	-136.99	-85.50	-173.67
2024-09-05T07:50:24	527.18	738.30	3180.02	-137.05	-86.81	-174.05
2024-09-05T07:50:26	525.28	744.88	3173.95	-137.11	-88.09	-174.43
2024-09-05T07:50:28	523.38	751.45	3167.88	-137.15	-89.36	-174.81
2024-09-05T07:50:30	521.48	758.03	3161.79	-137.18	-90.64	-175.17
2024-09-05T07:50:32	519.58	764.60	3155.70	-137.19	-91.93	-175.51
2024-09-05T07:50:34	517.67	771.17	3149.60	-137.18	-93.22	-175.83
2024-09-05T07:50:36	515.76	777.74	3143.49	-137.16	-94.52	-176.14
2024-09-05T07:50:38	513.86	784.30	3137.37	-137.15	-95.87	-176.48
2024-09-05T07:50:40	511.95	790.87	3131.25	-137.14	-97.25	-176.82
2024-09-05T07:50:42	510.04	797.43	3125.11	-137.12	-98.64	-177.15
2024-09-05T07:50:44	508.13	803.99	3118.97	-137.10	-100.00	-177.46
2024-09-05T07:50:46	506.21	810.55	3112.83	-137.08	-101.37	-177.75
2024-09-05T07:50:48	504.30	817.10	3106.67	-137.05	-102.75	-178.03
2024-09-05T07:50:50	502.38	823.66	3100.51	-137.02	-104.14	-178.30
2024-09-05T07:50:52	500.47	830.21	3094.33	-136.99	-105.54	-178.55
2024-09-05T07:50:54	498.55	836.76	3088.15	-136.96	-106.95	-178.80
2024-09-05T07:50:56	496.63	843.31	3081.97	-136.94	-108.41	-179.06
2024-09-05T07:50:58	494.71	849.85	3075.77	-136.92	-109.91	-179.33
2024-09-05T07:51:00	492.79	856.40	3069.56	-136.90	-111.40	-179.59
2024-09-05T07:51:02	490.87	862.94	3063.35	-136.85	-112.85	-179.81
2024-09-05T07:51:04	488.94	869.48	3057.13	-136.79	-114.30	-180.02
2024-09-05T07:51:06	487.02	876.01	3050.91	-136.73	-115.76	-180.21
2024-09-05T07:51:08	485.09	882.55	3044.67	-136.65	-117.22	-180.39
2024-09-05T07:51:10	483.17	889.08	3038.42	-136.57	-118.68	-180.55
2024-09-05T07:51:12	481.24	895.61	3032.17	-136.48	-120.15	-180.69
2024-09-05T07:51:14	479.31	902.14	3025.91	-136.39	-121.66	-180.84
2024-09-05T07:51:16	477.38	908.66	3019.64	-136.29	-123.23	-181.01
2024-09-05T07:51:18	475.44	915.18	3013.36	-136.18	-124.79	-181.16
2024-09-05T07:51:20	473.51	921.70	3007.08	-136.07	-126.33	-181.27
2024-09-05T07:51:22	471.57	928.22	3000.78	-135.95	-127.87	-181.36
2024-09-05T07:51:24	469.64	934.73	2994.48	-135.82	-129.42	-181.43
2024-09-05T07:51:26	467.70	941.25	2988.17	-135.68	-130.98	-181.48
2024-09-05T07:51:28	465.76	947.76	2981.85	-135.53	-132.55	-181.51
2024-09-05T07:51:30	463.82	954.26	2975.52	-135.38	-134.13	-181.52
2024-09-05T07:51:32	461.88	960.77	2969.19	-135.23	-135.72	-181.54
2024-09-05T07:51:34	459.94	967.27	2962.85	-135.11	-137.38	-181.59
2024-09-05T07:51:36	457.99	973.77	2956.49	-134.99	-138.99	-181.61
2024-09-05T07:51:38	456.05	980.27	2950.13	-134.85	-140.59	-181.61
2024-09-05T07:51:40	454.10	986.76	2943.76	-134.71	-142.19	-181.59
2024-09-05T07:51:42	452.15	993.25	2937.39	-134.57	-143.80	-181.56
2024-09-05T07:51:44	450.20	999.74	2931.00	-134.41	-145.41	-181.50
2024-09-05T07:51:46	448.25	1006.22	2924.61	-134.26	-147.02	-181.42
2024-09-05T07:51:48	446.30	1012.70	2918.21	-134.10	-148.64	-181.31
2024-09-05T07:51:50	444.35	1019.18	2911.80	-133.95	-150.28	-181.20
2024-09-05T07:51:52	442.39	1025.66	2905.38	-133.85	-152.01	-181.13
2024-09-05T07:51:54	440.44	1032.13	2898.95	-133.74	-153.65	-181.01
2024-09-05T07:51:56	438.48	1038.60	2892.51	-133.63	-155.28	-180.88
2024-09-05T07:51:58	436.52	1045.07	2886.07	-133.51	-156.91	-180.72
2024-09-05T07:52:00	434.56	1051.53	2879.61	-133.39	-158.55	-180.55
2024-09-05T07:52:02	432.60	1057.99	2873.15	-133.26	-160.18	-180.35
2024-09-05T07:52:04	430.64	1064.45	2866.68	-133.13	-161.80	-180.13
2024-09-05T07:52:06	428.68	1070.90	2860.20	-132.98	-163.43	-179.90
2024-09-05T07:52:08	426.71	1077.36	2853.71	-132.84	-165.10	-179.63
2024-09-05T07:52:10	424.75	1083.80	2847.22	-132.70	-166.85	-179.34
2024-09-05T07:52:12	422.78	1090.25	2840.71	-132.52	-168.53	-179.06
2024-09-05T07:52:14	420.81	1096.69	2834.20	-132.33	-170.22	-178.75
2024-09-05T07:52:16	418.85	1103.13	2827.68	-132.13	-171.91	-178.42
2024-09-05T07:52:18	416.87	1109.56	2821.15	-131.91	-173.60	-178.07
2024-09-05T07:52:20	414.90	1115.99	2814.61	-131.66	-175.27	-177.67
2024-09-05T07:52:22	412.93	1122.42	2808.06	-131.42	-176.94	-177.26
2024-09-05T07:52:24	410.96	1128.85	2801.50	-131.16	-178.61	-176.83
2024-09-05T07:52:26	408.98	1135.27	2794.94	-130.94	-180.35	-176.42
2024-09-05T07:52:28	407.00	1141.69	2788.36	-130.74	-182.13	-176.02
2024-09-05T07:52:30	405.03	1148.10	2781.78	-130.54	-183.84	-175.61
2024-09-05T07:52:32	403.05	1154.51	2775.19	-130.34	-185.56	-175.17
2024-09-05T07:52:34	401.07	1160.92	2768.59	-130.13	-187.27	-174.70
2024-09-05T07:52:36	399.08	1167.32	2761.98	-129.91	-188.98	-174.19
2024-09-05T07:52:38	397.10	1173.72	2755.36	-129.68	-190.68	-173.65
2024-09-05T07:52:40	395.12	1180.11	2748.73	-129.45	-192.39	-173.09
2024-09-05T07:52:42	393.13	1186.51	2742.10	-129.21	-194.10	-172.49
2024-09-05T07:52:44	391.14	1192.89	2735.45	-129.02	-195.91	-171.90
2024-09-05T07:52:46	389.16	1199.28	2728.80	-128.83	-197.69	-171.29
2024-09-05T07:52:48	387.17	1205.66	2722.13	-128.65	-199.40	-170.68
2024-09-05T07:52:50	385.18	1212.03	2715.46	-128.46	-201.12	-170.06
2024-09-05T07:52:52	383.18	1218.41	2708.78	-128.26	-202.84	-169.43
2024-09-05T07:52:54	381.19	1224.78	2702.10	-128.04	-204.56	-168.77
2024-09-05T07:52:56	379.20	1231.14	2695.40	-127.80	-206.28	-168.10
2024-09-05T07:52:58	377.20	1237.50	2688.69	-127.55	-208.00	-167.40
2024-09-05T07:53:00	375.21	1243.86	2681.97	-127.31	-209.78	-166.66
2024-09-05T07:53:02	373.21	1250.21	2675.25	-127.07	-211.62	-165.87
2024-09-05T07:53:04	371.21	1256.56	2668.52	-126.82	-213.43	-165.06
2024-09-05T07:53:06	369.21	1262.90	2661.77	-126.55	-215.13	-164.25
2024-09-05T07:53:08	367.21	1269.24	2655.02	-126.26	-216.81	-163.41
2024-09-05T07:53:10	365.21	1275.57	2648.26	-125.96	-218.46	-162.54
2024-09-05T07:53:12	363.20	1281.91	2641.49	-125.64	-220.09	-161.64
2024-09-05T07:53:14	361.20	1288.23	2634.71	-125.31	-221.69	-160.70
2024-09-05T07:53:16	359.19	1294.55	2627.93	-124.96	-223.26	-159.73
2024-09-05T07:53:18	357.18	1300.87	2621.13	-124.64	-224.97	-158.69
2024-09-05T07:53:20	355.18	1307.18	2614.33	-124.32	-226.67	-157.61
2024-09-05T07:53:22	353.17	1313.49	2607.51	-124.01	-228.37	-156.49
2024-09-05T07:53:24	351.16	1319.80	2600.69	-123.74	-230.02	-155.40
2024-09-05T07:53:26	349.14	1326.10	2593.85	-123.48	-231.65	-154.27
2024-09-05T07:53:28	347.13	1332.39	2587.01	-123.22	-233.26	-153.11
2024-09-05T07:53:30	345.12	1338.68	2580.16	-122.95	-234.86	-151.92
2024-09-05T07:53:32	343.10	1344.97	2573.30	-122.69	-236.44	-150.69
2024-09-05T07:53:34	341.08	1351.25	2566.43	-122.47	-238.07	-149.41
2024-09-05T07:53:36	339.06	1357.52	2559.56	-122.26	-239.73	-148.11
2024-09-05T07:53:38	337.05	1363.79	2552.67	-122.02	-241.39	-146.77
2024-09-05T07:53:40	335.03	1370.06	2545.77	-121.76	-243.05	-145.42
2024-09-05T07:53:42	333.00	1376.32	2538.87	-121.48	-244.60	-144.14
2024-09-05T07:53:44	330.98	1382.58	2531.95	-121.19	-246.14	-142.85
2024-09-05T07:53:46	328.96	1388.83	2525.03	-120.88	-247.66	-141.54
2024-09-05T07:53:48	326.93	1395.08	2518.10	-120.56	-249.17	-140.21
2024-09-05T07:53:50	324.91	1401.32	2511.16	-120.23	-250.68	-138.85
2024-09-05T07:53:52	322.88	1407.56	2504.21	-119.87	-252.21	-137.37
2024-09-05T07:53:54	320.85	1413.79	2497.24	-119.49	-253.70	-135.83
2024-09-05T07:53:56	318.82	1420.01	2490.28	-119.11	-255.15	-134.24
2024-09-05T07:53:58	316.79	1426.23	2483.30	-118.71	-256.56	-132.60
2024-09-05T07:54:00	314.76	1432.45	2476.31	-118.29	-258.00	-131.03
2024-09-05T07:54:02	312.73	1438.66	2469.31	-117.88	-259.43	-129.45
2024-09-05T07:54:04	310.69	1444.87	2462.31	-117.49	-260.87	-127.87
2024-09-05T07:54:06	308.66	1451.07	2455.29	-117.14	-262.33	-126.30
2024-09-05T07:54:08	306.62	1457.26	2448.27	-116.96	-263.97	-124.83
2024-09-05T07:54:10	304.58	1463.45	2441.24	-116.75	-265.64	-123.36
2024-09-05T07:54:12	302.54	1469.63	2434.20	-116.52	-267.31	-121.89
2024-09-05T07:54:14	300.50	1475.81	2427.14	-116.19	-268.93	-120.40
2024-09-05T07:54:16	298.46	1481.98	2420.08	-115.80	-270.52	-118.89
2024-09-05T07:54:18	296.42	1488.15	2413.01	-115.33	-271.89	-117.43
2024-09-05T07:54:20	294.38	1494.31	2405.93	-114.79	-273.12	-115.98
2024-09-05T07:54:22	292.33	1500.47	2398.84	-114.22	-274.29	-114.49
2024-09-05T07:54:24	290.29	1506.61	2391.75	-113.53	-275.51	-112.94
2024-09-05T07:54:26	288.24	1512.76	2384.64	-112.84	-276.76	-111.39
2024-09-05T07:54:28	286.19	1518.90	2377.52	-112.15	-278.04	-109.82
2024-09-05T07:54:30	284.15	1525.03	2370.40	-111.45	-279.33	-108.23
2024-09-05T07:54:32	282.10	1531.16	2363.27	-110.73	-280.65	-106.63
2024-09-05T07:54:34	280.05	1537.28	2356.12	-110.01	-281.99	-105.01
2024-09-05T07:54:36	277.99	1543.39	2348.97	-109.28	-283.33	-103.41
2024-09-05T07:54:38	275.94	1549.50	2341.81	-108.58	-284.60	-101.85
2024-09-05T07:54:40	273.89	1555.60	2334.64	-107.86	-285.81	-100.27
2024-09-05T07:54:42	271.83	1561.70	2327.46	-107.13	-287.01	-98.67
2024-09-05T07:54:44	269.78	1567.79	2320.27	-106.40	-288.18	-97.05
2024-09-05T07:54:46	267.72	1573.87	2313.07	-105.65	-289.33	-95.40
2024-09-05T07:54:48	265.66	1579.95	2305.86	-104.89	-290.46	-93.74
2024-09-05T07:54:50	263.60	1586.02	2298.65	-104.10	-291.57	-92.05
2024-09-05T07:54:52	261.54	1592.08	2291.42	-103.29	-292.65	-90.34
2024-09-05T07:54:54	259.48	1598.14	2284.18	-102.42	-293.70	-88.60
2024-09-05T07:54:56	257.42	1604.20	2276.94	-101.10	-294.77	-86.77
2024-09-05T07:54:58	255.36	1610.24	2269.69	-99.78	-295.79	-84.95
2024-09-05T07:55:00	253.29	1616.28	2262.42	-98.46	-296.76	-83.13
2024-09-05T07:55:02	251.23	1622.31	2255.15	-97.15	-297.68	-81.30
2024-09-05T07:55:04	249.16	1628.34	2247.87	-95.84	-298.54	-79.47
2024-09-05T07:55:06	247.09	1634.36	2240.58	-94.54	-299.34	-77.63
2024-09-05T07:55:08	245.03	1640.37	2233.28	-93.26	-300.09	-75.78
2024-09-05T07:55:10	242.96	1646.38	2225.97	-92.01	-300.91	-74.01
2024-09-05T07:55:12	240.89	1652.38	2218.66	-90.79	-302.20	-72.31
2024-09-05T07:55:14	238.82	1658.37	2211.33	-89.55	-303.48	-70.62
2024-09-05T07:55:16	236.75	1664.35	2203.99	-88.30	-304.70	-68.97
2024-09-05T07:55:18	234.67	1670.33	2196.65	-87.02	-305.82	-67.29
2024-09-05T07:55:20	232.60	1676.30	2189.29	-85.72	-306.84	-65.59
2024-09-05T07:55:22	230.52	1682.27	2181.93	-84.39	-307.77	-63.87
2024-09-05T07:55:24	228.45	1688.23	2174.56	-83.04	-308.60	-62.13
2024-09-05T07:55:26	226.37	1694.18	2167.18	-81.73	-309.27	-60.30
2024-09-05T07:55:28	224.29	1700.12	2159.79	-80.51	-309.85	-58.33
2024-09-05T07:55:30	222.22	1706.06	2152.39	-79.31	-310.48	-56.37
2024-09-05T07:55:32	220.14	1711.99	2144.98	-78.12	-311.16	-54.39
2024-09-05T07:55:34	218.06	1717.91	2137.56	-77.03	-311.82	-52.46
2024-09-05T07:55:36	215.98	1723.83	2130.13	-75.96	-312.37	-50.48
2024-09-05T07:55:38	213.89	1729.74	2122.70	-74.89	-312.80	-48.45
2024-09-05T07:55:40	211.81	1735.64	2115.25	-73.81	-313.11	-46.36
2024-09-05T07:55:42	209.73	1741.53	2107.80	-72.81	-313.28	-44.13
2024-09-05T07:55:44	207.64	1747.41	2100.34	-71.84	-313.44	-41.86
2024-09-05T07:55:46	205.56	1753.29	2092.87	-70.90	-313.64	-39.59
2024-09-05T07:55:48	203.47	1759.16	2085.39	-69.99	-313.89	-37.34
2024-09-05T07:55:50	201.38	1765.03	2077.89	-69.11	-314.21	-35.10
2024-09-05T07:55:52	199.30	1770.88	2070.40	-68.30	-314.60	-32.92
2024-09-05T07:55:54	197.21	1776.73	2062.89	-67.65	-314.97	-30.90
2024-09-05T07:55:56	195.12	1782.57	2055.37	-67.07	-315.22	-28.82
2024-09-05T07:55:58	193.03	1788.40	2047.85	-66.67	-315.28	-26.09
2024-09-05T07:56:00	190.93	1794.23	2040.31	-66.26	-315.26	-23.37
2024-09-05T07:56:02	188.84	1800.04	2032.77	-65.82	-315.17	-20.66
2024-09-05T07:56:04	186.75	1805.85	2025.22	-65.40	-315.04	-17.96
2024-09-05T07:56:06	184.66	1811.65	2017.66	-64.97	-314.90	-15.30
2024-09-05T07:56:08	182.56	1817.45	2010.09	-64.54	-314.74	-12.68
2024-09-05T07:56:10	180.47	1823.23	2002.51	-64.11	-314.57	-10.10
2024-09-05T07:56:12	178.37	1829.01	1994.92	-63.55	-314.57	-7.48
2024-09-05T07:56:14	176.28	1834.78	1987.32	-62.90	-314.75	-4.82
2024-09-05T07:56:16	174.18	1840.54	1979.72	-62.27	-314.82	-2.18
2024-09-05T07:56:18	172.08	1846.29	1972.10	-61.66	-314.78	0.44
2024-09-05T07:56:20	169.98	1852.04	1964.48	-61.08	-314.64	3.03
2024-09-05T07:56:22	167.88	1857.77	1956.85	-60.52	-314.40	5.61
2024-09-05T07:56:24	165.78	1863.50	1949.21	-59.99	-314.08	8.16
2024-09-05T07:56:26	163.68	1869.22	1941.56	-59.50	-313.68	10.68
2024-09-05T07:56:28	161.58	1874.93	1933.90	-59.12	-313.44	13.35
2024-09-05T07:56:30	159.48	1880.63	1926.24	-58.67	-313.22	16.03
2024-09-05T07:56:32	157.37	1886.33	1918.56	-58.12	-313.05	18.66
2024-09-05T07:56:34	155.27	1892.02	1910.88	-57.46	-312.85	21.20
2024-09-05T07:56:36	153.16	1897.69	1903.19	-56.80	-312.53	23.75
2024-09-05T07:56:38	151.06	1903.36	1895.48	-56.13	-312.08	26.29
2024-09-05T07:56:40	148.95	1909.02	1887.77	-55.47	-311.51	28.83
2024-09-05T07:56:42	146.84	1914.67	1880.06	-54.89	-310.82	31.39
2024-09-05T07:56:44	144.74	1920.32	1872.33	-54.40	-310.13	33.96
2024-09-05T07:56:46	142.63	1925.95	1864.60	-53.96	-309.48	36.49
2024-09-05T07:56:48	140.52	1931.58	1856.85	-53.55	-308.86	38.98
2024-09-05T07:56:50	138.41	1937.19	1849.10	-53.19	-308.27	41.42
2024-09-05T07:56:52	136.30	1942.80	1841.34	-52.84	-307.76	43.78
2024-09-05T07:56:54	134.19	1948.40	1833.57	-52.46	-307.36	46.08
2024-09-05T07:56:56	132.08	1953.99	1825.79	-52.05	-306.85	48.45
2024-09-05T07:56:58	129.97	1959.57	1818.01	-51.43	-305.96	51.20
2024-09-05T07:57:00	127.86	1965.14	1810.21	-50.78	-305.02	53.94
2024-09-05T07:57:02	125.75	1970.71	1802.41	-50.16	-304.06	56.67
2024-09-05T07:57:04	123.63	1976.26	1794.60	-49.54	-303.07	59.37
2024-09-05T07:57:06	121.52	1981.80	1786.78	-48.93	-302.05	62.05
2024-09-05T07:57:08	119.41	1987.34	1778.96	-48.32	-301.02	64.71
2024-09-05T07:57:10	117.29	1992.87	1771.12	-47.71	-299.96	67.35
2024-09-05T07:57:12	115.18	1998.38	1763.28	-47.12	-298.90	69.92
2024-09-05T07:57:14	113.06	2003.89	1755.42	-46.58	-297.93	72.30
2024-09-05T07:57:16	110.94	2009.39	1747.56	-46.04	-296.92	74.66
2024-09-05T07:57:18	108.83	2014.88	1739.70	-45.49	-295.88	77.00
2024-09-05T07:57:20	106.71	2020.36	1731.82	-44.94	-294.81	79.33
2024-09-05T07:57:22	104.59	2025.83	1723.94	-44.38	-293.69	81.65
2024-09-05T07:57:24	102.48	2031.29	1716.04	-43.82	-292.54	83.95
2024-09-05T07:57:26	100.35	2036.75	1708.14	-43.22	-291.28	86.38
2024-09-05T07:57:28	98.24	2042.19	1700.24	-42.61	-289.95	88.89
2024-09-05T07:57:30	96.12	2047.62	1692.32	-42.01	-288.62	91.39
2024-09-05T07:57:32	94.00	2053.04	1684.39	-41.44	-287.27	93.87
2024-09-05T07:57:34	91.88	2058.46	1676.46	-40.88	-286.02	96.27
2024-09-05T07:57:36	89.76	2063.86	1668.52	-40.33	-284.84	98.58
2024-09-05T07:57:38	87.64	2069.25	1660.57	-39.79	-283.61	100.87
2024-09-05T07:57:40	85.51	2074.64	1652.62	-39.23	-282.27	103.17
2024-09-05T07:57:42	83.39	2080.01	1644.66	-38.63	-280.76	105.47
2024-09-05T07:57:44	81.27	2085.38	1636.68	-38.04	-279.24	107.75
2024-09-05T07:57:46	79.15	2090.73	1628.70	-37.45	-277.70	110.01
2024-09-05T07:57:48	77.02	2096.08	1620.72	-36.85	-276.15	112.25
2024-09-05T07:57:50	74.90	2101.41	1612.72	-36.26	-274.60	114.46
2024-09-05T07:57:52	72.78	2106.74	1604.72	-35.68	-273.01	116.64
2024-09-05T07:57:54	70.65	2112.05	1596.71	-35.11	-271.35	118.79
2024-09-05T07:57:56	68.53	2117.36	1588.69	-34.50	-269.65	120.95
2024-09-05T07:57:58	66.40	2122.65	1580.67	-33.92	-267.96	123.08
2024-09-05T07:58:00	64.28	2127.94	1572.64	-33.35	-266.28	125.19
2024-09-05T07:58:02	62.15	2133.21	1564.60	-32.80	-264.59	127.28
2024-09-05T07:58:04	60.03	2138.48	1556.55	-32.28	-262.89	129.37
2024-09-05T07:58:06	57.90	2143.73	1548.49	-31.77	-261.20	131.43
2024-09-05T07:58:08	55.78	2148.98	1540.43	-31.28	-259.47	133.49
2024-09-05T07:58:10	53.65	2154.21	1532.36	-30.77	-257.51	135.52
2024-09-05T07:58:12	51.53	2159.43	1524.29	-30.26	-255.54	137.51
2024-09-05T07:58:14	49.40	2164.65	1516.20	-29.75	-253.55	139.47
2024-09-05T07:58:16	47.27	2169.85	1508.11	-29.26	-251.54	141.40
2024-09-05T07:58:18	45.14	2175.05	1500.01	-28.75	-249.69	143.24
2024-09-05T07:58:20	43.02	2180.23	1491.91	-28.26	-247.85	145.06
2024-09-05T07:58:22	40.89	2185.40	1483.80	-27.76	-246.02	146.88
2024-09-05T07:58:24	38.76	2190.56	1475.68	-27.26	-244.00	148.83
2024-09-05T07:58:26	36.63	2195.71	1467.55	-26.76	-241.97	150.74
2024-09-05T07:58:28	34.51	2200.85	1459.42	-26.27	-239.91	152.61
2024-09-05T07:58:30	32.38	2205.98	1451.28	-25.77	-237.84	154.44
2024-09-05T07:58:32	30.25	2211.10	1443.13	-25.27	-235.74	156.23
2024-09-05T07:58:34	28.12	2216.21	1434.97	-24.78	-233.63	157.99
2024-09-05T07:58:36	26.00	2221.31	1426.81	-24.28	-231.50	159.70
2024-09-05T07:58:38	23.87	2226.40	1418.64	-23.85	-229.26	161.47
2024-09-05T07:58:40	21.74	2231.48	1410.47	-23.43	-227.19	163.18
2024-09-05T07:58:42	19.61	2236.54	1402.29	-23.02	-225.14	164.86
2024-09-05T07:58:44	17.48	2241.60	1394.10	-22.61	-223.09	166.51
2024-09-05T07:58:46	15.35	2246.64	1385.90	-22.21	-221.02	168.11
2024-09-05T07:58:48	13.22	2251.68	1377.70	-21.81	-218.93	169.67
2024-09-05T07:58:50	11.09	2256.70	1369.49	-21.41	-216.83	171.20
2024-09-05T07:58:52	8.97	2261.71	1361.28	-21.05	-214.53	172.69
2024-09-05T07:58:54	6.84	2266.72	1353.06	-20.68	-212.24	174.17
2024-09-05T07:58:56	4.71	2271.71	1344.83	-20.32	-209.96	175.62
2024-09-05T07:58:58	2.58	2276.69	1336.59	-19.95	-207.69	177.06
2024-09-05T07:59:00	0.45	2281.66	1328.35	-19.59	-205.43	178.47
2024-09-05T07:59:02	-1.68	2286.62	1320.11	-19.22	-203.23	179.86
2024-09-05T07:59:04	-3.81	2291.57	1311.85	-18.86	-201.08	181.22
2024-09-05T07:59:06	-5.94	2296.50	1303.59	-18.47	-198.72	182.53
2024-09-05T07:59:08	-8.06	2301.43	1295.33	-18.09	-196.38	183.82
2024-09-05T07:59:10	-10.19	2306.34	1287.05	-17.72	-194.06	185.10
2024-09-05T07:59:12	-12.32	2311.25	1278.77	-17.35	-191.76	186.35
2024-09-05T07:59:14	-14.45	2316.14	1270.49	-16.99	-189.49	187.59
2024-09-05T07:59:16	-16.58	2321.02	1262.20	-16.64	-187.23	188.80
2024-09-05T07:59:18	-18.71	2325.89	1253.90	-16.30	-184.96	189.99
2024-09-05T07:59:20	-20.84	2330.75	1245.60	-15.96	-182.51	191.12
2024-09-05T07:59:22	-22.96	2335.60	1237.29	-15.63	-180.05	192.22
2024-09-05T07:59:24	-25.09	2340.43	1228.98	-15.31	-177.58	193.28
2024-09-05T07:59:26	-27.22	2345.26	1220.66	-14.99	-175.24	194.33
2024-09-05T07:59:28	-29.35	2350.07	1212.33	-14.67	-172.95	195.37
2024-09-05T07:59:30	-31.47	2354.88	1204.00	-14.34	-170.68	196.40
2024-09-05T07:59:32	-33.60	2359.67	1195.66	-14.03	-168.39	197.41
2024-09-05T07:59:34	-35.73	2364.45	1187.32	-13.72	-166.02	198.37
2024-09-05T07:59:36	-37.85	2369.22	1178.97	-13.41	-163.67	199.32
2024-09-05T07:59:38	-39.98	2373.98	1170.61	-13.12	-161.32	200.23
2024-09-05T07:59:40	-42.11	2378.73	1162.25	-12.84	-158.98	201.13
2024-09-05T07:59:42	-44.23	2383.47	1153.89	-12.56	-156.65	201.99
2024-09-05T07:59:44	-46.36	2388.19	1145.52	-12.28	-154.33	202.84
2024-09-05T07:59:46	-48.49	2392.90	1137.14	-12.01	-151.93	203.62
2024-09-05T07:59:48	-50.61	2397.61	1128.76	-11.73	-149.44	204.32
2024-09-05T07:59:50	-52.74	2402.29	1120.37	-11.46	-147.05	205.01
2024-09-05T07:59:52	-54.86	2406.97	1111.98	-11.19	-144.72	205.70
2024-09-05T07:59:54	-56.99	2411.64	1103.58	-10.93	-142.40	206.37
2024-09-05T07:59:56	-59.11	2416.30	1095.18	-10.67	-140.11	207.04
2024-09-05T07:59:58	-61.23	2420.95	1086.77	-10.42	-137.83	207.70
2024-09-05T08:00:00	-63.36	2425.58	1078.36	-10.17	-135.47	208.32
2024-09-05T08:00:02	-65.48	2430.20	1069.94	-9.92	-133.07	208.88
2024-09-05T08:00:04	-67.61	2434.81	1061.51	-9.67	-130.69	209.42
2024-09-05T08:00:06	-69.73	2439.41	1053.08	-9.43	-128.32	209.94
2024-09-05T08:00:08	-71.85	2444.00	1044.65	-9.19	-125.97	210.43
2024-09-05T08:00:10	-73.97	2448.58	1036.21	-8.95	-123.63	210.89
2024-09-05T08:00:12	-76.09	2453.14	1027.77	-8.72	-121.30	211.33
2024-09-05T08:00:14	-78.22	2457.70	1019.32	-8.48	-118.93	211.74
2024-09-05T08:00:16	-80.34	2462.24	1010.87	-8.25	-116.63	212.16
2024-09-05T08:00:18	-82.46	2466.77	1002.41	-8.03	-114.34	212.57
2024-09-05T08:00:20	-84.58	2471.29	993.95	-7.81	-112.08	212.96
2024-09-05T08:00:22	-86.70	2475.80	985.48	-7.59	-109.84	213.34
2024-09-05T08:00:24	-88.82	2480.29	977.01	-7.37	-107.62	213.70
2024-09-05T08:00:26	-90.93	2484.78	968.54	-7.16	-105.42	214.04
2024-09-05T08:00:28	-93.05	2489.25	960.05	-7.00	-103.12	214.23
2024-09-05T08:00:30	-95.17	2493.71	951.57	-6.83	-100.85	214.40
2024-09-05T08:00:32	-97.29	2498.16	943.08	-6.67	-98.59	214.56
2024-09-05T08:00:34	-99.41	2502.60	934.59	-6.50	-96.33	214.70
2024-09-05T08:00:36	-101.52	2507.03	926.09	-6.34	-94.09	214.82
2024-09-05T08:00:38	-103.64	2511.45	917.59	-6.18	-91.86	214.94
2024-09-05T08:00:40	-105.75	2515.85	909.08	-6.02	-89.64	215.04
2024-09-05T08:00:42	-107.87	2520.24	900.57	-5.87	-87.40	215.11
2024-09-05T08:00:44	-109.98	2524.62	892.05	-5.71	-85.20	215.18
2024-09-05T08:00:46	-112.10	2528.99	883.54	-5.55	-83.02	215.24
2024-09-05T08:00:48	-114.21	2533.35	875.01	-5.40	-80.87	215.30
2024-09-05T08:00:50	-116.32	2537.70	866.49	-5.25	-78.75	215.35
2024-09-05T08:00:52	-118.44	2542.03	857.96	-5.10	-76.65	215.40
2024-09-05T08:00:54	-120.55	2546.36	849.42	-4.95	-74.51	215.35
2024-09-05T08:00:56	-122.66	2550.67	840.88	-4.80	-72.34	215.24
2024-09-05T08:00:58	-124.77	2554.97	832.34	-4.67	-70.19	215.12
2024-09-05T08:01:00	-126.88	2559.26	823.79	-4.54	-68.05	214.99
2024-09-05T08:01:02	-128.99	2563.53	815.24	-4.42	-65.92	214.85
2024-09-05T08:01:04	-131.10	2567.80	806.69	-4.30	-63.80	214.70
2024-09-05T08:01:06	-133.21	2572.06	798.13	-4.17	-61.75	214.58
2024-09-05T08:01:08	-135.32	2576.30	789.57	-3.97	-59.77	214.43
2024-09-05T08:01:10	-137.42	2580.53	781.01	-3.77	-57.80	214.25
2024-09-05T08:01:12	-139.53	2584.75	772.44	-3.57	-55.84	214.05
2024-09-05T08:01:14	-141.63	2588.96	763.87	-3.39	-53.89	213.83
2024-09-05T08:01:16	-143.74	2593.15	755.29	-3.21	-51.95	213.60
2024-09-05T08:01:18	-145.84	2597.34	746.72	-3.04	-50.03	213.36
2024-09-05T08:01:20	-147.95	2601.51	738.14	-2.89	-48.11	213.08
2024-09-05T08:01:22	-150.05	2605.67	729.55	-2.76	-46.19	212.76
2024-09-05T08:01:24	-152.15	2609.82	720.96	-2.64	-44.30	212.44
2024-09-05T08:01:26	-154.25	2613.96	712.37	-2.52	-42.43	212.11
2024-09-05T08:01:28	-156.36	2618.09	703.78	-2.41	-40.60	211.77
2024-09-05T08:01:30	-158.46	2622.20	695.18	-2.31	-38.80	211.42
2024-09-05T08:01:32	-160.56	2626.31	686.58	-2.21	-37.03	211.06
2024-09-05T08:01:34	-162.66	2630.40	677.98	-2.12	-35.24	210.66
2024-09-05T08:01:36	-164.75	2634.48	669.37	-2.03	-33.44	210.24
2024-09-05T08:01:38	-166.85	2638.55	660.76	-1.94	-31.66	209.82
2024-09-05T08:01:40	-168.95	2642.61	652.15	-1.86	-29.89	209.41
2024-09-05T08:01:42	-171.04	2646.66	643.54	-1.77	-28.14	209.00
2024-09-05T08:01:44	-173.14	2650.69	634.92	-1.68	-26.41	208.59
2024-09-05T08:01:46	-175.23	2654.72	626.30	-1.59	-24.69	208.19
2024-09-05T08:01:48	-177.33	2658.73	617.67	-1.50	-22.95	207.67
2024-09-05T08:01:50	-179.42	2662.73	609.05	-1.40	-21.22	207.16
2024-09-05T08:01:52	-181.51	2666.72	600.42	-1.30	-19.51	206.63
2024-09-05T08:01:54	-183.60	2670.70	591.79	-1.21	-17.82	206.11
2024-09-05T08:01:56	-185.69	2674.66	583.16	-1.11	-16.15	205.59
2024-09-05T08:01:58	-187.78	2678.62	574.52	-1.01	-14.49	205.06
2024-09-05T08:02:00	-189.87	2682.56	565.88	-0.93	-12.86	204.51
2024-09-05T08:02:02	-191.96	2686.50	557.24	-0.87	-11.26	203.92
2024-09-05T08:02:04	-194.05	2690.42	548.59	-0.83	-9.67	203.35
2024-09-05T08:02:06	-196.13	2694.33	539.95	-0.78	-8.10	202.80
2024-09-05T08:02:08	-198.22	2698.23	531.30	-0.74	-6.56	202.25
2024-09-05T08:02:10	-200.30	2702.11	522.65	-0.70	-5.03	201.71
2024-09-05T08:02:12	-202.39	2705.99	514.00	-0.66	-3.52	201.18
2024-09-05T08:02:14	-204.47	2709.85	505.35	-0.62	-2.01	200.53
2024-09-05T08:02:16	-206.55	2713.70	496.69	-0.59	-0.52	199.82
2024-09-05T08:02:18	-208.63	2717.55	488.03	-0.56	0.95	199.10
2024-09-05T08:02:20	-210.71	2721.38	479.37	-0.54	2.39	198.37
2024-09-05T08:02:22	-212.79	2725.20	470.71	-0.51	3.81	197.62
2024-09-05T08:02:24	-214.87	2729.00	462.04	-0.46	5.17	196.86
2024-09-05T08:02:26	-216.95	2732.80	453.38	-0.39	6.51	196.10
2024-09-05T08:02:28	-219.02	2736.59	444.71	-0.24	7.81	195.42
2024-09-05T08:02:30	-221.10	2740.36	436.04	-0.08	9.09	194.75
2024-09-05T08:02:32	-223.17	2744.12	427.37	0.09	10.39	194.12
2024-09-05T08:02:34	-225.25	2747.88	418.69	0.26	11.69	193.54
2024-09-05T08:02:36	-227.32	2751.62	410.02	0.42	12.98	192.96
2024-09-05T08:02:38	-229.39	2755.35	401.34	0.59	14.26	192.38
2024-09-05T08:02:40	-231.47	2759.07	392.66	0.73	15.51	191.66
2024-09-05T08:02:42	-233.53	2762.77	383.98	0.83	16.74	190.84
2024-09-05T08:02:44	-235.60	2766.47	375.30	0.93	17.96	190.02
2024-09-05T08:02:46	-237.67	2770.15	366.61	1.03	19.16	189.21
2024-09-05T08:02:48	-239.74	2773.83	357.93	1.11	20.36	188.41
2024-09-05T08:02:50	-241.81	2777.49	349.24	1.20	21.54	187.61
2024-09-05T08:02:52	-243.87	2781.15	340.56	1.27	22.70	186.82
2024-09-05T08:02:54	-245.93	2784.79	331.87	1.32	23.87	186.11
2024-09-05T08:02:56	-248.00	2788.41	323.18	1.36	25.04	185.41
2024-09-05T08:02:58	-250.06	2792.04	314.49	1.40	26.20	184.71
2024-09-05T08:03:00	-252.12	2795.64	305.80	1.44	27.35	184.01
2024-09-05T08:03:02	-254.18	2799.24	297.10	1.49	28.50	183.32
2024-09-05T08:03:04	-256.24	2802.83	288.41	1.53	29.66	182.57
2024-09-05T08:03:06	-258.30	2806.40	279.71	1.58	30.74	181.74
2024-09-05T08:03:08	-260.36	2809.97	271.01	1.64	31.69	180.84
2024-09-05T08:03:10	-262.41	2813.52	262.31	1.69	32.63	179.96
2024-09-05T08:03:12	-264.47	2817.07	253.62	1.74	33.57	179.11
2024-09-05T08:03:14	-266.52	2820.60	244.92	1.78	34.50	178.30
2024-09-05T08:03:16	-268.58	2824.12	236.21	1.82	35.43	177.53
2024-09-05T08:03:18	-270.63	2827.63	227.51	1.86	36.36	176.78
2024-09-05T08:03:20	-272.68	2831.13	218.81	2.03	37.25	175.89
2024-09-05T08:03:22	-274.73	2834.62	210.10	2.25	38.11	174.92
2024-09-05T08:03:24	-276.78	2838.10	201.40	2.47	38.96	173.91
2024-09-05T08:03:26	-278.83	2841.56	192.69	2.70	39.78	172.86
2024-09-05T08:03:28	-280.87	2845.02	183.99	2.93	40.59	171.79
2024-09-05T08:03:30	-282.92	2848.47	175.28	3.17	41.37	170.68
2024-09-05T08:03:32	-284.96	2851.90	166.57	3.36	42.16	169.64
2024-09-05T08:03:34	-287.00	2855.33	157.87	3.34	43.01	168.91
2024-09-05T08:03:36	-289.05	2858.74	149.16	3.29	43.87	168.33
2024-09-05T08:03:38	-291.09	2862.15	140.45	3.23	44.73	167.80
2024-09-05T08:03:40	-293.13	2865.54	131.74	3.17	45.58	167.24
2024-09-05T08:03:42	-295.17	2868.92	123.03	3.12	46.44	166.67
2024-09-05T08:03:44	-297.21	2872.29	114.32	3.07	47.30	166.08
2024-09-05T08:03:46	-299.24	2875.66	105.61	3.07	48.13	165.26
2024-09-05T08:03:48	-301.28	2879.01	96.89	3.11	48.92	164.35
2024-09-05T08:03:50	-303.32	2882.35	88.18	3.16	49.72	163.46
2024-09-05T08:03:52	-305.35	2885.68	79.47	3.23	50.51	162.60
2024-09-05T08:03:54	-307.38	2889.00	70.76	3.31	51.30	161.78
2024-09-05T08:03:56	-309.41	2892.31	62.04	3.39	52.09	160.99
2024-09-05T08:03:58	-311.44	2895.61	53.33	3.48	52.87	160.25
2024-09-05T08:04:00	-313.47	2898.90	44.62	3.59	53.50	159.55
2024-09-05T08:04:02	-315.50	2902.18	35.91	3.73	54.13	158.85
2024-09-05T08:04:04	-317.53	2905.45	27.19	3.89	54.74	158.14
2024-09-05T08:04:06	-319.55	2908.71	18.48	4.08	55.33	157.43
2024-09-05T08:04:08	-321.58	2911.95	9.76	4.31	55.92	156.70
2024-09-05T08:04:10	-323.60	2915.19	1.05	4.56	56.48	155.90
2024-09-05T08:04:12	-325.62	2918.42	-7.66	4.71	57.03	154.95
2024-09-05T08:04:14	-327.65	2921.64	-16.37	4.76	57.56	153.92
2024-09-05T08:04:16	-329.67	2924.85	-25.09	4.79	58.08	152.89
2024-09-05T08:04:18	-331.68	2928.04	-33.80	4.83	58.59	151.89
2024-09-05T08:04:20	-333.70	2931.23	-42.51	4.87	59.10	150.91
2024-09-05T08:04:22	-335.72	2934.41	-51.23	4.91	59.60	149.95
2024-09-05T08:04:24	-337.74	2937.57	-59.94	4.95	60.09	149.01
2024-09-05T08:04:26	-339.75	2940.73	-68.65	5.07	60.41	148.19
2024-09-05T08:04:28	-341.76	2943.88	-77.37	5.17	60.72	147.40
2024-09-05T08:04:30	-343.77	2947.02	-86.08	5.26	61.02	146.64
2024-09-05T08:04:32	-345.78	2950.14	-94.79	5.34	61.32	145.92
2024-09-05T08:04:34	-347.80	2953.26	-103.50	5.40	61.61	145.22
2024-09-05T08:04:36	-349.80	2956.37	-112.21	5.46	61.91	144.55
2024-09-05T08:04:38	-351.81	2959.47	-120.92	5.54	62.30	143.82
2024-09-05T08:04:40	-353.81	2962.56	-129.64	5.66	62.82	142.98
2024-09-05T08:04:42	-355.82	2965.63	-138.35	5.79	63.31	142.15
2024-09-05T08:04:44	-357.82	2968.70	-147.06	5.92	63.79	141.30
2024-09-05T08:04:46	-359.83	2971.76	-155.76	6.05	64.27	140.46
2024-09-05T08:04:48	-361.83	2974.81	-164.47	6.17	64.78	139.62
2024-09-05T08:04:50	-363.83	2977.85	-173.18	6.27	65.27	138.77
2024-09-05T08:04:52	-365.83	2980.88	-181.89	6.29	65.80	138.03
2024-09-05T08:04:54	-367.83	2983.90	-190.60	6.32	66.31	137.28
2024-09-05T08:04:56	-369.82	2986.91	-199.30	6.39	66.82	136.52
2024-09-05T08:04:58	-371.82	2989.91	-208.01	6.49	67.32	135.76
2024-09-05T08:05:00	-373.81	2992.90	-216.71	6.62	67.82	134.98
2024-09-05T08:05:02	-375.80	2995.88	-225.42	6.78	68.32	134.20
2024-09-05T08:05:04	-377.79	2998.86	-234.12	6.94	68.73	133.37
2024-09-05T08:05:06	-379.79	3001.82	-242.82	7.03	68.91	132.46
2024-09-05T08:05:08	-381.77	3004.77	-251.52	7.09	69.05	131.57
2024-09-05T08:05:10	-383.76	3007.72	-260.23	7.13	69.15	130.70
2024-09-05T08:05:12	-385.75	3010.65	-268.93	7.09	69.26	129.93
2024-09-05T08:05:14	-387.74	3013.58	-277.63	7.03	69.36	129.21
2024-09-05T08:05:16	-389.72	3016.49	-286.33	6.95	69.47	128.54
2024-09-05T08:05:18	-391.70	3019.40	-295.03	6.96	69.73	127.90
2024-09-05T08:05:20	-393.68	3022.30	-303.72	7.01	70.04	127.27
2024-09-05T08:05:22	-395.67	3025.19	-312.42	7.09	70.36	126.67
2024-09-05T08:05:24	-397.64	3028.06	-321.11	7.18	70.68	126.09
2024-09-05T08:05:26	-399.62	3030.93	-329.81	7.38	71.02	125.49
2024-09-05T08:05:28	-401.60	3033.79	-338.50	7.59	71.34	124.86
2024-09-05T08:05:30	-403.58	3036.64	-347.19	7.83	71.63	124.17
2024-09-05T08:05:32	-405.55	3039.49	-355.88	8.11	71.85	123.22
2024-09-05T08:05:34	-407.52	3042.32	-364.58	8.37	72.07	122.28
2024-09-05T08:05:36	-409.50	3045.14	-373.26	8.62	72.29	121.37
2024-09-05T08:05:38	-411.47	3047.96	-381.95	8.85	72.51	120.49
2024-09-05T08:05:40	-413.44	3050.76	-390.64	9.06	72.72	119.63
2024-09-05T08:05:42	-415.41	3053.56	-399.32	9.25	72.93	118.81
2024-09-05T08:05:44	-417.37	3056.35	-408.01	9.41	73.10	118.18
2024-09-05T08:05:46	-419.34	3059.13	-416.69	9.56	73.26	117.67
2024-09-05T08:05:48	-421.30	3061.90	-425.37	9.72	73.44	117.16
2024-09-05T08:05:50	-423.27	3064.66	-434.05	9.90	73.64	116.65
2024-09-05T08:05:52	-425.23	3067.41	-442.73	10.08	73.86	116.13
2024-09-05T08:05:54	-427.19	3070.15	-451.41	10.28	74.10	115.61
2024-09-05T08:05:56	-429.15	3072.89	-460.09	10.50	74.36	115.08
2024-09-05T08:05:58	-431.11	3075.62	-468.76	10.62	74.56	114.33
2024-09-05T08:06:00	-433.07	3078.33	-477.44	10.71	74.73	113.56
2024-09-05T08:06:02	-435.02	3081.04	-486.11	10.80	74.88	112.75
2024-09-05T08:06:04	-436.98	3083.74	-494.78	10.87	75.00	111.92
2024-09-05T08:06:06	-438.93	3086.43	-503.45	10.90	75.07	111.07
2024-09-05T08:06:08	-440.88	3089.12	-512.12	10.90	75.10	110.28
2024-09-05T08:06:10	-442.83	3091.79	-520.79	10.90	75.16	109.68
2024-09-05T08:06:12	-444.78	3094.45	-529.46	10.97	75.23	109.21
2024-09-05T08:06:14	-446.73	3097.11	-538.12	11.06	75.34	108.72
2024-09-05T08:06:16	-448.68	3099.76	-546.78	11.18	75.46	108.19
2024-09-05T08:06:18	-450.62	3102.40	-555.44	11.31	75.60	107.62
2024-09-05T08:06:20	-452.57	3105.03	-564.10	11.46	75.75	107.01
2024-09-05T08:06:22	-454.51	3107.65	-572.76	11.63	75.92	106.35
2024-09-05T08:06:24	-456.46	3110.27	-581.42	11.89	76.13	105.74
2024-09-05T08:06:26	-458.40	3112.87	-590.07	12.16	76.35	105.18
2024-09-05T08:06:28	-460.34	3115.47	-598.73	12.41	76.55	104.65
2024-09-05T08:06:30	-462.28	3118.06	-607.38	12.65	76.75	104.16
2024-09-05T08:06:32	-464.21	3120.64	-616.03	12.86	76.94	103.71
2024-09-05T08:06:34	-466.15	3123.22	-624.68	13.06	77.14	103.31
2024-09-05T08:06:36	-468.08	3125.78	-633.33	13.24	77.34	102.93
2024-09-05T08:06:38	-470.02	3128.34	-641.97	13.47	77.57	102.41
2024-09-05T08:06:40	-471.95	3130.89	-650.62	13.71	77.80	101.89
2024-09-05T08:06:42	-473.88	3133.43	-659.26	13.95	78.05	101.36
2024-09-05T08:06:44	-475.81	3135.96	-667.90	14.20	78.29	100.81
2024-09-05T08:06:46	-477.74	3138.48	-676.54	14.46	78.54	100.25
2024-09-05T08:06:48	-479.67	3141.00	-685.17	14.73	78.80	99.67
2024-09-05T08:06:50	-481.59	3143.51	-693.81	15.04	79.04	99.19
2024-09-05T08:06:52	-483.52	3146.00	-702.44	15.38	79.29	98.84
2024-09-05T08:06:54	-485.44	3148.50	-711.07	15.71	79.54	98.50
2024-09-05T08:06:56	-487.37	3150.98	-719.70	16.03	79.81	98.18
2024-09-05T08:06:58	-489.29	3153.46	-728.33	16.34	80.08	97.88
2024-09-05T08:07:00	-491.21	3155.92	-736.96	16.63	80.36	97.60
2024-09-05T08:07:02	-493.12	3158.38	-745.58	16.90	80.64	97.34
2024-09-05T08:07:04	-495.04	3160.84	-754.21	16.91	80.92	96.99
2024-09-05T08:07:06	-496.96	3163.28	-762.83	16.90	81.21	96.62
2024-09-05T08:07:08	-498.88	3165.72	-771.45	16.88	81.45	96.21
2024-09-05T08:07:10	-500.79	3168.15	-780.06	16.89	81.65	95.76
2024-09-05T08:07:12	-502.70	3170.57	-788.68	16.91	81.84	95.31
2024-09-05T08:07:14	-504.61	3172.98	-797.29	16.94	82.03	94.85
2024-09-05T08:07:16	-506.52	3175.38	-805.90	17.08	82.13	94.34
2024-09-05T08:07:18	-508.43	3177.78	-814.51	17.46	82.01	93.72
2024-09-05T08:07:20	-510.34	3180.17	-823.12	17.84	81.90	93.12
2024-09-05T08:07:22	-512.24	3182.56	-831.72	18.23	81.79	92.51
2024-09-05T08:07:24	-514.15	3184.93	-840.32	18.62	81.69	91.92
2024-09-05T08:07:26	-516.06	3187.30	-848.93	19.03	81.59	91.33
2024-09-05T08:07:28	-517.96	3189.66	-857.53	19.45	81.49	90.77
2024-09-05T08:07:30	-519.86	3192.01	-866.12	19.74	81.31	90.08
2024-09-05T08:07:32	-521.76	3194.36	-874.72	19.93	81.08	89.27
2024-09-05T08:07:34	-523.66	3196.69	-883.31	20.12	80.84	88.44
2024-09-05T08:07:36	-525.55	3199.02	-891.90	20.29	80.58	87.57
2024-09-05T08:07:38	-527.45	3201.35	-900.49	20.46	80.20	86.64
2024-09-05T08:07:40	-529.35	3203.66	-909.08	20.65	79.77	85.73
2024-09-05T08:07:42	-531.24	3205.97	-917.66	20.83	79.33	84.84
2024-09-05T08:07:44	-533.14	3208.27	-926.25	20.84	78.65	84.07
2024-09-05T08:07:46	-535.03	3210.56	-934.82	20.80	78.02	83.33
2024-09-05T08:07:48	-536.92	3212.85	-943.40	20.72	77.44	82.61
2024-09-05T08:07:50	-538.81	3215.13	-951.98	20.60	76.91	81.91
2024-09-05T08:07:52	-540.69	3217.40	-960.55	20.45	76.44	81.24
2024-09-05T08:07:54	-542.58	3219.66	-969.13	20.26	76.02	80.61
2024-09-05T08:07:56	-544.46	3221.92	-977.70	20.14	75.63	80.05
2024-09-05T08:07:58	-546.35	3224.17	-986.27	20.23	75.17	79.58
2024-09-05T08:08:00	-548.23	3226.41	-994.83	20.32	74.71	79.11
2024-09-05T08:08:02	-550.12	3228.65	-1003.39	20.39	74.23	78.63
2024-09-05T08:08:04	-551.99	3230.88	-1011.96	20.46	73.74	78.14
2024-09-05T08:08:06	-553.88	3233.10	-1020.51	20.53	73.23	77.63
2024-09-05T08:08:08	-555.75	3235.32	-1029.07	20.62	72.69	77.09
2024-09-05T08:08:10	-557.63	3237.52	-1037.62	20.69	71.98	76.06
2024-09-05T08:08:12	-559.50	3239.72	-1046.18	20.67	71.23	74.79
2024-09-05T08:08:14	-561.38	3241.92	-1054.73	20.61	70.50	73.53
2024-09-05T08:08:16	-563.25	3244.10	-1063.27	20.52	69.78	72.29
2024-09-05T08:08:18	-565.13	3246.28	-1071.82	20.40	69.07	71.07
2024-09-05T08:08:20	-567.00	3248.46	-1080.36	20.24	68.37	69.88
2024-09-05T08:08:22	-568.87	3250.62	-1088.91	20.06	67.69	68.72
2024-09-05T08:08:24	-570.73	3252.78	-1097.44	19.52	67.28	68.85
2024-09-05T08:08:26	-572.60	3254.94	-1105.98	18.89	66.91	69.08
2024-09-05T08:08:28	-574.47	3257.08	-1114.51	18.18	66.57	69.36
2024-09-05T08:08:30	-576.33	3259.22	-1123.04	17.39	66.21	69.76
2024-09-05T08:08:32	-578.20	3261.35	-1131.57	16.56	65.85	70.13
2024-09-05T08:08:34	-580.06	3263.48	-1140.10	15.70	65.48	70.47
2024-09-05T08:08:36	-581.92	3265.60	-1148.63	15.02	65.06	70.68
2024-09-05T08:08:38	-583.78	3267.71	-1157.15	15.05	64.43	70.45
2024-09-05T08:08:40	-585.64	3269.81	-1165.67	15.07	63.79	70.09
2024-09-05T08:08:42	-587.50	3271.91	-1174.19	15.07	63.13	69.61
2024-09-05T08:08:44	-589.35	3274.01	-1182.70	15.07	62.46	69.00
2024-09-05T08:08:46	-591.21	3276.09	-1191.22	15.03	61.78	68.26
2024-09-05T08:08:48	-593.06	3278.17	-1199.73	14.97	61.09	67.39
2024-09-05T08:08:50	-594.92	3280.25	-1208.23	14.57	60.54	66.75
2024-09-05T08:08:52	-596.77	3282.31	-1216.74	13.86	60.12	66.46
2024-09-05T08:08:54	-598.62	3284.37	-1225.24	13.11	59.72	66.21
2024-09-05T08:08:56	-600.47	3286.43	-1233.74	12.33	59.34	66.00
2024-09-05T08:08:58	-602.32	3288.47	-1242.24	11.54	59.01	65.84
2024-09-05T08:09:00	-604.16	3290.51	-1250.74	10.74	58.73	65.74
2024-09-05T08:09:02	-606.01	3292.55	-1259.23	9.92	58.52	65.69
2024-09-05T08:09:04	-607.85	3294.58	-1267.72	8.53	57.82	65.28
2024-09-05T08:09:06	-609.70	3296.60	-1276.21	6.98	56.92	64.78
2024-09-05T08:09:08	-611.54	3298.61	-1284.70	5.43	55.94	64.29
2024-09-05T08:09:10	-613.38	3300.62	-1293.18	3.89	54.82	63.77
2024-09-05T08:09:12	-615.22	3302.63	-1301.67	2.38	53.55	63.16
2024-09-05T08:09:14	-617.06	3304.62	-1310.15	0.93	52.20	62.48
2024-09-05T08:09:16	-618.90	3306.61	-1318.62	-0.39	50.80	61.71
2024-09-05T08:09:18	-620.73	3308.60	-1327.10	-0.22	49.64	60.45
2024-09-05T08:09:20	-622.57	3310.58	-1335.57	-0.04	48.50	59.21
2024-09-05T08:09:22	-624.40	3312.55	-1344.04	0.15	47.36	57.98
2024-09-05T08:09:24	-626.24	3314.52	-1352.50	0.36	46.23	56.73
2024-09-05T08:09:26	-628.07	3316.48	-1360.97	0.52	45.07	55.45
2024-09-05T08:09:28	-629.90	3318.43	-1369.43	0.64	43.89	54.19
2024-09-05T08:09:30	-631.73	3320.38	-1377.89	0.41	42.70	52.97
2024-09-05T08:09:32	-633.56	3322.32	-1386.35	-0.56	41.60	51.88
2024-09-05T08:09:34	-635.38	3324.26	-1394.80	-1.48	40.58	50.85
2024-09-05T08:09:36	-637.21	3326.19	-1403.25	-2.33	39.63	49.88
2024-09-05T08:09:38	-639.04	3328.11	-1411.70	-3.13	38.77	48.95
2024-09-05T08:09:40	-640.86	3330.03	-1420.15	-3.86	37.99	48.08
2024-09-05T08:09:42	-642.68	3331.94	-1428.59	-4.53	37.29	47.25
2024-09-05T08:09:44	-644.50	3333.85	-1437.04	-5.27	36.58	46.91
2024-09-05T08:09:46	-646.32	3335.75	-1445.47	-6.13	35.83	46.97
2024-09-05T08:09:48	-648.14	3337.64	-1453.91	-6.98	35.13	47.00
2024-09-05T08:09:50	-649.96	3339.53	-1462.35	-7.83	34.47	47.00
2024-09-05T08:09:52	-651.78	3341.41	-1470.78	-8.67	33.86	46.96
2024-09-05T08:09:54	-653.59	3343.29	-1479.21	-9.51	33.29	46.91
2024-09-05T08:09:56	-655.41	3345.16	-1487.63	-10.35	32.77	46.82
2024-09-05T08:09:58	-657.22	3347.03	-1496.06	-11.05	31.97	46.44
2024-09-05T08:10:00	-659.03	3348.89	-1504.48	-11.69	30.99	46.02
2024-09-05T08:10:02	-660.84	3350.74	-1512.90	-12.30	29.95	45.67
2024-09-05T08:10:04	-662.66	3352.59	-1521.31	-12.90	28.84	45.39
2024-09-05T08:10:06	-664.46	3354.44	-1529.73	-13.48	27.65	45.19
2024-09-05T08:10:08	-666.27	3356.27	-1538.14	-14.05	26.40	45.07
2024-09-05T08:10:10	-668.08	3358.11	-1546.55	-14.61	25.07	45.01
2024-09-05T08:10:12	-669.88	3359.93	-1554.95	-14.91	24.54	44.11
2024-09-05T08:10:14	-671.69	3361.75	-1563.36	-15.11	24.03	42.95
2024-09-05T08:10:16	-673.49	3363.57	-1571.76	-15.28	23.45	41.82
2024-09-05T08:10:18	-675.29	3365.38	-1580.16	-15.41	22.79	40.71
2024-09-05T08:10:20	-677.10	3367.18	-1588.55	-15.52	22.07	39.64
2024-09-05T08:10:22	-678.90	3368.98	-1596.95	-15.59	21.29	38.61
2024-09-05T08:10:24	-680.69	3370.77	-1605.34	-15.58	20.57	37.56
2024-09-05T08:10:26	-682.49	3372.56	-1613.72	-15.29	20.64	36.15
2024-09-05T08:10:28	-684.29	3374.35	-1622.11	-15.04	20.76	34.81
2024-09-05T08:10:30	-686.08	3376.12	-1630.49	-14.81	20.86	33.52
2024-09-05T08:10:32	-687.88	3377.89	-1638.87	-14.60	20.95	32.30
2024-09-05T08:10:34	-689.67	3379.66	-1647.25	-14.42	21.01	31.13
2024-09-05T08:10:36	-691.47	3381.42	-1655.63	-14.24	21.05	30.02
2024-09-05T08:10:38	-693.26	3383.18	-1664.00	-14.15	20.93	29.23
2024-09-05T08:10:40	-695.05	3384.93	-1672.37	-14.24	20.49	28.97
2024-09-05T08:10:42	-696.84	3386.68	-1680.74	-14.34	20.08	28.67
2024-09-05T08:10:44	-698.62	3388.42	-1689.10	-14.45	19.70	28.32
2024-09-05T08:10:46	-700.41	3390.15	-1697.46	-14.58	19.35	27.94
2024-09-05T08:10:48	-702.20	3391.88	-1705.82	-14.73	19.03	27.53
2024-09-05T08:10:50	-703.98	3393.60	-1714.18	-14.91	18.75	27.09
2024-09-05T08:10:52	-705.77	3395.32	-1722.53	-15.18	18.33	26.54
2024-09-05T08:10:54	-707.55	3397.04	-1730.88	-15.53	17.77	25.90
2024-09-05T08:10:56	-709.33	3398.75	-1739.23	-15.88	17.24	25.27
2024-09-05T08:10:58	-711.11	3400.45	-1747.58	-16.25	16.74	24.68
2024-09-05T08:11:00	-712.89	3402.15	-1755.92	-16.63	16.27	24.09
2024-09-05T08:11:02	-714.67	3403.84	-1764.26	-17.02	15.84	23.53
2024-09-05T08:11:04	-716.45	3405.53	-1772.60	-17.43	15.43	22.98
2024-09-05T08:11:06	-718.22	3407.22	-1780.94	-17.64	15.32	22.79
2024-09-05T08:11:08	-720.00	3408.89	-1789.27	-17.72	15.38	22.79
2024-09-05T08:11:10	-721.77	3410.57	-1797.60	-17.79	15.45	22.75
2024-09-05T08:11:12	-723.54	3412.24	-1805.93	-17.88	15.52	22.68
2024-09-05T08:11:14	-725.31	3413.90	-1814.25	-17.96	15.60	22.56
2024-09-05T08:11:16	-727.09	3415.56	-1822.58	-18.04	15.65	22.40
2024-09-05T08:11:18	-728.85	3417.22	-1830.90	-18.09	15.59	22.22
2024-09-05T08:11:20	-730.62	3418.86	-1839.22	-17.84	15.39	22.11
2024-09-05T08:11:22	-732.39	3420.51	-1847.53	-17.49	15.15	22.02
2024-09-05T08:11:24	-734.16	3422.15	-1855.84	-17.16	14.92	21.89
2024-09-05T08:11:26	-735.92	3423.78	-1864.15	-16.83	14.70	21.75
2024-09-05T08:11:28	-737.69	3425.41	-1872.46	-16.52	14.48	21.59
2024-09-05T08:11:30	-739.45	3427.04	-1880.76	-16.23	14.27	21.42
2024-09-05T08:11:32	-741.21	3428.66	-1889.07	-15.96	14.02	21.24
2024-09-05T08:11:34	-742.98	3430.27	-1897.36	-16.16	13.35	21.15
2024-09-05T08:11:36	-744.74	3431.88	-1905.66	-16.39	12.70	21.08
2024-09-05T08:11:38	-746.50	3433.49	-1913.96	-16.58	12.10	21.01
2024-09-05T08:11:40	-748.25	3435.09	-1922.25	-16.75	11.56	20.94
2024-09-05T08:11:42	-750.01	3436.68	-1930.53	-16.89	11.07	20.87
2024-09-05T08:11:44	-751.77	3438.28	-1938.82	-17.01	10.64	20.81
2024-09-05T08:11:46	-753.52	3439.86	-1947.10	-17.12	10.25	20.75
2024-09-05T08:11:48	-755.28	3441.45	-1955.38	-16.82	9.89	20.53
2024-09-05T08:11:50	-757.03	3443.02	-1963.66	-16.51	9.56	20.30
2024-09-05T08:11:52	-758.78	3444.60	-1971.94	-16.21	9.26	20.06
2024-09-05T08:11:54	-760.53	3446.17	-1980.21	-15.91	8.98	19.82
2024-09-05T08:11:56	-762.28	3447.73	-1988.48	-15.60	8.74	19.56
2024-09-05T08:11:58	-764.03	3449.29	-1996.75	-15.30	8.52	19.29
2024-09-05T08:12:00	-765.78	3450.84	-2005.01	-14.99	8.35	19.03
2024-09-05T08:12:02	-767.53	3452.40	-2013.28	-14.81	8.49	19.18
2024-09-05T08:12:04	-769.27	3453.94	-2021.54	-14.64	8.62	19.36
2024-09-05T08:12:06	-771.02	3455.48	-2029.79	-14.48	8.77	19.57
2024-09-05T08:12:08	-772.76	3457.02	-2038.05	-14.33	8.92	19.80
2024-09-05T08:12:10	-774.50	3458.55	-2046.30	-14.20	9.09	20.07
2024-09-05T08:12:12	-776.25	3460.08	-2054.55	-14.08	9.28	20.37
2024-09-05T08:12:14	-777.99	3461.60	-2062.79	-13.99	9.47	20.65
2024-09-05T08:12:16	-779.73	3463.12	-2071.04	-13.94	9.51	20.58
2024-09-05T08:12:18	-781.47	3464.64	-2079.28	-13.87	9.53	20.52
2024-09-05T08:12:20	-783.21	3466.15	-2087.52	-13.78	9.54	20.47
2024-09-05T08:12:22	-784.94	3467.65	-2095.75	-13.68	9.52	20.41
2024-09-05T08:12:24	-786.68	3469.16	-2103.99	-13.57	9.45	20.32
2024-09-05T08:12:26	-788.41	3470.65	-2112.22	-13.44	9.38	20.23
2024-09-05T08:12:28	-790.15	3472.15	-2120.44	-13.36	9.30	20.09
2024-09-05T08:12:30	-791.88	3473.64	-2128.67	-13.48	9.21	19.81
2024-09-05T08:12:32	-793.61	3475.12	-2136.89	-13.59	9.13	19.54
2024-09-05T08:12:34	-795.34	3476.60	-2145.11	-13.68	9.05	19.28
2024-09-05T08:12:36	-797.07	3478.08	-2153.33	-13.77	8.98	19.03
2024-09-05T08:12:38	-798.80	3479.55	-2161.54	-13.84	8.90	18.80
2024-09-05T08:12:40	-800.53	3481.02	-2169.76	-13.91	8.83	18.59
2024-09-05T08:12:42	-802.26	3482.48	-2177.97	-13.97	8.87	18.38
2024-09-05T08:12:44	-803.98	3483.94	-2186.17	-14.09	9.24	18.09
2024-09-05T08:12:46	-805.71	3485.39	-2194.38	-14.22	9.61	17.76
2024-09-05T08:12:48	-807.44	3486.84	-2202.58	-14.37	9.97	17.43
2024-09-05T08:12:50	-809.16	3488.29	-2210.78	-14.54	10.31	17.08
2024-09-05T08:12:52	-810.88	3489.73	-2218.98	-14.73	10.64	16.71
2024-09-05T08:12:54	-812.60	3491.17	-2227.17	-14.94	10.96	16.32
2024-09-05T08:12:56	-814.32	3492.61	-2235.36	-15.10	11.24	16.10
2024-09-05T08:12:58	-816.04	3494.04	-2243.55	-15.08	11.45	16.38
2024-09-05T08:13:00	-817.76	3495.46	-2251.74	-15.06	11.69	16.62
2024-09-05T08:13:02	-819.48	3496.89	-2259.92	-15.02	11.95	16.82
2024-09-05T08:13:04	-821.19	3498.31	-2268.10	-14.98	12.24	16.98
2024-09-05T08:13:06	-822.91	3499.72	-2276.28	-14.94	12.55	17.11
2024-09-05T08:13:08	-824.62	3501.13	-2284.45	-14.91	12.88	17.20
2024-09-05T08:13:10	-826.34	3502.54	-2292.63	-14.93	13.11	17.22
2024-09-05T08:13:12	-828.05	3503.94	-2300.80	-15.11	12.99	17.13
2024-09-05T08:13:14	-829.76	3505.34	-2308.97	-15.29	12.88	17.08
2024-09-05T08:13:16	-831.47	3506.73	-2317.13	-15.47	12.79	17.05
2024-09-05T08:13:18	-833.18	3508.12	-2325.30	-15.66	12.73	17.06
2024-09-05T08:13:20	-834.89	3509.51	-2333.45	-15.85	12.68	17.10
2024-09-05T08:13:22	-836.60	3510.89	-2341.61	-16.04	12.64	17.17
2024-09-05T08:13:24	-838.31	3512.27	-2349.77	-16.21	12.55	17.22
2024-09-05T08:13:26	-840.01	3513.64	-2357.92	-16.33	12.24	17.12
2024-09-05T08:13:28	-841.72	3515.02	-2366.07	-16.43	11.92	17.02
2024-09-05T08:13:30	-843.42	3516.38	-2374.22	-16.50	11.59	16.94
2024-09-05T08:13:32	-845.13	3517.75	-2382.36	-16.56	11.26	16.85
2024-09-05T08:13:34	-846.83	3519.11	-2390.50	-16.63	10.93	16.75
2024-09-05T08:13:36	-848.53	3520.46	-2398.64	-16.70	10.59	16.63
2024-09-05T08:13:38	-850.23	3521.82	-2406.78	-16.72	10.33	16.58
2024-09-05T08:13:40	-851.93	3523.16	-2414.91	-16.62	10.29	16.78
2024-09-05T08:13:42	-853.63	3524.51	-2423.04	-16.55	10.25	16.97
2024-09-05T08:13:44	-855.33	3525.85	-2431.17	-16.50	10.19	17.16
2024-09-05T08:13:46	-857.03	3527.19	-2439.30	-16.48	10.14	17.34
2024-09-05T08:13:48	-858.72	3528.52	-2447.42	-16.49	10.07	17.53
2024-09-05T08:13:50	-860.42	3529.85	-2455.55	-16.52	10.00	17.71
2024-09-05T08:13:52	-862.11	3531.18	-2463.67	-16.59	10.00	17.85
2024-09-05T08:13:54	-863.80	3532.50	-2471.78	-16.69	10.27	17.87
2024-09-05T08:13:56	-865.50	3533.82	-2479.89	-16.76	10.53	17.90
2024-09-05T08:13:58	-867.19	3535.13	-2488.01	-16.82	10.79	17.93
2024-09-05T08:14:00	-868.88	3536.44	-2496.12	-16.87	11.05	17.98
2024-09-05T08:14:02	-870.57	3537.75	-2504.22	-16.89	11.30	18.04
2024-09-05T08:14:04	-872.26	3539.06	-2512.32	-16.91	11.55	18.12
2024-09-05T08:14:06	-873.95	3540.36	-2520.42	-16.93	11.73	18.20
2024-09-05T08:14:08	-875.63	3541.66	-2528.52	-17.04	11.53	18.28
2024-09-05T08:14:10	-877.32	3542.95	-2536.62	-17.15	11.31	18.36
2024-09-05T08:14:12	-879.01	3544.24	-2544.71	-17.24	11.06	18.45
2024-09-05T08:14:14	-880.69	3545.52	-2552.80	-17.32	10.80	18.53
2024-09-05T08:14:16	-882.37	3546.81	-2560.89	-17.39	10.54	18.59
2024-09-05T08:14:18	-884.06	3548.09	-2568.98	-17.44	10.27	18.64
2024-09-05T08:14:20	-885.74	3549.36	-2577.06	-17.47	10.00	18.66
2024-09-05T08:14:22	-887.42	3550.63	-2585.14	-17.29	9.81	18.53
2024-09-05T08:14:24	-889.10	3551.90	-2593.22	-17.13	9.61	18.41
2024-09-05T08:14:26	-890.78	3553.17	-2601.30	-16.98	9.41	18.30
2024-09-05T08:14:28	-892.46	3554.43	-2609.37	-16.84	9.21	18.20
2024-09-05T08:14:30	-894.13	3555.69	-2617.44	-16.72	9.00	18.11
2024-09-05T08:14:32	-895.81	3556.95	-2625.51	-16.62	8.79	18.03
2024-09-05T08:14:34	-897.49	3558.20	-2633.57	-16.52	8.57	17.96
2024-09-05T08:14:36	-899.16	3559.45	-2641.63	-16.62	8.96	17.98
2024-09-05T08:14:38	-900.84	3560.69	-2649.70	-16.72	9.34	18.00
2024-09-05T08:14:40	-902.51	3561.93	-2657.75	-16.83	9.68	18.01
2024-09-05T08:14:42	-904.18	3563.17	-2665.81	-16.95	10.00	18.03
2024-09-05T08:14:44	-905.85	3564.41	-2673.86	-17.08	10.29	18.04
2024-09-05T08:14:46	-907.52	3565.64	-2681.91	-17.22	10.55	18.05
2024-09-05T08:14:48	-909.19	3566.87	-2689.96	-17.37	10.78	18.06
2024-09-05T08:14:50	-910.86	3568.09	-2698.01	-17.58	10.69	17.98
2024-09-05T08:14:52	-912.53	3569.31	-2706.05	-17.78	10.60	17.91
2024-09-05T08:14:54	-914.19	3570.53	-2714.09	-17.97	10.53	17.85
2024-09-05T08:14:56	-915.86	3571.75	-2722.12	-18.16	10.48	17.82
2024-09-05T08:14:58	-917.53	3572.96	-2730.16	-18.35	10.46	17.79
2024-09-05T08:15:00	-919.19	3574.17	-2738.19	-18.54	10.46	17.78
2024-09-05T08:15:02	-920.86	3575.37	-2746.22	-18.72	10.48	17.79
2024-09-05T08:15:04	-922.52	3576.57	-2754.25	-19.02	10.37	17.71
2024-09-05T08:15:06	-924.18	3577.77	-2762.28	-19.34	10.24	17.59
2024-09-05T08:15:08	-925.84	3578.97	-2770.30	-19.64	10.12	17.46
2024-09-05T08:15:10	-927.50	3580.16	-2778.32	-19.92	10.01	17.32
2024-09-05T08:15:12	-929.16	3581.35	-2786.34	-20.19	9.91	17.17
2024-09-05T08:15:14	-930.82	3582.54	-2794.35	-20.44	9.82	17.02
2024-09-05T08:15:16	-932.48	3583.72	-2802.37	-20.67	9.73	16.85
2024-09-05T08:15:18	-934.14	3584.90	-2810.38	-20.79	9.67	16.82
2024-09-05T08:15:20	-935.79	3586.08	-2818.39	-20.86	9.62	16.86
2024-09-05T08:15:22	-937.45	3587.25	-2826.39	-20.92	9.57	16.89
2024-09-05T08:15:24	-939.10	3588.42	-2834.40	-20.97	9.54	16.91
2024-09-05T08:15:26	-940.76	3589.59	-2842.40	-21.00	9.52	16.92
2024-09-05T08:15:28	-942.41	3590.76	-2850.40	-21.03	9.51	16.93
2024-09-05T08:15:30	-944.06	3591.92	-2858.39	-21.05	9.52	16.92
2024-09-05T08:15:32	-945.71	3593.07	-2866.39	-20.98	9.58	16.96
2024-09-05T08:15:34	-947.36	3594.23	-2874.38	-20.83	9.69	17.06
2024-09-05T08:15:36	-949.02	3595.38	-2882.36	-20.70	9.80	17.18
2024-09-05T08:15:38	-950.66	3596.53	-2890.35	-20.58	9.92	17.32
2024-09-05T08:15:40	-952.31	3597.68	-2898.33	-20.49	10.04	17.50
2024-09-05T08:15:42	-953.96	3598.82	-2906.32	-20.40	10.17	17.69
2024-09-05T08:15:44	-955.61	3599.96	-2914.29	-20.34	10.30	17.91
2024-09-05T08:15:46	-957.25	3601.10	-2922.27	-20.17	10.25	17.86
2024-09-05T08:15:48	-958.90	3602.23	-2930.24	-19.92	9.96	17.59
2024-09-05T08:15:50	-960.54	3603.36	-2938.22	-19.68	9.68	17.35
2024-09-05T08:15:52	-962.18	3604.49	-2946.19	-19.44	9.42	17.13
2024-09-05T08:15:54	-963.83	3605.61	-2954.15	-19.19	9.17	16.94
2024-09-05T08:15:56	-965.47	3606.74	-2962.12	-18.94	8.94	16.77
2024-09-05T08:15:58	-967.11	3607.86	-2970.08	-18.68	8.73	16.62
2024-09-05T08:16:00	-968.75	3608.97	-2978.04	-18.50	8.57	16.50
2024-09-05T08:16:02	-970.39	3610.09	-2985.99	-18.71	8.64	16.45
2024-09-05T08:16:04	-972.03	3611.20	-2993.95	-18.91	8.68	16.39
2024-09-05T08:16:06	-973.66	3612.31	-3001.90	-19.09	8.70	16.33
2024-09-05T08:16:08	-975.30	3613.41	-3009.85	-19.25	8.71	16.27
2024-09-05T08:16:10	-976.94	3614.51	-3017.80	-19.40	8.69	16.20
2024-09-05T08:16:12	-978.57	3615.61	-3025.74	-19.54	8.65	16.13
2024-09-05T08:16:14	-980.21	3616.71	-3033.69	-19.66	8.59	16.06
2024-09-05T08:16:16	-981.84	3617.80	-3041.63	-19.66	8.50	16.10
2024-09-05T08:16:18	-983.48	3618.89	-3049.56	-19.66	8.40	16.13
2024-09-05T08:16:20	-985.11	3619.98	-3057.50	-19.68	8.29	16.15
2024-09-05T08:16:22	-986.74	3621.06	-3065.43	-19.71	8.18	16.16
2024-09-05T08:16:24	-988.37	3622.15	-3073.36	-19.75	8.06	16.17
2024-09-05T08:16:26	-990.00	3623.23	-3081.29	-19.81	7.94	16.17
2024-09-05T08:16:28	-991.63	3624.31	-3089.22	-19.88	7.81	16.16
2024-09-05T08:16:30	-993.26	3625.38	-3097.14	-19.76	7.76	16.04
2024-09-05T08:16:32	-994.89	3626.45	-3105.06	-19.60	7.72	15.90
2024-09-05T08:16:34	-996.51	3627.52	-3112.98	-19.48	7.67	15.75
2024-09-05T08:16:36	-998.14	3628.58	-3120.90	-19.39	7.60	15.60
2024-09-05T08:16:38	-999.77	3629.65	-3128.81	-19.33	7.52	15.45
2024-09-05T08:16:40	-1001.39	3630.71	-3136.72	-19.30	7.42	15.29
2024-09-05T08:16:42	-1003.01	3631.76	-3144.63	-19.30	7.31	15.15
2024-09-05T08:16:44	-1004.64	3632.82	-3152.54	-19.33	7.37	15.09
2024-09-05T08:16:46	-1006.26	3633.87	-3160.45	-19.36	7.60	15.12
2024-09-05T08:16:48	-1007.88	3634.92	-3168.35	-19.39	7.83	15.16
2024-09-05T08:16:50	-1009.50	3635.97	-3176.25	-19.42	8.08	15.21
2024-09-05T08:16:52	-1011.12	3637.01	-3184.15	-19.45	8.34	15.25
2024-09-05T08:16:54	-1012.74	3638.05	-3192.04	-19.48	8.61	15.30
2024-09-05T08:16:56	-1014.36	3639.09	-3199.94	-19.39	8.84	15.35
2024-09-05T08:16:58	-1015.98	3640.13	-3207.83	-19.23	8.93	15.29
2024-09-05T08:17:00	-1017.60	3641.16	-3215.72	-18.95	8.77	15.01
2024-09-05T08:17:02	-1019.21	3642.19	-3223.60	-18.67	8.63	14.74
2024-09-05T08:17:04	-1020.83	3643.22	-3231.48	-18.39	8.49	14.47
2024-09-05T08:17:06	-1022.44	3644.25	-3239.37	-18.12	8.37	14.21
2024-09-05T08:17:08	-1024.06	3645.27	-3247.25	-17.86	8.27	13.97
2024-09-05T08:17:10	-1025.67	3646.29	-3255.12	-17.60	8.18	13.73
2024-09-05T08:17:12	-1027.28	3647.31	-3263.00	-17.38	8.10	13.52
2024-09-05T08:17:14	-1028.90	3648.32	-3270.87	-17.71	8.15	13.57
2024-09-05T08:17:16	-1030.51	3649.34	-3278.74	-18.06	8.22	13.61
2024-09-05T08:17:18	-1032.12	3650.35	-3286.61	-18.44	8.29	13.66
2024-09-05T08:17:20	-1033.73	3651.36	-3294.47	-18.83	8.38	13.70
2024-09-05T08:17:22	-1035.34	3652.36	-3302.34	-19.25	8.49	13.75
2024-09-05T08:17:24	-1036.95	3653.36	-3310.20	-19.69	8.60	13.79
2024-09-05T08:17:26	-1038.55	3654.36	-3318.06	-20.15	8.73	13.84
2024-09-05T08:17:28	-1040.16	3655.36	-3325.91	-20.26	8.85	13.96
2024-09-05T08:17:30	-1041.77	3656.36	-3333.77	-20.29	8.96	14.07
2024-09-05T08:17:32	-1043.37	3657.35	-3341.62	-20.33	9.06	14.16
2024-09-05T08:17:34	-1044.98	3658.34	-3349.47	-20.36	9.15	14.24
2024-09-05T08:17:36	-1046.58	3659.33	-3357.32	-20.40	9.24	14.28
2024-09-05T08:17:38	-1048.19	3660.31	-3365.16	-20.46	9.32	14.30
2024-09-05T08:17:40	-1049.79	3661.30	-3373.00	-20.53	9.39	14.28
2024-09-05T08:17:42	-1051.39	3662.28	-3380.84	-20.41	9.41	14.37
2024-09-05T08:17:44	-1052.99	3663.25	-3388.68	-20.07	9.37	14.58
2024-09-05T08:17:46	-1054.59	3664.23	-3396.52	-19.75	9.33	14.79
2024-09-05T08:17:48	-1056.19	3665.20	-3404.35	-19.43	9.29	15.00
2024-09-05T08:17:50	-1057.79	3666.17	-3412.18	-19.12	9.25	15.22
2024-09-05T08:17:52	-1059.39	3667.14	-3420.01	-18.82	9.21	15.44
2024-09-05T08:17:54	-1060.99	3668.11	-3427.84	-18.53	9.17	15.65
2024-09-05T08:17:56	-1062.59	3669.07	-3435.66	-18.29	9.13	15.84
2024-09-05T08:17:58	-1064.18	3670.03	-3443.49	-18.23	9.09	15.90
2024-09-05T08:18:00	-1065.78	3670.99	-3451.31	-18.17	9.03	15.98
2024-09-05T08:18:02	-1067.37	3671.95	-3459.12	-18.09	8.96	16.07
2024-09-05T08:18:04	-1068.97	3672.90	-3466.94	-17.99	8.88	16.19
2024-09-05T08:18:06	-1070.56	3673.85	-3474.75	-17.89	8.79	16.30
2024-09-05T08:18:08	-1072.16	3674.80	-3482.57	-17.77	8.72	16.43
2024-09-05T08:18:10	-1073.75	3675.75	-3490.38	-17.65	8.65	16.56
2024-09-05T08:18:12	-1075.34	3676.69	-3498.18	-17.56	8.83	16.34
2024-09-05T08:18:14	-1076.93	3677.64	-3505.99	-17.48	9.05	16.10
2024-09-05T08:18:16	-1078.52	3678.58	-3513.79	-17.39	9.25	15.90
2024-09-05T08:18:18	-1080.11	3679.52	-3521.59	-17.30	9.45	15.72
2024-09-05T08:18:20	-1081.70	3680.45	-3529.39	-17.21	9.63	15.59
2024-09-05T08:18:22	-1083.29	3681.38	-3537.19	-17.12	9.81	15.48
2024-09-05T08:18:24	-1084.88	3682.32	-3544.98	-17.02	9.97	15.40
2024-09-05T08:18:26	-1086.46	3683.25	-3552.77	-16.99	10.12	15.35
2024-09-05T08:18:28	-1088.05	3684.17	-3560.56	-17.01	10.28	15.28
2024-09-05T08:18:30	-1089.63	3685.10	-3568.35	-17.00	10.44	15.19
2024-09-05T08:18:32	-1091.22	3686.02	-3576.13	-16.97	10.62	15.08
2024-09-05T08:18:34	-1092.80	3686.94	-3583.91	-16.93	10.80	14.95
2024-09-05T08:18:36	-1094.39	3687.86	-3591.69	-16.87	10.99	14.81
2024-09-05T08:18:38	-1095.97	3688.77	-3599.47	-16.79	11.19	14.64
2024-09-05T08:18:40	-1097.55	3689.68	-3607.25	-16.69	11.31	14.47
2024-09-05T08:18:42	-1099.13	3690.60	-3615.02	-16.56	11.09	14.36
2024-09-05T08:18:44	-1100.71	3691.50	-3622.79	-16.44	10.89	14.24
2024-09-05T08:18:46	-1102.29	3692.41	-3630.57	-16.32	10.69	14.13
2024-09-05T08:18:48	-1103.87	3693.31	-3638.33	-16.20	10.49	14.03
2024-09-05T08:18:50	-1105.45	3694.22	-3646.10	-16.09	10.31	13.93
2024-09-05T08:18:52	-1107.03	3695.12	-3653.86	-15.98	10.13	13.83
2024-09-05T08:18:54	-1108.61	3696.01	-3661.63	-15.87	9.96	13.74
2024-09-05T08:18:56	-1110.19	3696.91	-3669.38	-16.01	9.98	13.83
2024-09-05T08:18:58	-1111.76	3697.80	-3677.14	-16.20	10.03	13.96
2024-09-05T08:19:00	-1113.34	3698.70	-3684.90	-16.38	10.09	14.07
2024-09-05T08:19:02	-1114.91	3699.58	-3692.65	-16.55	10.14	14.18
2024-09-05T08:19:04	-1116.49	3700.47	-3700.40	-16.71	10.19	14.28
2024-09-05T08:19:06	-1118.06	3701.36	-3708.15	-16.85	10.24	14.37
2024-09-05T08:19:08	-1119.63	3702.24	-3715.89	-16.99	10.30	14.45
2024-09-05T08:19:10	-1121.21	3703.12	-3723.64	-17.06	10.36	14.43
2024-09-05T08:19:12	-1122.78	3704.00	-3731.38	-17.08	10.43	14.29
2024-09-05T08:19:14	-1124.35	3704.87	-3739.12	-17.12	10.49	14.15
2024-09-05T08:19:16	-1125.92	3705.75	-3746.86	-17.17	10.53	14.01
2024-09-05T08:19:18	-1127.49	3706.62	-3754.59	-17.25	10.54	13.88
2024-09-05T08:19:20	-1129.06	3707.49	-3762.33	-17.36	10.52	13.76
2024-09-05T08:19:22	-1130.63	3708.36	-3770.06	-17.48	10.50	13.66
2024-09-05T08:19:24	-1132.20	3709.23	-3777.79	-17.60	10.50	13.57
2024-09-05T08:19:26	-1133.76	3710.09	-3785.51	-17.61	10.82	13.63
2024-09-05T08:19:28	-1135.33	3710.95	-3793.24	-17.62	11.14	13.68
2024-09-05T08:19:30	-1136.90	3711.81	-3800.96	-17.64	11.45	13.72
2024-09-05T08:19:32	-1138.46	3712.67	-3808.68	-17.65	11.75	13.75
