Time	POS_X	POS_Y	POS_Z	B_X	B_Y	B_Z
2024-09-05T07:38:06	1157.16	-1700.05	5030.58	-9.84	27.65	2.85
2024-09-05T07:38:08	1155.60	-1693.56	5026.31	-9.93	27.67	3.02
2024-09-05T07:38:10	1154.04	-1687.07	5022.03	-10.07	27.61	3.17
2024-09-05T07:38:12	1152.48	-1680.57	5017.75	-10.23	27.52	3.28
2024-09-05T07:38:14	1150.92	-1674.08	5013.47	-10.40	27.42	3.35
2024-09-05T07:38:16	1149.36	-1667.59	5009.18	-10.60	27.30	3.39
2024-09-05T07:38:18	1147.80	-1661.09	5004.90	-10.81	27.16	3.37
2024-09-05T07:38:20	1146.24	-1654.60	5000.60	-10.89	26.81	3.18
2024-09-05T07:38:22	1144.68	-1648.10	4996.31	-10.93	26.50	2.97
2024-09-05T07:38:24	1143.11	-1641.60	4992.01	-10.93	26.22	2.72
2024-09-05T07:38:26	1141.55	-1635.10	4987.71	-10.88	25.97	2.45
2024-09-05T07:38:28	1139.99	-1628.60	4983.41	-10.79	25.75	2.15
2024-09-05T07:38:30	1138.42	-1622.10	4979.11	-10.65	25.56	1.81
2024-09-05T07:38:32	1136.86	-1615.60	4974.80	-10.46	25.39	1.45
2024-09-05T07:38:34	1135.29	-1609.09	4970.48	-10.31	25.22	1.01
2024-09-05T07:38:36	1133.72	-1602.59	4966.17	-10.47	25.04	0.55
2024-09-05T07:38:38	1132.16	-1596.08	4961.85	-11.24	24.92	0.22
2024-09-05T07:38:40	1130.59	-1589.58	4957.54	-12.00	24.82	-0.05
2024-09-05T07:38:42	1129.02	-1583.07	4953.21	-12.76	24.74	-0.26
2024-09-05T07:38:44	1127.45	-1576.56	4948.89	-13.52	24.68	-0.40
2024-09-05T07:38:46	1125.88	-1570.06	4944.56	-14.28	24.64	-0.48
2024-09-05T07:38:48	1124.31	-1563.55	4940.23	-15.04	24.61	-0.50
2024-09-05T07:38:50	1122.74	-1557.04	4935.89	-15.80	24.61	-0.46
2024-09-05T07:38:52	1121.17	-1550.52	4931.56	-16.56	24.62	-0.38
2024-09-05T07:38:54	1119.59	-1544.01	4927.22	-17.57	24.65	-0.50
2024-09-05T07:38:56	1118.02	-1537.50	4922.87	-18.85	24.63	-0.96
2024-09-05T07:38:58	1116.45	-1530.99	4918.53	-20.11	24.56	-1.46
2024-09-05T07:39:00	1114.87	-1524.47	4914.18	-21.34	24.40	-2.08
2024-09-05T07:39:02	1113.30	-1517.96	4909.83	-22.51	24.08	-2.88
2024-09-05T07:39:04	1111.72	-1511.44	4905.47	-23.63	23.68	-3.64
2024-09-05T07:39:06	1110.15	-1504.92	4901.11	-24.68	23.22	-4.36
2024-09-05T07:39:08	1108.57	-1498.40	4896.75	-25.68	22.68	-5.04
2024-09-05T07:39:10	1106.99	-1491.88	4892.39	-26.62	22.04	-5.66
2024-09-05T07:39:12	1105.42	-1485.36	4888.02	-27.21	21.76	-6.38
2024-09-05T07:39:14	1103.83	-1478.84	4883.65	-27.67	21.71	-7.16
2024-09-05T07:39:16	1102.26	-1472.32	4879.28	-28.17	21.77	-7.92
2024-09-05T07:39:18	1100.68	-1465.79	4874.90	-28.73	21.94	-8.68
2024-09-05T07:39:20	1099.10	-1459.27	4870.52	-29.34	22.14	-9.45
2024-09-05T07:39:22	1097.51	-1452.74	4866.14	-30.02	22.38	-10.23
2024-09-05T07:39:24	1095.93	-1446.22	4861.76	-30.75	22.66	-11.03
2024-09-05T07:39:26	1094.35	-1439.69	4857.37	-31.58	22.96	-11.84
2024-09-05T07:39:28	1092.77	-1433.16	4852.98	-32.67	23.17	-12.61
2024-09-05T07:39:30	1091.18	-1426.63	4848.58	-33.53	23.33	-13.21
2024-09-05T07:39:32	1089.60	-1420.10	4844.19	-34.41	23.53	-13.78
2024-09-05T07:39:34	1088.01	-1413.57	4839.78	-35.31	23.77	-14.32
2024-09-05T07:39:36	1086.42	-1407.04	4835.38	-36.23	24.04	-14.84
2024-09-05T07:39:38	1084.84	-1400.51	4830.97	-37.18	24.33	-15.33
2024-09-05T07:39:40	1083.25	-1393.97	4826.56	-38.12	24.65	-15.82
2024-09-05T07:39:42	1081.66	-1387.44	4822.15	-39.07	24.99	-16.29
2024-09-05T07:39:44	1080.07	-1380.91	4817.73	-40.02	25.34	-16.75
2024-09-05T07:39:46	1078.48	-1374.37	4813.31	-40.92	25.55	-17.15
2024-09-05T07:39:48	1076.89	-1367.83	4808.89	-41.68	25.05	-17.28
2024-09-05T07:39:50	1075.30	-1361.29	4804.47	-42.41	24.56	-17.48
2024-09-05T07:39:52	1073.71	-1354.75	4800.04	-43.13	24.09	-17.78
2024-09-05T07:39:54	1072.12	-1348.21	4795.61	-43.97	23.75	-18.38
2024-09-05T07:39:56	1070.53	-1341.67	4791.17	-44.83	23.53	-18.93
2024-09-05T07:39:58	1068.93	-1335.13	4786.73	-45.70	23.44	-19.44
2024-09-05T07:40:00	1067.34	-1328.59	4782.29	-46.57	23.47	-19.88
2024-09-05T07:40:02	1065.75	-1322.05	4777.85	-47.43	23.64	-20.25
2024-09-05T07:40:04	1064.15	-1315.50	4773.40	-48.43	23.98	-20.68
2024-09-05T07:40:06	1062.55	-1308.96	4768.95	-49.69	24.40	-21.32
2024-09-05T07:40:08	1060.96	-1302.41	4764.49	-51.00	24.82	-21.97
2024-09-05T07:40:10	1059.36	-1295.86	4760.03	-52.40	25.22	-22.66
2024-09-05T07:40:12	1057.76	-1289.32	4755.57	-53.89	25.59	-23.39
2024-09-05T07:40:14	1056.16	-1282.77	4751.11	-55.50	25.92	-24.16
2024-09-05T07:40:16	1054.56	-1276.22	4746.64	-57.24	26.20	-24.99
2024-09-05T07:40:18	1052.96	-1269.67	4742.17	-59.03	26.40	-25.84
2024-09-05T07:40:20	1051.36	-1263.11	4737.70	-60.57	26.46	-26.67
2024-09-05T07:40:22	1049.76	-1256.56	4733.22	-61.70	26.43	-27.62
2024-09-05T07:40:24	1048.16	-1250.01	4728.74	-62.87	26.52	-28.63
2024-09-05T07:40:26	1046.55	-1243.46	4724.25	-64.29	26.79	-29.65
2024-09-05T07:40:28	1044.95	-1236.90	4719.77	-65.99	27.13	-30.63
2024-09-05T07:40:30	1043.34	-1230.34	4715.28	-67.93	27.57	-31.53
2024-09-05T07:40:32	1041.74	-1223.79	4710.78	-70.09	28.16	-32.38
2024-09-05T07:40:34	1040.13	-1217.23	4706.28	-72.46	28.89	-33.16
2024-09-05T07:40:36	1038.52	-1210.67	4701.78	-75.01	29.76	-33.87
2024-09-05T07:40:38	1036.92	-1204.11	4697.28	-77.74	30.75	-34.52
2024-09-05T07:40:40	1035.31	-1197.55	4692.77	-79.83	31.31	-34.74
2024-09-05T07:40:42	1033.70	-1190.99	4688.26	-81.89	31.76	-35.07
2024-09-05T07:40:44	1032.09	-1184.43	4683.75	-83.35	31.83	-35.50
2024-09-05T07:40:46	1030.48	-1177.86	4679.23	-84.38	31.71	-35.96
2024-09-05T07:40:48	1028.87	-1171.30	4674.71	-85.35	31.60	-36.44
2024-09-05T07:40:50	1027.26	-1164.73	4670.18	-86.26	31.51	-36.92
2024-09-05T07:40:52	1025.64	-1158.17	4665.65	-87.12	31.44	-37.42
2024-09-05T07:40:54	1024.03	-1151.60	4661.12	-87.92	31.39	-37.93
2024-09-05T07:40:56	1022.42	-1145.04	4656.58	-88.51	31.33	-38.58
2024-09-05T07:40:58	1020.80	-1138.47	4652.05	-88.73	31.28	-39.69
2024-09-05T07:41:00	1019.19	-1131.90	4647.50	-89.05	31.38	-40.88
2024-09-05T07:41:02	1017.57	-1125.33	4642.96	-89.44	31.62	-42.14
2024-09-05T07:41:04	1015.96	-1118.76	4638.41	-89.92	31.99	-43.47
2024-09-05T07:41:06	1014.34	-1112.19	4633.86	-90.48	32.48	-44.89
2024-09-05T07:41:08	1012.72	-1105.61	4629.30	-91.10	33.09	-46.37
2024-09-05T07:41:10	1011.10	-1099.04	4624.74	-91.63	33.05	-47.52
2024-09-05T07:41:12	1009.48	-1092.47	4620.18	-92.21	32.92	-48.61
2024-09-05T07:41:14	1007.86	-1085.89	4615.61	-92.90	32.57	-49.20
2024-09-05T07:41:16	1006.24	-1079.31	4611.04	-93.64	32.12	-49.43
2024-09-05T07:41:18	1004.61	-1072.74	4606.46	-94.33	31.74	-49.72
2024-09-05T07:41:20	1002.99	-1066.16	4601.89	-94.95	31.41	-50.05
2024-09-05T07:41:22	1001.37	-1059.58	4597.31	-95.49	31.13	-50.43
2024-09-05T07:41:24	999.74	-1053.00	4592.72	-95.93	30.92	-50.86
2024-09-05T07:41:26	998.12	-1046.42	4588.13	-96.26	30.76	-51.32
2024-09-05T07:41:28	996.49	-1039.84	4583.54	-96.47	30.67	-51.82
2024-09-05T07:41:30	994.87	-1033.26	4578.95	-96.52	30.65	-52.34
2024-09-05T07:41:32	993.24	-1026.68	4574.35	-96.63	30.45	-52.82
2024-09-05T07:41:34	991.61	-1020.09	4569.74	-96.99	30.26	-53.12
2024-09-05T07:41:36	989.98	-1013.51	4565.14	-97.55	30.10	-53.26
2024-09-05T07:41:38	988.35	-1006.92	4560.53	-98.17	29.98	-53.39
2024-09-05T07:41:40	986.72	-1000.34	4555.91	-98.83	29.93	-53.46
2024-09-05T07:41:42	985.09	-993.75	4551.29	-99.47	29.92	-53.56
2024-09-05T07:41:44	983.46	-987.16	4546.67	-100.11	29.95	-53.69
2024-09-05T07:41:46	981.82	-980.57	4542.05	-100.74	30.00	-53.84
2024-09-05T07:41:48	980.19	-973.99	4537.42	-101.35	30.09	-54.02
2024-09-05T07:41:50	978.56	-967.40	4532.78	-101.86	30.26	-54.21
2024-09-05T07:41:52	976.92	-960.81	4528.15	-102.29	30.37	-54.41
2024-09-05T07:41:54	975.29	-954.21	4523.51	-102.65	30.43	-54.63
2024-09-05T07:41:56	973.65	-947.62	4518.86	-102.94	30.45	-54.86
2024-09-05T07:41:58	972.01	-941.03	4514.21	-103.13	30.45	-55.11
2024-09-05T07:42:00	970.37	-934.43	4509.56	-103.16	30.50	-55.43
2024-09-05T07:42:02	968.73	-927.84	4504.91	-103.18	30.53	-55.74
2024-09-05T07:42:04	967.09	-921.24	4500.25	-103.19	30.53	-56.02
2024-09-05T07:42:06	965.45	-914.65	4495.59	-103.27	30.57	-56.48
2024-09-05T07:42:08	963.81	-908.05	4490.92	-103.45	30.67	-57.10
2024-09-05T07:42:10	962.17	-901.45	4486.25	-103.64	30.78	-57.69
2024-09-05T07:42:12	960.53	-894.85	4481.57	-103.83	30.88	-58.25
2024-09-05T07:42:14	958.88	-888.25	4476.89	-104.03	30.99	-58.79
2024-09-05T07:42:16	957.24	-881.65	4472.21	-104.23	31.11	-59.33
2024-09-05T07:42:18	955.59	-875.05	4467.53	-104.44	31.25	-59.85
2024-09-05T07:42:20	953.95	-868.45	4462.84	-104.65	31.39	-60.38
2024-09-05T07:42:22	952.30	-861.85	4458.14	-104.87	31.56	-60.91
2024-09-05T07:42:24	950.65	-855.24	4453.44	-105.05	31.50	-61.26
2024-09-05T07:42:26	949.00	-848.64	4448.74	-105.22	31.41	-61.59
2024-09-05T07:42:28	947.35	-842.03	4444.04	-105.39	31.32	-61.94
2024-09-05T07:42:30	945.70	-835.43	4439.32	-105.56	31.23	-62.30
2024-09-05T07:42:32	944.05	-828.82	4434.61	-105.74	31.14	-62.69
2024-09-05T07:42:34	942.40	-822.21	4429.89	-105.92	31.06	-63.09
2024-09-05T07:42:36	940.75	-815.61	4425.17	-106.09	30.97	-63.51
2024-09-05T07:42:38	939.10	-809.00	4420.44	-106.26	30.89	-63.95
2024-09-05T07:42:40	937.44	-802.39	4415.71	-106.41	30.80	-64.41
2024-09-05T07:42:42	935.78	-795.78	4410.98	-106.52	30.69	-64.91
2024-09-05T07:42:44	934.13	-789.17	4406.24	-106.64	30.61	-65.43
2024-09-05T07:42:46	932.47	-782.55	4401.50	-106.78	30.57	-65.96
2024-09-05T07:42:48	930.81	-775.94	4396.75	-106.93	30.53	-66.38
2024-09-05T07:42:50	929.15	-769.33	4392.00	-107.06	30.48	-66.74
2024-09-05T07:42:52	927.50	-762.71	4387.25	-107.19	30.41	-67.10
2024-09-05T07:42:54	925.84	-756.10	4382.49	-107.31	30.33	-67.45
2024-09-05T07:42:56	924.17	-749.49	4377.73	-107.42	30.24	-67.79
2024-09-05T07:42:58	922.51	-742.87	4372.96	-107.55	30.12	-68.11
2024-09-05T07:43:00	920.85	-736.25	4368.19	-107.68	30.02	-68.46
2024-09-05T07:43:02	919.19	-729.64	4363.41	-107.82	29.93	-68.84
2024-09-05T07:43:04	917.52	-723.02	4358.64	-107.96	29.85	-69.26
2024-09-05T07:43:06	915.86	-716.40	4353.85	-108.09	29.79	-69.72
2024-09-05T07:43:08	914.19	-709.78	4349.06	-108.24	29.75	-70.21
2024-09-05T07:43:10	912.52	-703.16	4344.27	-108.38	29.73	-70.73
2024-09-05T07:43:12	910.86	-696.54	4339.48	-108.53	29.70	-71.25
2024-09-05T07:43:14	909.19	-689.91	4334.67	-108.66	29.67	-71.77
2024-09-05T07:43:16	907.52	-683.29	4329.87	-108.79	29.53	-72.14
2024-09-05T07:43:18	905.85	-676.67	4325.06	-108.92	29.39	-72.50
2024-09-05T07:43:20	904.18	-670.05	4320.25	-109.06	29.27	-72.86
2024-09-05T07:43:22	902.50	-663.42	4315.43	-109.21	29.18	-73.24
2024-09-05T07:43:24	900.83	-656.80	4310.61	-109.37	29.10	-73.63
2024-09-05T07:43:26	899.16	-650.17	4305.79	-109.53	29.05	-74.02
2024-09-05T07:43:28	897.48	-643.55	4300.95	-109.69	29.02	-74.43
2024-09-05T07:43:30	895.81	-636.92	4296.12	-109.86	29.01	-74.83
2024-09-05T07:43:32	894.13	-630.29	4291.28	-110.03	28.99	-75.24
2024-09-05T07:43:34	892.45	-623.66	4286.44	-110.22	28.89	-75.65
2024-09-05T07:43:36	890.78	-617.03	4281.59	-110.44	28.71	-76.06
2024-09-05T07:43:38	889.10	-610.40	4276.74	-110.64	28.52	-76.48
2024-09-05T07:43:40	887.42	-603.77	4271.88	-110.83	28.33	-76.90
2024-09-05T07:43:42	885.73	-597.14	4267.02	-111.01	28.13	-77.32
2024-09-05T07:43:44	884.05	-590.51	4262.16	-111.17	27.93	-77.74
2024-09-05T07:43:46	882.37	-583.88	4257.29	-111.32	27.72	-78.16
2024-09-05T07:43:48	880.69	-577.25	4252.41	-111.44	27.50	-78.59
2024-09-05T07:43:50	879.00	-570.61	4247.53	-111.58	27.31	-79.02
2024-09-05T07:43:52	877.32	-563.98	4242.65	-111.73	27.15	-79.47
2024-09-05T07:43:54	875.63	-557.34	4237.76	-111.87	27.01	-79.94
2024-09-05T07:43:56	873.94	-550.71	4232.87	-112.02	26.88	-80.42
2024-09-05T07:43:58	872.26	-544.07	4227.97	-112.19	26.77	-80.91
2024-09-05T07:44:00	870.57	-537.44	4223.07	-112.41	26.67	-81.36
2024-09-05T07:44:02	868.88	-530.80	4218.17	-112.62	26.56	-81.81
2024-09-05T07:44:04	867.19	-524.16	4213.26	-112.82	26.44	-82.24
2024-09-05T07:44:06	865.49	-517.52	4208.34	-113.00	26.32	-82.67
2024-09-05T07:44:08	863.80	-510.88	4203.42	-113.21	26.16	-83.08
2024-09-05T07:44:10	862.11	-504.25	4198.50	-113.41	26.00	-83.51
2024-09-05T07:44:12	860.41	-497.61	4193.57	-113.60	25.83	-83.95
2024-09-05T07:44:14	858.72	-490.96	4188.64	-113.80	25.67	-84.41
2024-09-05T07:44:16	857.02	-484.32	4183.70	-113.98	25.51	-84.87
2024-09-05T07:44:18	855.33	-477.68	4178.76	-114.17	25.35	-85.34
2024-09-05T07:44:20	853.63	-471.04	4173.81	-114.35	25.19	-85.82
2024-09-05T07:44:22	851.93	-464.40	4168.86	-114.54	25.03	-86.32
2024-09-05T07:44:24	850.23	-457.76	4163.90	-114.73	24.88	-86.79
2024-09-05T07:44:26	848.53	-451.11	4158.94	-114.87	24.72	-87.21
2024-09-05T07:44:28	846.83	-444.47	4153.97	-115.03	24.56	-87.65
2024-09-05T07:44:30	845.13	-437.82	4149.00	-115.19	24.38	-88.10
2024-09-05T07:44:32	843.42	-431.18	4144.03	-115.36	24.19	-88.57
2024-09-05T07:44:34	841.72	-424.53	4139.05	-115.53	24.00	-89.05
2024-09-05T07:44:36	840.01	-417.89	4134.06	-115.72	23.79	-89.54
2024-09-05T07:44:38	838.31	-411.24	4129.08	-115.91	23.57	-90.04
2024-09-05T07:44:40	836.60	-404.59	4124.08	-116.12	23.34	-90.55
2024-09-05T07:44:42	834.89	-397.94	4119.08	-116.32	23.11	-91.03
2024-09-05T07:44:44	833.18	-391.30	4114.08	-116.53	22.88	-91.49
2024-09-05T07:44:46	831.47	-384.65	4109.07	-116.71	22.68	-91.93
2024-09-05T07:44:48	829.76	-378.00	4104.05	-116.90	22.48	-92.37
2024-09-05T07:44:50	828.05	-371.35	4099.03	-117.10	22.27	-92.82
2024-09-05T07:44:52	826.33	-364.70	4094.01	-117.30	22.07	-93.26
2024-09-05T07:44:54	824.62	-358.05	4088.98	-117.50	21.86	-93.71
2024-09-05T07:44:56	822.90	-351.40	4083.95	-117.71	21.65	-94.16
2024-09-05T07:44:58	821.19	-344.75	4078.91	-117.92	21.44	-94.60
2024-09-05T07:45:00	819.47	-338.10	4073.87	-118.08	21.21	-95.05
2024-09-05T07:45:02	817.76	-331.44	4068.82	-118.25	20.98	-95.50
2024-09-05T07:45:04	816.04	-324.79	4063.77	-118.42	20.74	-95.95
2024-09-05T07:45:06	814.32	-318.14	4058.71	-118.58	20.50	-96.40
2024-09-05T07:45:08	812.60	-311.49	4053.65	-118.76	20.23	-96.89
2024-09-05T07:45:10	810.87	-304.83	4048.58	-118.93	19.96	-97.40
2024-09-05T07:45:12	809.15	-298.18	4043.51	-119.11	19.68	-97.90
2024-09-05T07:45:14	807.43	-291.52	4038.43	-119.29	19.40	-98.41
2024-09-05T07:45:16	805.70	-284.87	4033.34	-119.48	19.11	-98.92
2024-09-05T07:45:18	803.98	-278.21	4028.26	-119.68	18.83	-99.44
2024-09-05T07:45:20	802.25	-271.56	4023.16	-119.87	18.55	-99.96
2024-09-05T07:45:22	800.52	-264.90	4018.07	-120.07	18.27	-100.46
2024-09-05T07:45:24	798.80	-258.24	4012.96	-120.27	17.98	-100.95
2024-09-05T07:45:26	797.07	-251.59	4007.85	-120.47	17.69	-101.44
2024-09-05T07:45:28	795.34	-244.93	4002.74	-120.68	17.40	-101.91
2024-09-05T07:45:30	793.60	-238.27	3997.62	-120.88	17.11	-102.42
2024-09-05T07:45:32	791.87	-231.62	3992.49	-121.10	16.80	-102.97
2024-09-05T07:45:34	790.14	-224.96	3987.37	-121.28	16.46	-103.51
2024-09-05T07:45:36	788.40	-218.30	3982.23	-121.46	16.13	-104.05
2024-09-05T07:45:38	786.67	-211.64	3977.09	-121.63	15.79	-104.60
2024-09-05T07:45:40	784.93	-204.98	3971.95	-121.81	15.46	-105.14
2024-09-05T07:45:42	783.19	-198.32	3966.80	-121.99	15.12	-105.69
2024-09-05T07:45:44	781.45	-191.66	3961.64	-122.17	14.78	-106.24
2024-09-05T07:45:46	779.71	-185.01	3956.48	-122.35	14.44	-106.79
2024-09-05T07:45:48	777.97	-178.35	3951.31	-122.53	14.10	-107.36
2024-09-05T07:45:50	776.23	-171.69	3946.14	-122.70	13.75	-107.92
2024-09-05T07:45:52	774.49	-165.02	3940.97	-122.85	13.41	-108.48
2024-09-05T07:45:54	772.75	-158.37	3935.78	-123.00	13.06	-109.04
2024-09-05T07:45:56	771.00	-151.70	3930.60	-123.16	12.71	-109.61
2024-09-05T07:45:58	769.26	-145.04	3925.40	-123.32	12.36	-110.19
2024-09-05T07:46:00	767.51	-138.38	3920.20	-123.48	12.00	-110.77
2024-09-05T07:46:02	765.76	-131.72	3915.00	-123.65	11.64	-111.36
2024-09-05T07:46:04	764.01	-125.06	3909.79	-123.82	11.28	-111.95
2024-09-05T07:46:06	762.26	-118.40	3904.58	-124.00	10.91	-112.54
2024-09-05T07:46:08	760.51	-111.73	3899.36	-124.18	10.54	-113.13
2024-09-05T07:46:10	758.76	-105.07	3894.13	-124.36	10.16	-113.71
2024-09-05T07:46:12	757.01	-98.41	3888.90	-124.53	9.78	-114.29
2024-09-05T07:46:14	755.26	-91.75	3883.67	-124.71	9.39	-114.89
2024-09-05T07:46:16	753.50	-85.09	3878.42	-124.89	8.99	-115.49
2024-09-05T07:46:18	751.74	-78.42	3873.18	-125.07	8.58	-116.09
2024-09-05T07:46:20	749.99	-71.76	3867.92	-125.25	8.17	-116.69
2024-09-05T07:46:22	748.23	-65.10	3862.66	-125.43	7.76	-117.28
2024-09-05T07:46:24	746.47	-58.43	3857.40	-125.60	7.33	-117.85
2024-09-05T07:46:26	744.71	-51.77	3852.13	-125.77	6.90	-118.39
2024-09-05T07:46:28	742.95	-45.11	3846.85	-125.93	6.47	-118.93
2024-09-05T07:46:30	741.19	-38.44	3841.57	-126.10	6.05	-119.48
2024-09-05T07:46:32	739.42	-31.78	3836.29	-126.27	5.62	-120.04
2024-09-05T07:46:34	737.66	-25.12	3830.99	-126.44	5.20	-120.60
2024-09-05T07:46:36	735.89	-18.45	3825.70	-126.62	4.76	-121.20
2024-09-05T07:46:38	734.13	-11.79	3820.39	-126.80	4.33	-121.82
2024-09-05T07:46:40	732.36	-5.13	3815.08	-126.98	3.88	-122.45
2024-09-05T07:46:42	730.59	1.54	3809.77	-127.16	3.41	-123.05
2024-09-05T07:46:44	728.82	8.20	3804.45	-127.35	2.92	-123.63
2024-09-05T07:46:46	727.05	14.86	3799.12	-127.54	2.42	-124.21
2024-09-05T07:46:48	725.28	21.53	3793.79	-127.74	1.91	-124.79
2024-09-05T07:46:50	723.50	28.19	3788.45	-127.94	1.39	-125.38
2024-09-05T07:46:52	721.73	34.85	3783.10	-128.16	0.87	-125.97
2024-09-05T07:46:54	719.96	41.52	3777.75	-128.37	0.33	-126.56
2024-09-05T07:46:56	718.18	48.18	3772.40	-128.60	-0.22	-127.16
2024-09-05T07:46:58	716.40	54.84	3767.04	-128.83	-0.75	-127.76
2024-09-05T07:47:00	714.62	61.51	3761.67	-129.05	-1.21	-128.39
2024-09-05T07:47:02	712.85	68.17	3756.29	-129.27	-1.68	-129.01
2024-09-05T07:47:04	711.06	74.83	3750.92	-129.48	-2.16	-129.63
2024-09-05T07:47:06	709.28	81.50	3745.53	-129.68	-2.66	-130.25
2024-09-05T07:47:08	707.50	88.16	3740.14	-129.87	-3.17	-130.87
2024-09-05T07:47:10	705.72	94.82	3734.74	-130.05	-3.70	-131.49
2024-09-05T07:47:12	703.93	101.48	3729.34	-130.22	-4.25	-132.11
2024-09-05T07:47:14	702.14	108.15	3723.93	-130.38	-4.80	-132.72
2024-09-05T07:47:16	700.36	114.81	3718.51	-130.48	-5.36	-133.32
2024-09-05T07:47:18	698.57	121.47	3713.09	-130.54	-5.93	-133.90
2024-09-05T07:47:20	696.78	128.13	3707.67	-130.62	-6.49	-134.52
2024-09-05T07:47:22	694.99	134.79	3702.23	-130.70	-7.08	-135.15
2024-09-05T07:47:24	693.20	141.45	3696.79	-130.80	-7.67	-135.79
2024-09-05T07:47:26	691.41	148.12	3691.35	-130.90	-8.28	-136.43
2024-09-05T07:47:28	689.61	154.78	3685.89	-131.00	-8.90	-137.09
2024-09-05T07:47:30	687.82	161.44	3680.43	-131.10	-9.53	-137.75
2024-09-05T07:47:32	686.02	168.10	3674.97	-131.21	-10.16	-138.42
2024-09-05T07:47:34	684.22	174.76	3669.50	-131.34	-10.80	-139.08
2024-09-05T07:47:36	682.43	181.42	3664.02	-131.46	-11.44	-139.74
2024-09-05T07:47:38	680.63	188.08	3658.54	-131.59	-12.09	-140.39
2024-09-05T07:47:40	678.83	194.74	3653.05	-131.74	-12.74	-141.07
2024-09-05T07:47:42	677.02	201.40	3647.56	-131.90	-13.40	-141.76
2024-09-05T07:47:44	675.22	208.05	3642.06	-132.06	-14.06	-142.45
2024-09-05T07:47:46	673.42	214.71	3636.55	-132.23	-14.73	-143.14
2024-09-05T07:47:48	671.61	221.37	3631.03	-132.39	-15.40	-143.82
2024-09-05T07:47:50	669.81	228.03	3625.51	-132.56	-16.09	-144.49
2024-09-05T07:47:52	668.00	234.69	3619.99	-132.73	-16.77	-145.12
2024-09-05T07:47:54	666.19	241.34	3614.45	-132.89	-17.46	-145.75
2024-09-05T07:47:56	664.38	248.00	3608.92	-133.05	-18.16	-146.38
2024-09-05T07:47:58	662.57	254.66	3603.37	-133.20	-18.87	-147.01
2024-09-05T07:48:00	660.76	261.31	3597.82	-133.35	-19.59	-147.65
2024-09-05T07:48:02	658.95	267.97	3592.26	-133.51	-20.34	-148.33
2024-09-05T07:48:04	657.13	274.62	3586.69	-133.68	-21.09	-149.02
2024-09-05T07:48:06	655.32	281.27	3581.12	-133.84	-21.85	-149.71
2024-09-05T07:48:08	653.50	287.93	3575.54	-134.00	-22.61	-150.37
2024-09-05T07:48:10	651.68	294.58	3569.96	-134.17	-23.38	-151.02
2024-09-05T07:48:12	649.86	301.23	3564.37	-134.33	-24.14	-151.67
2024-09-05T07:48:14	648.04	307.88	3558.77	-134.49	-24.92	-152.30
2024-09-05T07:48:16	646.22	314.54	3553.17	-134.65	-25.70	-152.94
2024-09-05T07:48:18	644.40	321.19	3547.56	-134.81	-26.49	-153.56
2024-09-05T07:48:20	642.58	327.84	3541.94	-134.96	-27.29	-154.18
2024-09-05T07:48:22	640.75	334.49	3536.31	-135.13	-28.12	-154.84
2024-09-05T07:48:24	638.93	341.14	3530.68	-135.29	-28.97	-155.50
2024-09-05T07:48:26	637.10	347.78	3525.05	-135.44	-29.81	-156.13
2024-09-05T07:48:28	635.27	354.43	3519.40	-135.59	-30.66	-156.76
2024-09-05T07:48:30	633.44	361.08	3513.75	-135.74	-31.52	-157.39
2024-09-05T07:48:32	631.61	367.73	3508.09	-135.88	-32.38	-158.03
2024-09-05T07:48:34	629.78	374.37	3502.43	-136.03	-33.25	-158.66
2024-09-05T07:48:36	627.95	381.02	3496.76	-136.17	-34.12	-159.29
2024-09-05T07:48:38	626.11	387.66	3491.08	-136.31	-35.00	-159.92
2024-09-05T07:48:40	624.28	394.30	3485.40	-136.45	-35.88	-160.55
2024-09-05T07:48:42	622.44	400.95	3479.71	-136.61	-36.80	-161.19
2024-09-05T07:48:44	620.60	407.59	3474.01	-136.76	-37.72	-161.81
2024-09-05T07:48:46	618.76	414.23	3468.30	-136.91	-38.65	-162.42
2024-09-05T07:48:48	616.93	420.87	3462.59	-137.05	-39.59	-163.03
2024-09-05T07:48:50	615.08	427.51	3456.87	-137.19	-40.54	-163.65
2024-09-05T07:48:52	613.24	434.15	3451.15	-137.32	-41.49	-164.26
2024-09-05T07:48:54	611.40	440.79	3445.42	-137.45	-42.46	-164.86
2024-09-05T07:48:56	609.55	447.42	3439.68	-137.58	-43.43	-165.47
2024-09-05T07:48:58	607.71	454.06	3433.93	-137.70	-44.41	-166.06
2024-09-05T07:49:00	605.86	460.69	3428.18	-137.81	-45.39	-166.62
2024-09-05T07:49:02	604.01	467.33	3422.42	-137.95	-46.39	-167.24
2024-09-05T07:49:04	602.16	473.96	3416.65	-138.09	-47.41	-167.87
2024-09-05T07:49:06	600.31	480.59	3410.88	-138.23	-48.44	-168.49
2024-09-05T07:49:08	598.46	487.22	3405.10	-138.37	-49.48	-169.12
2024-09-05T07:49:10	596.61	493.86	3399.31	-138.50	-50.54	-169.74
2024-09-05T07:49:12	594.75	500.49	3393.51	-138.64	-51.61	-170.37
2024-09-05T07:49:14	592.90	507.11	3387.71	-138.77	-52.69	-170.99
2024-09-05T07:49:16	591.04	513.74	3381.90	-138.90	-53.78	-171.61
2024-09-05T07:49:18	589.18	520.37	3376.08	-138.99	-54.85	-172.17
2024-09-05T07:49:20	587.33	526.99	3370.26	-139.05	-55.92	-172.72
2024-09-05T07:49:22	585.46	533.62	3364.43	-139.11	-57.02	-173.30
2024-09-05T07:49:24	583.60	540.24	3358.59	-139.18	-58.13	-173.87
2024-09-05T07:49:26	581.74	546.86	3352.75	-139.25	-59.24	-174.45
2024-09-05T07:49:28	579.88	553.48	3346.89	-139.31	-60.37	-175.02
2024-09-05T07:49:30	578.01	560.10	3341.04	-139.38	-61.50	-175.59
2024-09-05T07:49:32	576.14	566.72	3335.17	-139.45	-62.65	-176.17
2024-09-05T07:49:34	574.28	573.33	3329.29	-139.51	-63.78	-176.71
2024-09-05T07:49:36	572.41	579.95	3323.41	-139.58	-64.92	-177.23
2024-09-05T07:49:38	570.54	586.56	3317.52	-139.64	-66.07	-177.74
2024-09-05T07:49:40	568.66	593.18	3311.63	-139.71	-67.25	-178.27
2024-09-05T07:49:42	566.79	599.79	3305.72	-139.80	-68.48	-178.83
2024-09-05T07:49:44	564.92	606.40	3299.81	-139.88	-69.71	-179.37
2024-09-05T07:49:46	563.04	613.01	3293.90	-139.95	-70.96	-179.91
2024-09-05T07:49:48	561.17	619.62	3287.97	-140.01	-72.21	-180.45
2024-09-05T07:49:50	559.29	626.22	3282.04	-140.07	-73.47	-180.97
2024-09-05T07:49:52	557.41	632.83	3276.10	-140.13	-74.69	-181.44
2024-09-05T07:49:54	555.53	639.43	3270.15	-140.19	-75.93	-181.91
2024-09-05T07:49:56	553.65	646.03	3264.19	-140.24	-77.17	-182.37
2024-09-05T07:49:58	551.77	652.63	3258.23	-140.29	-78.42	-182.83
2024-09-05T07:50:00	549.88	659.23	3252.26	-140.37	-79.73	-183.33
2024-09-05T07:50:02	548.00	665.83	3246.28	-140.47	-81.06	-183.84
2024-09-05T07:50:04	546.11	672.43	3240.30	-140.56	-82.39	-184.34
2024-09-05T07:50:06	544.22	679.02	3234.30	-140.65	-83.74	-184.84
2024-09-05T07:50:08	542.34	685.61	3228.30	-140.73	-85.07	-185.31
2024-09-05T07:50:10	540.45	692.21	3222.30	-140.80	-86.38	-185.75
2024-09-05T07:50:12	538.56	698.79	3216.28	-140.86	-87.70	-186.17
2024-09-05T07:50:14	536.66	705.38	3210.25	-140.92	-89.02	-186.58
2024-09-05T07:50:16	534.77	711.97	3204.23	-140.97	-90.35	-186.98
2024-09-05T07:50:18	532.87	718.55	3198.19	-141.02	-91.69	-187.38
2024-09-05T07:50:20	530.98	725.14	3192.14	-141.11	-93.09	-187.81
2024-09-05T07:50:22	529.08	731.72	3186.09	-141.17	-94.49	-188.23
2024-09-05T07:50:24	527.18	738.30	3180.02	-141.23	-95.91	-188.62
2024-09-05T07:50:26	525.28	744.88	3173.95	-141.29	-97.29	-188.98
2024-09-05T07:50:28	523.38	751.45	3167.88	-141.34	-98.66	-189.31
2024-09-05T07:50:30	521.48	758.03	3161.79	-141.38	-100.05	-189.63
2024-09-05T07:50:32	519.58	764.60	3155.70	-141.42	-101.44	-189.93
2024-09-05T07:50:34	517.67	771.17	3149.60	-141.45	-102.83	-190.22
2024-09-05T07:50:36	515.76	777.74	3143.49	-141.47	-104.24	-190.50
2024-09-05T07:50:38	513.86	784.30	3137.37	-141.53	-105.70	-190.85
2024-09-05T07:50:40	511.95	790.87	3131.25	-141.60	-107.18	-191.19
2024-09-05T07:50:42	510.04	797.43	3125.11	-141.66	-108.67	-191.53
2024-09-05T07:50:44	508.13	803.99	3118.97	-141.72	-110.11	-191.84
2024-09-05T07:50:46	506.21	810.55	3112.83	-141.77	-111.56	-192.12
2024-09-05T07:50:48	504.30	817.10	3106.67	-141.81	-113.02	-192.40
2024-09-05T07:50:50	502.38	823.66	3100.51	-141.83	-114.49	-192.65
2024-09-05T07:50:52	500.47	830.21	3094.33	-141.85	-115.96	-192.89
2024-09-05T07:50:54	498.55	836.76	3088.15	-141.85	-117.44	-193.11
2024-09-05T07:50:56	496.63	843.31	3081.97	-141.87	-118.98	-193.34
2024-09-05T07:50:58	494.71	849.85	3075.77	-141.89	-120.57	-193.57
2024-09-05T07:51:00	492.79	856.40	3069.56	-141.91	-122.15	-193.78
2024-09-05T07:51:02	490.87	862.94	3063.35	-141.93	-123.69	-193.96
2024-09-05T07:51:04	488.94	869.48	3057.13	-141.94	-125.25	-194.12
2024-09-05T07:51:06	487.02	876.01	3050.91	-141.94	-126.81	-194.28
2024-09-05T07:51:08	485.09	882.55	3044.67	-141.95	-128.38	-194.42
2024-09-05T07:51:10	483.17	889.08	3038.42	-141.95	-129.96	-194.56
2024-09-05T07:51:12	481.24	895.61	3032.17	-141.96	-131.56	-194.69
2024-09-05T07:51:14	479.31	902.14	3025.91	-141.97	-133.20	-194.82
2024-09-05T07:51:16	477.38	908.66	3019.64	-141.99	-134.92	-194.97
2024-09-05T07:51:18	475.44	915.18	3013.36	-142.00	-136.61	-195.09
2024-09-05T07:51:20	473.51	921.70	3007.08	-141.97	-138.25	-195.17
2024-09-05T07:51:22	471.57	928.22	3000.78	-141.91	-139.88	-195.22
2024-09-05T07:51:24	469.64	934.73	2994.48	-141.84	-141.51	-195.25
2024-09-05T07:51:26	467.70	941.25	2988.17	-141.77	-143.14	-195.26
2024-09-05T07:51:28	465.76	947.76	2981.85	-141.69	-144.78	-195.26
2024-09-05T07:51:30	463.82	954.26	2975.52	-141.60	-146.41	-195.24
2024-09-05T07:51:32	461.88	960.77	2969.19	-141.51	-148.08	-195.22
2024-09-05T07:51:34	459.94	967.27	2962.85	-141.47	-149.81	-195.24
2024-09-05T07:51:36	457.99	973.77	2956.49	-141.41	-151.50	-195.24
2024-09-05T07:51:38	456.05	980.27	2950.13	-141.33	-153.17	-195.21
2024-09-05T07:51:40	454.10	986.76	2943.76	-141.24	-154.84	-195.15
2024-09-05T07:51:42	452.15	993.25	2937.39	-141.14	-156.52	-195.08
2024-09-05T07:51:44	450.20	999.74	2931.00	-141.03	-158.20	-194.98
2024-09-05T07:51:46	448.25	1006.22	2924.61	-140.91	-159.88	-194.86
2024-09-05T07:51:48	446.30	1012.70	2918.21	-140.78	-161.58	-194.72
2024-09-05T07:51:50	444.35	1019.18	2911.80	-140.66	-163.31	-194.57
2024-09-05T07:51:52	442.39	1025.66	2905.38	-140.60	-165.14	-194.45
2024-09-05T07:51:54	440.44	1032.13	2898.95	-140.53	-166.90	-194.33
2024-09-05T07:51:56	438.48	1038.60	2892.51	-140.46	-168.64	-194.18
2024-09-05T07:51:58	436.52	1045.07	2886.07	-140.37	-170.38	-193.99
2024-09-05T07:52:00	434.56	1051.53	2879.61	-140.28	-172.10	-193.78
2024-09-05T07:52:02	432.60	1057.99	2873.15	-140.19	-173.82	-193.54
2024-09-05T07:52:04	430.64	1064.45	2866.68	-140.08	-175.53	-193.27
2024-09-05T07:52:06	428.68	1070.90	2860.20	-139.97	-177.23	-192.97
2024-09-05T07:52:08	426.71	1077.36	2853.71	-139.87	-178.98	-192.68
2024-09-05T07:52:10	424.75	1083.80	2847.22	-139.80	-180.80	-192.41
2024-09-05T07:52:12	422.78	1090.25	2840.71	-139.71	-182.54	-192.12
2024-09-05T07:52:14	420.81	1096.69	2834.20	-139.60	-184.28	-191.80
2024-09-05T07:52:16	418.85	1103.13	2827.68	-139.49	-186.02	-191.45
2024-09-05T07:52:18	416.87	1109.56	2821.15	-139.37	-187.75	-191.07
2024-09-05T07:52:20	414.90	1115.99	2814.61	-139.22	-189.48	-190.65
2024-09-05T07:52:22	412.93	1122.42	2808.06	-139.07	-191.20	-190.19
2024-09-05T07:52:24	410.96	1128.85	2801.50	-138.91	-192.93	-189.71
2024-09-05T07:52:26	408.98	1135.27	2794.94	-138.77	-194.79	-189.26
2024-09-05T07:52:28	407.00	1141.69	2788.36	-138.63	-196.70	-188.85
2024-09-05T07:52:30	405.03	1148.10	2781.78	-138.47	-198.56	-188.49
2024-09-05T07:52:32	403.05	1154.51	2775.19	-138.28	-200.39	-188.11
2024-09-05T07:52:34	401.07	1160.92	2768.59	-138.08	-202.21	-187.70
2024-09-05T07:52:36	399.08	1167.32	2761.98	-137.86	-204.00	-187.28
2024-09-05T07:52:38	397.10	1173.72	2755.36	-137.63	-205.78	-186.83
2024-09-05T07:52:40	395.12	1180.11	2748.73	-137.37	-207.54	-186.36
2024-09-05T07:52:42	393.13	1186.51	2742.10	-137.10	-209.29	-185.87
2024-09-05T07:52:44	391.14	1192.89	2735.45	-136.83	-211.17	-185.35
2024-09-05T07:52:46	389.16	1199.28	2728.80	-136.54	-213.03	-184.83
2024-09-05T07:52:48	387.17	1205.66	2722.13	-136.20	-214.82	-184.32
2024-09-05T07:52:50	385.18	1212.03	2715.46	-135.85	-216.59	-183.77
2024-09-05T07:52:52	383.18	1218.41	2708.78	-135.47	-218.32	-183.19
2024-09-05T07:52:54	381.19	1224.78	2702.10	-135.08	-220.03	-182.57
2024-09-05T07:52:56	379.20	1231.14	2695.40	-134.67	-221.71	-181.91
2024-09-05T07:52:58	377.20	1237.50	2688.69	-134.24	-223.35	-181.21
2024-09-05T07:53:00	375.21	1243.86	2681.97	-133.82	-225.06	-180.46
2024-09-05T07:53:02	373.21	1250.21	2675.25	-133.43	-226.87	-179.63
2024-09-05T07:53:04	371.21	1256.56	2668.52	-133.05	-228.68	-178.76
2024-09-05T07:53:06	369.21	1262.90	2661.77	-132.74	-230.46	-177.82
2024-09-05T07:53:08	367.21	1269.24	2655.02	-132.42	-232.23	-176.83
2024-09-05T07:53:10	365.21	1275.57	2648.26	-132.11	-234.00	-175.79
2024-09-05T07:53:12	363.20	1281.91	2641.49	-131.79	-235.75	-174.71
2024-09-05T07:53:14	361.20	1288.23	2634.71	-131.46	-237.50	-173.57
2024-09-05T07:53:16	359.19	1294.55	2627.93	-131.13	-239.24	-172.38
2024-09-05T07:53:18	357.18	1300.87	2621.13	-130.96	-241.06	-171.19
2024-09-05T07:53:20	355.18	1307.18	2614.33	-130.79	-242.85	-169.96
2024-09-05T07:53:22	353.17	1313.49	2607.51	-130.62	-244.60	-168.71
2024-09-05T07:53:24	351.16	1319.80	2600.69	-130.45	-246.25	-167.51
2024-09-05T07:53:26	349.14	1326.10	2593.85	-130.27	-247.89	-166.29
2024-09-05T07:53:28	347.13	1332.39	2587.01	-130.07	-249.53	-165.05
2024-09-05T07:53:30	345.12	1338.68	2580.16	-129.86	-251.15	-163.80
2024-09-05T07:53:32	343.10	1344.97	2573.30	-129.65	-252.77	-162.54
2024-09-05T07:53:34	341.08	1351.25	2566.43	-129.39	-254.50	-161.19
2024-09-05T07:53:36	339.06	1357.52	2559.56	-129.11	-256.30	-159.76
2024-09-05T07:53:38	337.05	1363.79	2552.67	-128.83	-258.10	-158.30
2024-09-05T07:53:40	335.03	1370.06	2545.77	-128.54	-259.89	-156.81
2024-09-05T07:53:42	333.00	1376.32	2538.87	-128.29	-261.67	-155.43
2024-09-05T07:53:44	330.98	1382.58	2531.95	-128.04	-263.45	-154.04
2024-09-05T07:53:46	328.96	1388.83	2525.03	-127.81	-265.22	-152.63
2024-09-05T07:53:48	326.93	1395.08	2518.10	-127.58	-267.00	-151.22
2024-09-05T07:53:50	324.91	1401.32	2511.16	-127.37	-268.80	-149.81
2024-09-05T07:53:52	322.88	1407.56	2504.21	-127.16	-270.63	-148.38
2024-09-05T07:53:54	320.85	1413.79	2497.24	-126.90	-272.40	-146.91
2024-09-05T07:53:56	318.82	1420.01	2490.28	-126.60	-274.10	-145.40
2024-09-05T07:53:58	316.79	1426.23	2483.30	-126.25	-275.72	-143.85
2024-09-05T07:54:00	314.76	1432.45	2476.31	-125.86	-277.18	-142.46
2024-09-05T07:54:02	312.73	1438.66	2469.31	-125.45	-278.63	-141.09
2024-09-05T07:54:04	310.69	1444.87	2462.31	-125.02	-280.07	-139.71
2024-09-05T07:54:06	308.66	1451.07	2455.29	-124.58	-281.52	-138.34
2024-09-05T07:54:08	306.62	1457.26	2448.27	-124.16	-283.03	-136.91
2024-09-05T07:54:10	304.58	1463.45	2441.24	-123.71	-284.52	-135.45
2024-09-05T07:54:12	302.54	1469.63	2434.20	-123.21	-285.98	-133.97
2024-09-05T07:54:14	300.50	1475.81	2427.14	-122.63	-287.41	-132.44
2024-09-05T07:54:16	298.46	1481.98	2420.08	-122.01	-288.83	-130.88
2024-09-05T07:54:18	296.42	1488.15	2413.01	-121.33	-290.16	-129.38
2024-09-05T07:54:20	294.38	1494.31	2405.93	-120.62	-291.45	-127.89
2024-09-05T07:54:22	292.33	1500.47	2398.84	-119.89	-292.72	-126.39
2024-09-05T07:54:24	290.29	1506.61	2391.75	-119.01	-294.08	-124.92
2024-09-05T07:54:26	288.24	1512.76	2384.64	-118.12	-295.43	-123.41
2024-09-05T07:54:28	286.19	1518.90	2377.52	-117.24	-296.76	-121.87
2024-09-05T07:54:30	284.15	1525.03	2370.40	-116.35	-298.07	-120.29
2024-09-05T07:54:32	282.10	1531.16	2363.27	-115.44	-299.37	-118.68
2024-09-05T07:54:34	280.05	1537.28	2356.12	-114.53	-300.65	-117.02
2024-09-05T07:54:36	277.99	1543.39	2348.97	-113.60	-301.89	-115.36
2024-09-05T07:54:38	275.94	1549.50	2341.81	-112.67	-303.04	-113.73
2024-09-05T07:54:40	273.89	1555.60	2334.64	-111.77	-304.34	-111.99
2024-09-05T07:54:42	271.83	1561.70	2327.46	-110.86	-305.63	-110.25
2024-09-05T07:54:44	269.78	1567.79	2320.27	-109.94	-306.90	-108.50
2024-09-05T07:54:46	267.72	1573.87	2313.07	-109.01	-308.15	-106.75
2024-09-05T07:54:48	265.66	1579.95	2305.86	-108.08	-309.38	-105.01
2024-09-05T07:54:50	263.60	1586.02	2298.65	-107.13	-310.59	-103.26
2024-09-05T07:54:52	261.54	1592.08	2291.42	-106.17	-311.78	-101.52
2024-09-05T07:54:54	259.48	1598.14	2284.18	-105.18	-312.95	-99.78
2024-09-05T07:54:56	257.42	1604.20	2276.94	-103.97	-314.26	-98.01
2024-09-05T07:54:58	255.36	1610.24	2269.69	-102.74	-315.48	-96.23
2024-09-05T07:55:00	253.29	1616.28	2262.42	-101.49	-316.64	-94.42
2024-09-05T07:55:02	251.23	1622.31	2255.15	-100.22	-317.73	-92.60
2024-09-05T07:55:04	249.16	1628.34	2247.87	-98.93	-318.76	-90.76
2024-09-05T07:55:06	247.09	1634.36	2240.58	-97.63	-319.75	-88.89
2024-09-05T07:55:08	245.03	1640.37	2233.28	-96.32	-320.70	-87.00
2024-09-05T07:55:10	242.96	1646.38	2225.97	-95.00	-321.57	-85.07
2024-09-05T07:55:12	240.89	1652.38	2218.66	-93.78	-322.34	-82.99
2024-09-05T07:55:14	238.82	1658.37	2211.33	-92.65	-322.99	-80.95
2024-09-05T07:55:16	236.75	1664.35	2203.99	-91.60	-323.58	-79.01
2024-09-05T07:55:18	234.67	1670.33	2196.65	-90.56	-324.16	-77.03
2024-09-05T07:55:20	232.60	1676.30	2189.29	-89.51	-324.72	-75.03
2024-09-05T07:55:22	230.52	1682.27	2181.93	-88.45	-325.26	-73.01
2024-09-05T07:55:24	228.45	1688.23	2174.56	-87.38	-325.77	-70.99
2024-09-05T07:55:26	226.37	1694.18	2167.18	-86.25	-326.28	-68.88
2024-09-05T07:55:28	224.29	1700.12	2159.79	-85.08	-326.89	-66.68
2024-09-05T07:55:30	222.22	1706.06	2152.39	-83.94	-327.55	-64.47
2024-09-05T07:55:32	220.14	1711.99	2144.98	-82.83	-328.25	-62.27
2024-09-05T07:55:34	218.06	1717.91	2137.56	-81.70	-328.81	-60.03
2024-09-05T07:55:36	215.98	1723.83	2130.13	-80.62	-329.30	-57.77
2024-09-05T07:55:38	213.89	1729.74	2122.70	-79.58	-329.72	-55.49
2024-09-05T07:55:40	211.81	1735.64	2115.25	-78.58	-330.08	-53.20
2024-09-05T07:55:42	209.73	1741.53	2107.80	-77.76	-330.30	-50.62
2024-09-05T07:55:44	207.64	1747.41	2100.34	-77.02	-330.51	-47.90
2024-09-05T07:55:46	205.56	1753.29	2092.87	-76.30	-330.78	-45.15
2024-09-05T07:55:48	203.47	1759.16	2085.39	-75.60	-331.10	-42.37
2024-09-05T07:55:50	201.38	1765.03	2077.89	-74.93	-331.47	-39.57
2024-09-05T07:55:52	199.30	1770.88	2070.40	-74.30	-331.89	-36.80
2024-09-05T07:55:54	197.21	1776.73	2062.89	-73.71	-332.17	-34.33
2024-09-05T07:55:56	195.12	1782.57	2055.37	-73.13	-332.32	-31.89
2024-09-05T07:55:58	193.03	1788.40	2047.85	-72.50	-332.23	-29.27
2024-09-05T07:56:00	190.93	1794.23	2040.31	-71.91	-332.13	-26.67
2024-09-05T07:56:02	188.84	1800.04	2032.77	-71.35	-332.02	-24.08
2024-09-05T07:56:04	186.75	1805.85	2025.22	-70.86	-331.90	-21.53
2024-09-05T07:56:06	184.66	1811.65	2017.66	-70.40	-331.78	-18.98
2024-09-05T07:56:08	182.56	1817.45	2010.09	-69.98	-331.65	-16.43
2024-09-05T07:56:10	180.47	1823.23	2002.51	-69.58	-331.51	-13.87
2024-09-05T07:56:12	178.37	1829.01	1994.92	-69.08	-331.40	-11.06
2024-09-05T07:56:14	176.28	1834.78	1987.32	-68.44	-331.33	-8.01
2024-09-05T07:56:16	174.18	1840.54	1979.72	-67.80	-331.18	-5.03
2024-09-05T07:56:18	172.08	1846.29	1972.10	-67.16	-330.95	-2.12
2024-09-05T07:56:20	169.98	1852.04	1964.48	-66.52	-330.63	0.71
2024-09-05T07:56:22	167.88	1857.77	1956.85	-65.88	-330.22	3.48
2024-09-05T07:56:24	165.78	1863.50	1949.21	-65.22	-329.70	6.17
2024-09-05T07:56:26	163.68	1869.22	1941.56	-64.56	-329.06	8.79
2024-09-05T07:56:28	161.58	1874.93	1933.90	-63.97	-328.48	11.59
2024-09-05T07:56:30	159.48	1880.63	1926.24	-63.35	-327.97	14.39
2024-09-05T07:56:32	157.37	1886.33	1918.56	-62.70	-327.59	17.14
2024-09-05T07:56:34	155.27	1892.02	1910.88	-62.06	-327.30	19.84
2024-09-05T07:56:36	153.16	1897.69	1903.19	-61.44	-326.92	22.55
2024-09-05T07:56:38	151.06	1903.36	1895.48	-60.86	-326.44	25.26
2024-09-05T07:56:40	148.95	1909.02	1887.77	-60.30	-325.87	27.98
2024-09-05T07:56:42	146.84	1914.67	1880.06	-59.84	-325.16	30.73
2024-09-05T07:56:44	144.74	1920.32	1872.33	-59.49	-324.37	33.48
2024-09-05T07:56:46	142.63	1925.95	1864.60	-59.17	-323.58	36.20
2024-09-05T07:56:48	140.52	1931.58	1856.85	-58.89	-322.78	38.90
2024-09-05T07:56:50	138.41	1937.19	1849.10	-58.65	-321.97	41.56
2024-09-05T07:56:52	136.30	1942.80	1841.34	-58.40	-321.22	44.16
2024-09-05T07:56:54	134.19	1948.40	1833.57	-58.03	-320.63	46.68
2024-09-05T07:56:56	132.08	1953.99	1825.79	-57.60	-319.94	49.25
2024-09-05T07:56:58	129.97	1959.57	1818.01	-57.06	-318.92	52.02
2024-09-05T07:57:00	127.86	1965.14	1810.21	-56.55	-317.81	54.77
2024-09-05T07:57:02	125.75	1970.71	1802.41	-56.08	-316.65	57.52
2024-09-05T07:57:04	123.63	1976.26	1794.60	-55.65	-315.42	60.26
2024-09-05T07:57:06	121.52	1981.80	1786.78	-55.25	-314.13	63.00
2024-09-05T07:57:08	119.41	1987.34	1778.96	-54.87	-312.77	65.73
2024-09-05T07:57:10	117.29	1992.87	1771.12	-54.50	-311.36	68.44
2024-09-05T07:57:12	115.18	1998.38	1763.28	-53.95	-310.14	71.11
2024-09-05T07:57:14	113.06	2003.89	1755.42	-53.30	-309.19	73.50
2024-09-05T07:57:16	110.94	2009.39	1747.56	-52.70	-308.21	75.84
2024-09-05T07:57:18	108.83	2014.88	1739.70	-52.13	-307.19	78.14
2024-09-05T07:57:20	106.71	2020.36	1731.82	-51.60	-306.11	80.41
2024-09-05T07:57:22	104.59	2025.83	1723.94	-51.11	-304.97	82.66
2024-09-05T07:57:24	102.48	2031.29	1716.04	-50.64	-303.77	84.88
2024-09-05T07:57:26	100.35	2036.75	1708.14	-50.06	-302.43	87.34
2024-09-05T07:57:28	98.24	2042.19	1700.24	-49.40	-300.99	89.98
2024-09-05T07:57:30	96.12	2047.62	1692.32	-48.76	-299.50	92.62
2024-09-05T07:57:32	94.00	2053.04	1684.39	-48.13	-297.98	95.23
2024-09-05T07:57:34	91.88	2058.46	1676.46	-47.50	-296.52	97.80
2024-09-05T07:57:36	89.76	2063.86	1668.52	-46.87	-295.16	100.29
2024-09-05T07:57:38	87.64	2069.25	1660.57	-46.25	-293.78	102.74
2024-09-05T07:57:40	85.51	2074.64	1652.62	-45.59	-292.35	105.12
2024-09-05T07:57:42	83.39	2080.01	1644.66	-44.84	-290.86	107.42
2024-09-05T07:57:44	81.27	2085.38	1636.68	-44.06	-289.36	109.66
2024-09-05T07:57:46	79.15	2090.73	1628.70	-43.26	-287.85	111.87
2024-09-05T07:57:48	77.02	2096.08	1620.72	-42.44	-286.32	114.02
2024-09-05T07:57:50	74.90	2101.41	1612.72	-41.59	-284.77	116.12
2024-09-05T07:57:52	72.78	2106.74	1604.72	-40.73	-283.19	118.17
2024-09-05T07:57:54	70.65	2112.05	1596.71	-39.95	-281.51	120.25
2024-09-05T07:57:56	68.53	2117.36	1588.69	-39.47	-279.79	122.53
2024-09-05T07:57:58	66.40	2122.65	1580.67	-38.99	-278.09	124.77
2024-09-05T07:58:00	64.28	2127.94	1572.64	-38.50	-276.36	126.97
2024-09-05T07:58:02	62.15	2133.21	1564.60	-38.00	-274.62	129.15
2024-09-05T07:58:04	60.03	2138.48	1556.55	-37.50	-272.86	131.29
2024-09-05T07:58:06	57.90	2143.73	1548.49	-36.98	-271.07	133.39
2024-09-05T07:58:08	55.78	2148.98	1540.43	-36.46	-269.23	135.46
2024-09-05T07:58:10	53.65	2154.21	1532.36	-35.88	-267.16	137.39
2024-09-05T07:58:12	51.53	2159.43	1524.29	-35.32	-265.10	139.30
2024-09-05T07:58:14	49.40	2164.65	1516.20	-34.77	-263.04	141.16
2024-09-05T07:58:16	47.27	2169.85	1508.11	-34.25	-261.00	142.99
2024-09-05T07:58:18	45.14	2175.05	1500.01	-33.76	-259.16	144.78
2024-09-05T07:58:20	43.02	2180.23	1491.91	-33.28	-257.34	146.54
2024-09-05T07:58:22	40.89	2185.40	1483.80	-32.82	-255.51	148.29
2024-09-05T07:58:24	38.76	2190.56	1475.68	-32.35	-253.40	150.32
2024-09-05T07:58:26	36.63	2195.71	1467.55	-31.88	-251.26	152.33
2024-09-05T07:58:28	34.51	2200.85	1459.42	-31.42	-249.10	154.30
2024-09-05T07:58:30	32.38	2205.98	1451.28	-30.97	-246.92	156.25
2024-09-05T07:58:32	30.25	2211.10	1443.13	-30.52	-244.73	158.18
2024-09-05T07:58:34	28.12	2216.21	1434.97	-30.09	-242.54	160.10
2024-09-05T07:58:36	26.00	2221.31	1426.81	-29.68	-240.33	162.00
2024-09-05T07:58:38	23.87	2226.40	1418.64	-29.21	-238.02	163.67
2024-09-05T07:58:40	21.74	2231.48	1410.47	-28.70	-235.86	165.23
2024-09-05T07:58:42	19.61	2236.54	1402.29	-28.19	-233.74	166.75
2024-09-05T07:58:44	17.48	2241.60	1394.10	-27.67	-231.64	168.27
2024-09-05T07:58:46	15.35	2246.64	1385.90	-27.15	-229.55	169.78
2024-09-05T07:58:48	13.22	2251.68	1377.70	-26.63	-227.46	171.29
2024-09-05T07:58:50	11.09	2256.70	1369.49	-26.13	-225.37	172.80
2024-09-05T07:58:52	8.97	2261.71	1361.28	-25.75	-223.05	174.30
2024-09-05T07:58:54	6.84	2266.72	1353.06	-25.36	-220.72	175.77
2024-09-05T07:58:56	4.71	2271.71	1344.83	-24.97	-218.38	177.21
2024-09-05T07:58:58	2.58	2276.69	1336.59	-24.58	-216.03	178.61
2024-09-05T07:59:00	0.45	2281.66	1328.35	-24.18	-213.67	179.97
2024-09-05T07:59:02	-1.68	2286.62	1320.11	-23.79	-211.36	181.31
2024-09-05T07:59:04	-3.81	2291.57	1311.85	-23.40	-209.12	182.63
2024-09-05T07:59:06	-5.94	2296.50	1303.59	-23.05	-206.74	183.92
2024-09-05T07:59:08	-8.06	2301.43	1295.33	-22.72	-204.38	185.19
2024-09-05T07:59:10	-10.19	2306.34	1287.05	-22.38	-202.02	186.43
2024-09-05T07:59:12	-12.32	2311.25	1278.77	-22.05	-199.68	187.64
2024-09-05T07:59:14	-14.45	2316.14	1270.49	-21.72	-197.34	188.83
2024-09-05T07:59:16	-16.58	2321.02	1262.20	-21.39	-195.01	189.99
2024-09-05T07:59:18	-18.71	2325.89	1253.90	-21.06	-192.66	191.13
2024-09-05T07:59:20	-20.84	2330.75	1245.60	-20.69	-190.21	192.24
2024-09-05T07:59:22	-22.96	2335.60	1237.29	-20.34	-187.77	193.33
2024-09-05T07:59:24	-25.09	2340.43	1228.98	-20.01	-185.35	194.40
2024-09-05T07:59:26	-27.22	2345.26	1220.66	-19.67	-183.06	195.46
2024-09-05T07:59:28	-29.35	2350.07	1212.33	-19.35	-180.81	196.48
2024-09-05T07:59:30	-31.47	2354.88	1204.00	-19.03	-178.59	197.48
2024-09-05T07:59:32	-33.60	2359.67	1195.66	-18.71	-176.32	198.44
2024-09-05T07:59:34	-35.73	2364.45	1187.32	-18.38	-173.91	199.31
2024-09-05T07:59:36	-37.85	2369.22	1178.97	-18.06	-171.52	200.17
2024-09-05T07:59:38	-39.98	2373.98	1170.61	-17.75	-169.15	201.00
2024-09-05T07:59:40	-42.11	2378.73	1162.25	-17.44	-166.79	201.81
2024-09-05T07:59:42	-44.23	2383.47	1153.89	-17.15	-164.45	202.59
2024-09-05T07:59:44	-46.36	2388.19	1145.52	-16.87	-162.12	203.35
2024-09-05T07:59:46	-48.49	2392.90	1137.14	-16.59	-159.73	204.08
2024-09-05T07:59:48	-50.61	2397.61	1128.76	-16.33	-157.26	204.80
2024-09-05T07:59:50	-52.74	2402.29	1120.37	-16.07	-154.88	205.55
2024-09-05T07:59:52	-54.86	2406.97	1111.98	-15.80	-152.54	206.29
2024-09-05T07:59:54	-56.99	2411.64	1103.58	-15.54	-150.22	207.00
2024-09-05T07:59:56	-59.11	2416.30	1095.18	-15.27	-147.92	207.68
2024-09-05T07:59:58	-61.23	2420.95	1086.77	-15.00	-145.64	208.32
2024-09-05T08:00:00	-63.36	2425.58	1078.36	-14.73	-143.31	208.89
2024-09-05T08:00:02	-65.48	2430.20	1069.94	-14.46	-140.96	209.42
2024-09-05T08:00:04	-67.61	2434.81	1061.51	-14.19	-138.63	209.96
2024-09-05T08:00:06	-69.73	2439.41	1053.08	-13.93	-136.33	210.49
2024-09-05T08:00:08	-71.85	2444.00	1044.65	-13.68	-134.06	211.02
2024-09-05T08:00:10	-73.97	2448.58	1036.21	-13.43	-131.81	211.56
2024-09-05T08:00:12	-76.09	2453.14	1027.77	-13.17	-129.59	212.10
2024-09-05T08:00:14	-78.22	2457.70	1019.32	-12.95	-127.28	212.43
2024-09-05T08:00:16	-80.34	2462.24	1010.87	-12.73	-125.01	212.72
2024-09-05T08:00:18	-82.46	2466.77	1002.41	-12.52	-122.77	213.01
2024-09-05T08:00:20	-84.58	2471.29	993.95	-12.30	-120.55	213.31
2024-09-05T08:00:22	-86.70	2475.80	985.48	-12.08	-118.36	213.62
2024-09-05T08:00:24	-88.82	2480.29	977.01	-11.85	-116.20	213.93
2024-09-05T08:00:26	-90.93	2484.78	968.54	-11.62	-114.05	214.25
2024-09-05T08:00:28	-93.05	2489.25	960.05	-11.42	-111.80	214.48
2024-09-05T08:00:30	-95.17	2493.71	951.57	-11.22	-109.57	214.68
2024-09-05T08:00:32	-97.29	2498.16	943.08	-11.03	-107.35	214.85
2024-09-05T08:00:34	-99.41	2502.60	934.59	-10.86	-105.13	214.98
2024-09-05T08:00:36	-101.52	2507.03	926.09	-10.69	-102.93	215.10
2024-09-05T08:00:38	-103.64	2511.45	917.59	-10.53	-100.75	215.19
2024-09-05T08:00:40	-105.75	2515.85	909.08	-10.36	-98.61	215.31
2024-09-05T08:00:42	-107.87	2520.24	900.57	-10.16	-96.48	215.45
2024-09-05T08:00:44	-109.98	2524.62	892.05	-9.96	-94.37	215.56
2024-09-05T08:00:46	-112.10	2528.99	883.54	-9.78	-92.28	215.66
2024-09-05T08:00:48	-114.21	2533.35	875.01	-9.60	-90.21	215.75
2024-09-05T08:00:50	-116.32	2537.70	866.49	-9.44	-88.16	215.81
2024-09-05T08:00:52	-118.44	2542.03	857.96	-9.28	-86.12	215.87
2024-09-05T08:00:54	-120.55	2546.36	849.42	-9.11	-84.05	215.81
2024-09-05T08:00:56	-122.66	2550.67	840.88	-8.95	-81.99	215.68
2024-09-05T08:00:58	-124.77	2554.97	832.34	-8.78	-79.95	215.54
2024-09-05T08:01:00	-126.88	2559.26	823.79	-8.61	-77.93	215.39
2024-09-05T08:01:02	-128.99	2563.53	815.24	-8.45	-75.93	215.23
2024-09-05T08:01:04	-131.10	2567.80	806.69	-8.29	-73.96	215.05
2024-09-05T08:01:06	-133.21	2572.06	798.13	-8.13	-72.02	214.90
2024-09-05T08:01:08	-135.32	2576.30	789.57	-7.99	-70.09	214.80
2024-09-05T08:01:10	-137.42	2580.53	781.01	-7.84	-68.18	214.69
2024-09-05T08:01:12	-139.53	2584.75	772.44	-7.70	-66.28	214.58
2024-09-05T08:01:14	-141.63	2588.96	763.87	-7.55	-64.40	214.46
2024-09-05T08:01:16	-143.74	2593.15	755.29	-7.39	-62.53	214.33
2024-09-05T08:01:18	-145.84	2597.34	746.72	-7.24	-60.69	214.20
2024-09-05T08:01:20	-147.95	2601.51	738.14	-7.09	-58.85	214.01
2024-09-05T08:01:22	-150.05	2605.67	729.55	-6.95	-56.99	213.67
2024-09-05T08:01:24	-152.15	2609.82	720.96	-6.82	-55.15	213.33
2024-09-05T08:01:26	-154.25	2613.96	712.37	-6.67	-53.33	212.97
2024-09-05T08:01:28	-156.36	2618.09	703.78	-6.52	-51.54	212.60
2024-09-05T08:01:30	-158.46	2622.20	695.18	-6.37	-49.77	212.23
2024-09-05T08:01:32	-160.56	2626.31	686.58	-6.22	-48.03	211.86
2024-09-05T08:01:34	-162.66	2630.40	677.98	-6.12	-46.28	211.55
2024-09-05T08:01:36	-164.75	2634.48	669.37	-6.06	-44.53	211.26
2024-09-05T08:01:38	-166.85	2638.55	660.76	-6.00	-42.80	210.95
2024-09-05T08:01:40	-168.95	2642.61	652.15	-5.93	-41.09	210.63
2024-09-05T08:01:42	-171.04	2646.66	643.54	-5.86	-39.39	210.31
2024-09-05T08:01:44	-173.14	2650.69	634.92	-5.78	-37.70	209.98
2024-09-05T08:01:46	-175.23	2654.72	626.30	-5.69	-36.03	209.64
2024-09-05T08:01:48	-177.33	2658.73	617.67	-5.58	-34.38	209.19
2024-09-05T08:01:50	-179.42	2662.73	609.05	-5.47	-32.75	208.74
2024-09-05T08:01:52	-181.51	2666.72	600.42	-5.36	-31.14	208.28
2024-09-05T08:01:54	-183.60	2670.70	591.79	-5.25	-29.54	207.82
2024-09-05T08:01:56	-185.69	2674.66	583.16	-5.14	-27.97	207.36
2024-09-05T08:01:58	-187.78	2678.62	574.52	-5.04	-26.41	206.89
2024-09-05T08:02:00	-189.87	2682.56	565.88	-4.94	-24.86	206.40
2024-09-05T08:02:02	-191.96	2686.50	557.24	-4.82	-23.32	205.89
2024-09-05T08:02:04	-194.05	2690.42	548.59	-4.72	-21.83	205.40
2024-09-05T08:02:06	-196.13	2694.33	539.95	-4.63	-20.35	204.92
2024-09-05T08:02:08	-198.22	2698.23	531.30	-4.54	-18.89	204.44
2024-09-05T08:02:10	-200.30	2702.11	522.65	-4.45	-17.44	203.97
2024-09-05T08:02:12	-202.39	2705.99	514.00	-4.37	-16.01	203.51
2024-09-05T08:02:14	-204.47	2709.85	505.35	-4.29	-14.63	202.96
2024-09-05T08:02:16	-206.55	2713.70	496.69	-4.20	-13.26	202.39
2024-09-05T08:02:18	-208.63	2717.55	488.03	-4.10	-11.92	201.83
2024-09-05T08:02:20	-210.71	2721.38	479.37	-3.99	-10.60	201.26
2024-09-05T08:02:22	-212.79	2725.20	470.71	-3.86	-9.29	200.70
2024-09-05T08:02:24	-214.87	2729.00	462.04	-3.72	-7.99	200.14
2024-09-05T08:02:26	-216.95	2732.80	453.38	-3.58	-6.69	199.56
2024-09-05T08:02:28	-219.02	2736.59	444.71	-3.47	-5.36	198.87
2024-09-05T08:02:30	-221.10	2740.36	436.04	-3.36	-4.04	198.17
2024-09-05T08:02:32	-223.17	2744.12	427.37	-3.26	-2.70	197.49
2024-09-05T08:02:34	-225.25	2747.88	418.69	-3.16	-1.37	196.83
2024-09-05T08:02:36	-227.32	2751.62	410.02	-3.06	-0.05	196.18
2024-09-05T08:02:38	-229.39	2755.35	401.34	-2.96	1.26	195.55
2024-09-05T08:02:40	-231.47	2759.07	392.66	-2.86	2.55	194.93
2024-09-05T08:02:42	-233.53	2762.77	383.98	-2.77	3.81	194.31
2024-09-05T08:02:44	-235.60	2766.47	375.30	-2.70	5.05	193.70
2024-09-05T08:02:46	-237.67	2770.15	366.61	-2.64	6.27	193.10
2024-09-05T08:02:48	-239.74	2773.83	357.93	-2.59	7.46	192.50
2024-09-05T08:02:50	-241.81	2777.49	349.24	-2.57	8.62	191.89
2024-09-05T08:02:52	-243.87	2781.15	340.56	-2.55	9.77	191.29
2024-09-05T08:02:54	-245.93	2784.79	331.87	-2.52	10.88	190.64
2024-09-05T08:02:56	-248.00	2788.41	323.18	-2.49	11.97	190.00
2024-09-05T08:02:58	-250.06	2792.04	314.49	-2.48	13.04	189.39
2024-09-05T08:03:00	-252.12	2795.64	305.80	-2.48	14.10	188.79
2024-09-05T08:03:02	-254.18	2799.24	297.10	-2.50	15.14	188.22
2024-09-05T08:03:04	-256.24	2802.83	288.41	-2.50	16.19	187.63
2024-09-05T08:03:06	-258.30	2806.40	279.71	-2.46	17.25	186.98
2024-09-05T08:03:08	-260.36	2809.97	271.01	-2.35	18.31	186.24
2024-09-05T08:03:10	-262.41	2813.52	262.31	-2.21	19.37	185.49
2024-09-05T08:03:12	-264.47	2817.07	253.62	-2.06	20.42	184.74
2024-09-05T08:03:14	-266.52	2820.60	244.92	-1.88	21.46	184.00
2024-09-05T08:03:16	-268.58	2824.12	236.21	-1.68	22.50	183.25
2024-09-05T08:03:18	-270.63	2827.63	227.51	-1.44	23.52	182.49
2024-09-05T08:03:20	-272.68	2831.13	218.81	-1.23	24.46	181.78
2024-09-05T08:03:22	-274.73	2834.62	210.10	-1.06	25.38	181.10
2024-09-05T08:03:24	-276.78	2838.10	201.40	-0.92	26.30	180.43
2024-09-05T08:03:26	-278.83	2841.56	192.69	-0.81	27.22	179.76
2024-09-05T08:03:28	-280.87	2845.02	183.99	-0.71	28.15	179.11
2024-09-05T08:03:30	-282.92	2848.47	175.28	-0.64	29.07	178.46
2024-09-05T08:03:32	-284.96	2851.90	166.57	-0.60	29.98	177.77
2024-09-05T08:03:34	-287.00	2855.33	157.87	-0.60	30.87	176.96
2024-09-05T08:03:36	-289.05	2858.74	149.16	-0.59	31.73	176.15
2024-09-05T08:03:38	-291.09	2862.15	140.45	-0.55	32.56	175.34
2024-09-05T08:03:40	-293.13	2865.54	131.74	-0.49	33.38	174.54
2024-09-05T08:03:42	-295.17	2868.92	123.03	-0.41	34.18	173.76
2024-09-05T08:03:44	-297.21	2872.29	114.32	-0.31	34.97	172.99
2024-09-05T08:03:46	-299.24	2875.66	105.61	-0.23	35.69	172.20
2024-09-05T08:03:48	-301.28	2879.01	96.89	-0.15	36.40	171.39
2024-09-05T08:03:50	-303.32	2882.35	88.18	-0.08	37.11	170.56
2024-09-05T08:03:52	-305.35	2885.68	79.47	0.01	37.83	169.73
2024-09-05T08:03:54	-307.38	2889.00	70.76	0.10	38.53	168.89
2024-09-05T08:03:56	-309.41	2892.31	62.04	0.22	39.23	168.04
2024-09-05T08:03:58	-311.44	2895.61	53.33	0.36	39.91	167.19
2024-09-05T08:04:00	-313.47	2898.90	44.62	0.51	40.65	166.37
2024-09-05T08:04:02	-315.50	2902.18	35.91	0.69	41.41	165.56
2024-09-05T08:04:04	-317.53	2905.45	27.19	0.91	42.17	164.75
2024-09-05T08:04:06	-319.55	2908.71	18.48	1.16	42.94	163.96
2024-09-05T08:04:08	-321.58	2911.95	9.76	1.44	43.72	163.17
2024-09-05T08:04:10	-323.60	2915.19	1.05	1.74	44.52	162.40
2024-09-05T08:04:12	-325.62	2918.42	-7.66	1.89	45.13	161.70
2024-09-05T08:04:14	-327.65	2921.64	-16.37	1.82	45.60	161.10
2024-09-05T08:04:16	-329.67	2924.85	-25.09	1.69	46.09	160.51
2024-09-05T08:04:18	-331.68	2928.04	-33.80	1.56	46.59	159.93
2024-09-05T08:04:20	-333.70	2931.23	-42.51	1.42	47.10	159.33
2024-09-05T08:04:22	-335.72	2934.41	-51.23	1.28	47.62	158.73
2024-09-05T08:04:24	-337.74	2937.57	-59.94	1.15	48.14	158.12
2024-09-05T08:04:26	-339.75	2940.73	-68.65	1.15	48.85	157.33
2024-09-05T08:04:28	-341.76	2943.88	-77.37	1.17	49.54	156.50
2024-09-05T08:04:30	-343.77	2947.02	-86.08	1.20	50.23	155.63
2024-09-05T08:04:32	-345.78	2950.14	-94.79	1.24	50.91	154.74
2024-09-05T08:04:34	-347.80	2953.26	-103.50	1.30	51.59	153.81
2024-09-05T08:04:36	-349.80	2956.37	-112.21	1.37	52.28	152.86
2024-09-05T08:04:38	-351.81	2959.47	-120.92	1.42	52.84	151.84
2024-09-05T08:04:40	-353.81	2962.56	-129.64	1.45	53.22	150.77
2024-09-05T08:04:42	-355.82	2965.63	-138.35	1.47	53.58	149.71
2024-09-05T08:04:44	-357.82	2968.70	-147.06	1.49	53.95	148.67
2024-09-05T08:04:46	-359.83	2971.76	-155.76	1.50	54.32	147.66
2024-09-05T08:04:48	-361.83	2974.81	-164.47	1.51	54.73	146.77
2024-09-05T08:04:50	-363.83	2977.85	-173.18	1.50	55.17	145.92
2024-09-05T08:04:52	-365.83	2980.88	-181.89	1.48	55.75	145.17
2024-09-05T08:04:54	-367.83	2983.90	-190.60	1.46	56.31	144.44
2024-09-05T08:04:56	-369.82	2986.91	-199.30	1.47	56.83	143.71
2024-09-05T08:04:58	-371.82	2989.91	-208.01	1.50	57.32	143.00
2024-09-05T08:05:00	-373.81	2992.90	-216.71	1.56	57.79	142.31
2024-09-05T08:05:02	-375.80	2995.88	-225.42	1.66	58.23	141.65
2024-09-05T08:05:04	-377.79	2998.86	-234.12	1.77	58.70	140.94
2024-09-05T08:05:06	-379.79	3001.82	-242.82	1.81	59.27	140.02
2024-09-05T08:05:08	-381.77	3004.77	-251.52	1.81	59.85	139.12
2024-09-05T08:05:10	-383.76	3007.72	-260.23	1.78	60.45	138.21
2024-09-05T08:05:12	-385.75	3010.65	-268.93	1.67	61.06	137.35
2024-09-05T08:05:14	-387.74	3013.58	-277.63	1.50	61.67	136.51
2024-09-05T08:05:16	-389.72	3016.49	-286.33	1.28	62.26	135.67
2024-09-05T08:05:18	-391.70	3019.40	-295.03	0.96	62.74	135.16
2024-09-05T08:05:20	-393.68	3022.30	-303.72	0.63	63.20	134.79
2024-09-05T08:05:22	-395.67	3025.19	-312.42	0.30	63.67	134.44
2024-09-05T08:05:24	-397.64	3028.06	-321.11	-0.03	64.17	134.11
2024-09-05T08:05:26	-399.62	3030.93	-329.81	-0.29	64.57	133.70
2024-09-05T08:05:28	-401.60	3033.79	-338.50	-0.54	64.95	133.27
2024-09-05T08:05:30	-403.58	3036.64	-347.19	-0.72	65.27	132.76
2024-09-05T08:05:32	-405.55	3039.49	-355.88	-0.35	65.48	131.74
2024-09-05T08:05:34	-407.52	3042.32	-364.58	0.02	65.70	130.73
2024-09-05T08:05:36	-409.50	3045.14	-373.26	0.39	65.94	129.72
2024-09-05T08:05:38	-411.47	3047.96	-381.95	0.76	66.20	128.71
2024-09-05T08:05:40	-413.44	3050.76	-390.64	1.13	66.48	127.69
2024-09-05T08:05:42	-415.41	3053.56	-399.32	1.49	66.78	126.67
2024-09-05T08:05:44	-417.37	3056.35	-408.01	1.64	67.19	125.99
2024-09-05T08:05:46	-419.34	3059.13	-416.69	1.58	67.71	125.66
2024-09-05T08:05:48	-421.30	3061.90	-425.37	1.50	68.27	125.39
2024-09-05T08:05:50	-423.27	3064.66	-434.05	1.38	68.86	125.19
2024-09-05T08:05:52	-425.23	3067.41	-442.73	1.23	69.50	125.08
2024-09-05T08:05:54	-427.19	3070.15	-451.41	1.04	70.18	125.06
2024-09-05T08:05:56	-429.15	3072.89	-460.09	0.80	70.90	125.13
2024-09-05T08:05:58	-431.11	3075.62	-468.76	0.62	71.21	124.74
2024-09-05T08:06:00	-433.07	3078.33	-477.44	0.46	71.48	124.34
2024-09-05T08:06:02	-435.02	3081.04	-486.11	0.30	71.73	123.94
2024-09-05T08:06:04	-436.98	3083.74	-494.78	0.17	71.96	123.55
2024-09-05T08:06:06	-438.93	3086.43	-503.45	0.02	72.09	123.04
2024-09-05T08:06:08	-440.88	3089.12	-512.12	-0.14	72.12	122.36
2024-09-05T08:06:10	-442.83	3091.79	-520.79	-0.12	72.28	121.46
2024-09-05T08:06:12	-444.78	3094.45	-529.46	0.07	72.73	120.55
2024-09-05T08:06:14	-446.73	3097.11	-538.12	0.23	73.18	119.69
2024-09-05T08:06:16	-448.68	3099.76	-546.78	0.36	73.63	118.89
2024-09-05T08:06:18	-450.62	3102.40	-555.44	0.47	74.09	118.13
2024-09-05T08:06:20	-452.57	3105.03	-564.10	0.56	74.55	117.43
2024-09-05T08:06:22	-454.51	3107.65	-572.76	0.63	75.02	116.78
2024-09-05T08:06:24	-456.46	3110.27	-581.42	0.55	75.33	116.18
2024-09-05T08:06:26	-458.40	3112.87	-590.07	0.48	75.62	115.59
2024-09-05T08:06:28	-460.34	3115.47	-598.73	0.45	75.96	114.99
2024-09-05T08:06:30	-462.28	3118.06	-607.38	0.48	76.34	114.40
2024-09-05T08:06:32	-464.21	3120.64	-616.03	0.56	76.76	113.81
2024-09-05T08:06:34	-466.15	3123.22	-624.68	0.69	77.21	113.21
2024-09-05T08:06:36	-468.08	3125.78	-633.33	0.85	77.67	112.62
2024-09-05T08:06:38	-470.02	3128.34	-641.97	0.90	77.94	112.09
2024-09-05T08:06:40	-471.95	3130.89	-650.62	0.95	78.19	111.58
2024-09-05T08:06:42	-473.88	3133.43	-659.26	1.00	78.42	111.07
2024-09-05T08:06:44	-475.81	3135.96	-667.90	1.04	78.64	110.56
2024-09-05T08:06:46	-477.74	3138.48	-676.54	1.09	78.83	110.06
2024-09-05T08:06:48	-479.67	3141.00	-685.17	1.13	79.00	109.54
2024-09-05T08:06:50	-481.59	3143.51	-693.81	1.12	79.36	109.02
2024-09-05T08:06:52	-483.52	3146.00	-702.44	1.03	79.88	108.48
2024-09-05T08:06:54	-485.44	3148.50	-711.07	0.93	80.37	107.93
2024-09-05T08:06:56	-487.37	3150.98	-719.70	0.81	80.86	107.37
2024-09-05T08:06:58	-489.29	3153.46	-728.33	0.68	81.33	106.80
2024-09-05T08:07:00	-491.21	3155.92	-736.96	0.53	81.81	106.22
2024-09-05T08:07:02	-493.12	3158.38	-745.58	0.37	82.29	105.62
2024-09-05T08:07:04	-495.04	3160.84	-754.21	0.37	82.47	105.26
2024-09-05T08:07:06	-496.96	3163.28	-762.83	0.36	82.65	104.95
2024-09-05T08:07:08	-498.88	3165.72	-771.45	0.35	82.81	104.66
2024-09-05T08:07:10	-500.79	3168.15	-780.06	0.36	82.95	104.37
2024-09-05T08:07:12	-502.70	3170.57	-788.68	0.32	83.09	104.06
2024-09-05T08:07:14	-504.61	3172.98	-797.29	0.25	83.22	103.74
2024-09-05T08:07:16	-506.52	3175.38	-805.90	0.27	83.33	103.33
2024-09-05T08:07:18	-508.43	3177.78	-814.51	0.60	83.40	102.74
2024-09-05T08:07:20	-510.34	3180.17	-823.12	0.95	83.45	102.15
2024-09-05T08:07:22	-512.24	3182.56	-831.72	1.32	83.50	101.56
2024-09-05T08:07:24	-514.15	3184.93	-840.32	1.72	83.54	100.98
2024-09-05T08:07:26	-516.06	3187.30	-848.93	2.14	83.58	100.39
2024-09-05T08:07:28	-517.96	3189.66	-857.53	2.60	83.62	99.80
2024-09-05T08:07:30	-519.86	3192.01	-866.12	2.97	83.73	99.14
2024-09-05T08:07:32	-521.76	3194.36	-874.72	3.28	83.87	98.44
2024-09-05T08:07:34	-523.66	3196.69	-883.31	3.60	84.00	97.73
2024-09-05T08:07:36	-525.55	3199.02	-891.90	3.91	84.12	97.02
2024-09-05T08:07:38	-527.45	3201.35	-900.49	4.17	84.23	96.34
2024-09-05T08:07:40	-529.35	3203.66	-909.08	4.38	84.32	95.69
2024-09-05T08:07:42	-531.24	3205.97	-917.66	4.55	84.40	95.03
2024-09-05T08:07:44	-533.14	3208.27	-926.25	4.74	84.55	94.48
2024-09-05T08:07:46	-535.03	3210.56	-934.82	4.91	84.73	93.94
2024-09-05T08:07:48	-536.92	3212.85	-943.40	5.08	84.95	93.43
2024-09-05T08:07:50	-538.81	3215.13	-951.98	5.24	85.20	92.94
2024-09-05T08:07:52	-540.69	3217.40	-960.55	5.39	85.49	92.48
2024-09-05T08:07:54	-542.58	3219.66	-969.13	5.52	85.81	92.05
2024-09-05T08:07:56	-544.46	3221.92	-977.70	5.72	86.16	91.68
2024-09-05T08:07:58	-546.35	3224.17	-986.27	6.15	86.47	91.35
2024-09-05T08:08:00	-548.23	3226.41	-994.83	6.60	86.78	90.98
2024-09-05T08:08:02	-550.12	3228.65	-1003.39	7.06	87.08	90.58
2024-09-05T08:08:04	-551.99	3230.88	-1011.96	7.55	87.37	90.13
2024-09-05T08:08:06	-553.88	3233.10	-1020.51	8.06	87.66	89.64
2024-09-05T08:08:08	-555.75	3235.32	-1029.07	8.59	87.92	89.11
2024-09-05T08:08:10	-557.63	3237.52	-1037.62	9.10	87.83	88.55
2024-09-05T08:08:12	-559.50	3239.72	-1046.18	9.60	87.54	87.98
2024-09-05T08:08:14	-561.38	3241.92	-1054.73	10.12	87.23	87.42
2024-09-05T08:08:16	-563.25	3244.10	-1063.27	10.67	86.91	86.88
2024-09-05T08:08:18	-565.13	3246.28	-1071.82	11.26	86.58	86.35
2024-09-05T08:08:20	-567.00	3248.46	-1080.36	11.88	86.23	85.82
2024-09-05T08:08:22	-568.87	3250.62	-1088.91	12.52	85.87	85.29
2024-09-05T08:08:24	-570.73	3252.78	-1097.44	12.94	86.28	84.76
2024-09-05T08:08:26	-572.60	3254.94	-1105.98	13.33	86.80	84.24
2024-09-05T08:08:28	-574.47	3257.08	-1114.51	13.72	87.40	83.77
2024-09-05T08:08:30	-576.33	3259.22	-1123.04	14.10	88.17	83.41
2024-09-05T08:08:32	-578.20	3261.35	-1131.57	14.45	88.92	83.05
2024-09-05T08:08:34	-580.06	3263.48	-1140.10	14.79	89.65	82.69
2024-09-05T08:08:36	-581.92	3265.60	-1148.63	15.13	90.19	82.29
2024-09-05T08:08:38	-583.78	3267.71	-1157.15	15.47	90.17	81.85
2024-09-05T08:08:40	-585.64	3269.81	-1165.67	15.77	90.12	81.42
2024-09-05T08:08:42	-587.50	3271.91	-1174.19	16.02	90.06	80.98
2024-09-05T08:08:44	-589.35	3274.01	-1182.70	16.24	89.99	80.55
2024-09-05T08:08:46	-591.21	3276.09	-1191.22	16.43	89.90	80.11
2024-09-05T08:08:48	-593.06	3278.17	-1199.73	16.59	89.79	79.67
2024-09-05T08:08:50	-594.92	3280.25	-1208.23	16.72	89.82	79.38
2024-09-05T08:08:52	-596.77	3282.31	-1216.74	16.81	89.94	79.22
2024-09-05T08:08:54	-598.62	3284.37	-1225.24	16.90	90.02	79.03
2024-09-05T08:08:56	-600.47	3286.43	-1233.74	16.97	90.05	78.81
2024-09-05T08:08:58	-602.32	3288.47	-1242.24	17.03	90.03	78.58
2024-09-05T08:09:00	-604.16	3290.51	-1250.74	17.08	89.98	78.34
2024-09-05T08:09:02	-606.01	3292.55	-1259.23	17.10	89.88	78.10
2024-09-05T08:09:04	-607.85	3294.58	-1267.72	16.91	89.91	77.74
2024-09-05T08:09:06	-609.70	3296.60	-1276.21	16.61	90.00	77.37
2024-09-05T08:09:08	-611.54	3298.61	-1284.70	16.26	90.09	77.01
2024-09-05T08:09:10	-613.38	3300.62	-1293.18	15.88	90.21	76.71
2024-09-05T08:09:12	-615.22	3302.63	-1301.67	15.48	90.32	76.45
2024-09-05T08:09:14	-617.06	3304.62	-1310.15	15.08	90.36	76.18
2024-09-05T08:09:16	-618.90	3306.61	-1318.62	14.70	90.34	75.90
2024-09-05T08:09:18	-620.73	3308.60	-1327.10	14.96	90.01	75.77
2024-09-05T08:09:20	-622.57	3310.58	-1335.57	15.19	89.62	75.58
2024-09-05T08:09:22	-624.40	3312.55	-1344.04	15.38	89.17	75.35
2024-09-05T08:09:24	-626.24	3314.52	-1352.50	15.55	88.61	75.06
2024-09-05T08:09:26	-628.07	3316.48	-1360.97	15.70	87.86	74.67
2024-09-05T08:09:28	-629.90	3318.43	-1369.43	15.81	87.03	74.17
2024-09-05T08:09:30	-631.73	3320.38	-1377.89	15.68	86.01	73.49
2024-09-05T08:09:32	-633.56	3322.32	-1386.35	15.08	84.76	72.58
2024-09-05T08:09:34	-635.38	3324.26	-1394.80	14.47	83.58	71.69
2024-09-05T08:09:36	-637.21	3326.19	-1403.25	13.85	82.48	70.83
2024-09-05T08:09:38	-639.04	3328.11	-1411.70	13.22	81.46	69.99
2024-09-05T08:09:40	-640.86	3330.03	-1420.15	12.58	80.51	69.17
2024-09-05T08:09:42	-642.68	3331.94	-1428.59	11.92	79.63	68.39
2024-09-05T08:09:44	-644.50	3333.85	-1437.04	11.35	78.58	67.73
2024-09-05T08:09:46	-646.32	3335.75	-1445.47	10.88	77.27	67.16
2024-09-05T08:09:48	-648.14	3337.64	-1453.91	10.38	75.92	66.58
2024-09-05T08:09:50	-649.96	3339.53	-1462.35	9.86	74.52	66.00
2024-09-05T08:09:52	-651.78	3341.41	-1470.78	9.32	73.08	65.40
2024-09-05T08:09:54	-653.59	3343.29	-1479.21	8.76	71.61	64.78
2024-09-05T08:09:56	-655.41	3345.16	-1487.63	8.17	70.10	64.14
2024-09-05T08:09:58	-657.22	3347.03	-1496.06	7.86	68.88	63.63
2024-09-05T08:10:00	-659.03	3348.89	-1504.48	7.67	67.73	63.21
2024-09-05T08:10:02	-660.84	3350.74	-1512.90	7.50	66.54	62.82
2024-09-05T08:10:04	-662.66	3352.59	-1521.31	7.35	65.31	62.48
2024-09-05T08:10:06	-664.46	3354.44	-1529.73	7.20	64.03	62.18
2024-09-05T08:10:08	-666.27	3356.27	-1538.14	7.07	62.70	61.92
2024-09-05T08:10:10	-668.08	3358.11	-1546.55	6.95	61.31	61.70
2024-09-05T08:10:12	-669.88	3359.93	-1554.95	6.31	60.23	60.99
2024-09-05T08:10:14	-671.69	3361.75	-1563.36	5.73	59.17	60.17
2024-09-05T08:10:16	-673.49	3363.57	-1571.76	5.21	58.14	59.32
2024-09-05T08:10:18	-675.29	3365.38	-1580.16	4.74	57.12	58.45
2024-09-05T08:10:20	-677.10	3367.18	-1588.55	4.32	56.13	57.54
2024-09-05T08:10:22	-678.90	3368.98	-1596.95	3.95	55.17	56.59
2024-09-05T08:10:24	-680.69	3370.77	-1605.34	3.61	54.14	55.56
2024-09-05T08:10:26	-682.49	3372.56	-1613.72	2.97	52.45	54.15
2024-09-05T08:10:28	-684.29	3374.35	-1622.11	2.30	50.79	52.77
2024-09-05T08:10:30	-686.08	3376.12	-1630.49	1.59	49.15	51.47
2024-09-05T08:10:32	-687.88	3377.89	-1638.87	0.87	47.55	50.24
2024-09-05T08:10:34	-689.67	3379.66	-1647.25	0.14	45.99	49.08
2024-09-05T08:10:36	-691.47	3381.42	-1655.63	-0.61	44.46	47.97
2024-09-05T08:10:38	-693.26	3383.18	-1664.00	-1.32	43.12	47.22
2024-09-05T08:10:40	-695.05	3384.93	-1672.37	-1.97	42.10	47.14
2024-09-05T08:10:42	-696.84	3386.68	-1680.74	-2.60	41.11	47.08
2024-09-05T08:10:44	-698.62	3388.42	-1689.10	-3.23	40.16	47.05
2024-09-05T08:10:46	-700.41	3390.15	-1697.46	-3.86	39.24	47.04
2024-09-05T08:10:48	-702.20	3391.88	-1705.82	-4.50	38.35	47.04
2024-09-05T08:10:50	-703.98	3393.60	-1714.18	-5.16	37.49	47.05
2024-09-05T08:10:52	-705.77	3395.32	-1722.53	-5.48	36.78	46.66
2024-09-05T08:10:54	-707.55	3397.04	-1730.88	-5.39	36.20	45.85
2024-09-05T08:10:56	-709.33	3398.75	-1739.23	-5.28	35.62	45.05
2024-09-05T08:10:58	-711.11	3400.45	-1747.58	-5.14	35.04	44.27
2024-09-05T08:11:00	-712.89	3402.15	-1755.92	-4.96	34.46	43.51
2024-09-05T08:11:02	-714.67	3403.84	-1764.26	-4.74	33.87	42.78
2024-09-05T08:11:04	-716.45	3405.53	-1772.60	-4.48	33.26	42.08
2024-09-05T08:11:06	-718.22	3407.22	-1780.94	-4.58	32.41	41.42
2024-09-05T08:11:08	-720.00	3408.89	-1789.27	-4.91	31.41	40.72
2024-09-05T08:11:10	-721.77	3410.57	-1797.60	-5.24	30.38	39.98
2024-09-05T08:11:12	-723.54	3412.24	-1805.93	-5.54	29.32	39.18
2024-09-05T08:11:14	-725.31	3413.90	-1814.25	-5.83	28.24	38.34
2024-09-05T08:11:16	-727.09	3415.56	-1822.58	-6.10	27.15	37.44
2024-09-05T08:11:18	-728.85	3417.22	-1830.90	-6.39	26.12	36.47
2024-09-05T08:11:20	-730.62	3418.86	-1839.22	-6.68	25.09	35.94
2024-09-05T08:11:22	-732.39	3420.51	-1847.53	-6.99	24.08	35.57
2024-09-05T08:11:24	-734.16	3422.15	-1855.84	-7.30	23.08	35.21
2024-09-05T08:11:26	-735.92	3423.78	-1864.15	-7.64	22.09	34.85
2024-09-05T08:11:28	-737.69	3425.41	-1872.46	-7.98	21.12	34.49
2024-09-05T08:11:30	-739.45	3427.04	-1880.76	-8.34	20.16	34.14
2024-09-05T08:11:32	-741.21	3428.66	-1889.07	-8.72	19.25	33.81
2024-09-05T08:11:34	-742.98	3430.27	-1897.36	-9.09	18.95	33.23
2024-09-05T08:11:36	-744.74	3431.88	-1905.66	-9.41	18.72	32.66
2024-09-05T08:11:38	-746.50	3433.49	-1913.96	-9.69	18.50	32.13
2024-09-05T08:11:40	-748.25	3435.09	-1922.25	-9.93	18.28	31.66
2024-09-05T08:11:42	-750.01	3436.68	-1930.53	-10.14	18.07	31.23
2024-09-05T08:11:44	-751.77	3438.28	-1938.82	-10.32	17.87	30.85
2024-09-05T08:11:46	-753.52	3439.86	-1947.10	-10.46	17.67	30.50
2024-09-05T08:11:48	-755.28	3441.45	-1955.38	-10.67	17.87	30.35
2024-09-05T08:11:50	-757.03	3443.02	-1963.66	-10.87	18.09	30.20
2024-09-05T08:11:52	-758.78	3444.60	-1971.94	-11.06	18.32	30.06
2024-09-05T08:11:54	-760.53	3446.17	-1980.21	-11.24	18.55	29.92
2024-09-05T08:11:56	-762.28	3447.73	-1988.48	-11.43	18.78	29.78
2024-09-05T08:11:58	-764.03	3449.29	-1996.75	-11.61	19.01	29.65
2024-09-05T08:12:00	-765.78	3450.84	-2005.01	-11.80	19.21	29.52
2024-09-05T08:12:02	-767.53	3452.40	-2013.28	-12.08	19.25	29.45
2024-09-05T08:12:04	-769.27	3453.94	-2021.54	-12.33	19.32	29.36
2024-09-05T08:12:06	-771.02	3455.48	-2029.79	-12.55	19.43	29.23
2024-09-05T08:12:08	-772.76	3457.02	-2038.05	-12.74	19.56	29.07
2024-09-05T08:12:10	-774.50	3458.55	-2046.30	-12.88	19.72	28.88
2024-09-05T08:12:12	-776.25	3460.08	-2054.55	-12.99	19.91	28.66
2024-09-05T08:12:14	-777.99	3461.60	-2062.79	-13.06	20.02	28.37
2024-09-05T08:12:16	-779.73	3463.12	-2071.04	-13.21	19.43	27.91
2024-09-05T08:12:18	-781.47	3464.64	-2079.28	-13.35	18.84	27.43
2024-09-05T08:12:20	-783.21	3466.15	-2087.52	-13.48	18.26	26.93
2024-09-05T08:12:22	-784.94	3467.65	-2095.75	-13.63	17.65	26.45
2024-09-05T08:12:24	-786.68	3469.16	-2103.99	-13.78	17.03	25.99
2024-09-05T08:12:26	-788.41	3470.65	-2112.22	-13.92	16.45	25.51
2024-09-05T08:12:28	-790.15	3472.15	-2120.44	-13.98	15.91	25.07
2024-09-05T08:12:30	-791.88	3473.64	-2128.67	-13.75	15.41	24.73
2024-09-05T08:12:32	-793.61	3475.12	-2136.89	-13.56	14.90	24.37
2024-09-05T08:12:34	-795.34	3476.60	-2145.11	-13.41	14.40	24.00
2024-09-05T08:12:36	-797.07	3478.08	-2153.33	-13.30	13.91	23.62
2024-09-05T08:12:38	-798.80	3479.55	-2161.54	-13.24	13.41	23.23
2024-09-05T08:12:40	-800.53	3481.02	-2169.76	-13.23	12.93	22.83
2024-09-05T08:12:42	-802.26	3482.48	-2177.97	-13.31	12.57	22.49
2024-09-05T08:12:44	-803.98	3483.94	-2186.17	-13.54	12.59	22.45
2024-09-05T08:12:46	-805.71	3485.39	-2194.38	-13.76	12.62	22.43
2024-09-05T08:12:48	-807.44	3486.84	-2202.58	-13.92	12.68	22.48
2024-09-05T08:12:50	-809.16	3488.29	-2210.78	-14.06	12.74	22.52
2024-09-05T08:12:52	-810.88	3489.73	-2218.98	-14.20	12.80	22.54
2024-09-05T08:12:54	-812.60	3491.17	-2227.17	-14.33	12.87	22.55
2024-09-05T08:12:56	-814.32	3492.61	-2235.36	-14.40	12.90	22.52
2024-09-05T08:12:58	-816.04	3494.04	-2243.55	-14.32	12.81	22.46
2024-09-05T08:13:00	-817.76	3495.46	-2251.74	-14.25	12.72	22.40
2024-09-05T08:13:02	-819.48	3496.89	-2259.92	-14.18	12.63	22.35
2024-09-05T08:13:04	-821.19	3498.31	-2268.10	-14.12	12.54	22.32
2024-09-05T08:13:06	-822.91	3499.72	-2276.28	-14.06	12.45	22.28
2024-09-05T08:13:08	-824.62	3501.13	-2284.45	-14.00	12.37	22.25
2024-09-05T08:13:10	-826.34	3502.54	-2292.63	-13.90	12.29	22.15
2024-09-05T08:13:12	-828.05	3503.94	-2300.80	-13.69	12.22	21.81
2024-09-05T08:13:14	-829.76	3505.34	-2308.97	-13.47	12.13	21.48
2024-09-05T08:13:16	-831.47	3506.73	-2317.13	-13.27	12.02	21.13
2024-09-05T08:13:18	-833.18	3508.12	-2325.30	-13.07	11.88	20.78
2024-09-05T08:13:20	-834.89	3509.51	-2333.45	-12.87	11.71	20.42
2024-09-05T08:13:22	-836.60	3510.89	-2341.61	-12.68	11.52	20.05
2024-09-05T08:13:24	-838.31	3512.27	-2349.77	-12.61	11.33	19.79
2024-09-05T08:13:26	-840.01	3513.64	-2357.92	-12.82	11.23	19.87
2024-09-05T08:13:28	-841.72	3515.02	-2366.07	-13.03	11.13	19.95
2024-09-05T08:13:30	-843.42	3516.38	-2374.22	-13.23	11.08	20.02
2024-09-05T08:13:32	-845.13	3517.75	-2382.36	-13.43	11.03	20.08
2024-09-05T08:13:34	-846.83	3519.11	-2390.50	-13.64	10.99	20.10
2024-09-05T08:13:36	-848.53	3520.46	-2398.64	-13.85	10.95	20.08
2024-09-05T08:13:38	-850.23	3521.82	-2406.78	-14.02	10.90	20.04
2024-09-05T08:13:40	-851.93	3523.16	-2414.91	-14.03	10.83	20.00
2024-09-05T08:13:42	-853.63	3524.51	-2423.04	-14.02	10.75	19.95
2024-09-05T08:13:44	-855.33	3525.85	-2431.17	-14.00	10.67	19.90
2024-09-05T08:13:46	-857.03	3527.19	-2439.30	-13.96	10.59	19.83
2024-09-05T08:13:48	-858.72	3528.52	-2447.42	-13.92	10.50	19.76
2024-09-05T08:13:50	-860.42	3529.85	-2455.55	-13.86	10.42	19.67
2024-09-05T08:13:52	-862.11	3531.18	-2463.67	-13.82	10.36	19.53
2024-09-05T08:13:54	-863.80	3532.50	-2471.78	-13.87	10.39	19.31
2024-09-05T08:13:56	-865.50	3533.82	-2479.89	-13.89	10.41	19.11
2024-09-05T08:13:58	-867.19	3535.13	-2488.01	-13.90	10.42	18.95
2024-09-05T08:14:00	-868.88	3536.44	-2496.12	-13.89	10.43	18.82
2024-09-05T08:14:02	-870.57	3537.75	-2504.22	-13.85	10.42	18.71
2024-09-05T08:14:04	-872.26	3539.06	-2512.32	-13.80	10.41	18.65
2024-09-05T08:14:06	-873.95	3540.36	-2520.42	-13.72	10.38	18.59
2024-09-05T08:14:08	-875.63	3541.66	-2528.52	-13.67	10.26	18.45
2024-09-05T08:14:10	-877.32	3542.95	-2536.62	-13.66	10.15	18.32
2024-09-05T08:14:12	-879.01	3544.24	-2544.71	-13.72	10.05	18.23
2024-09-05T08:14:14	-880.69	3545.52	-2552.80	-13.79	9.96	18.15
2024-09-05T08:14:16	-882.37	3546.81	-2560.89	-13.87	9.88	18.08
2024-09-05T08:14:18	-884.06	3548.09	-2568.98	-13.97	9.79	18.01
2024-09-05T08:14:20	-885.74	3549.36	-2577.06	-14.09	9.72	17.96
2024-09-05T08:14:22	-887.42	3550.63	-2585.14	-14.24	9.73	18.07
2024-09-05T08:14:24	-889.10	3551.90	-2593.22	-14.39	9.74	18.18
2024-09-05T08:14:26	-890.78	3553.17	-2601.30	-14.56	9.75	18.28
2024-09-05T08:14:28	-892.46	3554.43	-2609.37	-14.74	9.77	18.38
2024-09-05T08:14:30	-894.13	3555.69	-2617.44	-14.92	9.78	18.47
2024-09-05T08:14:32	-895.81	3556.95	-2625.51	-15.12	9.80	18.56
2024-09-05T08:14:34	-897.49	3558.20	-2633.57	-15.34	9.83	18.65
2024-09-05T08:14:36	-899.16	3559.45	-2641.63	-15.36	10.18	18.65
2024-09-05T08:14:38	-900.84	3560.69	-2649.70	-15.38	10.54	18.68
2024-09-05T08:14:40	-902.51	3561.93	-2657.75	-15.39	10.89	18.73
2024-09-05T08:14:42	-904.18	3563.17	-2665.81	-15.41	11.23	18.79
2024-09-05T08:14:44	-905.85	3564.41	-2673.86	-15.44	11.56	18.86
2024-09-05T08:14:46	-907.52	3565.64	-2681.91	-15.46	11.88	18.93
2024-09-05T08:14:48	-909.19	3566.87	-2689.96	-15.50	12.18	19.01
2024-09-05T08:14:50	-910.86	3568.09	-2698.01	-15.58	12.60	19.27
2024-09-05T08:14:52	-912.53	3569.31	-2706.05	-15.66	13.05	19.52
2024-09-05T08:14:54	-914.19	3570.53	-2714.09	-15.74	13.49	19.76
2024-09-05T08:14:56	-915.86	3571.75	-2722.12	-15.82	13.94	19.97
2024-09-05T08:14:58	-917.53	3572.96	-2730.16	-15.89	14.39	20.17
2024-09-05T08:15:00	-919.19	3574.17	-2738.19	-15.96	14.84	20.35
2024-09-05T08:15:02	-920.86	3575.37	-2746.22	-16.02	15.29	20.51
2024-09-05T08:15:04	-922.52	3576.57	-2754.25	-16.00	15.22	20.47
2024-09-05T08:15:06	-924.18	3577.77	-2762.28	-15.96	15.01	20.37
2024-09-05T08:15:08	-925.84	3578.97	-2770.30	-15.90	14.82	20.26
2024-09-05T08:15:10	-927.50	3580.16	-2778.32	-15.83	14.64	20.14
2024-09-05T08:15:12	-929.16	3581.35	-2786.34	-15.75	14.48	20.00
2024-09-05T08:15:14	-930.82	3582.54	-2794.35	-15.65	14.33	19.86
2024-09-05T08:15:16	-932.48	3583.72	-2802.37	-15.54	14.19	19.69
2024-09-05T08:15:18	-934.14	3584.90	-2810.38	-15.49	13.97	19.48
2024-09-05T08:15:20	-935.79	3586.08	-2818.39	-15.47	13.70	19.26
2024-09-05T08:15:22	-937.45	3587.25	-2826.39	-15.45	13.42	19.06
2024-09-05T08:15:24	-939.10	3588.42	-2834.40	-15.44	13.14	18.87
2024-09-05T08:15:26	-940.76	3589.59	-2842.40	-15.44	12.86	18.70
2024-09-05T08:15:28	-942.41	3590.76	-2850.40	-15.44	12.58	18.54
2024-09-05T08:15:30	-944.06	3591.92	-2858.39	-15.44	12.31	18.40
2024-09-05T08:15:32	-945.71	3593.07	-2866.39	-15.53	12.11	18.38
2024-09-05T08:15:34	-947.36	3594.23	-2874.38	-15.69	11.99	18.46
2024-09-05T08:15:36	-949.02	3595.38	-2882.36	-15.87	11.85	18.55
2024-09-05T08:15:38	-950.66	3596.53	-2890.35	-16.06	11.71	18.65
2024-09-05T08:15:40	-952.31	3597.68	-2898.33	-16.27	11.55	18.75
2024-09-05T08:15:42	-953.96	3598.82	-2906.32	-16.49	11.38	18.86
2024-09-05T08:15:44	-955.61	3599.96	-2914.29	-16.74	11.20	18.98
2024-09-05T08:15:46	-957.25	3601.10	-2922.27	-16.97	11.22	19.07
2024-09-05T08:15:48	-958.90	3602.23	-2930.24	-17.12	11.43	19.22
2024-09-05T08:15:50	-960.54	3603.36	-2938.22	-17.25	11.61	19.35
2024-09-05T08:15:52	-962.18	3604.49	-2946.19	-17.37	11.76	19.48
2024-09-05T08:15:54	-963.83	3605.61	-2954.15	-17.47	11.88	19.59
2024-09-05T08:15:56	-965.47	3606.74	-2962.12	-17.57	11.98	19.71
2024-09-05T08:15:58	-967.11	3607.86	-2970.08	-17.66	12.06	19.81
2024-09-05T08:16:00	-968.75	3608.97	-2978.04	-17.74	12.13	19.86
2024-09-05T08:16:02	-970.39	3610.09	-2985.99	-17.74	12.31	19.61
2024-09-05T08:16:04	-972.03	3611.20	-2993.95	-17.71	12.49	19.38
2024-09-05T08:16:06	-973.66	3612.31	-3001.90	-17.67	12.66	19.15
2024-09-05T08:16:08	-975.30	3613.41	-3009.85	-17.60	12.83	18.94
2024-09-05T08:16:10	-976.94	3614.51	-3017.80	-17.51	12.98	18.74
2024-09-05T08:16:12	-978.57	3615.61	-3025.74	-17.40	13.14	18.54
2024-09-05T08:16:14	-980.21	3616.71	-3033.69	-17.27	13.28	18.36
2024-09-05T08:16:16	-981.84	3617.80	-3041.63	-17.29	13.15	18.21
2024-09-05T08:16:18	-983.48	3618.89	-3049.56	-17.32	13.03	18.07
2024-09-05T08:16:20	-985.11	3619.98	-3057.50	-17.37	12.92	17.95
2024-09-05T08:16:22	-986.74	3621.06	-3065.43	-17.42	12.81	17.84
2024-09-05T08:16:24	-988.37	3622.15	-3073.36	-17.47	12.72	17.75
2024-09-05T08:16:26	-990.00	3623.23	-3081.29	-17.53	12.63	17.66
2024-09-05T08:16:28	-991.63	3624.31	-3089.22	-17.58	12.55	17.60
2024-09-05T08:16:30	-993.26	3625.38	-3097.14	-17.56	12.44	17.57
2024-09-05T08:16:32	-994.89	3626.45	-3105.06	-17.51	12.32	17.55
2024-09-05T08:16:34	-996.51	3627.52	-3112.98	-17.46	12.22	17.54
2024-09-05T08:16:36	-998.14	3628.58	-3120.90	-17.42	12.12	17.53
2024-09-05T08:16:38	-999.77	3629.65	-3128.81	-17.38	12.04	17.52
2024-09-05T08:16:40	-1001.39	3630.71	-3136.72	-17.35	11.96	17.51
2024-09-05T08:16:42	-1003.01	3631.76	-3144.63	-17.33	11.89	17.51
2024-09-05T08:16:44	-1004.64	3632.82	-3152.54	-17.26	11.85	17.55
2024-09-05T08:16:46	-1006.26	3633.87	-3160.45	-17.12	11.84	17.62
2024-09-05T08:16:48	-1007.88	3634.92	-3168.35	-16.98	11.84	17.68
2024-09-05T08:16:50	-1009.50	3635.97	-3176.25	-16.82	11.86	17.74
2024-09-05T08:16:52	-1011.12	3637.01	-3184.15	-16.65	11.89	17.78
2024-09-05T08:16:54	-1012.74	3638.05	-3192.04	-16.46	11.94	17.83
2024-09-05T08:16:56	-1014.36	3639.09	-3199.94	-16.29	11.99	17.86
2024-09-05T08:16:58	-1015.98	3640.13	-3207.83	-16.16	12.00	17.89
2024-09-05T08:17:00	-1017.60	3641.16	-3215.72	-16.16	11.94	17.89
2024-09-05T08:17:02	-1019.21	3642.19	-3223.60	-16.16	11.89	17.89
2024-09-05T08:17:04	-1020.83	3643.22	-3231.48	-16.16	11.84	17.88
2024-09-05T08:17:06	-1022.44	3644.25	-3239.37	-16.16	11.80	17.86
2024-09-05T08:17:08	-1024.06	3645.27	-3247.25	-16.17	11.77	17.83
2024-09-05T08:17:10	-1025.67	3646.29	-3255.12	-16.17	11.73	17.80
2024-09-05T08:17:12	-1027.28	3647.31	-3263.00	-16.19	11.70	17.76
2024-09-05T08:17:14	-1028.90	3648.32	-3270.87	-16.59	11.44	17.88
2024-09-05T08:17:16	-1030.51	3649.34	-3278.74	-17.00	11.17	18.00
2024-09-05T08:17:18	-1032.12	3650.35	-3286.61	-17.41	10.89	18.11
2024-09-05T08:17:20	-1033.73	3651.36	-3294.47	-17.83	10.61	18.23
2024-09-05T08:17:22	-1035.34	3652.36	-3302.34	-18.26	10.31	18.35
2024-09-05T08:17:24	-1036.95	3653.36	-3310.20	-18.69	10.00	18.48
2024-09-05T08:17:26	-1038.55	3654.36	-3318.06	-19.13	9.69	18.62
2024-09-05T08:17:28	-1040.16	3655.36	-3325.91	-19.17	9.53	18.68
2024-09-05T08:17:30	-1041.77	3656.36	-3333.77	-19.09	9.40	18.70
2024-09-05T08:17:32	-1043.37	3657.35	-3341.62	-19.00	9.26	18.71
2024-09-05T08:17:34	-1044.98	3658.34	-3349.47	-18.90	9.13	18.69
2024-09-05T08:17:36	-1046.58	3659.33	-3357.32	-18.80	8.99	18.65
2024-09-05T08:17:38	-1048.19	3660.31	-3365.16	-18.69	8.86	18.60
2024-09-05T08:17:40	-1049.79	3661.30	-3373.00	-18.57	8.72	18.53
2024-09-05T08:17:42	-1051.39	3662.28	-3380.84	-18.38	8.65	18.48
2024-09-05T08:17:44	-1052.99	3663.25	-3388.68	-18.13	8.66	18.48
2024-09-05T08:17:46	-1054.59	3664.23	-3396.52	-17.88	8.69	18.48
2024-09-05T08:17:48	-1056.19	3665.20	-3404.35	-17.63	8.73	18.50
2024-09-05T08:17:50	-1057.79	3666.17	-3412.18	-17.38	8.78	18.53
2024-09-05T08:17:52	-1059.39	3667.14	-3420.01	-17.13	8.84	18.57
2024-09-05T08:17:54	-1060.99	3668.11	-3427.84	-16.88	8.92	18.62
2024-09-05T08:17:56	-1062.59	3669.07	-3435.66	-16.68	9.00	18.65
2024-09-05T08:17:58	-1064.18	3670.03	-3443.49	-16.76	9.01	18.64
2024-09-05T08:18:00	-1065.78	3670.99	-3451.31	-16.85	9.01	18.65
2024-09-05T08:18:02	-1067.37	3671.95	-3459.12	-16.96	9.01	18.68
2024-09-05T08:18:04	-1068.97	3672.90	-3466.94	-17.08	9.01	18.73
2024-09-05T08:18:06	-1070.56	3673.85	-3474.75	-17.22	9.00	18.78
2024-09-05T08:18:08	-1072.16	3674.80	-3482.57	-17.37	9.00	18.83
2024-09-05T08:18:10	-1073.75	3675.75	-3490.38	-17.53	9.01	18.91
2024-09-05T08:18:12	-1075.34	3676.69	-3498.18	-17.77	8.95	18.99
2024-09-05T08:18:14	-1076.93	3677.64	-3505.99	-18.00	8.88	19.06
2024-09-05T08:18:16	-1078.52	3678.58	-3513.79	-18.23	8.82	19.12
2024-09-05T08:18:18	-1080.11	3679.52	-3521.59	-18.44	8.75	19.16
2024-09-05T08:18:20	-1081.70	3680.45	-3529.39	-18.63	8.69	19.20
2024-09-05T08:18:22	-1083.29	3681.38	-3537.19	-18.81	8.62	19.22
2024-09-05T08:18:24	-1084.88	3682.32	-3544.98	-18.97	8.56	19.23
2024-09-05T08:18:26	-1086.46	3683.25	-3552.77	-18.98	8.46	19.15
2024-09-05T08:18:28	-1088.05	3684.17	-3560.56	-18.85	8.31	19.00
2024-09-05T08:18:30	-1089.63	3685.10	-3568.35	-18.72	8.15	18.85
2024-09-05T08:18:32	-1091.22	3686.02	-3576.13	-18.58	7.98	18.70
2024-09-05T08:18:34	-1092.80	3686.94	-3583.91	-18.43	7.80	18.54
2024-09-05T08:18:36	-1094.39	3687.86	-3591.69	-18.27	7.61	18.38
2024-09-05T08:18:38	-1095.97	3688.77	-3599.47	-18.11	7.40	18.22
2024-09-05T08:18:40	-1097.55	3689.68	-3607.25	-18.02	7.25	18.05
2024-09-05T08:18:42	-1099.13	3690.60	-3615.02	-18.26	7.37	17.85
2024-09-05T08:18:44	-1100.71	3691.50	-3622.79	-18.51	7.49	17.68
2024-09-05T08:18:46	-1102.29	3692.41	-3630.57	-18.77	7.61	17.53
2024-09-05T08:18:48	-1103.87	3693.31	-3638.33	-19.04	7.73	17.40
2024-09-05T08:18:50	-1105.45	3694.22	-3646.10	-19.32	7.85	17.30
2024-09-05T08:18:52	-1107.03	3695.12	-3653.86	-19.61	7.97	17.21
2024-09-05T08:18:54	-1108.61	3696.01	-3661.63	-19.90	8.08	17.15
2024-09-05T08:18:56	-1110.19	3696.91	-3669.38	-19.92	8.09	16.96
2024-09-05T08:18:58	-1111.76	3697.80	-3677.14	-19.91	8.07	16.71
2024-09-05T08:19:00	-1113.34	3698.70	-3684.90	-19.93	8.05	16.44
2024-09-05T08:19:02	-1114.91	3699.58	-3692.65	-19.96	8.02	16.15
2024-09-05T08:19:04	-1116.49	3700.47	-3700.40	-20.02	7.98	15.84
2024-09-05T08:19:06	-1118.06	3701.36	-3708.15	-20.11	7.94	15.52
2024-09-05T08:19:08	-1119.63	3702.24	-3715.89	-20.22	7.90	15.17
2024-09-05T08:19:10	-1121.21	3703.12	-3723.64	-20.20	7.81	15.01
2024-09-05T08:19:12	-1122.78	3704.00	-3731.38	-20.00	7.69	15.09
2024-09-05T08:19:14	-1124.35	3704.87	-3739.12	-19.80	7.58	15.17
2024-09-05T08:19:16	-1125.92	3705.75	-3746.86	-19.61	7.49	15.24
2024-09-05T08:19:18	-1127.49	3706.62	-3754.59	-19.40	7.42	15.32
2024-09-05T08:19:20	-1129.06	3707.49	-3762.33	-19.12	7.36	15.42
2024-09-05T08:19:22	-1130.63	3708.36	-3770.06	-18.85	7.30	15.50
2024-09-05T08:19:24	-1132.20	3709.23	-3777.79	-18.60	7.26	15.58
2024-09-05T08:19:26	-1133.76	3710.09	-3785.51	-18.55	7.34	15.54
2024-09-05T08:19:28	-1135.33	3710.95	-3793.24	-18.50	7.43	15.50
2024-09-05T08:19:30	-1136.90	3711.81	-3800.96	-18.46	7.50	15.46
2024-09-05T08:19:32	-1138.46	3712.67	-3808.68	-18.42	7.57	15.43
