Time	POS_X	POS_Y	POS_Z	B_X	B_Y	B_Z
2024-09-05T07:38:06	1157.16	-1700.05	5030.58	-14.60	23.93	3.63
2024-09-05T07:38:08	1155.60	-1693.56	5026.31	-14.46	23.78	3.27
2024-09-05T07:38:10	1154.04	-1687.07	5022.03	-14.23	23.65	2.91
2024-09-05T07:38:12	1152.48	-1680.57	5017.75	-14.00	23.54	2.51
2024-09-05T07:38:14	1150.92	-1674.08	5013.47	-13.78	23.46	2.09
2024-09-05T07:38:16	1149.36	-1667.59	5009.18	-13.57	23.42	1.65
2024-09-05T07:38:18	1147.80	-1661.09	5004.90	-13.37	23.41	1.20
2024-09-05T07:38:20	1146.24	-1654.60	5000.60	-13.22	23.67	0.85
2024-09-05T07:38:22	1144.68	-1648.10	4996.31	-13.13	23.93	0.55
2024-09-05T07:38:24	1143.11	-1641.60	4992.01	-13.11	24.19	0.31
2024-09-05T07:38:26	1141.55	-1635.10	4987.71	-13.16	24.43	0.11
2024-09-05T07:38:28	1139.99	-1628.60	4983.41	-13.29	24.67	-0.05
2024-09-05T07:38:30	1138.42	-1622.10	4979.11	-13.49	24.91	-0.16
2024-09-05T07:38:32	1136.86	-1615.60	4974.80	-13.77	25.12	-0.24
2024-09-05T07:38:34	1135.29	-1609.09	4970.48	-14.14	25.32	-0.33
2024-09-05T07:38:36	1133.72	-1602.59	4966.17	-14.49	25.42	-0.51
2024-09-05T07:38:38	1132.16	-1596.08	4961.85	-14.65	25.28	-0.73
2024-09-05T07:38:40	1130.59	-1589.58	4957.54	-14.81	25.11	-0.97
2024-09-05T07:38:42	1129.02	-1583.07	4953.21	-14.98	24.93	-1.23
2024-09-05T07:38:44	1127.45	-1576.56	4948.89	-15.16	24.72	-1.51
2024-09-05T07:38:46	1125.88	-1570.06	4944.56	-15.35	24.51	-1.80
2024-09-05T07:38:48	1124.31	-1563.55	4940.23	-15.56	24.28	-2.11
2024-09-05T07:38:50	1122.74	-1557.04	4935.89	-15.79	24.03	-2.43
2024-09-05T07:38:52	1121.17	-1550.52	4931.56	-16.03	23.78	-2.76
2024-09-05T07:38:54	1119.59	-1544.01	4927.22	-16.38	23.53	-3.10
2024-09-05T07:38:56	1118.02	-1537.50	4922.87	-16.81	23.28	-3.42
2024-09-05T07:38:58	1116.45	-1530.99	4918.53	-17.24	23.05	-3.69
2024-09-05T07:39:00	1114.87	-1524.47	4914.18	-17.67	22.85	-3.98
2024-09-05T07:39:02	1113.30	-1517.96	4909.83	-18.22	22.77	-4.43
2024-09-05T07:39:04	1111.72	-1511.44	4905.47	-18.81	22.73	-4.90
2024-09-05T07:39:06	1110.15	-1504.92	4901.11	-19.43	22.74	-5.37
2024-09-05T07:39:08	1108.57	-1498.40	4896.75	-20.09	22.80	-5.85
2024-09-05T07:39:10	1106.99	-1491.88	4892.39	-20.79	22.90	-6.32
2024-09-05T07:39:12	1105.42	-1485.36	4888.02	-21.75	23.18	-6.83
2024-09-05T07:39:14	1103.83	-1478.84	4883.65	-22.79	23.55	-7.37
2024-09-05T07:39:16	1102.26	-1472.32	4879.28	-23.77	23.90	-7.91
2024-09-05T07:39:18	1100.68	-1465.79	4874.90	-24.67	24.22	-8.45
2024-09-05T07:39:20	1099.10	-1459.27	4870.52	-25.51	24.51	-8.99
2024-09-05T07:39:22	1097.51	-1452.74	4866.14	-26.29	24.78	-9.52
2024-09-05T07:39:24	1095.93	-1446.22	4861.76	-27.03	25.04	-10.04
2024-09-05T07:39:26	1094.35	-1439.69	4857.37	-27.73	25.26	-10.55
2024-09-05T07:39:28	1092.77	-1433.16	4852.98	-28.36	25.32	-10.95
2024-09-05T07:39:30	1091.18	-1426.63	4848.58	-29.06	25.28	-11.35
2024-09-05T07:39:32	1089.60	-1420.10	4844.19	-29.85	25.23	-11.76
2024-09-05T07:39:34	1088.01	-1413.57	4839.78	-30.73	25.18	-12.16
2024-09-05T07:39:36	1086.42	-1407.04	4835.38	-31.70	25.11	-12.57
2024-09-05T07:39:38	1084.84	-1400.51	4830.97	-32.77	25.04	-13.00
2024-09-05T07:39:40	1083.25	-1393.97	4826.56	-33.94	24.95	-13.44
2024-09-05T07:39:42	1081.66	-1387.44	4822.15	-35.20	24.85	-13.91
2024-09-05T07:39:44	1080.07	-1380.91	4817.73	-36.56	24.73	-14.39
2024-09-05T07:39:46	1078.48	-1374.37	4813.31	-37.95	24.62	-14.92
2024-09-05T07:39:48	1076.89	-1367.83	4808.89	-39.05	24.58	-15.55
2024-09-05T07:39:50	1075.30	-1361.29	4804.47	-40.18	24.54	-16.21
2024-09-05T07:39:52	1073.71	-1354.75	4800.04	-41.35	24.51	-16.91
2024-09-05T07:39:54	1072.12	-1348.21	4795.61	-42.62	24.57	-17.63
2024-09-05T07:39:56	1070.53	-1341.67	4791.17	-43.81	24.59	-18.35
2024-09-05T07:39:58	1068.93	-1335.13	4786.73	-44.94	24.57	-19.08
2024-09-05T07:40:00	1067.34	-1328.59	4782.29	-45.99	24.54	-19.83
2024-09-05T07:40:02	1065.75	-1322.05	4777.85	-46.98	24.49	-20.63
2024-09-05T07:40:04	1064.15	-1315.50	4773.40	-47.82	24.50	-21.40
2024-09-05T07:40:06	1062.55	-1308.96	4768.95	-48.57	24.63	-22.09
2024-09-05T07:40:08	1060.96	-1302.41	4764.49	-49.40	24.82	-22.77
2024-09-05T07:40:10	1059.36	-1295.86	4760.03	-50.28	25.04	-23.43
2024-09-05T07:40:12	1057.76	-1289.32	4755.57	-51.24	25.29	-24.08
2024-09-05T07:40:14	1056.16	-1282.77	4751.11	-52.26	25.56	-24.71
2024-09-05T07:40:16	1054.56	-1276.22	4746.64	-53.36	25.84	-25.30
2024-09-05T07:40:18	1052.96	-1269.67	4742.17	-54.49	26.16	-25.95
2024-09-05T07:40:20	1051.36	-1263.11	4737.70	-55.60	26.57	-26.84
2024-09-05T07:40:22	1049.76	-1256.56	4733.22	-56.88	26.78	-27.65
2024-09-05T07:40:24	1048.16	-1250.01	4728.74	-58.22	26.83	-28.42
2024-09-05T07:40:26	1046.55	-1243.46	4724.25	-59.54	26.81	-29.22
2024-09-05T07:40:28	1044.95	-1236.90	4719.77	-60.85	26.69	-29.95
2024-09-05T07:40:30	1043.34	-1230.34	4715.28	-62.10	26.52	-30.62
2024-09-05T07:40:32	1041.74	-1223.79	4710.78	-63.29	26.34	-31.25
2024-09-05T07:40:34	1040.13	-1217.23	4706.28	-64.42	26.15	-31.84
2024-09-05T07:40:36	1038.52	-1210.67	4701.78	-65.48	25.95	-32.38
2024-09-05T07:40:38	1036.92	-1204.11	4697.28	-66.50	25.75	-32.87
2024-09-05T07:40:40	1035.31	-1197.55	4692.77	-67.60	25.79	-33.57
2024-09-05T07:40:42	1033.70	-1190.99	4688.26	-68.85	25.91	-34.22
2024-09-05T07:40:44	1032.09	-1184.43	4683.75	-70.23	26.10	-34.44
2024-09-05T07:40:46	1030.48	-1177.86	4679.23	-71.63	26.33	-34.45
2024-09-05T07:40:48	1028.87	-1171.30	4674.71	-73.00	26.58	-34.54
2024-09-05T07:40:50	1027.26	-1164.73	4670.18	-74.33	26.84	-34.70
2024-09-05T07:40:52	1025.64	-1158.17	4665.65	-75.61	27.10	-34.93
2024-09-05T07:40:54	1024.03	-1151.60	4661.12	-76.86	27.35	-35.25
2024-09-05T07:40:56	1022.42	-1145.04	4656.58	-78.05	27.52	-35.69
2024-09-05T07:40:58	1020.80	-1138.47	4652.05	-79.22	27.44	-36.29
2024-09-05T07:41:00	1019.19	-1131.90	4647.50	-80.34	27.31	-36.91
2024-09-05T07:41:02	1017.57	-1125.33	4642.96	-81.43	27.14	-37.54
2024-09-05T07:41:04	1015.96	-1118.76	4638.41	-82.46	26.96	-38.17
2024-09-05T07:41:06	1014.34	-1112.19	4633.86	-83.44	26.75	-38.79
2024-09-05T07:41:08	1012.72	-1105.61	4629.30	-84.36	26.55	-39.38
2024-09-05T07:41:10	1011.10	-1099.04	4624.74	-84.94	26.72	-40.32
2024-09-05T07:41:12	1009.48	-1092.47	4620.18	-85.56	26.99	-41.25
2024-09-05T07:41:14	1007.86	-1085.89	4615.61	-86.21	27.49	-42.18
2024-09-05T07:41:16	1006.24	-1079.31	4611.04	-86.89	28.05	-43.04
2024-09-05T07:41:18	1004.61	-1072.74	4606.46	-87.60	28.52	-43.82
2024-09-05T07:41:20	1002.99	-1066.16	4601.89	-88.33	28.90	-44.52
2024-09-05T07:41:22	1001.37	-1059.58	4597.31	-89.08	29.19	-45.15
2024-09-05T07:41:24	999.74	-1053.00	4592.72	-89.86	29.38	-45.72
2024-09-05T07:41:26	998.12	-1046.42	4588.13	-90.66	29.47	-46.23
2024-09-05T07:41:28	996.49	-1039.84	4583.54	-91.47	29.47	-46.70
2024-09-05T07:41:30	994.87	-1033.26	4578.95	-92.31	29.36	-47.13
2024-09-05T07:41:32	993.24	-1026.68	4574.35	-93.06	29.58	-47.66
2024-09-05T07:41:34	991.61	-1020.09	4569.74	-93.75	29.95	-48.12
2024-09-05T07:41:36	989.98	-1013.51	4565.14	-94.40	30.34	-48.53
2024-09-05T07:41:38	988.35	-1006.92	4560.53	-95.03	30.73	-48.94
2024-09-05T07:41:40	986.72	-1000.34	4555.91	-95.63	31.13	-49.39
2024-09-05T07:41:42	985.09	-993.75	4551.29	-96.21	31.45	-49.82
2024-09-05T07:41:44	983.46	-987.16	4546.67	-96.76	31.69	-50.24
2024-09-05T07:41:46	981.82	-980.57	4542.05	-97.26	31.86	-50.61
2024-09-05T07:41:48	980.19	-973.99	4537.42	-97.74	31.93	-50.99
2024-09-05T07:41:50	978.56	-967.40	4532.78	-98.41	31.89	-51.60
2024-09-05T07:41:52	976.92	-960.81	4528.15	-99.02	31.92	-52.20
2024-09-05T07:41:54	975.29	-954.21	4523.51	-99.61	32.02	-52.80
2024-09-05T07:41:56	973.65	-947.62	4518.86	-100.16	32.17	-53.41
2024-09-05T07:41:58	972.01	-941.03	4514.21	-100.72	32.36	-54.05
2024-09-05T07:42:00	970.37	-934.43	4509.56	-101.40	32.52	-54.78
2024-09-05T07:42:02	968.73	-927.84	4504.91	-102.03	32.65	-55.48
2024-09-05T07:42:04	967.09	-921.24	4500.25	-102.58	32.76	-56.13
2024-09-05T07:42:06	965.45	-914.65	4495.59	-102.97	32.81	-56.56
2024-09-05T07:42:08	963.81	-908.05	4490.92	-103.24	32.81	-56.81
2024-09-05T07:42:10	962.17	-901.45	4486.25	-103.52	32.78	-57.05
2024-09-05T07:42:12	960.53	-894.85	4481.57	-103.80	32.73	-57.29
2024-09-05T07:42:14	958.88	-888.25	4476.89	-104.08	32.65	-57.54
2024-09-05T07:42:16	957.24	-881.65	4472.21	-104.35	32.54	-57.80
2024-09-05T07:42:18	955.59	-875.05	4467.53	-104.62	32.40	-58.07
2024-09-05T07:42:20	953.95	-868.45	4462.84	-104.87	32.22	-58.36
2024-09-05T07:42:22	952.30	-861.85	4458.14	-105.11	32.01	-58.67
2024-09-05T07:42:24	950.65	-855.24	4453.44	-105.39	31.97	-59.15
2024-09-05T07:42:26	949.00	-848.64	4448.74	-105.68	31.95	-59.63
2024-09-05T07:42:28	947.35	-842.03	4444.04	-105.96	31.91	-60.09
2024-09-05T07:42:30	945.70	-835.43	4439.32	-106.24	31.87	-60.53
2024-09-05T07:42:32	944.05	-828.82	4434.61	-106.52	31.82	-60.94
2024-09-05T07:42:34	942.40	-822.21	4429.89	-106.78	31.76	-61.33
2024-09-05T07:42:36	940.75	-815.61	4425.17	-107.04	31.71	-61.69
2024-09-05T07:42:38	939.10	-809.00	4420.44	-107.28	31.67	-62.01
2024-09-05T07:42:40	937.44	-802.39	4415.71	-107.47	31.62	-62.31
2024-09-05T07:42:42	935.78	-795.78	4410.98	-107.46	31.54	-62.64
2024-09-05T07:42:44	934.13	-789.17	4406.24	-107.46	31.45	-62.98
2024-09-05T07:42:46	932.47	-782.55	4401.50	-107.44	31.36	-63.33
2024-09-05T07:42:48	930.81	-775.94	4396.75	-107.43	31.21	-63.70
2024-09-05T07:42:50	929.15	-769.33	4392.00	-107.44	31.05	-64.08
2024-09-05T07:42:52	927.50	-762.71	4387.25	-107.47	30.91	-64.47
2024-09-05T07:42:54	925.84	-756.10	4382.49	-107.52	30.78	-64.88
2024-09-05T07:42:56	924.17	-749.49	4377.73	-107.60	30.67	-65.31
2024-09-05T07:42:58	922.51	-742.87	4372.96	-107.73	30.64	-65.74
2024-09-05T07:43:00	920.85	-736.25	4368.19	-107.90	30.66	-66.15
2024-09-05T07:43:02	919.19	-729.64	4363.41	-108.06	30.67	-66.52
2024-09-05T07:43:04	917.52	-723.02	4358.64	-108.21	30.66	-66.86
2024-09-05T07:43:06	915.86	-716.40	4353.85	-108.36	30.64	-67.17
2024-09-05T07:43:08	914.19	-709.78	4349.06	-108.52	30.60	-67.44
2024-09-05T07:43:10	912.52	-703.16	4344.27	-108.69	30.55	-67.67
2024-09-05T07:43:12	910.86	-696.54	4339.48	-108.86	30.53	-67.95
2024-09-05T07:43:14	909.19	-689.91	4334.67	-109.03	30.53	-68.27
2024-09-05T07:43:16	907.52	-683.29	4329.87	-109.17	30.51	-68.68
2024-09-05T07:43:18	905.85	-676.67	4325.06	-109.32	30.47	-69.11
2024-09-05T07:43:20	904.18	-670.05	4320.25	-109.49	30.43	-69.53
2024-09-05T07:43:22	902.50	-663.42	4315.43	-109.66	30.37	-69.95
2024-09-05T07:43:24	900.83	-656.80	4310.61	-109.85	30.29	-70.36
2024-09-05T07:43:26	899.16	-650.17	4305.79	-110.05	30.21	-70.77
2024-09-05T07:43:28	897.48	-643.55	4300.95	-110.26	30.10	-71.18
2024-09-05T07:43:30	895.81	-636.92	4296.12	-110.49	29.98	-71.59
2024-09-05T07:43:32	894.13	-630.29	4291.28	-110.70	29.85	-71.98
2024-09-05T07:43:34	892.45	-623.66	4286.44	-110.82	29.75	-72.34
2024-09-05T07:43:36	890.78	-617.03	4281.59	-110.89	29.65	-72.71
2024-09-05T07:43:38	889.10	-610.40	4276.74	-110.97	29.54	-73.08
2024-09-05T07:43:40	887.42	-603.77	4271.88	-111.06	29.42	-73.46
2024-09-05T07:43:42	885.73	-597.14	4267.02	-111.16	29.29	-73.84
2024-09-05T07:43:44	884.05	-590.51	4262.16	-111.25	29.14	-74.22
2024-09-05T07:43:46	882.37	-583.88	4257.29	-111.35	28.98	-74.61
2024-09-05T07:43:48	880.69	-577.25	4252.41	-111.45	28.80	-74.99
2024-09-05T07:43:50	879.00	-570.61	4247.53	-111.61	28.63	-75.39
2024-09-05T07:43:52	877.32	-563.98	4242.65	-111.80	28.48	-75.79
2024-09-05T07:43:54	875.63	-557.34	4237.76	-112.00	28.33	-76.19
2024-09-05T07:43:56	873.94	-550.71	4232.87	-112.21	28.19	-76.59
2024-09-05T07:43:58	872.26	-544.07	4227.97	-112.44	28.07	-77.02
2024-09-05T07:44:00	870.57	-537.44	4223.07	-112.70	27.97	-77.52
2024-09-05T07:44:02	868.88	-530.80	4218.17	-112.93	27.87	-78.02
2024-09-05T07:44:04	867.19	-524.16	4213.26	-113.14	27.76	-78.52
2024-09-05T07:44:06	865.49	-517.52	4208.34	-113.33	27.65	-79.03
2024-09-05T07:44:08	863.80	-510.88	4203.42	-113.50	27.47	-79.52
2024-09-05T07:44:10	862.11	-504.25	4198.50	-113.68	27.27	-79.98
2024-09-05T07:44:12	860.41	-497.61	4193.57	-113.86	27.07	-80.42
2024-09-05T07:44:14	858.72	-490.96	4188.64	-114.04	26.85	-80.84
2024-09-05T07:44:16	857.02	-484.32	4183.70	-114.22	26.63	-81.24
2024-09-05T07:44:18	855.33	-477.68	4178.76	-114.41	26.40	-81.62
2024-09-05T07:44:20	853.63	-471.04	4173.81	-114.60	26.16	-81.98
2024-09-05T07:44:22	851.93	-464.40	4168.86	-114.82	25.96	-82.39
2024-09-05T07:44:24	850.23	-457.76	4163.90	-115.05	25.80	-82.88
2024-09-05T07:44:26	848.53	-451.11	4158.94	-115.23	25.64	-83.43
2024-09-05T07:44:28	846.83	-444.47	4153.97	-115.41	25.48	-83.95
2024-09-05T07:44:30	845.13	-437.82	4149.00	-115.58	25.31	-84.45
2024-09-05T07:44:32	843.42	-431.18	4144.03	-115.75	25.13	-84.94
2024-09-05T07:44:34	841.72	-424.53	4139.05	-115.92	24.95	-85.42
2024-09-05T07:44:36	840.01	-417.89	4134.06	-116.10	24.77	-85.90
2024-09-05T07:44:38	838.31	-411.24	4129.08	-116.29	24.58	-86.36
2024-09-05T07:44:40	836.60	-404.59	4124.08	-116.49	24.39	-86.83
2024-09-05T07:44:42	834.89	-397.94	4119.08	-116.68	24.23	-87.31
2024-09-05T07:44:44	833.18	-391.30	4114.08	-116.86	24.06	-87.80
2024-09-05T07:44:46	831.47	-384.65	4109.07	-117.01	23.85	-88.33
2024-09-05T07:44:48	829.76	-378.00	4104.05	-117.17	23.64	-88.84
2024-09-05T07:44:50	828.05	-371.35	4099.03	-117.33	23.42	-89.34
2024-09-05T07:44:52	826.33	-364.70	4094.01	-117.49	23.19	-89.84
2024-09-05T07:44:54	824.62	-358.05	4088.98	-117.65	22.96	-90.33
2024-09-05T07:44:56	822.90	-351.40	4083.95	-117.82	22.71	-90.81
2024-09-05T07:44:58	821.19	-344.75	4078.91	-117.99	22.46	-91.28
2024-09-05T07:45:00	819.47	-338.10	4073.87	-118.18	22.24	-91.74
2024-09-05T07:45:02	817.76	-331.44	4068.82	-118.37	22.03	-92.20
2024-09-05T07:45:04	816.04	-324.79	4063.77	-118.56	21.83	-92.67
2024-09-05T07:45:06	814.32	-318.14	4058.71	-118.76	21.63	-93.13
2024-09-05T07:45:08	812.60	-311.49	4053.65	-118.96	21.44	-93.61
2024-09-05T07:45:10	810.87	-304.83	4048.58	-119.15	21.24	-94.10
2024-09-05T07:45:12	809.15	-298.18	4043.51	-119.34	21.02	-94.59
2024-09-05T07:45:14	807.43	-291.52	4038.43	-119.51	20.78	-95.08
2024-09-05T07:45:16	805.70	-284.87	4033.34	-119.66	20.51	-95.57
2024-09-05T07:45:18	803.98	-278.21	4028.26	-119.80	20.23	-96.09
2024-09-05T07:45:20	802.25	-271.56	4023.16	-119.95	19.93	-96.61
2024-09-05T07:45:22	800.52	-264.90	4018.07	-120.11	19.64	-97.14
2024-09-05T07:45:24	798.80	-258.24	4012.96	-120.28	19.34	-97.67
2024-09-05T07:45:26	797.07	-251.59	4007.85	-120.45	19.03	-98.22
2024-09-05T07:45:28	795.34	-244.93	4002.74	-120.62	18.73	-98.76
2024-09-05T07:45:30	793.60	-238.27	3997.62	-120.81	18.43	-99.33
2024-09-05T07:45:32	791.87	-231.62	3992.49	-121.02	18.16	-99.90
2024-09-05T07:45:34	790.14	-224.96	3987.37	-121.22	17.86	-100.40
2024-09-05T07:45:36	788.40	-218.30	3982.23	-121.42	17.57	-100.90
2024-09-05T07:45:38	786.67	-211.64	3977.09	-121.61	17.27	-101.40
2024-09-05T07:45:40	784.93	-204.98	3971.95	-121.80	16.97	-101.91
2024-09-05T07:45:42	783.19	-198.32	3966.80	-121.99	16.67	-102.41
2024-09-05T07:45:44	781.45	-191.66	3961.64	-122.18	16.36	-102.91
2024-09-05T07:45:46	779.71	-185.01	3956.48	-122.37	16.05	-103.41
2024-09-05T07:45:48	777.97	-178.35	3951.31	-122.56	15.74	-103.90
2024-09-05T07:45:50	776.23	-171.69	3946.14	-122.75	15.43	-104.40
2024-09-05T07:45:52	774.49	-165.02	3940.97	-122.94	15.08	-104.94
2024-09-05T07:45:54	772.75	-158.37	3935.78	-123.13	14.71	-105.52
2024-09-05T07:45:56	771.00	-151.70	3930.60	-123.32	14.33	-106.10
2024-09-05T07:45:58	769.26	-145.04	3925.40	-123.51	13.94	-106.68
2024-09-05T07:46:00	767.51	-138.38	3920.20	-123.69	13.55	-107.25
2024-09-05T07:46:02	765.76	-131.72	3915.00	-123.86	13.15	-107.83
2024-09-05T07:46:04	764.01	-125.06	3909.79	-124.03	12.75	-108.40
2024-09-05T07:46:06	762.26	-118.40	3904.58	-124.19	12.34	-108.96
2024-09-05T07:46:08	760.51	-111.73	3899.36	-124.33	11.93	-109.53
2024-09-05T07:46:10	758.76	-105.07	3894.13	-124.45	11.53	-110.10
2024-09-05T07:46:12	757.01	-98.41	3888.90	-124.56	11.13	-110.68
2024-09-05T07:46:14	755.26	-91.75	3883.67	-124.69	10.74	-111.26
2024-09-05T07:46:16	753.50	-85.09	3878.42	-124.84	10.35	-111.83
2024-09-05T07:46:18	751.74	-78.42	3873.18	-125.00	9.97	-112.39
2024-09-05T07:46:20	749.99	-71.76	3867.92	-125.17	9.57	-112.95
2024-09-05T07:46:22	748.23	-65.10	3862.66	-125.35	9.17	-113.51
2024-09-05T07:46:24	746.47	-58.43	3857.40	-125.54	8.77	-114.05
2024-09-05T07:46:26	744.71	-51.77	3852.13	-125.74	8.34	-114.57
2024-09-05T07:46:28	742.95	-45.11	3846.85	-125.95	7.92	-115.09
2024-09-05T07:46:30	741.19	-38.44	3841.57	-126.15	7.48	-115.62
2024-09-05T07:46:32	739.42	-31.78	3836.29	-126.35	7.04	-116.15
2024-09-05T07:46:34	737.66	-25.12	3830.99	-126.54	6.59	-116.68
2024-09-05T07:46:36	735.89	-18.45	3825.70	-126.73	6.15	-117.25
2024-09-05T07:46:38	734.13	-11.79	3820.39	-126.92	5.70	-117.86
2024-09-05T07:46:40	732.36	-5.13	3815.08	-127.10	5.24	-118.47
2024-09-05T07:46:42	730.59	1.54	3809.77	-127.26	4.79	-119.06
2024-09-05T07:46:44	728.82	8.20	3804.45	-127.42	4.34	-119.65
2024-09-05T07:46:46	727.05	14.86	3799.12	-127.59	3.88	-120.24
2024-09-05T07:46:48	725.28	21.53	3793.79	-127.76	3.41	-120.84
2024-09-05T07:46:50	723.50	28.19	3788.45	-127.93	2.94	-121.43
2024-09-05T07:46:52	721.73	34.85	3783.10	-128.11	2.46	-122.03
2024-09-05T07:46:54	719.96	41.52	3777.75	-128.29	1.97	-122.63
2024-09-05T07:46:56	718.18	48.18	3772.40	-128.48	1.48	-123.23
2024-09-05T07:46:58	716.40	54.84	3767.04	-128.69	0.98	-123.83
2024-09-05T07:47:00	714.62	61.51	3761.67	-128.83	0.50	-124.38
2024-09-05T07:47:02	712.85	68.17	3756.29	-128.98	0.01	-124.93
2024-09-05T07:47:04	711.06	74.83	3750.92	-129.12	-0.49	-125.49
2024-09-05T07:47:06	709.28	81.50	3745.53	-129.26	-1.00	-126.06
2024-09-05T07:47:08	707.50	88.16	3740.14	-129.40	-1.51	-126.63
2024-09-05T07:47:10	705.72	94.82	3734.74	-129.54	-2.03	-127.22
2024-09-05T07:47:12	703.93	101.48	3729.34	-129.68	-2.56	-127.82
2024-09-05T07:47:14	702.14	108.15	3723.93	-129.82	-3.09	-128.42
2024-09-05T07:47:16	700.36	114.81	3718.51	-129.95	-3.64	-129.00
2024-09-05T07:47:18	698.57	121.47	3713.09	-130.08	-4.20	-129.58
2024-09-05T07:47:20	696.78	128.13	3707.67	-130.22	-4.78	-130.17
2024-09-05T07:47:22	694.99	134.79	3702.23	-130.36	-5.37	-130.76
2024-09-05T07:47:24	693.20	141.45	3696.79	-130.50	-5.96	-131.34
2024-09-05T07:47:26	691.41	148.12	3691.35	-130.64	-6.56	-131.92
2024-09-05T07:47:28	689.61	154.78	3685.89	-130.77	-7.16	-132.48
2024-09-05T07:47:30	687.82	161.44	3680.43	-130.90	-7.76	-133.05
2024-09-05T07:47:32	686.02	168.10	3674.97	-131.03	-8.37	-133.60
2024-09-05T07:47:34	684.22	174.76	3669.50	-131.14	-8.99	-134.12
2024-09-05T07:47:36	682.43	181.42	3664.02	-131.25	-9.62	-134.64
2024-09-05T07:47:38	680.63	188.08	3658.54	-131.34	-10.25	-135.16
2024-09-05T07:47:40	678.83	194.74	3653.05	-131.46	-10.89	-135.77
2024-09-05T07:47:42	677.02	201.40	3647.56	-131.59	-11.54	-136.42
2024-09-05T07:47:44	675.22	208.05	3642.06	-131.72	-12.20	-137.06
2024-09-05T07:47:46	673.42	214.71	3636.55	-131.86	-12.88	-137.70
2024-09-05T07:47:48	671.61	221.37	3631.03	-132.00	-13.57	-138.35
2024-09-05T07:47:50	669.81	228.03	3625.51	-132.14	-14.28	-138.98
2024-09-05T07:47:52	668.00	234.69	3619.99	-132.30	-14.97	-139.60
2024-09-05T07:47:54	666.19	241.34	3614.45	-132.45	-15.68	-140.21
2024-09-05T07:47:56	664.38	248.00	3608.92	-132.60	-16.39	-140.82
2024-09-05T07:47:58	662.57	254.66	3603.37	-132.75	-17.10	-141.41
2024-09-05T07:48:00	660.76	261.31	3597.82	-132.90	-17.82	-142.00
2024-09-05T07:48:02	658.95	267.97	3592.26	-133.05	-18.54	-142.61
2024-09-05T07:48:04	657.13	274.62	3586.69	-133.20	-19.27	-143.22
2024-09-05T07:48:06	655.32	281.27	3581.12	-133.35	-20.01	-143.84
2024-09-05T07:48:08	653.50	287.93	3575.54	-133.49	-20.77	-144.45
2024-09-05T07:48:10	651.68	294.58	3569.96	-133.64	-21.55	-145.07
2024-09-05T07:48:12	649.86	301.23	3564.37	-133.80	-22.34	-145.70
2024-09-05T07:48:14	648.04	307.88	3558.77	-133.96	-23.15	-146.34
2024-09-05T07:48:16	646.22	314.54	3553.17	-134.13	-23.96	-146.99
2024-09-05T07:48:18	644.40	321.19	3547.56	-134.30	-24.79	-147.64
2024-09-05T07:48:20	642.58	327.84	3541.94	-134.47	-25.62	-148.30
2024-09-05T07:48:22	640.75	334.49	3536.31	-134.63	-26.43	-148.97
2024-09-05T07:48:24	638.93	341.14	3530.68	-134.79	-27.25	-149.62
2024-09-05T07:48:26	637.10	347.78	3525.05	-134.93	-28.04	-150.19
2024-09-05T07:48:28	635.27	354.43	3519.40	-135.07	-28.83	-150.77
2024-09-05T07:48:30	633.44	361.08	3513.75	-135.21	-29.63	-151.34
2024-09-05T07:48:32	631.61	367.73	3508.09	-135.34	-30.44	-151.91
2024-09-05T07:48:34	629.78	374.37	3502.43	-135.47	-31.27	-152.47
2024-09-05T07:48:36	627.95	381.02	3496.76	-135.60	-32.11	-153.04
2024-09-05T07:48:38	626.11	387.66	3491.08	-135.72	-32.95	-153.60
2024-09-05T07:48:40	624.28	394.30	3485.40	-135.83	-33.81	-154.16
2024-09-05T07:48:42	622.44	400.95	3479.71	-135.97	-34.71	-154.86
2024-09-05T07:48:44	620.60	407.59	3474.01	-136.11	-35.62	-155.57
2024-09-05T07:48:46	618.76	414.23	3468.30	-136.24	-36.55	-156.28
2024-09-05T07:48:48	616.93	420.87	3462.59	-136.38	-37.49	-156.97
2024-09-05T07:48:50	615.08	427.51	3456.87	-136.51	-38.44	-157.65
2024-09-05T07:48:52	613.24	434.15	3451.15	-136.64	-39.40	-158.33
2024-09-05T07:48:54	611.40	440.79	3445.42	-136.77	-40.37	-158.99
2024-09-05T07:48:56	609.55	447.42	3439.68	-136.89	-41.36	-159.64
2024-09-05T07:48:58	607.71	454.06	3433.93	-137.01	-42.35	-160.29
2024-09-05T07:49:00	605.86	460.69	3428.18	-137.15	-43.32	-160.89
2024-09-05T07:49:02	604.01	467.33	3422.42	-137.34	-44.31	-161.57
2024-09-05T07:49:04	602.16	473.96	3416.65	-137.51	-45.31	-162.24
2024-09-05T07:49:06	600.31	480.59	3410.88	-137.68	-46.32	-162.89
2024-09-05T07:49:08	598.46	487.22	3405.10	-137.84	-47.34	-163.54
2024-09-05T07:49:10	596.61	493.86	3399.31	-137.99	-48.37	-164.18
2024-09-05T07:49:12	594.75	500.49	3393.51	-138.13	-49.41	-164.80
2024-09-05T07:49:14	592.90	507.11	3387.71	-138.25	-50.45	-165.40
2024-09-05T07:49:16	591.04	513.74	3381.90	-138.36	-51.50	-165.98
2024-09-05T07:49:18	589.18	520.37	3376.08	-138.43	-52.53	-166.52
2024-09-05T07:49:20	587.33	526.99	3370.26	-138.50	-53.58	-167.06
2024-09-05T07:49:22	585.46	533.62	3364.43	-138.61	-54.67	-167.66
2024-09-05T07:49:24	583.60	540.24	3358.59	-138.72	-55.77	-168.26
2024-09-05T07:49:26	581.74	546.86	3352.75	-138.83	-56.87	-168.85
2024-09-05T07:49:28	579.88	553.48	3346.89	-138.93	-57.99	-169.45
2024-09-05T07:49:30	578.01	560.10	3341.04	-139.03	-59.11	-170.04
2024-09-05T07:49:32	576.14	566.72	3335.17	-139.12	-60.25	-170.62
2024-09-05T07:49:34	574.28	573.33	3329.29	-139.20	-61.35	-171.17
2024-09-05T07:49:36	572.41	579.95	3323.41	-139.27	-62.44	-171.69
2024-09-05T07:49:38	570.54	586.56	3317.52	-139.34	-63.54	-172.19
2024-09-05T07:49:40	568.66	593.18	3311.63	-139.41	-64.66	-172.70
2024-09-05T07:49:42	566.79	599.79	3305.72	-139.50	-65.82	-173.25
2024-09-05T07:49:44	564.92	606.40	3299.81	-139.60	-66.99	-173.80
2024-09-05T07:49:46	563.04	613.01	3293.90	-139.69	-68.18	-174.34
2024-09-05T07:49:48	561.17	619.62	3287.97	-139.78	-69.37	-174.88
2024-09-05T07:49:50	559.29	626.22	3282.04	-139.87	-70.57	-175.40
2024-09-05T07:49:52	557.41	632.83	3276.10	-139.94	-71.74	-175.91
2024-09-05T07:49:54	555.53	639.43	3270.15	-140.02	-72.92	-176.40
2024-09-05T07:49:56	553.65	646.03	3264.19	-140.09	-74.12	-176.89
2024-09-05T07:49:58	551.77	652.63	3258.23	-140.16	-75.32	-177.37
2024-09-05T07:50:00	549.88	659.23	3252.26	-140.25	-76.57	-177.88
2024-09-05T07:50:02	548.00	665.83	3246.28	-140.34	-77.84	-178.39
2024-09-05T07:50:04	546.11	672.43	3240.30	-140.43	-79.12	-178.88
2024-09-05T07:50:06	544.22	679.02	3234.30	-140.50	-80.41	-179.37
2024-09-05T07:50:08	542.34	685.61	3228.30	-140.56	-81.69	-179.83
2024-09-05T07:50:10	540.45	692.21	3222.30	-140.59	-82.91	-180.25
2024-09-05T07:50:12	538.56	698.79	3216.28	-140.61	-84.14	-180.66
2024-09-05T07:50:14	536.66	705.38	3210.25	-140.63	-85.38	-181.07
2024-09-05T07:50:16	534.77	711.97	3204.23	-140.65	-86.62	-181.47
2024-09-05T07:50:18	532.87	718.55	3198.19	-140.67	-87.88	-181.89
2024-09-05T07:50:20	530.98	725.14	3192.14	-140.71	-89.18	-182.36
2024-09-05T07:50:22	529.08	731.72	3186.09	-140.75	-90.48	-182.81
2024-09-05T07:50:24	527.18	738.30	3180.02	-140.79	-91.80	-183.25
2024-09-05T07:50:26	525.28	744.88	3173.95	-140.83	-93.13	-183.65
2024-09-05T07:50:28	523.38	751.45	3167.88	-140.87	-94.47	-184.02
2024-09-05T07:50:30	521.48	758.03	3161.79	-140.91	-95.83	-184.38
2024-09-05T07:50:32	519.58	764.60	3155.70	-140.93	-97.19	-184.73
2024-09-05T07:50:34	517.67	771.17	3149.60	-140.95	-98.56	-185.06
2024-09-05T07:50:36	515.76	777.74	3143.49	-140.96	-99.93	-185.38
2024-09-05T07:50:38	513.86	784.30	3137.37	-141.00	-101.37	-185.74
2024-09-05T07:50:40	511.95	790.87	3131.25	-141.03	-102.82	-186.10
2024-09-05T07:50:42	510.04	797.43	3125.11	-141.06	-104.28	-186.45
2024-09-05T07:50:44	508.13	803.99	3118.97	-141.04	-105.69	-186.77
2024-09-05T07:50:46	506.21	810.55	3112.83	-141.01	-107.10	-187.08
2024-09-05T07:50:48	504.30	817.10	3106.67	-140.98	-108.53	-187.37
2024-09-05T07:50:50	502.38	823.66	3100.51	-140.94	-109.96	-187.66
2024-09-05T07:50:52	500.47	830.21	3094.33	-140.88	-111.40	-187.94
2024-09-05T07:50:54	498.55	836.76	3088.15	-140.82	-112.84	-188.20
2024-09-05T07:50:56	496.63	843.31	3081.97	-140.76	-114.34	-188.48
2024-09-05T07:50:58	494.71	849.85	3075.77	-140.69	-115.89	-188.76
2024-09-05T07:51:00	492.79	856.40	3069.56	-140.61	-117.43	-189.03
2024-09-05T07:51:02	490.87	862.94	3063.35	-140.49	-118.93	-189.28
2024-09-05T07:51:04	488.94	869.48	3057.13	-140.38	-120.45	-189.53
2024-09-05T07:51:06	487.02	876.01	3050.91	-140.25	-121.98	-189.77
2024-09-05T07:51:08	485.09	882.55	3044.67	-140.13	-123.52	-190.00
2024-09-05T07:51:10	483.17	889.08	3038.42	-140.00	-125.08	-190.22
2024-09-05T07:51:12	481.24	895.61	3032.17	-139.87	-126.65	-190.45
2024-09-05T07:51:14	479.31	902.14	3025.91	-139.75	-128.25	-190.68
2024-09-05T07:51:16	477.38	908.66	3019.64	-139.63	-129.93	-190.93
2024-09-05T07:51:18	475.44	915.18	3013.36	-139.48	-131.56	-191.13
2024-09-05T07:51:20	473.51	921.70	3007.08	-139.30	-133.14	-191.28
2024-09-05T07:51:22	471.57	928.22	3000.78	-139.10	-134.72	-191.40
2024-09-05T07:51:24	469.64	934.73	2994.48	-138.90	-136.30	-191.49
2024-09-05T07:51:26	467.70	941.25	2988.17	-138.69	-137.88	-191.58
2024-09-05T07:51:28	465.76	947.76	2981.85	-138.48	-139.47	-191.64
2024-09-05T07:51:30	463.82	954.26	2975.52	-138.27	-141.07	-191.69
2024-09-05T07:51:32	461.88	960.77	2969.19	-138.06	-142.70	-191.74
2024-09-05T07:51:34	459.94	967.27	2962.85	-137.89	-144.42	-191.83
2024-09-05T07:51:36	457.99	973.77	2956.49	-137.75	-146.11	-191.86
2024-09-05T07:51:38	456.05	980.27	2950.13	-137.61	-147.80	-191.87
2024-09-05T07:51:40	454.10	986.76	2943.76	-137.47	-149.49	-191.85
2024-09-05T07:51:42	452.15	993.25	2937.39	-137.32	-151.18	-191.82
2024-09-05T07:51:44	450.20	999.74	2931.00	-137.17	-152.87	-191.76
2024-09-05T07:51:46	448.25	1006.22	2924.61	-137.02	-154.57	-191.68
2024-09-05T07:51:48	446.30	1012.70	2918.21	-136.86	-156.27	-191.58
2024-09-05T07:51:50	444.35	1019.18	2911.80	-136.71	-158.01	-191.47
2024-09-05T07:51:52	442.39	1025.66	2905.38	-136.62	-159.82	-191.34
2024-09-05T07:51:54	440.44	1032.13	2898.95	-136.54	-161.55	-191.15
2024-09-05T07:51:56	438.48	1038.60	2892.51	-136.46	-163.26	-190.94
2024-09-05T07:51:58	436.52	1045.07	2886.07	-136.37	-164.97	-190.71
2024-09-05T07:52:00	434.56	1051.53	2879.61	-136.27	-166.68	-190.46
2024-09-05T07:52:02	432.60	1057.99	2873.15	-136.16	-168.39	-190.19
2024-09-05T07:52:04	430.64	1064.45	2866.68	-136.05	-170.10	-189.90
2024-09-05T07:52:06	428.68	1070.90	2860.20	-135.93	-171.81	-189.59
2024-09-05T07:52:08	426.71	1077.36	2853.71	-135.81	-173.57	-189.27
2024-09-05T07:52:10	424.75	1083.80	2847.22	-135.70	-175.39	-188.94
2024-09-05T07:52:12	422.78	1090.25	2840.71	-135.59	-177.13	-188.61
2024-09-05T07:52:14	420.81	1096.69	2834.20	-135.48	-178.85	-188.25
2024-09-05T07:52:16	418.85	1103.13	2827.68	-135.36	-180.58	-187.87
2024-09-05T07:52:18	416.87	1109.56	2821.15	-135.23	-182.30	-187.45
2024-09-05T07:52:20	414.90	1115.99	2814.61	-135.08	-184.00	-186.99
2024-09-05T07:52:22	412.93	1122.42	2808.06	-134.93	-185.70	-186.50
2024-09-05T07:52:24	410.96	1128.85	2801.50	-134.77	-187.39	-185.98
2024-09-05T07:52:26	408.98	1135.27	2794.94	-134.63	-189.15	-185.45
2024-09-05T07:52:28	407.00	1141.69	2788.36	-134.49	-190.95	-184.91
2024-09-05T07:52:30	405.03	1148.10	2781.78	-134.35	-192.70	-184.37
2024-09-05T07:52:32	403.05	1154.51	2775.19	-134.21	-194.46	-183.81
2024-09-05T07:52:34	401.07	1160.92	2768.59	-134.06	-196.22	-183.22
2024-09-05T07:52:36	399.08	1167.32	2761.98	-133.91	-197.98	-182.62
2024-09-05T07:52:38	397.10	1173.72	2755.36	-133.76	-199.74	-181.99
2024-09-05T07:52:40	395.12	1180.11	2748.73	-133.61	-201.50	-181.33
2024-09-05T07:52:42	393.13	1186.51	2742.10	-133.45	-203.25	-180.65
2024-09-05T07:52:44	391.14	1192.89	2735.45	-133.36	-205.09	-179.93
2024-09-05T07:52:46	389.16	1199.28	2728.80	-133.28	-206.88	-179.16
2024-09-05T07:52:48	387.17	1205.66	2722.13	-133.20	-208.55	-178.38
2024-09-05T07:52:50	385.18	1212.03	2715.46	-133.12	-210.23	-177.58
2024-09-05T07:52:52	383.18	1218.41	2708.78	-133.04	-211.91	-176.76
2024-09-05T07:52:54	381.19	1224.78	2702.10	-132.95	-213.60	-175.91
2024-09-05T07:52:56	379.20	1231.14	2695.40	-132.84	-215.29	-175.05
2024-09-05T07:52:58	377.20	1237.50	2688.69	-132.73	-216.98	-174.16
2024-09-05T07:53:00	375.21	1243.86	2681.97	-132.62	-218.72	-173.23
2024-09-05T07:53:02	373.21	1250.21	2675.25	-132.51	-220.51	-172.24
2024-09-05T07:53:04	371.21	1256.56	2668.52	-132.38	-222.26	-171.23
2024-09-05T07:53:06	369.21	1262.90	2661.77	-132.26	-223.94	-170.26
2024-09-05T07:53:08	367.21	1269.24	2655.02	-132.13	-225.62	-169.28
2024-09-05T07:53:10	365.21	1275.57	2648.26	-132.00	-227.31	-168.28
2024-09-05T07:53:12	363.20	1281.91	2641.49	-131.86	-229.02	-167.27
2024-09-05T07:53:14	361.20	1288.23	2634.71	-131.72	-230.73	-166.24
2024-09-05T07:53:16	359.19	1294.55	2627.93	-131.58	-232.45	-165.19
2024-09-05T07:53:18	357.18	1300.87	2621.13	-131.44	-234.34	-164.11
2024-09-05T07:53:20	355.18	1307.18	2614.33	-131.26	-236.21	-162.99
2024-09-05T07:53:22	353.17	1313.49	2607.51	-131.03	-238.04	-161.85
2024-09-05T07:53:24	351.16	1319.80	2600.69	-130.72	-239.74	-160.74
2024-09-05T07:53:26	349.14	1326.10	2593.85	-130.36	-241.40	-159.59
2024-09-05T07:53:28	347.13	1332.39	2587.01	-129.95	-243.01	-158.42
2024-09-05T07:53:30	345.12	1338.68	2580.16	-129.51	-244.59	-157.23
2024-09-05T07:53:32	343.10	1344.97	2573.30	-129.03	-246.15	-156.02
2024-09-05T07:53:34	341.08	1351.25	2566.43	-128.58	-247.73	-154.79
2024-09-05T07:53:36	339.06	1357.52	2559.56	-128.17	-249.34	-153.51
2024-09-05T07:53:38	337.05	1363.79	2552.67	-127.74	-250.95	-152.19
2024-09-05T07:53:40	335.03	1370.06	2545.77	-127.31	-252.53	-150.81
2024-09-05T07:53:42	333.00	1376.32	2538.87	-126.91	-253.96	-149.46
2024-09-05T07:53:44	330.98	1382.58	2531.95	-126.49	-255.35	-148.04
2024-09-05T07:53:46	328.96	1388.83	2525.03	-126.08	-256.70	-146.56
2024-09-05T07:53:48	326.93	1395.08	2518.10	-125.66	-258.01	-145.01
2024-09-05T07:53:50	324.91	1401.32	2511.16	-125.30	-259.36	-143.42
2024-09-05T07:53:52	322.88	1407.56	2504.21	-125.06	-260.88	-141.82
2024-09-05T07:53:54	320.85	1413.79	2497.24	-124.85	-262.43	-140.20
2024-09-05T07:53:56	318.82	1420.01	2490.28	-124.67	-264.00	-138.57
2024-09-05T07:53:58	316.79	1426.23	2483.30	-124.52	-265.60	-136.93
2024-09-05T07:54:00	314.76	1432.45	2476.31	-124.42	-267.21	-135.45
2024-09-05T07:54:02	312.73	1438.66	2469.31	-124.32	-268.80	-133.95
2024-09-05T07:54:04	310.69	1444.87	2462.31	-124.20	-270.37	-132.43
2024-09-05T07:54:06	308.66	1451.07	2455.29	-124.05	-271.90	-130.86
2024-09-05T07:54:08	306.62	1457.26	2448.27	-123.76	-273.36	-129.14
2024-09-05T07:54:10	304.58	1463.45	2441.24	-123.42	-274.78	-127.43
2024-09-05T07:54:12	302.54	1469.63	2434.20	-123.02	-276.16	-125.71
2024-09-05T07:54:14	300.50	1475.81	2427.14	-122.53	-277.48	-123.99
2024-09-05T07:54:16	298.46	1481.98	2420.08	-122.00	-278.78	-122.26
2024-09-05T07:54:18	296.42	1488.15	2413.01	-121.45	-280.01	-120.66
2024-09-05T07:54:20	294.38	1494.31	2405.93	-120.88	-281.20	-119.09
2024-09-05T07:54:22	292.33	1500.47	2398.84	-120.30	-282.37	-117.50
2024-09-05T07:54:24	290.29	1506.61	2391.75	-119.66	-283.68	-115.91
2024-09-05T07:54:26	288.24	1512.76	2384.64	-119.01	-284.98	-114.29
2024-09-05T07:54:28	286.19	1518.90	2377.52	-118.33	-286.26	-112.65
2024-09-05T07:54:30	284.15	1525.03	2370.40	-117.62	-287.54	-110.97
2024-09-05T07:54:32	282.10	1531.16	2363.27	-116.89	-288.80	-109.25
2024-09-05T07:54:34	280.05	1537.28	2356.12	-116.14	-290.05	-107.50
2024-09-05T07:54:36	277.99	1543.39	2348.97	-115.38	-291.25	-105.74
2024-09-05T07:54:38	275.94	1549.50	2341.81	-114.63	-292.32	-103.97
2024-09-05T07:54:40	273.89	1555.60	2334.64	-113.99	-293.45	-102.07
2024-09-05T07:54:42	271.83	1561.70	2327.46	-113.36	-294.60	-100.21
2024-09-05T07:54:44	269.78	1567.79	2320.27	-112.74	-295.75	-98.37
2024-09-05T07:54:46	267.72	1573.87	2313.07	-112.12	-296.90	-96.58
2024-09-05T07:54:48	265.66	1579.95	2305.86	-111.49	-298.03	-94.81
2024-09-05T07:54:50	263.60	1586.02	2298.65	-110.87	-299.15	-93.09
2024-09-05T07:54:52	261.54	1592.08	2291.42	-110.23	-300.25	-91.40
2024-09-05T07:54:54	259.48	1598.14	2284.18	-109.56	-301.31	-89.74
2024-09-05T07:54:56	257.42	1604.20	2276.94	-108.38	-302.36	-87.96
2024-09-05T07:54:58	255.36	1610.24	2269.69	-107.17	-303.37	-86.17
2024-09-05T07:55:00	253.29	1616.28	2262.42	-105.95	-304.34	-84.38
2024-09-05T07:55:02	251.23	1622.31	2255.15	-104.71	-305.27	-82.59
2024-09-05T07:55:04	249.16	1628.34	2247.87	-103.46	-306.17	-80.80
2024-09-05T07:55:06	247.09	1634.36	2240.58	-102.20	-307.04	-79.01
2024-09-05T07:55:08	245.03	1640.37	2233.28	-100.92	-307.88	-77.23
2024-09-05T07:55:10	242.96	1646.38	2225.97	-99.58	-308.72	-75.43
2024-09-05T07:55:12	240.89	1652.38	2218.66	-98.17	-309.76	-73.52
2024-09-05T07:55:14	238.82	1658.37	2211.33	-96.79	-310.75	-71.62
2024-09-05T07:55:16	236.75	1664.35	2203.99	-95.44	-311.62	-69.76
2024-09-05T07:55:18	234.67	1670.33	2196.65	-94.09	-312.36	-67.86
2024-09-05T07:55:20	232.60	1676.30	2189.29	-92.74	-312.96	-65.92
2024-09-05T07:55:22	230.52	1682.27	2181.93	-91.39	-313.42	-63.96
2024-09-05T07:55:24	228.45	1688.23	2174.56	-90.03	-313.75	-61.97
2024-09-05T07:55:26	226.37	1694.18	2167.18	-88.69	-313.96	-59.91
2024-09-05T07:55:28	224.29	1700.12	2159.79	-87.40	-314.16	-57.75
2024-09-05T07:55:30	222.22	1706.06	2152.39	-86.12	-314.39	-55.61
2024-09-05T07:55:32	220.14	1711.99	2144.98	-84.86	-314.63	-53.48
2024-09-05T07:55:34	218.06	1717.91	2137.56	-83.66	-315.05	-51.38
2024-09-05T07:55:36	215.98	1723.83	2130.13	-82.49	-315.45	-49.26
2024-09-05T07:55:38	213.89	1729.74	2122.70	-81.35	-315.80	-47.08
2024-09-05T07:55:40	211.81	1735.64	2115.25	-80.23	-316.10	-44.86
2024-09-05T07:55:42	209.73	1741.53	2107.80	-79.37	-316.51	-42.37
2024-09-05T07:55:44	207.64	1747.41	2100.34	-78.64	-316.93	-39.78
2024-09-05T07:55:46	205.56	1753.29	2092.87	-77.95	-317.28	-37.18
2024-09-05T07:55:48	203.47	1759.16	2085.39	-77.29	-317.55	-34.57
2024-09-05T07:55:50	201.38	1765.03	2077.89	-76.66	-317.74	-31.97
2024-09-05T07:55:52	199.30	1770.88	2070.40	-76.06	-317.88	-29.42
2024-09-05T07:55:54	197.21	1776.73	2062.89	-75.53	-318.19	-27.17
2024-09-05T07:55:56	195.12	1782.57	2055.37	-75.01	-318.50	-24.93
2024-09-05T07:55:58	193.03	1788.40	2047.85	-74.59	-318.74	-22.42
2024-09-05T07:56:00	190.93	1794.23	2040.31	-74.15	-318.90	-19.86
2024-09-05T07:56:02	188.84	1800.04	2032.77	-73.69	-318.97	-17.27
2024-09-05T07:56:04	186.75	1805.85	2025.22	-73.20	-318.94	-14.62
2024-09-05T07:56:06	184.66	1811.65	2017.66	-72.71	-318.80	-11.92
2024-09-05T07:56:08	182.56	1817.45	2010.09	-72.19	-318.55	-9.18
2024-09-05T07:56:10	180.47	1823.23	2002.51	-71.67	-318.19	-6.40
2024-09-05T07:56:12	178.37	1829.01	1994.92	-71.09	-317.85	-3.65
2024-09-05T07:56:14	176.28	1834.78	1987.32	-70.47	-317.60	-1.02
2024-09-05T07:56:16	174.18	1840.54	1979.72	-69.80	-317.34	1.58
2024-09-05T07:56:18	172.08	1846.29	1972.10	-69.09	-317.07	4.15
2024-09-05T07:56:20	169.98	1852.04	1964.48	-68.34	-316.77	6.70
2024-09-05T07:56:22	167.88	1857.77	1956.85	-67.56	-316.44	9.23
2024-09-05T07:56:24	165.78	1863.50	1949.21	-66.73	-316.06	11.74
2024-09-05T07:56:26	163.68	1869.22	1941.56	-65.88	-315.63	14.22
2024-09-05T07:56:28	161.58	1874.93	1933.90	-65.20	-315.12	16.86
2024-09-05T07:56:30	159.48	1880.63	1926.24	-64.55	-314.64	19.48
2024-09-05T07:56:32	157.37	1886.33	1918.56	-63.92	-314.24	22.03
2024-09-05T07:56:34	155.27	1892.02	1910.88	-63.32	-313.85	24.51
2024-09-05T07:56:36	153.16	1897.69	1903.19	-62.71	-313.34	26.99
2024-09-05T07:56:38	151.06	1903.36	1895.48	-62.07	-312.71	29.49
2024-09-05T07:56:40	148.95	1909.02	1887.77	-61.41	-311.96	32.00
2024-09-05T07:56:42	146.84	1914.67	1880.06	-60.79	-311.10	34.65
2024-09-05T07:56:44	144.74	1920.32	1872.33	-60.25	-310.23	37.37
2024-09-05T07:56:46	142.63	1925.95	1864.60	-59.72	-309.36	40.06
2024-09-05T07:56:48	140.52	1931.58	1856.85	-59.22	-308.49	42.71
2024-09-05T07:56:50	138.41	1937.19	1849.10	-58.73	-307.60	45.33
2024-09-05T07:56:52	136.30	1942.80	1841.34	-58.28	-306.76	47.86
2024-09-05T07:56:54	134.19	1948.40	1833.57	-57.83	-306.05	50.26
2024-09-05T07:56:56	132.08	1953.99	1825.79	-57.36	-305.30	52.68
2024-09-05T07:56:58	129.97	1959.57	1818.01	-56.83	-304.45	55.20
2024-09-05T07:57:00	127.86	1965.14	1810.21	-56.27	-303.56	57.72
2024-09-05T07:57:02	125.75	1970.71	1802.41	-55.69	-302.63	60.22
2024-09-05T07:57:04	123.63	1976.26	1794.60	-55.11	-301.65	62.70
2024-09-05T07:57:06	121.52	1981.80	1786.78	-54.52	-300.62	65.17
2024-09-05T07:57:08	119.41	1987.34	1778.96	-53.93	-299.56	67.61
2024-09-05T07:57:10	117.29	1992.87	1771.12	-53.34	-298.44	70.03
2024-09-05T07:57:12	115.18	1998.38	1763.28	-52.72	-297.18	72.67
2024-09-05T07:57:14	113.06	2003.89	1755.42	-52.22	-295.99	75.16
2024-09-05T07:57:16	110.94	2009.39	1747.56	-51.69	-294.77	77.62
2024-09-05T07:57:18	108.83	2014.88	1739.70	-51.13	-293.52	80.05
2024-09-05T07:57:20	106.71	2020.36	1731.82	-50.54	-292.24	82.44
2024-09-05T07:57:22	104.59	2025.83	1723.94	-49.93	-290.93	84.79
2024-09-05T07:57:24	102.48	2031.29	1716.04	-49.31	-289.59	87.10
2024-09-05T07:57:26	100.35	2036.75	1708.14	-48.74	-288.18	89.38
2024-09-05T07:57:28	98.24	2042.19	1700.24	-48.22	-286.73	91.66
2024-09-05T07:57:30	96.12	2047.62	1692.32	-47.70	-285.26	93.94
2024-09-05T07:57:32	94.00	2053.04	1684.39	-47.19	-283.76	96.20
2024-09-05T07:57:34	91.88	2058.46	1676.46	-46.68	-282.36	98.42
2024-09-05T07:57:36	89.76	2063.86	1668.52	-46.16	-281.03	100.57
2024-09-05T07:57:38	87.64	2069.25	1660.57	-45.62	-279.67	102.67
2024-09-05T07:57:40	85.51	2074.64	1652.62	-45.02	-278.23	104.80
2024-09-05T07:57:42	83.39	2080.01	1644.66	-44.35	-276.66	107.05
2024-09-05T07:57:44	81.27	2085.38	1636.68	-43.69	-275.06	109.28
2024-09-05T07:57:46	79.15	2090.73	1628.70	-43.05	-273.44	111.48
2024-09-05T07:57:48	77.02	2096.08	1620.72	-42.42	-271.80	113.66
2024-09-05T07:57:50	74.90	2101.41	1612.72	-41.83	-270.12	115.82
2024-09-05T07:57:52	72.78	2106.74	1604.72	-41.25	-268.42	117.95
2024-09-05T07:57:54	70.65	2112.05	1596.71	-40.69	-266.67	120.07
2024-09-05T07:57:56	68.53	2117.36	1588.69	-40.11	-264.95	122.08
2024-09-05T07:57:58	66.40	2122.65	1580.67	-39.52	-263.25	124.04
2024-09-05T07:58:00	64.28	2127.94	1572.64	-38.94	-261.53	125.97
2024-09-05T07:58:02	62.15	2133.21	1564.60	-38.35	-259.80	127.88
2024-09-05T07:58:04	60.03	2138.48	1556.55	-37.77	-258.06	129.75
2024-09-05T07:58:06	57.90	2143.73	1548.49	-37.18	-256.30	131.61
2024-09-05T07:58:08	55.78	2148.98	1540.43	-36.61	-254.52	133.44
2024-09-05T07:58:10	53.65	2154.21	1532.36	-36.10	-252.50	135.27
2024-09-05T07:58:12	51.53	2159.43	1524.29	-35.61	-250.47	137.06
2024-09-05T07:58:14	49.40	2164.65	1516.20	-35.12	-248.43	138.79
2024-09-05T07:58:16	47.27	2169.85	1508.11	-34.66	-246.38	140.48
2024-09-05T07:58:18	45.14	2175.05	1500.01	-34.21	-244.51	142.14
2024-09-05T07:58:20	43.02	2180.23	1491.91	-33.76	-242.65	143.76
2024-09-05T07:58:22	40.89	2185.40	1483.80	-33.30	-240.78	145.37
2024-09-05T07:58:24	38.76	2190.56	1475.68	-32.79	-238.80	147.17
2024-09-05T07:58:26	36.63	2195.71	1467.55	-32.27	-236.80	148.93
2024-09-05T07:58:28	34.51	2200.85	1459.42	-31.75	-234.78	150.65
2024-09-05T07:58:30	32.38	2205.98	1451.28	-31.24	-232.75	152.33
2024-09-05T07:58:32	30.25	2211.10	1443.13	-30.71	-230.70	153.98
2024-09-05T07:58:34	28.12	2216.21	1434.97	-30.19	-228.64	155.58
2024-09-05T07:58:36	26.00	2221.31	1426.81	-29.66	-226.56	157.15
2024-09-05T07:58:38	23.87	2226.40	1418.64	-29.18	-224.32	158.64
2024-09-05T07:58:40	21.74	2231.48	1410.47	-28.73	-222.21	160.08
2024-09-05T07:58:42	19.61	2236.54	1402.29	-28.28	-220.14	161.50
2024-09-05T07:58:44	17.48	2241.60	1394.10	-27.84	-218.07	162.91
2024-09-05T07:58:46	15.35	2246.64	1385.90	-27.40	-216.00	164.30
2024-09-05T07:58:48	13.22	2251.68	1377.70	-26.97	-213.92	165.69
2024-09-05T07:58:50	11.09	2256.70	1369.49	-26.55	-211.85	167.07
2024-09-05T07:58:52	8.97	2261.71	1361.28	-26.21	-209.60	168.43
2024-09-05T07:58:54	6.84	2266.72	1353.06	-25.85	-207.36	169.75
2024-09-05T07:58:56	4.71	2271.71	1344.83	-25.48	-205.13	171.03
2024-09-05T07:58:58	2.58	2276.69	1336.59	-25.10	-202.91	172.29
2024-09-05T07:59:00	0.45	2281.66	1328.35	-24.72	-200.70	173.50
2024-09-05T07:59:02	-1.68	2286.62	1320.11	-24.34	-198.55	174.70
2024-09-05T07:59:04	-3.81	2291.57	1311.85	-23.99	-196.47	175.88
2024-09-05T07:59:06	-5.94	2296.50	1303.59	-23.65	-194.24	177.00
2024-09-05T07:59:08	-8.06	2301.43	1295.33	-23.31	-192.02	178.10
2024-09-05T07:59:10	-10.19	2306.34	1287.05	-22.97	-189.82	179.17
2024-09-05T07:59:12	-12.32	2311.25	1278.77	-22.62	-187.63	180.22
2024-09-05T07:59:14	-14.45	2316.14	1270.49	-22.27	-185.45	181.25
2024-09-05T07:59:16	-16.58	2321.02	1262.20	-21.92	-183.28	182.25
2024-09-05T07:59:18	-18.71	2325.89	1253.90	-21.57	-181.09	183.23
2024-09-05T07:59:20	-20.84	2330.75	1245.60	-21.24	-178.75	184.16
2024-09-05T07:59:22	-22.96	2335.60	1237.29	-20.92	-176.42	185.06
2024-09-05T07:59:24	-25.09	2340.43	1228.98	-20.61	-174.10	185.93
2024-09-05T07:59:26	-27.22	2345.26	1220.66	-20.31	-171.89	186.81
2024-09-05T07:59:28	-29.35	2350.07	1212.33	-20.01	-169.72	187.69
2024-09-05T07:59:30	-31.47	2354.88	1204.00	-19.71	-167.57	188.55
2024-09-05T07:59:32	-33.60	2359.67	1195.66	-19.41	-165.40	189.38
2024-09-05T07:59:34	-35.73	2364.45	1187.32	-19.10	-163.16	190.17
2024-09-05T07:59:36	-37.85	2369.22	1178.97	-18.80	-160.93	190.94
2024-09-05T07:59:38	-39.98	2373.98	1170.61	-18.48	-158.70	191.70
2024-09-05T07:59:40	-42.11	2378.73	1162.25	-18.17	-156.47	192.43
2024-09-05T07:59:42	-44.23	2383.47	1153.89	-17.86	-154.25	193.15
2024-09-05T07:59:44	-46.36	2388.19	1145.52	-17.55	-152.03	193.84
2024-09-05T07:59:46	-48.49	2392.90	1137.14	-17.25	-149.76	194.48
2024-09-05T07:59:48	-50.61	2397.61	1128.76	-16.98	-147.44	195.04
2024-09-05T07:59:50	-52.74	2402.29	1120.37	-16.73	-145.23	195.61
2024-09-05T07:59:52	-54.86	2406.97	1111.98	-16.48	-143.09	196.17
2024-09-05T07:59:54	-56.99	2411.64	1103.58	-16.23	-140.97	196.71
2024-09-05T07:59:56	-59.11	2416.30	1095.18	-15.98	-138.86	197.22
2024-09-05T07:59:58	-61.23	2420.95	1086.77	-15.73	-136.78	197.71
2024-09-05T08:00:00	-63.36	2425.58	1078.36	-15.48	-134.62	198.14
2024-09-05T08:00:02	-65.48	2430.20	1069.94	-15.25	-132.42	198.53
2024-09-05T08:00:04	-67.61	2434.81	1061.51	-15.02	-130.24	198.92
2024-09-05T08:00:06	-69.73	2439.41	1053.08	-14.80	-128.08	199.30
2024-09-05T08:00:08	-71.85	2444.00	1044.65	-14.60	-125.95	199.67
2024-09-05T08:00:10	-73.97	2448.58	1036.21	-14.40	-123.83	200.04
2024-09-05T08:00:12	-76.09	2453.14	1027.77	-14.21	-121.73	200.41
2024-09-05T08:00:14	-78.22	2457.70	1019.32	-14.00	-119.58	200.67
2024-09-05T08:00:16	-80.34	2462.24	1010.87	-13.77	-117.47	200.92
2024-09-05T08:00:18	-82.46	2466.77	1002.41	-13.54	-115.39	201.16
2024-09-05T08:00:20	-84.58	2471.29	993.95	-13.31	-113.35	201.40
2024-09-05T08:00:22	-86.70	2475.80	985.48	-13.08	-111.34	201.63
2024-09-05T08:00:24	-88.82	2480.29	977.01	-12.85	-109.36	201.86
2024-09-05T08:00:26	-90.93	2484.78	968.54	-12.61	-107.41	202.08
2024-09-05T08:00:28	-93.05	2489.25	960.05	-12.40	-105.37	202.22
2024-09-05T08:00:30	-95.17	2493.71	951.57	-12.20	-103.34	202.35
2024-09-05T08:00:32	-97.29	2498.16	943.08	-12.01	-101.32	202.47
2024-09-05T08:00:34	-99.41	2502.60	934.59	-11.82	-99.31	202.57
2024-09-05T08:00:36	-101.52	2507.03	926.09	-11.65	-97.31	202.65
2024-09-05T08:00:38	-103.64	2511.45	917.59	-11.48	-95.32	202.73
2024-09-05T08:00:40	-105.75	2515.85	909.08	-11.31	-93.36	202.80
2024-09-05T08:00:42	-107.87	2520.24	900.57	-11.14	-91.42	202.82
2024-09-05T08:00:44	-109.98	2524.62	892.05	-10.97	-89.49	202.83
2024-09-05T08:00:46	-112.10	2528.99	883.54	-10.80	-87.59	202.82
2024-09-05T08:00:48	-114.21	2533.35	875.01	-10.64	-85.70	202.80
2024-09-05T08:00:50	-116.32	2537.70	866.49	-10.48	-83.84	202.76
2024-09-05T08:00:52	-118.44	2542.03	857.96	-10.33	-82.00	202.72
2024-09-05T08:00:54	-120.55	2546.36	849.42	-10.17	-80.12	202.64
2024-09-05T08:00:56	-122.66	2550.67	840.88	-10.00	-78.24	202.56
2024-09-05T08:00:58	-124.77	2554.97	832.34	-9.84	-76.37	202.47
2024-09-05T08:01:00	-126.88	2559.26	823.79	-9.69	-74.53	202.37
2024-09-05T08:01:02	-128.99	2563.53	815.24	-9.54	-72.71	202.27
2024-09-05T08:01:04	-131.10	2567.80	806.69	-9.39	-70.91	202.17
2024-09-05T08:01:06	-133.21	2572.06	798.13	-9.25	-69.13	202.08
2024-09-05T08:01:08	-135.32	2576.30	789.57	-9.07	-67.36	201.87
2024-09-05T08:01:10	-137.42	2580.53	781.01	-8.88	-65.60	201.67
2024-09-05T08:01:12	-139.53	2584.75	772.44	-8.70	-63.87	201.47
2024-09-05T08:01:14	-141.63	2588.96	763.87	-8.52	-62.15	201.27
2024-09-05T08:01:16	-143.74	2593.15	755.29	-8.35	-60.46	201.07
2024-09-05T08:01:18	-145.84	2597.34	746.72	-8.17	-58.79	200.88
2024-09-05T08:01:20	-147.95	2601.51	738.14	-8.01	-57.14	200.67
2024-09-05T08:01:22	-150.05	2605.67	729.55	-7.84	-55.47	200.39
2024-09-05T08:01:24	-152.15	2609.82	720.96	-7.66	-53.80	200.12
2024-09-05T08:01:26	-154.25	2613.96	712.37	-7.48	-52.14	199.84
2024-09-05T08:01:28	-156.36	2618.09	703.78	-7.29	-50.48	199.56
2024-09-05T08:01:30	-158.46	2622.20	695.18	-7.10	-48.82	199.27
2024-09-05T08:01:32	-160.56	2626.31	686.58	-6.91	-47.18	198.98
2024-09-05T08:01:34	-162.66	2630.40	677.98	-6.81	-45.62	198.68
2024-09-05T08:01:36	-164.75	2634.48	669.37	-6.75	-44.13	198.36
2024-09-05T08:01:38	-166.85	2638.55	660.76	-6.69	-42.65	198.04
2024-09-05T08:01:40	-168.95	2642.61	652.15	-6.61	-41.19	197.71
2024-09-05T08:01:42	-171.04	2646.66	643.54	-6.53	-39.74	197.37
2024-09-05T08:01:44	-173.14	2650.69	634.92	-6.44	-38.32	197.03
2024-09-05T08:01:46	-175.23	2654.72	626.30	-6.35	-36.92	196.69
2024-09-05T08:01:48	-177.33	2658.73	617.67	-6.28	-35.49	196.26
2024-09-05T08:01:50	-179.42	2662.73	609.05	-6.21	-34.08	195.85
2024-09-05T08:01:52	-181.51	2666.72	600.42	-6.14	-32.67	195.44
2024-09-05T08:01:54	-183.60	2670.70	591.79	-6.06	-31.26	195.04
2024-09-05T08:01:56	-185.69	2674.66	583.16	-5.98	-29.86	194.65
2024-09-05T08:01:58	-187.78	2678.62	574.52	-5.89	-28.47	194.28
2024-09-05T08:02:00	-189.87	2682.56	565.88	-5.80	-27.09	193.86
2024-09-05T08:02:02	-191.96	2686.50	557.24	-5.68	-25.72	193.34
2024-09-05T08:02:04	-194.05	2690.42	548.59	-5.55	-24.34	192.81
2024-09-05T08:02:06	-196.13	2694.33	539.95	-5.43	-22.97	192.28
2024-09-05T08:02:08	-198.22	2698.23	531.30	-5.31	-21.59	191.77
2024-09-05T08:02:10	-200.30	2702.11	522.65	-5.20	-20.21	191.27
2024-09-05T08:02:12	-202.39	2705.99	514.00	-5.10	-18.82	190.79
2024-09-05T08:02:14	-204.47	2709.85	505.35	-5.01	-17.56	190.35
2024-09-05T08:02:16	-206.55	2713.70	496.69	-4.92	-16.38	189.92
2024-09-05T08:02:18	-208.63	2717.55	488.03	-4.84	-15.22	189.49
2024-09-05T08:02:20	-210.71	2721.38	479.37	-4.77	-14.09	189.07
2024-09-05T08:02:22	-212.79	2725.20	470.71	-4.70	-12.99	188.64
2024-09-05T08:02:24	-214.87	2729.00	462.04	-4.62	-11.91	188.18
2024-09-05T08:02:26	-216.95	2732.80	453.38	-4.54	-10.83	187.69
2024-09-05T08:02:28	-219.02	2736.59	444.71	-4.40	-9.63	187.01
2024-09-05T08:02:30	-221.10	2740.36	436.04	-4.26	-8.46	186.35
2024-09-05T08:02:32	-223.17	2744.12	427.37	-4.08	-7.30	185.73
2024-09-05T08:02:34	-225.25	2747.88	418.69	-3.88	-6.14	185.13
2024-09-05T08:02:36	-227.32	2751.62	410.02	-3.70	-4.99	184.55
2024-09-05T08:02:38	-229.39	2755.35	401.34	-3.53	-3.86	183.99
2024-09-05T08:02:40	-231.47	2759.07	392.66	-3.40	-2.76	183.48
2024-09-05T08:02:42	-233.53	2762.77	383.98	-3.29	-1.68	182.99
2024-09-05T08:02:44	-235.60	2766.47	375.30	-3.21	-0.63	182.51
2024-09-05T08:02:46	-237.67	2770.15	366.61	-3.13	0.41	182.04
2024-09-05T08:02:48	-239.74	2773.83	357.93	-3.07	1.43	181.56
2024-09-05T08:02:50	-241.81	2777.49	349.24	-3.01	2.43	181.08
2024-09-05T08:02:52	-243.87	2781.15	340.56	-2.97	3.41	180.60
2024-09-05T08:02:54	-245.93	2784.79	331.87	-2.85	4.42	179.97
2024-09-05T08:02:56	-248.00	2788.41	323.18	-2.73	5.41	179.35
2024-09-05T08:02:58	-250.06	2792.04	314.49	-2.59	6.39	178.73
2024-09-05T08:03:00	-252.12	2795.64	305.80	-2.43	7.34	178.12
2024-09-05T08:03:02	-254.18	2799.24	297.10	-2.26	8.27	177.52
2024-09-05T08:03:04	-256.24	2802.83	288.41	-2.11	9.21	176.88
2024-09-05T08:03:06	-258.30	2806.40	279.71	-1.98	10.15	176.26
2024-09-05T08:03:08	-260.36	2809.97	271.01	-1.88	11.13	175.65
2024-09-05T08:03:10	-262.41	2813.52	262.31	-1.77	12.11	175.04
2024-09-05T08:03:12	-264.47	2817.07	253.62	-1.65	13.07	174.43
2024-09-05T08:03:14	-266.52	2820.60	244.92	-1.53	14.02	173.81
2024-09-05T08:03:16	-268.58	2824.12	236.21	-1.40	14.96	173.19
2024-09-05T08:03:18	-270.63	2827.63	227.51	-1.28	15.87	172.58
2024-09-05T08:03:20	-272.68	2831.13	218.81	-1.23	16.67	171.89
2024-09-05T08:03:22	-274.73	2834.62	210.10	-1.21	17.43	171.19
2024-09-05T08:03:24	-276.78	2838.10	201.40	-1.18	18.19	170.51
2024-09-05T08:03:26	-278.83	2841.56	192.69	-1.15	18.95	169.84
2024-09-05T08:03:28	-280.87	2845.02	183.99	-1.13	19.71	169.18
2024-09-05T08:03:30	-282.92	2848.47	175.28	-1.10	20.46	168.53
2024-09-05T08:03:32	-284.96	2851.90	166.57	-1.06	21.23	167.90
2024-09-05T08:03:34	-287.00	2855.33	157.87	-1.00	22.05	167.29
2024-09-05T08:03:36	-289.05	2858.74	149.16	-0.92	22.90	166.73
2024-09-05T08:03:38	-291.09	2862.15	140.45	-0.83	23.76	166.15
2024-09-05T08:03:40	-293.13	2865.54	131.74	-0.75	24.60	165.56
2024-09-05T08:03:42	-295.17	2868.92	123.03	-0.69	25.43	164.95
2024-09-05T08:03:44	-297.21	2872.29	114.32	-0.63	26.24	164.32
2024-09-05T08:03:46	-299.24	2875.66	105.61	-0.55	27.02	163.71
2024-09-05T08:03:48	-301.28	2879.01	96.89	-0.46	27.77	163.14
2024-09-05T08:03:50	-303.32	2882.35	88.18	-0.40	28.52	162.58
2024-09-05T08:03:52	-305.35	2885.68	79.47	-0.36	29.26	162.05
2024-09-05T08:03:54	-307.38	2889.00	70.76	-0.35	29.99	161.53
2024-09-05T08:03:56	-309.41	2892.31	62.04	-0.36	30.71	161.01
2024-09-05T08:03:58	-311.44	2895.61	53.33	-0.38	31.43	160.49
2024-09-05T08:04:00	-313.47	2898.90	44.62	-0.22	32.15	159.79
2024-09-05T08:04:02	-315.50	2902.18	35.91	-0.04	32.88	159.12
2024-09-05T08:04:04	-317.53	2905.45	27.19	0.17	33.62	158.47
2024-09-05T08:04:06	-319.55	2908.71	18.48	0.40	34.39	157.85
2024-09-05T08:04:08	-321.58	2911.95	9.76	0.67	35.17	157.28
2024-09-05T08:04:10	-323.60	2915.19	1.05	0.95	35.91	156.70
2024-09-05T08:04:12	-325.62	2918.42	-7.66	1.08	36.47	155.98
2024-09-05T08:04:14	-327.65	2921.64	-16.37	1.10	36.92	155.22
2024-09-05T08:04:16	-329.67	2924.85	-25.09	1.15	37.37	154.50
2024-09-05T08:04:18	-331.68	2928.04	-33.80	1.24	37.85	153.81
2024-09-05T08:04:20	-333.70	2931.23	-42.51	1.35	38.35	153.16
2024-09-05T08:04:22	-335.72	2934.41	-51.23	1.50	38.87	152.54
2024-09-05T08:04:24	-337.74	2937.57	-59.94	1.66	39.42	151.95
2024-09-05T08:04:26	-339.75	2940.73	-68.65	1.71	39.79	151.34
2024-09-05T08:04:28	-341.76	2943.88	-77.37	1.75	40.19	150.72
2024-09-05T08:04:30	-343.77	2947.02	-86.08	1.78	40.60	150.08
2024-09-05T08:04:32	-345.78	2950.14	-94.79	1.81	41.05	149.44
2024-09-05T08:04:34	-347.80	2953.26	-103.50	1.84	41.52	148.79
2024-09-05T08:04:36	-349.80	2956.37	-112.21	1.87	42.02	148.14
2024-09-05T08:04:38	-351.81	2959.47	-120.92	1.89	42.54	147.52
2024-09-05T08:04:40	-353.81	2962.56	-129.64	1.90	43.06	146.97
2024-09-05T08:04:42	-355.82	2965.63	-138.35	1.88	43.57	146.44
2024-09-05T08:04:44	-357.82	2968.70	-147.06	1.84	44.08	145.93
2024-09-05T08:04:46	-359.83	2971.76	-155.76	1.81	44.57	145.42
2024-09-05T08:04:48	-361.83	2974.81	-164.47	1.78	45.08	144.87
2024-09-05T08:04:50	-363.83	2977.85	-173.18	1.75	45.59	144.25
2024-09-05T08:04:52	-365.83	2980.88	-181.89	1.87	46.07	143.75
2024-09-05T08:04:54	-367.83	2983.90	-190.60	2.04	46.50	143.28
2024-09-05T08:04:56	-369.82	2986.91	-199.30	2.21	46.88	142.83
2024-09-05T08:04:58	-371.82	2989.91	-208.01	2.40	47.22	142.39
2024-09-05T08:05:00	-373.81	2992.90	-216.71	2.60	47.51	141.97
2024-09-05T08:05:02	-375.80	2995.88	-225.42	2.81	47.75	141.58
2024-09-05T08:05:04	-377.79	2998.86	-234.12	2.95	48.02	141.03
2024-09-05T08:05:06	-379.79	3001.82	-242.82	2.87	48.46	140.06
2024-09-05T08:05:08	-381.77	3004.77	-251.52	2.74	48.91	139.14
2024-09-05T08:05:10	-383.76	3007.72	-260.23	2.59	49.38	138.25
2024-09-05T08:05:12	-385.75	3010.65	-268.93	2.40	49.94	137.42
2024-09-05T08:05:14	-387.74	3013.58	-277.63	2.21	50.51	136.63
2024-09-05T08:05:16	-389.72	3016.49	-286.33	2.02	51.09	135.87
2024-09-05T08:05:18	-391.70	3019.40	-295.03	1.93	51.69	135.44
2024-09-05T08:05:20	-393.68	3022.30	-303.72	1.89	52.29	135.12
2024-09-05T08:05:22	-395.67	3025.19	-312.42	1.85	52.87	134.77
2024-09-05T08:05:24	-397.64	3028.06	-321.11	1.82	53.45	134.38
2024-09-05T08:05:26	-399.62	3030.93	-329.81	1.83	54.03	133.97
2024-09-05T08:05:28	-401.60	3033.79	-338.50	1.85	54.60	133.51
2024-09-05T08:05:30	-403.58	3036.64	-347.19	1.93	55.15	132.95
2024-09-05T08:05:32	-405.55	3039.49	-355.88	2.26	55.59	132.11
2024-09-05T08:05:34	-407.52	3042.32	-364.58	2.56	56.00	131.31
2024-09-05T08:05:36	-409.50	3045.14	-373.26	2.84	56.39	130.56
2024-09-05T08:05:38	-411.47	3047.96	-381.95	3.09	56.75	129.84
2024-09-05T08:05:40	-413.44	3050.76	-390.64	3.32	57.09	129.17
2024-09-05T08:05:42	-415.41	3053.56	-399.32	3.53	57.40	128.54
2024-09-05T08:05:44	-417.37	3056.35	-408.01	3.48	57.72	128.03
2024-09-05T08:05:46	-419.34	3059.13	-416.69	3.26	58.05	127.58
2024-09-05T08:05:48	-421.30	3061.90	-425.37	3.07	58.38	127.10
2024-09-05T08:05:50	-423.27	3064.66	-434.05	2.92	58.71	126.59
2024-09-05T08:05:52	-425.23	3067.41	-442.73	2.80	59.05	126.04
2024-09-05T08:05:54	-427.19	3070.15	-451.41	2.72	59.39	125.45
2024-09-05T08:05:56	-429.15	3072.89	-460.09	2.68	59.74	124.83
2024-09-05T08:05:58	-431.11	3075.62	-468.76	2.95	60.17	124.13
2024-09-05T08:06:00	-433.07	3078.33	-477.44	3.23	60.66	123.44
2024-09-05T08:06:02	-435.02	3081.04	-486.11	3.52	61.22	122.76
2024-09-05T08:06:04	-436.98	3083.74	-494.78	3.82	61.85	122.11
2024-09-05T08:06:06	-438.93	3086.43	-503.45	4.10	62.52	121.50
2024-09-05T08:06:08	-440.88	3089.12	-512.12	4.35	63.18	120.96
2024-09-05T08:06:10	-442.83	3091.79	-520.79	4.35	63.52	120.59
2024-09-05T08:06:12	-444.78	3094.45	-529.46	4.15	63.57	120.25
2024-09-05T08:06:14	-446.73	3097.11	-538.12	3.95	63.65	119.90
2024-09-05T08:06:16	-448.68	3099.76	-546.78	3.77	63.75	119.54
2024-09-05T08:06:18	-450.62	3102.40	-555.44	3.60	63.87	119.17
2024-09-05T08:06:20	-452.57	3105.03	-564.10	3.44	64.01	118.79
2024-09-05T08:06:22	-454.51	3107.65	-572.76	3.30	64.16	118.39
2024-09-05T08:06:24	-456.46	3110.27	-581.42	3.22	64.41	117.98
2024-09-05T08:06:26	-458.40	3112.87	-590.07	3.15	64.70	117.57
2024-09-05T08:06:28	-460.34	3115.47	-598.73	3.08	64.99	117.17
2024-09-05T08:06:30	-462.28	3118.06	-607.38	3.02	65.29	116.77
2024-09-05T08:06:32	-464.21	3120.64	-616.03	2.95	65.62	116.37
2024-09-05T08:06:34	-466.15	3123.22	-624.68	2.87	65.96	115.98
2024-09-05T08:06:36	-468.08	3125.78	-633.33	2.81	66.32	115.59
2024-09-05T08:06:38	-470.02	3128.34	-641.97	2.78	66.61	115.11
2024-09-05T08:06:40	-471.95	3130.89	-650.62	2.77	66.90	114.64
2024-09-05T08:06:42	-473.88	3133.43	-659.26	2.79	67.19	114.18
2024-09-05T08:06:44	-475.81	3135.96	-667.90	2.84	67.48	113.72
2024-09-05T08:06:46	-477.74	3138.48	-676.54	2.90	67.79	113.27
2024-09-05T08:06:48	-479.67	3141.00	-685.17	2.99	68.10	112.83
2024-09-05T08:06:50	-481.59	3143.51	-693.81	3.09	68.37	112.50
2024-09-05T08:06:52	-483.52	3146.00	-702.44	3.19	68.61	112.26
2024-09-05T08:06:54	-485.44	3148.50	-711.07	3.32	68.86	112.01
2024-09-05T08:06:56	-487.37	3150.98	-719.70	3.45	69.12	111.77
2024-09-05T08:06:58	-489.29	3153.46	-728.33	3.61	69.39	111.52
2024-09-05T08:07:00	-491.21	3155.92	-736.96	3.77	69.68	111.26
2024-09-05T08:07:02	-493.12	3158.38	-745.58	3.96	69.98	111.01
2024-09-05T08:07:04	-495.04	3160.84	-754.21	4.15	70.17	110.53
2024-09-05T08:07:06	-496.96	3163.28	-762.83	4.32	70.32	110.03
2024-09-05T08:07:08	-498.88	3165.72	-771.45	4.51	70.45	109.51
2024-09-05T08:07:10	-500.79	3168.15	-780.06	4.72	70.58	108.98
2024-09-05T08:07:12	-502.70	3170.57	-788.68	4.92	70.68	108.46
2024-09-05T08:07:14	-504.61	3172.98	-797.29	5.11	70.77	107.95
2024-09-05T08:07:16	-506.52	3175.38	-805.90	5.35	70.85	107.45
2024-09-05T08:07:18	-508.43	3177.78	-814.51	5.70	70.98	106.97
2024-09-05T08:07:20	-510.34	3180.17	-823.12	6.05	71.13	106.51
2024-09-05T08:07:22	-512.24	3182.56	-831.72	6.40	71.33	106.05
2024-09-05T08:07:24	-514.15	3184.93	-840.32	6.75	71.55	105.61
2024-09-05T08:07:26	-516.06	3187.30	-848.93	7.10	71.82	105.18
2024-09-05T08:07:28	-517.96	3189.66	-857.53	7.45	72.13	104.76
2024-09-05T08:07:30	-519.86	3192.01	-866.12	7.83	72.54	104.47
2024-09-05T08:07:32	-521.76	3194.36	-874.72	8.21	72.97	104.24
2024-09-05T08:07:34	-523.66	3196.69	-883.31	8.60	73.40	104.01
2024-09-05T08:07:36	-525.55	3199.02	-891.90	8.98	73.81	103.76
2024-09-05T08:07:38	-527.45	3201.35	-900.49	9.32	74.13	103.40
2024-09-05T08:07:40	-529.35	3203.66	-909.08	9.65	74.38	102.99
2024-09-05T08:07:42	-531.24	3205.97	-917.66	9.98	74.58	102.55
2024-09-05T08:07:44	-533.14	3208.27	-926.25	10.45	74.43	101.75
2024-09-05T08:07:46	-535.03	3210.56	-934.82	10.97	74.26	100.95
2024-09-05T08:07:48	-536.92	3212.85	-943.40	11.51	74.09	100.17
2024-09-05T08:07:50	-538.81	3215.13	-951.98	12.09	73.90	99.40
2024-09-05T08:07:52	-540.69	3217.40	-960.55	12.70	73.70	98.64
2024-09-05T08:07:54	-542.58	3219.66	-969.13	13.35	73.48	97.87
2024-09-05T08:07:56	-544.46	3221.92	-977.70	13.97	73.35	97.23
2024-09-05T08:07:58	-546.35	3224.17	-986.27	14.46	73.51	96.89
2024-09-05T08:08:00	-548.23	3226.41	-994.83	14.94	73.76	96.60
2024-09-05T08:08:02	-550.12	3228.65	-1003.39	15.42	74.09	96.37
2024-09-05T08:08:04	-551.99	3230.88	-1011.96	15.88	74.51	96.20
2024-09-05T08:08:06	-553.88	3233.10	-1020.51	16.32	75.02	96.11
2024-09-05T08:08:08	-555.75	3235.32	-1029.07	16.75	75.62	96.05
2024-09-05T08:08:10	-557.63	3237.52	-1037.62	17.09	75.97	95.81
2024-09-05T08:08:12	-559.50	3239.72	-1046.18	17.37	76.16	95.50
2024-09-05T08:08:14	-561.38	3241.92	-1054.73	17.63	76.34	95.17
2024-09-05T08:08:16	-563.25	3244.10	-1063.27	17.89	76.52	94.82
2024-09-05T08:08:18	-565.13	3246.28	-1071.82	18.14	76.69	94.45
2024-09-05T08:08:20	-567.00	3248.46	-1080.36	18.37	76.86	94.04
2024-09-05T08:08:22	-568.87	3250.62	-1088.91	18.60	77.04	93.60
2024-09-05T08:08:24	-570.73	3252.78	-1097.44	18.82	76.76	92.81
2024-09-05T08:08:26	-572.60	3254.94	-1105.98	19.03	76.44	91.97
2024-09-05T08:08:28	-574.47	3257.08	-1114.51	19.23	76.12	91.11
2024-09-05T08:08:30	-576.33	3259.22	-1123.04	19.40	75.75	90.24
2024-09-05T08:08:32	-578.20	3261.35	-1131.57	19.56	75.44	89.42
2024-09-05T08:08:34	-580.06	3263.48	-1140.10	19.73	75.18	88.66
2024-09-05T08:08:36	-581.92	3265.60	-1148.63	19.93	75.04	88.04
2024-09-05T08:08:38	-583.78	3267.71	-1157.15	20.25	75.19	87.72
2024-09-05T08:08:40	-585.64	3269.81	-1165.67	20.54	75.31	87.42
2024-09-05T08:08:42	-587.50	3271.91	-1174.19	20.81	75.39	87.14
2024-09-05T08:08:44	-589.35	3274.01	-1182.70	21.05	75.45	86.85
2024-09-05T08:08:46	-591.21	3276.09	-1191.22	21.27	75.47	86.57
2024-09-05T08:08:48	-593.06	3278.17	-1199.73	21.47	75.44	86.28
2024-09-05T08:08:50	-594.92	3280.25	-1208.23	21.50	75.05	85.72
2024-09-05T08:08:52	-596.77	3282.31	-1216.74	21.40	74.32	84.87
2024-09-05T08:08:54	-598.62	3284.37	-1225.24	21.32	73.55	83.97
2024-09-05T08:08:56	-600.47	3286.43	-1233.74	21.24	72.75	83.02
2024-09-05T08:08:58	-602.32	3288.47	-1242.24	21.17	71.92	82.01
2024-09-05T08:09:00	-604.16	3290.51	-1250.74	21.12	71.05	80.94
2024-09-05T08:09:02	-606.01	3292.55	-1259.23	21.07	70.15	79.81
2024-09-05T08:09:04	-607.85	3294.58	-1267.72	21.07	69.91	79.29
2024-09-05T08:09:06	-609.70	3296.60	-1276.21	21.08	69.87	79.00
2024-09-05T08:09:08	-611.54	3298.61	-1284.70	21.07	69.86	78.75
2024-09-05T08:09:10	-613.38	3300.62	-1293.18	20.99	69.89	78.55
2024-09-05T08:09:12	-615.22	3302.63	-1301.67	20.79	69.92	78.36
2024-09-05T08:09:14	-617.06	3304.62	-1310.15	20.52	69.94	78.17
2024-09-05T08:09:16	-618.90	3306.61	-1318.62	20.20	69.93	77.96
2024-09-05T08:09:18	-620.73	3308.60	-1327.10	19.78	69.47	77.15
2024-09-05T08:09:20	-622.57	3310.58	-1335.57	19.31	68.94	76.30
2024-09-05T08:09:22	-624.40	3312.55	-1344.04	18.80	68.34	75.43
2024-09-05T08:09:24	-626.24	3314.52	-1352.50	18.28	67.62	74.55
2024-09-05T08:09:26	-628.07	3316.48	-1360.97	17.85	66.69	73.67
2024-09-05T08:09:28	-629.90	3318.43	-1369.43	17.46	65.72	72.80
2024-09-05T08:09:30	-631.73	3320.38	-1377.89	17.20	64.72	71.99
2024-09-05T08:09:32	-633.56	3322.32	-1386.35	17.20	63.80	71.30
2024-09-05T08:09:34	-635.38	3324.26	-1394.80	17.20	62.92	70.62
2024-09-05T08:09:36	-637.21	3326.19	-1403.25	17.20	62.06	69.95
2024-09-05T08:09:38	-639.04	3328.11	-1411.70	17.18	61.24	69.30
2024-09-05T08:09:40	-640.86	3330.03	-1420.15	17.16	60.44	68.68
2024-09-05T08:09:42	-642.68	3331.94	-1428.59	17.12	59.67	68.10
2024-09-05T08:09:44	-644.50	3333.85	-1437.04	16.72	58.91	67.35
2024-09-05T08:09:46	-646.32	3335.75	-1445.47	16.04	58.19	66.46
2024-09-05T08:09:48	-648.14	3337.64	-1453.91	15.39	57.53	65.64
2024-09-05T08:09:50	-649.96	3339.53	-1462.35	14.79	56.94	64.87
2024-09-05T08:09:52	-651.78	3341.41	-1470.78	14.22	56.42	64.16
2024-09-05T08:09:54	-653.59	3343.29	-1479.21	13.70	55.98	63.49
2024-09-05T08:09:56	-655.41	3345.16	-1487.63	13.22	55.63	62.87
2024-09-05T08:09:58	-657.22	3347.03	-1496.06	12.90	54.96	62.28
2024-09-05T08:10:00	-659.03	3348.89	-1504.48	12.61	54.14	61.66
2024-09-05T08:10:02	-660.84	3350.74	-1512.90	12.32	53.28	61.01
2024-09-05T08:10:04	-662.66	3352.59	-1521.31	12.03	52.37	60.31
2024-09-05T08:10:06	-664.46	3354.44	-1529.73	11.72	51.43	59.57
2024-09-05T08:10:08	-666.27	3356.27	-1538.14	11.42	50.43	58.76
2024-09-05T08:10:10	-668.08	3358.11	-1546.55	11.11	49.38	57.88
2024-09-05T08:10:12	-669.88	3359.93	-1554.95	10.72	48.54	57.20
2024-09-05T08:10:14	-671.69	3361.75	-1563.36	10.09	47.69	56.55
2024-09-05T08:10:16	-673.49	3363.57	-1571.76	9.42	46.79	55.93
2024-09-05T08:10:18	-675.29	3365.38	-1580.16	8.70	45.86	55.34
2024-09-05T08:10:20	-677.10	3367.18	-1588.55	7.93	44.89	54.78
2024-09-05T08:10:22	-678.90	3368.98	-1596.95	7.11	43.87	54.25
2024-09-05T08:10:24	-680.69	3370.77	-1605.34	6.25	42.97	53.83
2024-09-05T08:10:26	-682.49	3372.56	-1613.72	5.59	43.11	53.99
2024-09-05T08:10:28	-684.29	3374.35	-1622.11	5.00	43.26	54.09
2024-09-05T08:10:30	-686.08	3376.12	-1630.49	4.45	43.39	54.11
2024-09-05T08:10:32	-687.88	3377.89	-1638.87	3.94	43.52	54.04
2024-09-05T08:10:34	-689.67	3379.66	-1647.25	3.46	43.62	53.90
2024-09-05T08:10:36	-691.47	3381.42	-1655.63	3.01	43.71	53.68
2024-09-05T08:10:38	-693.26	3383.18	-1664.00	2.43	43.45	53.11
2024-09-05T08:10:40	-695.05	3384.93	-1672.37	1.59	42.48	51.96
2024-09-05T08:10:42	-696.84	3386.68	-1680.74	0.81	41.59	50.84
2024-09-05T08:10:44	-698.62	3388.42	-1689.10	0.07	40.77	49.75
2024-09-05T08:10:46	-700.41	3390.15	-1697.46	-0.63	40.03	48.70
2024-09-05T08:10:48	-702.20	3391.88	-1705.82	-1.29	39.37	47.69
2024-09-05T08:10:50	-703.98	3393.60	-1714.18	-1.91	38.79	46.73
2024-09-05T08:10:52	-705.77	3395.32	-1722.53	-2.31	38.17	45.87
2024-09-05T08:10:54	-707.55	3397.04	-1730.88	-2.49	37.41	45.10
2024-09-05T08:10:56	-709.33	3398.75	-1739.23	-2.70	36.58	44.38
2024-09-05T08:10:58	-711.11	3400.45	-1747.58	-2.92	35.69	43.70
2024-09-05T08:11:00	-712.89	3402.15	-1755.92	-3.15	34.73	43.06
2024-09-05T08:11:02	-714.67	3403.84	-1764.26	-3.39	33.69	42.46
2024-09-05T08:11:04	-716.45	3405.53	-1772.60	-3.62	32.58	41.88
2024-09-05T08:11:06	-718.22	3407.22	-1780.94	-3.75	31.83	41.41
2024-09-05T08:11:08	-720.00	3408.89	-1789.27	-3.77	31.36	40.98
2024-09-05T08:11:10	-721.77	3410.57	-1797.60	-3.73	30.92	40.54
2024-09-05T08:11:12	-723.54	3412.24	-1805.93	-3.63	30.51	40.10
2024-09-05T08:11:14	-725.31	3413.90	-1814.25	-3.47	30.12	39.66
2024-09-05T08:11:16	-727.09	3415.56	-1822.58	-3.27	29.76	39.21
2024-09-05T08:11:18	-728.85	3417.22	-1830.90	-3.07	29.42	38.76
2024-09-05T08:11:20	-730.62	3418.86	-1839.22	-3.47	28.95	38.25
2024-09-05T08:11:22	-732.39	3420.51	-1847.53	-4.08	28.49	37.72
2024-09-05T08:11:24	-734.16	3422.15	-1855.84	-4.68	28.10	37.20
2024-09-05T08:11:26	-735.92	3423.78	-1864.15	-5.29	27.77	36.69
2024-09-05T08:11:28	-737.69	3425.41	-1872.46	-5.89	27.49	36.19
2024-09-05T08:11:30	-739.45	3427.04	-1880.76	-6.49	27.28	35.71
2024-09-05T08:11:32	-741.21	3428.66	-1889.07	-7.09	27.11	35.27
2024-09-05T08:11:34	-742.98	3430.27	-1897.36	-7.75	26.64	35.02
2024-09-05T08:11:36	-744.74	3431.88	-1905.66	-8.39	26.14	34.79
2024-09-05T08:11:38	-746.50	3433.49	-1913.96	-9.01	25.64	34.56
2024-09-05T08:11:40	-748.25	3435.09	-1922.25	-9.59	25.16	34.34
2024-09-05T08:11:42	-750.01	3436.68	-1930.53	-10.13	24.67	34.11
2024-09-05T08:11:44	-751.77	3438.28	-1938.82	-10.65	24.19	33.88
2024-09-05T08:11:46	-753.52	3439.86	-1947.10	-11.14	23.69	33.64
2024-09-05T08:11:48	-755.28	3441.45	-1955.38	-11.41	23.09	32.93
2024-09-05T08:11:50	-757.03	3443.02	-1963.66	-11.65	22.48	32.22
2024-09-05T08:11:52	-758.78	3444.60	-1971.94	-11.89	21.87	31.50
2024-09-05T08:11:54	-760.53	3446.17	-1980.21	-12.13	21.26	30.80
2024-09-05T08:11:56	-762.28	3447.73	-1988.48	-12.36	20.65	30.11
2024-09-05T08:11:58	-764.03	3449.29	-1996.75	-12.59	20.05	29.44
2024-09-05T08:12:00	-765.78	3450.84	-2005.01	-12.79	19.45	28.83
2024-09-05T08:12:02	-767.53	3452.40	-2013.28	-12.59	19.12	28.80
2024-09-05T08:12:04	-769.27	3453.94	-2021.54	-12.40	18.81	28.73
2024-09-05T08:12:06	-771.02	3455.48	-2029.79	-12.24	18.54	28.64
2024-09-05T08:12:08	-772.76	3457.02	-2038.05	-12.09	18.31	28.52
2024-09-05T08:12:10	-774.50	3458.55	-2046.30	-11.95	18.11	28.38
2024-09-05T08:12:12	-776.25	3460.08	-2054.55	-11.82	17.96	28.21
2024-09-05T08:12:14	-777.99	3461.60	-2062.79	-11.70	17.79	28.00
2024-09-05T08:12:16	-779.73	3463.12	-2071.04	-11.57	17.21	27.68
2024-09-05T08:12:18	-781.47	3464.64	-2079.28	-11.44	16.63	27.38
2024-09-05T08:12:20	-783.21	3466.15	-2087.52	-11.30	16.05	27.10
2024-09-05T08:12:22	-784.94	3467.65	-2095.75	-11.15	15.48	26.81
2024-09-05T08:12:24	-786.68	3469.16	-2103.99	-11.01	14.93	26.52
2024-09-05T08:12:26	-788.41	3470.65	-2112.22	-10.86	14.38	26.23
2024-09-05T08:12:28	-790.15	3472.15	-2120.44	-10.88	13.99	26.04
2024-09-05T08:12:30	-791.88	3473.64	-2128.67	-11.53	14.29	26.16
2024-09-05T08:12:32	-793.61	3475.12	-2136.89	-12.18	14.58	26.26
2024-09-05T08:12:34	-795.34	3476.60	-2145.11	-12.83	14.84	26.33
2024-09-05T08:12:36	-797.07	3478.08	-2153.33	-13.47	15.08	26.38
2024-09-05T08:12:38	-798.80	3479.55	-2161.54	-14.12	15.30	26.41
2024-09-05T08:12:40	-800.53	3481.02	-2169.76	-14.76	15.50	26.41
2024-09-05T08:12:42	-802.26	3482.48	-2177.97	-15.32	15.68	26.30
2024-09-05T08:12:44	-803.98	3483.94	-2186.17	-15.61	15.91	25.84
2024-09-05T08:12:46	-805.71	3485.39	-2194.38	-15.92	16.17	25.37
2024-09-05T08:12:48	-807.44	3486.84	-2202.58	-16.16	16.39	24.88
2024-09-05T08:12:50	-809.16	3488.29	-2210.78	-16.41	16.64	24.42
2024-09-05T08:12:52	-810.88	3489.73	-2218.98	-16.67	16.95	23.99
2024-09-05T08:12:54	-812.60	3491.17	-2227.17	-16.95	17.30	23.60
2024-09-05T08:12:56	-814.32	3492.61	-2235.36	-17.07	17.53	23.33
2024-09-05T08:12:58	-816.04	3494.04	-2243.55	-16.70	17.29	23.31
2024-09-05T08:13:00	-817.76	3495.46	-2251.74	-16.33	17.10	23.29
2024-09-05T08:13:02	-819.48	3496.89	-2259.92	-15.96	16.95	23.26
2024-09-05T08:13:04	-821.19	3498.31	-2268.10	-15.60	16.84	23.22
2024-09-05T08:13:06	-822.91	3499.72	-2276.28	-15.23	16.76	23.16
2024-09-05T08:13:08	-824.62	3501.13	-2284.45	-14.86	16.72	23.09
2024-09-05T08:13:10	-826.34	3502.54	-2292.63	-14.57	16.51	22.98
2024-09-05T08:13:12	-828.05	3503.94	-2300.80	-14.51	15.77	22.77
2024-09-05T08:13:14	-829.76	3505.34	-2308.97	-14.45	15.03	22.56
2024-09-05T08:13:16	-831.47	3506.73	-2317.13	-14.39	14.30	22.37
2024-09-05T08:13:18	-833.18	3508.12	-2325.30	-14.34	13.58	22.19
2024-09-05T08:13:20	-834.89	3509.51	-2333.45	-14.28	12.86	22.01
2024-09-05T08:13:22	-836.60	3510.89	-2341.61	-14.23	12.14	21.83
2024-09-05T08:13:24	-838.31	3512.27	-2349.77	-14.29	11.48	21.71
2024-09-05T08:13:26	-840.01	3513.64	-2357.92	-14.69	10.91	21.75
2024-09-05T08:13:28	-841.72	3515.02	-2366.07	-15.12	10.32	21.77
2024-09-05T08:13:30	-843.42	3516.38	-2374.22	-15.57	9.78	21.79
2024-09-05T08:13:32	-845.13	3517.75	-2382.36	-16.03	9.24	21.82
2024-09-05T08:13:34	-846.83	3519.11	-2390.50	-16.49	8.71	21.85
2024-09-05T08:13:36	-848.53	3520.46	-2398.64	-16.96	8.17	21.89
2024-09-05T08:13:38	-850.23	3521.82	-2406.78	-17.31	7.78	21.89
2024-09-05T08:13:40	-851.93	3523.16	-2414.91	-17.29	7.80	21.77
2024-09-05T08:13:42	-853.63	3524.51	-2423.04	-17.25	7.80	21.67
2024-09-05T08:13:44	-855.33	3525.85	-2431.17	-17.21	7.78	21.56
2024-09-05T08:13:46	-857.03	3527.19	-2439.30	-17.15	7.75	21.46
2024-09-05T08:13:48	-858.72	3528.52	-2447.42	-17.09	7.70	21.37
2024-09-05T08:13:50	-860.42	3529.85	-2455.55	-17.01	7.63	21.28
2024-09-05T08:13:52	-862.11	3531.18	-2463.67	-16.88	7.60	21.18
2024-09-05T08:13:54	-863.80	3532.50	-2471.78	-16.57	7.75	21.06
2024-09-05T08:13:56	-865.50	3533.82	-2479.89	-16.28	7.87	20.97
2024-09-05T08:13:58	-867.19	3535.13	-2488.01	-16.00	7.97	20.92
2024-09-05T08:14:00	-868.88	3536.44	-2496.12	-15.73	8.04	20.89
2024-09-05T08:14:02	-870.57	3537.75	-2504.22	-15.47	8.09	20.91
2024-09-05T08:14:04	-872.26	3539.06	-2512.32	-15.23	8.12	20.95
2024-09-05T08:14:06	-873.95	3540.36	-2520.42	-15.02	8.16	20.98
2024-09-05T08:14:08	-875.63	3541.66	-2528.52	-14.96	8.36	20.78
2024-09-05T08:14:10	-877.32	3542.95	-2536.62	-14.89	8.54	20.55
2024-09-05T08:14:12	-879.01	3544.24	-2544.71	-14.81	8.74	20.31
2024-09-05T08:14:14	-880.69	3545.52	-2552.80	-14.73	8.94	20.08
2024-09-05T08:14:16	-882.37	3546.81	-2560.89	-14.65	9.14	19.87
2024-09-05T08:14:18	-884.06	3548.09	-2568.98	-14.56	9.33	19.69
2024-09-05T08:14:20	-885.74	3549.36	-2577.06	-14.51	9.51	19.54
2024-09-05T08:14:22	-887.42	3550.63	-2585.14	-14.92	9.59	19.66
2024-09-05T08:14:24	-889.10	3551.90	-2593.22	-15.31	9.68	19.76
2024-09-05T08:14:26	-890.78	3553.17	-2601.30	-15.67	9.78	19.84
2024-09-05T08:14:28	-892.46	3554.43	-2609.37	-16.01	9.90	19.92
2024-09-05T08:14:30	-894.13	3555.69	-2617.44	-16.32	10.04	19.99
2024-09-05T08:14:32	-895.81	3556.95	-2625.51	-16.60	10.20	20.05
2024-09-05T08:14:34	-897.49	3558.20	-2633.57	-16.85	10.37	20.10
2024-09-05T08:14:36	-899.16	3559.45	-2641.63	-17.04	10.44	20.02
2024-09-05T08:14:38	-900.84	3560.69	-2649.70	-17.25	10.50	19.93
2024-09-05T08:14:40	-902.51	3561.93	-2657.75	-17.47	10.53	19.83
2024-09-05T08:14:42	-904.18	3563.17	-2665.81	-17.70	10.54	19.73
2024-09-05T08:14:44	-905.85	3564.41	-2673.86	-17.94	10.53	19.63
2024-09-05T08:14:46	-907.52	3565.64	-2681.91	-18.20	10.50	19.53
2024-09-05T08:14:48	-909.19	3566.87	-2689.96	-18.47	10.45	19.43
2024-09-05T08:14:50	-910.86	3568.09	-2698.01	-18.52	10.25	19.43
2024-09-05T08:14:52	-912.53	3569.31	-2706.05	-18.53	10.03	19.42
2024-09-05T08:14:54	-914.19	3570.53	-2714.09	-18.52	9.82	19.37
2024-09-05T08:14:56	-915.86	3571.75	-2722.12	-18.49	9.61	19.30
2024-09-05T08:14:58	-917.53	3572.96	-2730.16	-18.44	9.40	19.20
2024-09-05T08:15:00	-919.19	3574.17	-2738.19	-18.37	9.19	19.08
2024-09-05T08:15:02	-920.86	3575.37	-2746.22	-18.29	8.98	18.92
2024-09-05T08:15:04	-922.52	3576.57	-2754.25	-18.43	8.79	18.84
2024-09-05T08:15:06	-924.18	3577.77	-2762.28	-18.64	8.59	18.79
2024-09-05T08:15:08	-925.84	3578.97	-2770.30	-18.86	8.38	18.75
2024-09-05T08:15:10	-927.50	3580.16	-2778.32	-19.09	8.17	18.71
2024-09-05T08:15:12	-929.16	3581.35	-2786.34	-19.32	7.95	18.67
2024-09-05T08:15:14	-930.82	3582.54	-2794.35	-19.56	7.73	18.64
2024-09-05T08:15:16	-932.48	3583.72	-2802.37	-19.80	7.50	18.61
2024-09-05T08:15:18	-934.14	3584.90	-2810.38	-19.80	7.56	18.46
2024-09-05T08:15:20	-935.79	3586.08	-2818.39	-19.70	7.75	18.25
2024-09-05T08:15:22	-937.45	3587.25	-2826.39	-19.62	7.94	18.04
2024-09-05T08:15:24	-939.10	3588.42	-2834.40	-19.56	8.12	17.83
2024-09-05T08:15:26	-940.76	3589.59	-2842.40	-19.52	8.29	17.62
2024-09-05T08:15:28	-942.41	3590.76	-2850.40	-19.50	8.45	17.42
2024-09-05T08:15:30	-944.06	3591.92	-2858.39	-19.51	8.60	17.21
2024-09-05T08:15:32	-945.71	3593.07	-2866.39	-19.40	8.66	17.13
2024-09-05T08:15:34	-947.36	3594.23	-2874.38	-19.18	8.65	17.19
2024-09-05T08:15:36	-949.02	3595.38	-2882.36	-18.96	8.66	17.26
2024-09-05T08:15:38	-950.66	3596.53	-2890.35	-18.75	8.67	17.33
2024-09-05T08:15:40	-952.31	3597.68	-2898.33	-18.54	8.70	17.41
2024-09-05T08:15:42	-953.96	3598.82	-2906.32	-18.33	8.73	17.49
2024-09-05T08:15:44	-955.61	3599.96	-2914.29	-18.13	8.78	17.58
2024-09-05T08:15:46	-957.25	3601.10	-2922.27	-17.98	8.82	17.65
2024-09-05T08:15:48	-958.90	3602.23	-2930.24	-17.83	8.82	17.70
2024-09-05T08:15:50	-960.54	3603.36	-2938.22	-17.67	8.82	17.75
2024-09-05T08:15:52	-962.18	3604.49	-2946.19	-17.51	8.84	17.82
2024-09-05T08:15:54	-963.83	3605.61	-2954.15	-17.35	8.86	17.89
2024-09-05T08:15:56	-965.47	3606.74	-2962.12	-17.18	8.89	17.96
2024-09-05T08:15:58	-967.11	3607.86	-2970.08	-17.02	8.92	18.05
2024-09-05T08:16:00	-968.75	3608.97	-2978.04	-16.86	8.98	18.09
2024-09-05T08:16:02	-970.39	3610.09	-2985.99	-16.74	9.08	17.92
2024-09-05T08:16:04	-972.03	3611.20	-2993.95	-16.61	9.18	17.77
2024-09-05T08:16:06	-973.66	3612.31	-3001.90	-16.49	9.28	17.63
2024-09-05T08:16:08	-975.30	3613.41	-3009.85	-16.36	9.39	17.51
2024-09-05T08:16:10	-976.94	3614.51	-3017.80	-16.24	9.50	17.41
2024-09-05T08:16:12	-978.57	3615.61	-3025.74	-16.11	9.61	17.32
2024-09-05T08:16:14	-980.21	3616.71	-3033.69	-15.99	9.72	17.25
2024-09-05T08:16:16	-981.84	3617.80	-3041.63	-16.09	9.75	17.21
2024-09-05T08:16:18	-983.48	3618.89	-3049.56	-16.18	9.80	17.16
2024-09-05T08:16:20	-985.11	3619.98	-3057.50	-16.25	9.85	17.11
2024-09-05T08:16:22	-986.74	3621.06	-3065.43	-16.29	9.92	17.06
2024-09-05T08:16:24	-988.37	3622.15	-3073.36	-16.31	10.00	17.01
2024-09-05T08:16:26	-990.00	3623.23	-3081.29	-16.31	10.10	16.95
2024-09-05T08:16:28	-991.63	3624.31	-3089.22	-16.27	10.20	16.89
2024-09-05T08:16:30	-993.26	3625.38	-3097.14	-16.30	10.14	16.75
2024-09-05T08:16:32	-994.89	3626.45	-3105.06	-16.35	10.02	16.57
2024-09-05T08:16:34	-996.51	3627.52	-3112.98	-16.41	9.86	16.38
2024-09-05T08:16:36	-998.14	3628.58	-3120.90	-16.47	9.69	16.17
2024-09-05T08:16:38	-999.77	3629.65	-3128.81	-16.54	9.50	15.95
2024-09-05T08:16:40	-1001.39	3630.71	-3136.72	-16.61	9.28	15.71
2024-09-05T08:16:42	-1003.01	3631.76	-3144.63	-16.69	9.04	15.46
2024-09-05T08:16:44	-1004.64	3632.82	-3152.54	-16.60	8.90	15.34
2024-09-05T08:16:46	-1006.26	3633.87	-3160.45	-16.35	8.84	15.36
2024-09-05T08:16:48	-1007.88	3634.92	-3168.35	-16.10	8.79	15.37
2024-09-05T08:16:50	-1009.50	3635.97	-3176.25	-15.83	8.74	15.39
2024-09-05T08:16:52	-1011.12	3637.01	-3184.15	-15.56	8.69	15.40
2024-09-05T08:16:54	-1012.74	3638.05	-3192.04	-15.28	8.65	15.42
2024-09-05T08:16:56	-1014.36	3639.09	-3199.94	-14.99	8.64	15.46
2024-09-05T08:16:58	-1015.98	3640.13	-3207.83	-14.78	8.57	15.44
2024-09-05T08:17:00	-1017.60	3641.16	-3215.72	-14.77	8.37	15.31
2024-09-05T08:17:02	-1019.21	3642.19	-3223.60	-14.77	8.17	15.20
2024-09-05T08:17:04	-1020.83	3643.22	-3231.48	-14.79	7.98	15.13
2024-09-05T08:17:06	-1022.44	3644.25	-3239.37	-14.81	7.79	15.07
2024-09-05T08:17:08	-1024.06	3645.27	-3247.25	-14.85	7.60	15.05
2024-09-05T08:17:10	-1025.67	3646.29	-3255.12	-14.90	7.42	15.05
2024-09-05T08:17:12	-1027.28	3647.31	-3263.00	-14.98	7.27	15.09
2024-09-05T08:17:14	-1028.90	3648.32	-3270.87	-15.32	7.63	15.35
2024-09-05T08:17:16	-1030.51	3649.34	-3278.74	-15.68	7.98	15.61
2024-09-05T08:17:18	-1032.12	3650.35	-3286.61	-16.05	8.32	15.85
2024-09-05T08:17:20	-1033.73	3651.36	-3294.47	-16.44	8.64	16.09
2024-09-05T08:17:22	-1035.34	3652.36	-3302.34	-16.84	8.95	16.31
2024-09-05T08:17:24	-1036.95	3653.36	-3310.20	-17.26	9.24	16.53
2024-09-05T08:17:26	-1038.55	3654.36	-3318.06	-17.70	9.51	16.73
2024-09-05T08:17:28	-1040.16	3655.36	-3325.91	-17.77	9.48	16.70
2024-09-05T08:17:30	-1041.77	3656.36	-3333.77	-17.71	9.37	16.60
2024-09-05T08:17:32	-1043.37	3657.35	-3341.62	-17.63	9.28	16.49
2024-09-05T08:17:34	-1044.98	3658.34	-3349.47	-17.53	9.20	16.39
2024-09-05T08:17:36	-1046.58	3659.33	-3357.32	-17.43	9.13	16.28
2024-09-05T08:17:38	-1048.19	3660.31	-3365.16	-17.32	9.07	16.18
2024-09-05T08:17:40	-1049.79	3661.30	-3373.00	-17.20	9.01	16.09
2024-09-05T08:17:42	-1051.39	3662.28	-3380.84	-17.20	8.96	16.04
2024-09-05T08:17:44	-1052.99	3663.25	-3388.68	-17.33	8.91	16.05
2024-09-05T08:17:46	-1054.59	3664.23	-3396.52	-17.46	8.87	16.06
2024-09-05T08:17:48	-1056.19	3665.20	-3404.35	-17.61	8.82	16.07
2024-09-05T08:17:50	-1057.79	3666.17	-3412.18	-17.75	8.78	16.07
2024-09-05T08:17:52	-1059.39	3667.14	-3420.01	-17.91	8.74	16.08
2024-09-05T08:17:54	-1060.99	3668.11	-3427.84	-18.06	8.69	16.08
2024-09-05T08:17:56	-1062.59	3669.07	-3435.66	-18.19	8.72	16.09
2024-09-05T08:17:58	-1064.18	3670.03	-3443.49	-18.22	9.10	16.15
2024-09-05T08:18:00	-1065.78	3670.99	-3451.31	-18.23	9.46	16.18
2024-09-05T08:18:02	-1067.37	3671.95	-3459.12	-18.22	9.81	16.19
2024-09-05T08:18:04	-1068.97	3672.90	-3466.94	-18.21	10.14	16.18
2024-09-05T08:18:06	-1070.56	3673.85	-3474.75	-18.18	10.46	16.14
2024-09-05T08:18:08	-1072.16	3674.80	-3482.57	-18.15	10.76	16.08
2024-09-05T08:18:10	-1073.75	3675.75	-3490.38	-18.12	11.05	16.00
2024-09-05T08:18:12	-1075.34	3676.69	-3498.18	-18.01	11.08	15.89
2024-09-05T08:18:14	-1076.93	3677.64	-3505.99	-17.90	11.10	15.77
2024-09-05T08:18:16	-1078.52	3678.58	-3513.79	-17.79	11.13	15.64
2024-09-05T08:18:18	-1080.11	3679.52	-3521.59	-17.68	11.18	15.50
2024-09-05T08:18:20	-1081.70	3680.45	-3529.39	-17.58	11.24	15.36
2024-09-05T08:18:22	-1083.29	3681.38	-3537.19	-17.48	11.31	15.21
2024-09-05T08:18:24	-1084.88	3682.32	-3544.98	-17.39	11.40	15.06
2024-09-05T08:18:26	-1086.46	3683.25	-3552.77	-17.36	11.37	15.06
2024-09-05T08:18:28	-1088.05	3684.17	-3560.56	-17.37	11.23	15.20
2024-09-05T08:18:30	-1089.63	3685.10	-3568.35	-17.39	11.10	15.35
2024-09-05T08:18:32	-1091.22	3686.02	-3576.13	-17.41	10.99	15.49
2024-09-05T08:18:34	-1092.80	3686.94	-3583.91	-17.43	10.88	15.63
2024-09-05T08:18:36	-1094.39	3687.86	-3591.69	-17.45	10.79	15.77
2024-09-05T08:18:38	-1095.97	3688.77	-3599.47	-17.48	10.71	15.91
2024-09-05T08:18:40	-1097.55	3689.68	-3607.25	-17.52	10.67	16.00
2024-09-05T08:18:42	-1099.13	3690.60	-3615.02	-17.62	10.77	15.89
2024-09-05T08:18:44	-1100.71	3691.50	-3622.79	-17.70	10.87	15.78
2024-09-05T08:18:46	-1102.29	3692.41	-3630.57	-17.76	10.97	15.66
2024-09-05T08:18:48	-1103.87	3693.31	-3638.33	-17.81	11.07	15.52
2024-09-05T08:18:50	-1105.45	3694.22	-3646.10	-17.84	11.17	15.37
2024-09-05T08:18:52	-1107.03	3695.12	-3653.86	-17.86	11.28	15.21
2024-09-05T08:18:54	-1108.61	3696.01	-3661.63	-17.86	11.38	15.04
2024-09-05T08:18:56	-1110.19	3696.91	-3669.38	-17.92	11.39	14.87
2024-09-05T08:18:58	-1111.76	3697.80	-3677.14	-18.00	11.38	14.69
2024-09-05T08:19:00	-1113.34	3698.70	-3684.90	-18.09	11.38	14.50
2024-09-05T08:19:02	-1114.91	3699.58	-3692.65	-18.19	11.39	14.30
2024-09-05T08:19:04	-1116.49	3700.47	-3700.40	-18.30	11.40	14.10
2024-09-05T08:19:06	-1118.06	3701.36	-3708.15	-18.42	11.42	13.88
2024-09-05T08:19:08	-1119.63	3702.24	-3715.89	-18.55	11.44	13.65
2024-09-05T08:19:10	-1121.21	3703.12	-3723.64	-18.60	11.38	13.51
2024-09-05T08:19:12	-1122.78	3704.00	-3731.38	-18.55	11.22	13.49
2024-09-05T08:19:14	-1124.35	3704.87	-3739.12	-18.52	11.05	13.48
2024-09-05T08:19:16	-1125.92	3705.75	-3746.86	-18.50	10.87	13.47
2024-09-05T08:19:18	-1127.49	3706.62	-3754.59	-18.49	10.68	13.49
2024-09-05T08:19:20	-1129.06	3707.49	-3762.33	-18.51	10.46	13.59
2024-09-05T08:19:22	-1130.63	3708.36	-3770.06	-18.53	10.25	13.68
2024-09-05T08:19:24	-1132.20	3709.23	-3777.79	-18.55	10.05	13.75
2024-09-05T08:19:26	-1133.76	3710.09	-3785.51	-18.37	9.94	13.75
2024-09-05T08:19:28	-1135.33	3710.95	-3793.24	-18.20	9.82	13.76
2024-09-05T08:19:30	-1136.90	3711.81	-3800.96	-18.05	9.70	13.79
2024-09-05T08:19:32	-1138.46	3712.67	-3808.68	-17.92	9.59	13.84
