Time	POS_X	POS_Y	POS_Z	B_X	B_Y	B_Z
2024-09-05T07:38:06	1157.16	-1700.05	5030.58	-13.96	20.50	-33.04
2024-09-05T07:38:08	1155.60	-1693.56	5026.31	-14.01	20.54	-33.20
2024-09-05T07:38:10	1154.04	-1687.07	5022.03	-14.07	20.57	-33.37
2024-09-05T07:38:12	1152.48	-1680.57	5017.75	-14.13	20.61	-33.54
2024-09-05T07:38:14	1150.92	-1674.08	5013.47	-14.19	20.64	-33.71
2024-09-05T07:38:16	1149.36	-1667.59	5009.18	-14.25	20.67	-33.88
2024-09-05T07:38:18	1147.80	-1661.09	5004.90	-14.31	20.71	-34.05
2024-09-05T07:38:20	1146.24	-1654.60	5000.60	-14.37	20.74	-34.23
2024-09-05T07:38:22	1144.68	-1648.10	4996.31	-14.43	20.77	-34.40
2024-09-05T07:38:24	1143.11	-1641.60	4992.01	-14.49	20.81	-34.58
2024-09-05T07:38:26	1141.55	-1635.10	4987.71	-14.55	20.84	-34.75
2024-09-05T07:38:28	1139.99	-1628.60	4983.41	-14.61	20.87	-34.93
2024-09-05T07:38:30	1138.42	-1622.10	4979.11	-14.67	20.90	-35.11
2024-09-05T07:38:32	1136.86	-1615.60	4974.80	-14.73	20.94	-35.29
2024-09-05T07:38:34	1135.29	-1609.09	4970.48	-14.79	20.97	-35.47
2024-09-05T07:38:36	1133.72	-1602.59	4966.17	-14.86	21.00	-35.65
2024-09-05T07:38:38	1132.16	-1596.08	4961.85	-14.92	21.03	-35.83
2024-09-05T07:38:40	1130.59	-1589.58	4957.54	-14.98	21.06	-36.02
2024-09-05T07:38:42	1129.02	-1583.07	4953.21	-15.05	21.10	-36.20
2024-09-05T07:38:44	1127.45	-1576.56	4948.89	-15.11	21.13	-36.39
2024-09-05T07:38:46	1125.88	-1570.06	4944.56	-15.17	21.16	-36.57
2024-09-05T07:38:48	1124.31	-1563.55	4940.23	-15.24	21.19	-36.76
2024-09-05T07:38:50	1122.74	-1557.04	4935.89	-15.30	21.22	-36.95
2024-09-05T07:38:52	1121.17	-1550.52	4931.56	-15.37	21.25	-37.14
2024-09-05T07:38:54	1119.59	-1544.01	4927.22	-15.43	21.28	-37.33
2024-09-05T07:38:56	1118.02	-1537.50	4922.87	-15.50	21.31	-37.52
2024-09-05T07:38:58	1116.45	-1530.99	4918.53	-15.56	21.34	-37.71
2024-09-05T07:39:00	1114.87	-1524.47	4914.18	-15.63	21.37	-37.91
2024-09-05T07:39:02	1113.30	-1517.96	4909.83	-15.69	21.40	-38.10
2024-09-05T07:39:04	1111.72	-1511.44	4905.47	-15.76	21.43	-38.30
2024-09-05T07:39:06	1110.15	-1504.92	4901.11	-15.83	21.46	-38.50
2024-09-05T07:39:08	1108.57	-1498.40	4896.75	-15.89	21.48	-38.70
2024-09-05T07:39:10	1106.99	-1491.88	4892.39	-15.96	21.51	-38.90
2024-09-05T07:39:12	1105.42	-1485.36	4888.02	-16.03	21.54	-39.10
2024-09-05T07:39:14	1103.83	-1478.84	4883.65	-16.10	21.57	-39.30
2024-09-05T07:39:16	1102.26	-1472.32	4879.28	-16.17	21.60	-39.50
2024-09-05T07:39:18	1100.68	-1465.79	4874.90	-16.24	21.62	-39.71
2024-09-05T07:39:20	1099.10	-1459.27	4870.52	-16.31	21.65	-39.91
2024-09-05T07:39:22	1097.51	-1452.74	4866.14	-16.38	21.68	-40.12
2024-09-05T07:39:24	1095.93	-1446.22	4861.76	-16.45	21.70	-40.33
2024-09-05T07:39:26	1094.35	-1439.69	4857.37	-16.52	21.73	-40.54
2024-09-05T07:39:28	1092.77	-1433.16	4852.98	-16.59	21.75	-40.75
2024-09-05T07:39:30	1091.18	-1426.63	4848.58	-16.66	21.78	-40.96
2024-09-05T07:39:32	1089.60	-1420.10	4844.19	-16.73	21.80	-41.17
2024-09-05T07:39:34	1088.01	-1413.57	4839.78	-16.80	21.83	-41.39
2024-09-05T07:39:36	1086.42	-1407.04	4835.38	-16.87	21.85	-41.60
2024-09-05T07:39:38	1084.84	-1400.51	4830.97	-16.94	21.88	-41.82
2024-09-05T07:39:40	1083.25	-1393.97	4826.56	-17.02	21.90	-42.04
2024-09-05T07:39:42	1081.66	-1387.44	4822.15	-17.09	21.92	-42.26
2024-09-05T07:39:44	1080.07	-1380.91	4817.73	-17.16	21.94	-42.48
2024-09-05T07:39:46	1078.48	-1374.37	4813.31	-17.24	21.97	-42.70
2024-09-05T07:39:48	1076.89	-1367.83	4808.89	-17.31	21.99	-42.92
2024-09-05T07:39:50	1075.30	-1361.29	4804.47	-17.39	22.01	-43.15
2024-09-05T07:39:52	1073.71	-1354.75	4800.04	-17.46	22.03	-43.37
2024-09-05T07:39:54	1072.12	-1348.21	4795.61	-17.54	22.05	-43.60
2024-09-05T07:39:56	1070.53	-1341.67	4791.17	-17.61	22.07	-43.83
2024-09-05T07:39:58	1068.93	-1335.13	4786.73	-17.69	22.09	-44.06
2024-09-05T07:40:00	1067.34	-1328.59	4782.29	-17.77	22.11	-44.29
2024-09-05T07:40:02	1065.75	-1322.05	4777.85	-17.84	22.13	-44.52
2024-09-05T07:40:04	1064.15	-1315.50	4773.40	-17.92	22.15	-44.75
2024-09-05T07:40:06	1062.55	-1308.96	4768.95	-18.00	22.17	-44.99
2024-09-05T07:40:08	1060.96	-1302.41	4764.49	-18.07	22.19	-45.23
2024-09-05T07:40:10	1059.36	-1295.86	4760.03	-18.15	22.21	-45.46
2024-09-05T07:40:12	1057.76	-1289.32	4755.57	-18.23	22.22	-45.70
2024-09-05T07:40:14	1056.16	-1282.77	4751.11	-18.31	22.24	-45.94
2024-09-05T07:40:16	1054.56	-1276.22	4746.64	-18.39	22.26	-46.18
2024-09-05T07:40:18	1052.96	-1269.67	4742.17	-18.47	22.27	-46.43
2024-09-05T07:40:20	1051.36	-1263.11	4737.70	-18.55	22.29	-46.67
2024-09-05T07:40:22	1049.76	-1256.56	4733.22	-18.63	22.30	-46.92
2024-09-05T07:40:24	1048.16	-1250.01	4728.74	-18.71	22.32	-47.17
2024-09-05T07:40:26	1046.55	-1243.46	4724.25	-18.79	22.33	-47.41
2024-09-05T07:40:28	1044.95	-1236.90	4719.77	-18.88	22.34	-47.66
2024-09-05T07:40:30	1043.34	-1230.34	4715.28	-18.96	22.36	-47.92
2024-09-05T07:40:32	1041.74	-1223.79	4710.78	-19.04	22.37	-48.17
2024-09-05T07:40:34	1040.13	-1217.23	4706.28	-19.12	22.38	-48.42
2024-09-05T07:40:36	1038.52	-1210.67	4701.78	-19.21	22.39	-48.68
2024-09-05T07:40:38	1036.92	-1204.11	4697.28	-19.29	22.40	-48.94
2024-09-05T07:40:40	1035.31	-1197.55	4692.77	-19.37	22.41	-49.20
2024-09-05T07:40:42	1033.70	-1190.99	4688.26	-19.46	22.42	-49.46
2024-09-05T07:40:44	1032.09	-1184.43	4683.75	-19.54	22.43	-49.72
2024-09-05T07:40:46	1030.48	-1177.86	4679.23	-19.63	22.44	-49.98
2024-09-05T07:40:48	1028.87	-1171.30	4674.71	-19.72	22.45	-50.25
2024-09-05T07:40:50	1027.26	-1164.73	4670.18	-19.80	22.45	-50.51
2024-09-05T07:40:52	1025.64	-1158.17	4665.65	-19.89	22.46	-50.78
2024-09-05T07:40:54	1024.03	-1151.60	4661.12	-19.98	22.46	-51.05
2024-09-05T07:40:56	1022.42	-1145.04	4656.58	-20.06	22.47	-51.32
2024-09-05T07:40:58	1020.80	-1138.47	4652.05	-20.15	22.47	-51.60
2024-09-05T07:41:00	1019.19	-1131.90	4647.50	-20.24	22.48	-51.87
2024-09-05T07:41:02	1017.57	-1125.33	4642.96	-20.33	22.48	-52.15
2024-09-05T07:41:04	1015.96	-1118.76	4638.41	-20.42	22.48	-52.42
2024-09-05T07:41:06	1014.34	-1112.19	4633.86	-20.51	22.49	-52.70
2024-09-05T07:41:08	1012.72	-1105.61	4629.30	-20.60	22.49	-52.98
2024-09-05T07:41:10	1011.10	-1099.04	4624.74	-20.69	22.49	-53.27
2024-09-05T07:41:12	1009.48	-1092.47	4620.18	-20.78	22.49	-53.55
2024-09-05T07:41:14	1007.86	-1085.89	4615.61	-20.87	22.49	-53.83
2024-09-05T07:41:16	1006.24	-1079.31	4611.04	-20.96	22.49	-54.12
2024-09-05T07:41:18	1004.61	-1072.74	4606.46	-21.06	22.48	-54.41
2024-09-05T07:41:20	1002.99	-1066.16	4601.89	-21.15	22.48	-54.70
2024-09-05T07:41:22	1001.37	-1059.58	4597.31	-21.24	22.48	-54.99
2024-09-05T07:41:24	999.74	-1053.00	4592.72	-21.34	22.47	-55.29
2024-09-05T07:41:26	998.12	-1046.42	4588.13	-21.43	22.47	-55.58
2024-09-05T07:41:28	996.49	-1039.84	4583.54	-21.52	22.46	-55.88
2024-09-05T07:41:30	994.87	-1033.26	4578.95	-21.62	22.45	-56.18
2024-09-05T07:41:32	993.24	-1026.68	4574.35	-21.71	22.45	-56.48
2024-09-05T07:41:34	991.61	-1020.09	4569.74	-21.81	22.44	-56.78
2024-09-05T07:41:36	989.98	-1013.51	4565.14	-21.91	22.43	-57.08
2024-09-05T07:41:38	988.35	-1006.92	4560.53	-22.00	22.42	-57.39
2024-09-05T07:41:40	986.72	-1000.34	4555.91	-22.10	22.41	-57.70
2024-09-05T07:41:42	985.09	-993.75	4551.29	-22.20	22.39	-58.01
2024-09-05T07:41:44	983.46	-987.16	4546.67	-22.30	22.38	-58.32
2024-09-05T07:41:46	981.82	-980.57	4542.05	-22.40	22.37	-58.63
2024-09-05T07:41:48	980.19	-973.99	4537.42	-22.50	22.35	-58.94
2024-09-05T07:41:50	978.56	-967.40	4532.78	-22.60	22.34	-59.26
2024-09-05T07:41:52	976.92	-960.81	4528.15	-22.70	22.32	-59.58
2024-09-05T07:41:54	975.29	-954.21	4523.51	-22.80	22.30	-59.90
2024-09-05T07:41:56	973.65	-947.62	4518.86	-22.90	22.29	-60.22
2024-09-05T07:41:58	972.01	-941.03	4514.21	-23.00	22.27	-60.54
2024-09-05T07:42:00	970.37	-934.43	4509.56	-23.10	22.25	-60.87
2024-09-05T07:42:02	968.73	-927.84	4504.91	-23.20	22.22	-61.20
2024-09-05T07:42:04	967.09	-921.24	4500.25	-23.31	22.20	-61.53
2024-09-05T07:42:06	965.45	-914.65	4495.59	-23.41	22.18	-61.86
2024-09-05T07:42:08	963.81	-908.05	4490.92	-23.51	22.15	-62.19
2024-09-05T07:42:10	962.17	-901.45	4486.25	-23.62	22.13	-62.52
2024-09-05T07:42:12	960.53	-894.85	4481.57	-23.72	22.10	-62.86
2024-09-05T07:42:14	958.88	-888.25	4476.89	-23.83	22.07	-63.20
2024-09-05T07:42:16	957.24	-881.65	4472.21	-23.93	22.04	-63.54
2024-09-05T07:42:18	955.59	-875.05	4467.53	-24.04	22.01	-63.88
2024-09-05T07:42:20	953.95	-868.45	4462.84	-24.15	21.98	-64.22
2024-09-05T07:42:22	952.30	-861.85	4458.14	-24.26	21.95	-64.57
2024-09-05T07:42:24	950.65	-855.24	4453.44	-24.36	21.92	-64.92
2024-09-05T07:42:26	949.00	-848.64	4448.74	-24.47	21.88	-65.27
2024-09-05T07:42:28	947.35	-842.03	4444.04	-24.58	21.85	-65.62
2024-09-05T07:42:30	945.70	-835.43	4439.32	-24.69	21.81	-65.97
2024-09-05T07:42:32	944.05	-828.82	4434.61	-24.80	21.77	-66.33
2024-09-05T07:42:34	942.40	-822.21	4429.89	-24.91	21.73	-66.68
2024-09-05T07:42:36	940.75	-815.61	4425.17	-25.02	21.69	-67.04
2024-09-05T07:42:38	939.10	-809.00	4420.44	-25.13	21.65	-67.41
2024-09-05T07:42:40	937.44	-802.39	4415.71	-25.24	21.61	-67.77
2024-09-05T07:42:42	935.78	-795.78	4410.98	-25.36	21.56	-68.13
2024-09-05T07:42:44	934.13	-789.17	4406.24	-25.47	21.52	-68.50
2024-09-05T07:42:46	932.47	-782.55	4401.50	-25.58	21.47	-68.87
2024-09-05T07:42:48	930.81	-775.94	4396.75	-25.70	21.42	-69.24
2024-09-05T07:42:50	929.15	-769.33	4392.00	-25.81	21.37	-69.62
2024-09-05T07:42:52	927.50	-762.71	4387.25	-25.93	21.32	-69.99
2024-09-05T07:42:54	925.84	-756.10	4382.49	-26.04	21.27	-70.37
2024-09-05T07:42:56	924.17	-749.49	4377.73	-26.16	21.21	-70.75
2024-09-05T07:42:58	922.51	-742.87	4372.96	-26.28	21.16	-71.13
2024-09-05T07:43:00	920.85	-736.25	4368.19	-26.39	21.10	-71.52
2024-09-05T07:43:02	919.19	-729.64	4363.41	-26.51	21.04	-71.90
2024-09-05T07:43:04	917.52	-723.02	4358.64	-26.63	20.98	-72.29
2024-09-05T07:43:06	915.86	-716.40	4353.85	-26.75	20.92	-72.68
2024-09-05T07:43:08	914.19	-709.78	4349.06	-26.87	20.86	-73.07
2024-09-05T07:43:10	912.52	-703.16	4344.27	-26.99	20.79	-73.47
2024-09-05T07:43:12	910.86	-696.54	4339.48	-27.11	20.73	-73.86
2024-09-05T07:43:14	909.19	-689.91	4334.67	-27.23	20.66	-74.26
2024-09-05T07:43:16	907.52	-683.29	4329.87	-27.35	20.59	-74.66
2024-09-05T07:43:18	905.85	-676.67	4325.06	-27.47	20.52	-75.07
2024-09-05T07:43:20	904.18	-670.05	4320.25	-27.59	20.45	-75.47
2024-09-05T07:43:22	902.50	-663.42	4315.43	-27.72	20.37	-75.88
2024-09-05T07:43:24	900.83	-656.80	4310.61	-27.84	20.30	-76.29
2024-09-05T07:43:26	899.16	-650.17	4305.79	-27.96	20.22	-76.70
2024-09-05T07:43:28	897.48	-643.55	4300.95	-28.09	20.14	-77.11
2024-09-05T07:43:30	895.81	-636.92	4296.12	-28.21	20.06	-77.53
2024-09-05T07:43:32	894.13	-630.29	4291.28	-28.34	19.98	-77.95
2024-09-05T07:43:34	892.45	-623.66	4286.44	-28.47	19.89	-78.37
2024-09-05T07:43:36	890.78	-617.03	4281.59	-28.59	19.81	-78.79
2024-09-05T07:43:38	889.10	-610.40	4276.74	-28.72	19.72	-79.21
2024-09-05T07:43:40	887.42	-603.77	4271.88	-28.85	19.63	-79.64
2024-09-05T07:43:42	885.73	-597.14	4267.02	-28.98	19.53	-80.07
2024-09-05T07:43:44	884.05	-590.51	4262.16	-29.10	19.44	-80.50
2024-09-05T07:43:46	882.37	-583.88	4257.29	-29.23	19.34	-80.94
2024-09-05T07:43:48	880.69	-577.25	4252.41	-29.36	19.25	-81.37
2024-09-05T07:43:50	879.00	-570.61	4247.53	-29.49	19.15	-81.81
2024-09-05T07:43:52	877.32	-563.98	4242.65	-29.62	19.04	-82.25
2024-09-05T07:43:54	875.63	-557.34	4237.76	-29.76	18.94	-82.69
2024-09-05T07:43:56	873.94	-550.71	4232.87	-29.89	18.83	-83.14
2024-09-05T07:43:58	872.26	-544.07	4227.97	-30.02	18.73	-83.59
2024-09-05T07:44:00	870.57	-537.44	4223.07	-30.15	18.62	-84.04
2024-09-05T07:44:02	868.88	-530.80	4218.17	-30.29	18.50	-84.49
2024-09-05T07:44:04	867.19	-524.16	4213.26	-30.42	18.39	-84.94
2024-09-05T07:44:06	865.49	-517.52	4208.34	-30.56	18.27	-85.40
2024-09-05T07:44:08	863.80	-510.88	4203.42	-30.69	18.15	-85.86
2024-09-05T07:44:10	862.11	-504.25	4198.50	-30.83	18.03	-86.32
2024-09-05T07:44:12	860.41	-497.61	4193.57	-30.97	17.91	-86.78
2024-09-05T07:44:14	858.72	-490.96	4188.64	-31.10	17.78	-87.25
2024-09-05T07:44:16	857.02	-484.32	4183.70	-31.24	17.65	-87.72
2024-09-05T07:44:18	855.33	-477.68	4178.76	-31.38	17.52	-88.19
2024-09-05T07:44:20	853.63	-471.04	4173.81	-31.52	17.39	-88.66
2024-09-05T07:44:22	851.93	-464.40	4168.86	-31.66	17.26	-89.13
2024-09-05T07:44:24	850.23	-457.76	4163.90	-31.80	17.12	-89.61
2024-09-05T07:44:26	848.53	-451.11	4158.94	-31.94	16.98	-90.09
2024-09-05T07:44:28	846.83	-444.47	4153.97	-32.08	16.84	-90.57
2024-09-05T07:44:30	845.13	-437.82	4149.00	-32.22	16.69	-91.06
2024-09-05T07:44:32	843.42	-431.18	4144.03	-32.36	16.54	-91.55
2024-09-05T07:44:34	841.72	-424.53	4139.05	-32.50	16.39	-92.03
2024-09-05T07:44:36	840.01	-417.89	4134.06	-32.65	16.24	-92.53
2024-09-05T07:44:38	838.31	-411.24	4129.08	-32.79	16.09	-93.02
2024-09-05T07:44:40	836.60	-404.59	4124.08	-32.93	15.93	-93.52
2024-09-05T07:44:42	834.89	-397.94	4119.08	-33.08	15.77	-94.02
2024-09-05T07:44:44	833.18	-391.30	4114.08	-33.22	15.60	-94.52
2024-09-05T07:44:46	831.47	-384.65	4109.07	-33.37	15.44	-95.02
2024-09-05T07:44:48	829.76	-378.00	4104.05	-33.52	15.27	-95.53
2024-09-05T07:44:50	828.05	-371.35	4099.03	-33.66	15.10	-96.04
2024-09-05T07:44:52	826.33	-364.70	4094.01	-33.81	14.92	-96.55
2024-09-05T07:44:54	824.62	-358.05	4088.98	-33.96	14.74	-97.06
2024-09-05T07:44:56	822.90	-351.40	4083.95	-34.11	14.56	-97.57
2024-09-05T07:44:58	821.19	-344.75	4078.91	-34.26	14.38	-98.09
2024-09-05T07:45:00	819.47	-338.10	4073.87	-34.41	14.19	-98.61
2024-09-05T07:45:02	817.76	-331.44	4068.82	-34.56	14.01	-99.14
2024-09-05T07:45:04	816.04	-324.79	4063.77	-34.71	13.81	-99.66
2024-09-05T07:45:06	814.32	-318.14	4058.71	-34.86	13.62	-100.19
2024-09-05T07:45:08	812.60	-311.49	4053.65	-35.01	13.42	-100.72
2024-09-05T07:45:10	810.87	-304.83	4048.58	-35.16	13.22	-101.25
2024-09-05T07:45:12	809.15	-298.18	4043.51	-35.31	13.01	-101.79
2024-09-05T07:45:14	807.43	-291.52	4038.43	-35.47	12.81	-102.32
2024-09-05T07:45:16	805.70	-284.87	4033.34	-35.62	12.59	-102.86
2024-09-05T07:45:18	803.98	-278.21	4028.26	-35.77	12.38	-103.40
2024-09-05T07:45:20	802.25	-271.56	4023.16	-35.93	12.16	-103.95
2024-09-05T07:45:22	800.52	-264.90	4018.07	-36.08	11.94	-104.49
2024-09-05T07:45:24	798.80	-258.24	4012.96	-36.24	11.72	-105.04
2024-09-05T07:45:26	797.07	-251.59	4007.85	-36.40	11.49	-105.59
2024-09-05T07:45:28	795.34	-244.93	4002.74	-36.55	11.26	-106.15
2024-09-05T07:45:30	793.60	-238.27	3997.62	-36.71	11.02	-106.70
2024-09-05T07:45:32	791.87	-231.62	3992.49	-36.87	10.78	-107.26
2024-09-05T07:45:34	790.14	-224.96	3987.37	-37.03	10.54	-107.82
2024-09-05T07:45:36	788.40	-218.30	3982.23	-37.19	10.30	-108.39
2024-09-05T07:45:38	786.67	-211.64	3977.09	-37.34	10.05	-108.95
2024-09-05T07:45:40	784.93	-204.98	3971.95	-37.50	9.79	-109.52
2024-09-05T07:45:42	783.19	-198.32	3966.80	-37.66	9.54	-110.09
2024-09-05T07:45:44	781.45	-191.66	3961.64	-37.83	9.28	-110.66
2024-09-05T07:45:46	779.71	-185.01	3956.48	-37.99	9.01	-111.24
2024-09-05T07:45:48	777.97	-178.35	3951.31	-38.15	8.75	-111.81
2024-09-05T07:45:50	776.23	-171.69	3946.14	-38.31	8.47	-112.39
2024-09-05T07:45:52	774.49	-165.02	3940.97	-38.47	8.20	-112.98
2024-09-05T07:45:54	772.75	-158.37	3935.78	-38.64	7.92	-113.56
2024-09-05T07:45:56	771.00	-151.70	3930.60	-38.80	7.63	-114.15
2024-09-05T07:45:58	769.26	-145.04	3925.40	-38.96	7.35	-114.73
2024-09-05T07:46:00	767.51	-138.38	3920.20	-39.13	7.05	-115.33
2024-09-05T07:46:02	765.76	-131.72	3915.00	-39.29	6.76	-115.92
2024-09-05T07:46:04	764.01	-125.06	3909.79	-39.46	6.46	-116.51
2024-09-05T07:46:06	762.26	-118.40	3904.58	-39.62	6.15	-117.11
2024-09-05T07:46:08	760.51	-111.73	3899.36	-39.79	5.85	-117.71
2024-09-05T07:46:10	758.76	-105.07	3894.13	-39.96	5.53	-118.31
2024-09-05T07:46:12	757.01	-98.41	3888.90	-40.12	5.22	-118.92
2024-09-05T07:46:14	755.26	-91.75	3883.67	-40.29	4.89	-119.52
2024-09-05T07:46:16	753.50	-85.09	3878.42	-40.46	4.57	-120.13
2024-09-05T07:46:18	751.74	-78.42	3873.18	-40.63	4.24	-120.74
2024-09-05T07:46:20	749.99	-71.76	3867.92	-40.79	3.90	-121.35
2024-09-05T07:46:22	748.23	-65.10	3862.66	-40.96	3.56	-121.97
2024-09-05T07:46:24	746.47	-58.43	3857.40	-41.13	3.22	-122.59
2024-09-05T07:46:26	744.71	-51.77	3852.13	-41.30	2.87	-123.21
2024-09-05T07:46:28	742.95	-45.11	3846.85	-41.47	2.52	-123.83
2024-09-05T07:46:30	741.19	-38.44	3841.57	-41.64	2.16	-124.45
2024-09-05T07:46:32	739.42	-31.78	3836.29	-41.81	1.80	-125.07
2024-09-05T07:46:34	737.66	-25.12	3830.99	-41.98	1.43	-125.70
2024-09-05T07:46:36	735.89	-18.45	3825.70	-42.16	1.06	-126.33
2024-09-05T07:46:38	734.13	-11.79	3820.39	-42.33	0.68	-126.96
2024-09-05T07:46:40	732.36	-5.13	3815.08	-42.50	0.30	-127.60
2024-09-05T07:46:42	730.59	1.54	3809.77	-42.67	-0.09	-128.23
2024-09-05T07:46:44	728.82	8.20	3804.45	-42.85	-0.48	-128.87
2024-09-05T07:46:46	727.05	14.86	3799.12	-43.02	-0.88	-129.51
2024-09-05T07:46:48	725.28	21.53	3793.79	-43.19	-1.28	-130.15
2024-09-05T07:46:50	723.50	28.19	3788.45	-43.37	-1.69	-130.79
2024-09-05T07:46:52	721.73	34.85	3783.10	-43.54	-2.10	-131.43
2024-09-05T07:46:54	719.96	41.52	3777.75	-43.71	-2.52	-132.08
2024-09-05T07:46:56	718.18	48.18	3772.40	-43.89	-2.94	-132.73
2024-09-05T07:46:58	716.40	54.84	3767.04	-44.06	-3.37	-133.38
2024-09-05T07:47:00	714.62	61.51	3761.67	-44.24	-3.81	-134.03
2024-09-05T07:47:02	712.85	68.17	3756.29	-44.41	-4.25	-134.68
2024-09-05T07:47:04	711.06	74.83	3750.92	-44.59	-4.69	-135.34
2024-09-05T07:47:06	709.28	81.50	3745.53	-44.76	-5.14	-135.99
2024-09-05T07:47:08	707.50	88.16	3740.14	-44.94	-5.60	-136.65
2024-09-05T07:47:10	705.72	94.82	3734.74	-45.12	-6.06	-137.31
2024-09-05T07:47:12	703.93	101.48	3729.34	-45.29	-6.53	-137.97
2024-09-05T07:47:14	702.14	108.15	3723.93	-45.47	-7.00	-138.64
2024-09-05T07:47:16	700.36	114.81	3718.51	-45.65	-7.48	-139.30
2024-09-05T07:47:18	698.57	121.47	3713.09	-45.82	-7.97	-139.97
2024-09-05T07:47:20	696.78	128.13	3707.67	-46.00	-8.46	-140.63
2024-09-05T07:47:22	694.99	134.79	3702.23	-46.18	-8.96	-141.30
2024-09-05T07:47:24	693.20	141.45	3696.79	-46.35	-9.46	-141.97
2024-09-05T07:47:26	691.41	148.12	3691.35	-46.53	-9.97	-142.64
2024-09-05T07:47:28	689.61	154.78	3685.89	-46.71	-10.48	-143.31
2024-09-05T07:47:30	687.82	161.44	3680.43	-46.89	-11.00	-143.99
2024-09-05T07:47:32	686.02	168.10	3674.97	-47.06	-11.53	-144.66
2024-09-05T07:47:34	684.22	174.76	3669.50	-47.24	-12.07	-145.34
2024-09-05T07:47:36	682.43	181.42	3664.02	-47.42	-12.61	-146.01
2024-09-05T07:47:38	680.63	188.08	3658.54	-47.60	-13.15	-146.69
2024-09-05T07:47:40	678.83	194.74	3653.05	-47.78	-13.71	-147.37
2024-09-05T07:47:42	677.02	201.40	3647.56	-47.95	-14.27	-148.05
2024-09-05T07:47:44	675.22	208.05	3642.06	-48.13	-14.83	-148.73
2024-09-05T07:47:46	673.42	214.71	3636.55	-48.31	-15.40	-149.41
2024-09-05T07:47:48	671.61	221.37	3631.03	-48.49	-15.98	-150.10
2024-09-05T07:47:50	669.81	228.03	3625.51	-48.67	-16.57	-150.78
2024-09-05T07:47:52	668.00	234.69	3619.99	-48.84	-17.16	-151.46
2024-09-05T07:47:54	666.19	241.34	3614.45	-49.02	-17.76	-152.15
2024-09-05T07:47:56	664.38	248.00	3608.92	-49.20	-18.37	-152.83
2024-09-05T07:47:58	662.57	254.66	3603.37	-49.38	-18.98	-153.52
2024-09-05T07:48:00	660.76	261.31	3597.82	-49.55	-19.60	-154.20
2024-09-05T07:48:02	658.95	267.97	3592.26	-49.73	-20.22	-154.89
2024-09-05T07:48:04	657.13	274.62	3586.69	-49.91	-20.86	-155.58
2024-09-05T07:48:06	655.32	281.27	3581.12	-50.09	-21.50	-156.27
2024-09-05T07:48:08	653.50	287.93	3575.54	-50.26	-22.15	-156.95
2024-09-05T07:48:10	651.68	294.58	3569.96	-50.44	-22.80	-157.64
2024-09-05T07:48:12	649.86	301.23	3564.37	-50.62	-23.46	-158.33
2024-09-05T07:48:14	648.04	307.88	3558.77	-50.79	-24.13	-159.02
2024-09-05T07:48:16	646.22	314.54	3553.17	-50.97	-24.81	-159.71
2024-09-05T07:48:18	644.40	321.19	3547.56	-51.14	-25.49	-160.40
2024-09-05T07:48:20	642.58	327.84	3541.94	-51.32	-26.18	-161.08
2024-09-05T07:48:22	640.75	334.49	3536.31	-51.50	-26.88	-161.77
2024-09-05T07:48:24	638.93	341.14	3530.68	-51.67	-27.59	-162.46
2024-09-05T07:48:26	637.10	347.78	3525.05	-51.85	-28.30	-163.15
2024-09-05T07:48:28	635.27	354.43	3519.40	-52.02	-29.02	-163.83
2024-09-05T07:48:30	633.44	361.08	3513.75	-52.19	-29.75	-164.52
2024-09-05T07:48:32	631.61	367.73	3508.09	-52.37	-30.49	-165.21
2024-09-05T07:48:34	629.78	374.37	3502.43	-52.54	-31.23	-165.89
2024-09-05T07:48:36	627.95	381.02	3496.76	-52.71	-31.98	-166.58
2024-09-05T07:48:38	626.11	387.66	3491.08	-52.89	-32.74	-167.26
2024-09-05T07:48:40	624.28	394.30	3485.40	-53.06	-33.51	-167.95
2024-09-05T07:48:42	622.44	400.95	3479.71	-53.23	-34.29	-168.63
2024-09-05T07:48:44	620.60	407.59	3474.01	-53.40	-35.07	-169.31
2024-09-05T07:48:46	618.76	414.23	3468.30	-53.57	-35.86	-169.99
2024-09-05T07:48:48	616.93	420.87	3462.59	-53.74	-36.66	-170.67
2024-09-05T07:48:50	615.08	427.51	3456.87	-53.91	-37.47	-171.35
2024-09-05T07:48:52	613.24	434.15	3451.15	-54.08	-38.28	-172.02
2024-09-05T07:48:54	611.40	440.79	3445.42	-54.25	-39.11	-172.70
2024-09-05T07:48:56	609.55	447.42	3439.68	-54.41	-39.94	-173.37
2024-09-05T07:48:58	607.71	454.06	3433.93	-54.58	-40.78	-174.05
2024-09-05T07:49:00	605.86	460.69	3428.18	-54.75	-41.63	-174.72
2024-09-05T07:49:02	604.01	467.33	3422.42	-54.91	-42.49	-175.39
2024-09-05T07:49:04	602.16	473.96	3416.65	-55.08	-43.35	-176.05
2024-09-05T07:49:06	600.31	480.59	3410.88	-55.24	-44.22	-176.72
2024-09-05T07:49:08	598.46	487.22	3405.10	-55.40	-45.11	-177.38
2024-09-05T07:49:10	596.61	493.86	3399.31	-55.57	-46.00	-178.04
2024-09-05T07:49:12	594.75	500.49	3393.51	-55.73	-46.89	-178.70
2024-09-05T07:49:14	592.90	507.11	3387.71	-55.89	-47.80	-179.36
2024-09-05T07:49:16	591.04	513.74	3381.90	-56.05	-48.72	-180.01
2024-09-05T07:49:18	589.18	520.37	3376.08	-56.21	-49.64	-180.66
2024-09-05T07:49:20	587.33	526.99	3370.26	-56.36	-50.57	-181.31
2024-09-05T07:49:22	585.46	533.62	3364.43	-56.52	-51.52	-181.96
2024-09-05T07:49:24	583.60	540.24	3358.59	-56.68	-52.47	-182.60
2024-09-05T07:49:26	581.74	546.86	3352.75	-56.83	-53.43	-183.24
2024-09-05T07:49:28	579.88	553.48	3346.89	-56.99	-54.39	-183.88
2024-09-05T07:49:30	578.01	560.10	3341.04	-57.14	-55.37	-184.51
2024-09-05T07:49:32	576.14	566.72	3335.17	-57.29	-56.36	-185.14
2024-09-05T07:49:34	574.28	573.33	3329.29	-57.44	-57.35	-185.77
2024-09-05T07:49:36	572.41	579.95	3323.41	-57.59	-58.35	-186.39
2024-09-05T07:49:38	570.54	586.56	3317.52	-57.74	-59.36	-187.01
2024-09-05T07:49:40	568.66	593.18	3311.63	-57.89	-60.38	-187.63
2024-09-05T07:49:42	566.79	599.79	3305.72	-58.04	-61.41	-188.24
2024-09-05T07:49:44	564.92	606.40	3299.81	-58.18	-62.45	-188.85
2024-09-05T07:49:46	563.04	613.01	3293.90	-58.32	-63.50	-189.45
2024-09-05T07:49:48	561.17	619.62	3287.97	-58.47	-64.56	-190.05
2024-09-05T07:49:50	559.29	626.22	3282.04	-58.61	-65.62	-190.65
2024-09-05T07:49:52	557.41	632.83	3276.10	-58.75	-66.70	-191.24
2024-09-05T07:49:54	555.53	639.43	3270.15	-58.88	-67.78	-191.83
2024-09-05T07:49:56	553.65	646.03	3264.19	-59.02	-68.87	-192.41
2024-09-05T07:49:58	551.77	652.63	3258.23	-59.16	-69.97	-192.98
2024-09-05T07:50:00	549.88	659.23	3252.26	-59.29	-71.08	-193.56
2024-09-05T07:50:02	548.00	665.83	3246.28	-59.42	-72.20	-194.12
2024-09-05T07:50:04	546.11	672.43	3240.30	-59.55	-73.33	-194.68
2024-09-05T07:50:06	544.22	679.02	3234.30	-59.68	-74.47	-195.24
2024-09-05T07:50:08	542.34	685.61	3228.30	-59.81	-75.61	-195.79
2024-09-05T07:50:10	540.45	692.21	3222.30	-59.94	-76.77	-196.33
2024-09-05T07:50:12	538.56	698.79	3216.28	-60.06	-77.93	-196.87
2024-09-05T07:50:14	536.66	705.38	3210.25	-60.18	-79.10	-197.40
2024-09-05T07:50:16	534.77	711.97	3204.23	-60.30	-80.29	-197.92
2024-09-05T07:50:18	532.87	718.55	3198.19	-60.42	-81.48	-198.44
2024-09-05T07:50:20	530.98	725.14	3192.14	-60.54	-82.68	-198.96
2024-09-05T07:50:22	529.08	731.72	3186.09	-60.66	-83.89	-199.46
2024-09-05T07:50:24	527.18	738.30	3180.02	-60.77	-85.11	-199.96
2024-09-05T07:50:26	525.28	744.88	3173.95	-60.88	-86.33	-200.45
2024-09-05T07:50:28	523.38	751.45	3167.88	-60.99	-87.57	-200.94
2024-09-05T07:50:30	521.48	758.03	3161.79	-61.10	-88.81	-201.42
2024-09-05T07:50:32	519.58	764.60	3155.70	-61.20	-90.07	-201.89
2024-09-05T07:50:34	517.67	771.17	3149.60	-61.31	-91.33	-202.35
2024-09-05T07:50:36	515.76	777.74	3143.49	-61.41	-92.60	-202.80
2024-09-05T07:50:38	513.86	784.30	3137.37	-61.51	-93.88	-203.25
2024-09-05T07:50:40	511.95	790.87	3131.25	-61.61	-95.17	-203.69
2024-09-05T07:50:42	510.04	797.43	3125.11	-61.70	-96.47	-204.12
2024-09-05T07:50:44	508.13	803.99	3118.97	-61.79	-97.77	-204.54
2024-09-05T07:50:46	506.21	810.55	3112.83	-61.88	-99.09	-204.96
2024-09-05T07:50:48	504.30	817.10	3106.67	-61.97	-100.41	-205.36
2024-09-05T07:50:50	502.38	823.66	3100.51	-62.06	-101.75	-205.76
2024-09-05T07:50:52	500.47	830.21	3094.33	-62.14	-103.09	-206.14
2024-09-05T07:50:54	498.55	836.76	3088.15	-62.22	-104.44	-206.52
2024-09-05T07:50:56	496.63	843.31	3081.97	-62.30	-105.79	-206.89
2024-09-05T07:50:58	494.71	849.85	3075.77	-62.38	-107.16	-207.25
2024-09-05T07:51:00	492.79	856.40	3069.56	-62.45	-108.53	-207.60
2024-09-05T07:51:02	490.87	862.94	3063.35	-62.52	-109.92	-207.93
2024-09-05T07:51:04	488.94	869.48	3057.13	-62.59	-111.31	-208.26
2024-09-05T07:51:06	487.02	876.01	3050.91	-62.66	-112.71	-208.58
2024-09-05T07:51:08	485.09	882.55	3044.67	-62.72	-114.11	-208.89
2024-09-05T07:51:10	483.17	889.08	3038.42	-62.78	-115.53	-209.18
2024-09-05T07:51:12	481.24	895.61	3032.17	-62.84	-116.95	-209.47
2024-09-05T07:51:14	479.31	902.14	3025.91	-62.90	-118.38	-209.74
2024-09-05T07:51:16	477.38	908.66	3019.64	-62.95	-119.82	-210.01
2024-09-05T07:51:18	475.44	915.18	3013.36	-63.00	-121.27	-210.26
2024-09-05T07:51:20	473.51	921.70	3007.08	-63.05	-122.72	-210.50
2024-09-05T07:51:22	471.57	928.22	3000.78	-63.09	-124.18	-210.73
2024-09-05T07:51:24	469.64	934.73	2994.48	-63.13	-125.65	-210.95
2024-09-05T07:51:26	467.70	941.25	2988.17	-63.17	-127.13	-211.15
2024-09-05T07:51:28	465.76	947.76	2981.85	-63.20	-128.61	-211.34
2024-09-05T07:51:30	463.82	954.26	2975.52	-63.24	-130.10	-211.52
2024-09-05T07:51:32	461.88	960.77	2969.19	-63.26	-131.60	-211.69
2024-09-05T07:51:34	459.94	967.27	2962.85	-63.29	-133.10	-211.84
2024-09-05T07:51:36	457.99	973.77	2956.49	-63.31	-134.61	-211.98
2024-09-05T07:51:38	456.05	980.27	2950.13	-63.33	-136.13	-212.11
2024-09-05T07:51:40	454.10	986.76	2943.76	-63.35	-137.66	-212.23
2024-09-05T07:51:42	452.15	993.25	2937.39	-63.36	-139.19	-212.33
2024-09-05T07:51:44	450.20	999.74	2931.00	-63.37	-140.72	-212.41
2024-09-05T07:51:46	448.25	1006.22	2924.61	-63.38	-142.27	-212.48
2024-09-05T07:51:48	446.30	1012.70	2918.21	-63.38	-143.82	-212.54
2024-09-05T07:51:50	444.35	1019.18	2911.80	-63.38	-145.37	-212.59
2024-09-05T07:51:52	442.39	1025.66	2905.38	-63.38	-146.93	-212.62
2024-09-05T07:51:54	440.44	1032.13	2898.95	-63.37	-148.50	-212.63
2024-09-05T07:51:56	438.48	1038.60	2892.51	-63.36	-150.07	-212.63
2024-09-05T07:51:58	436.52	1045.07	2886.07	-63.34	-151.65	-212.61
2024-09-05T07:52:00	434.56	1051.53	2879.61	-63.33	-153.23	-212.58
2024-09-05T07:52:02	432.60	1057.99	2873.15	-63.30	-154.82	-212.54
2024-09-05T07:52:04	430.64	1064.45	2866.68	-63.28	-156.41	-212.47
2024-09-05T07:52:06	428.68	1070.90	2860.20	-63.25	-158.01	-212.39
2024-09-05T07:52:08	426.71	1077.36	2853.71	-63.22	-159.61	-212.30
2024-09-05T07:52:10	424.75	1083.80	2847.22	-63.18	-161.21	-212.19
2024-09-05T07:52:12	422.78	1090.25	2840.71	-63.14	-162.82	-212.06
2024-09-05T07:52:14	420.81	1096.69	2834.20	-63.10	-164.44	-211.92
2024-09-05T07:52:16	418.85	1103.13	2827.68	-63.05	-166.06	-211.76
2024-09-05T07:52:18	416.87	1109.56	2821.15	-63.00	-167.68	-211.58
2024-09-05T07:52:20	414.90	1115.99	2814.61	-62.94	-169.30	-211.38
2024-09-05T07:52:22	412.93	1122.42	2808.06	-62.88	-170.93	-211.17
2024-09-05T07:52:24	410.96	1128.85	2801.50	-62.82	-172.56	-210.94
2024-09-05T07:52:26	408.98	1135.27	2794.94	-62.75	-174.19	-210.69
2024-09-05T07:52:28	407.00	1141.69	2788.36	-62.68	-175.83	-210.43
2024-09-05T07:52:30	405.03	1148.10	2781.78	-62.61	-177.47	-210.14
2024-09-05T07:52:32	403.05	1154.51	2775.19	-62.53	-179.11	-209.84
2024-09-05T07:52:34	401.07	1160.92	2768.59	-62.45	-180.75	-209.52
2024-09-05T07:52:36	399.08	1167.32	2761.98	-62.36	-182.40	-209.18
2024-09-05T07:52:38	397.10	1173.72	2755.36	-62.27	-184.04	-208.82
2024-09-05T07:52:40	395.12	1180.11	2748.73	-62.17	-185.69	-208.45
2024-09-05T07:52:42	393.13	1186.51	2742.10	-62.07	-187.34	-208.05
2024-09-05T07:52:44	391.14	1192.89	2735.45	-61.97	-188.99	-207.63
2024-09-05T07:52:46	389.16	1199.28	2728.80	-61.86	-190.64	-207.20
2024-09-05T07:52:48	387.17	1205.66	2722.13	-61.75	-192.28	-206.74
2024-09-05T07:52:50	385.18	1212.03	2715.46	-61.63	-193.93	-206.27
2024-09-05T07:52:52	383.18	1218.41	2708.78	-61.51	-195.58	-205.78
2024-09-05T07:52:54	381.19	1224.78	2702.10	-61.39	-197.23	-205.26
2024-09-05T07:52:56	379.20	1231.14	2695.40	-61.26	-198.88	-204.73
2024-09-05T07:52:58	377.20	1237.50	2688.69	-61.12	-200.53	-204.17
2024-09-05T07:53:00	375.21	1243.86	2681.97	-60.99	-202.17	-203.60
2024-09-05T07:53:02	373.21	1250.21	2675.25	-60.84	-203.82	-203.00
2024-09-05T07:53:04	371.21	1256.56	2668.52	-60.70	-205.46	-202.39
2024-09-05T07:53:06	369.21	1262.90	2661.77	-60.55	-207.10	-201.75
2024-09-05T07:53:08	367.21	1269.24	2655.02	-60.39	-208.73	-201.09
2024-09-05T07:53:10	365.21	1275.57	2648.26	-60.23	-210.37	-200.41
2024-09-05T07:53:12	363.20	1281.91	2641.49	-60.07	-212.00	-199.71
2024-09-05T07:53:14	361.20	1288.23	2634.71	-59.90	-213.63	-198.99
2024-09-05T07:53:16	359.19	1294.55	2627.93	-59.73	-215.25	-198.25
2024-09-05T07:53:18	357.18	1300.87	2621.13	-59.55	-216.87	-197.48
2024-09-05T07:53:20	355.18	1307.18	2614.33	-59.37	-218.49	-196.70
2024-09-05T07:53:22	353.17	1313.49	2607.51	-59.18	-220.10	-195.89
2024-09-05T07:53:24	351.16	1319.80	2600.69	-58.99	-221.71	-195.06
2024-09-05T07:53:26	349.14	1326.10	2593.85	-58.79	-223.31	-194.21
2024-09-05T07:53:28	347.13	1332.39	2587.01	-58.60	-224.91	-193.34
2024-09-05T07:53:30	345.12	1338.68	2580.16	-58.39	-226.50	-192.44
2024-09-05T07:53:32	343.10	1344.97	2573.30	-58.18	-228.08	-191.52
2024-09-05T07:53:34	341.08	1351.25	2566.43	-57.97	-229.66	-190.58
2024-09-05T07:53:36	339.06	1357.52	2559.56	-57.75	-231.23	-189.62
2024-09-05T07:53:38	337.05	1363.79	2552.67	-57.53	-232.79	-188.63
2024-09-05T07:53:40	335.03	1370.06	2545.77	-57.31	-234.35	-187.63
2024-09-05T07:53:42	333.00	1376.32	2538.87	-57.07	-235.89	-186.60
2024-09-05T07:53:44	330.98	1382.58	2531.95	-56.84	-237.43	-185.55
2024-09-05T07:53:46	328.96	1388.83	2525.03	-56.60	-238.96	-184.47
2024-09-05T07:53:48	326.93	1395.08	2518.10	-56.36	-240.49	-183.37
2024-09-05T07:53:50	324.91	1401.32	2511.16	-56.11	-242.00	-182.25
2024-09-05T07:53:52	322.88	1407.56	2504.21	-55.86	-243.50	-181.11
2024-09-05T07:53:54	320.85	1413.79	2497.24	-55.60	-244.99	-179.95
2024-09-05T07:53:56	318.82	1420.01	2490.28	-55.34	-246.48	-178.76
2024-09-05T07:53:58	316.79	1426.23	2483.30	-55.07	-247.95	-177.55
2024-09-05T07:54:00	314.76	1432.45	2476.31	-54.80	-249.41	-176.32
2024-09-05T07:54:02	312.73	1438.66	2469.31	-54.53	-250.86	-175.06
2024-09-05T07:54:04	310.69	1444.87	2462.31	-54.25	-252.29	-173.78
2024-09-05T07:54:06	308.66	1451.07	2455.29	-53.97	-253.72	-172.48
2024-09-05T07:54:08	306.62	1457.26	2448.27	-53.68	-255.13	-171.16
2024-09-05T07:54:10	304.58	1463.45	2441.24	-53.39	-256.53	-169.81
2024-09-05T07:54:12	302.54	1469.63	2434.20	-53.10	-257.92	-168.44
2024-09-05T07:54:14	300.50	1475.81	2427.14	-52.80	-259.29	-167.05
2024-09-05T07:54:16	298.46	1481.98	2420.08	-52.49	-260.65	-165.64
2024-09-05T07:54:18	296.42	1488.15	2413.01	-52.19	-261.99	-164.20
2024-09-05T07:54:20	294.38	1494.31	2405.93	-51.87	-263.32	-162.74
2024-09-05T07:54:22	292.33	1500.47	2398.84	-51.56	-264.64	-161.26
2024-09-05T07:54:24	290.29	1506.61	2391.75	-51.24	-265.93	-159.76
2024-09-05T07:54:26	288.24	1512.76	2384.64	-50.92	-267.22	-158.23
2024-09-05T07:54:28	286.19	1518.90	2377.52	-50.59	-268.48	-156.69
2024-09-05T07:54:30	284.15	1525.03	2370.40	-50.26	-269.73	-155.12
2024-09-05T07:54:32	282.10	1531.16	2363.27	-49.92	-270.96	-153.53
2024-09-05T07:54:34	280.05	1537.28	2356.12	-49.58	-272.18	-151.91
2024-09-05T07:54:36	277.99	1543.39	2348.97	-49.24	-273.38	-150.28
2024-09-05T07:54:38	275.94	1549.50	2341.81	-48.89	-274.56	-148.63
2024-09-05T07:54:40	273.89	1555.60	2334.64	-48.54	-275.72	-146.95
2024-09-05T07:54:42	271.83	1561.70	2327.46	-48.19	-276.86	-145.25
2024-09-05T07:54:44	269.78	1567.79	2320.27	-47.83	-277.98	-143.53
2024-09-05T07:54:46	267.72	1573.87	2313.07	-47.47	-279.08	-141.79
2024-09-05T07:54:48	265.66	1579.95	2305.86	-47.11	-280.16	-140.03
2024-09-05T07:54:50	263.60	1586.02	2298.65	-46.74	-281.23	-138.25
2024-09-05T07:54:52	261.54	1592.08	2291.42	-46.37	-282.27	-136.45
2024-09-05T07:54:54	259.48	1598.14	2284.18	-46.00	-283.29	-134.63
2024-09-05T07:54:56	257.42	1604.20	2276.94	-45.62	-284.29	-132.79
2024-09-05T07:54:58	255.36	1610.24	2269.69	-45.24	-285.26	-130.93
2024-09-05T07:55:00	253.29	1616.28	2262.42	-44.85	-286.22	-129.05
2024-09-05T07:55:02	251.23	1622.31	2255.15	-44.47	-287.15	-127.15
2024-09-05T07:55:04	249.16	1628.34	2247.87	-44.08	-288.06	-125.23
2024-09-05T07:55:06	247.09	1634.36	2240.58	-43.68	-288.94	-123.29
2024-09-05T07:55:08	245.03	1640.37	2233.28	-43.29	-289.80	-121.34
2024-09-05T07:55:10	242.96	1646.38	2225.97	-42.89	-290.64	-119.36
2024-09-05T07:55:12	240.89	1652.38	2218.66	-42.49	-291.46	-117.37
2024-09-05T07:55:14	238.82	1658.37	2211.33	-42.09	-292.25	-115.36
2024-09-05T07:55:16	236.75	1664.35	2203.99	-41.68	-293.01	-113.34
2024-09-05T07:55:18	234.67	1670.33	2196.65	-41.27	-293.75	-111.29
2024-09-05T07:55:20	232.60	1676.30	2189.29	-40.86	-294.46	-109.23
2024-09-05T07:55:22	230.52	1682.27	2181.93	-40.45	-295.15	-107.15
2024-09-05T07:55:24	228.45	1688.23	2174.56	-40.03	-295.81	-105.06
2024-09-05T07:55:26	226.37	1694.18	2167.18	-39.61	-296.45	-102.95
2024-09-05T07:55:28	224.29	1700.12	2159.79	-39.19	-297.06	-100.82
2024-09-05T07:55:30	222.22	1706.06	2152.39	-38.77	-297.64	-98.68
2024-09-05T07:55:32	220.14	1711.99	2144.98	-38.34	-298.19	-96.52
2024-09-05T07:55:34	218.06	1717.91	2137.56	-37.92	-298.72	-94.35
2024-09-05T07:55:36	215.98	1723.83	2130.13	-37.49	-299.22	-92.17
2024-09-05T07:55:38	213.89	1729.74	2122.70	-37.06	-299.69	-89.97
2024-09-05T07:55:40	211.81	1735.64	2115.25	-36.63	-300.13	-87.75
2024-09-05T07:55:42	209.73	1741.53	2107.80	-36.19	-300.54	-85.53
2024-09-05T07:55:44	207.64	1747.41	2100.34	-35.76	-300.93	-83.29
2024-09-05T07:55:46	205.56	1753.29	2092.87	-35.32	-301.28	-81.03
2024-09-05T07:55:48	203.47	1759.16	2085.39	-34.89	-301.61	-78.77
2024-09-05T07:55:50	201.38	1765.03	2077.89	-34.45	-301.90	-76.49
2024-09-05T07:55:52	199.30	1770.88	2070.40	-34.01	-302.17	-74.21
2024-09-05T07:55:54	197.21	1776.73	2062.89	-33.57	-302.41	-71.91
2024-09-05T07:55:56	195.12	1782.57	2055.37	-33.12	-302.61	-69.60
2024-09-05T07:55:58	193.03	1788.40	2047.85	-32.68	-302.79	-67.28
2024-09-05T07:56:00	190.93	1794.23	2040.31	-32.24	-302.93	-64.95
2024-09-05T07:56:02	188.84	1800.04	2032.77	-31.79	-303.05	-62.62
2024-09-05T07:56:04	186.75	1805.85	2025.22	-31.35	-303.13	-60.27
2024-09-05T07:56:06	184.66	1811.65	2017.66	-30.90	-303.18	-57.91
2024-09-05T07:56:08	182.56	1817.45	2010.09	-30.46	-303.20	-55.55
2024-09-05T07:56:10	180.47	1823.23	2002.51	-30.01	-303.19	-53.18
2024-09-05T07:56:12	178.37	1829.01	1994.92	-29.56	-303.15	-50.80
2024-09-05T07:56:14	176.28	1834.78	1987.32	-29.12	-303.08	-48.42
2024-09-05T07:56:16	174.18	1840.54	1979.72	-28.67	-302.97	-46.03
2024-09-05T07:56:18	172.08	1846.29	1972.10	-28.22	-302.83	-43.63
2024-09-05T07:56:20	169.98	1852.04	1964.48	-27.78	-302.66	-41.23
2024-09-05T07:56:22	167.88	1857.77	1956.85	-27.33	-302.46	-38.83
2024-09-05T07:56:24	165.78	1863.50	1949.21	-26.89	-302.23	-36.42
2024-09-05T07:56:26	163.68	1869.22	1941.56	-26.44	-301.96	-34.01
2024-09-05T07:56:28	161.58	1874.93	1933.90	-26.00	-301.66	-31.59
2024-09-05T07:56:30	159.48	1880.63	1926.24	-25.55	-301.33	-29.17
2024-09-05T07:56:32	157.37	1886.33	1918.56	-25.11	-300.97	-26.75
2024-09-05T07:56:34	155.27	1892.02	1910.88	-24.67	-300.57	-24.33
2024-09-05T07:56:36	153.16	1897.69	1903.19	-24.22	-300.14	-21.90
2024-09-05T07:56:38	151.06	1903.36	1895.48	-23.78	-299.68	-19.48
2024-09-05T07:56:40	148.95	1909.02	1887.77	-23.34	-299.19	-17.05
2024-09-05T07:56:42	146.84	1914.67	1880.06	-22.91	-298.66	-14.62
2024-09-05T07:56:44	144.74	1920.32	1872.33	-22.47	-298.10	-12.20
2024-09-05T07:56:46	142.63	1925.95	1864.60	-22.03	-297.51	-9.78
2024-09-05T07:56:48	140.52	1931.58	1856.85	-21.60	-296.89	-7.35
2024-09-05T07:56:50	138.41	1937.19	1849.10	-21.17	-296.23	-4.93
2024-09-05T07:56:52	136.30	1942.80	1841.34	-20.73	-295.54	-2.52
2024-09-05T07:56:54	134.19	1948.40	1833.57	-20.31	-294.82	-0.10
2024-09-05T07:56:56	132.08	1953.99	1825.79	-19.88	-294.07	2.30
2024-09-05T07:56:58	129.97	1959.57	1818.01	-19.45	-293.29	4.71
2024-09-05T07:57:00	127.86	1965.14	1810.21	-19.03	-292.47	7.11
2024-09-05T07:57:02	125.75	1970.71	1802.41	-18.61	-291.62	9.51
2024-09-05T07:57:04	123.63	1976.26	1794.60	-18.19	-290.74	11.90
2024-09-05T07:57:06	121.52	1981.80	1786.78	-17.77	-289.83	14.28
2024-09-05T07:57:08	119.41	1987.34	1778.96	-17.36	-288.89	16.65
2024-09-05T07:57:10	117.29	1992.87	1771.12	-16.95	-287.91	19.02
2024-09-05T07:57:12	115.18	1998.38	1763.28	-16.54	-286.91	21.39
2024-09-05T07:57:14	113.06	2003.89	1755.42	-16.13	-285.87	23.74
2024-09-05T07:57:16	110.94	2009.39	1747.56	-15.73	-284.81	26.08
2024-09-05T07:57:18	108.83	2014.88	1739.70	-15.32	-283.71	28.42
2024-09-05T07:57:20	106.71	2020.36	1731.82	-14.93	-282.58	30.74
2024-09-05T07:57:22	104.59	2025.83	1723.94	-14.53	-281.42	33.06
2024-09-05T07:57:24	102.48	2031.29	1716.04	-14.14	-280.24	35.36
2024-09-05T07:57:26	100.35	2036.75	1708.14	-13.75	-279.02	37.65
2024-09-05T07:57:28	98.24	2042.19	1700.24	-13.36	-277.77	39.93
2024-09-05T07:57:30	96.12	2047.62	1692.32	-12.98	-276.50	42.20
2024-09-05T07:57:32	94.00	2053.04	1684.39	-12.60	-275.19	44.46
2024-09-05T07:57:34	91.88	2058.46	1676.46	-12.22	-273.86	46.70
2024-09-05T07:57:36	89.76	2063.86	1668.52	-11.85	-272.50	48.93
2024-09-05T07:57:38	87.64	2069.25	1660.57	-11.48	-271.11	51.15
2024-09-05T07:57:40	85.51	2074.64	1652.62	-11.12	-269.69	53.35
2024-09-05T07:57:42	83.39	2080.01	1644.66	-10.75	-268.24	55.53
2024-09-05T07:57:44	81.27	2085.38	1636.68	-10.40	-266.77	57.70
2024-09-05T07:57:46	79.15	2090.73	1628.70	-10.04	-265.27	59.86
2024-09-05T07:57:48	77.02	2096.08	1620.72	-9.69	-263.75	62.00
2024-09-05T07:57:50	74.90	2101.41	1612.72	-9.35	-262.20	64.12
2024-09-05T07:57:52	72.78	2106.74	1604.72	-9.00	-260.62	66.22
2024-09-05T07:57:54	70.65	2112.05	1596.71	-8.66	-259.02	68.31
2024-09-05T07:57:56	68.53	2117.36	1588.69	-8.33	-257.39	70.38
2024-09-05T07:57:58	66.40	2122.65	1580.67	-8.00	-255.74	72.43
2024-09-05T07:58:00	64.28	2127.94	1572.64	-7.67	-254.06	74.46
2024-09-05T07:58:02	62.15	2133.21	1564.60	-7.35	-252.36	76.48
2024-09-05T07:58:04	60.03	2138.48	1556.55	-7.04	-250.64	78.47
2024-09-05T07:58:06	57.90	2143.73	1548.49	-6.72	-248.89	80.44
2024-09-05T07:58:08	55.78	2148.98	1540.43	-6.41	-247.12	82.40
2024-09-05T07:58:10	53.65	2154.21	1532.36	-6.11	-245.33	84.33
2024-09-05T07:58:12	51.53	2159.43	1524.29	-5.81	-243.52	86.24
2024-09-05T07:58:14	49.40	2164.65	1516.20	-5.52	-241.69	88.13
2024-09-05T07:58:16	47.27	2169.85	1508.11	-5.22	-239.83	90.00
2024-09-05T07:58:18	45.14	2175.05	1500.01	-4.94	-237.96	91.85
2024-09-05T07:58:20	43.02	2180.23	1491.91	-4.66	-236.06	93.68
2024-09-05T07:58:22	40.89	2185.40	1483.80	-4.38	-234.14	95.48
2024-09-05T07:58:24	38.76	2190.56	1475.68	-4.11	-232.21	97.26
2024-09-05T07:58:26	36.63	2195.71	1467.55	-3.84	-230.26	99.02
2024-09-05T07:58:28	34.51	2200.85	1459.42	-3.58	-228.29	100.75
2024-09-05T07:58:30	32.38	2205.98	1451.28	-3.32	-226.30	102.46
2024-09-05T07:58:32	30.25	2211.10	1443.13	-3.07	-224.29	104.15
2024-09-05T07:58:34	28.12	2216.21	1434.97	-2.82	-222.27	105.81
2024-09-05T07:58:36	26.00	2221.31	1426.81	-2.58	-220.23	107.45
2024-09-05T07:58:38	23.87	2226.40	1418.64	-2.34	-218.18	109.06
2024-09-05T07:58:40	21.74	2231.48	1410.47	-2.11	-216.11	110.65
2024-09-05T07:58:42	19.61	2236.54	1402.29	-1.88	-214.02	112.21
2024-09-05T07:58:44	17.48	2241.60	1394.10	-1.65	-211.92	113.75
2024-09-05T07:58:46	15.35	2246.64	1385.90	-1.43	-209.81	115.27
2024-09-05T07:58:48	13.22	2251.68	1377.70	-1.22	-207.69	116.75
2024-09-05T07:58:50	11.09	2256.70	1369.49	-1.01	-205.55	118.22
2024-09-05T07:58:52	8.97	2261.71	1361.28	-0.81	-203.40	119.65
2024-09-05T07:58:54	6.84	2266.72	1353.06	-0.61	-201.24	121.06
2024-09-05T07:58:56	4.71	2271.71	1344.83	-0.41	-199.06	122.44
2024-09-05T07:58:58	2.58	2276.69	1336.59	-0.22	-196.88	123.80
2024-09-05T07:59:00	0.45	2281.66	1328.35	-0.04	-194.68	125.13
2024-09-05T07:59:02	-1.68	2286.62	1320.11	0.14	-192.48	126.44
2024-09-05T07:59:04	-3.81	2291.57	1311.85	0.32	-190.27	127.71
2024-09-05T07:59:06	-5.94	2296.50	1303.59	0.49	-188.04	128.96
2024-09-05T07:59:08	-8.06	2301.43	1295.33	0.65	-185.81	130.19
2024-09-05T07:59:10	-10.19	2306.34	1287.05	0.81	-183.57	131.39
2024-09-05T07:59:12	-12.32	2311.25	1278.77	0.97	-181.33	132.56
2024-09-05T07:59:14	-14.45	2316.14	1270.49	1.12	-179.08	133.70
2024-09-05T07:59:16	-16.58	2321.02	1262.20	1.26	-176.82	134.81
2024-09-05T07:59:18	-18.71	2325.89	1253.90	1.40	-174.56	135.90
2024-09-05T07:59:20	-20.84	2330.75	1245.60	1.54	-172.29	136.97
2024-09-05T07:59:22	-22.96	2335.60	1237.29	1.67	-170.01	138.00
2024-09-05T07:59:24	-25.09	2340.43	1228.98	1.80	-167.74	139.01
2024-09-05T07:59:26	-27.22	2345.26	1220.66	1.92	-165.46	139.99
2024-09-05T07:59:28	-29.35	2350.07	1212.33	2.04	-163.17	140.94
2024-09-05T07:59:30	-31.47	2354.88	1204.00	2.15	-160.88	141.87
2024-09-05T07:59:32	-33.60	2359.67	1195.66	2.26	-158.59	142.76
2024-09-05T07:59:34	-35.73	2364.45	1187.32	2.36	-156.30	143.64
2024-09-05T07:59:36	-37.85	2369.22	1178.97	2.46	-154.01	144.48
2024-09-05T07:59:38	-39.98	2373.98	1170.61	2.56	-151.72	145.30
2024-09-05T07:59:40	-42.11	2378.73	1162.25	2.65	-149.42	146.09
2024-09-05T07:59:42	-44.23	2383.47	1153.89	2.73	-147.13	146.85
2024-09-05T07:59:44	-46.36	2388.19	1145.52	2.81	-144.84	147.59
2024-09-05T07:59:46	-48.49	2392.90	1137.14	2.89	-142.55	148.30
2024-09-05T07:59:48	-50.61	2397.61	1128.76	2.96	-140.26	148.98
2024-09-05T07:59:50	-52.74	2402.29	1120.37	3.03	-137.97	149.64
2024-09-05T07:59:52	-54.86	2406.97	1111.98	3.09	-135.68	150.27
2024-09-05T07:59:54	-56.99	2411.64	1103.58	3.15	-133.40	150.88
2024-09-05T07:59:56	-59.11	2416.30	1095.18	3.21	-131.12	151.46
2024-09-05T07:59:58	-61.23	2420.95	1086.77	3.26	-128.85	152.01
2024-09-05T08:00:00	-63.36	2425.58	1078.36	3.31	-126.57	152.54
2024-09-05T08:00:02	-65.48	2430.20	1069.94	3.35	-124.31	153.04
2024-09-05T08:00:04	-67.61	2434.81	1061.51	3.39	-122.05	153.51
2024-09-05T08:00:06	-69.73	2439.41	1053.08	3.42	-119.79	153.96
2024-09-05T08:00:08	-71.85	2444.00	1044.65	3.46	-117.54	154.39
2024-09-05T08:00:10	-73.97	2448.58	1036.21	3.48	-115.29	154.79
2024-09-05T08:00:12	-76.09	2453.14	1027.77	3.51	-113.06	155.16
2024-09-05T08:00:14	-78.22	2457.70	1019.32	3.53	-110.82	155.52
2024-09-05T08:00:16	-80.34	2462.24	1010.87	3.54	-108.60	155.84
2024-09-05T08:00:18	-82.46	2466.77	1002.41	3.56	-106.39	156.14
2024-09-05T08:00:20	-84.58	2471.29	993.95	3.57	-104.18	156.42
2024-09-05T08:00:22	-86.70	2475.80	985.48	3.57	-101.98	156.68
2024-09-05T08:00:24	-88.82	2480.29	977.01	3.57	-99.79	156.91
2024-09-05T08:00:26	-90.93	2484.78	968.54	3.57	-97.61	157.11
2024-09-05T08:00:28	-93.05	2489.25	960.05	3.57	-95.43	157.30
2024-09-05T08:00:30	-95.17	2493.71	951.57	3.56	-93.27	157.46
2024-09-05T08:00:32	-97.29	2498.16	943.08	3.55	-91.12	157.60
2024-09-05T08:00:34	-99.41	2502.60	934.59	3.53	-88.98	157.71
2024-09-05T08:00:36	-101.52	2507.03	926.09	3.52	-86.84	157.81
2024-09-05T08:00:38	-103.64	2511.45	917.59	3.50	-84.72	157.88
2024-09-05T08:00:40	-105.75	2515.85	909.08	3.47	-82.61	157.93
2024-09-05T08:00:42	-107.87	2520.24	900.57	3.45	-80.52	157.96
2024-09-05T08:00:44	-109.98	2524.62	892.05	3.42	-78.43	157.97
2024-09-05T08:00:46	-112.10	2528.99	883.54	3.38	-76.36	157.95
2024-09-05T08:00:48	-114.21	2533.35	875.01	3.35	-74.30	157.92
2024-09-05T08:00:50	-116.32	2537.70	866.49	3.31	-72.25	157.86
2024-09-05T08:00:52	-118.44	2542.03	857.96	3.27	-70.21	157.79
2024-09-05T08:00:54	-120.55	2546.36	849.42	3.23	-68.19	157.69
2024-09-05T08:00:56	-122.66	2550.67	840.88	3.18	-66.18	157.58
2024-09-05T08:00:58	-124.77	2554.97	832.34	3.13	-64.18	157.45
2024-09-05T08:01:00	-126.88	2559.26	823.79	3.08	-62.20	157.29
2024-09-05T08:01:02	-128.99	2563.53	815.24	3.03	-60.23	157.12
2024-09-05T08:01:04	-131.10	2567.80	806.69	2.98	-58.28	156.93
2024-09-05T08:01:06	-133.21	2572.06	798.13	2.92	-56.34	156.73
2024-09-05T08:01:08	-135.32	2576.30	789.57	2.86	-54.41	156.50
2024-09-05T08:01:10	-137.42	2580.53	781.01	2.80	-52.50	156.26
2024-09-05T08:01:12	-139.53	2584.75	772.44	2.73	-50.61	156.00
2024-09-05T08:01:14	-141.63	2588.96	763.87	2.67	-48.73	155.72
2024-09-05T08:01:16	-143.74	2593.15	755.29	2.60	-46.86	155.43
2024-09-05T08:01:18	-145.84	2597.34	746.72	2.53	-45.01	155.12
2024-09-05T08:01:20	-147.95	2601.51	738.14	2.46	-43.18	154.79
2024-09-05T08:01:22	-150.05	2605.67	729.55	2.38	-41.36	154.45
2024-09-05T08:01:24	-152.15	2609.82	720.96	2.31	-39.56	154.09
2024-09-05T08:01:26	-154.25	2613.96	712.37	2.23	-37.77	153.72
2024-09-05T08:01:28	-156.36	2618.09	703.78	2.15	-36.00	153.33
2024-09-05T08:01:30	-158.46	2622.20	695.18	2.07	-34.25	152.93
2024-09-05T08:01:32	-160.56	2626.31	686.58	1.99	-32.51	152.51
2024-09-05T08:01:34	-162.66	2630.40	677.98	1.90	-30.79	152.08
2024-09-05T08:01:36	-164.75	2634.48	669.37	1.82	-29.08	151.63
2024-09-05T08:01:38	-166.85	2638.55	660.76	1.73	-27.39	151.18
2024-09-05T08:01:40	-168.95	2642.61	652.15	1.64	-25.72	150.71
2024-09-05T08:01:42	-171.04	2646.66	643.54	1.56	-24.07	150.22
2024-09-05T08:01:44	-173.14	2650.69	634.92	1.46	-22.43	149.72
2024-09-05T08:01:46	-175.23	2654.72	626.30	1.37	-20.80	149.22
2024-09-05T08:01:48	-177.33	2658.73	617.67	1.28	-19.20	148.69
2024-09-05T08:01:50	-179.42	2662.73	609.05	1.19	-17.61	148.16
2024-09-05T08:01:52	-181.51	2666.72	600.42	1.09	-16.04	147.62
2024-09-05T08:01:54	-183.60	2670.70	591.79	1.00	-14.49	147.06
2024-09-05T08:01:56	-185.69	2674.66	583.16	0.90	-12.95	146.50
2024-09-05T08:01:58	-187.78	2678.62	574.52	0.80	-11.43	145.92
2024-09-05T08:02:00	-189.87	2682.56	565.88	0.70	-9.92	145.33
2024-09-05T08:02:02	-191.96	2686.50	557.24	0.60	-8.44	144.73
2024-09-05T08:02:04	-194.05	2690.42	548.59	0.50	-6.97	144.13
2024-09-05T08:02:06	-196.13	2694.33	539.95	0.40	-5.52	143.51
2024-09-05T08:02:08	-198.22	2698.23	531.30	0.30	-4.08	142.89
2024-09-05T08:02:10	-200.30	2702.11	522.65	0.20	-2.67	142.25
2024-09-05T08:02:12	-202.39	2705.99	514.00	0.09	-1.27	141.61
2024-09-05T08:02:14	-204.47	2709.85	505.35	-0.01	0.12	140.96
2024-09-05T08:02:16	-206.55	2713.70	496.69	-0.11	1.48	140.30
2024-09-05T08:02:18	-208.63	2717.55	488.03	-0.22	2.83	139.63
2024-09-05T08:02:20	-210.71	2721.38	479.37	-0.32	4.17	138.95
2024-09-05T08:02:22	-212.79	2725.20	470.71	-0.43	5.48	138.27
2024-09-05T08:02:24	-214.87	2729.00	462.04	-0.53	6.78	137.58
2024-09-05T08:02:26	-216.95	2732.80	453.38	-0.64	8.06	136.89
2024-09-05T08:02:28	-219.02	2736.59	444.71	-0.75	9.33	136.18
2024-09-05T08:02:30	-221.10	2740.36	436.04	-0.85	10.57	135.47
2024-09-05T08:02:32	-223.17	2744.12	427.37	-0.96	11.81	134.76
2024-09-05T08:02:34	-225.25	2747.88	418.69	-1.07	13.02	134.03
2024-09-05T08:02:36	-227.32	2751.62	410.02	-1.17	14.22	133.31
2024-09-05T08:02:38	-229.39	2755.35	401.34	-1.28	15.40	132.57
2024-09-05T08:02:40	-231.47	2759.07	392.66	-1.39	16.56	131.84
2024-09-05T08:02:42	-233.53	2762.77	383.98	-1.50	17.71	131.09
2024-09-05T08:02:44	-235.60	2766.47	375.30	-1.60	18.84	130.34
2024-09-05T08:02:46	-237.67	2770.15	366.61	-1.71	19.96	129.59
2024-09-05T08:02:48	-239.74	2773.83	357.93	-1.82	21.06	128.84
2024-09-05T08:02:50	-241.81	2777.49	349.24	-1.93	22.14	128.07
2024-09-05T08:02:52	-243.87	2781.15	340.56	-2.04	23.21	127.31
2024-09-05T08:02:54	-245.93	2784.79	331.87	-2.14	24.26	126.54
2024-09-05T08:02:56	-248.00	2788.41	323.18	-2.25	25.30	125.77
2024-09-05T08:02:58	-250.06	2792.04	314.49	-2.36	26.32	124.99
2024-09-05T08:03:00	-252.12	2795.64	305.80	-2.46	27.32	124.21
2024-09-05T08:03:02	-254.18	2799.24	297.10	-2.57	28.31	123.43
2024-09-05T08:03:04	-256.24	2802.83	288.41	-2.68	29.28	122.65
2024-09-05T08:03:06	-258.30	2806.40	279.71	-2.78	30.24	121.86
2024-09-05T08:03:08	-260.36	2809.97	271.01	-2.89	31.18	121.07
2024-09-05T08:03:10	-262.41	2813.52	262.31	-2.99	32.11	120.28
2024-09-05T08:03:12	-264.47	2817.07	253.62	-3.10	33.02	119.49
2024-09-05T08:03:14	-266.52	2820.60	244.92	-3.21	33.92	118.69
2024-09-05T08:03:16	-268.58	2824.12	236.21	-3.31	34.80	117.90
2024-09-05T08:03:18	-270.63	2827.63	227.51	-3.41	35.67	117.10
2024-09-05T08:03:20	-272.68	2831.13	218.81	-3.52	36.52	116.30
2024-09-05T08:03:22	-274.73	2834.62	210.10	-3.62	37.36	115.50
2024-09-05T08:03:24	-276.78	2838.10	201.40	-3.72	38.19	114.69
2024-09-05T08:03:26	-278.83	2841.56	192.69	-3.83	39.00	113.89
2024-09-05T08:03:28	-280.87	2845.02	183.99	-3.93	39.79	113.09
2024-09-05T08:03:30	-282.92	2848.47	175.28	-4.03	40.57	112.28
2024-09-05T08:03:32	-284.96	2851.90	166.57	-4.13	41.34	111.48
2024-09-05T08:03:34	-287.00	2855.33	157.87	-4.23	42.10	110.67
2024-09-05T08:03:36	-289.05	2858.74	149.16	-4.33	42.84	109.87
2024-09-05T08:03:38	-291.09	2862.15	140.45	-4.43	43.56	109.07
2024-09-05T08:03:40	-293.13	2865.54	131.74	-4.53	44.28	108.26
2024-09-05T08:03:42	-295.17	2868.92	123.03	-4.63	44.98	107.46
2024-09-05T08:03:44	-297.21	2872.29	114.32	-4.73	45.66	106.65
2024-09-05T08:03:46	-299.24	2875.66	105.61	-4.82	46.34	105.85
2024-09-05T08:03:48	-301.28	2879.01	96.89	-4.92	47.00	105.05
2024-09-05T08:03:50	-303.32	2882.35	88.18	-5.01	47.65	104.24
2024-09-05T08:03:52	-305.35	2885.68	79.47	-5.11	48.28	103.44
2024-09-05T08:03:54	-307.38	2889.00	70.76	-5.20	48.91	102.64
2024-09-05T08:03:56	-309.41	2892.31	62.04	-5.30	49.52	101.84
2024-09-05T08:03:58	-311.44	2895.61	53.33	-5.39	50.12	101.05
2024-09-05T08:04:00	-313.47	2898.90	44.62	-5.48	50.70	100.25
2024-09-05T08:04:02	-315.50	2902.18	35.91	-5.57	51.28	99.46
2024-09-05T08:04:04	-317.53	2905.45	27.19	-5.67	51.84	98.66
2024-09-05T08:04:06	-319.55	2908.71	18.48	-5.76	52.39	97.87
2024-09-05T08:04:08	-321.58	2911.95	9.76	-5.84	52.93	97.08
2024-09-05T08:04:10	-323.60	2915.19	1.05	-5.93	53.45	96.29
2024-09-05T08:04:12	-325.62	2918.42	-7.66	-6.02	53.97	95.51
2024-09-05T08:04:14	-327.65	2921.64	-16.37	-6.11	54.48	94.72
2024-09-05T08:04:16	-329.67	2924.85	-25.09	-6.20	54.97	93.94
2024-09-05T08:04:18	-331.68	2928.04	-33.80	-6.28	55.45	93.16
2024-09-05T08:04:20	-333.70	2931.23	-42.51	-6.37	55.92	92.38
2024-09-05T08:04:22	-335.72	2934.41	-51.23	-6.45	56.39	91.61
2024-09-05T08:04:24	-337.74	2937.57	-59.94	-6.53	56.84	90.83
2024-09-05T08:04:26	-339.75	2940.73	-68.65	-6.62	57.28	90.06
2024-09-05T08:04:28	-341.76	2943.88	-77.37	-6.70	57.71	89.29
2024-09-05T08:04:30	-343.77	2947.02	-86.08	-6.78	58.12	88.53
2024-09-05T08:04:32	-345.78	2950.14	-94.79	-6.86	58.53	87.77
2024-09-05T08:04:34	-347.80	2953.26	-103.50	-6.94	58.93	87.01
2024-09-05T08:04:36	-349.80	2956.37	-112.21	-7.02	59.32	86.25
2024-09-05T08:04:38	-351.81	2959.47	-120.92	-7.10	59.70	85.50
2024-09-05T08:04:40	-353.81	2962.56	-129.64	-7.17	60.07	84.74
2024-09-05T08:04:42	-355.82	2965.63	-138.35	-7.25	60.43	84.00
2024-09-05T08:04:44	-357.82	2968.70	-147.06	-7.33	60.79	83.25
2024-09-05T08:04:46	-359.83	2971.76	-155.76	-7.40	61.13	82.51
2024-09-05T08:04:48	-361.83	2974.81	-164.47	-7.48	61.46	81.77
2024-09-05T08:04:50	-363.83	2977.85	-173.18	-7.55	61.78	81.03
2024-09-05T08:04:52	-365.83	2980.88	-181.89	-7.62	62.10	80.30
2024-09-05T08:04:54	-367.83	2983.90	-190.60	-7.69	62.41	79.57
2024-09-05T08:04:56	-369.82	2986.91	-199.30	-7.76	62.70	78.84
2024-09-05T08:04:58	-371.82	2989.91	-208.01	-7.83	62.99	78.12
2024-09-05T08:05:00	-373.81	2992.90	-216.71	-7.90	63.27	77.40
2024-09-05T08:05:02	-375.80	2995.88	-225.42	-7.97	63.55	76.69
2024-09-05T08:05:04	-377.79	2998.86	-234.12	-8.04	63.81	75.97
2024-09-05T08:05:06	-379.79	3001.82	-242.82	-8.11	64.07	75.27
2024-09-05T08:05:08	-381.77	3004.77	-251.52	-8.17	64.31	74.56
2024-09-05T08:05:10	-383.76	3007.72	-260.23	-8.24	64.55	73.86
2024-09-05T08:05:12	-385.75	3010.65	-268.93	-8.30	64.79	73.16
2024-09-05T08:05:14	-387.74	3013.58	-277.63	-8.36	65.01	72.47
2024-09-05T08:05:16	-389.72	3016.49	-286.33	-8.43	65.23	71.78
2024-09-05T08:05:18	-391.70	3019.40	-295.03	-8.49	65.44	71.09
2024-09-05T08:05:20	-393.68	3022.30	-303.72	-8.55	65.64	70.40
2024-09-05T08:05:22	-395.67	3025.19	-312.42	-8.61	65.84	69.73
2024-09-05T08:05:24	-397.64	3028.06	-321.11	-8.67	66.03	69.05
2024-09-05T08:05:26	-399.62	3030.93	-329.81	-8.73	66.21	68.38
2024-09-05T08:05:28	-401.60	3033.79	-338.50	-8.79	66.38	67.71
2024-09-05T08:05:30	-403.58	3036.64	-347.19	-8.84	66.55	67.04
2024-09-05T08:05:32	-405.55	3039.49	-355.88	-8.90	66.71	66.38
2024-09-05T08:05:34	-407.52	3042.32	-364.58	-8.96	66.87	65.73
2024-09-05T08:05:36	-409.50	3045.14	-373.26	-9.01	67.01	65.07
2024-09-05T08:05:38	-411.47	3047.96	-381.95	-9.07	67.16	64.43
2024-09-05T08:05:40	-413.44	3050.76	-390.64	-9.12	67.29	63.78
2024-09-05T08:05:42	-415.41	3053.56	-399.32	-9.17	67.42	63.14
2024-09-05T08:05:44	-417.37	3056.35	-408.01	-9.22	67.54	62.50
2024-09-05T08:05:46	-419.34	3059.13	-416.69	-9.27	67.66	61.87
2024-09-05T08:05:48	-421.30	3061.90	-425.37	-9.33	67.77	61.24
2024-09-05T08:05:50	-423.27	3064.66	-434.05	-9.37	67.88	60.61
2024-09-05T08:05:52	-425.23	3067.41	-442.73	-9.42	67.98	59.99
2024-09-05T08:05:54	-427.19	3070.15	-451.41	-9.47	68.07	59.37
2024-09-05T08:05:56	-429.15	3072.89	-460.09	-9.52	68.16	58.76
2024-09-05T08:05:58	-431.11	3075.62	-468.76	-9.57	68.24	58.15
2024-09-05T08:06:00	-433.07	3078.33	-477.44	-9.61	68.32	57.54
2024-09-05T08:06:02	-435.02	3081.04	-486.11	-9.66	68.39	56.94
2024-09-05T08:06:04	-436.98	3083.74	-494.78	-9.70	68.46	56.34
2024-09-05T08:06:06	-438.93	3086.43	-503.45	-9.74	68.52	55.75
2024-09-05T08:06:08	-440.88	3089.12	-512.12	-9.79	68.58	55.16
2024-09-05T08:06:10	-442.83	3091.79	-520.79	-9.83	68.63	54.57
2024-09-05T08:06:12	-444.78	3094.45	-529.46	-9.87	68.68	53.99
2024-09-05T08:06:14	-446.73	3097.11	-538.12	-9.91	68.72	53.41
2024-09-05T08:06:16	-448.68	3099.76	-546.78	-9.95	68.76	52.84
2024-09-05T08:06:18	-450.62	3102.40	-555.44	-9.99	68.79	52.27
2024-09-05T08:06:20	-452.57	3105.03	-564.10	-10.03	68.82	51.70
2024-09-05T08:06:22	-454.51	3107.65	-572.76	-10.07	68.84	51.14
2024-09-05T08:06:24	-456.46	3110.27	-581.42	-10.11	68.86	50.58
2024-09-05T08:06:26	-458.40	3112.87	-590.07	-10.14	68.88	50.03
2024-09-05T08:06:28	-460.34	3115.47	-598.73	-10.18	68.89	49.48
2024-09-05T08:06:30	-462.28	3118.06	-607.38	-10.21	68.90	48.93
2024-09-05T08:06:32	-464.21	3120.64	-616.03	-10.25	68.90	48.39
2024-09-05T08:06:34	-466.15	3123.22	-624.68	-10.28	68.90	47.85
2024-09-05T08:06:36	-468.08	3125.78	-633.33	-10.32	68.89	47.32
2024-09-05T08:06:38	-470.02	3128.34	-641.97	-10.35	68.88	46.78
2024-09-05T08:06:40	-471.95	3130.89	-650.62	-10.38	68.87	46.26
2024-09-05T08:06:42	-473.88	3133.43	-659.26	-10.41	68.85	45.73
2024-09-05T08:06:44	-475.81	3135.96	-667.90	-10.44	68.83	45.21
2024-09-05T08:06:46	-477.74	3138.48	-676.54	-10.47	68.81	44.70
2024-09-05T08:06:48	-479.67	3141.00	-685.17	-10.50	68.78	44.19
2024-09-05T08:06:50	-481.59	3143.51	-693.81	-10.53	68.75	43.68
2024-09-05T08:06:52	-483.52	3146.00	-702.44	-10.56	68.72	43.18
2024-09-05T08:06:54	-485.44	3148.50	-711.07	-10.59	68.68	42.67
2024-09-05T08:06:56	-487.37	3150.98	-719.70	-10.62	68.64	42.18
2024-09-05T08:06:58	-489.29	3153.46	-728.33	-10.64	68.59	41.69
2024-09-05T08:07:00	-491.21	3155.92	-736.96	-10.67	68.55	41.20
2024-09-05T08:07:02	-493.12	3158.38	-745.58	-10.69	68.50	40.71
2024-09-05T08:07:04	-495.04	3160.84	-754.21	-10.72	68.44	40.23
2024-09-05T08:07:06	-496.96	3163.28	-762.83	-10.74	68.39	39.75
2024-09-05T08:07:08	-498.88	3165.72	-771.45	-10.77	68.33	39.28
2024-09-05T08:07:10	-500.79	3168.15	-780.06	-10.79	68.26	38.81
2024-09-05T08:07:12	-502.70	3170.57	-788.68	-10.81	68.20	38.34
2024-09-05T08:07:14	-504.61	3172.98	-797.29	-10.83	68.13	37.88
2024-09-05T08:07:16	-506.52	3175.38	-805.90	-10.86	68.06	37.42
2024-09-05T08:07:18	-508.43	3177.78	-814.51	-10.88	67.98	36.96
2024-09-05T08:07:20	-510.34	3180.17	-823.12	-10.90	67.91	36.51
2024-09-05T08:07:22	-512.24	3182.56	-831.72	-10.92	67.83	36.06
2024-09-05T08:07:24	-514.15	3184.93	-840.32	-10.94	67.75	35.61
2024-09-05T08:07:26	-516.06	3187.30	-848.93	-10.96	67.66	35.17
2024-09-05T08:07:28	-517.96	3189.66	-857.53	-10.97	67.58	34.73
2024-09-05T08:07:30	-519.86	3192.01	-866.12	-10.99	67.49	34.30
2024-09-05T08:07:32	-521.76	3194.36	-874.72	-11.01	67.40	33.87
2024-09-05T08:07:34	-523.66	3196.69	-883.31	-11.03	67.31	33.44
2024-09-05T08:07:36	-525.55	3199.02	-891.90	-11.04	67.21	33.01
2024-09-05T08:07:38	-527.45	3201.35	-900.49	-11.06	67.11	32.59
2024-09-05T08:07:40	-529.35	3203.66	-909.08	-11.07	67.01	32.18
2024-09-05T08:07:42	-531.24	3205.97	-917.66	-11.09	66.91	31.76
2024-09-05T08:07:44	-533.14	3208.27	-926.25	-11.10	66.81	31.35
2024-09-05T08:07:46	-535.03	3210.56	-934.82	-11.12	66.70	30.94
2024-09-05T08:07:48	-536.92	3212.85	-943.40	-11.13	66.59	30.54
2024-09-05T08:07:50	-538.81	3215.13	-951.98	-11.14	66.48	30.14
2024-09-05T08:07:52	-540.69	3217.40	-960.55	-11.15	66.37	29.74
2024-09-05T08:07:54	-542.58	3219.66	-969.13	-11.17	66.26	29.35
2024-09-05T08:07:56	-544.46	3221.92	-977.70	-11.18	66.14	28.96
2024-09-05T08:07:58	-546.35	3224.17	-986.27	-11.19	66.02	28.57
2024-09-05T08:08:00	-548.23	3226.41	-994.83	-11.20	65.91	28.18
2024-09-05T08:08:02	-550.12	3228.65	-1003.39	-11.21	65.79	27.80
2024-09-05T08:08:04	-551.99	3230.88	-1011.96	-11.22	65.66	27.43
2024-09-05T08:08:06	-553.88	3233.10	-1020.51	-11.23	65.54	27.05
2024-09-05T08:08:08	-555.75	3235.32	-1029.07	-11.24	65.41	26.68
2024-09-05T08:08:10	-557.63	3237.52	-1037.62	-11.24	65.29	26.31
2024-09-05T08:08:12	-559.50	3239.72	-1046.18	-11.25	65.16	25.94
2024-09-05T08:08:14	-561.38	3241.92	-1054.73	-11.26	65.03	25.58
2024-09-05T08:08:16	-563.25	3244.10	-1063.27	-11.27	64.90	25.22
2024-09-05T08:08:18	-565.13	3246.28	-1071.82	-11.27	64.76	24.87
2024-09-05T08:08:20	-567.00	3248.46	-1080.36	-11.28	64.63	24.51
2024-09-05T08:08:22	-568.87	3250.62	-1088.91	-11.29	64.49	24.16
2024-09-05T08:08:24	-570.73	3252.78	-1097.44	-11.29	64.36	23.82
2024-09-05T08:08:26	-572.60	3254.94	-1105.98	-11.30	64.22	23.47
2024-09-05T08:08:28	-574.47	3257.08	-1114.51	-11.30	64.08	23.13
2024-09-05T08:08:30	-576.33	3259.22	-1123.04	-11.31	63.94	22.79
2024-09-05T08:08:32	-578.20	3261.35	-1131.57	-11.31	63.80	22.46
2024-09-05T08:08:34	-580.06	3263.48	-1140.10	-11.31	63.66	22.13
2024-09-05T08:08:36	-581.92	3265.60	-1148.63	-11.32	63.51	21.80
2024-09-05T08:08:38	-583.78	3267.71	-1157.15	-11.32	63.37	21.47
2024-09-05T08:08:40	-585.64	3269.81	-1165.67	-11.32	63.22	21.15
2024-09-05T08:08:42	-587.50	3271.91	-1174.19	-11.33	63.07	20.82
2024-09-05T08:08:44	-589.35	3274.01	-1182.70	-11.33	62.93	20.51
2024-09-05T08:08:46	-591.21	3276.09	-1191.22	-11.33	62.78	20.19
2024-09-05T08:08:48	-593.06	3278.17	-1199.73	-11.33	62.63	19.88
2024-09-05T08:08:50	-594.92	3280.25	-1208.23	-11.33	62.48	19.57
2024-09-05T08:08:52	-596.77	3282.31	-1216.74	-11.33	62.32	19.26
2024-09-05T08:08:54	-598.62	3284.37	-1225.24	-11.33	62.17	18.96
2024-09-05T08:08:56	-600.47	3286.43	-1233.74	-11.33	62.02	18.66
2024-09-05T08:08:58	-602.32	3288.47	-1242.24	-11.33	61.86	18.36
2024-09-05T08:09:00	-604.16	3290.51	-1250.74	-11.33	61.71	18.06
2024-09-05T08:09:02	-606.01	3292.55	-1259.23	-11.33	61.55	17.77
2024-09-05T08:09:04	-607.85	3294.58	-1267.72	-11.33	61.40	17.48
2024-09-05T08:09:06	-609.70	3296.60	-1276.21	-11.33	61.24	17.19
2024-09-05T08:09:08	-611.54	3298.61	-1284.70	-11.32	61.08	16.90
2024-09-05T08:09:10	-613.38	3300.62	-1293.18	-11.32	60.92	16.62
2024-09-05T08:09:12	-615.22	3302.63	-1301.67	-11.32	60.76	16.34
2024-09-05T08:09:14	-617.06	3304.62	-1310.15	-11.32	60.60	16.06
2024-09-05T08:09:16	-618.90	3306.61	-1318.62	-11.31	60.44	15.78
2024-09-05T08:09:18	-620.73	3308.60	-1327.10	-11.31	60.28	15.51
2024-09-05T08:09:20	-622.57	3310.58	-1335.57	-11.31	60.12	15.24
2024-09-05T08:09:22	-624.40	3312.55	-1344.04	-11.30	59.96	14.97
2024-09-05T08:09:24	-626.24	3314.52	-1352.50	-11.30	59.79	14.71
2024-09-05T08:09:26	-628.07	3316.48	-1360.97	-11.29	59.63	14.44
2024-09-05T08:09:28	-629.90	3318.43	-1369.43	-11.29	59.47	14.18
2024-09-05T08:09:30	-631.73	3320.38	-1377.89	-11.28	59.30	13.92
2024-09-05T08:09:32	-633.56	3322.32	-1386.35	-11.28	59.14	13.67
2024-09-05T08:09:34	-635.38	3324.26	-1394.80	-11.27	58.97	13.41
2024-09-05T08:09:36	-637.21	3326.19	-1403.25	-11.27	58.81	13.16
2024-09-05T08:09:38	-639.04	3328.11	-1411.70	-11.26	58.64	12.91
2024-09-05T08:09:40	-640.86	3330.03	-1420.15	-11.25	58.47	12.66
2024-09-05T08:09:42	-642.68	3331.94	-1428.59	-11.25	58.31	12.42
2024-09-05T08:09:44	-644.50	3333.85	-1437.04	-11.24	58.14	12.18
2024-09-05T08:09:46	-646.32	3335.75	-1445.47	-11.23	57.97	11.94
2024-09-05T08:09:48	-648.14	3337.64	-1453.91	-11.23	57.80	11.70
2024-09-05T08:09:50	-649.96	3339.53	-1462.35	-11.22	57.64	11.46
2024-09-05T08:09:52	-651.78	3341.41	-1470.78	-11.21	57.47	11.23
2024-09-05T08:09:54	-653.59	3343.29	-1479.21	-11.20	57.30	11.00
2024-09-05T08:09:56	-655.41	3345.16	-1487.63	-11.19	57.13	10.77
2024-09-05T08:09:58	-657.22	3347.03	-1496.06	-11.18	56.96	10.54
2024-09-05T08:10:00	-659.03	3348.89	-1504.48	-11.18	56.79	10.32
2024-09-05T08:10:02	-660.84	3350.74	-1512.90	-11.17	56.62	10.09
2024-09-05T08:10:04	-662.66	3352.59	-1521.31	-11.16	56.45	9.87
2024-09-05T08:10:06	-664.46	3354.44	-1529.73	-11.15	56.28	9.65
2024-09-05T08:10:08	-666.27	3356.27	-1538.14	-11.14	56.11	9.44
2024-09-05T08:10:10	-668.08	3358.11	-1546.55	-11.13	55.94	9.22
2024-09-05T08:10:12	-669.88	3359.93	-1554.95	-11.12	55.77	9.01
2024-09-05T08:10:14	-671.69	3361.75	-1563.36	-11.11	55.60	8.80
2024-09-05T08:10:16	-673.49	3363.57	-1571.76	-11.10	55.43	8.59
2024-09-05T08:10:18	-675.29	3365.38	-1580.16	-11.09	55.26	8.39
2024-09-05T08:10:20	-677.10	3367.18	-1588.55	-11.08	55.09	8.18
2024-09-05T08:10:22	-678.90	3368.98	-1596.95	-11.07	54.92	7.98
2024-09-05T08:10:24	-680.69	3370.77	-1605.34	-11.06	54.75	7.78
2024-09-05T08:10:26	-682.49	3372.56	-1613.72	-11.04	54.58	7.58
2024-09-05T08:10:28	-684.29	3374.35	-1622.11	-11.03	54.41	7.38
2024-09-05T08:10:30	-686.08	3376.12	-1630.49	-11.02	54.24	7.19
2024-09-05T08:10:32	-687.88	3377.89	-1638.87	-11.01	54.06	6.99
2024-09-05T08:10:34	-689.67	3379.66	-1647.25	-11.00	53.89	6.80
2024-09-05T08:10:36	-691.47	3381.42	-1655.63	-10.99	53.72	6.61
2024-09-05T08:10:38	-693.26	3383.18	-1664.00	-10.97	53.55	6.43
2024-09-05T08:10:40	-695.05	3384.93	-1672.37	-10.96	53.38	6.24
2024-09-05T08:10:42	-696.84	3386.68	-1680.74	-10.95	53.21	6.06
2024-09-05T08:10:44	-698.62	3388.42	-1689.10	-10.94	53.04	5.87
2024-09-05T08:10:46	-700.41	3390.15	-1697.46	-10.92	52.87	5.69
2024-09-05T08:10:48	-702.20	3391.88	-1705.82	-10.91	52.70	5.52
2024-09-05T08:10:50	-703.98	3393.60	-1714.18	-10.90	52.53	5.34
2024-09-05T08:10:52	-705.77	3395.32	-1722.53	-10.88	52.36	5.16
2024-09-05T08:10:54	-707.55	3397.04	-1730.88	-10.87	52.19	4.99
2024-09-05T08:10:56	-709.33	3398.75	-1739.23	-10.86	52.01	4.82
2024-09-05T08:10:58	-711.11	3400.45	-1747.58	-10.84	51.84	4.65
2024-09-05T08:11:00	-712.89	3402.15	-1755.92	-10.83	51.67	4.48
2024-09-05T08:11:02	-714.67	3403.84	-1764.26	-10.81	51.50	4.31
2024-09-05T08:11:04	-716.45	3405.53	-1772.60	-10.80	51.33	4.15
2024-09-05T08:11:06	-718.22	3407.22	-1780.94	-10.79	51.16	3.99
2024-09-05T08:11:08	-720.00	3408.89	-1789.27	-10.77	51.00	3.82
2024-09-05T08:11:10	-721.77	3410.57	-1797.60	-10.76	50.83	3.66
2024-09-05T08:11:12	-723.54	3412.24	-1805.93	-10.74	50.66	3.50
2024-09-05T08:11:14	-725.31	3413.90	-1814.25	-10.73	50.49	3.35
2024-09-05T08:11:16	-727.09	3415.56	-1822.58	-10.71	50.32	3.19
2024-09-05T08:11:18	-728.85	3417.22	-1830.90	-10.70	50.15	3.04
2024-09-05T08:11:20	-730.62	3418.86	-1839.22	-10.68	49.98	2.89
2024-09-05T08:11:22	-732.39	3420.51	-1847.53	-10.67	49.81	2.74
2024-09-05T08:11:24	-734.16	3422.15	-1855.84	-10.65	49.65	2.59
2024-09-05T08:11:26	-735.92	3423.78	-1864.15	-10.63	49.48	2.44
2024-09-05T08:11:28	-737.69	3425.41	-1872.46	-10.62	49.31	2.29
2024-09-05T08:11:30	-739.45	3427.04	-1880.76	-10.60	49.14	2.15
2024-09-05T08:11:32	-741.21	3428.66	-1889.07	-10.59	48.98	2.00
2024-09-05T08:11:34	-742.98	3430.27	-1897.36	-10.57	48.81	1.86
2024-09-05T08:11:36	-744.74	3431.88	-1905.66	-10.56	48.64	1.72
2024-09-05T08:11:38	-746.50	3433.49	-1913.96	-10.54	48.48	1.58
2024-09-05T08:11:40	-748.25	3435.09	-1922.25	-10.52	48.31	1.45
2024-09-05T08:11:42	-750.01	3436.68	-1930.53	-10.51	48.14	1.31
2024-09-05T08:11:44	-751.77	3438.28	-1938.82	-10.49	47.98	1.17
2024-09-05T08:11:46	-753.52	3439.86	-1947.10	-10.47	47.81	1.04
2024-09-05T08:11:48	-755.28	3441.45	-1955.38	-10.46	47.65	0.91
2024-09-05T08:11:50	-757.03	3443.02	-1963.66	-10.44	47.48	0.78
2024-09-05T08:11:52	-758.78	3444.60	-1971.94	-10.42	47.32	0.65
2024-09-05T08:11:54	-760.53	3446.17	-1980.21	-10.41	47.15	0.52
2024-09-05T08:11:56	-762.28	3447.73	-1988.48	-10.39	46.99	0.39
2024-09-05T08:11:58	-764.03	3449.29	-1996.75	-10.37	46.83	0.27
2024-09-05T08:12:00	-765.78	3450.84	-2005.01	-10.36	46.66	0.15
2024-09-05T08:12:02	-767.53	3452.40	-2013.28	-10.34	46.50	0.02
2024-09-05T08:12:04	-769.27	3453.94	-2021.54	-10.32	46.34	-0.10
2024-09-05T08:12:06	-771.02	3455.48	-2029.79	-10.30	46.18	-0.22
2024-09-05T08:12:08	-772.76	3457.02	-2038.05	-10.29	46.01	-0.34
2024-09-05T08:12:10	-774.50	3458.55	-2046.30	-10.27	45.85	-0.46
2024-09-05T08:12:12	-776.25	3460.08	-2054.55	-10.25	45.69	-0.57
2024-09-05T08:12:14	-777.99	3461.60	-2062.79	-10.23	45.53	-0.69
2024-09-05T08:12:16	-779.73	3463.12	-2071.04	-10.22	45.37	-0.80
2024-09-05T08:12:18	-781.47	3464.64	-2079.28	-10.20	45.21	-0.91
2024-09-05T08:12:20	-783.21	3466.15	-2087.52	-10.18	45.05	-1.03
2024-09-05T08:12:22	-784.94	3467.65	-2095.75	-10.16	44.89	-1.14
2024-09-05T08:12:24	-786.68	3469.16	-2103.99	-10.14	44.73	-1.25
2024-09-05T08:12:26	-788.41	3470.65	-2112.22	-10.13	44.57	-1.35
2024-09-05T08:12:28	-790.15	3472.15	-2120.44	-10.11	44.41	-1.46
2024-09-05T08:12:30	-791.88	3473.64	-2128.67	-10.09	44.26	-1.57
2024-09-05T08:12:32	-793.61	3475.12	-2136.89	-10.07	44.10	-1.67
2024-09-05T08:12:34	-795.34	3476.60	-2145.11	-10.05	43.94	-1.77
2024-09-05T08:12:36	-797.07	3478.08	-2153.33	-10.03	43.78	-1.88
2024-09-05T08:12:38	-798.80	3479.55	-2161.54	-10.02	43.63	-1.98
2024-09-05T08:12:40	-800.53	3481.02	-2169.76	-10.00	43.47	-2.08
2024-09-05T08:12:42	-802.26	3482.48	-2177.97	-9.98	43.32	-2.18
2024-09-05T08:12:44	-803.98	3483.94	-2186.17	-9.96	43.16	-2.28
2024-09-05T08:12:46	-805.71	3485.39	-2194.38	-9.94	43.01	-2.37
2024-09-05T08:12:48	-807.44	3486.84	-2202.58	-9.92	42.85	-2.47
2024-09-05T08:12:50	-809.16	3488.29	-2210.78	-9.90	42.70	-2.56
2024-09-05T08:12:52	-810.88	3489.73	-2218.98	-9.89	42.54	-2.66
2024-09-05T08:12:54	-812.60	3491.17	-2227.17	-9.87	42.39	-2.75
2024-09-05T08:12:56	-814.32	3492.61	-2235.36	-9.85	42.24	-2.84
2024-09-05T08:12:58	-816.04	3494.04	-2243.55	-9.83	42.08	-2.93
2024-09-05T08:13:00	-817.76	3495.46	-2251.74	-9.81	41.93	-3.02
2024-09-05T08:13:02	-819.48	3496.89	-2259.92	-9.79	41.78	-3.11
2024-09-05T08:13:04	-821.19	3498.31	-2268.10	-9.77	41.63	-3.20
2024-09-05T08:13:06	-822.91	3499.72	-2276.28	-9.75	41.48	-3.29
2024-09-05T08:13:08	-824.62	3501.13	-2284.45	-9.73	41.33	-3.37
2024-09-05T08:13:10	-826.34	3502.54	-2292.63	-9.71	41.18	-3.46
2024-09-05T08:13:12	-828.05	3503.94	-2300.80	-9.70	41.03	-3.54
2024-09-05T08:13:14	-829.76	3505.34	-2308.97	-9.68	40.88	-3.62
2024-09-05T08:13:16	-831.47	3506.73	-2317.13	-9.66	40.73	-3.71
2024-09-05T08:13:18	-833.18	3508.12	-2325.30	-9.64	40.58	-3.79
2024-09-05T08:13:20	-834.89	3509.51	-2333.45	-9.62	40.43	-3.87
2024-09-05T08:13:22	-836.60	3510.89	-2341.61	-9.60	40.29	-3.95
2024-09-05T08:13:24	-838.31	3512.27	-2349.77	-9.58	40.14	-4.03
2024-09-05T08:13:26	-840.01	3513.64	-2357.92	-9.56	39.99	-4.10
2024-09-05T08:13:28	-841.72	3515.02	-2366.07	-9.54	39.85	-4.18
2024-09-05T08:13:30	-843.42	3516.38	-2374.22	-9.52	39.70	-4.26
2024-09-05T08:13:32	-845.13	3517.75	-2382.36	-9.50	39.56	-4.33
2024-09-05T08:13:34	-846.83	3519.11	-2390.50	-9.48	39.41	-4.40
2024-09-05T08:13:36	-848.53	3520.46	-2398.64	-9.46	39.27	-4.48
2024-09-05T08:13:38	-850.23	3521.82	-2406.78	-9.44	39.12	-4.55
2024-09-05T08:13:40	-851.93	3523.16	-2414.91	-9.43	38.98	-4.62
2024-09-05T08:13:42	-853.63	3524.51	-2423.04	-9.41	38.83	-4.69
2024-09-05T08:13:44	-855.33	3525.85	-2431.17	-9.39	38.69	-4.76
2024-09-05T08:13:46	-857.03	3527.19	-2439.30	-9.37	38.55	-4.83
2024-09-05T08:13:48	-858.72	3528.52	-2447.42	-9.35	38.41	-4.90
2024-09-05T08:13:50	-860.42	3529.85	-2455.55	-9.33	38.27	-4.97
2024-09-05T08:13:52	-862.11	3531.18	-2463.67	-9.31	38.13	-5.03
2024-09-05T08:13:54	-863.80	3532.50	-2471.78	-9.29	37.99	-5.10
2024-09-05T08:13:56	-865.50	3533.82	-2479.89	-9.27	37.85	-5.16
2024-09-05T08:13:58	-867.19	3535.13	-2488.01	-9.25	37.71	-5.23
2024-09-05T08:14:00	-868.88	3536.44	-2496.12	-9.23	37.57	-5.29
2024-09-05T08:14:02	-870.57	3537.75	-2504.22	-9.21	37.43	-5.35
2024-09-05T08:14:04	-872.26	3539.06	-2512.32	-9.19	37.29	-5.42
2024-09-05T08:14:06	-873.95	3540.36	-2520.42	-9.17	37.15	-5.48
2024-09-05T08:14:08	-875.63	3541.66	-2528.52	-9.15	37.01	-5.54
2024-09-05T08:14:10	-877.32	3542.95	-2536.62	-9.13	36.88	-5.60
2024-09-05T08:14:12	-879.01	3544.24	-2544.71	-9.11	36.74	-5.66
2024-09-05T08:14:14	-880.69	3545.52	-2552.80	-9.09	36.60	-5.72
2024-09-05T08:14:16	-882.37	3546.81	-2560.89	-9.07	36.47	-5.77
2024-09-05T08:14:18	-884.06	3548.09	-2568.98	-9.05	36.33	-5.83
2024-09-05T08:14:20	-885.74	3549.36	-2577.06	-9.03	36.20	-5.89
2024-09-05T08:14:22	-887.42	3550.63	-2585.14	-9.01	36.06	-5.94
2024-09-05T08:14:24	-889.10	3551.90	-2593.22	-8.99	35.93	-6.00
2024-09-05T08:14:26	-890.78	3553.17	-2601.30	-8.97	35.80	-6.05
2024-09-05T08:14:28	-892.46	3554.43	-2609.37	-8.95	35.66	-6.11
2024-09-05T08:14:30	-894.13	3555.69	-2617.44	-8.94	35.53	-6.16
2024-09-05T08:14:32	-895.81	3556.95	-2625.51	-8.92	35.40	-6.21
2024-09-05T08:14:34	-897.49	3558.20	-2633.57	-8.90	35.27	-6.26
2024-09-05T08:14:36	-899.16	3559.45	-2641.63	-8.88	35.14	-6.31
2024-09-05T08:14:38	-900.84	3560.69	-2649.70	-8.86	35.01	-6.36
2024-09-05T08:14:40	-902.51	3561.93	-2657.75	-8.84	34.88	-6.41
2024-09-05T08:14:42	-904.18	3563.17	-2665.81	-8.82	34.75	-6.46
2024-09-05T08:14:44	-905.85	3564.41	-2673.86	-8.80	34.62	-6.51
2024-09-05T08:14:46	-907.52	3565.64	-2681.91	-8.78	34.49	-6.56
2024-09-05T08:14:48	-909.19	3566.87	-2689.96	-8.76	34.36	-6.60
2024-09-05T08:14:50	-910.86	3568.09	-2698.01	-8.74	34.23	-6.65
2024-09-05T08:14:52	-912.53	3569.31	-2706.05	-8.72	34.10	-6.70
2024-09-05T08:14:54	-914.19	3570.53	-2714.09	-8.70	33.98	-6.74
2024-09-05T08:14:56	-915.86	3571.75	-2722.12	-8.68	33.85	-6.79
2024-09-05T08:14:58	-917.53	3572.96	-2730.16	-8.66	33.72	-6.83
2024-09-05T08:15:00	-919.19	3574.17	-2738.19	-8.64	33.60	-6.87
2024-09-05T08:15:02	-920.86	3575.37	-2746.22	-8.62	33.47	-6.92
2024-09-05T08:15:04	-922.52	3576.57	-2754.25	-8.60	33.35	-6.96
2024-09-05T08:15:06	-924.18	3577.77	-2762.28	-8.58	33.22	-7.00
2024-09-05T08:15:08	-925.84	3578.97	-2770.30	-8.56	33.10	-7.04
2024-09-05T08:15:10	-927.50	3580.16	-2778.32	-8.54	32.98	-7.08
2024-09-05T08:15:12	-929.16	3581.35	-2786.34	-8.52	32.85	-7.12
2024-09-05T08:15:14	-930.82	3582.54	-2794.35	-8.50	32.73	-7.16
2024-09-05T08:15:16	-932.48	3583.72	-2802.37	-8.48	32.61	-7.20
2024-09-05T08:15:18	-934.14	3584.90	-2810.38	-8.47	32.49	-7.24
2024-09-05T08:15:20	-935.79	3586.08	-2818.39	-8.45	32.37	-7.28
2024-09-05T08:15:22	-937.45	3587.25	-2826.39	-8.43	32.25	-7.32
2024-09-05T08:15:24	-939.10	3588.42	-2834.40	-8.41	32.12	-7.35
2024-09-05T08:15:26	-940.76	3589.59	-2842.40	-8.39	32.00	-7.39
2024-09-05T08:15:28	-942.41	3590.76	-2850.40	-8.37	31.89	-7.43
2024-09-05T08:15:30	-944.06	3591.92	-2858.39	-8.35	31.77	-7.46
2024-09-05T08:15:32	-945.71	3593.07	-2866.39	-8.33	31.65	-7.50
2024-09-05T08:15:34	-947.36	3594.23	-2874.38	-8.31	31.53	-7.53
2024-09-05T08:15:36	-949.02	3595.38	-2882.36	-8.29	31.41	-7.57
2024-09-05T08:15:38	-950.66	3596.53	-2890.35	-8.27	31.29	-7.60
2024-09-05T08:15:40	-952.31	3597.68	-2898.33	-8.25	31.18	-7.63
2024-09-05T08:15:42	-953.96	3598.82	-2906.32	-8.23	31.06	-7.66
2024-09-05T08:15:44	-955.61	3599.96	-2914.29	-8.21	30.94	-7.70
2024-09-05T08:15:46	-957.25	3601.10	-2922.27	-8.20	30.83	-7.73
2024-09-05T08:15:48	-958.90	3602.23	-2930.24	-8.18	30.71	-7.76
2024-09-05T08:15:50	-960.54	3603.36	-2938.22	-8.16	30.60	-7.79
2024-09-05T08:15:52	-962.18	3604.49	-2946.19	-8.14	30.48	-7.82
2024-09-05T08:15:54	-963.83	3605.61	-2954.15	-8.12	30.37	-7.85
2024-09-05T08:15:56	-965.47	3606.74	-2962.12	-8.10	30.26	-7.88
2024-09-05T08:15:58	-967.11	3607.86	-2970.08	-8.08	30.14	-7.91
2024-09-05T08:16:00	-968.75	3608.97	-2978.04	-8.06	30.03	-7.94
2024-09-05T08:16:02	-970.39	3610.09	-2985.99	-8.04	29.92	-7.97
2024-09-05T08:16:04	-972.03	3611.20	-2993.95	-8.02	29.81	-7.99
2024-09-05T08:16:06	-973.66	3612.31	-3001.90	-8.00	29.70	-8.02
2024-09-05T08:16:08	-975.30	3613.41	-3009.85	-7.99	29.59	-8.05
2024-09-05T08:16:10	-976.94	3614.51	-3017.80	-7.97	29.47	-8.07
2024-09-05T08:16:12	-978.57	3615.61	-3025.74	-7.95	29.36	-8.10
2024-09-05T08:16:14	-980.21	3616.71	-3033.69	-7.93	29.26	-8.12
2024-09-05T08:16:16	-981.84	3617.80	-3041.63	-7.91	29.15	-8.15
2024-09-05T08:16:18	-983.48	3618.89	-3049.56	-7.89	29.04	-8.17
2024-09-05T08:16:20	-985.11	3619.98	-3057.50	-7.87	28.93	-8.20
2024-09-05T08:16:22	-986.74	3621.06	-3065.43	-7.85	28.82	-8.22
2024-09-05T08:16:24	-988.37	3622.15	-3073.36	-7.83	28.71	-8.25
2024-09-05T08:16:26	-990.00	3623.23	-3081.29	-7.82	28.61	-8.27
2024-09-05T08:16:28	-991.63	3624.31	-3089.22	-7.80	28.50	-8.29
2024-09-05T08:16:30	-993.26	3625.38	-3097.14	-7.78	28.39	-8.31
2024-09-05T08:16:32	-994.89	3626.45	-3105.06	-7.76	28.29	-8.34
2024-09-05T08:16:34	-996.51	3627.52	-3112.98	-7.74	28.18	-8.36
2024-09-05T08:16:36	-998.14	3628.58	-3120.90	-7.72	28.08	-8.38
2024-09-05T08:16:38	-999.77	3629.65	-3128.81	-7.70	27.97	-8.40
2024-09-05T08:16:40	-1001.39	3630.71	-3136.72	-7.69	27.87	-8.42
2024-09-05T08:16:42	-1003.01	3631.76	-3144.63	-7.67	27.76	-8.44
2024-09-05T08:16:44	-1004.64	3632.82	-3152.54	-7.65	27.66	-8.46
2024-09-05T08:16:46	-1006.26	3633.87	-3160.45	-7.63	27.56	-8.48
2024-09-05T08:16:48	-1007.88	3634.92	-3168.35	-7.61	27.45	-8.50
2024-09-05T08:16:50	-1009.50	3635.97	-3176.25	-7.59	27.35	-8.52
2024-09-05T08:16:52	-1011.12	3637.01	-3184.15	-7.58	27.25	-8.54
2024-09-05T08:16:54	-1012.74	3638.05	-3192.04	-7.56	27.15	-8.56
2024-09-05T08:16:56	-1014.36	3639.09	-3199.94	-7.54	27.05	-8.57
2024-09-05T08:16:58	-1015.98	3640.13	-3207.83	-7.52	26.95	-8.59
2024-09-05T08:17:00	-1017.60	3641.16	-3215.72	-7.50	26.85	-8.61
2024-09-05T08:17:02	-1019.21	3642.19	-3223.60	-7.48	26.75	-8.63
2024-09-05T08:17:04	-1020.83	3643.22	-3231.48	-7.47	26.65	-8.64
2024-09-05T08:17:06	-1022.44	3644.25	-3239.37	-7.45	26.55	-8.66
2024-09-05T08:17:08	-1024.06	3645.27	-3247.25	-7.43	26.45	-8.67
2024-09-05T08:17:10	-1025.67	3646.29	-3255.12	-7.41	26.35	-8.69
2024-09-05T08:17:12	-1027.28	3647.31	-3263.00	-7.39	26.25	-8.70
2024-09-05T08:17:14	-1028.90	3648.32	-3270.87	-7.38	26.15	-8.72
2024-09-05T08:17:16	-1030.51	3649.34	-3278.74	-7.36	26.06	-8.73
2024-09-05T08:17:18	-1032.12	3650.35	-3286.61	-7.34	25.96	-8.75
2024-09-05T08:17:20	-1033.73	3651.36	-3294.47	-7.32	25.86	-8.76
2024-09-05T08:17:22	-1035.34	3652.36	-3302.34	-7.30	25.77	-8.78
2024-09-05T08:17:24	-1036.95	3653.36	-3310.20	-7.29	25.67	-8.79
2024-09-05T08:17:26	-1038.55	3654.36	-3318.06	-7.27	25.58	-8.80
2024-09-05T08:17:28	-1040.16	3655.36	-3325.91	-7.25	25.48	-8.82
2024-09-05T08:17:30	-1041.77	3656.36	-3333.77	-7.23	25.39	-8.83
2024-09-05T08:17:32	-1043.37	3657.35	-3341.62	-7.22	25.29	-8.84
2024-09-05T08:17:34	-1044.98	3658.34	-3349.47	-7.20	25.20	-8.85
2024-09-05T08:17:36	-1046.58	3659.33	-3357.32	-7.18	25.11	-8.87
2024-09-05T08:17:38	-1048.19	3660.31	-3365.16	-7.16	25.01	-8.88
2024-09-05T08:17:40	-1049.79	3661.30	-3373.00	-7.15	24.92	-8.89
2024-09-05T08:17:42	-1051.39	3662.28	-3380.84	-7.13	24.83	-8.90
2024-09-05T08:17:44	-1052.99	3663.25	-3388.68	-7.11	24.74	-8.91
2024-09-05T08:17:46	-1054.59	3664.23	-3396.52	-7.09	24.64	-8.92
2024-09-05T08:17:48	-1056.19	3665.20	-3404.35	-7.08	24.55	-8.93
2024-09-05T08:17:50	-1057.79	3666.17	-3412.18	-7.06	24.46	-8.94
2024-09-05T08:17:52	-1059.39	3667.14	-3420.01	-7.04	24.37	-8.95
2024-09-05T08:17:54	-1060.99	3668.11	-3427.84	-7.02	24.28	-8.96
2024-09-05T08:17:56	-1062.59	3669.07	-3435.66	-7.01	24.19	-8.97
2024-09-05T08:17:58	-1064.18	3670.03	-3443.49	-6.99	24.10	-8.98
2024-09-05T08:18:00	-1065.78	3670.99	-3451.31	-6.97	24.01	-8.99
2024-09-05T08:18:02	-1067.37	3671.95	-3459.12	-6.95	23.92	-9.00
2024-09-05T08:18:04	-1068.97	3672.90	-3466.94	-6.94	23.84	-9.00
2024-09-05T08:18:06	-1070.56	3673.85	-3474.75	-6.92	23.75	-9.01
2024-09-05T08:18:08	-1072.16	3674.80	-3482.57	-6.90	23.66	-9.02
2024-09-05T08:18:10	-1073.75	3675.75	-3490.38	-6.89	23.57	-9.03
2024-09-05T08:18:12	-1075.34	3676.69	-3498.18	-6.87	23.49	-9.03
2024-09-05T08:18:14	-1076.93	3677.64	-3505.99	-6.85	23.40	-9.04
2024-09-05T08:18:16	-1078.52	3678.58	-3513.79	-6.84	23.31	-9.05
2024-09-05T08:18:18	-1080.11	3679.52	-3521.59	-6.82	23.23	-9.06
2024-09-05T08:18:20	-1081.70	3680.45	-3529.39	-6.80	23.14	-9.06
2024-09-05T08:18:22	-1083.29	3681.38	-3537.19	-6.78	23.06	-9.07
2024-09-05T08:18:24	-1084.88	3682.32	-3544.98	-6.77	22.97	-9.07
2024-09-05T08:18:26	-1086.46	3683.25	-3552.77	-6.75	22.89	-9.08
2024-09-05T08:18:28	-1088.05	3684.17	-3560.56	-6.73	22.80	-9.09
2024-09-05T08:18:30	-1089.63	3685.10	-3568.35	-6.72	22.72	-9.09
2024-09-05T08:18:32	-1091.22	3686.02	-3576.13	-6.70	22.64	-9.10
2024-09-05T08:18:34	-1092.80	3686.94	-3583.91	-6.68	22.55	-9.10
2024-09-05T08:18:36	-1094.39	3687.86	-3591.69	-6.67	22.47	-9.11
2024-09-05T08:18:38	-1095.97	3688.77	-3599.47	-6.65	22.39	-9.11
2024-09-05T08:18:40	-1097.55	3689.68	-3607.25	-6.64	22.31	-9.11
2024-09-05T08:18:42	-1099.13	3690.60	-3615.02	-6.62	22.22	-9.12
2024-09-05T08:18:44	-1100.71	3691.50	-3622.79	-6.60	22.14	-9.12
2024-09-05T08:18:46	-1102.29	3692.41	-3630.57	-6.59	22.06	-9.13
2024-09-05T08:18:48	-1103.87	3693.31	-3638.33	-6.57	21.98	-9.13
2024-09-05T08:18:50	-1105.45	3694.22	-3646.10	-6.55	21.90	-9.13
2024-09-05T08:18:52	-1107.03	3695.12	-3653.86	-6.54	21.82	-9.14
2024-09-05T08:18:54	-1108.61	3696.01	-3661.63	-6.52	21.74	-9.14
2024-09-05T08:18:56	-1110.19	3696.91	-3669.38	-6.50	21.66	-9.14
2024-09-05T08:18:58	-1111.76	3697.80	-3677.14	-6.49	21.58	-9.15
2024-09-05T08:19:00	-1113.34	3698.70	-3684.90	-6.47	21.50	-9.15
2024-09-05T08:19:02	-1114.91	3699.58	-3692.65	-6.46	21.42	-9.15
2024-09-05T08:19:04	-1116.49	3700.47	-3700.40	-6.44	21.35	-9.15
2024-09-05T08:19:06	-1118.06	3701.36	-3708.15	-6.42	21.27	-9.16
2024-09-05T08:19:08	-1119.63	3702.24	-3715.89	-6.41	21.19	-9.16
2024-09-05T08:19:10	-1121.21	3703.12	-3723.64	-6.39	21.11	-9.16
2024-09-05T08:19:12	-1122.78	3704.00	-3731.38	-6.38	21.04	-9.16
2024-09-05T08:19:14	-1124.35	3704.87	-3739.12	-6.36	20.96	-9.16
2024-09-05T08:19:16	-1125.92	3705.75	-3746.86	-6.35	20.88	-9.16
2024-09-05T08:19:18	-1127.49	3706.62	-3754.59	-6.33	20.81	-9.16
2024-09-05T08:19:20	-1129.06	3707.49	-3762.33	-6.31	20.73	-9.17
2024-09-05T08:19:22	-1130.63	3708.36	-3770.06	-6.30	20.66	-9.17
2024-09-05T08:19:24	-1132.20	3709.23	-3777.79	-6.28	20.58	-9.17
2024-09-05T08:19:26	-1133.76	3710.09	-3785.51	-6.27	20.51	-9.17
2024-09-05T08:19:28	-1135.33	3710.95	-3793.24	-6.25	20.43	-9.17
2024-09-05T08:19:30	-1136.90	3711.81	-3800.96	-6.24	20.36	-9.17
2024-09-05T08:19:32	-1138.46	3712.67	-3808.68	-6.22	20.28	-9.17
