Time	POS_X	POS_Y	POS_Z	B_X	B_Y	B_Z
2025-01-09T04:27:12	4483.66	-246.20	-3062.75	82.57	-0.07	-10.04
2025-01-09T04:27:14	4482.06	-246.29	-3056.18	82.63	-0.06	-10.00
2025-01-09T04:27:16	4480.45	-246.38	-3049.61	82.68	-0.05	-9.97
2025-01-09T04:27:18	4478.85	-246.48	-3043.03	82.74	-0.04	-9.94
2025-01-09T04:27:20	4477.24	-246.57	-3036.46	82.79	-0.04	-9.90
2025-01-09T04:27:22	4475.62	-246.66	-3029.88	82.85	-0.03	-9.87
2025-01-09T04:27:24	4474.01	-246.75	-3023.30	82.93	-0.01	-9.83
2025-01-09T04:27:26	4472.39	-246.84	-3016.72	83.00	0.00	-9.79
2025-01-09T04:27:28	4470.77	-246.93	-3010.14	83.07	0.02	-9.75
2025-01-09T04:27:30	4469.15	-247.02	-3003.55	83.14	0.03	-9.71
2025-01-09T04:27:32	4467.52	-247.11	-2996.97	83.21	0.04	-9.68
2025-01-09T04:27:34	4465.89	-247.20	-2990.38	83.28	0.06	-9.64
2025-01-09T04:27:36	4464.26	-247.29	-2983.79	83.35	0.07	-9.60
2025-01-09T04:27:38	4462.63	-247.38	-2977.20	83.42	0.08	-9.56
2025-01-09T04:27:40	4460.99	-247.47	-2970.61	83.48	0.09	-9.52
2025-01-09T04:27:42	4459.35	-247.56	-2964.01	83.54	0.09	-9.47
2025-01-09T04:27:44	4457.71	-247.66	-2957.42	83.61	0.09	-9.42
2025-01-09T04:27:46	4456.07	-247.74	-2950.82	83.67	0.10	-9.37
2025-01-09T04:27:48	4454.42	-247.83	-2944.22	83.73	0.10	-9.31
2025-01-09T04:27:50	4452.78	-247.92	-2937.62	83.80	0.10	-9.26
2025-01-09T04:27:52	4451.12	-248.01	-2931.02	83.86	0.10	-9.21
2025-01-09T04:27:54	4449.47	-248.10	-2924.41	83.93	0.10	-9.15
2025-01-09T04:27:56	4447.82	-248.19	-2917.81	83.99	0.10	-9.10
2025-01-09T04:27:58	4446.16	-248.28	-2911.20	84.06	0.10	-9.05
2025-01-09T04:28:00	4444.49	-248.37	-2904.59	84.12	0.11	-9.00
2025-01-09T04:28:02	4442.83	-248.46	-2897.98	84.19	0.11	-8.95
2025-01-09T04:28:04	4441.16	-248.54	-2891.37	84.26	0.11	-8.90
2025-01-09T04:28:06	4439.49	-248.63	-2884.75	84.33	0.11	-8.85
2025-01-09T04:28:08	4437.82	-248.72	-2878.14	84.39	0.12	-8.80
2025-01-09T04:28:10	4436.15	-248.81	-2871.52	84.46	0.12	-8.75
2025-01-09T04:28:12	4434.47	-248.89	-2864.90	84.53	0.13	-8.70
2025-01-09T04:28:14	4432.79	-248.98	-2858.28	84.59	0.13	-8.64
2025-01-09T04:28:16	4431.11	-249.07	-2851.65	84.64	0.12	-8.58
2025-01-09T04:28:18	4429.42	-249.16	-2845.03	84.69	0.11	-8.52
2025-01-09T04:28:20	4427.73	-249.25	-2838.40	84.74	0.11	-8.45
2025-01-09T04:28:22	4426.05	-249.33	-2831.77	84.79	0.10	-8.39
2025-01-09T04:28:24	4424.35	-249.42	-2825.14	84.84	0.09	-8.32
2025-01-09T04:28:26	4422.66	-249.50	-2818.51	84.89	0.09	-8.25
2025-01-09T04:28:28	4420.96	-249.59	-2811.88	84.94	0.08	-8.19
2025-01-09T04:28:30	4419.25	-249.68	-2805.24	84.99	0.07	-8.12
2025-01-09T04:28:32	4417.55	-249.76	-2798.61	85.06	0.08	-8.06
2025-01-09T04:28:34	4415.85	-249.85	-2791.97	85.13	0.09	-8.00
2025-01-09T04:28:36	4414.14	-249.94	-2785.33	85.20	0.09	-7.94
2025-01-09T04:28:38	4412.42	-250.02	-2778.69	85.27	0.10	-7.88
2025-01-09T04:28:40	4410.71	-250.11	-2772.04	85.34	0.11	-7.82
2025-01-09T04:28:42	4408.99	-250.19	-2765.40	85.41	0.12	-7.76
2025-01-09T04:28:44	4407.27	-250.28	-2758.75	85.48	0.12	-7.70
2025-01-09T04:28:46	4405.55	-250.36	-2752.10	85.56	0.13	-7.64
2025-01-09T04:28:48	4403.82	-250.45	-2745.45	85.62	0.14	-7.57
2025-01-09T04:28:50	4402.09	-250.53	-2738.80	85.68	0.13	-7.50
2025-01-09T04:28:52	4400.36	-250.61	-2732.14	85.73	0.13	-7.42
2025-01-09T04:28:54	4398.63	-250.70	-2725.49	85.78	0.12	-7.34
2025-01-09T04:28:56	4396.89	-250.79	-2718.83	85.83	0.12	-7.27
2025-01-09T04:28:58	4395.15	-250.87	-2712.17	85.89	0.11	-7.19
2025-01-09T04:29:00	4393.41	-250.95	-2705.51	85.94	0.11	-7.11
2025-01-09T04:29:02	4391.66	-251.04	-2698.85	85.99	0.10	-7.03
2025-01-09T04:29:04	4389.91	-251.12	-2692.18	86.04	0.10	-6.96
2025-01-09T04:29:06	4388.16	-251.20	-2685.52	86.10	0.08	-6.89
2025-01-09T04:29:08	4386.41	-251.29	-2678.85	86.16	0.07	-6.82
2025-01-09T04:29:10	4384.65	-251.37	-2672.18	86.22	0.06	-6.75
2025-01-09T04:29:12	4382.89	-251.45	-2665.51	86.28	0.05	-6.68
2025-01-09T04:29:14	4381.13	-251.54	-2658.84	86.34	0.04	-6.61
2025-01-09T04:29:16	4379.37	-251.62	-2652.16	86.41	0.03	-6.54
2025-01-09T04:29:18	4377.60	-251.70	-2645.48	86.48	0.02	-6.46
2025-01-09T04:29:20	4375.83	-251.78	-2638.81	86.54	0.01	-6.39
2025-01-09T04:29:22	4374.05	-251.86	-2632.13	86.61	0.00	-6.32
2025-01-09T04:29:24	4372.28	-251.95	-2625.44	86.66	-0.00	-6.25
2025-01-09T04:29:26	4370.50	-252.03	-2618.76	86.71	-0.01	-6.18
2025-01-09T04:29:28	4368.72	-252.11	-2612.08	86.77	-0.02	-6.10
2025-01-09T04:29:30	4366.93	-252.19	-2605.39	86.82	-0.03	-6.03
2025-01-09T04:29:32	4365.14	-252.27	-2598.70	86.87	-0.04	-5.96
2025-01-09T04:29:34	4363.35	-252.35	-2592.01	86.93	-0.05	-5.89
2025-01-09T04:29:36	4361.56	-252.44	-2585.32	86.98	-0.06	-5.81
2025-01-09T04:29:38	4359.76	-252.52	-2578.62	87.03	-0.06	-5.74
2025-01-09T04:29:40	4357.96	-252.60	-2571.93	87.09	-0.06	-5.65
2025-01-09T04:29:42	4356.15	-252.68	-2565.23	87.14	-0.05	-5.55
2025-01-09T04:29:44	4354.35	-252.76	-2558.53	87.19	-0.04	-5.46
2025-01-09T04:29:46	4352.54	-252.84	-2551.83	87.24	-0.03	-5.36
2025-01-09T04:29:48	4350.73	-252.92	-2545.13	87.29	-0.02	-5.26
2025-01-09T04:29:50	4348.91	-252.99	-2538.42	87.34	-0.02	-5.17
2025-01-09T04:29:52	4347.10	-253.07	-2531.72	87.39	-0.01	-5.08
2025-01-09T04:29:54	4345.27	-253.15	-2525.01	87.44	-0.01	-4.98
2025-01-09T04:29:56	4343.45	-253.23	-2518.30	87.49	-0.01	-4.89
2025-01-09T04:29:58	4341.62	-253.31	-2511.59	87.55	-0.01	-4.82
2025-01-09T04:30:00	4339.79	-253.39	-2504.87	87.62	-0.01	-4.75
2025-01-09T04:30:02	4337.96	-253.47	-2498.16	87.68	-0.01	-4.68
2025-01-09T04:30:04	4336.12	-253.55	-2491.44	87.74	-0.02	-4.61
2025-01-09T04:30:06	4334.29	-253.63	-2484.73	87.80	-0.02	-4.53
2025-01-09T04:30:08	4332.44	-253.70	-2478.00	87.87	-0.02	-4.46
2025-01-09T04:30:10	4330.60	-253.78	-2471.28	87.93	-0.03	-4.39
2025-01-09T04:30:12	4328.75	-253.86	-2464.56	88.00	-0.03	-4.31
2025-01-09T04:30:14	4326.90	-253.94	-2457.83	88.06	-0.03	-4.23
2025-01-09T04:30:16	4325.04	-254.01	-2451.11	88.11	-0.03	-4.15
2025-01-09T04:30:18	4323.19	-254.09	-2444.38	88.17	-0.03	-4.06
2025-01-09T04:30:20	4321.33	-254.17	-2437.65	88.22	-0.03	-3.98
2025-01-09T04:30:22	4319.46	-254.25	-2430.91	88.28	-0.03	-3.90
2025-01-09T04:30:24	4317.60	-254.32	-2424.18	88.34	-0.02	-3.82
2025-01-09T04:30:26	4315.73	-254.40	-2417.44	88.39	-0.02	-3.74
2025-01-09T04:30:28	4313.85	-254.47	-2410.71	88.45	-0.02	-3.65
2025-01-09T04:30:30	4311.98	-254.55	-2403.97	88.51	-0.01	-3.57
2025-01-09T04:30:32	4310.10	-254.63	-2397.23	88.56	-0.01	-3.48
2025-01-09T04:30:34	4308.22	-254.70	-2390.48	88.62	-0.02	-3.39
2025-01-09T04:30:36	4306.33	-254.78	-2383.74	88.67	-0.02	-3.30
2025-01-09T04:30:38	4304.44	-254.85	-2376.99	88.73	-0.02	-3.20
2025-01-09T04:30:40	4302.55	-254.93	-2370.24	88.79	-0.02	-3.11
2025-01-09T04:30:42	4300.65	-255.00	-2363.49	88.85	-0.02	-3.02
2025-01-09T04:30:44	4298.76	-255.08	-2356.74	88.92	-0.02	-2.93
2025-01-09T04:30:46	4296.85	-255.15	-2349.99	88.98	-0.02	-2.83
2025-01-09T04:30:48	4294.95	-255.22	-2343.23	89.05	-0.02	-2.74
2025-01-09T04:30:50	4293.04	-255.30	-2336.48	89.13	-0.02	-2.65
2025-01-09T04:30:52	4291.13	-255.37	-2329.72	89.21	-0.02	-2.56
2025-01-09T04:30:54	4289.22	-255.45	-2322.96	89.29	-0.02	-2.46
2025-01-09T04:30:56	4287.30	-255.52	-2316.19	89.36	-0.03	-2.37
2025-01-09T04:30:58	4285.38	-255.59	-2309.43	89.44	-0.03	-2.28
2025-01-09T04:31:00	4283.45	-255.67	-2302.67	89.52	-0.04	-2.19
2025-01-09T04:31:02	4281.52	-255.74	-2295.90	89.59	-0.04	-2.10
2025-01-09T04:31:04	4279.59	-255.81	-2289.13	89.66	-0.05	-2.01
2025-01-09T04:31:06	4277.66	-255.88	-2282.36	89.72	-0.04	-1.91
2025-01-09T04:31:08	4275.72	-255.96	-2275.59	89.77	-0.04	-1.82
2025-01-09T04:31:10	4273.78	-256.03	-2268.81	89.83	-0.03	-1.73
2025-01-09T04:31:12	4271.84	-256.10	-2262.03	89.88	-0.03	-1.63
2025-01-09T04:31:14	4269.89	-256.17	-2255.26	89.93	-0.02	-1.54
2025-01-09T04:31:16	4267.94	-256.24	-2248.48	89.99	-0.02	-1.45
2025-01-09T04:31:18	4265.99	-256.31	-2241.69	90.04	-0.01	-1.36
2025-01-09T04:31:20	4264.03	-256.39	-2234.91	90.09	-0.01	-1.27
2025-01-09T04:31:22	4262.07	-256.46	-2228.13	90.16	-0.02	-1.19
2025-01-09T04:31:24	4260.10	-256.53	-2221.34	90.23	-0.04	-1.11
2025-01-09T04:31:26	4258.14	-256.60	-2214.55	90.30	-0.05	-1.03
2025-01-09T04:31:28	4256.17	-256.67	-2207.76	90.37	-0.06	-0.94
2025-01-09T04:31:30	4254.19	-256.74	-2200.97	90.45	-0.08	-0.86
2025-01-09T04:31:32	4252.21	-256.81	-2194.17	90.52	-0.09	-0.77
2025-01-09T04:31:34	4250.23	-256.88	-2187.38	90.59	-0.10	-0.69
2025-01-09T04:31:36	4248.25	-256.94	-2180.58	90.66	-0.12	-0.60
2025-01-09T04:31:38	4246.26	-257.01	-2173.78	90.74	-0.13	-0.51
2025-01-09T04:31:40	4244.27	-257.08	-2166.98	90.83	-0.15	-0.41
2025-01-09T04:31:42	4242.27	-257.15	-2160.18	90.91	-0.16	-0.31
2025-01-09T04:31:44	4240.28	-257.22	-2153.38	90.99	-0.18	-0.21
2025-01-09T04:31:46	4238.28	-257.29	-2146.57	91.08	-0.19	-0.11
2025-01-09T04:31:48	4236.27	-257.36	-2139.76	91.16	-0.21	-0.01
2025-01-09T04:31:50	4234.26	-257.42	-2132.95	91.24	-0.22	0.09
2025-01-09T04:31:52	4232.25	-257.49	-2126.14	91.33	-0.24	0.19
2025-01-09T04:31:54	4230.23	-257.56	-2119.33	91.41	-0.26	0.28
2025-01-09T04:31:56	4228.22	-257.63	-2112.51	91.48	-0.28	0.37
2025-01-09T04:31:58	4226.19	-257.69	-2105.70	91.55	-0.30	0.45
2025-01-09T04:32:00	4224.17	-257.76	-2098.88	91.62	-0.32	0.53
2025-01-09T04:32:02	4222.14	-257.83	-2092.06	91.68	-0.34	0.61
2025-01-09T04:32:04	4220.10	-257.89	-2085.23	91.75	-0.36	0.70
2025-01-09T04:32:06	4218.07	-257.96	-2078.41	91.81	-0.38	0.78
2025-01-09T04:32:08	4216.03	-258.03	-2071.58	91.88	-0.40	0.87
2025-01-09T04:32:10	4213.98	-258.09	-2064.76	91.94	-0.42	0.95
2025-01-09T04:32:12	4211.94	-258.16	-2057.93	92.01	-0.44	1.04
2025-01-09T04:32:14	4209.89	-258.22	-2051.10	92.07	-0.45	1.14
2025-01-09T04:32:16	4207.83	-258.29	-2044.27	92.14	-0.47	1.24
2025-01-09T04:32:18	4205.77	-258.35	-2037.43	92.20	-0.48	1.34
2025-01-09T04:32:20	4203.71	-258.42	-2030.59	92.27	-0.49	1.44
2025-01-09T04:32:22	4201.65	-258.48	-2023.76	92.33	-0.50	1.54
2025-01-09T04:32:24	4199.58	-258.54	-2016.92	92.39	-0.51	1.64
2025-01-09T04:32:26	4197.50	-258.61	-2010.08	92.45	-0.52	1.74
2025-01-09T04:32:28	4195.43	-258.67	-2003.24	92.51	-0.53	1.83
2025-01-09T04:32:30	4193.35	-258.74	-1996.39	92.58	-0.55	1.91
2025-01-09T04:32:32	4191.26	-258.80	-1989.54	92.65	-0.57	1.98
2025-01-09T04:32:34	4189.18	-258.86	-1982.70	92.72	-0.58	2.05
2025-01-09T04:32:36	4187.08	-258.92	-1975.84	92.79	-0.59	2.13
2025-01-09T04:32:38	4184.99	-258.99	-1968.99	92.86	-0.60	2.21
2025-01-09T04:32:40	4182.89	-259.05	-1962.14	92.94	-0.62	2.28
2025-01-09T04:32:42	4180.79	-259.11	-1955.28	93.01	-0.63	2.36
2025-01-09T04:32:44	4178.68	-259.17	-1948.43	93.08	-0.64	2.44
2025-01-09T04:32:46	4176.57	-259.23	-1941.57	93.16	-0.64	2.53
2025-01-09T04:32:48	4174.46	-259.29	-1934.71	93.23	-0.64	2.62
2025-01-09T04:32:50	4172.34	-259.35	-1927.85	93.30	-0.64	2.71
2025-01-09T04:32:52	4170.22	-259.42	-1920.98	93.38	-0.64	2.80
2025-01-09T04:32:54	4168.10	-259.48	-1914.12	93.45	-0.64	2.89
2025-01-09T04:32:56	4165.97	-259.54	-1907.25	93.51	-0.64	2.98
2025-01-09T04:32:58	4163.84	-259.60	-1900.38	93.58	-0.64	3.07
2025-01-09T04:33:00	4161.70	-259.66	-1893.51	93.65	-0.64	3.16
2025-01-09T04:33:02	4159.56	-259.72	-1886.63	93.70	-0.63	3.24
2025-01-09T04:33:04	4157.42	-259.77	-1879.76	93.76	-0.61	3.32
2025-01-09T04:33:06	4155.27	-259.84	-1872.89	93.81	-0.59	3.40
2025-01-09T04:33:08	4153.12	-259.89	-1866.01	93.86	-0.57	3.48
2025-01-09T04:33:10	4150.96	-259.95	-1859.13	93.92	-0.55	3.55
2025-01-09T04:33:12	4148.81	-260.01	-1852.25	93.98	-0.53	3.63
2025-01-09T04:33:14	4146.64	-260.07	-1845.36	94.04	-0.52	3.71
2025-01-09T04:33:16	4144.47	-260.13	-1838.48	94.10	-0.50	3.78
2025-01-09T04:33:18	4142.30	-260.18	-1831.59	94.17	-0.49	3.86
2025-01-09T04:33:20	4140.13	-260.24	-1824.71	94.22	-0.50	3.97
2025-01-09T04:33:22	4137.95	-260.30	-1817.81	94.28	-0.51	4.07
2025-01-09T04:33:24	4135.77	-260.36	-1810.92	94.33	-0.51	4.18
2025-01-09T04:33:26	4133.58	-260.41	-1804.03	94.39	-0.52	4.28
2025-01-09T04:33:28	4131.39	-260.47	-1797.13	94.44	-0.52	4.39
2025-01-09T04:33:30	4129.19	-260.52	-1790.24	94.50	-0.53	4.49
2025-01-09T04:33:32	4127.00	-260.58	-1783.34	94.56	-0.54	4.60
2025-01-09T04:33:34	4124.80	-260.64	-1776.44	94.62	-0.55	4.70
2025-01-09T04:33:36	4122.59	-260.69	-1769.54	94.68	-0.56	4.79
2025-01-09T04:33:38	4120.38	-260.75	-1762.63	94.74	-0.58	4.87
2025-01-09T04:33:40	4118.16	-260.80	-1755.73	94.81	-0.60	4.95
2025-01-09T04:33:42	4115.95	-260.86	-1748.82	94.87	-0.62	5.03
2025-01-09T04:33:44	4113.72	-260.91	-1741.91	94.93	-0.64	5.12
2025-01-09T04:33:46	4111.50	-260.96	-1735.00	94.99	-0.65	5.20
2025-01-09T04:33:48	4109.27	-261.02	-1728.09	95.06	-0.67	5.29
2025-01-09T04:33:50	4107.03	-261.07	-1721.18	95.12	-0.68	5.37
2025-01-09T04:33:52	4104.79	-261.12	-1714.26	95.19	-0.69	5.46
2025-01-09T04:33:54	4102.55	-261.18	-1707.34	95.25	-0.70	5.55
2025-01-09T04:33:56	4100.30	-261.23	-1700.42	95.32	-0.71	5.64
2025-01-09T04:33:58	4098.05	-261.28	-1693.50	95.39	-0.71	5.74
2025-01-09T04:34:00	4095.80	-261.33	-1686.58	95.46	-0.72	5.83
2025-01-09T04:34:02	4093.54	-261.38	-1679.65	95.53	-0.73	5.92
2025-01-09T04:34:04	4091.27	-261.44	-1672.73	95.59	-0.73	6.01
2025-01-09T04:34:06	4089.01	-261.49	-1665.80	95.66	-0.74	6.11
2025-01-09T04:34:08	4086.73	-261.54	-1658.87	95.72	-0.74	6.20
2025-01-09T04:34:10	4084.46	-261.59	-1651.94	95.77	-0.75	6.28
2025-01-09T04:34:12	4082.18	-261.64	-1645.01	95.83	-0.75	6.37
2025-01-09T04:34:14	4079.89	-261.69	-1638.07	95.88	-0.76	6.45
2025-01-09T04:34:16	4077.61	-261.74	-1631.14	95.93	-0.76	6.54
2025-01-09T04:34:18	4075.31	-261.79	-1624.20	95.99	-0.76	6.62
2025-01-09T04:34:20	4073.02	-261.84	-1617.26	96.04	-0.76	6.71
2025-01-09T04:34:22	4070.72	-261.89	-1610.32	96.09	-0.76	6.80
2025-01-09T04:34:24	4068.41	-261.94	-1603.38	96.15	-0.76	6.89
2025-01-09T04:34:26	4066.10	-261.99	-1596.43	96.20	-0.76	6.99
2025-01-09T04:34:28	4063.79	-262.03	-1589.49	96.24	-0.76	7.08
2025-01-09T04:34:30	4061.47	-262.08	-1582.54	96.29	-0.76	7.18
2025-01-09T04:34:32	4059.14	-262.13	-1575.59	96.34	-0.75	7.28
2025-01-09T04:34:34	4056.82	-262.18	-1568.64	96.38	-0.74	7.38
2025-01-09T04:34:36	4054.49	-262.22	-1561.68	96.43	-0.73	7.48
2025-01-09T04:34:38	4052.15	-262.27	-1554.73	96.47	-0.72	7.57
2025-01-09T04:34:40	4049.81	-262.32	-1547.77	96.52	-0.71	7.67
2025-01-09T04:34:42	4047.47	-262.37	-1540.82	96.56	-0.69	7.76
2025-01-09T04:34:44	4045.12	-262.41	-1533.86	96.59	-0.68	7.85
2025-01-09T04:34:46	4042.77	-262.46	-1526.90	96.63	-0.66	7.94
2025-01-09T04:34:48	4040.41	-262.50	-1519.93	96.66	-0.64	8.03
2025-01-09T04:34:50	4038.05	-262.55	-1512.97	96.70	-0.62	8.12
2025-01-09T04:34:52	4035.68	-262.59	-1506.00	96.73	-0.60	8.21
2025-01-09T04:34:54	4033.31	-262.64	-1499.03	96.77	-0.58	8.30
2025-01-09T04:34:56	4030.93	-262.68	-1492.06	96.81	-0.56	8.40
2025-01-09T04:34:58	4028.55	-262.72	-1485.09	96.84	-0.55	8.49
2025-01-09T04:35:00	4026.17	-262.77	-1478.12	96.87	-0.55	8.59
2025-01-09T04:35:02	4023.78	-262.81	-1471.14	96.90	-0.54	8.69
2025-01-09T04:35:04	4021.39	-262.85	-1464.17	96.93	-0.54	8.79
2025-01-09T04:35:06	4018.99	-262.90	-1457.19	96.96	-0.54	8.88
2025-01-09T04:35:08	4016.59	-262.94	-1450.21	97.00	-0.54	8.99
2025-01-09T04:35:10	4014.18	-262.98	-1443.23	97.04	-0.54	9.09
2025-01-09T04:35:12	4011.77	-263.02	-1436.25	97.08	-0.54	9.19
2025-01-09T04:35:14	4009.36	-263.07	-1429.26	97.12	-0.53	9.29
2025-01-09T04:35:16	4006.94	-263.11	-1422.28	97.15	-0.51	9.38
2025-01-09T04:35:18	4004.51	-263.15	-1415.29	97.18	-0.49	9.48
2025-01-09T04:35:20	4002.08	-263.19	-1408.30	97.20	-0.48	9.58
2025-01-09T04:35:22	3999.65	-263.23	-1401.31	97.23	-0.47	9.68
2025-01-09T04:35:24	3997.21	-263.27	-1394.32	97.25	-0.46	9.78
2025-01-09T04:35:26	3994.77	-263.31	-1387.33	97.27	-0.45	9.88
2025-01-09T04:35:28	3992.32	-263.35	-1380.33	97.29	-0.44	9.98
2025-01-09T04:35:30	3989.87	-263.39	-1373.33	97.32	-0.43	10.08
2025-01-09T04:35:32	3987.41	-263.42	-1366.33	97.35	-0.41	10.18
2025-01-09T04:35:34	3984.95	-263.46	-1359.33	97.38	-0.38	10.27
2025-01-09T04:35:36	3982.49	-263.50	-1352.33	97.41	-0.36	10.37
2025-01-09T04:35:38	3980.01	-263.54	-1345.33	97.44	-0.34	10.46
2025-01-09T04:35:40	3977.54	-263.58	-1338.32	97.47	-0.32	10.56
2025-01-09T04:35:42	3975.06	-263.62	-1331.32	97.51	-0.30	10.65
2025-01-09T04:35:44	3972.57	-263.65	-1324.31	97.54	-0.27	10.75
2025-01-09T04:35:46	3970.08	-263.69	-1317.30	97.57	-0.25	10.84
2025-01-09T04:35:48	3967.59	-263.72	-1310.29	97.61	-0.20	10.94
2025-01-09T04:35:50	3965.09	-263.76	-1303.27	97.65	-0.16	11.04
2025-01-09T04:35:52	3962.58	-263.80	-1296.26	97.69	-0.11	11.14
2025-01-09T04:35:54	3960.07	-263.83	-1289.24	97.72	-0.06	11.24
2025-01-09T04:35:56	3957.56	-263.87	-1282.22	97.76	-0.00	11.34
2025-01-09T04:35:58	3955.04	-263.90	-1275.20	97.80	0.05	11.45
2025-01-09T04:36:00	3952.52	-263.93	-1268.19	97.83	0.11	11.55
2025-01-09T04:36:02	3949.99	-263.97	-1261.16	97.87	0.17	11.66
2025-01-09T04:36:04	3947.46	-264.00	-1254.14	97.85	0.25	11.76
2025-01-09T04:36:06	3944.92	-264.03	-1247.11	97.84	0.33	11.86
2025-01-09T04:36:08	3942.38	-264.07	-1240.09	97.82	0.41	11.96
2025-01-09T04:36:10	3939.83	-264.10	-1233.06	97.81	0.49	12.06
2025-01-09T04:36:12	3937.28	-264.13	-1226.03	97.79	0.57	12.16
2025-01-09T04:36:14	3934.72	-264.17	-1219.00	97.78	0.65	12.26
2025-01-09T04:36:16	3932.16	-264.20	-1211.96	97.77	0.73	12.37
2025-01-09T04:36:18	3929.59	-264.23	-1204.93	97.76	0.81	12.47
2025-01-09T04:36:20	3927.02	-264.26	-1197.89	97.78	0.88	12.57
2025-01-09T04:36:22	3924.44	-264.29	-1190.85	97.81	0.95	12.67
2025-01-09T04:36:24	3921.86	-264.32	-1183.81	97.84	1.01	12.78
2025-01-09T04:36:26	3919.27	-264.35	-1176.77	97.87	1.08	12.88
2025-01-09T04:36:28	3916.68	-264.38	-1169.73	97.90	1.15	12.99
2025-01-09T04:36:30	3914.08	-264.41	-1162.69	97.92	1.21	13.10
2025-01-09T04:36:32	3911.48	-264.44	-1155.64	97.95	1.28	13.21
2025-01-09T04:36:34	3908.87	-264.47	-1148.60	97.97	1.35	13.33
2025-01-09T04:36:36	3906.26	-264.50	-1141.55	98.00	1.44	13.45
2025-01-09T04:36:38	3903.64	-264.52	-1134.50	98.03	1.53	13.58
2025-01-09T04:36:40	3901.02	-264.55	-1127.45	98.06	1.61	13.71
2025-01-09T04:36:42	3898.39	-264.58	-1120.39	98.09	1.69	13.84
2025-01-09T04:36:44	3895.76	-264.60	-1113.34	98.12	1.77	13.98
2025-01-09T04:36:46	3893.12	-264.63	-1106.29	98.14	1.85	14.13
2025-01-09T04:36:48	3890.48	-264.66	-1099.23	98.15	1.92	14.27
2025-01-09T04:36:50	3887.83	-264.68	-1092.17	98.17	2.00	14.43
2025-01-09T04:36:52	3885.17	-264.71	-1085.11	98.11	2.00	14.50
2025-01-09T04:36:54	3882.52	-264.73	-1078.05	98.02	1.95	14.51
2025-01-09T04:36:56	3879.85	-264.76	-1070.98	97.93	1.90	14.53
2025-01-09T04:36:58	3877.18	-264.78	-1063.92	97.84	1.85	14.54
2025-01-09T04:37:00	3874.51	-264.81	-1056.85	97.76	1.80	14.54
2025-01-09T04:37:02	3871.83	-264.83	-1049.79	97.68	1.74	14.54
2025-01-09T04:37:04	3869.14	-264.85	-1042.72	97.61	1.69	14.54
2025-01-09T04:37:06	3866.45	-264.87	-1035.65	97.54	1.63	14.54
2025-01-09T04:37:08	3863.76	-264.90	-1028.58	97.66	1.71	14.59
2025-01-09T04:37:10	3861.06	-264.92	-1021.51	97.95	1.91	14.68
2025-01-09T04:37:12	3858.35	-264.94	-1014.43	98.23	2.12	14.78
2025-01-09T04:37:14	3855.64	-264.96	-1007.36	98.52	2.35	14.88
2025-01-09T04:37:16	3852.92	-264.98	-1000.28	98.81	2.60	14.98
2025-01-09T04:37:18	3850.20	-265.00	-993.20	99.11	2.87	15.08
2025-01-09T04:37:20	3847.47	-265.02	-986.12	99.38	3.14	15.19
2025-01-09T04:37:22	3844.74	-265.05	-979.04	99.61	3.42	15.30
2025-01-09T04:37:24	3842.00	-265.06	-971.96	99.51	3.71	15.43
2025-01-09T04:37:26	3839.26	-265.08	-964.87	99.01	4.03	15.55
2025-01-09T04:37:28	3836.51	-265.10	-957.79	98.52	4.34	15.65
2025-01-09T04:37:30	3833.76	-265.12	-950.70	98.04	4.66	15.75
2025-01-09T04:37:32	3831.00	-265.14	-943.61	97.57	4.97	15.83
2025-01-09T04:37:34	3828.23	-265.15	-936.52	97.10	5.27	15.89
2025-01-09T04:37:36	3825.46	-265.17	-929.43	96.64	5.58	15.95
2025-01-09T04:37:38	3822.68	-265.19	-922.34	96.18	5.89	15.98
2025-01-09T04:37:40	3819.90	-265.21	-915.25	95.78	6.25	15.94
2025-01-09T04:37:42	3817.12	-265.22	-908.15	95.45	6.71	15.80
2025-01-09T04:37:44	3814.33	-265.24	-901.06	95.09	7.18	15.69
2025-01-09T04:37:46	3811.52	-265.25	-893.96	94.71	7.66	15.61
2025-01-09T04:37:48	3808.72	-265.27	-886.86	94.30	8.14	15.55
2025-01-09T04:37:50	3805.91	-265.28	-879.76	93.86	8.63	15.53
2025-01-09T04:37:52	3803.10	-265.30	-872.66	93.40	9.13	15.54
2025-01-09T04:37:54	3800.28	-265.31	-865.56	92.91	9.63	15.57
2025-01-09T04:37:56	3797.45	-265.32	-858.45	92.17	9.98	15.69
2025-01-09T04:37:58	3794.62	-265.34	-851.35	90.91	9.96	15.93
2025-01-09T04:38:00	3791.78	-265.35	-844.24	89.64	9.95	16.16
2025-01-09T04:38:02	3788.94	-265.36	-837.14	88.47	9.89	16.41
2025-01-09T04:38:04	3786.09	-265.37	-830.03	87.34	9.82	16.65
2025-01-09T04:38:06	3783.23	-265.38	-822.92	86.21	9.76	16.86
2025-01-09T04:38:08	3780.37	-265.39	-815.81	85.07	9.71	17.06
2025-01-09T04:38:10	3777.51	-265.40	-808.69	83.93	9.67	17.24
2025-01-09T04:38:12	3774.64	-265.41	-801.58	82.71	9.57	17.36
2025-01-09T04:38:14	3771.76	-265.42	-794.46	81.30	9.30	17.35
2025-01-09T04:38:16	3768.88	-265.43	-787.35	79.89	9.06	17.36
2025-01-09T04:38:18	3765.99	-265.44	-780.23	78.47	8.83	17.40
2025-01-09T04:38:20	3763.09	-265.45	-773.11	77.04	8.63	17.46
2025-01-09T04:38:22	3760.19	-265.46	-765.99	75.61	8.46	17.54
2025-01-09T04:38:24	3757.29	-265.46	-758.87	74.17	8.31	17.65
2025-01-09T04:38:26	3754.37	-265.47	-751.75	72.72	8.18	17.77
2025-01-09T04:38:28	3751.46	-265.48	-744.63	71.15	8.20	17.93
2025-01-09T04:38:30	3748.53	-265.48	-737.50	69.21	8.57	18.10
2025-01-09T04:38:32	3745.60	-265.49	-730.37	67.22	8.89	18.25
2025-01-09T04:38:34	3742.67	-265.50	-723.25	65.20	9.17	18.38
2025-01-09T04:38:36	3739.72	-265.50	-716.12	63.14	9.39	18.49
2025-01-09T04:38:38	3736.78	-265.51	-708.99	61.04	9.56	18.58
2025-01-09T04:38:40	3733.82	-265.51	-701.86	58.90	9.68	18.66
2025-01-09T04:38:42	3730.86	-265.51	-694.73	56.67	9.81	18.52
2025-01-09T04:38:44	3727.90	-265.52	-687.60	54.44	10.03	18.34
2025-01-09T04:38:46	3724.93	-265.52	-680.46	52.27	10.62	18.17
2025-01-09T04:38:48	3721.95	-265.52	-673.33	50.14	11.19	18.06
2025-01-09T04:38:50	3718.97	-265.52	-666.20	48.05	11.76	18.00
2025-01-09T04:38:52	3715.98	-265.53	-659.06	45.99	12.32	18.00
2025-01-09T04:38:54	3712.98	-265.53	-651.92	43.97	12.87	18.06
2025-01-09T04:38:56	3709.98	-265.53	-644.78	41.99	13.40	18.18
2025-01-09T04:38:58	3706.97	-265.53	-637.64	40.05	13.93	18.36
2025-01-09T04:39:00	3703.96	-265.53	-630.50	38.22	14.50	18.63
2025-01-09T04:39:02	3700.94	-265.53	-623.36	36.74	15.27	19.05
2025-01-09T04:39:04	3697.91	-265.53	-616.21	35.28	16.03	19.44
2025-01-09T04:39:06	3694.88	-265.52	-609.07	33.85	16.79	19.82
2025-01-09T04:39:08	3691.84	-265.52	-601.93	32.45	17.55	20.18
2025-01-09T04:39:10	3688.80	-265.52	-594.78	31.07	18.31	20.52
2025-01-09T04:39:12	3685.75	-265.52	-587.63	29.71	19.07	20.84
2025-01-09T04:39:14	3682.69	-265.51	-580.49	28.38	19.82	21.14
2025-01-09T04:39:16	3679.63	-265.51	-573.34	26.97	20.53	21.43
2025-01-09T04:39:18	3676.56	-265.50	-566.18	25.15	21.09	21.76
2025-01-09T04:39:20	3673.48	-265.50	-559.04	23.16	21.58	22.04
2025-01-09T04:39:22	3670.40	-265.49	-551.88	21.19	22.05	22.32
2025-01-09T04:39:24	3667.31	-265.49	-544.73	19.23	22.50	22.60
2025-01-09T04:39:26	3664.22	-265.48	-537.58	17.28	22.92	22.88
2025-01-09T04:39:28	3661.12	-265.48	-530.42	15.35	23.31	23.15
2025-01-09T04:39:30	3658.01	-265.47	-523.27	13.43	23.68	23.42
2025-01-09T04:39:32	3654.90	-265.46	-516.11	11.63	24.00	23.70
2025-01-09T04:39:34	3651.78	-265.45	-508.95	10.27	24.21	23.99
2025-01-09T04:39:36	3648.65	-265.45	-501.79	8.95	24.45	24.29
2025-01-09T04:39:38	3645.52	-265.44	-494.63	7.67	24.74	24.60
2025-01-09T04:39:40	3642.38	-265.43	-487.47	6.42	25.07	24.91
2025-01-09T04:39:42	3639.24	-265.42	-480.31	5.21	25.43	25.24
2025-01-09T04:39:44	3636.08	-265.41	-473.15	4.04	25.84	25.57
2025-01-09T04:39:46	3632.93	-265.39	-465.99	2.91	26.28	25.91
2025-01-09T04:39:48	3629.76	-265.38	-458.82	1.88	26.77	26.27
2025-01-09T04:39:50	3626.59	-265.37	-451.66	1.08	27.34	26.72
2025-01-09T04:39:52	3623.41	-265.36	-444.49	0.26	27.92	27.19
2025-01-09T04:39:54	3620.23	-265.35	-437.33	-0.57	28.51	27.68
2025-01-09T04:39:56	3617.04	-265.33	-430.16	-1.41	29.11	28.18
2025-01-09T04:39:58	3613.84	-265.32	-423.00	-2.24	29.70	28.68
2025-01-09T04:40:00	3610.64	-265.31	-415.83	-3.06	30.28	29.16
2025-01-09T04:40:02	3607.43	-265.29	-408.66	-3.87	30.86	29.62
2025-01-09T04:40:04	3604.21	-265.27	-401.49	-4.58	31.45	30.10
2025-01-09T04:40:06	3600.99	-265.26	-394.32	-4.98	32.08	30.67
2025-01-09T04:40:08	3597.76	-265.24	-387.15	-5.37	32.71	31.28
2025-01-09T04:40:10	3594.52	-265.23	-379.97	-5.77	33.35	31.92
2025-01-09T04:40:12	3591.27	-265.21	-372.80	-6.15	33.98	32.60
2025-01-09T04:40:14	3588.02	-265.19	-365.63	-6.53	34.62	33.32
2025-01-09T04:40:16	3584.77	-265.17	-358.45	-6.91	35.26	34.07
2025-01-09T04:40:18	3581.51	-265.15	-351.28	-7.28	35.90	34.85
2025-01-09T04:40:20	3578.24	-265.14	-344.10	-7.49	36.45	35.62
2025-01-09T04:40:22	3574.96	-265.12	-336.93	-7.25	36.78	36.22
2025-01-09T04:40:24	3571.67	-265.09	-329.75	-6.97	37.13	36.79
2025-01-09T04:40:26	3568.39	-265.07	-322.57	-6.65	37.50	37.33
2025-01-09T04:40:28	3565.09	-265.05	-315.40	-6.29	37.89	37.85
2025-01-09T04:40:30	3561.78	-265.03	-308.22	-5.87	38.28	38.36
2025-01-09T04:40:32	3558.47	-265.01	-301.04	-5.32	38.64	38.97
2025-01-09T04:40:34	3555.15	-264.99	-293.86	-4.75	38.99	39.61
2025-01-09T04:40:36	3551.83	-264.96	-286.68	-4.19	39.27	40.34
2025-01-09T04:40:38	3548.50	-264.94	-279.50	-3.65	39.41	41.20
2025-01-09T04:40:40	3545.16	-264.92	-272.32	-3.11	39.51	42.04
2025-01-09T04:40:42	3541.81	-264.89	-265.14	-2.58	39.58	42.87
2025-01-09T04:40:44	3538.46	-264.86	-257.95	-2.04	39.60	43.69
2025-01-09T04:40:46	3535.10	-264.84	-250.77	-1.51	39.60	44.49
2025-01-09T04:40:48	3531.74	-264.81	-243.59	-0.97	39.56	45.28
2025-01-09T04:40:50	3528.36	-264.78	-236.40	-0.44	39.48	46.05
2025-01-09T04:40:52	3524.99	-264.76	-229.22	0.03	39.21	46.79
2025-01-09T04:40:54	3521.60	-264.73	-222.04	0.31	38.65	47.46
2025-01-09T04:40:56	3518.20	-264.70	-214.85	0.52	38.11	48.14
2025-01-09T04:40:58	3514.80	-264.67	-207.66	0.66	37.58	48.82
2025-01-09T04:41:00	3511.40	-264.64	-200.48	0.74	37.07	49.50
2025-01-09T04:41:02	3507.98	-264.61	-193.29	0.75	36.58	50.19
2025-01-09T04:41:04	3504.56	-264.58	-186.10	0.72	36.10	50.83
2025-01-09T04:41:06	3501.13	-264.55	-178.92	0.84	35.59	51.21
2025-01-09T04:41:08	3497.69	-264.52	-171.73	1.10	35.13	51.49
2025-01-09T04:41:10	3494.25	-264.48	-164.54	1.54	34.74	51.61
2025-01-09T04:41:12	3490.80	-264.45	-157.35	1.93	34.34	51.76
2025-01-09T04:41:14	3487.34	-264.42	-150.16	2.29	33.93	51.92
2025-01-09T04:41:16	3483.88	-264.39	-142.97	2.61	33.52	52.11
2025-01-09T04:41:18	3480.41	-264.35	-135.79	2.90	33.10	52.32
2025-01-09T04:41:20	3476.93	-264.32	-128.60	3.15	32.67	52.56
2025-01-09T04:41:22	3473.44	-264.28	-121.41	3.36	32.24	52.81
2025-01-09T04:41:24	3469.95	-264.24	-114.22	3.51	31.73	52.90
2025-01-09T04:41:26	3466.45	-264.21	-107.03	3.61	31.17	52.77
2025-01-09T04:41:28	3462.94	-264.17	-99.84	3.70	30.68	52.67
2025-01-09T04:41:30	3459.42	-264.13	-92.65	3.77	30.25	52.61
2025-01-09T04:41:32	3455.90	-264.09	-85.46	3.82	29.89	52.58
2025-01-09T04:41:34	3452.37	-264.05	-78.26	3.86	29.60	52.59
2025-01-09T04:41:36	3448.83	-264.01	-71.07	3.87	29.37	52.64
2025-01-09T04:41:38	3445.29	-263.97	-63.88	4.00	28.89	52.73
2025-01-09T04:41:40	3441.74	-263.93	-56.69	4.27	28.04	52.94
2025-01-09T04:41:42	3438.18	-263.89	-49.50	4.65	26.97	53.22
2025-01-09T04:41:44	3434.61	-263.85	-42.31	4.99	26.01	53.46
2025-01-09T04:41:46	3431.04	-263.81	-35.11	5.30	25.13	53.65
2025-01-09T04:41:48	3427.45	-263.76	-27.92	5.57	24.35	53.81
2025-01-09T04:41:50	3423.86	-263.72	-20.73	5.81	23.66	53.91
2025-01-09T04:41:52	3420.27	-263.68	-13.54	6.02	23.06	53.98
2025-01-09T04:41:54	3416.67	-263.63	-6.35	6.19	22.56	54.00
2025-01-09T04:41:56	3413.05	-263.59	0.84	5.80	22.24	54.25
2025-01-09T04:41:58	3409.43	-263.54	8.04	4.93	22.04	54.73
2025-01-09T04:42:00	3405.81	-263.49	15.23	4.05	21.86	55.23
2025-01-09T04:42:02	3402.17	-263.44	22.42	3.16	21.70	55.74
2025-01-09T04:42:04	3398.53	-263.40	29.61	2.27	21.56	56.27
2025-01-09T04:42:06	3394.88	-263.35	36.80	1.38	21.45	56.80
2025-01-09T04:42:08	3391.23	-263.30	44.00	0.48	21.35	57.35
2025-01-09T04:42:10	3387.56	-263.25	51.19	-0.36	21.03	57.81
2025-01-09T04:42:12	3383.89	-263.20	58.38	-1.01	20.51	57.81
2025-01-09T04:42:14	3380.21	-263.15	65.57	-1.55	19.85	57.55
2025-01-09T04:42:16	3376.53	-263.10	72.76	-2.11	19.17	57.32
2025-01-09T04:42:18	3372.83	-263.05	79.95	-2.69	18.47	57.14
2025-01-09T04:42:20	3369.13	-262.99	87.14	-3.29	17.73	57.01
2025-01-09T04:42:22	3365.42	-262.94	94.34	-3.91	16.97	56.92
2025-01-09T04:42:24	3361.70	-262.89	101.53	-4.55	16.17	56.88
2025-01-09T04:42:26	3357.97	-262.83	108.72	-5.21	15.35	56.89
2025-01-09T04:42:28	3354.24	-262.78	115.90	-5.49	14.65	57.02
2025-01-09T04:42:30	3350.50	-262.72	123.10	-5.55	14.08	57.25
2025-01-09T04:42:32	3346.75	-262.67	130.29	-5.62	13.59	57.53
2025-01-09T04:42:34	3343.00	-262.61	137.47	-5.72	13.16	57.87
2025-01-09T04:42:36	3339.23	-262.55	144.67	-5.83	12.80	58.26
2025-01-09T04:42:38	3335.46	-262.49	151.85	-5.97	12.52	58.70
2025-01-09T04:42:40	3331.68	-262.43	159.04	-6.09	12.39	59.07
2025-01-09T04:42:42	3327.89	-262.37	166.23	-6.21	12.43	59.36
2025-01-09T04:42:44	3324.09	-262.31	173.42	-6.41	12.65	59.42
2025-01-09T04:42:46	3320.29	-262.25	180.60	-6.64	12.91	59.35
2025-01-09T04:42:48	3316.48	-262.19	187.79	-6.88	13.10	59.29
2025-01-09T04:42:50	3312.66	-262.13	194.98	-7.11	13.22	59.24
2025-01-09T04:42:52	3308.83	-262.07	202.16	-7.34	13.27	59.20
2025-01-09T04:42:54	3305.00	-262.00	209.35	-7.57	13.26	59.17
2025-01-09T04:42:56	3301.16	-261.94	216.53	-7.81	13.18	59.14
2025-01-09T04:42:58	3297.30	-261.88	223.71	-8.04	13.03	59.13
2025-01-09T04:43:00	3293.45	-261.81	230.90	-8.35	12.64	59.33
2025-01-09T04:43:02	3289.58	-261.75	238.08	-8.72	12.14	59.60
2025-01-09T04:43:04	3285.70	-261.68	245.26	-9.10	11.60	59.86
2025-01-09T04:43:06	3281.82	-261.61	252.44	-9.51	11.01	60.09
2025-01-09T04:43:08	3277.93	-261.54	259.63	-9.93	10.38	60.31
2025-01-09T04:43:10	3274.03	-261.48	266.81	-10.32	9.87	60.52
2025-01-09T04:43:12	3270.12	-261.41	273.99	-10.64	9.50	60.72
2025-01-09T04:43:14	3266.21	-261.34	281.17	-10.92	9.15	60.90
2025-01-09T04:43:16	3262.28	-261.27	288.34	-11.26	8.84	60.86
2025-01-09T04:43:18	3258.35	-261.19	295.52	-11.63	8.61	60.80
2025-01-09T04:43:20	3254.41	-261.12	302.70	-11.99	8.45	60.82
2025-01-09T04:43:22	3250.47	-261.05	309.88	-12.34	8.36	60.89
2025-01-09T04:43:24	3246.51	-260.98	317.05	-12.69	8.33	61.03
2025-01-09T04:43:26	3242.55	-260.90	324.23	-13.04	8.37	61.24
2025-01-09T04:43:28	3238.57	-260.83	331.40	-13.38	8.48	61.51
2025-01-09T04:43:30	3234.59	-260.76	338.57	-13.71	8.66	61.84
2025-01-09T04:43:32	3230.60	-260.68	345.75	-13.80	8.91	62.28
2025-01-09T04:43:34	3226.61	-260.60	352.92	-13.80	9.12	62.75
2025-01-09T04:43:36	3222.60	-260.53	360.09	-13.80	9.29	63.22
2025-01-09T04:43:38	3218.59	-260.45	367.26	-13.79	9.39	63.69
2025-01-09T04:43:40	3214.57	-260.37	374.43	-13.86	9.25	64.07
2025-01-09T04:43:42	3210.54	-260.29	381.59	-13.96	9.11	64.37
2025-01-09T04:43:44	3206.50	-260.21	388.76	-14.09	8.98	64.60
2025-01-09T04:43:46	3202.45	-260.13	395.93	-14.25	8.86	64.74
2025-01-09T04:43:48	3198.40	-260.05	403.09	-14.58	8.41	65.07
2025-01-09T04:43:50	3194.34	-259.97	410.25	-14.95	7.86	65.44
2025-01-09T04:43:52	3190.26	-259.89	417.42	-15.31	7.27	65.78
2025-01-09T04:43:54	3186.19	-259.80	424.58	-15.67	6.64	66.11
2025-01-09T04:43:56	3182.10	-259.72	431.74	-16.02	5.98	66.41
2025-01-09T04:43:58	3178.00	-259.64	438.90	-16.36	5.28	66.69
2025-01-09T04:44:00	3173.90	-259.55	446.06	-16.70	4.55	66.95
2025-01-09T04:44:02	3169.78	-259.46	453.21	-17.04	3.78	67.18
2025-01-09T04:44:04	3165.66	-259.38	460.37	-18.04	3.46	67.56
2025-01-09T04:44:06	3161.53	-259.29	467.52	-19.21	3.28	68.03
2025-01-09T04:44:08	3157.39	-259.20	474.68	-20.29	3.49	68.50
2025-01-09T04:44:10	3153.24	-259.11	481.83	-21.28	3.69	68.93
2025-01-09T04:44:12	3149.09	-259.02	488.98	-22.18	3.89	69.33
2025-01-09T04:44:14	3144.92	-258.93	496.13	-22.99	4.09	69.70
2025-01-09T04:44:16	3140.75	-258.84	503.28	-23.72	4.29	70.04
2025-01-09T04:44:18	3136.57	-258.75	510.42	-24.35	4.49	70.35
2025-01-09T04:44:20	3132.38	-258.66	517.57	-24.79	4.92	70.76
2025-01-09T04:44:22	3128.18	-258.56	524.71	-25.25	5.29	71.24
2025-01-09T04:44:24	3123.98	-258.47	531.85	-25.79	5.54	71.78
2025-01-09T04:44:26	3119.76	-258.38	538.99	-26.39	5.68	72.38
2025-01-09T04:44:28	3115.54	-258.28	546.13	-27.06	5.70	73.03
2025-01-09T04:44:30	3111.31	-258.19	553.27	-27.80	5.59	73.74
2025-01-09T04:44:32	3107.06	-258.09	560.41	-28.61	5.37	74.50
2025-01-09T04:44:34	3102.81	-257.99	567.54	-29.46	4.96	75.24
2025-01-09T04:44:36	3098.56	-257.89	574.68	-30.07	4.36	74.99
2025-01-09T04:44:38	3094.29	-257.80	581.81	-30.64	3.83	74.55
2025-01-09T04:44:40	3090.01	-257.70	588.94	-31.24	3.41	74.15
2025-01-09T04:44:42	3085.73	-257.60	596.07	-31.86	3.10	73.80
2025-01-09T04:44:44	3081.43	-257.50	603.19	-32.51	2.90	73.49
2025-01-09T04:44:46	3077.14	-257.39	610.32	-33.18	2.81	73.22
2025-01-09T04:44:48	3072.82	-257.29	617.44	-33.88	2.84	72.99
2025-01-09T04:44:50	3068.50	-257.19	624.56	-34.61	2.98	72.81
2025-01-09T04:44:52	3064.18	-257.08	631.68	-35.20	3.43	73.46
2025-01-09T04:44:54	3059.84	-256.98	638.80	-35.76	3.94	74.34
2025-01-09T04:44:56	3055.49	-256.87	645.92	-36.36	4.45	75.25
2025-01-09T04:44:58	3051.14	-256.77	653.03	-36.99	4.98	76.17
2025-01-09T04:45:00	3046.78	-256.66	660.14	-37.62	5.49	77.08
2025-01-09T04:45:02	3042.41	-256.55	667.25	-38.11	5.83	77.84
2025-01-09T04:45:04	3038.03	-256.44	674.36	-38.64	6.05	78.53
2025-01-09T04:45:06	3033.64	-256.33	681.47	-39.21	6.15	79.16
2025-01-09T04:45:08	3029.24	-256.22	688.57	-39.81	5.84	79.01
2025-01-09T04:45:10	3024.83	-256.11	695.68	-40.47	5.42	78.71
2025-01-09T04:45:12	3020.42	-256.00	702.78	-41.20	5.01	78.53
2025-01-09T04:45:14	3015.99	-255.89	709.87	-42.01	4.61	78.47
2025-01-09T04:45:16	3011.56	-255.78	716.97	-42.88	4.23	78.53
2025-01-09T04:45:18	3007.12	-255.66	724.07	-43.83	3.85	78.71
2025-01-09T04:45:20	3002.67	-255.55	731.16	-44.85	3.48	79.01
2025-01-09T04:45:22	2998.21	-255.43	738.25	-45.94	3.12	79.43
2025-01-09T04:45:24	2993.74	-255.32	745.33	-46.98	2.96	79.94
2025-01-09T04:45:26	2989.26	-255.20	752.42	-47.94	2.95	80.40
2025-01-09T04:45:28	2984.77	-255.08	759.50	-48.82	3.02	80.78
2025-01-09T04:45:30	2980.28	-254.97	766.58	-49.61	3.07	81.19
2025-01-09T04:45:32	2975.77	-254.85	773.66	-50.34	3.10	81.61
2025-01-09T04:45:34	2971.26	-254.73	780.74	-50.98	3.11	82.05
2025-01-09T04:45:36	2966.74	-254.61	787.82	-51.55	3.09	82.50
2025-01-09T04:45:38	2962.21	-254.48	794.89	-52.04	3.06	82.97
2025-01-09T04:45:40	2957.67	-254.36	801.96	-52.70	2.82	83.45
2025-01-09T04:45:42	2953.12	-254.24	809.02	-53.52	2.53	83.94
2025-01-09T04:45:44	2948.56	-254.11	816.09	-54.37	2.34	84.47
2025-01-09T04:45:46	2943.99	-253.99	823.15	-55.25	2.24	85.02
2025-01-09T04:45:48	2939.42	-253.86	830.21	-56.14	2.24	85.61
2025-01-09T04:45:50	2934.83	-253.74	837.27	-57.06	2.33	86.22
2025-01-09T04:45:52	2930.24	-253.61	844.32	-58.16	2.47	86.85
2025-01-09T04:45:54	2925.64	-253.48	851.37	-59.38	2.66	87.46
2025-01-09T04:45:56	2921.02	-253.35	858.42	-60.73	2.92	87.93
2025-01-09T04:45:58	2916.40	-253.23	865.47	-62.23	3.14	88.30
2025-01-09T04:46:00	2911.77	-253.10	872.51	-63.77	3.26	88.69
2025-01-09T04:46:02	2907.13	-252.97	879.55	-65.35	3.30	89.10
2025-01-09T04:46:04	2902.48	-252.83	886.59	-66.98	3.25	89.53
2025-01-09T04:46:06	2897.83	-252.70	893.63	-68.66	3.11	89.97
2025-01-09T04:46:08	2893.16	-252.57	900.66	-70.39	2.89	90.43
2025-01-09T04:46:10	2888.49	-252.44	907.69	-72.16	2.58	90.90
2025-01-09T04:46:12	2883.80	-252.30	914.72	-73.82	2.23	91.33
2025-01-09T04:46:14	2879.11	-252.16	921.74	-75.25	1.95	91.66
2025-01-09T04:46:16	2874.41	-252.03	928.76	-76.57	1.83	91.93
2025-01-09T04:46:18	2869.69	-251.89	935.78	-77.55	1.95	92.04
2025-01-09T04:46:20	2864.97	-251.75	942.80	-78.45	2.09	92.15
2025-01-09T04:46:22	2860.24	-251.61	949.81	-79.27	2.26	92.25
2025-01-09T04:46:24	2855.50	-251.47	956.82	-80.01	2.46	92.35
2025-01-09T04:46:26	2850.76	-251.33	963.82	-80.67	2.68	92.44
2025-01-09T04:46:28	2846.00	-251.19	970.83	-81.25	2.94	92.56
2025-01-09T04:46:30	2841.23	-251.05	977.83	-81.82	3.21	92.80
2025-01-09T04:46:32	2836.46	-250.91	984.83	-82.49	3.45	93.13
2025-01-09T04:46:34	2831.67	-250.76	991.82	-83.25	3.66	93.55
2025-01-09T04:46:36	2826.88	-250.62	998.81	-84.12	3.83	94.06
2025-01-09T04:46:38	2822.08	-250.47	1005.80	-85.08	3.96	94.65
2025-01-09T04:46:40	2817.26	-250.32	1012.78	-86.29	4.02	95.29
2025-01-09T04:46:42	2812.44	-250.18	1019.76	-87.85	3.94	95.81
2025-01-09T04:46:44	2807.61	-250.03	1026.74	-89.42	3.80	96.22
2025-01-09T04:46:46	2802.77	-249.88	1033.71	-91.00	3.96	95.98
2025-01-09T04:46:48	2797.92	-249.73	1040.68	-92.56	4.16	95.74
2025-01-09T04:46:50	2793.07	-249.58	1047.65	-94.11	4.38	95.53
2025-01-09T04:46:52	2788.20	-249.43	1054.61	-95.63	4.64	95.33
2025-01-09T04:46:54	2783.32	-249.28	1061.58	-97.14	4.94	95.14
2025-01-09T04:46:56	2778.44	-249.12	1068.53	-98.63	5.27	94.98
2025-01-09T04:46:58	2773.54	-248.97	1075.49	-100.11	5.64	94.83
2025-01-09T04:47:00	2768.64	-248.82	1082.44	-101.56	6.05	94.70
2025-01-09T04:47:02	2763.72	-248.66	1089.38	-102.54	6.44	94.73
2025-01-09T04:47:04	2758.80	-248.50	1096.32	-103.41	6.86	94.86
2025-01-09T04:47:06	2753.87	-248.35	1103.26	-104.36	7.23	95.05
2025-01-09T04:47:08	2748.93	-248.19	1110.20	-105.41	7.49	95.24
2025-01-09T04:47:10	2743.98	-248.03	1117.13	-106.54	7.63	95.41
2025-01-09T04:47:12	2739.02	-247.87	1124.06	-107.78	7.67	95.57
2025-01-09T04:47:14	2734.05	-247.71	1130.98	-109.11	7.59	95.73
2025-01-09T04:47:16	2729.08	-247.55	1137.90	-110.55	7.40	95.88
2025-01-09T04:47:18	2724.09	-247.39	1144.82	-112.29	7.17	95.97
2025-01-09T04:47:20	2719.09	-247.22	1151.73	-114.21	6.99	96.00
2025-01-09T04:47:22	2714.09	-247.06	1158.64	-116.12	6.87	96.02
2025-01-09T04:47:24	2709.08	-246.89	1165.55	-118.02	6.81	96.01
2025-01-09T04:47:26	2704.05	-246.73	1172.45	-119.89	6.81	95.99
2025-01-09T04:47:28	2699.02	-246.56	1179.34	-121.49	7.00	96.03
2025-01-09T04:47:30	2693.98	-246.40	1186.24	-123.06	7.17	96.05
2025-01-09T04:47:32	2688.93	-246.23	1193.13	-124.60	7.31	96.06
2025-01-09T04:47:34	2683.87	-246.06	1200.01	-126.02	7.47	96.09
2025-01-09T04:47:36	2678.80	-245.89	1206.89	-127.24	7.70	96.20
2025-01-09T04:47:38	2673.72	-245.72	1213.77	-128.52	7.94	96.33
2025-01-09T04:47:40	2668.63	-245.55	1220.64	-129.86	8.20	96.48
2025-01-09T04:47:42	2663.53	-245.37	1227.51	-131.26	8.48	96.65
2025-01-09T04:47:44	2658.43	-245.20	1234.37	-132.71	8.77	96.84
2025-01-09T04:47:46	2653.31	-245.03	1241.23	-134.23	9.08	97.05
2025-01-09T04:47:48	2648.19	-244.85	1248.08	-135.81	9.40	97.28
2025-01-09T04:47:50	2643.05	-244.68	1254.94	-137.40	9.58	97.38
2025-01-09T04:47:52	2637.91	-244.50	1261.78	-139.00	9.58	97.55
2025-01-09T04:47:54	2632.76	-244.32	1268.62	-140.62	9.60	97.67
2025-01-09T04:47:56	2627.59	-244.14	1275.46	-142.25	9.65	97.76
2025-01-09T04:47:58	2622.42	-243.96	1282.29	-143.89	9.72	97.79
2025-01-09T04:48:00	2617.24	-243.78	1289.12	-145.53	9.82	97.77
2025-01-09T04:48:02	2612.05	-243.60	1295.95	-147.19	9.95	97.71
2025-01-09T04:48:04	2606.86	-243.42	1302.77	-148.85	10.10	97.59
2025-01-09T04:48:06	2601.65	-243.24	1309.58	-150.51	10.28	97.42
2025-01-09T04:48:08	2596.43	-243.05	1316.39	-152.10	10.60	96.94
2025-01-09T04:48:10	2591.21	-242.87	1323.20	-153.64	10.98	96.26
2025-01-09T04:48:12	2585.97	-242.68	1330.00	-155.57	11.50	95.65
2025-01-09T04:48:14	2580.73	-242.50	1336.80	-157.51	11.97	95.07
2025-01-09T04:48:16	2575.47	-242.31	1343.59	-159.32	12.32	94.52
2025-01-09T04:48:18	2570.21	-242.12	1350.37	-161.01	12.56	93.99
2025-01-09T04:48:20	2564.94	-241.93	1357.15	-162.58	12.69	93.48
2025-01-09T04:48:22	2559.66	-241.74	1363.93	-164.01	12.70	92.99
2025-01-09T04:48:24	2554.37	-241.55	1370.70	-165.31	12.65	92.55
2025-01-09T04:48:26	2549.07	-241.36	1377.47	-166.52	12.80	92.31
2025-01-09T04:48:28	2543.76	-241.17	1384.23	-167.67	12.95	92.01
2025-01-09T04:48:30	2538.44	-240.97	1390.99	-168.76	13.08	91.65
2025-01-09T04:48:32	2533.12	-240.78	1397.74	-169.79	13.20	91.22
2025-01-09T04:48:34	2527.78	-240.59	1404.49	-171.14	13.68	91.09
2025-01-09T04:48:36	2522.44	-240.39	1411.23	-172.55	14.19	90.98
2025-01-09T04:48:38	2517.08	-240.19	1417.97	-174.01	14.72	90.88
2025-01-09T04:48:40	2511.72	-240.00	1424.70	-175.51	15.27	90.77
2025-01-09T04:48:42	2506.35	-239.80	1431.43	-177.46	15.76	90.70
2025-01-09T04:48:44	2500.97	-239.60	1438.15	-179.53	16.20	90.59
2025-01-09T04:48:46	2495.58	-239.40	1444.87	-181.50	16.61	90.43
2025-01-09T04:48:48	2490.18	-239.20	1451.58	-183.38	17.00	90.21
2025-01-09T04:48:50	2484.77	-238.99	1458.29	-185.17	17.35	89.94
2025-01-09T04:48:52	2479.35	-238.79	1464.99	-186.87	17.67	89.61
2025-01-09T04:48:54	2473.92	-238.59	1471.68	-188.66	17.92	89.17
2025-01-09T04:48:56	2468.49	-238.38	1478.37	-190.90	18.11	88.60
2025-01-09T04:48:58	2463.04	-238.18	1485.05	-193.30	18.28	88.05
2025-01-09T04:49:00	2457.59	-237.97	1491.73	-195.79	18.20	87.57
2025-01-09T04:49:02	2452.13	-237.76	1498.41	-198.26	18.15	87.07
2025-01-09T04:49:04	2446.66	-237.55	1505.07	-200.70	18.14	86.54
2025-01-09T04:49:06	2441.18	-237.34	1511.74	-203.11	18.16	85.99
2025-01-09T04:49:08	2435.69	-237.13	1518.39	-205.49	18.22	85.42
2025-01-09T04:49:10	2430.19	-236.92	1525.05	-207.85	18.32	84.82
2025-01-09T04:49:12	2424.68	-236.71	1531.69	-210.18	18.45	84.19
2025-01-09T04:49:14	2419.16	-236.50	1538.33	-212.48	18.61	83.54
2025-01-09T04:49:16	2413.64	-236.28	1544.97	-213.90	18.71	82.84
2025-01-09T04:49:18	2408.10	-236.07	1551.60	-215.13	18.87	82.19
2025-01-09T04:49:20	2402.56	-235.86	1558.22	-216.48	19.08	81.57
2025-01-09T04:49:22	2397.01	-235.64	1564.84	-217.95	19.34	80.97
2025-01-09T04:49:24	2391.44	-235.42	1571.45	-219.53	19.65	80.39
2025-01-09T04:49:26	2385.87	-235.20	1578.05	-221.24	20.01	79.84
2025-01-09T04:49:28	2380.30	-234.98	1584.65	-223.07	20.41	79.31
2025-01-09T04:49:30	2374.71	-234.76	1591.25	-225.02	20.86	78.81
2025-01-09T04:49:32	2369.11	-234.54	1597.83	-227.09	21.36	78.33
2025-01-09T04:49:34	2363.51	-234.32	1604.41	-228.74	21.66	77.38
2025-01-09T04:49:36	2357.89	-234.10	1610.99	-230.35	21.80	76.22
2025-01-09T04:49:38	2352.27	-233.87	1617.56	-232.04	21.90	75.00
2025-01-09T04:49:40	2346.63	-233.65	1624.12	-233.84	22.02	73.84
2025-01-09T04:49:42	2340.99	-233.43	1630.68	-235.74	22.16	72.73
2025-01-09T04:49:44	2335.34	-233.20	1637.23	-237.75	22.33	71.68
2025-01-09T04:49:46	2329.69	-232.97	1643.78	-239.87	22.51	70.68
2025-01-09T04:49:48	2324.02	-232.74	1650.32	-242.09	22.71	69.73
2025-01-09T04:49:50	2318.34	-232.51	1656.85	-244.16	22.95	68.78
2025-01-09T04:49:52	2312.66	-232.29	1663.37	-245.24	23.21	67.62
2025-01-09T04:49:54	2306.96	-232.06	1669.90	-246.25	23.44	66.42
2025-01-09T04:49:56	2301.26	-231.82	1676.41	-247.29	23.68	65.17
2025-01-09T04:49:58	2295.55	-231.59	1682.92	-248.49	23.98	63.87
2025-01-09T04:50:00	2289.83	-231.36	1689.42	-249.79	24.31	62.55
2025-01-09T04:50:02	2284.10	-231.12	1695.91	-251.21	24.66	61.23
2025-01-09T04:50:04	2278.36	-230.89	1702.40	-252.75	25.04	59.89
2025-01-09T04:50:06	2272.62	-230.65	1708.88	-254.40	25.45	58.54
2025-01-09T04:50:08	2266.86	-230.42	1715.36	-256.06	25.78	57.30
2025-01-09T04:50:10	2261.10	-230.18	1721.83	-257.54	25.97	56.21
2025-01-09T04:50:12	2255.33	-229.94	1728.29	-258.93	26.14	55.08
2025-01-09T04:50:14	2249.55	-229.70	1734.75	-260.21	26.30	53.91
2025-01-09T04:50:16	2243.76	-229.46	1741.20	-261.34	26.43	52.75
2025-01-09T04:50:18	2237.96	-229.22	1747.64	-262.44	26.54	51.61
2025-01-09T04:50:20	2232.16	-228.98	1754.07	-263.60	26.65	50.46
2025-01-09T04:50:22	2226.34	-228.73	1760.50	-264.81	26.77	49.30
2025-01-09T04:50:24	2220.52	-228.49	1766.93	-266.08	26.90	48.12
2025-01-09T04:50:26	2214.69	-228.24	1773.34	-267.45	27.00	46.95
2025-01-09T04:50:28	2208.85	-228.00	1779.75	-268.84	27.08	45.76
2025-01-09T04:50:30	2203.00	-227.75	1786.15	-270.18	27.16	44.55
2025-01-09T04:50:32	2197.15	-227.51	1792.55	-271.48	27.25	43.32
2025-01-09T04:50:34	2191.28	-227.26	1798.94	-272.73	27.35	42.08
2025-01-09T04:50:36	2185.41	-227.01	1805.32	-273.95	27.47	40.73
2025-01-09T04:50:38	2179.53	-226.76	1811.69	-275.15	27.60	39.35
2025-01-09T04:50:40	2173.63	-226.51	1818.06	-276.35	27.71	37.97
2025-01-09T04:50:42	2167.74	-226.25	1824.42	-277.55	27.83	36.60
2025-01-09T04:50:44	2161.83	-226.00	1830.78	-278.82	27.99	35.23
2025-01-09T04:50:46	2155.92	-225.75	1837.12	-280.18	28.18	33.84
2025-01-09T04:50:48	2149.99	-225.50	1843.46	-281.54	28.37	32.42
2025-01-09T04:50:50	2144.06	-225.24	1849.80	-282.92	28.55	30.96
2025-01-09T04:50:52	2138.12	-224.98	1856.12	-284.31	28.73	29.47
2025-01-09T04:50:54	2132.17	-224.72	1862.44	-285.73	28.91	27.93
2025-01-09T04:50:56	2126.22	-224.47	1868.75	-287.19	29.09	26.21
2025-01-09T04:50:58	2120.25	-224.21	1875.05	-288.61	29.25	24.49
2025-01-09T04:51:00	2114.28	-223.95	1881.35	-289.98	29.38	22.76
2025-01-09T04:51:02	2108.30	-223.69	1887.64	-291.21	29.42	21.10
2025-01-09T04:51:04	2102.31	-223.43	1893.92	-292.36	29.40	19.50
2025-01-09T04:51:06	2096.31	-223.16	1900.20	-293.51	29.38	17.91
2025-01-09T04:51:08	2090.31	-222.90	1906.46	-294.67	29.37	16.31
2025-01-09T04:51:10	2084.29	-222.64	1912.73	-295.83	29.37	14.71
2025-01-09T04:51:12	2078.27	-222.37	1918.98	-297.01	29.36	13.10
2025-01-09T04:51:14	2072.25	-222.11	1925.22	-298.23	29.38	11.44
2025-01-09T04:51:16	2066.21	-221.84	1931.46	-299.44	29.42	9.72
2025-01-09T04:51:18	2060.16	-221.57	1937.69	-300.60	29.45	7.98
2025-01-09T04:51:20	2054.11	-221.30	1943.91	-301.66	29.50	6.25
2025-01-09T04:51:22	2048.05	-221.03	1950.13	-302.66	29.58	4.59
2025-01-09T04:51:24	2041.98	-220.76	1956.34	-303.67	29.65	2.92
2025-01-09T04:51:26	2035.90	-220.49	1962.54	-304.69	29.72	1.26
2025-01-09T04:51:28	2029.82	-220.22	1968.73	-305.71	29.79	-0.40
2025-01-09T04:51:30	2023.73	-219.95	1974.92	-306.74	29.84	-2.05
2025-01-09T04:51:32	2017.62	-219.67	1981.10	-307.78	29.90	-3.71
2025-01-09T04:51:34	2011.52	-219.40	1987.27	-308.83	30.01	-5.47
2025-01-09T04:51:36	2005.40	-219.12	1993.43	-309.83	30.12	-7.24
2025-01-09T04:51:38	1999.28	-218.85	1999.58	-310.74	30.21	-9.01
2025-01-09T04:51:40	1993.15	-218.57	2005.73	-311.54	30.29	-10.75
2025-01-09T04:51:42	1987.01	-218.29	2011.87	-312.33	30.35	-12.49
2025-01-09T04:51:44	1980.86	-218.01	2018.00	-313.12	30.40	-14.24
2025-01-09T04:51:46	1974.71	-217.73	2024.12	-313.91	30.45	-16.01
2025-01-09T04:51:48	1968.54	-217.45	2030.24	-314.69	30.49	-17.79
2025-01-09T04:51:50	1962.37	-217.17	2036.35	-315.48	30.51	-19.57
2025-01-09T04:51:52	1956.20	-216.89	2042.45	-316.36	30.54	-21.48
2025-01-09T04:51:54	1950.01	-216.61	2048.54	-317.24	30.55	-23.42
2025-01-09T04:51:56	1943.82	-216.32	2054.62	-318.07	30.56	-25.38
2025-01-09T04:51:58	1937.62	-216.04	2060.70	-318.88	30.57	-27.30
2025-01-09T04:52:00	1931.41	-215.75	2066.77	-319.69	30.58	-29.23
2025-01-09T04:52:02	1925.20	-215.46	2072.83	-320.48	30.59	-31.17
2025-01-09T04:52:04	1918.98	-215.18	2078.88	-321.26	30.60	-33.13
2025-01-09T04:52:06	1912.75	-214.89	2084.93	-322.04	30.60	-35.09
2025-01-09T04:52:08	1906.51	-214.60	2090.96	-322.80	30.60	-37.07
2025-01-09T04:52:10	1900.27	-214.31	2096.99	-323.53	30.61	-39.12
2025-01-09T04:52:12	1894.01	-214.02	2103.01	-324.21	30.64	-41.23
2025-01-09T04:52:14	1887.75	-213.73	2109.02	-324.82	30.68	-43.35
2025-01-09T04:52:16	1881.49	-213.43	2115.03	-325.35	30.76	-45.37
2025-01-09T04:52:18	1875.22	-213.14	2121.03	-325.78	30.90	-47.21
2025-01-09T04:52:20	1868.94	-212.85	2127.01	-326.20	31.02	-49.05
2025-01-09T04:52:22	1862.65	-212.55	2132.99	-326.61	31.12	-50.89
2025-01-09T04:52:24	1856.35	-212.26	2138.96	-326.99	31.20	-52.74
2025-01-09T04:52:26	1850.05	-211.96	2144.93	-327.36	31.25	-54.59
2025-01-09T04:52:28	1843.74	-211.66	2150.88	-327.83	31.32	-56.51
2025-01-09T04:52:30	1837.42	-211.36	2156.83	-328.42	31.41	-58.51
2025-01-09T04:52:32	1831.10	-211.06	2162.77	-328.99	31.51	-60.50
2025-01-09T04:52:34	1824.77	-210.76	2168.70	-329.54	31.60	-62.50
2025-01-09T04:52:36	1818.43	-210.46	2174.62	-330.13	31.63	-64.47
2025-01-09T04:52:38	1812.09	-210.16	2180.53	-330.69	31.63	-66.41
2025-01-09T04:52:40	1805.74	-209.86	2186.44	-331.20	31.61	-68.33
2025-01-09T04:52:42	1799.38	-209.56	2192.33	-331.65	31.59	-70.24
2025-01-09T04:52:44	1793.01	-209.25	2198.22	-332.04	31.56	-72.13
2025-01-09T04:52:46	1786.64	-208.95	2204.10	-332.37	31.52	-74.06
2025-01-09T04:52:48	1780.26	-208.64	2209.97	-332.66	31.47	-76.07
2025-01-09T04:52:50	1773.88	-208.33	2215.83	-332.95	31.41	-78.08
2025-01-09T04:52:52	1767.48	-208.03	2221.69	-333.25	31.34	-80.09
2025-01-09T04:52:54	1761.09	-207.72	2227.53	-333.54	31.26	-82.09
2025-01-09T04:52:56	1754.68	-207.41	2233.37	-333.72	31.25	-83.82
2025-01-09T04:52:58	1748.27	-207.10	2239.20	-333.82	31.23	-85.54
2025-01-09T04:53:00	1741.85	-206.79	2245.02	-333.85	31.22	-87.24
2025-01-09T04:53:02	1735.42	-206.48	2250.83	-333.81	31.19	-88.94
2025-01-09T04:53:04	1728.99	-206.17	2256.64	-333.73	31.18	-90.69
2025-01-09T04:53:06	1722.55	-205.85	2262.43	-333.65	31.18	-92.52
2025-01-09T04:53:08	1716.11	-205.54	2268.22	-333.54	31.14	-94.37
2025-01-09T04:53:10	1709.65	-205.23	2273.99	-333.40	31.09	-96.23
2025-01-09T04:53:12	1703.19	-204.91	2279.76	-333.23	31.02	-98.12
2025-01-09T04:53:14	1696.73	-204.59	2285.52	-333.03	30.93	-100.04
2025-01-09T04:53:16	1690.26	-204.28	2291.27	-332.80	30.84	-102.12
2025-01-09T04:53:18	1683.78	-203.96	2297.02	-332.55	30.75	-104.22
2025-01-09T04:53:20	1677.30	-203.64	2302.75	-332.29	30.66	-106.35
2025-01-09T04:53:22	1670.80	-203.32	2308.48	-331.94	30.55	-108.58
2025-01-09T04:53:24	1664.31	-203.00	2314.19	-331.48	30.41	-110.82
2025-01-09T04:53:26	1657.80	-202.68	2319.90	-330.94	30.25	-113.02
2025-01-09T04:53:28	1651.29	-202.36	2325.60	-330.33	30.08	-115.17
2025-01-09T04:53:30	1644.78	-202.04	2331.29	-329.63	29.89	-117.29
2025-01-09T04:53:32	1638.26	-201.71	2336.97	-328.86	29.68	-119.36
2025-01-09T04:53:34	1631.73	-201.39	2342.65	-328.08	29.46	-121.37
2025-01-09T04:53:36	1625.19	-201.07	2348.31	-327.70	29.29	-123.22
2025-01-09T04:53:38	1618.65	-200.74	2353.97	-327.39	29.11	-125.11
2025-01-09T04:53:40	1612.11	-200.41	2359.61	-327.40	28.97	-126.89
2025-01-09T04:53:42	1605.56	-200.08	2365.25	-327.40	28.87	-128.63
2025-01-09T04:53:44	1599.00	-199.76	2370.88	-327.34	28.79	-130.33
2025-01-09T04:53:46	1592.43	-199.43	2376.50	-327.24	28.75	-132.02
2025-01-09T04:53:48	1585.86	-199.10	2382.11	-327.08	28.74	-133.67
2025-01-09T04:53:50	1579.29	-198.77	2387.71	-326.87	28.76	-135.31
2025-01-09T04:53:52	1572.70	-198.44	2393.30	-326.62	28.82	-136.93
2025-01-09T04:53:54	1566.12	-198.11	2398.89	-326.32	28.91	-138.52
2025-01-09T04:53:56	1559.52	-197.77	2404.46	-325.93	29.19	-139.96
2025-01-09T04:53:58	1552.92	-197.44	2410.03	-325.35	29.56	-141.73
2025-01-09T04:54:00	1546.32	-197.11	2415.59	-324.83	29.87	-143.53
2025-01-09T04:54:02	1539.71	-196.77	2421.13	-324.37	30.11	-145.35
2025-01-09T04:54:04	1533.09	-196.44	2426.68	-323.97	30.28	-147.19
2025-01-09T04:54:06	1526.47	-196.10	2432.20	-323.63	30.39	-149.05
2025-01-09T04:54:08	1519.84	-195.77	2437.73	-323.34	30.42	-150.93
2025-01-09T04:54:10	1513.21	-195.43	2443.24	-323.11	30.40	-152.84
2025-01-09T04:54:12	1506.56	-195.09	2448.74	-322.93	30.31	-154.76
2025-01-09T04:54:14	1499.92	-194.75	2454.24	-322.67	30.15	-156.78
2025-01-09T04:54:16	1493.27	-194.41	2459.72	-322.23	30.06	-158.83
2025-01-09T04:54:18	1486.61	-194.07	2465.20	-321.70	30.04	-160.79
2025-01-09T04:54:20	1479.95	-193.73	2470.67	-321.10	30.05	-162.67
2025-01-09T04:54:22	1473.28	-193.39	2476.12	-320.42	30.09	-164.46
2025-01-09T04:54:24	1466.61	-193.04	2481.57	-319.66	30.17	-166.18
2025-01-09T04:54:26	1459.93	-192.70	2487.01	-318.83	30.29	-167.81
2025-01-09T04:54:28	1453.25	-192.36	2492.45	-317.93	30.44	-169.37
2025-01-09T04:54:30	1446.56	-192.01	2497.87	-316.95	30.62	-170.84
2025-01-09T04:54:32	1439.87	-191.67	2503.28	-316.26	30.70	-172.56
2025-01-09T04:54:34	1433.17	-191.32	2508.68	-315.64	30.72	-174.31
2025-01-09T04:54:36	1426.47	-190.97	2514.08	-315.11	30.69	-176.08
2025-01-09T04:54:38	1419.76	-190.62	2519.46	-314.86	30.58	-177.90
2025-01-09T04:54:40	1413.04	-190.28	2524.84	-314.52	30.46	-179.65
2025-01-09T04:54:42	1406.33	-189.93	2530.21	-314.09	30.33	-181.34
2025-01-09T04:54:44	1399.60	-189.58	2535.57	-313.57	30.20	-182.97
2025-01-09T04:54:46	1392.87	-189.23	2540.92	-312.97	30.07	-184.54
2025-01-09T04:54:48	1386.14	-188.88	2546.25	-312.27	29.98	-186.12
2025-01-09T04:54:50	1379.40	-188.52	2551.59	-311.56	29.97	-187.76
2025-01-09T04:54:52	1372.65	-188.17	2556.91	-310.87	29.98	-189.41
2025-01-09T04:54:54	1365.90	-187.82	2562.22	-310.21	30.03	-191.07
2025-01-09T04:54:56	1359.15	-187.47	2567.52	-309.59	30.11	-192.73
2025-01-09T04:54:58	1352.39	-187.11	2572.82	-308.98	30.24	-194.36
2025-01-09T04:55:00	1345.63	-186.76	2578.10	-308.33	30.38	-195.90
2025-01-09T04:55:02	1338.86	-186.40	2583.38	-307.61	30.49	-197.40
2025-01-09T04:55:04	1332.08	-186.04	2588.64	-306.83	30.59	-198.85
2025-01-09T04:55:06	1325.31	-185.68	2593.90	-305.79	30.64	-200.33
2025-01-09T04:55:08	1318.52	-185.33	2599.15	-304.76	30.70	-201.79
2025-01-09T04:55:10	1311.74	-184.97	2604.39	-303.74	30.75	-203.24
2025-01-09T04:55:12	1304.94	-184.61	2609.62	-302.72	30.79	-204.68
2025-01-09T04:55:14	1298.15	-184.25	2614.84	-301.72	30.83	-206.10
2025-01-09T04:55:16	1291.35	-183.89	2620.05	-300.72	30.87	-207.51
2025-01-09T04:55:18	1284.54	-183.53	2625.25	-299.74	30.89	-208.91
2025-01-09T04:55:20	1277.73	-183.17	2630.45	-298.79	30.91	-210.25
2025-01-09T04:55:22	1270.92	-182.80	2635.63	-297.73	30.90	-211.50
2025-01-09T04:55:24	1264.10	-182.44	2640.80	-296.58	30.87	-212.71
2025-01-09T04:55:26	1257.27	-182.08	2645.97	-295.45	30.83	-213.92
2025-01-09T04:55:28	1250.44	-181.71	2651.13	-294.36	30.78	-215.12
2025-01-09T04:55:30	1243.61	-181.35	2656.27	-293.30	30.73	-216.33
2025-01-09T04:55:32	1236.77	-180.98	2661.41	-292.27	30.67	-217.53
2025-01-09T04:55:34	1229.93	-180.61	2666.54	-291.26	30.60	-218.73
2025-01-09T04:55:36	1223.09	-180.25	2671.66	-290.28	30.52	-219.92
2025-01-09T04:55:38	1216.24	-179.88	2676.77	-289.32	30.45	-221.11
2025-01-09T04:55:40	1209.39	-179.51	2681.87	-288.27	30.42	-222.27
2025-01-09T04:55:42	1202.53	-179.14	2686.96	-287.19	30.43	-223.38
2025-01-09T04:55:44	1195.67	-178.77	2692.04	-286.09	30.50	-224.45
2025-01-09T04:55:46	1188.80	-178.40	2697.11	-284.98	30.57	-225.48
2025-01-09T04:55:48	1181.93	-178.03	2702.18	-283.84	30.66	-226.49
2025-01-09T04:55:50	1175.06	-177.66	2707.23	-282.69	30.75	-227.45
2025-01-09T04:55:52	1168.18	-177.29	2712.28	-281.53	30.86	-228.38
2025-01-09T04:55:54	1161.29	-176.91	2717.32	-280.35	30.98	-229.28
2025-01-09T04:55:56	1154.41	-176.54	2722.34	-278.98	31.11	-230.16
2025-01-09T04:55:58	1147.52	-176.16	2727.36	-277.59	31.22	-231.02
2025-01-09T04:56:00	1140.62	-175.79	2732.37	-276.19	31.31	-231.85
2025-01-09T04:56:02	1133.73	-175.41	2737.37	-274.80	31.38	-232.66
2025-01-09T04:56:04	1126.83	-175.04	2742.36	-273.42	31.43	-233.45
2025-01-09T04:56:06	1119.92	-174.66	2747.34	-272.20	31.38	-234.31
2025-01-09T04:56:08	1113.01	-174.28	2752.31	-270.99	31.33	-235.15
2025-01-09T04:56:10	1106.10	-173.91	2757.27	-269.79	31.26	-235.97
2025-01-09T04:56:12	1099.18	-173.53	2762.22	-268.61	31.12	-236.85
2025-01-09T04:56:14	1092.26	-173.15	2767.17	-267.42	30.94	-237.73
2025-01-09T04:56:16	1085.34	-172.77	2772.10	-266.19	30.77	-238.57
2025-01-09T04:56:18	1078.41	-172.39	2777.03	-264.92	30.59	-239.36
2025-01-09T04:56:20	1071.48	-172.01	2781.94	-263.63	30.41	-240.11
2025-01-09T04:56:22	1064.55	-171.63	2786.85	-262.30	30.23	-240.81
2025-01-09T04:56:24	1057.61	-171.25	2791.75	-260.94	30.05	-241.47
2025-01-09T04:56:26	1050.66	-170.86	2796.64	-259.54	29.87	-242.08
2025-01-09T04:56:28	1043.72	-170.48	2801.52	-258.16	29.75	-242.73
2025-01-09T04:56:30	1036.77	-170.09	2806.39	-256.78	29.73	-243.46
2025-01-09T04:56:32	1029.82	-169.71	2811.25	-255.40	29.72	-244.16
2025-01-09T04:56:34	1022.87	-169.33	2816.10	-254.01	29.71	-244.84
2025-01-09T04:56:36	1015.91	-168.94	2820.95	-252.63	29.70	-245.50
2025-01-09T04:56:38	1008.94	-168.56	2825.78	-251.24	29.70	-246.12
2025-01-09T04:56:40	1001.98	-168.17	2830.60	-249.86	29.71	-246.72
2025-01-09T04:56:42	995.01	-167.78	2835.42	-248.47	29.71	-247.30
2025-01-09T04:56:44	988.04	-167.40	2840.22	-247.08	29.73	-247.85
2025-01-09T04:56:46	981.06	-167.01	2845.02	-245.64	29.77	-248.39
2025-01-09T04:56:48	974.09	-166.62	2849.81	-244.20	29.80	-248.93
2025-01-09T04:56:50	967.10	-166.23	2854.59	-242.77	29.84	-249.44
2025-01-09T04:56:52	960.12	-165.84	2859.36	-241.39	29.88	-249.96
2025-01-09T04:56:54	953.13	-165.45	2864.12	-240.06	29.91	-250.47
2025-01-09T04:56:56	946.14	-165.06	2868.87	-238.72	29.95	-250.95
2025-01-09T04:56:58	939.15	-164.67	2873.61	-237.38	29.98	-251.40
2025-01-09T04:57:00	932.15	-164.28	2878.34	-236.04	30.00	-251.81
2025-01-09T04:57:02	925.15	-163.88	2883.06	-234.57	30.02	-252.18
2025-01-09T04:57:04	918.15	-163.49	2887.78	-233.10	30.02	-252.52
2025-01-09T04:57:06	911.15	-163.09	2892.49	-231.64	30.01	-252.85
2025-01-09T04:57:08	904.14	-162.70	2897.18	-230.18	30.00	-253.15
2025-01-09T04:57:10	897.13	-162.31	2901.87	-228.73	29.98	-253.43
2025-01-09T04:57:12	890.11	-161.91	2906.55	-227.30	29.96	-253.69
2025-01-09T04:57:14	883.10	-161.52	2911.22	-225.86	29.92	-253.92
2025-01-09T04:57:16	876.08	-161.12	2915.88	-224.49	29.88	-254.20
2025-01-09T04:57:18	869.06	-160.72	2920.53	-223.14	29.79	-254.52
2025-01-09T04:57:20	862.03	-160.33	2925.17	-221.77	29.69	-254.82
2025-01-09T04:57:22	855.01	-159.93	2929.80	-220.40	29.57	-255.09
2025-01-09T04:57:24	847.98	-159.53	2934.42	-219.04	29.45	-255.33
2025-01-09T04:57:26	840.94	-159.13	2939.04	-217.66	29.32	-255.55
2025-01-09T04:57:28	833.91	-158.73	2943.65	-216.29	29.18	-255.74
2025-01-09T04:57:30	826.87	-158.33	2948.24	-214.92	29.04	-255.90
2025-01-09T04:57:32	819.83	-157.93	2952.83	-213.55	28.88	-256.03
2025-01-09T04:57:34	812.79	-157.53	2957.41	-212.11	28.71	-256.11
2025-01-09T04:57:36	805.74	-157.13	2961.98	-210.64	28.53	-256.16
2025-01-09T04:57:38	798.69	-156.73	2966.54	-209.18	28.35	-256.18
2025-01-09T04:57:40	791.65	-156.33	2971.09	-207.74	28.16	-256.20
2025-01-09T04:57:42	784.59	-155.92	2975.63	-206.39	27.99	-256.28
2025-01-09T04:57:44	777.54	-155.52	2980.17	-205.05	27.83	-256.34
2025-01-09T04:57:46	770.48	-155.12	2984.69	-203.72	27.68	-256.39
2025-01-09T04:57:48	763.42	-154.71	2989.21	-202.39	27.53	-256.43
2025-01-09T04:57:50	756.36	-154.31	2993.71	-201.03	27.39	-256.43
2025-01-09T04:57:52	749.30	-153.90	2998.21	-199.63	27.28	-256.40
2025-01-09T04:57:54	742.23	-153.50	3002.70	-198.24	27.17	-256.35
2025-01-09T04:57:56	735.16	-153.09	3007.18	-196.85	27.07	-256.27
2025-01-09T04:57:58	728.09	-152.68	3011.65	-195.47	26.97	-256.17
2025-01-09T04:58:00	721.02	-152.28	3016.12	-194.10	26.88	-256.05
2025-01-09T04:58:02	713.94	-151.87	3020.57	-192.73	26.79	-255.91
2025-01-09T04:58:04	706.87	-151.46	3025.01	-191.36	26.70	-255.75
2025-01-09T04:58:06	699.79	-151.05	3029.45	-189.99	26.64	-255.58
2025-01-09T04:58:08	692.71	-150.64	3033.88	-188.62	26.60	-255.45
2025-01-09T04:58:10	685.63	-150.23	3038.30	-187.27	26.56	-255.32
2025-01-09T04:58:12	678.54	-149.83	3042.70	-185.94	26.53	-255.18
2025-01-09T04:58:14	671.45	-149.41	3047.11	-184.61	26.50	-255.04
2025-01-09T04:58:16	664.37	-149.00	3051.50	-183.31	26.46	-254.89
2025-01-09T04:58:18	657.27	-148.59	3055.88	-182.01	26.44	-254.74
2025-01-09T04:58:20	650.18	-148.18	3060.25	-180.74	26.41	-254.58
2025-01-09T04:58:22	643.09	-147.77	3064.62	-179.44	26.38	-254.41
2025-01-09T04:58:24	635.99	-147.36	3068.98	-178.10	26.35	-254.18
2025-01-09T04:58:26	628.89	-146.94	3073.32	-176.76	26.32	-253.92
2025-01-09T04:58:28	621.79	-146.53	3077.66	-175.44	26.29	-253.65
2025-01-09T04:58:30	614.69	-146.12	3081.99	-174.12	26.26	-253.35
2025-01-09T04:58:32	607.59	-145.70	3086.31	-172.82	26.22	-253.04
2025-01-09T04:58:34	600.48	-145.29	3090.63	-171.56	26.17	-252.75
2025-01-09T04:58:36	593.37	-144.87	3094.93	-170.31	26.12	-252.46
2025-01-09T04:58:38	586.27	-144.46	3099.23	-169.05	26.03	-252.14
2025-01-09T04:58:40	579.16	-144.04	3103.51	-167.77	25.91	-251.76
2025-01-09T04:58:42	572.05	-143.63	3107.79	-166.49	25.79	-251.39
2025-01-09T04:58:44	564.93	-143.21	3112.06	-165.23	25.68	-251.02
2025-01-09T04:58:46	557.82	-142.79	3116.32	-163.98	25.57	-250.66
2025-01-09T04:58:48	550.70	-142.37	3120.57	-162.75	25.46	-250.29
2025-01-09T04:58:50	543.58	-141.95	3124.82	-161.53	25.35	-249.94
2025-01-09T04:58:52	536.46	-141.54	3129.05	-160.32	25.25	-249.58
2025-01-09T04:58:54	529.34	-141.12	3133.28	-159.12	25.16	-249.21
2025-01-09T04:58:56	522.22	-140.70	3137.50	-157.90	25.09	-248.77
2025-01-09T04:58:58	515.09	-140.28	3141.70	-156.69	25.04	-248.31
2025-01-09T04:59:00	507.97	-139.86	3145.91	-155.52	24.99	-247.87
2025-01-09T04:59:02	500.84	-139.44	3150.10	-154.37	24.94	-247.43
2025-01-09T04:59:04	493.71	-139.02	3154.28	-153.24	24.89	-246.97
2025-01-09T04:59:06	486.58	-138.60	3158.46	-152.12	24.83	-246.50
2025-01-09T04:59:08	479.46	-138.18	3162.62	-151.01	24.76	-246.02
2025-01-09T04:59:10	472.32	-137.76	3166.78	-149.90	24.67	-245.52
2025-01-09T04:59:12	465.19	-137.33	3170.93	-148.77	24.56	-244.97
2025-01-09T04:59:14	458.06	-136.91	3175.07	-147.64	24.44	-244.42
2025-01-09T04:59:16	450.92	-136.48	3179.21	-146.53	24.32	-243.88
2025-01-09T04:59:18	443.78	-136.06	3183.33	-145.42	24.19	-243.33
2025-01-09T04:59:20	436.65	-135.64	3187.45	-144.33	24.07	-242.78
2025-01-09T04:59:22	429.51	-135.22	3191.55	-143.24	23.93	-242.24
2025-01-09T04:59:24	422.37	-134.79	3195.65	-142.16	23.80	-241.69
2025-01-09T04:59:26	415.22	-134.36	3199.74	-141.08	23.66	-241.12
2025-01-09T04:59:28	408.08	-133.94	3203.82	-140.00	23.56	-240.58
2025-01-09T04:59:30	400.94	-133.51	3207.90	-138.93	23.46	-240.03
2025-01-09T04:59:32	393.79	-133.09	3211.96	-137.87	23.36	-239.47
2025-01-09T04:59:34	386.65	-132.66	3216.02	-136.81	23.26	-238.90
2025-01-09T04:59:36	379.50	-132.23	3220.07	-135.77	23.15	-238.31
2025-01-09T04:59:38	372.35	-131.81	3224.11	-134.74	23.05	-237.72
2025-01-09T04:59:40	365.21	-131.38	3228.14	-133.71	22.95	-237.10
2025-01-09T04:59:42	358.06	-130.95	3232.17	-132.70	22.85	-236.47
2025-01-09T04:59:44	350.91	-130.52	3236.18	-131.68	22.75	-235.78
2025-01-09T04:59:46	343.75	-130.10	3240.19	-130.67	22.65	-235.09
2025-01-09T04:59:48	336.60	-129.67	3244.19	-129.68	22.55	-234.40
2025-01-09T04:59:50	329.45	-129.24	3248.18	-128.70	22.44	-233.69
2025-01-09T04:59:52	322.30	-128.81	3252.16	-127.73	22.33	-232.98
2025-01-09T04:59:54	315.14	-128.38	3256.14	-126.78	22.22	-232.26
2025-01-09T04:59:56	307.99	-127.95	3260.11	-125.86	22.11	-231.65
2025-01-09T04:59:58	300.83	-127.52	3264.06	-124.94	21.99	-231.02
2025-01-09T05:00:00	293.67	-127.08	3268.01	-124.02	21.85	-230.32
2025-01-09T05:00:02	286.51	-126.65	3271.96	-123.10	21.71	-229.61
2025-01-09T05:00:04	279.36	-126.22	3275.89	-122.19	21.57	-228.90
2025-01-09T05:00:06	272.20	-125.79	3279.82	-121.30	21.44	-228.18
2025-01-09T05:00:08	265.04	-125.36	3283.73	-120.41	21.32	-227.45
2025-01-09T05:00:10	257.88	-124.93	3287.64	-119.53	21.19	-226.72
2025-01-09T05:00:12	250.71	-124.49	3291.55	-118.67	21.08	-225.99
2025-01-09T05:00:14	243.56	-124.06	3295.44	-117.81	20.98	-225.23
2025-01-09T05:00:16	236.39	-123.63	3299.32	-116.95	20.92	-224.43
2025-01-09T05:00:18	229.23	-123.19	3303.20	-116.10	20.86	-223.64
2025-01-09T05:00:20	222.07	-122.76	3307.07	-115.26	20.81	-222.85
2025-01-09T05:00:22	214.90	-122.32	3310.93	-114.43	20.77	-222.07
2025-01-09T05:00:24	207.74	-121.89	3314.79	-113.62	20.72	-221.30
2025-01-09T05:00:26	200.57	-121.45	3318.63	-112.83	20.67	-220.56
2025-01-09T05:00:28	193.41	-121.02	3322.47	-112.05	20.62	-219.82
2025-01-09T05:00:30	186.24	-120.58	3326.30	-111.28	20.54	-219.05
2025-01-09T05:00:32	179.07	-120.15	3330.12	-110.53	20.41	-218.21
2025-01-09T05:00:34	171.91	-119.71	3333.94	-109.78	20.28	-217.38
2025-01-09T05:00:36	164.74	-119.27	3337.74	-109.05	20.15	-216.55
2025-01-09T05:00:38	157.58	-118.84	3341.54	-108.33	20.01	-215.73
2025-01-09T05:00:40	150.41	-118.40	3345.33	-107.62	19.88	-214.90
2025-01-09T05:00:42	143.24	-117.96	3349.11	-106.91	19.73	-214.08
2025-01-09T05:00:44	136.07	-117.52	3352.89	-106.22	19.59	-213.27
2025-01-09T05:00:46	128.90	-117.09	3356.65	-105.52	19.46	-212.44
2025-01-09T05:00:48	121.73	-116.65	3360.41	-104.80	19.39	-211.60
2025-01-09T05:00:50	114.56	-116.21	3364.16	-104.08	19.32	-210.77
2025-01-09T05:00:52	107.39	-115.77	3367.91	-103.38	19.25	-209.94
2025-01-09T05:00:54	100.22	-115.33	3371.64	-102.69	19.18	-209.13
2025-01-09T05:00:56	93.05	-114.89	3375.37	-102.01	19.14	-208.37
2025-01-09T05:00:58	85.88	-114.45	3379.09	-101.34	19.10	-207.60
2025-01-09T05:01:00	78.71	-114.01	3382.80	-100.68	19.06	-206.83
2025-01-09T05:01:02	71.54	-113.57	3386.51	-100.06	19.00	-205.99
2025-01-09T05:01:04	64.37	-113.13	3390.21	-99.51	18.92	-205.04
2025-01-09T05:01:06	57.20	-112.69	3393.90	-98.97	18.85	-204.09
2025-01-09T05:01:08	50.03	-112.25	3397.58	-98.45	18.77	-203.14
2025-01-09T05:01:10	42.86	-111.81	3401.25	-97.93	18.69	-202.20
2025-01-09T05:01:12	35.69	-111.36	3404.92	-97.43	18.62	-201.25
2025-01-09T05:01:14	28.51	-110.92	3408.58	-96.94	18.54	-200.32
2025-01-09T05:01:16	21.34	-110.48	3412.23	-96.45	18.47	-199.38
2025-01-09T05:01:18	14.17	-110.04	3415.87	-95.95	18.41	-198.45
2025-01-09T05:01:20	7.00	-109.60	3419.51	-95.38	18.37	-197.54
2025-01-09T05:01:22	-0.17	-109.15	3423.14	-94.82	18.33	-196.62
2025-01-09T05:01:24	-7.34	-108.71	3426.76	-94.28	18.29	-195.72
2025-01-09T05:01:26	-14.52	-108.26	3430.37	-93.72	18.23	-194.87
2025-01-09T05:01:28	-21.69	-107.82	3433.98	-93.16	18.17	-194.05
2025-01-09T05:01:30	-28.86	-107.38	3437.58	-92.59	18.10	-193.22
2025-01-09T05:01:32	-36.03	-106.93	3441.17	-92.03	18.03	-192.39
2025-01-09T05:01:34	-43.20	-106.49	3444.76	-91.50	17.95	-191.53
2025-01-09T05:01:36	-50.37	-106.04	3448.33	-91.06	17.84	-190.66
2025-01-09T05:01:38	-57.54	-105.60	3451.90	-90.62	17.75	-189.79
2025-01-09T05:01:40	-64.72	-105.15	3455.46	-90.20	17.67	-188.92
2025-01-09T05:01:42	-71.89	-104.71	3459.02	-89.80	17.60	-188.06
2025-01-09T05:01:44	-79.06	-104.26	3462.56	-89.40	17.54	-187.21
2025-01-09T05:01:46	-86.23	-103.81	3466.11	-89.01	17.50	-186.36
2025-01-09T05:01:48	-93.40	-103.37	3469.64	-88.64	17.47	-185.52
2025-01-09T05:01:50	-100.57	-102.92	3473.16	-88.26	17.47	-184.65
2025-01-09T05:01:52	-107.74	-102.48	3476.68	-87.84	17.51	-183.75
2025-01-09T05:01:54	-114.91	-102.03	3480.19	-87.43	17.55	-182.87
2025-01-09T05:01:56	-122.08	-101.58	3483.70	-87.02	17.60	-182.00
2025-01-09T05:01:58	-129.25	-101.13	3487.19	-86.63	17.64	-181.16
2025-01-09T05:02:00	-136.42	-100.69	3490.68	-86.23	17.66	-180.30
2025-01-09T05:02:02	-143.59	-100.24	3494.16	-85.84	17.69	-179.42
2025-01-09T05:02:04	-150.76	-99.79	3497.64	-85.45	17.71	-178.51
2025-01-09T05:02:06	-157.92	-99.34	3501.10	-85.12	17.66	-177.55
2025-01-09T05:02:08	-165.09	-98.89	3504.57	-84.90	17.52	-176.52
2025-01-09T05:02:10	-172.26	-98.44	3508.02	-84.69	17.38	-175.50
2025-01-09T05:02:12	-179.43	-98.00	3511.47	-84.51	17.25	-174.46
2025-01-09T05:02:14	-186.59	-97.55	3514.90	-84.34	17.11	-173.43
2025-01-09T05:02:16	-193.76	-97.10	3518.34	-84.20	16.98	-172.39
2025-01-09T05:02:18	-200.92	-96.65	3521.76	-84.07	16.85	-171.35
2025-01-09T05:02:20	-208.09	-96.20	3525.18	-83.95	16.72	-170.31
2025-01-09T05:02:22	-215.25	-95.75	3528.59	-83.74	16.63	-169.27
2025-01-09T05:02:24	-222.42	-95.30	3531.99	-83.36	16.59	-168.26
2025-01-09T05:02:26	-229.58	-94.85	3535.39	-82.97	16.56	-167.28
2025-01-09T05:02:28	-236.75	-94.40	3538.78	-82.57	16.54	-166.33
2025-01-09T05:02:30	-243.91	-93.94	3542.16	-82.15	16.53	-165.41
2025-01-09T05:02:32	-251.07	-93.50	3545.54	-81.74	16.48	-164.61
2025-01-09T05:02:34	-258.24	-93.04	3548.90	-81.36	16.42	-163.80
2025-01-09T05:02:36	-265.40	-92.59	3552.27	-81.00	16.34	-162.96
2025-01-09T05:02:38	-272.56	-92.14	3555.62	-80.71	16.20	-162.04
2025-01-09T05:02:40	-279.72	-91.69	3558.97	-80.49	15.97	-161.04
2025-01-09T05:02:42	-286.88	-91.24	3562.31	-80.28	15.74	-160.02
2025-01-09T05:02:44	-294.04	-90.79	3565.65	-80.09	15.50	-159.00
2025-01-09T05:02:46	-301.20	-90.33	3568.97	-79.91	15.25	-157.96
2025-01-09T05:02:48	-308.36	-89.88	3572.29	-79.76	15.00	-156.91
2025-01-09T05:02:50	-315.52	-89.43	3575.61	-79.61	14.74	-155.85
2025-01-09T05:02:52	-322.67	-88.97	3578.91	-79.48	14.48	-154.77
2025-01-09T05:02:54	-329.83	-88.52	3582.22	-79.24	14.43	-153.57
2025-01-09T05:02:56	-336.99	-88.07	3585.51	-78.81	14.62	-152.23
2025-01-09T05:02:58	-344.14	-87.61	3588.79	-78.31	14.82	-150.87
2025-01-09T05:03:00	-351.30	-87.16	3592.07	-77.73	15.03	-149.50
2025-01-09T05:03:02	-358.45	-86.71	3595.34	-77.08	15.25	-148.12
2025-01-09T05:03:04	-365.61	-86.25	3598.61	-76.37	15.47	-146.72
2025-01-09T05:03:06	-372.76	-85.80	3601.87	-75.59	15.78	-145.41
2025-01-09T05:03:08	-379.91	-85.34	3605.12	-74.83	16.13	-144.18
2025-01-09T05:03:10	-387.06	-84.89	3608.37	-74.21	16.10	-142.68
2025-01-09T05:03:12	-394.21	-84.43	3611.61	-73.71	15.68	-140.85
2025-01-09T05:03:14	-401.36	-83.98	3614.84	-73.16	15.31	-138.99
2025-01-09T05:03:16	-408.51	-83.52	3618.07	-72.57	15.00	-137.08
2025-01-09T05:03:18	-415.66	-83.07	3621.29	-71.93	14.73	-135.13
2025-01-09T05:03:20	-422.81	-82.61	3624.50	-71.26	14.51	-133.13
2025-01-09T05:03:22	-429.95	-82.16	3627.71	-70.55	14.33	-131.09
2025-01-09T05:03:24	-437.10	-81.70	3630.91	-69.80	14.19	-129.00
2025-01-09T05:03:26	-444.25	-81.24	3634.10	-68.65	13.79	-126.63
2025-01-09T05:03:28	-451.39	-80.79	3637.29	-67.05	13.04	-123.97
2025-01-09T05:03:30	-458.54	-80.33	3640.47	-65.41	12.24	-121.26
2025-01-09T05:03:32	-465.68	-79.88	3643.65	-63.75	11.39	-118.50
2025-01-09T05:03:34	-472.82	-79.42	3646.81	-62.06	10.51	-115.71
2025-01-09T05:03:36	-479.96	-78.96	3649.97	-60.33	9.58	-112.87
2025-01-09T05:03:38	-487.10	-78.51	3653.13	-58.58	8.62	-110.00
2025-01-09T05:03:40	-494.24	-78.05	3656.28	-56.80	7.63	-107.10
2025-01-09T05:03:42	-501.38	-77.59	3659.42	-55.08	7.26	-104.23
2025-01-09T05:03:44	-508.52	-77.14	3662.55	-53.45	7.58	-101.43
2025-01-09T05:03:46	-515.66	-76.68	3665.69	-51.80	7.84	-98.56
2025-01-09T05:03:48	-522.79	-76.22	3668.81	-50.10	8.05	-95.61
2025-01-09T05:03:50	-529.93	-75.76	3671.92	-48.36	8.20	-92.57
2025-01-09T05:03:52	-537.06	-75.30	3675.03	-46.58	8.29	-89.45
2025-01-09T05:03:54	-544.20	-74.85	3678.14	-44.75	8.30	-86.25
2025-01-09T05:03:56	-551.33	-74.39	3681.23	-42.88	8.25	-82.95
2025-01-09T05:03:58	-558.46	-73.93	3684.32	-40.71	8.10	-79.08
2025-01-09T05:04:00	-565.59	-73.47	3687.41	-38.26	7.94	-74.64
2025-01-09T05:04:02	-572.72	-73.01	3690.49	-35.85	7.88	-70.29
2025-01-09T05:04:04	-579.85	-72.55	3693.56	-33.49	7.91	-66.02
2025-01-09T05:04:06	-586.98	-72.09	3696.63	-31.17	8.03	-61.85
2025-01-09T05:04:08	-594.10	-71.64	3699.69	-28.89	8.24	-57.76
2025-01-09T05:04:10	-601.23	-71.17	3702.74	-26.66	8.56	-53.77
2025-01-09T05:04:12	-608.35	-70.72	3705.79	-24.48	8.99	-49.86
2025-01-09T05:04:14	-615.48	-70.26	3708.83	-22.46	9.28	-46.51
2025-01-09T05:04:16	-622.60	-69.80	3711.86	-20.66	9.29	-43.81
2025-01-09T05:04:18	-629.72	-69.34	3714.90	-18.91	9.27	-41.14
2025-01-09T05:04:20	-636.84	-68.88	3717.92	-17.14	9.20	-38.51
2025-01-09T05:04:22	-643.96	-68.42	3720.93	-15.38	9.15	-35.92
2025-01-09T05:04:24	-651.08	-67.96	3723.95	-13.64	9.14	-33.37
2025-01-09T05:04:26	-658.20	-67.50	3726.95	-11.90	9.15	-30.86
2025-01-09T05:04:28	-665.31	-67.04	3729.95	-10.18	9.21	-28.40
2025-01-09T05:04:30	-672.43	-66.58	3732.94	-8.61	9.49	-26.20
2025-01-09T05:04:32	-679.54	-66.11	3735.93	-7.29	10.07	-24.38
2025-01-09T05:04:34	-686.66	-65.65	3738.91	-5.99	10.66	-22.61
2025-01-09T05:04:36	-693.77	-65.19	3741.88	-4.73	11.25	-20.90
2025-01-09T05:04:38	-700.88	-64.73	3744.85	-3.49	11.85	-19.24
2025-01-09T05:04:40	-707.99	-64.27	3747.81	-2.29	12.44	-17.64
2025-01-09T05:04:42	-715.10	-63.81	3750.77	-1.12	13.03	-16.09
2025-01-09T05:04:44	-722.21	-63.35	3753.72	0.02	13.63	-14.59
2025-01-09T05:04:46	-729.31	-62.89	3756.67	1.00	14.19	-13.15
2025-01-09T05:04:48	-736.42	-62.42	3759.60	1.72	14.66	-11.76
2025-01-09T05:04:50	-743.52	-61.96	3762.54	2.42	15.12	-10.42
2025-01-09T05:04:52	-750.62	-61.50	3765.46	3.11	15.56	-9.14
2025-01-09T05:04:54	-757.72	-61.04	3768.38	3.77	15.99	-7.91
2025-01-09T05:04:56	-764.83	-60.58	3771.30	4.42	16.41	-6.74
2025-01-09T05:04:58	-771.93	-60.12	3774.21	5.03	16.85	-5.74
2025-01-09T05:05:00	-779.02	-59.65	3777.12	5.61	17.32	-4.76
2025-01-09T05:05:02	-786.12	-59.19	3780.01	6.07	17.88	-3.92
2025-01-09T05:05:04	-793.22	-58.73	3782.91	6.34	18.64	-3.30
2025-01-09T05:05:06	-800.31	-58.27	3785.79	6.58	19.40	-2.69
2025-01-09T05:05:08	-807.40	-57.80	3788.67	6.81	20.13	-2.10
2025-01-09T05:05:10	-814.50	-57.34	3791.55	7.03	20.86	-1.52
2025-01-09T05:05:12	-821.59	-56.88	3794.42	7.23	21.57	-0.95
2025-01-09T05:05:14	-828.68	-56.41	3797.28	7.42	22.27	-0.40
2025-01-09T05:05:16	-835.77	-55.95	3800.14	7.59	22.95	0.14
2025-01-09T05:05:18	-842.85	-55.49	3802.99	7.70	23.52	0.64
2025-01-09T05:05:20	-849.94	-55.02	3805.84	7.66	23.75	0.98
2025-01-09T05:05:22	-857.02	-54.56	3808.68	7.61	23.99	1.30
2025-01-09T05:05:24	-864.11	-54.10	3811.51	7.55	24.22	1.60
2025-01-09T05:05:26	-871.19	-53.63	3814.34	7.49	24.46	1.88
2025-01-09T05:05:28	-878.27	-53.17	3817.17	7.41	24.69	2.14
2025-01-09T05:05:30	-885.35	-52.71	3819.98	7.32	24.92	2.39
2025-01-09T05:05:32	-892.43	-52.24	3822.80	7.23	25.15	2.61
2025-01-09T05:05:34	-899.50	-51.78	3825.60	7.13	25.37	2.81
2025-01-09T05:05:36	-906.58	-51.31	3828.41	7.01	25.45	2.94
2025-01-09T05:05:38	-913.65	-50.85	3831.20	6.98	25.45	3.10
2025-01-09T05:05:40	-920.73	-50.39	3833.99	6.95	25.45	3.25
2025-01-09T05:05:42	-927.80	-49.92	3836.78	6.93	25.45	3.40
2025-01-09T05:05:44	-934.87	-49.46	3839.56	6.91	25.45	3.55
2025-01-09T05:05:46	-941.94	-48.99	3842.33	6.89	25.45	3.69
2025-01-09T05:05:48	-949.01	-48.53	3845.10	6.88	25.46	3.83
2025-01-09T05:05:50	-956.07	-48.06	3847.86	6.86	25.46	3.95
2025-01-09T05:05:52	-963.14	-47.60	3850.62	6.66	25.47	3.87
2025-01-09T05:05:54	-970.20	-47.13	3853.37	6.44	25.50	3.77
2025-01-09T05:05:56	-977.26	-46.67	3856.12	6.20	25.55	3.65
2025-01-09T05:05:58	-984.32	-46.20	3858.86	5.95	25.62	3.52
2025-01-09T05:06:00	-991.38	-45.74	3861.60	5.68	25.71	3.37
2025-01-09T05:06:02	-998.44	-45.27	3864.33	5.39	25.82	3.21
2025-01-09T05:06:04	-1005.50	-44.81	3867.05	5.09	25.95	3.03
2025-01-09T05:06:06	-1012.55	-44.34	3869.77	4.76	26.10	2.83
2025-01-09T05:06:08	-1019.61	-43.88	3872.49	4.55	26.25	2.70
2025-01-09T05:06:10	-1026.66	-43.41	3875.20	4.33	26.39	2.58
2025-01-09T05:06:12	-1033.71	-42.95	3877.90	4.11	26.53	2.46
2025-01-09T05:06:14	-1040.76	-42.48	3880.60	3.89	26.66	2.35
2025-01-09T05:06:16	-1047.81	-42.01	3883.29	3.66	26.79	2.23
2025-01-09T05:06:18	-1054.86	-41.55	3885.98	3.42	26.91	2.13
2025-01-09T05:06:20	-1061.90	-41.08	3888.67	3.24	26.94	2.05
2025-01-09T05:06:22	-1068.94	-40.62	3891.34	3.07	26.97	1.99
2025-01-09T05:06:24	-1075.99	-40.15	3894.02	3.04	26.82	1.95
2025-01-09T05:06:26	-1083.03	-39.68	3896.68	3.01	26.62	1.91
2025-01-09T05:06:28	-1090.07	-39.22	3899.35	2.97	26.40	1.86
2025-01-09T05:06:30	-1097.11	-38.75	3902.00	2.91	26.17	1.80
2025-01-09T05:06:32	-1104.14	-38.29	3904.65	2.83	25.93	1.73
2025-01-09T05:06:34	-1111.18	-37.82	3907.30	2.74	25.66	1.65
2025-01-09T05:06:36	-1118.21	-37.35	3909.94	2.62	25.38	1.57
2025-01-09T05:06:38	-1125.25	-36.89	3912.58	2.49	25.08	1.48
2025-01-09T05:06:40	-1132.28	-36.42	3915.21	2.26	24.95	1.39
2025-01-09T05:06:42	-1139.31	-35.95	3917.84	1.98	24.89	1.30
2025-01-09T05:06:44	-1146.33	-35.48	3920.46	1.69	24.83	1.19
2025-01-09T05:06:46	-1153.36	-35.02	3923.07	1.40	24.78	1.08
2025-01-09T05:06:48	-1160.39	-34.55	3925.68	1.10	24.74	0.97
2025-01-09T05:06:50	-1167.41	-34.09	3928.29	0.78	24.71	0.84
2025-01-09T05:06:52	-1174.43	-33.62	3930.89	0.46	24.69	0.71
2025-01-09T05:06:54	-1181.45	-33.15	3933.49	0.13	24.68	0.57
2025-01-09T05:06:56	-1188.47	-32.68	3936.08	-0.12	24.67	0.57
2025-01-09T05:06:58	-1195.49	-32.22	3938.67	-0.31	24.66	0.70
2025-01-09T05:07:00	-1202.51	-31.75	3941.25	-0.51	24.68	0.83
2025-01-09T05:07:02	-1209.52	-31.28	3943.82	-0.69	24.70	1.00
2025-01-09T05:07:04	-1216.53	-30.82	3946.39	-0.81	24.68	1.21
2025-01-09T05:07:06	-1223.54	-30.35	3948.96	-0.92	24.68	1.41
2025-01-09T05:07:08	-1230.55	-29.88	3951.52	-1.01	24.68	1.60
2025-01-09T05:07:10	-1237.56	-29.41	3954.08	-1.09	24.68	1.78
2025-01-09T05:07:12	-1244.57	-28.95	3956.63	-1.06	24.63	1.86
2025-01-09T05:07:14	-1251.57	-28.48	3959.18	-0.89	24.49	1.84
2025-01-09T05:07:16	-1258.58	-28.01	3961.72	-0.73	24.37	1.81
2025-01-09T05:07:18	-1265.58	-27.54	3964.25	-0.56	24.26	1.79
2025-01-09T05:07:20	-1272.58	-27.07	3966.78	-0.38	24.16	1.77
2025-01-09T05:07:22	-1279.58	-26.61	3969.31	-0.21	24.07	1.75
2025-01-09T05:07:24	-1286.58	-26.14	3971.83	-0.02	23.99	1.74
2025-01-09T05:07:26	-1293.57	-25.67	3974.35	0.17	23.92	1.72
2025-01-09T05:07:28	-1300.57	-25.21	3976.87	0.31	23.83	1.75
2025-01-09T05:07:30	-1307.56	-24.74	3979.37	0.28	23.64	1.86
2025-01-09T05:07:32	-1314.55	-24.27	3981.88	0.24	23.46	1.97
2025-01-09T05:07:34	-1321.54	-23.80	3984.37	0.18	23.29	2.07
2025-01-09T05:07:36	-1328.53	-23.33	3986.87	0.10	23.11	2.17
2025-01-09T05:07:38	-1335.52	-22.86	3989.36	-0.01	22.94	2.26
2025-01-09T05:07:40	-1342.50	-22.39	3991.84	-0.14	22.77	2.34
2025-01-09T05:07:42	-1349.49	-21.93	3994.32	-0.28	22.61	2.41
2025-01-09T05:07:44	-1356.47	-21.46	3996.80	-0.45	22.46	2.47
2025-01-09T05:07:46	-1363.45	-20.99	3999.26	-0.54	22.43	2.46
2025-01-09T05:07:48	-1370.43	-20.52	4001.73	-0.56	22.39	2.45
2025-01-09T05:07:50	-1377.40	-20.05	4004.19	-0.55	22.33	2.45
2025-01-09T05:07:52	-1384.38	-19.59	4006.65	-0.56	22.26	2.46
2025-01-09T05:07:54	-1391.35	-19.12	4009.10	-0.58	22.17	2.47
2025-01-09T05:07:56	-1398.32	-18.65	4011.55	-0.61	22.07	2.49
2025-01-09T05:07:58	-1405.30	-18.18	4013.99	-0.66	21.95	2.51
2025-01-09T05:08:00	-1412.26	-17.71	4016.43	-0.71	21.82	2.54
2025-01-09T05:08:02	-1419.23	-17.24	4018.86	-0.77	21.50	2.61
2025-01-09T05:08:04	-1426.20	-16.77	4021.29	-0.81	21.19	2.69
2025-01-09T05:08:06	-1433.16	-16.30	4023.71	-0.83	20.91	2.79
2025-01-09T05:08:08	-1440.12	-15.84	4026.13	-0.84	20.66	2.91
2025-01-09T05:08:10	-1447.09	-15.37	4028.54	-0.83	20.44	3.04
2025-01-09T05:08:12	-1454.04	-14.90	4030.96	-0.81	20.24	3.18
2025-01-09T05:08:14	-1461.00	-14.43	4033.36	-0.78	20.08	3.33
2025-01-09T05:08:16	-1467.96	-13.96	4035.76	-0.73	19.95	3.50
2025-01-09T05:08:18	-1474.91	-13.49	4038.16	-0.69	20.04	3.67
2025-01-09T05:08:20	-1481.87	-13.02	4040.55	-0.66	20.22	3.84
2025-01-09T05:08:22	-1488.82	-12.55	4042.94	-0.64	20.42	4.00
2025-01-09T05:08:24	-1495.77	-12.09	4045.32	-0.62	20.61	4.17
2025-01-09T05:08:26	-1502.72	-11.62	4047.70	-0.61	20.82	4.34
2025-01-09T05:08:28	-1509.66	-11.15	4050.08	-0.60	21.02	4.51
2025-01-09T05:08:30	-1516.60	-10.68	4052.44	-0.60	21.23	4.67
2025-01-09T05:08:32	-1523.55	-10.21	4054.81	-0.61	21.44	4.85
2025-01-09T05:08:34	-1530.49	-9.74	4057.17	-0.63	21.59	4.98
2025-01-09T05:08:36	-1537.43	-9.27	4059.53	-0.67	21.56	5.00
2025-01-09T05:08:38	-1544.37	-8.80	4061.88	-0.71	21.51	5.03
2025-01-09T05:08:40	-1551.30	-8.33	4064.23	-0.76	21.43	5.05
2025-01-09T05:08:42	-1558.24	-7.86	4066.57	-0.82	21.32	5.07
2025-01-09T05:08:44	-1565.17	-7.39	4068.91	-0.88	21.20	5.09
2025-01-09T05:08:46	-1572.10	-6.92	4071.25	-0.94	21.05	5.11
2025-01-09T05:08:48	-1579.03	-6.45	4073.58	-1.01	20.88	5.13
2025-01-09T05:08:50	-1585.96	-5.99	4075.91	-1.08	20.68	5.13
2025-01-09T05:08:52	-1592.89	-5.52	4078.23	-1.11	20.49	5.04
2025-01-09T05:08:54	-1599.81	-5.05	4080.55	-1.15	20.31	4.95
2025-01-09T05:08:56	-1606.74	-4.58	4082.86	-1.20	20.15	4.87
2025-01-09T05:08:58	-1613.65	-4.11	4085.17	-1.24	20.01	4.78
2025-01-09T05:09:00	-1620.57	-3.64	4087.47	-1.29	19.88	4.69
2025-01-09T05:09:02	-1627.49	-3.17	4089.77	-1.34	19.77	4.60
2025-01-09T05:09:04	-1634.41	-2.70	4092.07	-1.39	19.69	4.50
2025-01-09T05:09:06	-1641.32	-2.23	4094.36	-1.43	19.63	4.39
2025-01-09T05:09:08	-1648.24	-1.76	4096.65	-1.45	19.68	4.25
2025-01-09T05:09:10	-1655.15	-1.29	4098.94	-1.45	19.75	4.11
2025-01-09T05:09:12	-1662.06	-0.82	4101.22	-1.44	19.82	4.00
2025-01-09T05:09:14	-1668.96	-0.35	4103.49	-1.42	19.89	3.91
2025-01-09T05:09:16	-1675.87	0.12	4105.76	-1.38	19.97	3.83
2025-01-09T05:09:18	-1682.78	0.59	4108.03	-1.34	20.05	3.78
2025-01-09T05:09:20	-1689.68	1.06	4110.29	-1.29	20.13	3.74
2025-01-09T05:09:22	-1696.58	1.53	4112.55	-1.24	20.22	3.72
2025-01-09T05:09:24	-1703.48	2.00	4114.81	-1.26	20.18	3.74
2025-01-09T05:09:26	-1710.38	2.47	4117.06	-1.37	20.02	3.74
2025-01-09T05:09:28	-1717.27	2.94	4119.31	-1.49	19.89	3.72
2025-01-09T05:09:30	-1724.16	3.40	4121.55	-1.62	19.77	3.68
2025-01-09T05:09:32	-1731.06	3.87	4123.79	-1.76	19.66	3.62
2025-01-09T05:09:34	-1737.95	4.34	4126.02	-1.91	19.57	3.55
2025-01-09T05:09:36	-1744.84	4.81	4128.25	-2.07	19.49	3.46
2025-01-09T05:09:38	-1751.72	5.29	4130.48	-2.24	19.43	3.36
2025-01-09T05:09:40	-1758.61	5.75	4132.70	-2.39	19.40	3.31
2025-01-09T05:09:42	-1765.50	6.22	4134.92	-2.47	19.42	3.38
2025-01-09T05:09:44	-1772.38	6.69	4137.13	-2.54	19.44	3.46
2025-01-09T05:09:46	-1779.26	7.16	4139.35	-2.60	19.47	3.54
2025-01-09T05:09:48	-1786.14	7.63	4141.55	-2.65	19.50	3.62
2025-01-09T05:09:50	-1793.01	8.10	4143.75	-2.68	19.54	3.71
2025-01-09T05:09:52	-1799.89	8.57	4145.95	-2.71	19.58	3.80
2025-01-09T05:09:54	-1806.76	9.04	4148.15	-2.73	19.63	3.89
2025-01-09T05:09:56	-1813.63	9.51	4150.34	-2.74	19.68	3.99
2025-01-09T05:09:58	-1820.51	9.98	4152.52	-2.90	19.66	3.97
2025-01-09T05:10:00	-1827.37	10.45	4154.71	-3.06	19.63	3.96
2025-01-09T05:10:02	-1834.24	10.92	4156.89	-3.24	19.58	3.96
2025-01-09T05:10:04	-1841.10	11.39	4159.06	-3.43	19.53	3.96
2025-01-09T05:10:06	-1847.97	11.86	4161.23	-3.63	19.47	3.97
2025-01-09T05:10:08	-1854.83	12.33	4163.40	-3.84	19.39	3.98
2025-01-09T05:10:10	-1861.69	12.80	4165.56	-4.06	19.31	4.00
2025-01-09T05:10:12	-1868.55	13.27	4167.72	-4.28	19.21	4.02
2025-01-09T05:10:14	-1875.41	13.74	4169.88	-4.41	19.15	3.98
2025-01-09T05:10:16	-1882.26	14.21	4172.03	-4.46	19.10	3.90
2025-01-09T05:10:18	-1889.11	14.68	4174.18	-4.42	19.05	3.80
2025-01-09T05:10:20	-1895.96	15.15	4176.32	-4.37	19.00	3.69
2025-01-09T05:10:22	-1902.81	15.62	4178.46	-4.32	18.96	3.59
2025-01-09T05:10:24	-1909.66	16.09	4180.60	-4.26	18.92	3.50
2025-01-09T05:10:26	-1916.51	16.56	4182.73	-4.20	18.88	3.42
2025-01-09T05:10:28	-1923.35	17.03	4184.86	-4.14	18.85	3.34
2025-01-09T05:10:30	-1930.19	17.50	4186.98	-4.11	18.83	3.25
2025-01-09T05:10:32	-1937.04	17.97	4189.11	-4.12	18.85	3.16
2025-01-09T05:10:34	-1943.87	18.44	4191.22	-4.14	18.86	3.07
2025-01-09T05:10:36	-1950.71	18.91	4193.34	-4.17	18.88	2.99
2025-01-09T05:10:38	-1957.55	19.38	4195.45	-4.21	18.91	2.92
2025-01-09T05:10:40	-1964.38	19.85	4197.55	-4.24	18.93	2.86
2025-01-09T05:10:42	-1971.21	20.32	4199.65	-4.29	18.95	2.81
2025-01-09T05:10:44	-1978.04	20.79	4201.76	-4.34	18.98	2.76
2025-01-09T05:10:46	-1984.87	21.26	4203.85	-4.39	19.01	2.72
2025-01-09T05:10:48	-1991.70	21.73	4205.94	-4.27	18.99	2.65
2025-01-09T05:10:50	-1998.52	22.20	4208.03	-4.15	18.98	2.57
2025-01-09T05:10:52	-2005.35	22.67	4210.11	-4.04	18.96	2.49
2025-01-09T05:10:54	-2012.17	23.14	4212.19	-3.93	18.95	2.41
2025-01-09T05:10:56	-2018.99	23.61	4214.27	-3.83	18.93	2.32
2025-01-09T05:10:58	-2025.81	24.08	4216.34	-3.74	18.92	2.23
2025-01-09T05:11:00	-2032.62	24.55	4218.41	-3.65	18.91	2.15
2025-01-09T05:11:02	-2039.44	25.02	4220.48	-3.57	18.90	2.06
2025-01-09T05:11:04	-2046.25	25.49	4222.54	-3.55	18.92	1.98
2025-01-09T05:11:06	-2053.06	25.96	4224.60	-3.58	18.95	1.92
2025-01-09T05:11:08	-2059.87	26.43	4226.66	-3.61	18.98	1.85
2025-01-09T05:11:10	-2066.68	26.90	4228.71	-3.66	19.02	1.79
2025-01-09T05:11:12	-2073.49	27.37	4230.76	-3.73	19.01	1.73
2025-01-09T05:11:14	-2080.29	27.84	4232.80	-3.81	18.98	1.66
2025-01-09T05:11:16	-2087.09	28.31	4234.84	-3.90	18.95	1.60
2025-01-09T05:11:18	-2093.89	28.78	4236.88	-3.99	18.91	1.52
2025-01-09T05:11:20	-2100.69	29.25	4238.91	-4.10	18.84	1.48
2025-01-09T05:11:22	-2107.49	29.72	4240.94	-4.28	18.68	1.53
2025-01-09T05:11:24	-2114.28	30.19	4242.97	-4.47	18.53	1.58
2025-01-09T05:11:26	-2121.08	30.66	4244.99	-4.65	18.41	1.63
2025-01-09T05:11:28	-2127.87	31.13	4247.01	-4.84	18.30	1.67
2025-01-09T05:11:30	-2134.66	31.60	4249.03	-5.02	18.21	1.72
2025-01-09T05:11:32	-2141.45	32.07	4251.04	-5.21	18.14	1.77
2025-01-09T05:11:34	-2148.23	32.53	4253.05	-5.39	18.09	1.81
2025-01-09T05:11:36	-2155.02	33.01	4255.06	-5.57	18.06	1.86
2025-01-09T05:11:38	-2161.80	33.47	4257.06	-5.72	17.94	1.81
2025-01-09T05:11:40	-2168.58	33.95	4259.06	-5.86	17.81	1.72
2025-01-09T05:11:42	-2175.36	34.41	4261.05	-5.98	17.70	1.64
2025-01-09T05:11:44	-2182.14	34.88	4263.05	-6.09	17.62	1.56
2025-01-09T05:11:46	-2188.92	35.35	4265.03	-6.20	17.55	1.47
2025-01-09T05:11:48	-2195.69	35.82	4267.02	-6.29	17.50	1.39
2025-01-09T05:11:50	-2202.47	36.29	4269.00	-6.38	17.47	1.30
2025-01-09T05:11:52	-2209.24	36.76	4270.98	-6.46	17.46	1.22
2025-01-09T05:11:54	-2216.01	37.23	4272.96	-6.54	17.45	1.16
2025-01-09T05:11:56	-2222.77	37.70	4274.93	-6.64	17.42	1.17
2025-01-09T05:11:58	-2229.54	38.17	4276.90	-6.75	17.37	1.17
2025-01-09T05:12:00	-2236.30	38.64	4278.86	-6.85	17.31	1.18
2025-01-09T05:12:02	-2243.07	39.11	4280.82	-6.97	17.24	1.19
2025-01-09T05:12:04	-2249.82	39.58	4282.78	-7.08	17.16	1.20
2025-01-09T05:12:06	-2256.58	40.05	4284.74	-7.20	17.07	1.22
2025-01-09T05:12:08	-2263.34	40.52	4286.69	-7.31	16.96	1.23
2025-01-09T05:12:10	-2270.10	40.99	4288.64	-7.39	16.81	1.21
2025-01-09T05:12:12	-2276.85	41.46	4290.58	-7.39	16.75	1.20
2025-01-09T05:12:14	-2283.60	41.93	4292.52	-7.38	16.71	1.19
2025-01-09T05:12:16	-2290.35	42.40	4294.46	-7.37	16.67	1.20
2025-01-09T05:12:18	-2297.10	42.87	4296.40	-7.36	16.63	1.21
2025-01-09T05:12:20	-2303.85	43.34	4298.33	-7.36	16.59	1.23
2025-01-09T05:12:22	-2310.59	43.81	4300.26	-7.35	16.55	1.26
2025-01-09T05:12:24	-2317.33	44.27	4302.18	-7.34	16.52	1.29
2025-01-09T05:12:26	-2324.07	44.74	4304.10	-7.33	16.47	1.33
2025-01-09T05:12:28	-2330.81	45.21	4306.02	-7.31	16.48	1.38
2025-01-09T05:12:30	-2337.55	45.68	4307.94	-7.31	16.57	1.44
2025-01-09T05:12:32	-2344.29	46.15	4309.85	-7.31	16.66	1.48
2025-01-09T05:12:34	-2351.02	46.62	4311.76	-7.32	16.76	1.53
2025-01-09T05:12:36	-2357.75	47.09	4313.67	-7.35	16.87	1.56
2025-01-09T05:12:38	-2364.48	47.56	4315.57	-7.38	16.98	1.59
2025-01-09T05:12:40	-2371.21	48.03	4317.47	-7.43	17.11	1.62
2025-01-09T05:12:42	-2377.94	48.50	4319.37	-7.49	17.25	1.64
2025-01-09T05:12:44	-2384.67	48.97	4321.26	-7.57	17.40	1.66
2025-01-09T05:12:46	-2391.39	49.44	4323.15	-7.55	17.46	1.49
2025-01-09T05:12:48	-2398.11	49.91	4325.03	-7.54	17.52	1.31
2025-01-09T05:12:50	-2404.83	50.38	4326.92	-7.53	17.58	1.12
2025-01-09T05:12:52	-2411.55	50.84	4328.80	-7.54	17.63	0.93
2025-01-09T05:12:54	-2418.27	51.31	4330.68	-7.55	17.69	0.73
2025-01-09T05:12:56	-2424.98	51.78	4332.55	-7.58	17.75	0.52
2025-01-09T05:12:58	-2431.69	52.25	4334.42	-7.61	17.81	0.31
2025-01-09T05:13:00	-2438.41	52.72	4336.29	-7.66	17.87	0.10
2025-01-09T05:13:02	-2445.12	53.19	4338.15	-7.66	17.86	-0.03
2025-01-09T05:13:04	-2451.82	53.66	4340.02	-7.58	17.76	-0.02
2025-01-09T05:13:06	-2458.53	54.13	4341.88	-7.48	17.66	0.00
2025-01-09T05:13:08	-2465.23	54.60	4343.73	-7.36	17.55	0.05
2025-01-09T05:13:10	-2471.94	55.07	4345.58	-7.20	17.39	0.15
2025-01-09T05:13:12	-2478.64	55.53	4347.43	-7.02	17.25	0.26
2025-01-09T05:13:14	-2485.34	56.00	4349.28	-6.84	17.10	0.37
2025-01-09T05:13:16	-2492.03	56.47	4351.13	-6.66	16.96	0.48
2025-01-09T05:13:18	-2498.73	56.94	4352.96	-6.48	16.83	0.60
2025-01-09T05:13:20	-2505.42	57.41	4354.80	-6.37	16.74	0.84
2025-01-09T05:13:22	-2512.12	57.88	4356.64	-6.27	16.65	1.10
2025-01-09T05:13:24	-2518.81	58.35	4358.47	-6.16	16.56	1.34
2025-01-09T05:13:26	-2525.50	58.82	4360.29	-6.04	16.47	1.58
2025-01-09T05:13:28	-2532.18	59.28	4362.12	-5.92	16.37	1.81
2025-01-09T05:13:30	-2538.87	59.75	4363.94	-5.79	16.26	2.03
2025-01-09T05:13:32	-2545.55	60.22	4365.76	-5.66	16.15	2.24
2025-01-09T05:13:34	-2552.23	60.69	4367.58	-5.52	16.04	2.44
2025-01-09T05:13:36	-2558.91	61.16	4369.39	-5.41	15.98	2.57
2025-01-09T05:13:38	-2565.59	61.63	4371.20	-5.36	16.04	2.53
2025-01-09T05:13:40	-2572.27	62.10	4373.01	-5.33	16.10	2.50
2025-01-09T05:13:42	-2578.94	62.57	4374.82	-5.30	16.16	2.46
2025-01-09T05:13:44	-2585.62	63.03	4376.62	-5.28	16.21	2.42
2025-01-09T05:13:46	-2592.29	63.50	4378.42	-5.27	16.26	2.38
2025-01-09T05:13:48	-2598.96	63.97	4380.21	-5.26	16.30	2.34
2025-01-09T05:13:50	-2605.62	64.44	4382.01	-5.26	16.35	2.29
2025-01-09T05:13:52	-2612.29	64.91	4383.79	-5.27	16.38	2.25
2025-01-09T05:13:54	-2618.96	65.38	4385.58	-5.19	16.33	2.27
2025-01-09T05:13:56	-2625.62	65.85	4387.37	-5.08	16.26	2.32
2025-01-09T05:13:58	-2632.28	66.31	4389.15	-4.97	16.20	2.38
2025-01-09T05:14:00	-2638.94	66.78	4390.92	-4.86	16.15	2.45
2025-01-09T05:14:02	-2645.60	67.25	4392.70	-4.75	16.10	2.52
2025-01-09T05:14:04	-2652.25	67.72	4394.47	-4.64	16.07	2.60
2025-01-09T05:14:06	-2658.91	68.19	4396.24	-4.53	16.04	2.68
2025-01-09T05:14:08	-2665.56	68.65	4398.01	-4.42	16.02	2.77
2025-01-09T05:14:10	-2672.21	69.12	4399.77	-4.34	16.00	2.88
2025-01-09T05:14:12	-2678.86	69.59	4401.54	-4.40	15.93	3.03
2025-01-09T05:14:14	-2685.51	70.06	4403.29	-4.49	15.85	3.17
2025-01-09T05:14:16	-2692.15	70.53	4405.05	-4.57	15.77	3.31
2025-01-09T05:14:18	-2698.79	70.99	4406.80	-4.66	15.68	3.45
2025-01-09T05:14:20	-2705.44	71.46	4408.55	-4.74	15.58	3.58
2025-01-09T05:14:22	-2712.08	71.93	4410.30	-4.81	15.48	3.72
2025-01-09T05:14:24	-2718.72	72.40	4412.04	-4.88	15.37	3.84
2025-01-09T05:14:26	-2725.35	72.87	4413.78	-4.95	15.25	3.97
2025-01-09T05:14:28	-2731.99	73.33	4415.52	-5.00	15.19	4.12
2025-01-09T05:14:30	-2738.62	73.80	4417.26	-5.04	15.18	4.30
2025-01-09T05:14:32	-2745.25	74.27	4418.99	-5.06	15.18	4.49
2025-01-09T05:14:34	-2751.88	74.74	4420.72	-5.07	15.17	4.68
2025-01-09T05:14:36	-2758.51	75.21	4422.45	-5.07	15.17	4.88
2025-01-09T05:14:38	-2765.14	75.67	4424.17	-5.06	15.18	5.09
2025-01-09T05:14:40	-2771.76	76.14	4425.90	-5.04	15.19	5.30
2025-01-09T05:14:42	-2778.38	76.61	4427.62	-5.01	15.20	5.52
2025-01-09T05:14:44	-2785.00	77.08	4429.33	-4.96	15.22	5.74
2025-01-09T05:14:46	-2791.63	77.54	4431.05	-4.86	15.25	5.92
2025-01-09T05:14:48	-2798.24	78.01	4432.76	-4.76	15.27	6.10
2025-01-09T05:14:50	-2804.86	78.48	4434.47	-4.65	15.30	6.27
2025-01-09T05:14:52	-2811.47	78.95	4436.17	-4.55	15.32	6.45
2025-01-09T05:14:54	-2818.09	79.41	4437.88	-4.44	15.35	6.62
2025-01-09T05:14:56	-2824.70	79.88	4439.58	-4.34	15.37	6.79
2025-01-09T05:14:58	-2831.31	80.35	4441.27	-4.24	15.40	6.97
2025-01-09T05:15:00	-2837.92	80.82	4442.97	-4.13	15.42	7.14
2025-01-09T05:15:02	-2844.52	81.28	4444.66	-4.05	15.39	7.28
2025-01-09T05:15:04	-2851.13	81.75	4446.35	-4.04	15.21	7.34
2025-01-09T05:15:06	-2857.73	82.22	4448.04	-4.04	15.02	7.39
2025-01-09T05:15:08	-2864.33	82.69	4449.72	-4.05	14.82	7.44
2025-01-09T05:15:10	-2870.93	83.15	4451.40	-4.08	14.63	7.48
2025-01-09T05:15:12	-2877.52	83.62	4453.08	-4.12	14.43	7.52
2025-01-09T05:15:14	-2884.12	84.09	4454.76	-4.17	14.22	7.55
2025-01-09T05:15:16	-2890.71	84.56	4456.43	-4.24	14.02	7.57
2025-01-09T05:15:18	-2897.30	85.02	4458.10	-4.31	13.80	7.59
2025-01-09T05:15:20	-2903.90	85.49	4459.77	-4.36	13.56	7.65
2025-01-09T05:15:22	-2910.49	85.96	4461.44	-4.41	13.31	7.76
2025-01-09T05:15:24	-2917.07	86.42	4463.10	-4.45	13.07	7.87
2025-01-09T05:15:26	-2923.66	86.89	4464.76	-4.51	12.84	7.98
2025-01-09T05:15:28	-2930.24	87.36	4466.42	-4.56	12.62	8.09
2025-01-09T05:15:30	-2936.83	87.82	4468.08	-4.61	12.42	8.21
2025-01-09T05:15:32	-2943.40	88.29	4469.73	-4.66	12.23	8.33
2025-01-09T05:15:34	-2949.98	88.76	4471.38	-4.72	12.05	8.45
2025-01-09T05:15:36	-2956.56	89.22	4473.03	-4.77	11.88	8.58
2025-01-09T05:15:38	-2963.14	89.69	4474.67	-4.68	11.95	8.64
2025-01-09T05:15:40	-2969.71	90.16	4476.32	-4.57	12.04	8.70
2025-01-09T05:15:42	-2976.28	90.62	4477.96	-4.46	12.11	8.77
2025-01-09T05:15:44	-2982.85	91.09	4479.60	-4.34	12.19	8.85
2025-01-09T05:15:46	-2989.42	91.56	4481.23	-4.22	12.25	8.93
2025-01-09T05:15:48	-2995.99	92.02	4482.86	-4.10	12.31	9.02
2025-01-09T05:15:50	-3002.55	92.49	4484.49	-3.97	12.36	9.12
2025-01-09T05:15:52	-3009.12	92.96	4486.12	-3.84	12.41	9.22
2025-01-09T05:15:54	-3015.68	93.42	4487.75	-3.73	12.43	9.33
2025-01-09T05:15:56	-3022.24	93.89	4489.37	-3.71	12.42	9.45
2025-01-09T05:15:58	-3028.80	94.35	4490.99	-3.71	12.40	9.58
2025-01-09T05:16:00	-3035.36	94.82	4492.61	-3.72	12.38	9.70
2025-01-09T05:16:02	-3041.91	95.29	4494.22	-3.73	12.37	9.81
2025-01-09T05:16:04	-3048.46	95.76	4495.84	-3.76	12.36	9.93
2025-01-09T05:16:06	-3055.01	96.22	4497.44	-3.81	12.35	10.04
