Time	POS_X	POS_Y	POS_Z	B_X	B_Y	B_Z
2025-01-09T04:27:12	4483.66	-246.20	-3062.75	96.53	-5.27	-11.98
2025-01-09T04:27:14	4482.06	-246.29	-3056.18	96.60	-5.26	-11.97
2025-01-09T04:27:16	4480.45	-246.38	-3049.61	96.67	-5.24	-11.96
2025-01-09T04:27:18	4478.85	-246.48	-3043.03	96.74	-5.23	-11.95
2025-01-09T04:27:20	4477.24	-246.57	-3036.46	96.82	-5.21	-11.94
2025-01-09T04:27:22	4475.62	-246.66	-3029.88	96.87	-5.20	-11.92
2025-01-09T04:27:24	4474.01	-246.75	-3023.30	96.92	-5.19	-11.90
2025-01-09T04:27:26	4472.39	-246.84	-3016.72	96.97	-5.18	-11.87
2025-01-09T04:27:28	4470.77	-246.93	-3010.14	97.02	-5.17	-11.85
2025-01-09T04:27:30	4469.15	-247.02	-3003.55	97.07	-5.16	-11.82
2025-01-09T04:27:32	4467.52	-247.11	-2996.97	97.12	-5.15	-11.80
2025-01-09T04:27:34	4465.89	-247.20	-2990.38	97.17	-5.15	-11.78
2025-01-09T04:27:36	4464.26	-247.29	-2983.79	97.22	-5.14	-11.75
2025-01-09T04:27:38	4462.63	-247.38	-2977.20	97.27	-5.13	-11.73
2025-01-09T04:27:40	4460.99	-247.47	-2970.61	97.31	-5.11	-11.71
2025-01-09T04:27:42	4459.35	-247.56	-2964.01	97.36	-5.10	-11.69
2025-01-09T04:27:44	4457.71	-247.66	-2957.42	97.40	-5.08	-11.68
2025-01-09T04:27:46	4456.07	-247.74	-2950.82	97.45	-5.07	-11.66
2025-01-09T04:27:48	4454.42	-247.83	-2944.22	97.49	-5.05	-11.64
2025-01-09T04:27:50	4452.78	-247.92	-2937.62	97.54	-5.04	-11.63
2025-01-09T04:27:52	4451.12	-248.01	-2931.02	97.59	-5.02	-11.61
2025-01-09T04:27:54	4449.47	-248.10	-2924.41	97.63	-5.01	-11.59
2025-01-09T04:27:56	4447.82	-248.19	-2917.81	97.68	-4.99	-11.57
2025-01-09T04:27:58	4446.16	-248.28	-2911.20	97.74	-4.97	-11.55
2025-01-09T04:28:00	4444.49	-248.37	-2904.59	97.80	-4.95	-11.52
2025-01-09T04:28:02	4442.83	-248.46	-2897.98	97.86	-4.93	-11.49
2025-01-09T04:28:04	4441.16	-248.54	-2891.37	97.92	-4.91	-11.46
2025-01-09T04:28:06	4439.49	-248.63	-2884.75	97.98	-4.89	-11.44
2025-01-09T04:28:08	4437.82	-248.72	-2878.14	98.05	-4.87	-11.41
2025-01-09T04:28:10	4436.15	-248.81	-2871.52	98.11	-4.85	-11.38
2025-01-09T04:28:12	4434.47	-248.89	-2864.90	98.17	-4.83	-11.35
2025-01-09T04:28:14	4432.79	-248.98	-2858.28	98.23	-4.81	-11.34
2025-01-09T04:28:16	4431.11	-249.07	-2851.65	98.28	-4.80	-11.33
2025-01-09T04:28:18	4429.42	-249.16	-2845.03	98.33	-4.79	-11.33
2025-01-09T04:28:20	4427.73	-249.25	-2838.40	98.38	-4.78	-11.32
2025-01-09T04:28:22	4426.05	-249.33	-2831.77	98.43	-4.77	-11.31
2025-01-09T04:28:24	4424.35	-249.42	-2825.14	98.48	-4.75	-11.30
2025-01-09T04:28:26	4422.66	-249.50	-2818.51	98.53	-4.74	-11.30
2025-01-09T04:28:28	4420.96	-249.59	-2811.88	98.58	-4.73	-11.29
2025-01-09T04:28:30	4419.25	-249.68	-2805.24	98.62	-4.72	-11.28
2025-01-09T04:28:32	4417.55	-249.76	-2798.61	98.68	-4.70	-11.24
2025-01-09T04:28:34	4415.85	-249.85	-2791.97	98.74	-4.67	-11.21
2025-01-09T04:28:36	4414.14	-249.94	-2785.33	98.80	-4.65	-11.17
2025-01-09T04:28:38	4412.42	-250.02	-2778.69	98.86	-4.63	-11.13
2025-01-09T04:28:40	4410.71	-250.11	-2772.04	98.91	-4.61	-11.10
2025-01-09T04:28:42	4408.99	-250.19	-2765.40	98.97	-4.59	-11.06
2025-01-09T04:28:44	4407.27	-250.28	-2758.75	99.03	-4.56	-11.02
2025-01-09T04:28:46	4405.55	-250.36	-2752.10	99.09	-4.54	-10.99
2025-01-09T04:28:48	4403.82	-250.45	-2745.45	99.14	-4.52	-10.96
2025-01-09T04:28:50	4402.09	-250.53	-2738.80	99.18	-4.50	-10.94
2025-01-09T04:28:52	4400.36	-250.61	-2732.14	99.21	-4.48	-10.92
2025-01-09T04:28:54	4398.63	-250.70	-2725.49	99.25	-4.45	-10.89
2025-01-09T04:28:56	4396.89	-250.79	-2718.83	99.29	-4.43	-10.87
2025-01-09T04:28:58	4395.15	-250.87	-2712.17	99.32	-4.41	-10.85
2025-01-09T04:29:00	4393.41	-250.95	-2705.51	99.36	-4.38	-10.83
2025-01-09T04:29:02	4391.66	-251.04	-2698.85	99.39	-4.35	-10.81
2025-01-09T04:29:04	4389.91	-251.12	-2692.18	99.42	-4.33	-10.78
2025-01-09T04:29:06	4388.16	-251.20	-2685.52	99.47	-4.30	-10.76
2025-01-09T04:29:08	4386.41	-251.29	-2678.85	99.51	-4.27	-10.73
2025-01-09T04:29:10	4384.65	-251.37	-2672.18	99.56	-4.25	-10.70
2025-01-09T04:29:12	4382.89	-251.45	-2665.51	99.61	-4.22	-10.68
2025-01-09T04:29:14	4381.13	-251.54	-2658.84	99.65	-4.19	-10.65
2025-01-09T04:29:16	4379.37	-251.62	-2652.16	99.70	-4.17	-10.62
2025-01-09T04:29:18	4377.60	-251.70	-2645.48	99.75	-4.15	-10.59
2025-01-09T04:29:20	4375.83	-251.78	-2638.81	99.80	-4.12	-10.57
2025-01-09T04:29:22	4374.05	-251.86	-2632.13	99.85	-4.10	-10.54
2025-01-09T04:29:24	4372.28	-251.95	-2625.44	99.88	-4.07	-10.52
2025-01-09T04:29:26	4370.50	-252.03	-2618.76	99.91	-4.05	-10.50
2025-01-09T04:29:28	4368.72	-252.11	-2612.08	99.95	-4.02	-10.48
2025-01-09T04:29:30	4366.93	-252.19	-2605.39	99.98	-3.99	-10.46
2025-01-09T04:29:32	4365.14	-252.27	-2598.70	100.02	-3.96	-10.44
2025-01-09T04:29:34	4363.35	-252.35	-2592.01	100.05	-3.94	-10.42
2025-01-09T04:29:36	4361.56	-252.44	-2585.32	100.09	-3.91	-10.39
2025-01-09T04:29:38	4359.76	-252.52	-2578.62	100.13	-3.88	-10.37
2025-01-09T04:29:40	4357.96	-252.60	-2571.93	100.17	-3.84	-10.35
2025-01-09T04:29:42	4356.15	-252.68	-2565.23	100.21	-3.81	-10.33
2025-01-09T04:29:44	4354.35	-252.76	-2558.53	100.25	-3.77	-10.30
2025-01-09T04:29:46	4352.54	-252.84	-2551.83	100.29	-3.74	-10.28
2025-01-09T04:29:48	4350.73	-252.92	-2545.13	100.33	-3.70	-10.26
2025-01-09T04:29:50	4348.91	-252.99	-2538.42	100.36	-3.67	-10.23
2025-01-09T04:29:52	4347.10	-253.07	-2531.72	100.40	-3.63	-10.21
2025-01-09T04:29:54	4345.27	-253.15	-2525.01	100.44	-3.60	-10.19
2025-01-09T04:29:56	4343.45	-253.23	-2518.30	100.48	-3.57	-10.17
2025-01-09T04:29:58	4341.62	-253.31	-2511.59	100.53	-3.54	-10.15
2025-01-09T04:30:00	4339.79	-253.39	-2504.87	100.57	-3.52	-10.13
2025-01-09T04:30:02	4337.96	-253.47	-2498.16	100.61	-3.50	-10.11
2025-01-09T04:30:04	4336.12	-253.55	-2491.44	100.66	-3.47	-10.10
2025-01-09T04:30:06	4334.29	-253.63	-2484.73	100.70	-3.45	-10.08
2025-01-09T04:30:08	4332.44	-253.70	-2478.00	100.75	-3.42	-10.07
2025-01-09T04:30:10	4330.60	-253.78	-2471.28	100.79	-3.40	-10.05
2025-01-09T04:30:12	4328.75	-253.86	-2464.56	100.84	-3.37	-10.04
2025-01-09T04:30:14	4326.90	-253.94	-2457.83	100.88	-3.35	-10.02
2025-01-09T04:30:16	4325.04	-254.01	-2451.11	100.93	-3.34	-10.00
2025-01-09T04:30:18	4323.19	-254.09	-2444.38	100.98	-3.32	-9.98
2025-01-09T04:30:20	4321.33	-254.17	-2437.65	101.03	-3.30	-9.96
2025-01-09T04:30:22	4319.46	-254.25	-2430.91	101.08	-3.29	-9.93
2025-01-09T04:30:24	4317.60	-254.32	-2424.18	101.13	-3.27	-9.91
2025-01-09T04:30:26	4315.73	-254.40	-2417.44	101.18	-3.26	-9.89
2025-01-09T04:30:28	4313.85	-254.47	-2410.71	101.24	-3.24	-9.87
2025-01-09T04:30:30	4311.98	-254.55	-2403.97	101.29	-3.22	-9.84
2025-01-09T04:30:32	4310.10	-254.63	-2397.23	101.32	-3.20	-9.82
2025-01-09T04:30:34	4308.22	-254.70	-2390.48	101.35	-3.19	-9.80
2025-01-09T04:30:36	4306.33	-254.78	-2383.74	101.38	-3.17	-9.77
2025-01-09T04:30:38	4304.44	-254.85	-2376.99	101.42	-3.15	-9.75
2025-01-09T04:30:40	4302.55	-254.93	-2370.24	101.45	-3.13	-9.73
2025-01-09T04:30:42	4300.65	-255.00	-2363.49	101.49	-3.11	-9.70
2025-01-09T04:30:44	4298.76	-255.08	-2356.74	101.52	-3.10	-9.68
2025-01-09T04:30:46	4296.85	-255.15	-2349.99	101.56	-3.08	-9.66
2025-01-09T04:30:48	4294.95	-255.22	-2343.23	101.59	-3.05	-9.64
2025-01-09T04:30:50	4293.04	-255.30	-2336.48	101.62	-3.02	-9.61
2025-01-09T04:30:52	4291.13	-255.37	-2329.72	101.65	-2.98	-9.58
2025-01-09T04:30:54	4289.22	-255.45	-2322.96	101.69	-2.95	-9.55
2025-01-09T04:30:56	4287.30	-255.52	-2316.19	101.72	-2.92	-9.52
2025-01-09T04:30:58	4285.38	-255.59	-2309.43	101.75	-2.89	-9.49
2025-01-09T04:31:00	4283.45	-255.67	-2302.67	101.78	-2.86	-9.46
2025-01-09T04:31:02	4281.52	-255.74	-2295.90	101.81	-2.82	-9.43
2025-01-09T04:31:04	4279.59	-255.81	-2289.13	101.84	-2.79	-9.40
2025-01-09T04:31:06	4277.66	-255.88	-2282.36	101.88	-2.76	-9.38
2025-01-09T04:31:08	4275.72	-255.96	-2275.59	101.92	-2.74	-9.36
2025-01-09T04:31:10	4273.78	-256.03	-2268.81	101.96	-2.71	-9.34
2025-01-09T04:31:12	4271.84	-256.10	-2262.03	102.00	-2.68	-9.32
2025-01-09T04:31:14	4269.89	-256.17	-2255.26	102.04	-2.66	-9.30
2025-01-09T04:31:16	4267.94	-256.24	-2248.48	102.08	-2.63	-9.28
2025-01-09T04:31:18	4265.99	-256.31	-2241.69	102.12	-2.60	-9.26
2025-01-09T04:31:20	4264.03	-256.39	-2234.91	102.16	-2.57	-9.24
2025-01-09T04:31:22	4262.07	-256.46	-2228.13	102.19	-2.55	-9.22
2025-01-09T04:31:24	4260.10	-256.53	-2221.34	102.22	-2.51	-9.20
2025-01-09T04:31:26	4258.14	-256.60	-2214.55	102.25	-2.48	-9.17
2025-01-09T04:31:28	4256.17	-256.67	-2207.76	102.28	-2.45	-9.14
2025-01-09T04:31:30	4254.19	-256.74	-2200.97	102.31	-2.42	-9.12
2025-01-09T04:31:32	4252.21	-256.81	-2194.17	102.33	-2.39	-9.09
2025-01-09T04:31:34	4250.23	-256.88	-2187.38	102.36	-2.36	-9.06
2025-01-09T04:31:36	4248.25	-256.94	-2180.58	102.39	-2.32	-9.03
2025-01-09T04:31:38	4246.26	-257.01	-2173.78	102.43	-2.30	-9.01
2025-01-09T04:31:40	4244.27	-257.08	-2166.98	102.47	-2.27	-8.99
2025-01-09T04:31:42	4242.27	-257.15	-2160.18	102.52	-2.25	-8.97
2025-01-09T04:31:44	4240.28	-257.22	-2153.38	102.56	-2.23	-8.95
2025-01-09T04:31:46	4238.28	-257.29	-2146.57	102.61	-2.21	-8.92
2025-01-09T04:31:48	4236.27	-257.36	-2139.76	102.65	-2.19	-8.90
2025-01-09T04:31:50	4234.26	-257.42	-2132.95	102.69	-2.16	-8.88
2025-01-09T04:31:52	4232.25	-257.49	-2126.14	102.74	-2.14	-8.85
2025-01-09T04:31:54	4230.23	-257.56	-2119.33	102.78	-2.12	-8.83
2025-01-09T04:31:56	4228.22	-257.63	-2112.51	102.82	-2.11	-8.80
2025-01-09T04:31:58	4226.19	-257.69	-2105.70	102.86	-2.10	-8.77
2025-01-09T04:32:00	4224.17	-257.76	-2098.88	102.89	-2.09	-8.74
2025-01-09T04:32:02	4222.14	-257.83	-2092.06	102.93	-2.08	-8.71
2025-01-09T04:32:04	4220.10	-257.89	-2085.23	102.97	-2.07	-8.68
2025-01-09T04:32:06	4218.07	-257.96	-2078.41	103.01	-2.06	-8.65
2025-01-09T04:32:08	4216.03	-258.03	-2071.58	103.04	-2.05	-8.62
2025-01-09T04:32:10	4213.98	-258.09	-2064.76	103.08	-2.04	-8.59
2025-01-09T04:32:12	4211.94	-258.16	-2057.93	103.12	-2.03	-8.56
2025-01-09T04:32:14	4209.89	-258.22	-2051.10	103.15	-2.01	-8.53
2025-01-09T04:32:16	4207.83	-258.29	-2044.27	103.18	-1.99	-8.50
2025-01-09T04:32:18	4205.77	-258.35	-2037.43	103.21	-1.97	-8.47
2025-01-09T04:32:20	4203.71	-258.42	-2030.59	103.24	-1.95	-8.43
2025-01-09T04:32:22	4201.65	-258.48	-2023.76	103.27	-1.93	-8.40
2025-01-09T04:32:24	4199.58	-258.54	-2016.92	103.30	-1.90	-8.37
2025-01-09T04:32:26	4197.50	-258.61	-2010.08	103.33	-1.88	-8.34
2025-01-09T04:32:28	4195.43	-258.67	-2003.24	103.36	-1.86	-8.30
2025-01-09T04:32:30	4193.35	-258.74	-1996.39	103.39	-1.85	-8.28
2025-01-09T04:32:32	4191.26	-258.80	-1989.54	103.41	-1.84	-8.26
2025-01-09T04:32:34	4189.18	-258.86	-1982.70	103.44	-1.83	-8.23
2025-01-09T04:32:36	4187.08	-258.92	-1975.84	103.47	-1.82	-8.21
2025-01-09T04:32:38	4184.99	-258.99	-1968.99	103.50	-1.81	-8.19
2025-01-09T04:32:40	4182.89	-259.05	-1962.14	103.52	-1.80	-8.16
2025-01-09T04:32:42	4180.79	-259.11	-1955.28	103.55	-1.78	-8.14
2025-01-09T04:32:44	4178.68	-259.17	-1948.43	103.57	-1.77	-8.11
2025-01-09T04:32:46	4176.57	-259.23	-1941.57	103.60	-1.75	-8.09
2025-01-09T04:32:48	4174.46	-259.29	-1934.71	103.62	-1.73	-8.07
2025-01-09T04:32:50	4172.34	-259.35	-1927.85	103.64	-1.71	-8.04
2025-01-09T04:32:52	4170.22	-259.42	-1920.98	103.66	-1.69	-8.02
2025-01-09T04:32:54	4168.10	-259.48	-1914.12	103.68	-1.67	-8.00
2025-01-09T04:32:56	4165.97	-259.54	-1907.25	103.70	-1.65	-7.97
2025-01-09T04:32:58	4163.84	-259.60	-1900.38	103.72	-1.63	-7.95
2025-01-09T04:33:00	4161.70	-259.66	-1893.51	103.75	-1.61	-7.92
2025-01-09T04:33:02	4159.56	-259.72	-1886.63	103.77	-1.59	-7.90
2025-01-09T04:33:04	4157.42	-259.77	-1879.76	103.78	-1.57	-7.87
2025-01-09T04:33:06	4155.27	-259.84	-1872.89	103.79	-1.55	-7.85
2025-01-09T04:33:08	4153.12	-259.89	-1866.01	103.81	-1.53	-7.82
2025-01-09T04:33:10	4150.96	-259.95	-1859.13	103.82	-1.51	-7.80
2025-01-09T04:33:12	4148.81	-260.01	-1852.25	103.83	-1.48	-7.77
2025-01-09T04:33:14	4146.64	-260.07	-1845.36	103.84	-1.46	-7.74
2025-01-09T04:33:16	4144.47	-260.13	-1838.48	103.86	-1.44	-7.72
2025-01-09T04:33:18	4142.30	-260.18	-1831.59	103.87	-1.42	-7.69
2025-01-09T04:33:20	4140.13	-260.24	-1824.71	103.88	-1.39	-7.66
2025-01-09T04:33:22	4137.95	-260.30	-1817.81	103.89	-1.36	-7.63
2025-01-09T04:33:24	4135.77	-260.36	-1810.92	103.90	-1.32	-7.61
2025-01-09T04:33:26	4133.58	-260.41	-1804.03	103.91	-1.29	-7.58
2025-01-09T04:33:28	4131.39	-260.47	-1797.13	103.92	-1.26	-7.54
2025-01-09T04:33:30	4129.19	-260.52	-1790.24	103.94	-1.23	-7.51
2025-01-09T04:33:32	4127.00	-260.58	-1783.34	103.95	-1.20	-7.48
2025-01-09T04:33:34	4124.80	-260.64	-1776.44	103.96	-1.17	-7.45
2025-01-09T04:33:36	4122.59	-260.69	-1769.54	103.97	-1.15	-7.42
2025-01-09T04:33:38	4120.38	-260.75	-1762.63	103.98	-1.14	-7.39
2025-01-09T04:33:40	4118.16	-260.80	-1755.73	103.98	-1.12	-7.37
2025-01-09T04:33:42	4115.95	-260.86	-1748.82	103.99	-1.10	-7.34
2025-01-09T04:33:44	4113.72	-260.91	-1741.91	104.00	-1.08	-7.31
2025-01-09T04:33:46	4111.50	-260.96	-1735.00	104.01	-1.06	-7.28
2025-01-09T04:33:48	4109.27	-261.02	-1728.09	104.02	-1.04	-7.25
2025-01-09T04:33:50	4107.03	-261.07	-1721.18	104.03	-1.02	-7.22
2025-01-09T04:33:52	4104.79	-261.12	-1714.26	104.04	-1.00	-7.19
2025-01-09T04:33:54	4102.55	-261.18	-1707.34	104.04	-0.99	-7.16
2025-01-09T04:33:56	4100.30	-261.23	-1700.42	104.04	-0.97	-7.12
2025-01-09T04:33:58	4098.05	-261.28	-1693.50	104.04	-0.95	-7.09
2025-01-09T04:34:00	4095.80	-261.33	-1686.58	104.04	-0.93	-7.05
2025-01-09T04:34:02	4093.54	-261.38	-1679.65	104.04	-0.91	-7.02
2025-01-09T04:34:04	4091.27	-261.44	-1672.73	104.04	-0.90	-6.98
2025-01-09T04:34:06	4089.01	-261.49	-1665.80	104.03	-0.88	-6.95
2025-01-09T04:34:08	4086.73	-261.54	-1658.87	104.03	-0.86	-6.91
2025-01-09T04:34:10	4084.46	-261.59	-1651.94	104.01	-0.84	-6.88
2025-01-09T04:34:12	4082.18	-261.64	-1645.01	103.99	-0.82	-6.86
2025-01-09T04:34:14	4079.89	-261.69	-1638.07	103.98	-0.80	-6.83
2025-01-09T04:34:16	4077.61	-261.74	-1631.14	103.96	-0.79	-6.80
2025-01-09T04:34:18	4075.31	-261.79	-1624.20	103.95	-0.77	-6.77
2025-01-09T04:34:20	4073.02	-261.84	-1617.26	103.93	-0.76	-6.75
2025-01-09T04:34:22	4070.72	-261.89	-1610.32	103.92	-0.74	-6.72
2025-01-09T04:34:24	4068.41	-261.94	-1603.38	103.91	-0.73	-6.69
2025-01-09T04:34:26	4066.10	-261.99	-1596.43	103.91	-0.72	-6.67
2025-01-09T04:34:28	4063.79	-262.03	-1589.49	103.91	-0.72	-6.64
2025-01-09T04:34:30	4061.47	-262.08	-1582.54	103.91	-0.71	-6.61
2025-01-09T04:34:32	4059.14	-262.13	-1575.59	103.91	-0.70	-6.58
2025-01-09T04:34:34	4056.82	-262.18	-1568.64	103.91	-0.69	-6.55
2025-01-09T04:34:36	4054.49	-262.22	-1561.68	103.91	-0.68	-6.52
2025-01-09T04:34:38	4052.15	-262.27	-1554.73	103.91	-0.67	-6.49
2025-01-09T04:34:40	4049.81	-262.32	-1547.77	103.90	-0.66	-6.46
2025-01-09T04:34:42	4047.47	-262.37	-1540.82	103.88	-0.66	-6.44
2025-01-09T04:34:44	4045.12	-262.41	-1533.86	103.84	-0.66	-6.42
2025-01-09T04:34:46	4042.77	-262.46	-1526.90	103.81	-0.66	-6.40
2025-01-09T04:34:48	4040.41	-262.50	-1519.93	103.77	-0.66	-6.39
2025-01-09T04:34:50	4038.05	-262.55	-1512.97	103.74	-0.66	-6.37
2025-01-09T04:34:52	4035.68	-262.59	-1506.00	103.70	-0.66	-6.35
2025-01-09T04:34:54	4033.31	-262.64	-1499.03	103.67	-0.66	-6.33
2025-01-09T04:34:56	4030.93	-262.68	-1492.06	103.63	-0.66	-6.31
2025-01-09T04:34:58	4028.55	-262.72	-1485.09	103.61	-0.66	-6.30
2025-01-09T04:35:00	4026.17	-262.77	-1478.12	103.60	-0.67	-6.30
2025-01-09T04:35:02	4023.78	-262.81	-1471.14	103.60	-0.68	-6.30
2025-01-09T04:35:04	4021.39	-262.85	-1464.17	103.59	-0.69	-6.30
2025-01-09T04:35:06	4018.99	-262.90	-1457.19	103.59	-0.70	-6.29
2025-01-09T04:35:08	4016.59	-262.94	-1450.21	103.59	-0.70	-6.29
2025-01-09T04:35:10	4014.18	-262.98	-1443.23	103.59	-0.70	-6.28
2025-01-09T04:35:12	4011.77	-263.02	-1436.25	103.59	-0.71	-6.27
2025-01-09T04:35:14	4009.36	-263.07	-1429.26	103.57	-0.71	-6.26
2025-01-09T04:35:16	4006.94	-263.11	-1422.28	103.55	-0.71	-6.24
2025-01-09T04:35:18	4004.51	-263.15	-1415.29	103.52	-0.71	-6.21
2025-01-09T04:35:20	4002.08	-263.19	-1408.30	103.49	-0.71	-6.19
2025-01-09T04:35:22	3999.65	-263.23	-1401.31	103.46	-0.72	-6.16
2025-01-09T04:35:24	3997.21	-263.27	-1394.32	103.43	-0.72	-6.13
2025-01-09T04:35:26	3994.77	-263.31	-1387.33	103.41	-0.73	-6.11
2025-01-09T04:35:28	3992.32	-263.35	-1380.33	103.38	-0.74	-6.08
2025-01-09T04:35:30	3989.87	-263.39	-1373.33	103.34	-0.75	-6.05
2025-01-09T04:35:32	3987.41	-263.42	-1366.33	103.30	-0.76	-6.04
2025-01-09T04:35:34	3984.95	-263.46	-1359.33	103.25	-0.77	-6.02
2025-01-09T04:35:36	3982.49	-263.50	-1352.33	103.20	-0.79	-5.99
2025-01-09T04:35:38	3980.01	-263.54	-1345.33	103.15	-0.80	-5.97
2025-01-09T04:35:40	3977.54	-263.58	-1338.32	103.10	-0.82	-5.94
2025-01-09T04:35:42	3975.06	-263.62	-1331.32	103.06	-0.83	-5.91
2025-01-09T04:35:44	3972.57	-263.65	-1324.31	103.01	-0.85	-5.88
2025-01-09T04:35:46	3970.08	-263.69	-1317.30	102.96	-0.85	-5.85
2025-01-09T04:35:48	3967.59	-263.72	-1310.29	102.93	-0.78	-5.79
2025-01-09T04:35:50	3965.09	-263.76	-1303.27	102.90	-0.71	-5.73
2025-01-09T04:35:52	3962.58	-263.80	-1296.26	102.87	-0.63	-5.67
2025-01-09T04:35:54	3960.07	-263.83	-1289.24	102.85	-0.55	-5.61
2025-01-09T04:35:56	3957.56	-263.87	-1282.22	102.82	-0.48	-5.56
2025-01-09T04:35:58	3955.04	-263.90	-1275.20	102.80	-0.42	-5.49
2025-01-09T04:36:00	3952.52	-263.93	-1268.19	102.78	-0.36	-5.43
2025-01-09T04:36:02	3949.99	-263.97	-1261.16	102.75	-0.30	-5.37
2025-01-09T04:36:04	3947.46	-264.00	-1254.14	102.74	-0.35	-5.34
2025-01-09T04:36:06	3944.92	-264.03	-1247.11	102.73	-0.41	-5.32
2025-01-09T04:36:08	3942.38	-264.07	-1240.09	102.74	-0.47	-5.28
2025-01-09T04:36:10	3939.83	-264.10	-1233.06	102.75	-0.53	-5.25
2025-01-09T04:36:12	3937.28	-264.13	-1226.03	102.77	-0.60	-5.21
2025-01-09T04:36:14	3934.72	-264.17	-1219.00	102.80	-0.67	-5.17
2025-01-09T04:36:16	3932.16	-264.20	-1211.96	102.84	-0.74	-5.12
2025-01-09T04:36:18	3929.59	-264.23	-1204.93	102.89	-0.82	-5.07
2025-01-09T04:36:20	3927.02	-264.26	-1197.89	102.69	-0.92	-4.91
2025-01-09T04:36:22	3924.44	-264.29	-1190.85	102.45	-1.00	-4.73
2025-01-09T04:36:24	3921.86	-264.32	-1183.81	102.20	-1.08	-4.54
2025-01-09T04:36:26	3919.27	-264.35	-1176.77	101.95	-1.14	-4.34
2025-01-09T04:36:28	3916.68	-264.38	-1169.73	101.70	-1.18	-4.14
2025-01-09T04:36:30	3914.08	-264.41	-1162.69	101.45	-1.22	-3.93
2025-01-09T04:36:32	3911.48	-264.44	-1155.64	101.19	-1.23	-3.71
2025-01-09T04:36:34	3908.87	-264.47	-1148.60	100.93	-1.24	-3.48
2025-01-09T04:36:36	3906.26	-264.50	-1141.55	100.38	-1.32	-3.09
2025-01-09T04:36:38	3903.64	-264.52	-1134.50	99.71	-1.44	-2.71
2025-01-09T04:36:40	3901.02	-264.55	-1127.45	99.03	-1.53	-2.39
2025-01-09T04:36:42	3898.39	-264.58	-1120.39	98.33	-1.61	-2.09
2025-01-09T04:36:44	3895.76	-264.60	-1113.34	97.60	-1.68	-1.81
2025-01-09T04:36:46	3893.12	-264.63	-1106.29	96.86	-1.72	-1.55
2025-01-09T04:36:48	3890.48	-264.66	-1099.23	96.09	-1.75	-1.30
2025-01-09T04:36:50	3887.83	-264.68	-1092.17	95.30	-1.76	-1.08
2025-01-09T04:36:52	3885.17	-264.71	-1085.11	94.59	-1.61	-1.18
2025-01-09T04:36:54	3882.52	-264.73	-1078.05	93.92	-1.40	-1.44
2025-01-09T04:36:56	3879.85	-264.76	-1070.98	93.25	-1.25	-1.66
2025-01-09T04:36:58	3877.18	-264.78	-1063.92	92.57	-1.15	-1.83
2025-01-09T04:37:00	3874.51	-264.81	-1056.85	91.88	-1.10	-1.95
2025-01-09T04:37:02	3871.83	-264.83	-1049.79	91.18	-1.11	-2.02
2025-01-09T04:37:04	3869.14	-264.85	-1042.72	90.47	-1.16	-2.05
2025-01-09T04:37:06	3866.45	-264.87	-1035.65	89.75	-1.26	-2.03
2025-01-09T04:37:08	3863.76	-264.90	-1028.58	89.36	-1.21	-1.94
2025-01-09T04:37:10	3861.06	-264.92	-1021.51	89.26	-0.94	-1.84
2025-01-09T04:37:12	3858.35	-264.94	-1014.43	89.15	-0.65	-1.73
2025-01-09T04:37:14	3855.64	-264.96	-1007.36	89.04	-0.32	-1.62
2025-01-09T04:37:16	3852.92	-264.98	-1000.28	88.91	0.05	-1.50
2025-01-09T04:37:18	3850.20	-265.00	-993.20	88.79	0.45	-1.38
2025-01-09T04:37:20	3847.47	-265.02	-986.12	88.69	0.89	-1.29
2025-01-09T04:37:22	3844.74	-265.05	-979.04	88.72	1.39	-1.27
2025-01-09T04:37:24	3842.00	-265.06	-971.96	88.75	1.90	-1.27
2025-01-09T04:37:26	3839.26	-265.08	-964.87	88.74	2.37	-1.28
2025-01-09T04:37:28	3836.51	-265.10	-957.79	88.72	2.81	-1.29
2025-01-09T04:37:30	3833.76	-265.12	-950.70	88.68	3.21	-1.28
2025-01-09T04:37:32	3831.00	-265.14	-943.61	88.64	3.57	-1.27
2025-01-09T04:37:34	3828.23	-265.15	-936.52	88.58	3.89	-1.25
2025-01-09T04:37:36	3825.46	-265.17	-929.43	88.50	4.17	-1.22
2025-01-09T04:37:38	3822.68	-265.19	-922.34	88.42	4.41	-1.19
2025-01-09T04:37:40	3819.90	-265.21	-915.25	88.32	4.43	-1.19
2025-01-09T04:37:42	3817.12	-265.22	-908.15	88.23	4.16	-1.27
2025-01-09T04:37:44	3814.33	-265.24	-901.06	88.14	3.92	-1.34
2025-01-09T04:37:46	3811.52	-265.25	-893.96	88.05	3.71	-1.41
2025-01-09T04:37:48	3808.72	-265.27	-886.86	87.96	3.54	-1.47
2025-01-09T04:37:50	3805.91	-265.28	-879.76	87.88	3.39	-1.53
2025-01-09T04:37:52	3803.10	-265.30	-872.66	87.80	3.28	-1.59
2025-01-09T04:37:54	3800.28	-265.31	-865.56	87.72	3.19	-1.65
2025-01-09T04:37:56	3797.45	-265.32	-858.45	87.68	3.23	-1.72
2025-01-09T04:37:58	3794.62	-265.34	-851.35	87.69	3.47	-1.85
2025-01-09T04:38:00	3791.78	-265.35	-844.24	87.67	3.70	-1.97
2025-01-09T04:38:02	3788.94	-265.36	-837.14	87.64	3.91	-2.07
2025-01-09T04:38:04	3786.09	-265.37	-830.03	87.63	4.11	-2.16
2025-01-09T04:38:06	3783.23	-265.38	-822.92	87.65	4.32	-2.23
2025-01-09T04:38:08	3780.37	-265.39	-815.81	87.69	4.52	-2.29
2025-01-09T04:38:10	3777.51	-265.40	-808.69	87.75	4.71	-2.33
2025-01-09T04:38:12	3774.64	-265.41	-801.58	87.91	4.85	-2.34
2025-01-09T04:38:14	3771.76	-265.42	-794.46	88.27	4.85	-2.29
2025-01-09T04:38:16	3768.88	-265.43	-787.35	88.61	4.83	-2.25
2025-01-09T04:38:18	3765.99	-265.44	-780.23	88.96	4.79	-2.22
2025-01-09T04:38:20	3763.09	-265.45	-773.11	89.29	4.74	-2.21
2025-01-09T04:38:22	3760.19	-265.46	-765.99	89.63	4.68	-2.20
2025-01-09T04:38:24	3757.29	-265.46	-758.87	89.95	4.60	-2.21
2025-01-09T04:38:26	3754.37	-265.47	-751.75	90.27	4.51	-2.23
2025-01-09T04:38:28	3751.46	-265.48	-744.63	90.57	4.47	-2.24
2025-01-09T04:38:30	3748.53	-265.48	-737.50	90.84	4.63	-2.23
2025-01-09T04:38:32	3745.60	-265.49	-730.37	91.09	4.82	-2.21
2025-01-09T04:38:34	3742.67	-265.50	-723.25	91.34	5.02	-2.19
2025-01-09T04:38:36	3739.72	-265.50	-716.12	91.58	5.23	-2.16
2025-01-09T04:38:38	3736.78	-265.51	-708.99	91.82	5.46	-2.14
2025-01-09T04:38:40	3733.82	-265.51	-701.86	92.05	5.70	-2.11
2025-01-09T04:38:42	3730.86	-265.51	-694.73	92.18	6.05	-2.06
2025-01-09T04:38:44	3727.90	-265.52	-687.60	92.27	6.38	-1.98
2025-01-09T04:38:46	3724.93	-265.52	-680.46	92.22	6.59	-1.82
2025-01-09T04:38:48	3721.95	-265.52	-673.33	92.19	6.77	-1.68
2025-01-09T04:38:50	3718.97	-265.52	-666.20	92.17	6.94	-1.56
2025-01-09T04:38:52	3715.98	-265.53	-659.06	92.17	7.09	-1.47
2025-01-09T04:38:54	3712.98	-265.53	-651.92	92.18	7.23	-1.40
2025-01-09T04:38:56	3709.98	-265.53	-644.78	92.22	7.35	-1.36
2025-01-09T04:38:58	3706.97	-265.53	-637.64	92.26	7.44	-1.33
2025-01-09T04:39:00	3703.96	-265.53	-630.50	92.33	7.50	-1.34
2025-01-09T04:39:02	3700.94	-265.53	-623.36	92.40	7.47	-1.37
2025-01-09T04:39:04	3697.91	-265.53	-616.21	92.47	7.43	-1.38
2025-01-09T04:39:06	3694.88	-265.52	-609.07	92.54	7.38	-1.36
2025-01-09T04:39:08	3691.84	-265.52	-601.93	92.61	7.32	-1.33
2025-01-09T04:39:10	3688.80	-265.52	-594.78	92.67	7.25	-1.27
2025-01-09T04:39:12	3685.75	-265.52	-587.63	92.73	7.16	-1.19
2025-01-09T04:39:14	3682.69	-265.51	-580.49	92.79	7.06	-1.08
2025-01-09T04:39:16	3679.63	-265.51	-573.34	92.83	6.98	-0.96
2025-01-09T04:39:18	3676.56	-265.50	-566.18	92.84	6.99	-0.84
2025-01-09T04:39:20	3673.48	-265.50	-559.04	92.84	7.02	-0.77
2025-01-09T04:39:22	3670.40	-265.49	-551.88	92.83	7.04	-0.68
2025-01-09T04:39:24	3667.31	-265.49	-544.73	92.81	7.06	-0.60
2025-01-09T04:39:26	3664.22	-265.48	-537.58	92.77	7.07	-0.51
2025-01-09T04:39:28	3661.12	-265.48	-530.42	92.73	7.08	-0.41
2025-01-09T04:39:30	3658.01	-265.47	-523.27	92.68	7.09	-0.31
2025-01-09T04:39:32	3654.90	-265.46	-516.11	92.65	7.12	-0.22
2025-01-09T04:39:34	3651.78	-265.45	-508.95	92.75	7.29	-0.17
2025-01-09T04:39:36	3648.65	-265.45	-501.79	92.86	7.47	-0.10
2025-01-09T04:39:38	3645.52	-265.44	-494.63	92.97	7.65	-0.02
2025-01-09T04:39:40	3642.38	-265.43	-487.47	93.08	7.84	0.08
2025-01-09T04:39:42	3639.24	-265.42	-480.31	93.20	8.03	0.18
2025-01-09T04:39:44	3636.08	-265.41	-473.15	93.33	8.23	0.30
2025-01-09T04:39:46	3632.93	-265.39	-465.99	93.46	8.43	0.43
2025-01-09T04:39:48	3629.76	-265.38	-458.82	93.53	8.62	0.56
2025-01-09T04:39:50	3626.59	-265.37	-451.66	93.41	8.72	0.68
2025-01-09T04:39:52	3623.41	-265.36	-444.49	93.28	8.83	0.79
2025-01-09T04:39:54	3620.23	-265.35	-437.33	93.17	8.95	0.90
2025-01-09T04:39:56	3617.04	-265.33	-430.16	93.06	9.02	1.00
2025-01-09T04:39:58	3613.84	-265.32	-423.00	92.94	9.10	1.10
2025-01-09T04:40:00	3610.64	-265.31	-415.83	92.83	9.18	1.21
2025-01-09T04:40:02	3607.43	-265.29	-408.66	92.72	9.28	1.32
2025-01-09T04:40:04	3604.21	-265.27	-401.49	92.55	9.32	1.42
2025-01-09T04:40:06	3600.99	-265.26	-394.32	92.23	9.22	1.50
2025-01-09T04:40:08	3597.76	-265.24	-387.15	91.92	9.12	1.58
2025-01-09T04:40:10	3594.52	-265.23	-379.97	91.61	9.03	1.66
2025-01-09T04:40:12	3591.27	-265.21	-372.80	91.30	8.94	1.74
2025-01-09T04:40:14	3588.02	-265.19	-365.63	91.01	8.86	1.83
2025-01-09T04:40:16	3584.77	-265.17	-358.45	90.71	8.79	1.92
2025-01-09T04:40:18	3581.51	-265.15	-351.28	90.43	8.72	2.01
2025-01-09T04:40:20	3578.24	-265.14	-344.10	90.17	8.67	2.14
2025-01-09T04:40:22	3574.96	-265.12	-336.93	90.00	8.65	2.37
2025-01-09T04:40:24	3571.67	-265.09	-329.75	89.82	8.61	2.59
2025-01-09T04:40:26	3568.39	-265.07	-322.57	89.64	8.57	2.82
2025-01-09T04:40:28	3565.09	-265.05	-315.40	89.47	8.52	3.03
2025-01-09T04:40:30	3561.78	-265.03	-308.22	89.28	8.46	3.24
2025-01-09T04:40:32	3558.47	-265.01	-301.04	89.06	8.41	3.45
2025-01-09T04:40:34	3555.15	-264.99	-293.86	88.84	8.35	3.66
2025-01-09T04:40:36	3551.83	-264.96	-286.68	88.68	8.31	3.86
2025-01-09T04:40:38	3548.50	-264.94	-279.50	88.65	8.30	4.04
2025-01-09T04:40:40	3545.16	-264.92	-272.32	88.63	8.29	4.20
2025-01-09T04:40:42	3541.81	-264.89	-265.14	88.59	8.29	4.37
2025-01-09T04:40:44	3538.46	-264.86	-257.95	88.56	8.28	4.53
2025-01-09T04:40:46	3535.10	-264.84	-250.77	88.52	8.28	4.68
2025-01-09T04:40:48	3531.74	-264.81	-243.59	88.47	8.28	4.83
2025-01-09T04:40:50	3528.36	-264.78	-236.40	88.42	8.28	4.98
2025-01-09T04:40:52	3524.99	-264.76	-229.22	88.32	8.32	5.10
2025-01-09T04:40:54	3521.60	-264.73	-222.04	88.13	8.48	5.18
2025-01-09T04:40:56	3518.20	-264.70	-214.85	87.94	8.66	5.27
2025-01-09T04:40:58	3514.80	-264.67	-207.66	87.73	8.88	5.37
2025-01-09T04:41:00	3511.40	-264.64	-200.48	87.51	9.12	5.46
2025-01-09T04:41:02	3507.98	-264.61	-193.29	87.29	9.40	5.56
2025-01-09T04:41:04	3504.56	-264.58	-186.10	87.05	9.71	5.66
2025-01-09T04:41:06	3501.13	-264.55	-178.92	86.86	10.10	5.72
2025-01-09T04:41:08	3497.69	-264.52	-171.73	86.43	10.43	5.74
2025-01-09T04:41:10	3494.25	-264.48	-164.54	85.66	10.62	5.73
2025-01-09T04:41:12	3490.80	-264.45	-157.35	84.94	10.77	5.75
2025-01-09T04:41:14	3487.34	-264.42	-150.16	84.27	10.90	5.80
2025-01-09T04:41:16	3483.88	-264.39	-142.97	83.66	11.01	5.86
2025-01-09T04:41:18	3480.41	-264.35	-135.79	83.10	11.08	5.95
2025-01-09T04:41:20	3476.93	-264.32	-128.60	82.59	11.13	6.07
2025-01-09T04:41:22	3473.44	-264.28	-121.41	82.14	11.16	6.21
2025-01-09T04:41:24	3469.95	-264.24	-114.22	81.48	11.00	6.46
2025-01-09T04:41:26	3466.45	-264.21	-107.03	80.46	10.61	6.87
2025-01-09T04:41:28	3462.94	-264.17	-99.84	79.39	10.18	7.30
2025-01-09T04:41:30	3459.42	-264.13	-92.65	78.27	9.73	7.75
2025-01-09T04:41:32	3455.90	-264.09	-85.46	77.08	9.23	8.22
2025-01-09T04:41:34	3452.37	-264.05	-78.26	75.85	8.71	8.71
2025-01-09T04:41:36	3448.83	-264.01	-71.07	74.56	8.15	9.22
2025-01-09T04:41:38	3445.29	-263.97	-63.88	73.04	7.74	9.69
2025-01-09T04:41:40	3441.74	-263.93	-56.69	71.67	7.92	10.02
2025-01-09T04:41:42	3438.18	-263.89	-49.50	70.55	8.59	10.24
2025-01-09T04:41:44	3434.61	-263.85	-42.31	69.44	9.22	10.47
2025-01-09T04:41:46	3431.04	-263.81	-35.11	68.34	9.82	10.70
2025-01-09T04:41:48	3427.45	-263.76	-27.92	67.25	10.39	10.94
2025-01-09T04:41:50	3423.86	-263.72	-20.73	66.16	10.92	11.18
2025-01-09T04:41:52	3420.27	-263.68	-13.54	65.09	11.41	11.43
2025-01-09T04:41:54	3416.67	-263.63	-6.35	64.02	11.87	11.68
2025-01-09T04:41:56	3413.05	-263.59	0.84	62.64	12.35	11.74
2025-01-09T04:41:58	3409.43	-263.54	8.04	61.01	12.85	11.65
2025-01-09T04:42:00	3405.81	-263.49	15.23	59.44	13.34	11.56
2025-01-09T04:42:02	3402.17	-263.44	22.42	57.93	13.82	11.48
2025-01-09T04:42:04	3398.53	-263.40	29.61	56.48	14.28	11.41
2025-01-09T04:42:06	3394.88	-263.35	36.80	55.09	14.72	11.34
2025-01-09T04:42:08	3391.23	-263.30	44.00	53.76	15.16	11.29
2025-01-09T04:42:10	3387.56	-263.25	51.19	52.30	15.62	11.27
2025-01-09T04:42:12	3383.89	-263.20	58.38	50.45	15.87	11.23
2025-01-09T04:42:14	3380.21	-263.15	65.57	48.38	15.96	11.15
2025-01-09T04:42:16	3376.53	-263.10	72.76	46.36	16.05	11.07
2025-01-09T04:42:18	3372.83	-263.05	79.95	44.39	16.16	10.96
2025-01-09T04:42:20	3369.13	-262.99	87.14	42.46	16.28	10.85
2025-01-09T04:42:22	3365.42	-262.94	94.34	40.59	16.42	10.72
2025-01-09T04:42:24	3361.70	-262.89	101.53	38.77	16.57	10.58
2025-01-09T04:42:26	3357.97	-262.83	108.72	37.00	16.73	10.43
2025-01-09T04:42:28	3354.24	-262.78	115.90	35.13	16.75	10.39
2025-01-09T04:42:30	3350.50	-262.72	123.10	33.22	16.66	10.41
2025-01-09T04:42:32	3346.75	-262.67	130.29	31.33	16.56	10.41
2025-01-09T04:42:34	3343.00	-262.61	137.47	29.47	16.44	10.38
2025-01-09T04:42:36	3339.23	-262.55	144.67	27.65	16.32	10.32
2025-01-09T04:42:38	3335.46	-262.49	151.85	25.86	16.18	10.24
2025-01-09T04:42:40	3331.68	-262.43	159.04	24.05	16.03	10.17
2025-01-09T04:42:42	3327.89	-262.37	166.23	22.22	15.86	10.12
2025-01-09T04:42:44	3324.09	-262.31	173.42	20.64	15.71	10.25
2025-01-09T04:42:46	3320.29	-262.25	180.60	19.19	15.55	10.45
2025-01-09T04:42:48	3316.48	-262.19	187.79	17.77	15.38	10.60
2025-01-09T04:42:50	3312.66	-262.13	194.98	16.37	15.19	10.72
2025-01-09T04:42:52	3308.83	-262.07	202.16	15.00	14.99	10.80
2025-01-09T04:42:54	3305.00	-262.00	209.35	13.64	14.78	10.85
2025-01-09T04:42:56	3301.16	-261.94	216.53	12.31	14.55	10.85
2025-01-09T04:42:58	3297.30	-261.88	223.71	11.01	14.30	10.82
2025-01-09T04:43:00	3293.45	-261.81	230.90	9.88	14.20	10.96
2025-01-09T04:43:02	3289.58	-261.75	238.08	8.86	14.17	11.17
2025-01-09T04:43:04	3285.70	-261.68	245.26	7.88	14.12	11.36
2025-01-09T04:43:06	3281.82	-261.61	252.44	6.93	14.08	11.54
2025-01-09T04:43:08	3277.93	-261.54	259.63	6.03	14.04	11.70
2025-01-09T04:43:10	3274.03	-261.48	266.81	5.11	14.06	11.91
2025-01-09T04:43:12	3270.12	-261.41	273.99	4.20	14.12	12.14
2025-01-09T04:43:14	3266.21	-261.34	281.17	3.32	14.18	12.33
2025-01-09T04:43:16	3262.28	-261.27	288.34	2.63	14.41	12.75
2025-01-09T04:43:18	3258.35	-261.19	295.52	2.02	14.72	13.24
2025-01-09T04:43:20	3254.41	-261.12	302.70	1.43	15.05	13.71
2025-01-09T04:43:22	3250.47	-261.05	309.88	0.87	15.40	14.15
2025-01-09T04:43:24	3246.51	-260.98	317.05	0.34	15.76	14.57
2025-01-09T04:43:26	3242.55	-260.90	324.23	-0.17	16.14	14.96
2025-01-09T04:43:28	3238.57	-260.83	331.40	-0.66	16.54	15.33
2025-01-09T04:43:30	3234.59	-260.76	338.57	-1.12	16.95	15.68
2025-01-09T04:43:32	3230.60	-260.68	345.75	-1.38	17.44	16.12
2025-01-09T04:43:34	3226.61	-260.60	352.92	-1.57	17.96	16.58
2025-01-09T04:43:36	3222.60	-260.53	360.09	-1.73	18.48	17.03
2025-01-09T04:43:38	3218.59	-260.45	367.26	-1.88	19.01	17.47
2025-01-09T04:43:40	3214.57	-260.37	374.43	-2.02	19.53	17.86
2025-01-09T04:43:42	3210.54	-260.29	381.59	-2.12	20.05	18.25
2025-01-09T04:43:44	3206.50	-260.21	388.76	-2.17	20.56	18.63
2025-01-09T04:43:46	3202.45	-260.13	395.93	-2.19	21.08	19.00
2025-01-09T04:43:48	3198.40	-260.05	403.09	-2.52	21.70	19.53
2025-01-09T04:43:50	3194.34	-259.97	410.25	-2.94	22.32	20.11
2025-01-09T04:43:52	3190.26	-259.89	417.42	-3.37	22.92	20.70
2025-01-09T04:43:54	3186.19	-259.80	424.58	-3.79	23.51	21.30
2025-01-09T04:43:56	3182.10	-259.72	431.74	-4.21	24.07	21.91
2025-01-09T04:43:58	3178.00	-259.64	438.90	-4.63	24.61	22.52
2025-01-09T04:44:00	3173.90	-259.55	446.06	-5.06	25.14	23.14
2025-01-09T04:44:02	3169.78	-259.46	453.21	-5.48	25.64	23.77
2025-01-09T04:44:04	3165.66	-259.38	460.37	-6.01	25.82	24.25
2025-01-09T04:44:06	3161.53	-259.29	467.52	-6.54	25.88	24.68
2025-01-09T04:44:08	3157.39	-259.20	474.68	-7.29	25.77	25.03
2025-01-09T04:44:10	3153.24	-259.11	481.83	-8.10	25.62	25.35
2025-01-09T04:44:12	3149.09	-259.02	488.98	-8.99	25.44	25.63
2025-01-09T04:44:14	3144.92	-258.93	496.13	-9.93	25.22	25.88
2025-01-09T04:44:16	3140.75	-258.84	503.28	-10.95	24.95	26.10
2025-01-09T04:44:18	3136.57	-258.75	510.42	-12.03	24.65	26.28
2025-01-09T04:44:20	3132.38	-258.66	517.57	-14.08	23.84	26.39
2025-01-09T04:44:22	3128.18	-258.56	524.71	-16.27	22.98	26.50
2025-01-09T04:44:24	3123.98	-258.47	531.85	-18.40	22.20	26.65
2025-01-09T04:44:26	3119.76	-258.38	538.99	-20.46	21.49	26.84
2025-01-09T04:44:28	3115.54	-258.28	546.13	-22.46	20.85	27.06
2025-01-09T04:44:30	3111.31	-258.19	553.27	-24.38	20.28	27.31
2025-01-09T04:44:32	3107.06	-258.09	560.41	-26.24	19.80	27.60
2025-01-09T04:44:34	3102.81	-257.99	567.54	-27.95	19.35	28.06
2025-01-09T04:44:36	3098.56	-257.89	574.68	-29.18	18.49	28.83
2025-01-09T04:44:38	3094.29	-257.80	581.81	-30.27	17.50	29.56
2025-01-09T04:44:40	3090.01	-257.70	588.94	-31.32	16.46	30.20
2025-01-09T04:44:42	3085.73	-257.60	596.07	-32.33	15.38	30.75
2025-01-09T04:44:44	3081.43	-257.50	603.19	-33.29	14.26	31.22
2025-01-09T04:44:46	3077.14	-257.39	610.32	-34.21	13.08	31.59
2025-01-09T04:44:48	3072.82	-257.29	617.44	-35.08	11.86	31.88
2025-01-09T04:44:50	3068.50	-257.19	624.56	-35.92	10.60	32.07
2025-01-09T04:44:52	3064.18	-257.08	631.68	-37.24	10.00	32.41
2025-01-09T04:44:54	3059.84	-256.98	638.80	-38.76	9.62	32.76
2025-01-09T04:44:56	3055.49	-256.87	645.92	-40.36	9.26	33.07
2025-01-09T04:44:58	3051.14	-256.77	653.03	-42.03	8.94	33.33
2025-01-09T04:45:00	3046.78	-256.66	660.14	-43.79	8.65	33.61
2025-01-09T04:45:02	3042.41	-256.55	667.25	-45.62	8.44	34.09
2025-01-09T04:45:04	3038.03	-256.44	674.36	-47.35	8.23	34.52
2025-01-09T04:45:06	3033.64	-256.33	681.47	-48.99	8.03	34.91
2025-01-09T04:45:08	3029.24	-256.22	688.57	-50.65	7.98	35.50
2025-01-09T04:45:10	3024.83	-256.11	695.68	-52.26	7.98	36.14
2025-01-09T04:45:12	3020.42	-256.00	702.78	-53.77	7.96	36.71
2025-01-09T04:45:14	3015.99	-255.89	709.87	-55.19	7.95	37.24
2025-01-09T04:45:16	3011.56	-255.78	716.97	-56.50	7.92	37.71
2025-01-09T04:45:18	3007.12	-255.66	724.07	-57.72	7.89	38.13
2025-01-09T04:45:20	3002.67	-255.55	731.16	-58.84	7.85	38.50
2025-01-09T04:45:22	2998.21	-255.43	738.25	-59.86	7.80	38.81
2025-01-09T04:45:24	2993.74	-255.32	745.33	-61.12	7.94	39.58
2025-01-09T04:45:26	2989.26	-255.20	752.42	-62.75	8.19	40.64
2025-01-09T04:45:28	2984.77	-255.08	759.50	-64.71	8.57	41.72
2025-01-09T04:45:30	2980.28	-254.97	766.58	-66.53	8.86	42.64
2025-01-09T04:45:32	2975.77	-254.85	773.66	-68.20	9.06	43.41
2025-01-09T04:45:34	2971.26	-254.73	780.74	-69.72	9.16	44.03
2025-01-09T04:45:36	2966.74	-254.61	787.82	-71.09	9.17	44.49
2025-01-09T04:45:38	2962.21	-254.48	794.89	-72.31	9.09	44.81
2025-01-09T04:45:40	2957.67	-254.36	801.96	-73.90	9.14	45.43
2025-01-09T04:45:42	2953.12	-254.24	809.02	-75.89	9.36	46.45
2025-01-09T04:45:44	2948.56	-254.11	816.09	-77.97	9.61	47.64
2025-01-09T04:45:46	2943.99	-253.99	823.15	-80.14	9.88	48.99
2025-01-09T04:45:48	2939.42	-253.86	830.21	-82.41	10.19	50.50
2025-01-09T04:45:50	2934.83	-253.74	837.27	-84.79	10.53	52.18
2025-01-09T04:45:52	2930.24	-253.61	844.32	-87.05	10.91	53.90
2025-01-09T04:45:54	2925.64	-253.48	851.37	-89.05	11.29	55.43
2025-01-09T04:45:56	2921.02	-253.35	858.42	-90.46	11.62	56.30
2025-01-09T04:45:58	2916.40	-253.23	865.47	-91.60	11.91	56.72
2025-01-09T04:46:00	2911.77	-253.10	872.51	-92.94	12.21	57.25
2025-01-09T04:46:02	2907.13	-252.97	879.55	-94.50	12.53	57.89
2025-01-09T04:46:04	2902.48	-252.83	886.59	-96.26	12.86	58.63
2025-01-09T04:46:06	2897.83	-252.70	893.63	-98.23	13.20	59.47
2025-01-09T04:46:08	2893.16	-252.57	900.66	-100.42	13.55	60.42
2025-01-09T04:46:10	2888.49	-252.44	907.69	-102.81	13.91	61.47
2025-01-09T04:46:12	2883.80	-252.30	914.72	-104.83	14.17	62.08
2025-01-09T04:46:14	2879.11	-252.16	921.74	-106.04	14.27	61.88
2025-01-09T04:46:16	2874.41	-252.03	928.76	-107.25	14.31	61.76
2025-01-09T04:46:18	2869.69	-251.89	935.78	-108.31	14.25	61.73
2025-01-09T04:46:20	2864.97	-251.75	942.80	-109.39	14.16	61.82
2025-01-09T04:46:22	2860.24	-251.61	949.81	-110.49	14.04	62.03
2025-01-09T04:46:24	2855.50	-251.47	956.82	-111.61	13.89	62.36
2025-01-09T04:46:26	2850.76	-251.33	963.82	-112.76	13.72	62.81
2025-01-09T04:46:28	2846.00	-251.19	970.83	-113.81	13.50	63.29
2025-01-09T04:46:30	2841.23	-251.05	977.83	-114.54	13.19	63.47
2025-01-09T04:46:32	2836.46	-250.91	984.83	-115.35	12.90	63.58
2025-01-09T04:46:34	2831.67	-250.76	991.82	-116.23	12.62	63.61
2025-01-09T04:46:36	2826.88	-250.62	998.81	-117.18	12.37	63.57
2025-01-09T04:46:38	2822.08	-250.47	1005.80	-118.20	12.13	63.46
2025-01-09T04:46:40	2817.26	-250.32	1012.78	-119.32	11.97	63.41
2025-01-09T04:46:42	2812.44	-250.18	1019.76	-120.52	11.99	63.69
2025-01-09T04:46:44	2807.61	-250.03	1026.74	-121.70	12.06	64.10
2025-01-09T04:46:46	2802.77	-249.88	1033.71	-122.94	12.19	64.85
2025-01-09T04:46:48	2797.92	-249.73	1040.68	-124.12	12.30	65.46
2025-01-09T04:46:50	2793.07	-249.58	1047.65	-125.26	12.40	65.94
2025-01-09T04:46:52	2788.20	-249.43	1054.61	-126.35	12.47	66.27
2025-01-09T04:46:54	2783.32	-249.28	1061.58	-127.40	12.52	66.47
2025-01-09T04:46:56	2778.44	-249.12	1068.53	-128.40	12.55	66.52
2025-01-09T04:46:58	2773.54	-248.97	1075.49	-129.34	12.55	66.42
2025-01-09T04:47:00	2768.64	-248.82	1082.44	-130.24	12.54	66.18
2025-01-09T04:47:02	2763.72	-248.66	1089.38	-131.25	12.52	66.46
2025-01-09T04:47:04	2758.80	-248.50	1096.32	-132.59	12.51	67.13
2025-01-09T04:47:06	2753.87	-248.35	1103.26	-134.10	12.52	67.92
2025-01-09T04:47:08	2748.93	-248.19	1110.20	-135.57	12.56	68.63
2025-01-09T04:47:10	2743.98	-248.03	1117.13	-136.98	12.63	69.25
2025-01-09T04:47:12	2739.02	-247.87	1124.06	-138.35	12.72	69.79
2025-01-09T04:47:14	2734.05	-247.71	1130.98	-139.66	12.85	70.25
2025-01-09T04:47:16	2729.08	-247.55	1137.90	-140.93	13.01	70.62
2025-01-09T04:47:18	2724.09	-247.39	1144.82	-142.04	13.06	70.83
2025-01-09T04:47:20	2719.09	-247.22	1151.73	-143.12	13.02	71.00
2025-01-09T04:47:22	2714.09	-247.06	1158.64	-144.25	12.97	71.20
2025-01-09T04:47:24	2709.08	-246.89	1165.55	-145.44	12.93	71.45
2025-01-09T04:47:26	2704.05	-246.73	1172.45	-146.68	12.88	71.73
2025-01-09T04:47:28	2699.02	-246.56	1179.34	-147.95	12.84	71.97
2025-01-09T04:47:30	2693.98	-246.40	1186.24	-149.21	12.80	72.22
2025-01-09T04:47:32	2688.93	-246.23	1193.13	-150.47	12.75	72.48
2025-01-09T04:47:34	2683.87	-246.06	1200.01	-151.65	12.74	72.63
2025-01-09T04:47:36	2678.80	-245.89	1206.89	-152.68	12.81	72.49
2025-01-09T04:47:38	2673.72	-245.72	1213.77	-153.77	12.87	72.38
2025-01-09T04:47:40	2668.63	-245.55	1220.64	-154.90	12.91	72.29
2025-01-09T04:47:42	2663.53	-245.37	1227.51	-156.10	12.95	72.21
2025-01-09T04:47:44	2658.43	-245.20	1234.37	-157.34	12.97	72.16
2025-01-09T04:47:46	2653.31	-245.03	1241.23	-158.64	12.98	72.12
2025-01-09T04:47:48	2648.19	-244.85	1248.08	-159.99	12.98	72.10
2025-01-09T04:47:50	2643.05	-244.68	1254.94	-161.33	12.99	72.08
2025-01-09T04:47:52	2637.91	-244.50	1261.78	-162.54	13.05	71.94
2025-01-09T04:47:54	2632.76	-244.32	1268.62	-163.77	13.11	71.79
2025-01-09T04:47:56	2627.59	-244.14	1275.46	-165.01	13.18	71.64
2025-01-09T04:47:58	2622.42	-243.96	1282.29	-166.29	13.24	71.48
2025-01-09T04:48:00	2617.24	-243.78	1289.12	-167.58	13.31	71.32
2025-01-09T04:48:02	2612.05	-243.60	1295.95	-168.90	13.38	71.16
2025-01-09T04:48:04	2606.86	-243.42	1302.77	-170.24	13.46	70.99
2025-01-09T04:48:06	2601.65	-243.24	1309.58	-171.61	13.54	70.82
2025-01-09T04:48:08	2596.43	-243.05	1316.39	-172.83	13.59	70.63
2025-01-09T04:48:10	2591.21	-242.87	1323.20	-173.96	13.62	70.43
2025-01-09T04:48:12	2585.97	-242.68	1330.00	-175.18	13.62	70.24
2025-01-09T04:48:14	2580.73	-242.50	1336.80	-176.42	13.62	70.05
2025-01-09T04:48:16	2575.47	-242.31	1343.59	-177.68	13.61	69.84
2025-01-09T04:48:18	2570.21	-242.12	1350.37	-178.93	13.61	69.60
2025-01-09T04:48:20	2564.94	-241.93	1357.15	-180.20	13.61	69.36
2025-01-09T04:48:22	2559.66	-241.74	1363.93	-181.48	13.61	69.09
2025-01-09T04:48:24	2554.37	-241.55	1370.70	-182.76	13.64	68.81
2025-01-09T04:48:26	2549.07	-241.36	1377.47	-184.05	13.81	68.53
2025-01-09T04:48:28	2543.76	-241.17	1384.23	-185.33	13.98	68.24
2025-01-09T04:48:30	2538.44	-240.97	1390.99	-186.62	14.15	67.93
2025-01-09T04:48:32	2533.12	-240.78	1397.74	-187.91	14.32	67.60
2025-01-09T04:48:34	2527.78	-240.59	1404.49	-189.29	14.52	67.28
2025-01-09T04:48:36	2522.44	-240.39	1411.23	-190.67	14.71	66.93
2025-01-09T04:48:38	2517.08	-240.19	1417.97	-192.03	14.89	66.56
2025-01-09T04:48:40	2511.72	-240.00	1424.70	-193.38	15.06	66.17
2025-01-09T04:48:42	2506.35	-239.80	1431.43	-194.75	15.19	65.79
2025-01-09T04:48:44	2500.97	-239.60	1438.15	-196.14	15.29	65.42
2025-01-09T04:48:46	2495.58	-239.40	1444.87	-197.53	15.39	65.04
2025-01-09T04:48:48	2490.18	-239.20	1451.58	-198.92	15.49	64.66
2025-01-09T04:48:50	2484.77	-238.99	1458.29	-200.30	15.60	64.27
2025-01-09T04:48:52	2479.35	-238.79	1464.99	-201.69	15.70	63.87
2025-01-09T04:48:54	2473.92	-238.59	1471.68	-203.13	15.82	63.47
2025-01-09T04:48:56	2468.49	-238.38	1478.37	-204.69	15.96	63.09
2025-01-09T04:48:58	2463.04	-238.18	1485.05	-206.22	16.11	62.68
2025-01-09T04:49:00	2457.59	-237.97	1491.73	-207.63	16.23	62.23
2025-01-09T04:49:02	2452.13	-237.76	1498.41	-209.04	16.34	61.76
2025-01-09T04:49:04	2446.66	-237.55	1505.07	-210.42	16.45	61.28
2025-01-09T04:49:06	2441.18	-237.34	1511.74	-211.79	16.56	60.78
2025-01-09T04:49:08	2435.69	-237.13	1518.39	-213.15	16.66	60.26
2025-01-09T04:49:10	2430.19	-236.92	1525.05	-214.50	16.77	59.72
2025-01-09T04:49:12	2424.68	-236.71	1531.69	-215.82	16.87	59.17
2025-01-09T04:49:14	2419.16	-236.50	1538.33	-217.14	16.98	58.60
2025-01-09T04:49:16	2413.64	-236.28	1544.97	-218.61	17.10	58.01
2025-01-09T04:49:18	2408.10	-236.07	1551.60	-220.10	17.25	57.39
2025-01-09T04:49:20	2402.56	-235.86	1558.22	-221.57	17.39	56.75
2025-01-09T04:49:22	2397.01	-235.64	1564.84	-223.03	17.54	56.08
2025-01-09T04:49:24	2391.44	-235.42	1571.45	-224.47	17.69	55.40
2025-01-09T04:49:26	2385.87	-235.20	1578.05	-225.89	17.84	54.69
2025-01-09T04:49:28	2380.30	-234.98	1584.65	-227.30	17.99	53.97
2025-01-09T04:49:30	2374.71	-234.76	1591.25	-228.70	18.15	53.22
2025-01-09T04:49:32	2369.11	-234.54	1597.83	-230.07	18.31	52.45
2025-01-09T04:49:34	2363.51	-234.32	1604.41	-231.40	18.44	51.75
2025-01-09T04:49:36	2357.89	-234.10	1610.99	-232.80	18.57	51.05
2025-01-09T04:49:38	2352.27	-233.87	1617.56	-234.24	18.71	50.33
2025-01-09T04:49:40	2346.63	-233.65	1624.12	-235.68	18.86	49.59
2025-01-09T04:49:42	2340.99	-233.43	1630.68	-237.10	19.01	48.82
2025-01-09T04:49:44	2335.34	-233.20	1637.23	-238.52	19.16	48.03
2025-01-09T04:49:46	2329.69	-232.97	1643.78	-239.94	19.32	47.22
2025-01-09T04:49:48	2324.02	-232.74	1650.32	-241.34	19.49	46.39
2025-01-09T04:49:50	2318.34	-232.51	1656.85	-242.73	19.65	45.54
2025-01-09T04:49:52	2312.66	-232.29	1663.37	-244.08	19.74	44.68
2025-01-09T04:49:54	2306.96	-232.06	1669.90	-245.44	19.84	43.80
2025-01-09T04:49:56	2301.26	-231.82	1676.41	-246.86	19.94	42.91
2025-01-09T04:49:58	2295.55	-231.59	1682.92	-248.34	20.04	41.99
2025-01-09T04:50:00	2289.83	-231.36	1689.42	-249.81	20.14	41.05
2025-01-09T04:50:02	2284.10	-231.12	1695.91	-251.27	20.25	40.09
2025-01-09T04:50:04	2278.36	-230.89	1702.40	-252.72	20.35	39.11
2025-01-09T04:50:06	2272.62	-230.65	1708.88	-254.17	20.45	38.11
2025-01-09T04:50:08	2266.86	-230.42	1715.36	-255.55	20.55	37.12
2025-01-09T04:50:10	2261.10	-230.18	1721.83	-256.86	20.66	36.15
2025-01-09T04:50:12	2255.33	-229.94	1728.29	-258.16	20.78	35.17
2025-01-09T04:50:14	2249.55	-229.70	1734.75	-259.45	20.89	34.18
2025-01-09T04:50:16	2243.76	-229.46	1741.20	-260.81	21.01	33.15
2025-01-09T04:50:18	2237.96	-229.22	1747.64	-262.22	21.14	32.10
2025-01-09T04:50:20	2232.16	-228.98	1754.07	-263.61	21.27	31.02
2025-01-09T04:50:22	2226.34	-228.73	1760.50	-264.99	21.40	29.93
2025-01-09T04:50:24	2220.52	-228.49	1766.93	-266.35	21.52	28.81
2025-01-09T04:50:26	2214.69	-228.24	1773.34	-267.67	21.67	27.70
2025-01-09T04:50:28	2208.85	-228.00	1779.75	-268.95	21.83	26.58
2025-01-09T04:50:30	2203.00	-227.75	1786.15	-270.23	21.99	25.45
2025-01-09T04:50:32	2197.15	-227.51	1792.55	-271.50	22.15	24.29
2025-01-09T04:50:34	2191.28	-227.26	1798.94	-272.76	22.31	23.13
2025-01-09T04:50:36	2185.41	-227.01	1805.32	-274.10	22.48	21.89
2025-01-09T04:50:38	2179.53	-226.76	1811.69	-275.46	22.67	20.63
2025-01-09T04:50:40	2173.63	-226.51	1818.06	-276.80	22.85	19.36
2025-01-09T04:50:42	2167.74	-226.25	1824.42	-278.12	23.03	18.07
2025-01-09T04:50:44	2161.83	-226.00	1830.78	-279.38	23.22	16.81
2025-01-09T04:50:46	2155.92	-225.75	1837.12	-280.60	23.40	15.57
2025-01-09T04:50:48	2149.99	-225.50	1843.46	-281.81	23.58	14.31
2025-01-09T04:50:50	2144.06	-225.24	1849.80	-283.00	23.76	13.04
2025-01-09T04:50:52	2138.12	-224.98	1856.12	-284.18	23.94	11.75
2025-01-09T04:50:54	2132.17	-224.72	1862.44	-285.36	24.12	10.45
2025-01-09T04:50:56	2126.22	-224.47	1868.75	-286.65	24.33	9.05
2025-01-09T04:50:58	2120.25	-224.21	1875.05	-287.92	24.53	7.63
2025-01-09T04:51:00	2114.28	-223.95	1881.35	-289.17	24.73	6.21
2025-01-09T04:51:02	2108.30	-223.69	1887.64	-290.37	24.91	4.80
2025-01-09T04:51:04	2102.31	-223.43	1893.92	-291.51	25.08	3.40
2025-01-09T04:51:06	2096.31	-223.16	1900.20	-292.64	25.24	2.00
2025-01-09T04:51:08	2090.31	-222.90	1906.46	-293.75	25.41	0.58
2025-01-09T04:51:10	2084.29	-222.64	1912.73	-294.85	25.56	-0.86
2025-01-09T04:51:12	2078.27	-222.37	1918.98	-295.92	25.72	-2.30
2025-01-09T04:51:14	2072.25	-222.11	1925.22	-297.04	25.89	-3.81
2025-01-09T04:51:16	2066.21	-221.84	1931.46	-298.20	26.06	-5.37
2025-01-09T04:51:18	2060.16	-221.57	1937.69	-299.34	26.24	-6.94
2025-01-09T04:51:20	2054.11	-221.30	1943.91	-300.44	26.43	-8.48
2025-01-09T04:51:22	2048.05	-221.03	1950.13	-301.49	26.64	-9.99
2025-01-09T04:51:24	2041.98	-220.76	1956.34	-302.52	26.85	-11.51
2025-01-09T04:51:26	2035.90	-220.49	1962.54	-303.55	27.06	-13.04
2025-01-09T04:51:28	2029.82	-220.22	1968.73	-304.56	27.26	-14.58
2025-01-09T04:51:30	2023.73	-219.95	1974.92	-305.57	27.46	-16.12
2025-01-09T04:51:32	2017.62	-219.67	1981.10	-306.56	27.66	-17.70
2025-01-09T04:51:34	2011.52	-219.40	1987.27	-307.58	27.88	-19.38
2025-01-09T04:51:36	2005.40	-219.12	1993.43	-308.56	28.09	-21.07
2025-01-09T04:51:38	1999.28	-218.85	1999.58	-309.50	28.29	-22.76
2025-01-09T04:51:40	1993.15	-218.57	2005.73	-310.39	28.45	-24.36
2025-01-09T04:51:42	1987.01	-218.29	2011.87	-311.28	28.60	-25.97
2025-01-09T04:51:44	1980.86	-218.01	2018.00	-312.18	28.76	-27.59
2025-01-09T04:51:46	1974.71	-217.73	2024.12	-313.07	28.91	-29.21
2025-01-09T04:51:48	1968.54	-217.45	2030.24	-313.97	29.05	-30.84
2025-01-09T04:51:50	1962.37	-217.17	2036.35	-314.87	29.20	-32.48
2025-01-09T04:51:52	1956.20	-216.89	2042.45	-315.79	29.37	-34.23
2025-01-09T04:51:54	1950.01	-216.61	2048.54	-316.67	29.54	-36.01
2025-01-09T04:51:56	1943.82	-216.32	2054.62	-317.50	29.71	-37.80
2025-01-09T04:51:58	1937.62	-216.04	2060.70	-318.23	29.86	-39.55
2025-01-09T04:52:00	1931.41	-215.75	2066.77	-318.93	30.01	-41.29
2025-01-09T04:52:02	1925.20	-215.46	2072.83	-319.61	30.14	-43.03
2025-01-09T04:52:04	1918.98	-215.18	2078.88	-320.27	30.27	-44.78
2025-01-09T04:52:06	1912.75	-214.89	2084.93	-320.91	30.40	-46.52
2025-01-09T04:52:08	1906.51	-214.60	2090.96	-321.52	30.52	-48.27
2025-01-09T04:52:10	1900.27	-214.31	2096.99	-322.23	30.65	-50.09
2025-01-09T04:52:12	1894.01	-214.02	2103.01	-323.00	30.78	-51.99
2025-01-09T04:52:14	1887.75	-213.73	2109.02	-323.73	30.92	-53.89
2025-01-09T04:52:16	1881.49	-213.43	2115.03	-324.44	31.06	-55.76
2025-01-09T04:52:18	1875.22	-213.14	2121.03	-325.11	31.21	-57.56
2025-01-09T04:52:20	1868.94	-212.85	2127.01	-325.74	31.35	-59.35
2025-01-09T04:52:22	1862.65	-212.55	2132.99	-326.35	31.49	-61.14
2025-01-09T04:52:24	1856.35	-212.26	2138.96	-326.92	31.63	-62.93
2025-01-09T04:52:26	1850.05	-211.96	2144.93	-327.46	31.77	-64.72
2025-01-09T04:52:28	1843.74	-211.66	2150.88	-327.97	31.91	-66.58
2025-01-09T04:52:30	1837.42	-211.36	2156.83	-328.44	32.06	-68.50
2025-01-09T04:52:32	1831.10	-211.06	2162.77	-328.89	32.20	-70.42
2025-01-09T04:52:34	1824.77	-210.76	2168.70	-329.32	32.33	-72.34
2025-01-09T04:52:36	1818.43	-210.46	2174.62	-329.74	32.47	-74.16
2025-01-09T04:52:38	1812.09	-210.16	2180.53	-330.13	32.59	-75.96
2025-01-09T04:52:40	1805.74	-209.86	2186.44	-330.50	32.71	-77.75
2025-01-09T04:52:42	1799.38	-209.56	2192.33	-330.85	32.83	-79.54
2025-01-09T04:52:44	1793.01	-209.25	2198.22	-331.17	32.94	-81.32
2025-01-09T04:52:46	1786.64	-208.95	2204.10	-331.52	33.06	-83.17
2025-01-09T04:52:48	1780.26	-208.64	2209.97	-331.90	33.20	-85.10
2025-01-09T04:52:50	1773.88	-208.33	2215.83	-332.26	33.33	-87.03
2025-01-09T04:52:52	1767.48	-208.03	2221.69	-332.58	33.46	-88.95
2025-01-09T04:52:54	1761.09	-207.72	2227.53	-332.88	33.57	-90.86
2025-01-09T04:52:56	1754.68	-207.41	2233.37	-333.17	33.68	-92.68
2025-01-09T04:52:58	1748.27	-207.10	2239.20	-333.44	33.78	-94.50
2025-01-09T04:53:00	1741.85	-206.79	2245.02	-333.68	33.87	-96.31
2025-01-09T04:53:02	1735.42	-206.48	2250.83	-333.88	33.95	-98.11
2025-01-09T04:53:04	1728.99	-206.17	2256.64	-334.05	34.04	-99.99
2025-01-09T04:53:06	1722.55	-205.85	2262.43	-334.20	34.14	-101.93
2025-01-09T04:53:08	1716.11	-205.54	2268.22	-334.33	34.23	-103.86
2025-01-09T04:53:10	1709.65	-205.23	2273.99	-334.43	34.32	-105.78
2025-01-09T04:53:12	1703.19	-204.91	2279.76	-334.50	34.40	-107.70
2025-01-09T04:53:14	1696.73	-204.59	2285.52	-334.56	34.48	-109.59
2025-01-09T04:53:16	1690.26	-204.28	2291.27	-334.62	34.57	-111.40
2025-01-09T04:53:18	1683.78	-203.96	2297.02	-334.65	34.66	-113.20
2025-01-09T04:53:20	1677.30	-203.64	2302.75	-334.66	34.74	-114.98
2025-01-09T04:53:22	1670.80	-203.32	2308.48	-334.66	34.84	-116.86
2025-01-09T04:53:24	1664.31	-203.00	2314.19	-334.64	34.94	-118.77
2025-01-09T04:53:26	1657.80	-202.68	2319.90	-334.60	35.04	-120.67
2025-01-09T04:53:28	1651.29	-202.36	2325.60	-334.53	35.14	-122.55
2025-01-09T04:53:30	1644.78	-202.04	2331.29	-334.43	35.22	-124.43
2025-01-09T04:53:32	1638.26	-201.71	2336.97	-334.31	35.31	-126.29
2025-01-09T04:53:34	1631.73	-201.39	2342.65	-334.18	35.39	-128.12
2025-01-09T04:53:36	1625.19	-201.07	2348.31	-334.09	35.45	-129.88
2025-01-09T04:53:38	1618.65	-200.74	2353.97	-333.98	35.51	-131.63
2025-01-09T04:53:40	1612.11	-200.41	2359.61	-333.83	35.58	-133.51
2025-01-09T04:53:42	1605.56	-200.08	2365.25	-333.65	35.64	-135.39
2025-01-09T04:53:44	1599.00	-199.76	2370.88	-333.45	35.69	-137.25
2025-01-09T04:53:46	1592.43	-199.43	2376.50	-333.21	35.74	-139.11
2025-01-09T04:53:48	1585.86	-199.10	2382.11	-332.95	35.78	-140.95
2025-01-09T04:53:50	1579.29	-198.77	2387.71	-332.67	35.81	-142.77
2025-01-09T04:53:52	1572.70	-198.44	2393.30	-332.36	35.83	-144.58
2025-01-09T04:53:54	1566.12	-198.11	2398.89	-332.02	35.84	-146.38
2025-01-09T04:53:56	1559.52	-197.77	2404.46	-331.71	35.83	-148.11
2025-01-09T04:53:58	1552.92	-197.44	2410.03	-331.38	35.82	-149.93
2025-01-09T04:54:00	1546.32	-197.11	2415.59	-331.03	35.80	-151.74
2025-01-09T04:54:02	1539.71	-196.77	2421.13	-330.66	35.77	-153.53
2025-01-09T04:54:04	1533.09	-196.44	2426.68	-330.26	35.74	-155.29
2025-01-09T04:54:06	1526.47	-196.10	2432.20	-329.84	35.71	-157.04
2025-01-09T04:54:08	1519.84	-195.77	2437.73	-329.39	35.66	-158.77
2025-01-09T04:54:10	1513.21	-195.43	2443.24	-328.92	35.62	-160.48
2025-01-09T04:54:12	1506.56	-195.09	2448.74	-328.43	35.56	-162.18
2025-01-09T04:54:14	1499.92	-194.75	2454.24	-327.88	35.51	-163.92
2025-01-09T04:54:16	1493.27	-194.41	2459.72	-327.32	35.49	-165.68
2025-01-09T04:54:18	1486.61	-194.07	2465.20	-326.79	35.48	-167.39
2025-01-09T04:54:20	1479.95	-193.73	2470.67	-326.23	35.46	-169.08
2025-01-09T04:54:22	1473.28	-193.39	2476.12	-325.67	35.44	-170.75
2025-01-09T04:54:24	1466.61	-193.04	2481.57	-325.09	35.41	-172.40
2025-01-09T04:54:26	1459.93	-192.70	2487.01	-324.50	35.38	-174.02
2025-01-09T04:54:28	1453.25	-192.36	2492.45	-323.89	35.35	-175.63
2025-01-09T04:54:30	1446.56	-192.01	2497.87	-323.27	35.31	-177.21
2025-01-09T04:54:32	1439.87	-191.67	2503.28	-322.59	35.27	-178.89
2025-01-09T04:54:34	1433.17	-191.32	2508.68	-321.89	35.21	-180.55
2025-01-09T04:54:36	1426.47	-190.97	2514.08	-321.18	35.15	-182.18
2025-01-09T04:54:38	1419.76	-190.62	2519.46	-320.54	35.07	-183.76
2025-01-09T04:54:40	1413.04	-190.28	2524.84	-319.88	34.99	-185.32
2025-01-09T04:54:42	1406.33	-189.93	2530.21	-319.20	34.90	-186.85
2025-01-09T04:54:44	1399.60	-189.58	2535.57	-318.51	34.81	-188.36
2025-01-09T04:54:46	1392.87	-189.23	2540.92	-317.80	34.72	-189.86
2025-01-09T04:54:48	1386.14	-188.88	2546.25	-317.04	34.62	-191.37
2025-01-09T04:54:50	1379.40	-188.52	2551.59	-316.20	34.52	-192.91
2025-01-09T04:54:52	1372.65	-188.17	2556.91	-315.34	34.41	-194.43
2025-01-09T04:54:54	1365.90	-187.82	2562.22	-314.46	34.30	-195.91
2025-01-09T04:54:56	1359.15	-187.47	2567.52	-313.55	34.18	-197.37
2025-01-09T04:54:58	1352.39	-187.11	2572.82	-312.66	34.06	-198.77
2025-01-09T04:55:00	1345.63	-186.76	2578.10	-311.83	33.96	-200.14
2025-01-09T04:55:02	1338.86	-186.40	2583.38	-310.99	33.86	-201.49
2025-01-09T04:55:04	1332.08	-186.04	2588.64	-310.15	33.75	-202.82
2025-01-09T04:55:06	1325.31	-185.68	2593.90	-309.25	33.68	-204.20
2025-01-09T04:55:08	1318.52	-185.33	2599.15	-308.34	33.61	-205.56
2025-01-09T04:55:10	1311.74	-184.97	2604.39	-307.39	33.54	-206.88
2025-01-09T04:55:12	1304.94	-184.61	2609.62	-306.43	33.48	-208.17
2025-01-09T04:55:14	1298.15	-184.25	2614.84	-305.44	33.41	-209.43
2025-01-09T04:55:16	1291.35	-183.89	2620.05	-304.43	33.35	-210.66
2025-01-09T04:55:18	1284.54	-183.53	2625.25	-303.40	33.28	-211.85
2025-01-09T04:55:20	1277.73	-183.17	2630.45	-302.41	33.24	-213.03
2025-01-09T04:55:22	1270.92	-182.80	2635.63	-301.43	33.21	-214.28
2025-01-09T04:55:24	1264.10	-182.44	2640.80	-300.42	33.17	-215.56
2025-01-09T04:55:26	1257.27	-182.08	2645.97	-299.39	33.13	-216.81
2025-01-09T04:55:28	1250.44	-181.71	2651.13	-298.36	33.08	-218.04
2025-01-09T04:55:30	1243.61	-181.35	2656.27	-297.33	33.02	-219.24
2025-01-09T04:55:32	1236.77	-180.98	2661.41	-296.28	32.95	-220.42
2025-01-09T04:55:34	1229.93	-180.61	2666.54	-295.23	32.88	-221.58
2025-01-09T04:55:36	1223.09	-180.25	2671.66	-294.17	32.79	-222.72
2025-01-09T04:55:38	1216.24	-179.88	2676.77	-293.08	32.69	-223.84
2025-01-09T04:55:40	1209.39	-179.51	2681.87	-291.84	32.53	-224.98
2025-01-09T04:55:42	1202.53	-179.14	2686.96	-290.64	32.35	-226.08
2025-01-09T04:55:44	1195.67	-178.77	2692.04	-289.52	32.15	-227.15
2025-01-09T04:55:46	1188.80	-178.40	2697.11	-288.39	31.94	-228.19
2025-01-09T04:55:48	1181.93	-178.03	2702.18	-287.25	31.72	-229.21
2025-01-09T04:55:50	1175.06	-177.66	2707.23	-286.12	31.50	-230.20
2025-01-09T04:55:52	1168.18	-177.29	2712.28	-284.98	31.27	-231.17
2025-01-09T04:55:54	1161.29	-176.91	2717.32	-283.84	31.03	-232.12
2025-01-09T04:55:56	1154.41	-176.54	2722.34	-282.68	30.84	-233.11
2025-01-09T04:55:58	1147.52	-176.16	2727.36	-281.51	30.65	-234.08
2025-01-09T04:56:00	1140.62	-175.79	2732.37	-280.33	30.46	-235.02
2025-01-09T04:56:02	1133.73	-175.41	2737.37	-279.13	30.27	-235.92
2025-01-09T04:56:04	1126.83	-175.04	2742.36	-277.93	30.09	-236.79
2025-01-09T04:56:06	1119.92	-174.66	2747.34	-276.79	29.97	-237.71
2025-01-09T04:56:08	1113.01	-174.28	2752.31	-275.62	29.84	-238.61
2025-01-09T04:56:10	1106.10	-173.91	2757.27	-274.44	29.70	-239.48
2025-01-09T04:56:12	1099.18	-173.53	2762.22	-273.15	29.55	-240.35
2025-01-09T04:56:14	1092.26	-173.15	2767.17	-271.80	29.40	-241.22
2025-01-09T04:56:16	1085.34	-172.77	2772.10	-270.47	29.25	-242.08
2025-01-09T04:56:18	1078.41	-172.39	2777.03	-269.16	29.10	-242.92
2025-01-09T04:56:20	1071.48	-172.01	2781.94	-267.86	28.96	-243.74
2025-01-09T04:56:22	1064.55	-171.63	2786.85	-266.59	28.81	-244.54
2025-01-09T04:56:24	1057.61	-171.25	2791.75	-265.33	28.66	-245.32
2025-01-09T04:56:26	1050.66	-170.86	2796.64	-264.09	28.51	-246.09
2025-01-09T04:56:28	1043.72	-170.48	2801.52	-262.85	28.39	-246.85
2025-01-09T04:56:30	1036.77	-170.09	2806.39	-261.57	28.29	-247.61
2025-01-09T04:56:32	1029.82	-169.71	2811.25	-260.29	28.18	-248.35
2025-01-09T04:56:34	1022.87	-169.33	2816.10	-258.99	28.06	-249.06
2025-01-09T04:56:36	1015.91	-168.94	2820.95	-257.69	27.92	-249.74
2025-01-09T04:56:38	1008.94	-168.56	2825.78	-256.38	27.78	-250.40
2025-01-09T04:56:40	1001.98	-168.17	2830.60	-255.06	27.63	-251.03
2025-01-09T04:56:42	995.01	-167.78	2835.42	-253.74	27.47	-251.64
2025-01-09T04:56:44	988.04	-167.40	2840.22	-252.40	27.29	-252.22
2025-01-09T04:56:46	981.06	-167.01	2845.02	-250.98	27.07	-252.76
2025-01-09T04:56:48	974.09	-166.62	2849.81	-249.55	26.85	-253.28
2025-01-09T04:56:50	967.10	-166.23	2854.59	-248.13	26.62	-253.77
2025-01-09T04:56:52	960.12	-165.84	2859.36	-246.77	26.40	-254.26
2025-01-09T04:56:54	953.13	-165.45	2864.12	-245.45	26.17	-254.74
2025-01-09T04:56:56	946.14	-165.06	2868.87	-244.13	25.93	-255.21
2025-01-09T04:56:58	939.15	-164.67	2873.61	-242.80	25.69	-255.66
2025-01-09T04:57:00	932.15	-164.28	2878.34	-241.48	25.44	-256.10
2025-01-09T04:57:02	925.15	-163.88	2883.06	-240.04	25.13	-256.53
2025-01-09T04:57:04	918.15	-163.49	2887.78	-238.61	24.81	-256.94
2025-01-09T04:57:06	911.15	-163.09	2892.49	-237.19	24.51	-257.33
2025-01-09T04:57:08	904.14	-162.70	2897.18	-235.77	24.20	-257.70
2025-01-09T04:57:10	897.13	-162.31	2901.87	-234.36	23.90	-258.05
2025-01-09T04:57:12	890.11	-161.91	2906.55	-232.96	23.60	-258.37
2025-01-09T04:57:14	883.10	-161.52	2911.22	-231.57	23.31	-258.67
2025-01-09T04:57:16	876.08	-161.12	2915.88	-230.25	23.04	-259.01
2025-01-09T04:57:18	869.06	-160.72	2920.53	-228.97	22.83	-259.45
2025-01-09T04:57:20	862.03	-160.33	2925.17	-227.66	22.62	-259.87
2025-01-09T04:57:22	855.01	-159.93	2929.80	-226.34	22.40	-260.25
2025-01-09T04:57:24	847.98	-159.53	2934.42	-224.99	22.17	-260.61
2025-01-09T04:57:26	840.94	-159.13	2939.04	-223.62	21.94	-260.93
2025-01-09T04:57:28	833.91	-158.73	2943.65	-222.23	21.70	-261.22
2025-01-09T04:57:30	826.87	-158.33	2948.24	-220.82	21.45	-261.48
2025-01-09T04:57:32	819.83	-157.93	2952.83	-219.39	21.19	-261.71
2025-01-09T04:57:34	812.79	-157.53	2957.41	-217.94	20.95	-261.88
2025-01-09T04:57:36	805.74	-157.13	2961.98	-216.50	20.72	-262.02
2025-01-09T04:57:38	798.69	-156.73	2966.54	-215.08	20.49	-262.16
2025-01-09T04:57:40	791.65	-156.33	2971.09	-213.69	20.27	-262.29
2025-01-09T04:57:42	784.59	-155.92	2975.63	-212.42	20.08	-262.53
2025-01-09T04:57:44	777.54	-155.52	2980.17	-211.16	19.89	-262.76
2025-01-09T04:57:46	770.48	-155.12	2984.69	-209.90	19.71	-262.98
2025-01-09T04:57:48	763.42	-154.71	2989.21	-208.65	19.53	-263.18
2025-01-09T04:57:50	756.36	-154.31	2993.71	-207.32	19.33	-263.36
2025-01-09T04:57:52	749.30	-153.90	2998.21	-205.89	19.13	-263.50
2025-01-09T04:57:54	742.23	-153.50	3002.70	-204.46	18.92	-263.62
2025-01-09T04:57:56	735.16	-153.09	3007.18	-203.01	18.71	-263.72
2025-01-09T04:57:58	728.09	-152.68	3011.65	-201.55	18.50	-263.79
2025-01-09T04:58:00	721.02	-152.28	3016.12	-200.07	18.29	-263.84
2025-01-09T04:58:02	713.94	-151.87	3020.57	-198.58	18.07	-263.87
2025-01-09T04:58:04	706.87	-151.46	3025.01	-197.08	17.85	-263.88
2025-01-09T04:58:06	699.79	-151.05	3029.45	-195.65	17.68	-263.84
2025-01-09T04:58:08	692.71	-150.64	3033.88	-194.35	17.58	-263.77
2025-01-09T04:58:10	685.63	-150.23	3038.30	-193.05	17.48	-263.71
2025-01-09T04:58:12	678.54	-149.83	3042.70	-191.75	17.39	-263.64
2025-01-09T04:58:14	671.45	-149.41	3047.11	-190.46	17.31	-263.58
2025-01-09T04:58:16	664.37	-149.00	3051.50	-189.16	17.23	-263.52
2025-01-09T04:58:18	657.27	-148.59	3055.88	-187.87	17.16	-263.46
2025-01-09T04:58:20	650.18	-148.18	3060.25	-186.57	17.10	-263.40
2025-01-09T04:58:22	643.09	-147.77	3064.62	-185.24	17.04	-263.32
2025-01-09T04:58:24	635.99	-147.36	3068.98	-183.83	16.97	-263.19
2025-01-09T04:58:26	628.89	-146.94	3073.32	-182.43	16.89	-263.04
2025-01-09T04:58:28	621.79	-146.53	3077.66	-181.03	16.81	-262.88
2025-01-09T04:58:30	614.69	-146.12	3081.99	-179.63	16.71	-262.70
2025-01-09T04:58:32	607.59	-145.70	3086.31	-178.27	16.61	-262.53
2025-01-09T04:58:34	600.48	-145.29	3090.63	-176.97	16.53	-262.42
2025-01-09T04:58:36	593.37	-144.87	3094.93	-175.69	16.45	-262.30
2025-01-09T04:58:38	586.27	-144.46	3099.23	-174.44	16.36	-262.17
2025-01-09T04:58:40	579.16	-144.04	3103.51	-173.19	16.22	-262.01
2025-01-09T04:58:42	572.05	-143.63	3107.79	-171.95	16.09	-261.84
2025-01-09T04:58:44	564.93	-143.21	3112.06	-170.71	15.95	-261.65
2025-01-09T04:58:46	557.82	-142.79	3116.32	-169.48	15.81	-261.44
2025-01-09T04:58:48	550.70	-142.37	3120.57	-168.25	15.66	-261.21
2025-01-09T04:58:50	543.58	-141.95	3124.82	-167.03	15.51	-260.97
2025-01-09T04:58:52	536.46	-141.54	3129.05	-165.81	15.36	-260.71
2025-01-09T04:58:54	529.34	-141.12	3133.28	-164.58	15.21	-260.40
2025-01-09T04:58:56	522.22	-140.70	3137.50	-163.29	15.03	-259.97
2025-01-09T04:58:58	515.09	-140.28	3141.70	-162.01	14.85	-259.52
2025-01-09T04:59:00	507.97	-139.86	3145.91	-160.78	14.67	-259.15
2025-01-09T04:59:02	500.84	-139.44	3150.10	-159.57	14.49	-258.81
2025-01-09T04:59:04	493.71	-139.02	3154.28	-158.37	14.30	-258.47
2025-01-09T04:59:06	486.58	-138.60	3158.46	-157.18	14.12	-258.13
2025-01-09T04:59:08	479.46	-138.18	3162.62	-156.01	13.94	-257.80
2025-01-09T04:59:10	472.32	-137.76	3166.78	-154.85	13.77	-257.47
2025-01-09T04:59:12	465.19	-137.33	3170.93	-153.69	13.62	-257.13
2025-01-09T04:59:14	458.06	-136.91	3175.07	-152.55	13.48	-256.77
2025-01-09T04:59:16	450.92	-136.48	3179.21	-151.41	13.34	-256.41
2025-01-09T04:59:18	443.78	-136.06	3183.33	-150.28	13.20	-256.03
2025-01-09T04:59:20	436.65	-135.64	3187.45	-149.16	13.06	-255.64
2025-01-09T04:59:22	429.51	-135.22	3191.55	-148.04	12.92	-255.25
2025-01-09T04:59:24	422.37	-134.79	3195.65	-146.94	12.79	-254.84
2025-01-09T04:59:26	415.22	-134.36	3199.74	-145.82	12.65	-254.37
2025-01-09T04:59:28	408.08	-133.94	3203.82	-144.64	12.50	-253.79
2025-01-09T04:59:30	400.94	-133.51	3207.90	-143.49	12.35	-253.22
2025-01-09T04:59:32	393.79	-133.09	3211.96	-142.35	12.19	-252.67
2025-01-09T04:59:34	386.65	-132.66	3216.02	-141.24	12.02	-252.14
2025-01-09T04:59:36	379.50	-132.23	3220.07	-140.15	11.84	-251.62
2025-01-09T04:59:38	372.35	-131.81	3224.11	-139.09	11.65	-251.11
2025-01-09T04:59:40	365.21	-131.38	3228.14	-138.04	11.46	-250.63
2025-01-09T04:59:42	358.06	-130.95	3232.17	-137.03	11.28	-250.14
2025-01-09T04:59:44	350.91	-130.52	3236.18	-136.07	11.15	-249.59
2025-01-09T04:59:46	343.75	-130.10	3240.19	-135.12	11.03	-249.02
2025-01-09T04:59:48	336.60	-129.67	3244.19	-134.18	10.91	-248.43
2025-01-09T04:59:50	329.45	-129.24	3248.18	-133.24	10.80	-247.81
2025-01-09T04:59:52	322.30	-128.81	3252.16	-132.31	10.69	-247.18
2025-01-09T04:59:54	315.14	-128.38	3256.14	-131.38	10.59	-246.52
2025-01-09T04:59:56	307.99	-127.95	3260.11	-130.46	10.50	-245.90
2025-01-09T04:59:58	300.83	-127.52	3264.06	-129.50	10.37	-245.29
2025-01-09T05:00:00	293.67	-127.08	3268.01	-128.44	10.19	-244.65
2025-01-09T05:00:02	286.51	-126.65	3271.96	-127.39	10.01	-244.00
2025-01-09T05:00:04	279.36	-126.22	3275.89	-126.36	9.82	-243.35
2025-01-09T05:00:06	272.20	-125.79	3279.82	-125.35	9.63	-242.70
2025-01-09T05:00:08	265.04	-125.36	3283.73	-124.35	9.45	-242.05
2025-01-09T05:00:10	257.88	-124.93	3287.64	-123.37	9.26	-241.39
2025-01-09T05:00:12	250.71	-124.49	3291.55	-122.41	9.07	-240.74
2025-01-09T05:00:14	243.56	-124.06	3295.44	-121.50	8.91	-240.07
2025-01-09T05:00:16	236.39	-123.63	3299.32	-120.68	8.81	-239.41
2025-01-09T05:00:18	229.23	-123.19	3303.20	-119.86	8.73	-238.74
2025-01-09T05:00:20	222.07	-122.76	3307.07	-119.06	8.65	-238.08
2025-01-09T05:00:22	214.90	-122.32	3310.93	-118.26	8.59	-237.42
2025-01-09T05:00:24	207.74	-121.89	3314.79	-117.47	8.54	-236.77
2025-01-09T05:00:26	200.57	-121.45	3318.63	-116.70	8.49	-236.19
2025-01-09T05:00:28	193.41	-121.02	3322.47	-115.92	8.44	-235.59
2025-01-09T05:00:30	186.24	-120.58	3326.30	-115.10	8.35	-234.96
2025-01-09T05:00:32	179.07	-120.15	3330.12	-114.21	8.17	-234.29
2025-01-09T05:00:34	171.91	-119.71	3333.94	-113.34	7.99	-233.65
2025-01-09T05:00:36	164.74	-119.27	3337.74	-112.50	7.79	-233.02
2025-01-09T05:00:38	157.58	-118.84	3341.54	-111.68	7.59	-232.42
2025-01-09T05:00:40	150.41	-118.40	3345.33	-110.89	7.37	-231.85
2025-01-09T05:00:42	143.24	-117.96	3349.11	-110.13	7.15	-231.29
2025-01-09T05:00:44	136.07	-117.52	3352.89	-109.39	6.91	-230.76
2025-01-09T05:00:46	128.90	-117.09	3356.65	-108.68	6.71	-230.16
2025-01-09T05:00:48	121.73	-116.65	3360.41	-107.99	6.61	-229.32
2025-01-09T05:00:50	114.56	-116.21	3364.16	-107.29	6.52	-228.43
2025-01-09T05:00:52	107.39	-115.77	3367.91	-106.57	6.44	-227.52
2025-01-09T05:00:54	100.22	-115.33	3371.64	-105.83	6.36	-226.57
2025-01-09T05:00:56	93.05	-114.89	3375.37	-105.03	6.32	-225.69
2025-01-09T05:00:58	85.88	-114.45	3379.09	-104.21	6.27	-224.81
2025-01-09T05:01:00	78.71	-114.01	3382.80	-103.39	6.21	-223.95
2025-01-09T05:01:02	71.54	-113.57	3386.51	-102.55	6.12	-223.11
2025-01-09T05:01:04	64.37	-113.13	3390.21	-101.73	5.99	-222.28
2025-01-09T05:01:06	57.20	-112.69	3393.90	-100.95	5.85	-221.47
2025-01-09T05:01:08	50.03	-112.25	3397.58	-100.19	5.70	-220.68
2025-01-09T05:01:10	42.86	-111.81	3401.25	-99.47	5.55	-219.90
2025-01-09T05:01:12	35.69	-111.36	3404.92	-98.78	5.39	-219.14
2025-01-09T05:01:14	28.51	-110.92	3408.58	-98.12	5.23	-218.39
2025-01-09T05:01:16	21.34	-110.48	3412.23	-97.49	5.05	-217.66
2025-01-09T05:01:18	14.17	-110.04	3415.87	-96.88	4.89	-216.94
2025-01-09T05:01:20	7.00	-109.60	3419.51	-96.25	4.76	-216.19
2025-01-09T05:01:22	-0.17	-109.15	3423.14	-95.63	4.62	-215.40
2025-01-09T05:01:24	-7.34	-108.71	3426.76	-95.01	4.49	-214.58
2025-01-09T05:01:26	-14.52	-108.26	3430.37	-94.40	4.40	-213.76
2025-01-09T05:01:28	-21.69	-107.82	3433.98	-93.80	4.35	-212.96
2025-01-09T05:01:30	-28.86	-107.38	3437.58	-93.21	4.31	-212.18
2025-01-09T05:01:32	-36.03	-106.93	3441.17	-92.63	4.28	-211.41
2025-01-09T05:01:34	-43.20	-106.49	3444.76	-92.07	4.24	-210.62
2025-01-09T05:01:36	-50.37	-106.04	3448.33	-91.50	4.19	-209.80
2025-01-09T05:01:38	-57.54	-105.60	3451.90	-90.95	4.12	-209.00
2025-01-09T05:01:40	-64.72	-105.15	3455.46	-90.41	4.03	-208.24
2025-01-09T05:01:42	-71.89	-104.71	3459.02	-89.89	3.91	-207.50
2025-01-09T05:01:44	-79.06	-104.26	3462.56	-89.38	3.78	-206.80
2025-01-09T05:01:46	-86.23	-103.81	3466.11	-88.88	3.62	-206.12
2025-01-09T05:01:48	-93.40	-103.37	3469.64	-88.40	3.45	-205.47
2025-01-09T05:01:50	-100.57	-102.92	3473.16	-87.95	3.25	-204.75
2025-01-09T05:01:52	-107.74	-102.48	3476.68	-87.52	3.02	-203.87
2025-01-09T05:01:54	-114.91	-102.03	3480.19	-87.09	2.77	-202.94
2025-01-09T05:01:56	-122.08	-101.58	3483.70	-86.64	2.49	-201.96
2025-01-09T05:01:58	-129.25	-101.13	3487.19	-86.15	2.26	-200.93
2025-01-09T05:02:00	-136.42	-100.69	3490.68	-85.61	2.13	-199.93
2025-01-09T05:02:02	-143.59	-100.24	3494.16	-85.05	2.03	-198.98
2025-01-09T05:02:04	-150.76	-99.79	3497.64	-84.49	1.97	-198.08
2025-01-09T05:02:06	-157.92	-99.34	3501.10	-83.87	1.94	-197.22
2025-01-09T05:02:08	-165.09	-98.89	3504.57	-83.19	1.90	-196.40
2025-01-09T05:02:10	-172.26	-98.44	3508.02	-82.53	1.85	-195.58
2025-01-09T05:02:12	-179.43	-98.00	3511.47	-81.89	1.81	-194.78
2025-01-09T05:02:14	-186.59	-97.55	3514.90	-81.26	1.77	-193.99
2025-01-09T05:02:16	-193.76	-97.10	3518.34	-80.65	1.73	-193.21
2025-01-09T05:02:18	-200.92	-96.65	3521.76	-80.05	1.69	-192.43
2025-01-09T05:02:20	-208.09	-96.20	3525.18	-79.47	1.64	-191.66
2025-01-09T05:02:22	-215.25	-95.75	3528.59	-78.92	1.59	-190.88
2025-01-09T05:02:24	-222.42	-95.30	3531.99	-78.36	1.52	-190.09
2025-01-09T05:02:26	-229.58	-94.85	3535.39	-77.80	1.44	-189.30
2025-01-09T05:02:28	-236.75	-94.40	3538.78	-77.24	1.33	-188.51
2025-01-09T05:02:30	-243.91	-93.94	3542.16	-76.67	1.21	-187.71
2025-01-09T05:02:32	-251.07	-93.50	3545.54	-76.18	1.02	-186.81
2025-01-09T05:02:34	-258.24	-93.04	3548.90	-75.71	0.83	-185.92
2025-01-09T05:02:36	-265.40	-92.59	3552.27	-75.26	0.63	-185.05
2025-01-09T05:02:38	-272.56	-92.14	3555.62	-74.85	0.37	-184.27
2025-01-09T05:02:40	-279.72	-91.69	3558.97	-74.48	0.06	-183.59
2025-01-09T05:02:42	-286.88	-91.24	3562.31	-74.10	-0.23	-182.90
2025-01-09T05:02:44	-294.04	-90.79	3565.65	-73.71	-0.51	-182.19
2025-01-09T05:02:46	-301.20	-90.33	3568.97	-73.32	-0.77	-181.47
2025-01-09T05:02:48	-308.36	-89.88	3572.29	-72.92	-1.01	-180.72
2025-01-09T05:02:50	-315.52	-89.43	3575.61	-72.52	-1.24	-179.97
2025-01-09T05:02:52	-322.67	-88.97	3578.91	-72.12	-1.45	-179.20
2025-01-09T05:02:54	-329.83	-88.52	3582.22	-71.58	-1.58	-178.19
2025-01-09T05:02:56	-336.99	-88.07	3585.51	-70.81	-1.67	-176.93
2025-01-09T05:02:58	-344.14	-87.61	3588.79	-69.96	-1.76	-175.68
2025-01-09T05:03:00	-351.30	-87.16	3592.07	-69.02	-1.87	-174.43
2025-01-09T05:03:02	-358.45	-86.71	3595.34	-68.00	-1.99	-173.19
2025-01-09T05:03:04	-365.61	-86.25	3598.61	-66.90	-2.12	-171.96
2025-01-09T05:03:06	-372.76	-85.80	3601.87	-65.95	-2.18	-170.85
2025-01-09T05:03:08	-379.91	-85.34	3605.12	-65.11	-2.17	-169.87
2025-01-09T05:03:10	-387.06	-84.89	3608.37	-64.75	-2.11	-168.88
2025-01-09T05:03:12	-394.21	-84.43	3611.61	-64.91	-1.97	-167.86
2025-01-09T05:03:14	-401.36	-83.98	3614.84	-65.03	-1.77	-166.86
2025-01-09T05:03:16	-408.51	-83.52	3618.07	-65.11	-1.53	-165.87
2025-01-09T05:03:18	-415.66	-83.07	3621.29	-65.16	-1.23	-164.89
2025-01-09T05:03:20	-422.81	-82.61	3624.50	-65.16	-0.89	-163.92
2025-01-09T05:03:22	-429.95	-82.16	3627.71	-65.13	-0.50	-162.96
2025-01-09T05:03:24	-437.10	-81.70	3630.91	-65.05	-0.05	-162.01
2025-01-09T05:03:26	-444.25	-81.24	3634.10	-64.76	0.27	-160.95
2025-01-09T05:03:28	-451.39	-80.79	3637.29	-64.26	0.38	-159.76
2025-01-09T05:03:30	-458.54	-80.33	3640.47	-63.80	0.42	-158.59
2025-01-09T05:03:32	-465.68	-79.88	3643.65	-63.39	0.40	-157.43
2025-01-09T05:03:34	-472.82	-79.42	3646.81	-63.01	0.32	-156.28
2025-01-09T05:03:36	-479.96	-78.96	3649.97	-62.67	0.17	-155.15
2025-01-09T05:03:38	-487.10	-78.51	3653.13	-62.37	-0.04	-154.02
2025-01-09T05:03:40	-494.24	-78.05	3656.28	-62.12	-0.32	-152.91
2025-01-09T05:03:42	-501.38	-77.59	3659.42	-61.80	-0.58	-151.60
2025-01-09T05:03:44	-508.52	-77.14	3662.55	-61.35	-0.69	-150.34
2025-01-09T05:03:46	-515.66	-76.68	3665.69	-60.88	-0.82	-149.12
2025-01-09T05:03:48	-522.79	-76.22	3668.81	-60.40	-0.99	-147.95
2025-01-09T05:03:50	-529.93	-75.76	3671.92	-59.90	-1.17	-146.82
2025-01-09T05:03:52	-537.06	-75.30	3675.03	-59.39	-1.39	-145.73
2025-01-09T05:03:54	-544.20	-74.85	3678.14	-58.87	-1.63	-144.68
2025-01-09T05:03:56	-551.33	-74.39	3681.23	-58.34	-1.89	-143.68
2025-01-09T05:03:58	-558.46	-73.93	3684.32	-57.85	-2.15	-142.36
2025-01-09T05:04:00	-565.59	-73.47	3687.41	-57.41	-2.37	-140.64
2025-01-09T05:04:02	-572.72	-73.01	3690.49	-56.98	-2.58	-138.97
2025-01-09T05:04:04	-579.85	-72.55	3693.56	-56.54	-2.76	-137.34
2025-01-09T05:04:06	-586.98	-72.09	3696.63	-56.09	-2.93	-135.75
2025-01-09T05:04:08	-594.10	-71.64	3699.69	-55.65	-3.07	-134.20
2025-01-09T05:04:10	-601.23	-71.17	3702.74	-55.20	-3.20	-132.68
2025-01-09T05:04:12	-608.35	-70.72	3705.79	-54.74	-3.30	-131.20
2025-01-09T05:04:14	-615.48	-70.26	3708.83	-53.99	-3.31	-129.19
2025-01-09T05:04:16	-622.60	-69.80	3711.86	-52.76	-3.18	-126.39
2025-01-09T05:04:18	-629.72	-69.34	3714.90	-51.35	-2.98	-123.49
2025-01-09T05:04:20	-636.84	-68.88	3717.92	-49.58	-2.70	-120.47
2025-01-09T05:04:22	-643.96	-68.42	3720.93	-47.81	-2.45	-117.50
2025-01-09T05:04:24	-651.08	-67.96	3723.95	-46.03	-2.25	-114.57
2025-01-09T05:04:26	-658.20	-67.50	3726.95	-44.25	-2.09	-111.67
2025-01-09T05:04:28	-665.31	-67.04	3729.95	-42.46	-1.98	-108.81
2025-01-09T05:04:30	-672.43	-66.58	3732.94	-40.88	-2.27	-106.29
2025-01-09T05:04:32	-679.54	-66.11	3735.93	-39.61	-3.14	-104.29
2025-01-09T05:04:34	-686.66	-65.65	3738.91	-38.32	-4.00	-102.32
2025-01-09T05:04:36	-693.77	-65.19	3741.88	-37.02	-4.87	-100.38
2025-01-09T05:04:38	-700.88	-64.73	3744.85	-35.70	-5.73	-98.48
2025-01-09T05:04:40	-707.99	-64.27	3747.81	-34.37	-6.60	-96.62
2025-01-09T05:04:42	-715.10	-63.81	3750.77	-33.01	-7.48	-94.80
2025-01-09T05:04:44	-722.21	-63.35	3753.72	-31.63	-8.37	-93.03
2025-01-09T05:04:46	-729.31	-62.89	3756.67	-30.29	-8.87	-90.86
2025-01-09T05:04:48	-736.42	-62.42	3759.60	-29.07	-8.61	-87.96
2025-01-09T05:04:50	-743.52	-61.96	3762.54	-27.93	-8.33	-85.12
2025-01-09T05:04:52	-750.62	-61.50	3765.46	-26.84	-8.02	-82.35
2025-01-09T05:04:54	-757.72	-61.04	3768.38	-25.83	-7.67	-79.65
2025-01-09T05:04:56	-764.83	-60.58	3771.30	-24.87	-7.28	-77.03
2025-01-09T05:04:58	-771.93	-60.12	3774.21	-23.90	-6.65	-74.46
2025-01-09T05:05:00	-779.02	-59.65	3777.12	-22.88	-6.06	-72.07
2025-01-09T05:05:02	-786.12	-59.19	3780.01	-21.80	-5.56	-69.91
2025-01-09T05:05:04	-793.22	-58.73	3782.91	-20.65	-5.22	-67.98
2025-01-09T05:05:06	-800.31	-58.27	3785.79	-19.46	-4.96	-65.99
2025-01-09T05:05:08	-807.40	-57.80	3788.67	-18.24	-4.77	-63.95
2025-01-09T05:05:10	-814.50	-57.34	3791.55	-16.98	-4.65	-61.85
2025-01-09T05:05:12	-821.59	-56.88	3794.42	-15.68	-4.60	-59.70
2025-01-09T05:05:14	-828.68	-56.41	3797.28	-14.34	-4.62	-57.50
2025-01-09T05:05:16	-835.77	-55.95	3800.14	-12.97	-4.72	-55.26
2025-01-09T05:05:18	-842.85	-55.49	3802.99	-11.64	-4.91	-53.13
2025-01-09T05:05:20	-849.94	-55.02	3805.84	-10.63	-5.24	-51.51
2025-01-09T05:05:22	-857.02	-54.56	3808.68	-9.66	-5.58	-49.90
2025-01-09T05:05:24	-864.11	-54.10	3811.51	-8.72	-5.92	-48.30
2025-01-09T05:05:26	-871.19	-53.63	3814.34	-7.83	-6.28	-46.72
2025-01-09T05:05:28	-878.27	-53.17	3817.17	-6.97	-6.64	-45.16
2025-01-09T05:05:30	-885.35	-52.71	3819.98	-6.15	-7.02	-43.62
2025-01-09T05:05:32	-892.43	-52.24	3822.80	-5.37	-7.41	-42.09
2025-01-09T05:05:34	-899.50	-51.78	3825.60	-4.63	-7.80	-40.64
2025-01-09T05:05:36	-906.58	-51.31	3828.41	-4.01	-8.12	-39.56
2025-01-09T05:05:38	-913.65	-50.85	3831.20	-3.62	-8.26	-38.50
2025-01-09T05:05:40	-920.73	-50.39	3833.99	-3.24	-8.40	-37.44
2025-01-09T05:05:42	-927.80	-49.92	3836.78	-2.85	-8.54	-36.37
2025-01-09T05:05:44	-934.87	-49.46	3839.56	-2.45	-8.69	-35.31
2025-01-09T05:05:46	-941.94	-48.99	3842.33	-2.05	-8.85	-34.24
2025-01-09T05:05:48	-949.01	-48.53	3845.10	-1.63	-9.01	-33.17
2025-01-09T05:05:50	-956.07	-48.06	3847.86	-1.20	-9.19	-32.11
2025-01-09T05:05:52	-963.14	-47.60	3850.62	-0.66	-9.37	-31.04
2025-01-09T05:05:54	-970.20	-47.13	3853.37	-0.12	-9.57	-29.97
2025-01-09T05:05:56	-977.26	-46.67	3856.12	0.41	-9.80	-28.91
2025-01-09T05:05:58	-984.32	-46.20	3858.86	0.92	-10.06	-27.84
2025-01-09T05:06:00	-991.38	-45.74	3861.60	1.43	-10.33	-26.78
2025-01-09T05:06:02	-998.44	-45.27	3864.33	1.93	-10.63	-25.72
2025-01-09T05:06:04	-1005.50	-44.81	3867.05	2.41	-10.95	-24.67
2025-01-09T05:06:06	-1012.55	-44.34	3869.77	2.88	-11.30	-23.61
2025-01-09T05:06:08	-1019.61	-43.88	3872.49	3.05	-11.85	-22.89
2025-01-09T05:06:10	-1026.66	-43.41	3875.20	3.20	-12.43	-22.20
2025-01-09T05:06:12	-1033.71	-42.95	3877.90	3.33	-13.03	-21.54
2025-01-09T05:06:14	-1040.76	-42.48	3880.60	3.45	-13.65	-20.91
2025-01-09T05:06:16	-1047.81	-42.01	3883.29	3.55	-14.29	-20.31
2025-01-09T05:06:18	-1054.86	-41.55	3885.98	3.64	-14.94	-19.73
2025-01-09T05:06:20	-1061.90	-41.08	3888.67	3.67	-15.61	-19.25
2025-01-09T05:06:22	-1068.94	-40.62	3891.34	3.70	-16.28	-18.78
2025-01-09T05:06:24	-1075.99	-40.15	3894.02	3.61	-16.84	-18.38
2025-01-09T05:06:26	-1083.03	-39.68	3896.68	3.54	-17.35	-17.99
2025-01-09T05:06:28	-1090.07	-39.22	3899.35	3.50	-17.84	-17.60
2025-01-09T05:06:30	-1097.11	-38.75	3902.00	3.49	-18.31	-17.21
2025-01-09T05:06:32	-1104.14	-38.29	3904.65	3.52	-18.76	-16.81
2025-01-09T05:06:34	-1111.18	-37.82	3907.30	3.59	-19.18	-16.40
2025-01-09T05:06:36	-1118.21	-37.35	3909.94	3.68	-19.59	-15.98
2025-01-09T05:06:38	-1125.25	-36.89	3912.58	3.81	-19.98	-15.56
2025-01-09T05:06:40	-1132.28	-36.42	3915.21	4.08	-20.25	-15.06
2025-01-09T05:06:42	-1139.31	-35.95	3917.84	4.39	-20.48	-14.51
2025-01-09T05:06:44	-1146.33	-35.48	3920.46	4.68	-20.69	-13.94
2025-01-09T05:06:46	-1153.36	-35.02	3923.07	4.97	-20.88	-13.36
2025-01-09T05:06:48	-1160.39	-34.55	3925.68	5.24	-21.07	-12.77
2025-01-09T05:06:50	-1167.41	-34.09	3928.29	5.50	-21.24	-12.17
2025-01-09T05:06:52	-1174.43	-33.62	3930.89	5.76	-21.41	-11.55
2025-01-09T05:06:54	-1181.45	-33.15	3933.49	6.00	-21.55	-10.92
2025-01-09T05:06:56	-1188.47	-32.68	3936.08	6.21	-21.70	-10.41
2025-01-09T05:06:58	-1195.49	-32.22	3938.67	6.41	-21.86	-10.01
2025-01-09T05:07:00	-1202.51	-31.75	3941.25	6.60	-22.04	-9.65
2025-01-09T05:07:02	-1209.52	-31.28	3943.82	6.75	-22.21	-9.31
2025-01-09T05:07:04	-1216.53	-30.82	3946.39	6.87	-22.36	-9.00
2025-01-09T05:07:06	-1223.54	-30.35	3948.96	7.01	-22.52	-8.69
2025-01-09T05:07:08	-1230.55	-29.88	3951.52	7.17	-22.69	-8.36
2025-01-09T05:07:10	-1237.56	-29.41	3954.08	7.35	-22.87	-8.03
2025-01-09T05:07:12	-1244.57	-28.95	3956.63	7.46	-23.03	-7.72
2025-01-09T05:07:14	-1251.57	-28.48	3959.18	7.48	-23.14	-7.43
2025-01-09T05:07:16	-1258.58	-28.01	3961.72	7.52	-23.26	-7.16
2025-01-09T05:07:18	-1265.58	-27.54	3964.25	7.59	-23.39	-6.89
2025-01-09T05:07:20	-1272.58	-27.07	3966.78	7.68	-23.52	-6.62
2025-01-09T05:07:22	-1279.58	-26.61	3969.31	7.79	-23.67	-6.37
2025-01-09T05:07:24	-1286.58	-26.14	3971.83	7.93	-23.82	-6.11
2025-01-09T05:07:26	-1293.57	-25.67	3974.35	8.08	-23.98	-5.86
2025-01-09T05:07:28	-1300.57	-25.21	3976.87	8.29	-24.08	-5.65
2025-01-09T05:07:30	-1307.56	-24.74	3979.37	8.61	-24.02	-5.52
2025-01-09T05:07:32	-1314.55	-24.27	3981.88	8.94	-23.97	-5.38
2025-01-09T05:07:34	-1321.54	-23.80	3984.37	9.27	-23.93	-5.25
2025-01-09T05:07:36	-1328.53	-23.33	3986.87	9.62	-23.89	-5.11
2025-01-09T05:07:38	-1335.52	-22.86	3989.36	9.98	-23.87	-4.96
2025-01-09T05:07:40	-1342.50	-22.39	3991.84	10.35	-23.87	-4.82
2025-01-09T05:07:42	-1349.49	-21.93	3994.32	10.73	-23.87	-4.67
2025-01-09T05:07:44	-1356.47	-21.46	3996.80	11.09	-23.90	-4.52
2025-01-09T05:07:46	-1363.45	-20.99	3999.26	11.02	-23.93	-4.30
2025-01-09T05:07:48	-1370.43	-20.52	4001.73	10.82	-23.94	-4.11
2025-01-09T05:07:50	-1377.40	-20.05	4004.19	10.55	-23.96	-3.94
2025-01-09T05:07:52	-1384.38	-19.59	4006.65	10.28	-23.98	-3.79
2025-01-09T05:07:54	-1391.35	-19.12	4009.10	10.03	-24.02	-3.65
2025-01-09T05:07:56	-1398.32	-18.65	4011.55	9.78	-24.07	-3.52
2025-01-09T05:07:58	-1405.30	-18.18	4013.99	9.54	-24.13	-3.41
2025-01-09T05:08:00	-1412.26	-17.71	4016.43	9.31	-24.21	-3.31
2025-01-09T05:08:02	-1419.23	-17.24	4018.86	9.18	-24.15	-3.43
2025-01-09T05:08:04	-1426.20	-16.77	4021.29	9.05	-24.04	-3.56
2025-01-09T05:08:06	-1433.16	-16.30	4023.71	8.93	-23.90	-3.67
2025-01-09T05:08:08	-1440.12	-15.84	4026.13	8.80	-23.74	-3.76
2025-01-09T05:08:10	-1447.09	-15.37	4028.54	8.67	-23.55	-3.83
2025-01-09T05:08:12	-1454.04	-14.90	4030.96	8.53	-23.33	-3.88
2025-01-09T05:08:14	-1461.00	-14.43	4033.36	8.40	-23.08	-3.92
2025-01-09T05:08:16	-1467.96	-13.96	4035.76	8.26	-22.81	-3.94
2025-01-09T05:08:18	-1474.91	-13.49	4038.16	8.29	-22.75	-3.85
2025-01-09T05:08:20	-1481.87	-13.02	4040.55	8.39	-22.81	-3.73
2025-01-09T05:08:22	-1488.82	-12.55	4042.94	8.50	-22.90	-3.62
2025-01-09T05:08:24	-1495.77	-12.09	4045.32	8.60	-23.01	-3.53
2025-01-09T05:08:26	-1502.72	-11.62	4047.70	8.70	-23.15	-3.46
2025-01-09T05:08:28	-1509.66	-11.15	4050.08	8.81	-23.30	-3.40
2025-01-09T05:08:30	-1516.60	-10.68	4052.44	8.91	-23.48	-3.36
2025-01-09T05:08:32	-1523.55	-10.21	4054.81	9.00	-23.68	-3.33
2025-01-09T05:08:34	-1530.49	-9.74	4057.17	8.96	-23.82	-3.36
2025-01-09T05:08:36	-1537.43	-9.27	4059.53	8.71	-23.77	-3.39
2025-01-09T05:08:38	-1544.37	-8.80	4061.88	8.49	-23.73	-3.42
2025-01-09T05:08:40	-1551.30	-8.33	4064.23	8.30	-23.70	-3.44
2025-01-09T05:08:42	-1558.24	-7.86	4066.57	8.13	-23.66	-3.47
2025-01-09T05:08:44	-1565.17	-7.39	4068.91	7.99	-23.64	-3.48
2025-01-09T05:08:46	-1572.10	-6.92	4071.25	7.87	-23.61	-3.50
2025-01-09T05:08:48	-1579.03	-6.45	4073.58	7.78	-23.59	-3.50
2025-01-09T05:08:50	-1585.96	-5.99	4075.91	7.73	-23.56	-3.52
2025-01-09T05:08:52	-1592.89	-5.52	4078.23	7.73	-23.51	-3.60
2025-01-09T05:08:54	-1599.81	-5.05	4080.55	7.74	-23.48	-3.70
2025-01-09T05:08:56	-1606.74	-4.58	4082.86	7.75	-23.47	-3.81
2025-01-09T05:08:58	-1613.65	-4.11	4085.17	7.76	-23.48	-3.93
2025-01-09T05:09:00	-1620.57	-3.64	4087.47	7.78	-23.50	-4.07
2025-01-09T05:09:02	-1627.49	-3.17	4089.77	7.80	-23.55	-4.23
2025-01-09T05:09:04	-1634.41	-2.70	4092.07	7.82	-23.61	-4.40
2025-01-09T05:09:06	-1641.32	-2.23	4094.36	7.84	-23.68	-4.59
2025-01-09T05:09:08	-1648.24	-1.76	4096.65	7.75	-23.72	-4.70
2025-01-09T05:09:10	-1655.15	-1.29	4098.94	7.68	-23.75	-4.83
2025-01-09T05:09:12	-1662.06	-0.82	4101.22	7.65	-23.77	-4.96
2025-01-09T05:09:14	-1668.96	-0.35	4103.49	7.64	-23.77	-5.10
2025-01-09T05:09:16	-1675.87	0.12	4105.76	7.66	-23.78	-5.25
2025-01-09T05:09:18	-1682.78	0.59	4108.03	7.71	-23.77	-5.40
2025-01-09T05:09:20	-1689.68	1.06	4110.29	7.79	-23.75	-5.57
2025-01-09T05:09:22	-1696.58	1.53	4112.55	7.90	-23.72	-5.74
2025-01-09T05:09:24	-1703.48	2.00	4114.81	7.86	-23.77	-5.78
2025-01-09T05:09:26	-1710.38	2.47	4117.06	7.61	-23.85	-5.68
2025-01-09T05:09:28	-1717.27	2.94	4119.31	7.39	-23.90	-5.57
2025-01-09T05:09:30	-1724.16	3.40	4121.55	7.20	-23.93	-5.45
2025-01-09T05:09:32	-1731.06	3.87	4123.79	7.05	-23.92	-5.31
2025-01-09T05:09:34	-1737.95	4.34	4126.02	6.92	-23.89	-5.17
2025-01-09T05:09:36	-1744.84	4.81	4128.25	6.83	-23.83	-5.02
2025-01-09T05:09:38	-1751.72	5.29	4130.48	6.77	-23.74	-4.86
2025-01-09T05:09:40	-1758.61	5.75	4132.70	6.79	-23.60	-4.70
2025-01-09T05:09:42	-1765.50	6.22	4134.92	6.91	-23.40	-4.56
2025-01-09T05:09:44	-1772.38	6.69	4137.13	7.01	-23.20	-4.44
2025-01-09T05:09:46	-1779.26	7.16	4139.35	7.09	-22.99	-4.33
2025-01-09T05:09:48	-1786.14	7.63	4141.55	7.15	-22.79	-4.23
2025-01-09T05:09:50	-1793.01	8.10	4143.75	7.19	-22.58	-4.15
2025-01-09T05:09:52	-1799.89	8.57	4145.95	7.21	-22.37	-4.08
2025-01-09T05:09:54	-1806.76	9.04	4148.15	7.21	-22.16	-4.01
2025-01-09T05:09:56	-1813.63	9.51	4150.34	7.18	-21.95	-3.97
2025-01-09T05:09:58	-1820.51	9.98	4152.52	7.11	-21.88	-4.21
2025-01-09T05:10:00	-1827.37	10.45	4154.71	7.04	-21.84	-4.44
2025-01-09T05:10:02	-1834.24	10.92	4156.89	6.96	-21.83	-4.67
2025-01-09T05:10:04	-1841.10	11.39	4159.06	6.88	-21.84	-4.90
2025-01-09T05:10:06	-1847.97	11.86	4161.23	6.80	-21.87	-5.12
2025-01-09T05:10:08	-1854.83	12.33	4163.40	6.72	-21.93	-5.34
2025-01-09T05:10:10	-1861.69	12.80	4165.56	6.63	-22.01	-5.55
2025-01-09T05:10:12	-1868.55	13.27	4167.72	6.54	-22.12	-5.77
2025-01-09T05:10:14	-1875.41	13.74	4169.88	6.39	-22.20	-5.84
2025-01-09T05:10:16	-1882.26	14.21	4172.03	6.22	-22.27	-5.85
2025-01-09T05:10:18	-1889.11	14.68	4174.18	6.02	-22.33	-5.85
2025-01-09T05:10:20	-1895.96	15.15	4176.32	5.84	-22.37	-5.84
2025-01-09T05:10:22	-1902.81	15.62	4178.46	5.69	-22.41	-5.84
2025-01-09T05:10:24	-1909.66	16.09	4180.60	5.55	-22.44	-5.85
2025-01-09T05:10:26	-1916.51	16.56	4182.73	5.43	-22.46	-5.85
2025-01-09T05:10:28	-1923.35	17.03	4184.86	5.33	-22.47	-5.86
2025-01-09T05:10:30	-1930.19	17.50	4186.98	5.28	-22.51	-5.82
2025-01-09T05:10:32	-1937.04	17.97	4189.11	5.29	-22.62	-5.69
2025-01-09T05:10:34	-1943.87	18.44	4191.22	5.32	-22.72	-5.56
2025-01-09T05:10:36	-1950.71	18.91	4193.34	5.35	-22.82	-5.43
2025-01-09T05:10:38	-1957.55	19.38	4195.45	5.39	-22.91	-5.31
2025-01-09T05:10:40	-1964.38	19.85	4197.55	5.44	-23.01	-5.19
2025-01-09T05:10:42	-1971.21	20.32	4199.65	5.50	-23.10	-5.08
2025-01-09T05:10:44	-1978.04	20.79	4201.76	5.56	-23.18	-4.98
2025-01-09T05:10:46	-1984.87	21.26	4203.85	5.63	-23.27	-4.87
2025-01-09T05:10:48	-1991.70	21.73	4205.94	5.74	-23.00	-4.82
2025-01-09T05:10:50	-1998.52	22.20	4208.03	5.84	-22.74	-4.76
2025-01-09T05:10:52	-2005.35	22.67	4210.11	5.95	-22.48	-4.70
2025-01-09T05:10:54	-2012.17	23.14	4212.19	6.05	-22.22	-4.63
2025-01-09T05:10:56	-2018.99	23.61	4214.27	6.15	-21.97	-4.57
2025-01-09T05:10:58	-2025.81	24.08	4216.34	6.25	-21.73	-4.50
2025-01-09T05:11:00	-2032.62	24.55	4218.41	6.35	-21.49	-4.44
2025-01-09T05:11:02	-2039.44	25.02	4220.48	6.44	-21.25	-4.37
2025-01-09T05:11:04	-2046.25	25.49	4222.54	6.49	-20.94	-4.39
2025-01-09T05:11:06	-2053.06	25.96	4224.60	6.52	-20.58	-4.47
2025-01-09T05:11:08	-2059.87	26.43	4226.66	6.56	-20.22	-4.55
2025-01-09T05:11:10	-2066.68	26.90	4228.71	6.60	-19.87	-4.63
2025-01-09T05:11:12	-2073.49	27.37	4230.76	6.59	-19.47	-4.75
2025-01-09T05:11:14	-2080.29	27.84	4232.80	6.58	-19.07	-4.89
2025-01-09T05:11:16	-2087.09	28.31	4234.84	6.57	-18.67	-5.03
2025-01-09T05:11:18	-2093.89	28.78	4236.88	6.57	-18.28	-5.17
2025-01-09T05:11:20	-2100.69	29.25	4238.91	6.56	-17.93	-5.34
2025-01-09T05:11:22	-2107.49	29.72	4240.94	6.55	-17.74	-5.60
2025-01-09T05:11:24	-2114.28	30.19	4242.97	6.54	-17.57	-5.86
2025-01-09T05:11:26	-2121.08	30.66	4244.99	6.54	-17.39	-6.12
2025-01-09T05:11:28	-2127.87	31.13	4247.01	6.54	-17.23	-6.39
2025-01-09T05:11:30	-2134.66	31.60	4249.03	6.54	-17.06	-6.65
2025-01-09T05:11:32	-2141.45	32.07	4251.04	6.55	-16.91	-6.92
2025-01-09T05:11:34	-2148.23	32.53	4253.05	6.56	-16.76	-7.19
2025-01-09T05:11:36	-2155.02	33.01	4255.06	6.57	-16.62	-7.46
2025-01-09T05:11:38	-2161.80	33.47	4257.06	6.55	-16.50	-7.69
2025-01-09T05:11:40	-2168.58	33.95	4259.06	6.53	-16.39	-7.90
2025-01-09T05:11:42	-2175.36	34.41	4261.05	6.52	-16.26	-8.11
2025-01-09T05:11:44	-2182.14	34.88	4263.05	6.52	-16.12	-8.30
2025-01-09T05:11:46	-2188.92	35.35	4265.03	6.53	-15.96	-8.49
2025-01-09T05:11:48	-2195.69	35.82	4267.02	6.55	-15.80	-8.67
2025-01-09T05:11:50	-2202.47	36.29	4269.00	6.59	-15.63	-8.84
2025-01-09T05:11:52	-2209.24	36.76	4270.98	6.63	-15.44	-9.00
2025-01-09T05:11:54	-2216.01	37.23	4272.96	6.71	-15.22	-9.14
2025-01-09T05:11:56	-2222.77	37.70	4274.93	6.83	-14.95	-9.24
2025-01-09T05:11:58	-2229.54	38.17	4276.90	6.96	-14.68	-9.35
2025-01-09T05:12:00	-2236.30	38.64	4278.86	7.10	-14.40	-9.46
2025-01-09T05:12:02	-2243.07	39.11	4280.82	7.25	-14.13	-9.58
2025-01-09T05:12:04	-2249.82	39.58	4282.78	7.41	-13.85	-9.71
2025-01-09T05:12:06	-2256.58	40.05	4284.74	7.58	-13.57	-9.84
2025-01-09T05:12:08	-2263.34	40.52	4286.69	7.73	-13.31	-9.96
2025-01-09T05:12:10	-2270.10	40.99	4288.64	7.85	-13.11	-10.04
2025-01-09T05:12:12	-2276.85	41.46	4290.58	7.91	-13.00	-9.94
2025-01-09T05:12:14	-2283.60	41.93	4292.52	7.98	-12.92	-9.81
2025-01-09T05:12:16	-2290.35	42.40	4294.46	8.05	-12.85	-9.67
2025-01-09T05:12:18	-2297.10	42.87	4296.40	8.14	-12.80	-9.53
2025-01-09T05:12:20	-2303.85	43.34	4298.33	8.22	-12.75	-9.39
2025-01-09T05:12:22	-2310.59	43.81	4300.26	8.32	-12.71	-9.24
2025-01-09T05:12:24	-2317.33	44.27	4302.18	8.43	-12.69	-9.09
2025-01-09T05:12:26	-2324.07	44.74	4304.10	8.54	-12.68	-8.94
2025-01-09T05:12:28	-2330.81	45.21	4306.02	8.63	-12.75	-8.80
2025-01-09T05:12:30	-2337.55	45.68	4307.94	8.67	-12.92	-8.69
2025-01-09T05:12:32	-2344.29	46.15	4309.85	8.70	-13.08	-8.58
2025-01-09T05:12:34	-2351.02	46.62	4311.76	8.73	-13.22	-8.48
2025-01-09T05:12:36	-2357.75	47.09	4313.67	8.75	-13.35	-8.39
2025-01-09T05:12:38	-2364.48	47.56	4315.57	8.77	-13.46	-8.31
2025-01-09T05:12:40	-2371.21	48.03	4317.47	8.78	-13.55	-8.23
2025-01-09T05:12:42	-2377.94	48.50	4319.37	8.79	-13.62	-8.17
2025-01-09T05:12:44	-2384.67	48.97	4321.26	8.79	-13.68	-8.11
2025-01-09T05:12:46	-2391.39	49.44	4323.15	8.71	-13.60	-8.18
2025-01-09T05:12:48	-2398.11	49.91	4325.03	8.63	-13.52	-8.27
2025-01-09T05:12:50	-2404.83	50.38	4326.92	8.55	-13.45	-8.36
2025-01-09T05:12:52	-2411.55	50.84	4328.80	8.47	-13.39	-8.46
2025-01-09T05:12:54	-2418.27	51.31	4330.68	8.39	-13.34	-8.56
2025-01-09T05:12:56	-2424.98	51.78	4332.55	8.31	-13.29	-8.66
2025-01-09T05:12:58	-2431.69	52.25	4334.42	8.24	-13.25	-8.76
2025-01-09T05:13:00	-2438.41	52.72	4336.29	8.16	-13.22	-8.87
2025-01-09T05:13:02	-2445.12	53.19	4338.15	8.10	-13.27	-8.95
2025-01-09T05:13:04	-2451.82	53.66	4340.02	8.06	-13.40	-9.02
2025-01-09T05:13:06	-2458.53	54.13	4341.88	8.02	-13.54	-9.08
2025-01-09T05:13:08	-2465.23	54.60	4343.73	8.00	-13.68	-9.15
2025-01-09T05:13:10	-2471.94	55.07	4345.58	8.01	-13.84	-9.24
2025-01-09T05:13:12	-2478.64	55.53	4347.43	8.02	-13.99	-9.33
2025-01-09T05:13:14	-2485.34	56.00	4349.28	8.04	-14.14	-9.44
2025-01-09T05:13:16	-2492.03	56.47	4351.13	8.06	-14.30	-9.55
2025-01-09T05:13:18	-2498.73	56.94	4352.96	8.10	-14.45	-9.67
2025-01-09T05:13:20	-2505.42	57.41	4354.80	8.27	-14.47	-9.57
2025-01-09T05:13:22	-2512.12	57.88	4356.64	8.46	-14.48	-9.43
2025-01-09T05:13:24	-2518.81	58.35	4358.47	8.65	-14.49	-9.29
2025-01-09T05:13:26	-2525.50	58.82	4360.29	8.83	-14.50	-9.15
2025-01-09T05:13:28	-2532.18	59.28	4362.12	9.00	-14.51	-9.00
2025-01-09T05:13:30	-2538.87	59.75	4363.94	9.18	-14.54	-8.84
2025-01-09T05:13:32	-2545.55	60.22	4365.76	9.35	-14.56	-8.69
2025-01-09T05:13:34	-2552.23	60.69	4367.58	9.51	-14.59	-8.52
2025-01-09T05:13:36	-2558.91	61.16	4369.39	9.62	-14.63	-8.31
2025-01-09T05:13:38	-2565.59	61.63	4371.20	9.62	-14.66	-8.00
2025-01-09T05:13:40	-2572.27	62.10	4373.01	9.60	-14.70	-7.68
2025-01-09T05:13:42	-2578.94	62.57	4374.82	9.59	-14.75	-7.36
2025-01-09T05:13:44	-2585.62	63.03	4376.62	9.57	-14.80	-7.02
2025-01-09T05:13:46	-2592.29	63.50	4378.42	9.54	-14.85	-6.68
2025-01-09T05:13:48	-2598.96	63.97	4380.21	9.51	-14.91	-6.33
2025-01-09T05:13:50	-2605.62	64.44	4382.01	9.48	-14.97	-5.98
2025-01-09T05:13:52	-2612.29	64.91	4383.79	9.45	-15.03	-5.61
2025-01-09T05:13:54	-2618.96	65.38	4385.58	9.55	-15.04	-5.36
2025-01-09T05:13:56	-2625.62	65.85	4387.37	9.70	-15.02	-5.15
2025-01-09T05:13:58	-2632.28	66.31	4389.15	9.85	-14.97	-4.92
2025-01-09T05:14:00	-2638.94	66.78	4390.92	10.01	-14.90	-4.70
2025-01-09T05:14:02	-2645.60	67.25	4392.70	10.16	-14.81	-4.46
2025-01-09T05:14:04	-2652.25	67.72	4394.47	10.32	-14.70	-4.22
2025-01-09T05:14:06	-2658.91	68.19	4396.24	10.48	-14.57	-3.97
2025-01-09T05:14:08	-2665.56	68.65	4398.01	10.64	-14.42	-3.72
2025-01-09T05:14:10	-2672.21	69.12	4399.77	10.79	-14.28	-3.47
2025-01-09T05:14:12	-2678.86	69.59	4401.54	10.89	-14.38	-3.31
2025-01-09T05:14:14	-2685.51	70.06	4403.29	11.00	-14.50	-3.16
2025-01-09T05:14:16	-2692.15	70.53	4405.05	11.10	-14.62	-3.00
2025-01-09T05:14:18	-2698.79	70.99	4406.80	11.21	-14.73	-2.82
2025-01-09T05:14:20	-2705.44	71.46	4408.55	11.31	-14.83	-2.62
2025-01-09T05:14:22	-2712.08	71.93	4410.30	11.41	-14.93	-2.41
2025-01-09T05:14:24	-2718.72	72.40	4412.04	11.50	-15.02	-2.18
2025-01-09T05:14:26	-2725.35	72.87	4413.78	11.59	-15.10	-1.94
2025-01-09T05:14:28	-2731.99	73.33	4415.52	11.77	-15.30	-1.61
2025-01-09T05:14:30	-2738.62	73.80	4417.26	12.02	-15.58	-1.23
2025-01-09T05:14:32	-2745.25	74.27	4418.99	12.25	-15.84	-0.87
2025-01-09T05:14:34	-2751.88	74.74	4420.72	12.47	-16.08	-0.51
2025-01-09T05:14:36	-2758.51	75.21	4422.45	12.67	-16.31	-0.17
2025-01-09T05:14:38	-2765.14	75.67	4424.17	12.86	-16.51	0.16
2025-01-09T05:14:40	-2771.76	76.14	4425.90	13.04	-16.69	0.48
2025-01-09T05:14:42	-2778.38	76.61	4427.62	13.20	-16.85	0.79
2025-01-09T05:14:44	-2785.00	77.08	4429.33	13.35	-16.99	1.09
2025-01-09T05:14:46	-2791.63	77.54	4431.05	13.45	-16.82	1.15
2025-01-09T05:14:48	-2798.24	78.01	4432.76	13.54	-16.64	1.19
2025-01-09T05:14:50	-2804.86	78.48	4434.47	13.63	-16.47	1.21
2025-01-09T05:14:52	-2811.47	78.95	4436.17	13.72	-16.32	1.23
2025-01-09T05:14:54	-2818.09	79.41	4437.88	13.80	-16.18	1.25
2025-01-09T05:14:56	-2824.70	79.88	4439.58	13.89	-16.06	1.26
2025-01-09T05:14:58	-2831.31	80.35	4441.27	13.97	-15.96	1.26
2025-01-09T05:15:00	-2837.92	80.82	4442.97	14.06	-15.87	1.26
2025-01-09T05:15:02	-2844.52	81.28	4444.66	14.11	-15.82	1.22
2025-01-09T05:15:04	-2851.13	81.75	4446.35	14.07	-15.83	1.09
2025-01-09T05:15:06	-2857.73	82.22	4448.04	14.02	-15.87	0.96
2025-01-09T05:15:08	-2864.33	82.69	4449.72	13.96	-15.92	0.84
2025-01-09T05:15:10	-2870.93	83.15	4451.40	13.90	-15.98	0.73
2025-01-09T05:15:12	-2877.52	83.62	4453.08	13.83	-16.07	0.63
2025-01-09T05:15:14	-2884.12	84.09	4454.76	13.76	-16.17	0.54
2025-01-09T05:15:16	-2890.71	84.56	4456.43	13.68	-16.29	0.45
2025-01-09T05:15:18	-2897.30	85.02	4458.10	13.61	-16.43	0.39
2025-01-09T05:15:20	-2903.90	85.49	4459.77	13.63	-16.62	0.52
2025-01-09T05:15:22	-2910.49	85.96	4461.44	13.69	-16.80	0.74
2025-01-09T05:15:24	-2917.07	86.42	4463.10	13.74	-16.98	0.96
2025-01-09T05:15:26	-2923.66	86.89	4464.76	13.80	-17.15	1.18
2025-01-09T05:15:28	-2930.24	87.36	4466.42	13.85	-17.32	1.40
2025-01-09T05:15:30	-2936.83	87.82	4468.08	13.90	-17.48	1.61
2025-01-09T05:15:32	-2943.40	88.29	4469.73	13.95	-17.63	1.83
2025-01-09T05:15:34	-2949.98	88.76	4471.38	14.01	-17.78	2.03
2025-01-09T05:15:36	-2956.56	89.22	4473.03	14.05	-17.93	2.24
2025-01-09T05:15:38	-2963.14	89.69	4474.67	14.12	-18.06	2.38
2025-01-09T05:15:40	-2969.71	90.16	4476.32	14.18	-18.16	2.50
2025-01-09T05:15:42	-2976.28	90.62	4477.96	14.23	-18.25	2.61
2025-01-09T05:15:44	-2982.85	91.09	4479.60	14.26	-18.32	2.70
2025-01-09T05:15:46	-2989.42	91.56	4481.23	14.28	-18.36	2.78
2025-01-09T05:15:48	-2995.99	92.02	4482.86	14.29	-18.39	2.85
2025-01-09T05:15:50	-3002.55	92.49	4484.49	14.29	-18.39	2.90
2025-01-09T05:15:52	-3009.12	92.96	4486.12	14.27	-18.38	2.94
2025-01-09T05:15:54	-3015.68	93.42	4487.75	14.25	-18.32	2.94
2025-01-09T05:15:56	-3022.24	93.89	4489.37	14.26	-18.20	2.82
2025-01-09T05:15:58	-3028.80	94.35	4490.99	14.28	-18.08	2.70
2025-01-09T05:16:00	-3035.36	94.82	4492.61	14.30	-17.95	2.59
2025-01-09T05:16:02	-3041.91	95.29	4494.22	14.32	-17.81	2.49
2025-01-09T05:16:04	-3048.46	95.76	4495.84	14.34	-17.67	2.39
2025-01-09T05:16:06	-3055.01	96.22	4497.44	14.36	-17.52	2.30
