Time	POS_X	POS_Y	POS_Z	B_X	B_Y	B_Z
2025-01-09T04:27:12	4483.66	-246.20	-3062.75	94.64	1.62	-11.84
2025-01-09T04:27:14	4482.06	-246.29	-3056.18	94.68	1.61	-11.81
2025-01-09T04:27:16	4480.45	-246.38	-3049.61	94.73	1.60	-11.78
2025-01-09T04:27:18	4478.85	-246.48	-3043.03	94.78	1.59	-11.75
2025-01-09T04:27:20	4477.24	-246.57	-3036.46	94.83	1.58	-11.72
2025-01-09T04:27:22	4475.62	-246.66	-3029.88	94.87	1.56	-11.70
2025-01-09T04:27:24	4474.01	-246.75	-3023.30	94.92	1.55	-11.68
2025-01-09T04:27:26	4472.39	-246.84	-3016.72	94.98	1.54	-11.66
2025-01-09T04:27:28	4470.77	-246.93	-3010.14	95.03	1.52	-11.64
2025-01-09T04:27:30	4469.15	-247.02	-3003.55	95.08	1.51	-11.62
2025-01-09T04:27:32	4467.52	-247.11	-2996.97	95.13	1.50	-11.60
2025-01-09T04:27:34	4465.89	-247.20	-2990.38	95.17	1.49	-11.58
2025-01-09T04:27:36	4464.26	-247.29	-2983.79	95.22	1.47	-11.56
2025-01-09T04:27:38	4462.63	-247.38	-2977.20	95.27	1.46	-11.54
2025-01-09T04:27:40	4460.99	-247.47	-2970.61	95.30	1.45	-11.51
2025-01-09T04:27:42	4459.35	-247.56	-2964.01	95.32	1.43	-11.48
2025-01-09T04:27:44	4457.71	-247.66	-2957.42	95.35	1.41	-11.45
2025-01-09T04:27:46	4456.07	-247.74	-2950.82	95.37	1.40	-11.42
2025-01-09T04:27:48	4454.42	-247.83	-2944.22	95.40	1.38	-11.39
2025-01-09T04:27:50	4452.78	-247.92	-2937.62	95.43	1.36	-11.36
2025-01-09T04:27:52	4451.12	-248.01	-2931.02	95.46	1.35	-11.33
2025-01-09T04:27:54	4449.47	-248.10	-2924.41	95.49	1.33	-11.30
2025-01-09T04:27:56	4447.82	-248.19	-2917.81	95.52	1.31	-11.27
2025-01-09T04:27:58	4446.16	-248.28	-2911.20	95.56	1.28	-11.25
2025-01-09T04:28:00	4444.49	-248.37	-2904.59	95.60	1.26	-11.22
2025-01-09T04:28:02	4442.83	-248.46	-2897.98	95.64	1.24	-11.20
2025-01-09T04:28:04	4441.16	-248.54	-2891.37	95.69	1.21	-11.17
2025-01-09T04:28:06	4439.49	-248.63	-2884.75	95.73	1.19	-11.14
2025-01-09T04:28:08	4437.82	-248.72	-2878.14	95.77	1.16	-11.12
2025-01-09T04:28:10	4436.15	-248.81	-2871.52	95.82	1.14	-11.09
2025-01-09T04:28:12	4434.47	-248.89	-2864.90	95.86	1.12	-11.06
2025-01-09T04:28:14	4432.79	-248.98	-2858.28	95.91	1.10	-11.03
2025-01-09T04:28:16	4431.11	-249.07	-2851.65	95.96	1.09	-10.99
2025-01-09T04:28:18	4429.42	-249.16	-2845.03	96.01	1.09	-10.95
2025-01-09T04:28:20	4427.73	-249.25	-2838.40	96.06	1.08	-10.91
2025-01-09T04:28:22	4426.05	-249.33	-2831.77	96.12	1.07	-10.87
2025-01-09T04:28:24	4424.35	-249.42	-2825.14	96.17	1.07	-10.84
2025-01-09T04:28:26	4422.66	-249.50	-2818.51	96.22	1.06	-10.80
2025-01-09T04:28:28	4420.96	-249.59	-2811.88	96.27	1.05	-10.76
2025-01-09T04:28:30	4419.25	-249.68	-2805.24	96.32	1.05	-10.73
2025-01-09T04:28:32	4417.55	-249.76	-2798.61	96.36	1.04	-10.69
2025-01-09T04:28:34	4415.85	-249.85	-2791.97	96.40	1.02	-10.65
2025-01-09T04:28:36	4414.14	-249.94	-2785.33	96.44	1.01	-10.62
2025-01-09T04:28:38	4412.42	-250.02	-2778.69	96.48	1.00	-10.58
2025-01-09T04:28:40	4410.71	-250.11	-2772.04	96.52	0.99	-10.55
2025-01-09T04:28:42	4408.99	-250.19	-2765.40	96.56	0.98	-10.51
2025-01-09T04:28:44	4407.27	-250.28	-2758.75	96.60	0.97	-10.47
2025-01-09T04:28:46	4405.55	-250.36	-2752.10	96.64	0.96	-10.44
2025-01-09T04:28:48	4403.82	-250.45	-2745.45	96.69	0.95	-10.40
2025-01-09T04:28:50	4402.09	-250.53	-2738.80	96.74	0.93	-10.37
2025-01-09T04:28:52	4400.36	-250.61	-2732.14	96.79	0.92	-10.33
2025-01-09T04:28:54	4398.63	-250.70	-2725.49	96.84	0.90	-10.30
2025-01-09T04:28:56	4396.89	-250.79	-2718.83	96.88	0.89	-10.27
2025-01-09T04:28:58	4395.15	-250.87	-2712.17	96.93	0.87	-10.23
2025-01-09T04:29:00	4393.41	-250.95	-2705.51	96.98	0.86	-10.20
2025-01-09T04:29:02	4391.66	-251.04	-2698.85	97.03	0.84	-10.16
2025-01-09T04:29:04	4389.91	-251.12	-2692.18	97.07	0.83	-10.13
2025-01-09T04:29:06	4388.16	-251.20	-2685.52	97.11	0.82	-10.09
2025-01-09T04:29:08	4386.41	-251.29	-2678.85	97.15	0.82	-10.05
2025-01-09T04:29:10	4384.65	-251.37	-2672.18	97.18	0.82	-10.01
2025-01-09T04:29:12	4382.89	-251.45	-2665.51	97.22	0.82	-9.97
2025-01-09T04:29:14	4381.13	-251.54	-2658.84	97.25	0.82	-9.93
2025-01-09T04:29:16	4379.37	-251.62	-2652.16	97.28	0.82	-9.89
2025-01-09T04:29:18	4377.60	-251.70	-2645.48	97.32	0.82	-9.86
2025-01-09T04:29:20	4375.83	-251.78	-2638.81	97.35	0.82	-9.82
2025-01-09T04:29:22	4374.05	-251.86	-2632.13	97.38	0.82	-9.78
2025-01-09T04:29:24	4372.28	-251.95	-2625.44	97.43	0.81	-9.76
2025-01-09T04:29:26	4370.50	-252.03	-2618.76	97.47	0.80	-9.73
2025-01-09T04:29:28	4368.72	-252.11	-2612.08	97.52	0.80	-9.71
2025-01-09T04:29:30	4366.93	-252.19	-2605.39	97.56	0.79	-9.68
2025-01-09T04:29:32	4365.14	-252.27	-2598.70	97.61	0.79	-9.66
2025-01-09T04:29:34	4363.35	-252.35	-2592.01	97.66	0.78	-9.63
2025-01-09T04:29:36	4361.56	-252.44	-2585.32	97.71	0.77	-9.60
2025-01-09T04:29:38	4359.76	-252.52	-2578.62	97.77	0.76	-9.57
2025-01-09T04:29:40	4357.96	-252.60	-2571.93	97.82	0.74	-9.52
2025-01-09T04:29:42	4356.15	-252.68	-2565.23	97.87	0.72	-9.47
2025-01-09T04:29:44	4354.35	-252.76	-2558.53	97.92	0.71	-9.42
2025-01-09T04:29:46	4352.54	-252.84	-2551.83	97.97	0.69	-9.37
2025-01-09T04:29:48	4350.73	-252.92	-2545.13	98.02	0.67	-9.31
2025-01-09T04:29:50	4348.91	-252.99	-2538.42	98.07	0.66	-9.26
2025-01-09T04:29:52	4347.10	-253.07	-2531.72	98.12	0.64	-9.21
2025-01-09T04:29:54	4345.27	-253.15	-2525.01	98.17	0.63	-9.16
2025-01-09T04:29:56	4343.45	-253.23	-2518.30	98.21	0.62	-9.11
2025-01-09T04:29:58	4341.62	-253.31	-2511.59	98.26	0.61	-9.06
2025-01-09T04:30:00	4339.79	-253.39	-2504.87	98.30	0.60	-9.02
2025-01-09T04:30:02	4337.96	-253.47	-2498.16	98.34	0.59	-8.97
2025-01-09T04:30:04	4336.12	-253.55	-2491.44	98.39	0.58	-8.93
2025-01-09T04:30:06	4334.29	-253.63	-2484.73	98.43	0.58	-8.88
2025-01-09T04:30:08	4332.44	-253.70	-2478.00	98.47	0.57	-8.84
2025-01-09T04:30:10	4330.60	-253.78	-2471.28	98.52	0.56	-8.79
2025-01-09T04:30:12	4328.75	-253.86	-2464.56	98.56	0.55	-8.74
2025-01-09T04:30:14	4326.90	-253.94	-2457.83	98.60	0.55	-8.69
2025-01-09T04:30:16	4325.04	-254.01	-2451.11	98.64	0.55	-8.63
2025-01-09T04:30:18	4323.19	-254.09	-2444.38	98.69	0.55	-8.58
2025-01-09T04:30:20	4321.33	-254.17	-2437.65	98.73	0.55	-8.52
2025-01-09T04:30:22	4319.46	-254.25	-2430.91	98.77	0.54	-8.47
2025-01-09T04:30:24	4317.60	-254.32	-2424.18	98.81	0.54	-8.41
2025-01-09T04:30:26	4315.73	-254.40	-2417.44	98.86	0.54	-8.35
2025-01-09T04:30:28	4313.85	-254.47	-2410.71	98.90	0.53	-8.30
2025-01-09T04:30:30	4311.98	-254.55	-2403.97	98.95	0.53	-8.24
2025-01-09T04:30:32	4310.10	-254.63	-2397.23	98.99	0.51	-8.19
2025-01-09T04:30:34	4308.22	-254.70	-2390.48	99.03	0.49	-8.13
2025-01-09T04:30:36	4306.33	-254.78	-2383.74	99.08	0.47	-8.07
2025-01-09T04:30:38	4304.44	-254.85	-2376.99	99.12	0.45	-8.01
2025-01-09T04:30:40	4302.55	-254.93	-2370.24	99.17	0.44	-7.95
2025-01-09T04:30:42	4300.65	-255.00	-2363.49	99.22	0.42	-7.89
2025-01-09T04:30:44	4298.76	-255.08	-2356.74	99.26	0.40	-7.84
2025-01-09T04:30:46	4296.85	-255.15	-2349.99	99.31	0.39	-7.78
2025-01-09T04:30:48	4294.95	-255.22	-2343.23	99.36	0.38	-7.73
2025-01-09T04:30:50	4293.04	-255.30	-2336.48	99.40	0.38	-7.68
2025-01-09T04:30:52	4291.13	-255.37	-2329.72	99.44	0.37	-7.62
2025-01-09T04:30:54	4289.22	-255.45	-2322.96	99.49	0.36	-7.57
2025-01-09T04:30:56	4287.30	-255.52	-2316.19	99.53	0.36	-7.52
2025-01-09T04:30:58	4285.38	-255.59	-2309.43	99.57	0.35	-7.46
2025-01-09T04:31:00	4283.45	-255.67	-2302.67	99.61	0.34	-7.41
2025-01-09T04:31:02	4281.52	-255.74	-2295.90	99.65	0.33	-7.35
2025-01-09T04:31:04	4279.59	-255.81	-2289.13	99.69	0.33	-7.29
2025-01-09T04:31:06	4277.66	-255.88	-2282.36	99.73	0.32	-7.23
2025-01-09T04:31:08	4275.72	-255.96	-2275.59	99.77	0.32	-7.18
2025-01-09T04:31:10	4273.78	-256.03	-2268.81	99.82	0.32	-7.12
2025-01-09T04:31:12	4271.84	-256.10	-2262.03	99.86	0.32	-7.07
2025-01-09T04:31:14	4269.89	-256.17	-2255.26	99.90	0.32	-7.01
2025-01-09T04:31:16	4267.94	-256.24	-2248.48	99.95	0.32	-6.95
2025-01-09T04:31:18	4265.99	-256.31	-2241.69	99.99	0.31	-6.90
2025-01-09T04:31:20	4264.03	-256.39	-2234.91	100.03	0.31	-6.84
2025-01-09T04:31:22	4262.07	-256.46	-2228.13	100.07	0.30	-6.79
2025-01-09T04:31:24	4260.10	-256.53	-2221.34	100.11	0.29	-6.73
2025-01-09T04:31:26	4258.14	-256.60	-2214.55	100.15	0.28	-6.67
2025-01-09T04:31:28	4256.17	-256.67	-2207.76	100.19	0.27	-6.61
2025-01-09T04:31:30	4254.19	-256.74	-2200.97	100.23	0.26	-6.56
2025-01-09T04:31:32	4252.21	-256.81	-2194.17	100.27	0.25	-6.50
2025-01-09T04:31:34	4250.23	-256.88	-2187.38	100.31	0.24	-6.44
2025-01-09T04:31:36	4248.25	-256.94	-2180.58	100.36	0.24	-6.38
2025-01-09T04:31:38	4246.26	-257.01	-2173.78	100.40	0.23	-6.32
2025-01-09T04:31:40	4244.27	-257.08	-2166.98	100.44	0.22	-6.26
2025-01-09T04:31:42	4242.27	-257.15	-2160.18	100.48	0.21	-6.21
2025-01-09T04:31:44	4240.28	-257.22	-2153.38	100.52	0.20	-6.15
2025-01-09T04:31:46	4238.28	-257.29	-2146.57	100.56	0.19	-6.09
2025-01-09T04:31:48	4236.27	-257.36	-2139.76	100.59	0.18	-6.04
2025-01-09T04:31:50	4234.26	-257.42	-2132.95	100.63	0.17	-5.98
2025-01-09T04:31:52	4232.25	-257.49	-2126.14	100.67	0.16	-5.92
2025-01-09T04:31:54	4230.23	-257.56	-2119.33	100.70	0.16	-5.87
2025-01-09T04:31:56	4228.22	-257.63	-2112.51	100.73	0.15	-5.80
2025-01-09T04:31:58	4226.19	-257.69	-2105.70	100.75	0.15	-5.74
2025-01-09T04:32:00	4224.17	-257.76	-2098.88	100.77	0.14	-5.67
2025-01-09T04:32:02	4222.14	-257.83	-2092.06	100.79	0.14	-5.61
2025-01-09T04:32:04	4220.10	-257.89	-2085.23	100.82	0.13	-5.54
2025-01-09T04:32:06	4218.07	-257.96	-2078.41	100.84	0.13	-5.48
2025-01-09T04:32:08	4216.03	-258.03	-2071.58	100.87	0.12	-5.41
2025-01-09T04:32:10	4213.98	-258.09	-2064.76	100.89	0.11	-5.35
2025-01-09T04:32:12	4211.94	-258.16	-2057.93	100.93	0.11	-5.28
2025-01-09T04:32:14	4209.89	-258.22	-2051.10	100.96	0.10	-5.21
2025-01-09T04:32:16	4207.83	-258.29	-2044.27	101.00	0.09	-5.15
2025-01-09T04:32:18	4205.77	-258.35	-2037.43	101.04	0.09	-5.08
2025-01-09T04:32:20	4203.71	-258.42	-2030.59	101.08	0.08	-5.01
2025-01-09T04:32:22	4201.65	-258.48	-2023.76	101.11	0.08	-4.95
2025-01-09T04:32:24	4199.58	-258.54	-2016.92	101.15	0.07	-4.88
2025-01-09T04:32:26	4197.50	-258.61	-2010.08	101.19	0.07	-4.81
2025-01-09T04:32:28	4195.43	-258.67	-2003.24	101.23	0.06	-4.75
2025-01-09T04:32:30	4193.35	-258.74	-1996.39	101.26	0.06	-4.69
2025-01-09T04:32:32	4191.26	-258.80	-1989.54	101.29	0.05	-4.64
2025-01-09T04:32:34	4189.18	-258.86	-1982.70	101.32	0.05	-4.58
2025-01-09T04:32:36	4187.08	-258.92	-1975.84	101.35	0.04	-4.53
2025-01-09T04:32:38	4184.99	-258.99	-1968.99	101.38	0.04	-4.47
2025-01-09T04:32:40	4182.89	-259.05	-1962.14	101.41	0.03	-4.42
2025-01-09T04:32:42	4180.79	-259.11	-1955.28	101.44	0.02	-4.36
2025-01-09T04:32:44	4178.68	-259.17	-1948.43	101.48	0.02	-4.30
2025-01-09T04:32:46	4176.57	-259.23	-1941.57	101.49	0.01	-4.23
2025-01-09T04:32:48	4174.46	-259.29	-1934.71	101.50	-0.00	-4.17
2025-01-09T04:32:50	4172.34	-259.35	-1927.85	101.52	-0.01	-4.10
2025-01-09T04:32:52	4170.22	-259.42	-1920.98	101.53	-0.02	-4.03
2025-01-09T04:32:54	4168.10	-259.48	-1914.12	101.54	-0.03	-3.96
2025-01-09T04:32:56	4165.97	-259.54	-1907.25	101.55	-0.04	-3.89
2025-01-09T04:32:58	4163.84	-259.60	-1900.38	101.56	-0.05	-3.81
2025-01-09T04:33:00	4161.70	-259.66	-1893.51	101.57	-0.06	-3.74
2025-01-09T04:33:02	4159.56	-259.72	-1886.63	101.59	-0.08	-3.67
2025-01-09T04:33:04	4157.42	-259.77	-1879.76	101.62	-0.09	-3.60
2025-01-09T04:33:06	4155.27	-259.84	-1872.89	101.65	-0.11	-3.53
2025-01-09T04:33:08	4153.12	-259.89	-1866.01	101.68	-0.12	-3.47
2025-01-09T04:33:10	4150.96	-259.95	-1859.13	101.71	-0.14	-3.40
2025-01-09T04:33:12	4148.81	-260.01	-1852.25	101.74	-0.16	-3.33
2025-01-09T04:33:14	4146.64	-260.07	-1845.36	101.77	-0.17	-3.27
2025-01-09T04:33:16	4144.47	-260.13	-1838.48	101.80	-0.19	-3.20
2025-01-09T04:33:18	4142.30	-260.18	-1831.59	101.83	-0.20	-3.13
2025-01-09T04:33:20	4140.13	-260.24	-1824.71	101.85	-0.20	-3.04
2025-01-09T04:33:22	4137.95	-260.30	-1817.81	101.87	-0.20	-2.95
2025-01-09T04:33:24	4135.77	-260.36	-1810.92	101.89	-0.20	-2.86
2025-01-09T04:33:26	4133.58	-260.41	-1804.03	101.91	-0.20	-2.77
2025-01-09T04:33:28	4131.39	-260.47	-1797.13	101.93	-0.19	-2.68
2025-01-09T04:33:30	4129.19	-260.52	-1790.24	101.95	-0.19	-2.59
2025-01-09T04:33:32	4127.00	-260.58	-1783.34	101.98	-0.18	-2.50
2025-01-09T04:33:34	4124.80	-260.64	-1776.44	102.00	-0.18	-2.41
2025-01-09T04:33:36	4122.59	-260.69	-1769.54	102.01	-0.18	-2.34
2025-01-09T04:33:38	4120.38	-260.75	-1762.63	102.02	-0.19	-2.26
2025-01-09T04:33:40	4118.16	-260.80	-1755.73	102.03	-0.19	-2.18
2025-01-09T04:33:42	4115.95	-260.86	-1748.82	102.04	-0.20	-2.11
2025-01-09T04:33:44	4113.72	-260.91	-1741.91	102.06	-0.20	-2.03
2025-01-09T04:33:46	4111.50	-260.96	-1735.00	102.07	-0.21	-1.95
2025-01-09T04:33:48	4109.27	-261.02	-1728.09	102.08	-0.22	-1.87
2025-01-09T04:33:50	4107.03	-261.07	-1721.18	102.09	-0.22	-1.79
2025-01-09T04:33:52	4104.79	-261.12	-1714.26	102.10	-0.24	-1.71
2025-01-09T04:33:54	4102.55	-261.18	-1707.34	102.12	-0.25	-1.62
2025-01-09T04:33:56	4100.30	-261.23	-1700.42	102.13	-0.27	-1.53
2025-01-09T04:33:58	4098.05	-261.28	-1693.50	102.15	-0.29	-1.44
2025-01-09T04:34:00	4095.80	-261.33	-1686.58	102.16	-0.30	-1.35
2025-01-09T04:34:02	4093.54	-261.38	-1679.65	102.17	-0.32	-1.26
2025-01-09T04:34:04	4091.27	-261.44	-1672.73	102.18	-0.33	-1.16
2025-01-09T04:34:06	4089.01	-261.49	-1665.80	102.19	-0.34	-1.07
2025-01-09T04:34:08	4086.73	-261.54	-1658.87	102.20	-0.35	-0.98
2025-01-09T04:34:10	4084.46	-261.59	-1651.94	102.20	-0.35	-0.90
2025-01-09T04:34:12	4082.18	-261.64	-1645.01	102.20	-0.35	-0.82
2025-01-09T04:34:14	4079.89	-261.69	-1638.07	102.21	-0.36	-0.75
2025-01-09T04:34:16	4077.61	-261.74	-1631.14	102.21	-0.36	-0.67
2025-01-09T04:34:18	4075.31	-261.79	-1624.20	102.21	-0.36	-0.59
2025-01-09T04:34:20	4073.02	-261.84	-1617.26	102.22	-0.36	-0.51
2025-01-09T04:34:22	4070.72	-261.89	-1610.32	102.22	-0.36	-0.43
2025-01-09T04:34:24	4068.41	-261.94	-1603.38	102.23	-0.36	-0.35
2025-01-09T04:34:26	4066.10	-261.99	-1596.43	102.24	-0.36	-0.27
2025-01-09T04:34:28	4063.79	-262.03	-1589.49	102.25	-0.37	-0.18
2025-01-09T04:34:30	4061.47	-262.08	-1582.54	102.26	-0.37	-0.09
2025-01-09T04:34:32	4059.14	-262.13	-1575.59	102.27	-0.37	-0.00
2025-01-09T04:34:34	4056.82	-262.18	-1568.64	102.27	-0.38	0.09
2025-01-09T04:34:36	4054.49	-262.22	-1561.68	102.28	-0.38	0.18
2025-01-09T04:34:38	4052.15	-262.27	-1554.73	102.29	-0.39	0.26
2025-01-09T04:34:40	4049.81	-262.32	-1547.77	102.30	-0.39	0.35
2025-01-09T04:34:42	4047.47	-262.37	-1540.82	102.30	-0.40	0.45
2025-01-09T04:34:44	4045.12	-262.41	-1533.86	102.30	-0.40	0.54
2025-01-09T04:34:46	4042.77	-262.46	-1526.90	102.29	-0.41	0.64
2025-01-09T04:34:48	4040.41	-262.50	-1519.93	102.29	-0.42	0.74
2025-01-09T04:34:50	4038.05	-262.55	-1512.97	102.29	-0.43	0.83
2025-01-09T04:34:52	4035.68	-262.59	-1506.00	102.29	-0.43	0.93
2025-01-09T04:34:54	4033.31	-262.64	-1499.03	102.29	-0.44	1.03
2025-01-09T04:34:56	4030.93	-262.68	-1492.06	102.28	-0.45	1.13
2025-01-09T04:34:58	4028.55	-262.72	-1485.09	102.27	-0.46	1.22
2025-01-09T04:35:00	4026.17	-262.77	-1478.12	102.25	-0.47	1.32
2025-01-09T04:35:02	4023.78	-262.81	-1471.14	102.23	-0.47	1.41
2025-01-09T04:35:04	4021.39	-262.85	-1464.17	102.20	-0.48	1.51
2025-01-09T04:35:06	4018.99	-262.90	-1457.19	102.18	-0.48	1.61
2025-01-09T04:35:08	4016.59	-262.94	-1450.21	102.16	-0.49	1.71
2025-01-09T04:35:10	4014.18	-262.98	-1443.23	102.15	-0.49	1.81
2025-01-09T04:35:12	4011.77	-263.02	-1436.25	102.13	-0.50	1.91
2025-01-09T04:35:14	4009.36	-263.07	-1429.26	102.13	-0.50	2.01
2025-01-09T04:35:16	4006.94	-263.11	-1422.28	102.13	-0.51	2.11
2025-01-09T04:35:18	4004.51	-263.15	-1415.29	102.14	-0.52	2.21
2025-01-09T04:35:20	4002.08	-263.19	-1408.30	102.14	-0.53	2.31
2025-01-09T04:35:22	3999.65	-263.23	-1401.31	102.14	-0.54	2.41
2025-01-09T04:35:24	3997.21	-263.27	-1394.32	102.14	-0.55	2.51
2025-01-09T04:35:26	3994.77	-263.31	-1387.33	102.14	-0.56	2.62
2025-01-09T04:35:28	3992.32	-263.35	-1380.33	102.13	-0.58	2.73
2025-01-09T04:35:30	3989.87	-263.39	-1373.33	102.12	-0.59	2.83
2025-01-09T04:35:32	3987.41	-263.42	-1366.33	102.10	-0.61	2.94
2025-01-09T04:35:34	3984.95	-263.46	-1359.33	102.09	-0.62	3.05
2025-01-09T04:35:36	3982.49	-263.50	-1352.33	102.07	-0.64	3.16
2025-01-09T04:35:38	3980.01	-263.54	-1345.33	102.05	-0.66	3.26
2025-01-09T04:35:40	3977.54	-263.58	-1338.32	102.03	-0.67	3.37
2025-01-09T04:35:42	3975.06	-263.62	-1331.32	102.01	-0.69	3.48
2025-01-09T04:35:44	3972.57	-263.65	-1324.31	101.98	-0.71	3.58
2025-01-09T04:35:46	3970.08	-263.69	-1317.30	101.96	-0.73	3.69
2025-01-09T04:35:48	3967.59	-263.72	-1310.29	101.94	-0.74	3.79
2025-01-09T04:35:50	3965.09	-263.76	-1303.27	101.92	-0.76	3.90
2025-01-09T04:35:52	3962.58	-263.80	-1296.26	101.90	-0.77	4.00
2025-01-09T04:35:54	3960.07	-263.83	-1289.24	101.88	-0.79	4.11
2025-01-09T04:35:56	3957.56	-263.87	-1282.22	101.87	-0.80	4.22
2025-01-09T04:35:58	3955.04	-263.90	-1275.20	101.85	-0.81	4.33
2025-01-09T04:36:00	3952.52	-263.93	-1268.19	101.83	-0.83	4.45
2025-01-09T04:36:02	3949.99	-263.97	-1261.16	101.81	-0.84	4.56
2025-01-09T04:36:04	3947.46	-264.00	-1254.14	101.79	-0.85	4.67
2025-01-09T04:36:06	3944.92	-264.03	-1247.11	101.76	-0.87	4.78
2025-01-09T04:36:08	3942.38	-264.07	-1240.09	101.73	-0.88	4.89
2025-01-09T04:36:10	3939.83	-264.10	-1233.06	101.69	-0.89	5.00
2025-01-09T04:36:12	3937.28	-264.13	-1226.03	101.66	-0.90	5.12
2025-01-09T04:36:14	3934.72	-264.17	-1219.00	101.63	-0.92	5.23
2025-01-09T04:36:16	3932.16	-264.20	-1211.96	101.59	-0.93	5.34
2025-01-09T04:36:18	3929.59	-264.23	-1204.93	101.55	-0.94	5.46
2025-01-09T04:36:20	3927.02	-264.26	-1197.89	101.51	-0.96	5.56
2025-01-09T04:36:22	3924.44	-264.29	-1190.85	101.47	-0.97	5.66
2025-01-09T04:36:24	3921.86	-264.32	-1183.81	101.43	-0.98	5.77
2025-01-09T04:36:26	3919.27	-264.35	-1176.77	101.40	-0.99	5.87
2025-01-09T04:36:28	3916.68	-264.38	-1169.73	101.37	-1.00	5.97
2025-01-09T04:36:30	3914.08	-264.41	-1162.69	101.34	-1.01	6.07
2025-01-09T04:36:32	3911.48	-264.44	-1155.64	101.31	-1.02	6.17
2025-01-09T04:36:34	3908.87	-264.47	-1148.60	101.28	-1.04	6.27
2025-01-09T04:36:36	3906.26	-264.50	-1141.55	101.24	-1.05	6.38
2025-01-09T04:36:38	3903.64	-264.52	-1134.50	101.19	-1.06	6.49
2025-01-09T04:36:40	3901.02	-264.55	-1127.45	101.14	-1.07	6.60
2025-01-09T04:36:42	3898.39	-264.58	-1120.39	101.09	-1.09	6.71
2025-01-09T04:36:44	3895.76	-264.60	-1113.34	101.03	-1.10	6.83
2025-01-09T04:36:46	3893.12	-264.63	-1106.29	100.98	-1.11	6.94
2025-01-09T04:36:48	3890.48	-264.66	-1099.23	100.93	-1.13	7.05
2025-01-09T04:36:50	3887.83	-264.68	-1092.17	100.87	-1.14	7.17
2025-01-09T04:36:52	3885.17	-264.71	-1085.11	100.82	-1.15	7.27
2025-01-09T04:36:54	3882.52	-264.73	-1078.05	100.76	-1.15	7.36
2025-01-09T04:36:56	3879.85	-264.76	-1070.98	100.70	-1.15	7.46
2025-01-09T04:36:58	3877.18	-264.78	-1063.92	100.65	-1.15	7.55
2025-01-09T04:37:00	3874.51	-264.81	-1056.85	100.59	-1.15	7.65
2025-01-09T04:37:02	3871.83	-264.83	-1049.79	100.54	-1.15	7.75
2025-01-09T04:37:04	3869.14	-264.85	-1042.72	100.49	-1.15	7.84
2025-01-09T04:37:06	3866.45	-264.87	-1035.65	100.43	-1.15	7.94
2025-01-09T04:37:08	3863.76	-264.90	-1028.58	100.38	-1.15	8.03
2025-01-09T04:37:10	3861.06	-264.92	-1021.51	100.32	-1.17	8.13
2025-01-09T04:37:12	3858.35	-264.94	-1014.43	100.26	-1.18	8.22
2025-01-09T04:37:14	3855.64	-264.96	-1007.36	100.19	-1.20	8.31
2025-01-09T04:37:16	3852.92	-264.98	-1000.28	100.13	-1.21	8.40
2025-01-09T04:37:18	3850.20	-265.00	-993.20	100.06	-1.23	8.50
2025-01-09T04:37:20	3847.47	-265.02	-986.12	100.00	-1.25	8.59
2025-01-09T04:37:22	3844.74	-265.05	-979.04	99.94	-1.27	8.69
2025-01-09T04:37:24	3842.00	-265.06	-971.96	99.87	-1.30	8.79
2025-01-09T04:37:26	3839.26	-265.08	-964.87	99.79	-1.31	8.91
2025-01-09T04:37:28	3836.51	-265.10	-957.79	99.72	-1.33	9.03
2025-01-09T04:37:30	3833.76	-265.12	-950.70	99.64	-1.35	9.15
2025-01-09T04:37:32	3831.00	-265.14	-943.61	99.56	-1.36	9.26
2025-01-09T04:37:34	3828.23	-265.15	-936.52	99.49	-1.37	9.38
2025-01-09T04:37:36	3825.46	-265.17	-929.43	99.41	-1.38	9.50
2025-01-09T04:37:38	3822.68	-265.19	-922.34	99.33	-1.39	9.61
2025-01-09T04:37:40	3819.90	-265.21	-915.25	99.25	-1.39	9.72
2025-01-09T04:37:42	3817.12	-265.22	-908.15	99.15	-1.40	9.81
2025-01-09T04:37:44	3814.33	-265.24	-901.06	99.06	-1.40	9.89
2025-01-09T04:37:46	3811.52	-265.25	-893.96	98.97	-1.40	9.99
2025-01-09T04:37:48	3808.72	-265.27	-886.86	98.87	-1.40	10.08
2025-01-09T04:37:50	3805.91	-265.28	-879.76	98.78	-1.40	10.17
2025-01-09T04:37:52	3803.10	-265.30	-872.66	98.68	-1.41	10.26
2025-01-09T04:37:54	3800.28	-265.31	-865.56	98.59	-1.41	10.36
2025-01-09T04:37:56	3797.45	-265.32	-858.45	98.49	-1.41	10.45
2025-01-09T04:37:58	3794.62	-265.34	-851.35	98.41	-1.40	10.55
2025-01-09T04:38:00	3791.78	-265.35	-844.24	98.33	-1.40	10.65
2025-01-09T04:38:02	3788.94	-265.36	-837.14	98.24	-1.40	10.76
2025-01-09T04:38:04	3786.09	-265.37	-830.03	98.16	-1.40	10.86
2025-01-09T04:38:06	3783.23	-265.38	-822.92	98.07	-1.39	10.97
2025-01-09T04:38:08	3780.37	-265.39	-815.81	97.98	-1.39	11.08
2025-01-09T04:38:10	3777.51	-265.40	-808.69	97.90	-1.39	11.19
2025-01-09T04:38:12	3774.64	-265.41	-801.58	97.81	-1.38	11.30
2025-01-09T04:38:14	3771.76	-265.42	-794.46	97.70	-1.38	11.40
2025-01-09T04:38:16	3768.88	-265.43	-787.35	97.60	-1.38	11.50
2025-01-09T04:38:18	3765.99	-265.44	-780.23	97.49	-1.38	11.59
2025-01-09T04:38:20	3763.09	-265.45	-773.11	97.39	-1.37	11.69
2025-01-09T04:38:22	3760.19	-265.46	-765.99	97.28	-1.37	11.79
2025-01-09T04:38:24	3757.29	-265.46	-758.87	97.17	-1.37	11.89
2025-01-09T04:38:26	3754.37	-265.47	-751.75	97.07	-1.36	11.98
2025-01-09T04:38:28	3751.46	-265.48	-744.63	96.96	-1.36	12.08
2025-01-09T04:38:30	3748.53	-265.48	-737.50	96.85	-1.37	12.19
2025-01-09T04:38:32	3745.60	-265.49	-730.37	96.74	-1.37	12.29
2025-01-09T04:38:34	3742.67	-265.50	-723.25	96.63	-1.37	12.40
2025-01-09T04:38:36	3739.72	-265.50	-716.12	96.52	-1.37	12.51
2025-01-09T04:38:38	3736.78	-265.51	-708.99	96.40	-1.37	12.61
2025-01-09T04:38:40	3733.82	-265.51	-701.86	96.29	-1.38	12.72
2025-01-09T04:38:42	3730.86	-265.51	-694.73	96.18	-1.37	12.84
2025-01-09T04:38:44	3727.90	-265.52	-687.60	96.07	-1.37	12.95
2025-01-09T04:38:46	3724.93	-265.52	-680.46	95.96	-1.38	13.05
2025-01-09T04:38:48	3721.95	-265.52	-673.33	95.86	-1.38	13.16
2025-01-09T04:38:50	3718.97	-265.52	-666.20	95.75	-1.39	13.27
2025-01-09T04:38:52	3715.98	-265.53	-659.06	95.64	-1.39	13.38
2025-01-09T04:38:54	3712.98	-265.53	-651.92	95.53	-1.40	13.49
2025-01-09T04:38:56	3709.98	-265.53	-644.78	95.41	-1.40	13.60
2025-01-09T04:38:58	3706.97	-265.53	-637.64	95.30	-1.41	13.72
2025-01-09T04:39:00	3703.96	-265.53	-630.50	95.18	-1.41	13.84
2025-01-09T04:39:02	3700.94	-265.53	-623.36	95.07	-1.41	13.95
2025-01-09T04:39:04	3697.91	-265.53	-616.21	94.95	-1.40	14.07
2025-01-09T04:39:06	3694.88	-265.52	-609.07	94.83	-1.39	14.18
2025-01-09T04:39:08	3691.84	-265.52	-601.93	94.72	-1.38	14.29
2025-01-09T04:39:10	3688.80	-265.52	-594.78	94.60	-1.38	14.41
2025-01-09T04:39:12	3685.75	-265.52	-587.63	94.48	-1.37	14.52
2025-01-09T04:39:14	3682.69	-265.51	-580.49	94.36	-1.36	14.64
2025-01-09T04:39:16	3679.63	-265.51	-573.34	94.24	-1.36	14.75
2025-01-09T04:39:18	3676.56	-265.50	-566.18	94.12	-1.36	14.86
2025-01-09T04:39:20	3673.48	-265.50	-559.04	94.01	-1.37	14.98
2025-01-09T04:39:22	3670.40	-265.49	-551.88	93.90	-1.38	15.10
2025-01-09T04:39:24	3667.31	-265.49	-544.73	93.79	-1.39	15.22
2025-01-09T04:39:26	3664.22	-265.48	-537.58	93.68	-1.40	15.35
2025-01-09T04:39:28	3661.12	-265.48	-530.42	93.57	-1.41	15.47
2025-01-09T04:39:30	3658.01	-265.47	-523.27	93.45	-1.41	15.60
2025-01-09T04:39:32	3654.90	-265.46	-516.11	93.33	-1.42	15.72
2025-01-09T04:39:34	3651.78	-265.45	-508.95	93.21	-1.44	15.84
2025-01-09T04:39:36	3648.65	-265.45	-501.79	93.08	-1.45	15.96
2025-01-09T04:39:38	3645.52	-265.44	-494.63	92.95	-1.46	16.09
2025-01-09T04:39:40	3642.38	-265.43	-487.47	92.82	-1.48	16.21
2025-01-09T04:39:42	3639.24	-265.42	-480.31	92.69	-1.49	16.33
2025-01-09T04:39:44	3636.08	-265.41	-473.15	92.56	-1.49	16.46
2025-01-09T04:39:46	3632.93	-265.39	-465.99	92.42	-1.50	16.58
2025-01-09T04:39:48	3629.76	-265.38	-458.82	92.28	-1.50	16.70
2025-01-09T04:39:50	3626.59	-265.37	-451.66	92.13	-1.50	16.80
2025-01-09T04:39:52	3623.41	-265.36	-444.49	91.97	-1.49	16.90
2025-01-09T04:39:54	3620.23	-265.35	-437.33	91.81	-1.48	17.00
2025-01-09T04:39:56	3617.04	-265.33	-430.16	91.65	-1.48	17.10
2025-01-09T04:39:58	3613.84	-265.32	-423.00	91.48	-1.48	17.21
2025-01-09T04:40:00	3610.64	-265.31	-415.83	91.31	-1.49	17.32
2025-01-09T04:40:02	3607.43	-265.29	-408.66	91.14	-1.50	17.42
2025-01-09T04:40:04	3604.21	-265.27	-401.49	90.98	-1.51	17.53
2025-01-09T04:40:06	3600.99	-265.26	-394.32	90.82	-1.54	17.65
2025-01-09T04:40:08	3597.76	-265.24	-387.15	90.65	-1.57	17.77
2025-01-09T04:40:10	3594.52	-265.23	-379.97	90.49	-1.59	17.89
2025-01-09T04:40:12	3591.27	-265.21	-372.80	90.33	-1.62	18.01
2025-01-09T04:40:14	3588.02	-265.19	-365.63	90.17	-1.66	18.13
2025-01-09T04:40:16	3584.77	-265.17	-358.45	90.01	-1.69	18.24
2025-01-09T04:40:18	3581.51	-265.15	-351.28	89.85	-1.72	18.36
2025-01-09T04:40:20	3578.24	-265.14	-344.10	89.67	-1.75	18.46
2025-01-09T04:40:22	3574.96	-265.12	-336.93	89.48	-1.77	18.54
2025-01-09T04:40:24	3571.67	-265.09	-329.75	89.27	-1.79	18.62
2025-01-09T04:40:26	3568.39	-265.07	-322.57	89.07	-1.81	18.69
2025-01-09T04:40:28	3565.09	-265.05	-315.40	88.86	-1.83	18.77
2025-01-09T04:40:30	3561.78	-265.03	-308.22	88.64	-1.84	18.85
2025-01-09T04:40:32	3558.47	-265.01	-301.04	88.40	-1.86	18.92
2025-01-09T04:40:34	3555.15	-264.99	-293.86	88.16	-1.87	19.00
2025-01-09T04:40:36	3551.83	-264.96	-286.68	87.92	-1.89	19.08
2025-01-09T04:40:38	3548.50	-264.94	-279.50	87.68	-1.92	19.14
2025-01-09T04:40:40	3545.16	-264.92	-272.32	87.44	-1.95	19.21
2025-01-09T04:40:42	3541.81	-264.89	-265.14	87.19	-1.98	19.27
2025-01-09T04:40:44	3538.46	-264.86	-257.95	86.95	-2.01	19.34
2025-01-09T04:40:46	3535.10	-264.84	-250.77	86.70	-2.04	19.40
2025-01-09T04:40:48	3531.74	-264.81	-243.59	86.45	-2.07	19.47
2025-01-09T04:40:50	3528.36	-264.78	-236.40	86.20	-2.10	19.53
2025-01-09T04:40:52	3524.99	-264.76	-229.22	85.95	-2.12	19.58
2025-01-09T04:40:54	3521.60	-264.73	-222.04	85.70	-2.12	19.59
2025-01-09T04:40:56	3518.20	-264.70	-214.85	85.45	-2.12	19.61
2025-01-09T04:40:58	3514.80	-264.67	-207.66	85.19	-2.11	19.62
2025-01-09T04:41:00	3511.40	-264.64	-200.48	84.94	-2.10	19.64
2025-01-09T04:41:02	3507.98	-264.61	-193.29	84.69	-2.09	19.66
2025-01-09T04:41:04	3504.56	-264.58	-186.10	84.43	-2.07	19.68
2025-01-09T04:41:06	3501.13	-264.55	-178.92	84.17	-2.05	19.70
2025-01-09T04:41:08	3497.69	-264.52	-171.73	83.90	-2.04	19.73
2025-01-09T04:41:10	3494.25	-264.48	-164.54	83.63	-2.06	19.75
2025-01-09T04:41:12	3490.80	-264.45	-157.35	83.36	-2.08	19.77
2025-01-09T04:41:14	3487.34	-264.42	-150.16	83.08	-2.11	19.79
2025-01-09T04:41:16	3483.88	-264.39	-142.97	82.80	-2.13	19.80
2025-01-09T04:41:18	3480.41	-264.35	-135.79	82.52	-2.16	19.82
2025-01-09T04:41:20	3476.93	-264.32	-128.60	82.23	-2.20	19.83
2025-01-09T04:41:22	3473.44	-264.28	-121.41	81.94	-2.23	19.84
2025-01-09T04:41:24	3469.95	-264.24	-114.22	81.64	-2.27	19.83
2025-01-09T04:41:26	3466.45	-264.21	-107.03	81.35	-2.29	19.80
2025-01-09T04:41:28	3462.94	-264.17	-99.84	81.05	-2.32	19.76
2025-01-09T04:41:30	3459.42	-264.13	-92.65	80.76	-2.34	19.73
2025-01-09T04:41:32	3455.90	-264.09	-85.46	80.46	-2.36	19.70
2025-01-09T04:41:34	3452.37	-264.05	-78.26	80.17	-2.38	19.67
2025-01-09T04:41:36	3448.83	-264.01	-71.07	79.87	-2.40	19.64
2025-01-09T04:41:38	3445.29	-263.97	-63.88	79.56	-2.41	19.63
2025-01-09T04:41:40	3441.74	-263.93	-56.69	79.25	-2.42	19.65
2025-01-09T04:41:42	3438.18	-263.89	-49.50	78.97	-2.42	19.69
2025-01-09T04:41:44	3434.61	-263.85	-42.31	78.67	-2.43	19.72
2025-01-09T04:41:46	3431.04	-263.81	-35.11	78.37	-2.44	19.74
2025-01-09T04:41:48	3427.45	-263.76	-27.92	78.07	-2.45	19.77
2025-01-09T04:41:50	3423.86	-263.72	-20.73	77.75	-2.47	19.79
2025-01-09T04:41:52	3420.27	-263.68	-13.54	77.43	-2.48	19.81
2025-01-09T04:41:54	3416.67	-263.63	-6.35	77.10	-2.50	19.82
2025-01-09T04:41:56	3413.05	-263.59	0.84	76.75	-2.51	19.77
2025-01-09T04:41:58	3409.43	-263.54	8.04	76.36	-2.52	19.65
2025-01-09T04:42:00	3405.81	-263.49	15.23	75.96	-2.54	19.54
2025-01-09T04:42:02	3402.17	-263.44	22.42	75.55	-2.55	19.43
2025-01-09T04:42:04	3398.53	-263.40	29.61	75.14	-2.58	19.32
2025-01-09T04:42:06	3394.88	-263.35	36.80	74.72	-2.60	19.21
2025-01-09T04:42:08	3391.23	-263.30	44.00	74.28	-2.64	19.11
2025-01-09T04:42:10	3387.56	-263.25	51.19	73.88	-2.67	19.03
2025-01-09T04:42:12	3383.89	-263.20	58.38	73.50	-2.73	18.95
2025-01-09T04:42:14	3380.21	-263.15	65.57	73.12	-2.80	18.88
2025-01-09T04:42:16	3376.53	-263.10	72.76	72.74	-2.87	18.82
2025-01-09T04:42:18	3372.83	-263.05	79.95	72.35	-2.93	18.76
2025-01-09T04:42:20	3369.13	-262.99	87.14	71.96	-2.99	18.70
2025-01-09T04:42:22	3365.42	-262.94	94.34	71.56	-3.04	18.65
2025-01-09T04:42:24	3361.70	-262.89	101.53	71.16	-3.10	18.60
2025-01-09T04:42:26	3357.97	-262.83	108.72	70.76	-3.14	18.55
2025-01-09T04:42:28	3354.24	-262.78	115.90	70.39	-3.10	18.48
2025-01-09T04:42:30	3350.50	-262.72	123.10	70.05	-3.02	18.39
2025-01-09T04:42:32	3346.75	-262.67	130.29	69.71	-2.95	18.29
2025-01-09T04:42:34	3343.00	-262.61	137.47	69.37	-2.90	18.19
2025-01-09T04:42:36	3339.23	-262.55	144.67	69.03	-2.85	18.09
2025-01-09T04:42:38	3335.46	-262.49	151.85	68.69	-2.82	17.98
2025-01-09T04:42:40	3331.68	-262.43	159.04	68.32	-2.80	17.90
2025-01-09T04:42:42	3327.89	-262.37	166.23	67.92	-2.78	17.86
2025-01-09T04:42:44	3324.09	-262.31	173.42	67.42	-2.55	17.81
2025-01-09T04:42:46	3320.29	-262.25	180.60	66.83	-2.18	17.75
2025-01-09T04:42:48	3316.48	-262.19	187.79	66.21	-1.76	17.71
2025-01-09T04:42:50	3312.66	-262.13	194.98	65.58	-1.30	17.69
2025-01-09T04:42:52	3308.83	-262.07	202.16	64.91	-0.80	17.68
2025-01-09T04:42:54	3305.00	-262.00	209.35	64.22	-0.24	17.70
2025-01-09T04:42:56	3301.16	-261.94	216.53	63.51	0.36	17.72
2025-01-09T04:42:58	3297.30	-261.88	223.71	62.77	1.00	17.77
2025-01-09T04:43:00	3293.45	-261.81	230.90	61.22	1.55	17.61
2025-01-09T04:43:02	3289.58	-261.75	238.08	59.28	2.06	17.34
2025-01-09T04:43:04	3285.70	-261.68	245.26	57.27	2.56	17.02
2025-01-09T04:43:06	3281.82	-261.61	252.44	55.19	3.08	16.67
2025-01-09T04:43:08	3277.93	-261.54	259.63	53.04	3.59	16.29
2025-01-09T04:43:10	3274.03	-261.48	266.81	50.88	4.02	15.80
2025-01-09T04:43:12	3270.12	-261.41	273.99	48.77	4.36	15.26
2025-01-09T04:43:14	3266.21	-261.34	281.17	46.68	4.65	14.71
2025-01-09T04:43:16	3262.28	-261.27	288.34	44.15	4.37	14.19
2025-01-09T04:43:18	3258.35	-261.19	295.52	41.47	3.94	13.72
2025-01-09T04:43:20	3254.41	-261.12	302.70	38.78	3.54	13.31
2025-01-09T04:43:22	3250.47	-261.05	309.88	36.10	3.17	12.94
2025-01-09T04:43:24	3246.51	-260.98	317.05	33.41	2.83	12.61
2025-01-09T04:43:26	3242.55	-260.90	324.23	30.71	2.53	12.34
2025-01-09T04:43:28	3238.57	-260.83	331.40	28.02	2.25	12.11
2025-01-09T04:43:30	3234.59	-260.76	338.57	25.32	2.01	11.93
2025-01-09T04:43:32	3230.60	-260.68	345.75	22.68	2.08	11.85
2025-01-09T04:43:34	3226.61	-260.60	352.92	20.10	2.23	11.76
2025-01-09T04:43:36	3222.60	-260.53	360.09	17.58	2.38	11.63
2025-01-09T04:43:38	3218.59	-260.45	367.26	15.11	2.52	11.45
2025-01-09T04:43:40	3214.57	-260.37	374.43	12.62	2.65	11.18
2025-01-09T04:43:42	3210.54	-260.29	381.59	10.14	2.78	10.93
2025-01-09T04:43:44	3206.50	-260.21	388.76	7.67	2.92	10.70
2025-01-09T04:43:46	3202.45	-260.13	395.93	5.22	3.04	10.49
2025-01-09T04:43:48	3198.40	-260.05	403.09	2.43	2.95	10.57
2025-01-09T04:43:50	3194.34	-259.97	410.25	-0.36	2.83	10.70
2025-01-09T04:43:52	3190.26	-259.89	417.42	-3.06	2.73	10.81
2025-01-09T04:43:54	3186.19	-259.80	424.58	-5.67	2.66	10.89
2025-01-09T04:43:56	3182.10	-259.72	431.74	-8.19	2.62	10.96
2025-01-09T04:43:58	3178.00	-259.64	438.90	-10.62	2.61	11.00
2025-01-09T04:44:00	3173.90	-259.55	446.06	-12.96	2.63	11.03
2025-01-09T04:44:02	3169.78	-259.46	453.21	-15.21	2.67	11.03
2025-01-09T04:44:04	3165.66	-259.38	460.37	-17.53	2.71	11.32
2025-01-09T04:44:06	3161.53	-259.29	467.52	-19.83	2.67	11.71
2025-01-09T04:44:08	3157.39	-259.20	474.68	-22.19	2.40	12.29
2025-01-09T04:44:10	3153.24	-259.11	481.83	-24.46	2.11	12.88
2025-01-09T04:44:12	3149.09	-259.02	488.98	-26.65	1.79	13.48
2025-01-09T04:44:14	3144.92	-258.93	496.13	-28.74	1.46	14.09
2025-01-09T04:44:16	3140.75	-258.84	503.28	-30.74	1.11	14.71
2025-01-09T04:44:18	3136.57	-258.75	510.42	-32.65	0.74	15.34
2025-01-09T04:44:20	3132.38	-258.66	517.57	-34.93	0.43	16.19
2025-01-09T04:44:22	3128.18	-258.56	524.71	-37.19	0.14	17.04
2025-01-09T04:44:24	3123.98	-258.47	531.85	-39.33	-0.15	17.81
2025-01-09T04:44:26	3119.76	-258.38	538.99	-41.35	-0.44	18.50
2025-01-09T04:44:28	3115.54	-258.28	546.13	-43.24	-0.73	19.13
2025-01-09T04:44:30	3111.31	-258.19	553.27	-45.01	-1.02	19.68
2025-01-09T04:44:32	3107.06	-258.09	560.41	-46.65	-1.30	20.15
2025-01-09T04:44:34	3102.81	-257.99	567.54	-48.30	-1.41	20.82
2025-01-09T04:44:36	3098.56	-257.89	574.68	-49.59	-0.96	22.66
2025-01-09T04:44:38	3094.29	-257.80	581.81	-50.73	-0.41	24.61
2025-01-09T04:44:40	3090.01	-257.70	588.94	-51.84	0.15	26.45
2025-01-09T04:44:42	3085.73	-257.60	596.07	-52.90	0.74	28.19
2025-01-09T04:44:44	3081.43	-257.50	603.19	-53.93	1.35	29.82
2025-01-09T04:44:46	3077.14	-257.39	610.32	-54.91	1.98	31.33
2025-01-09T04:44:48	3072.82	-257.29	617.44	-55.86	2.63	32.74
2025-01-09T04:44:50	3068.50	-257.19	624.56	-56.76	3.31	34.04
2025-01-09T04:44:52	3064.18	-257.08	631.68	-57.52	3.69	35.22
2025-01-09T04:44:54	3059.84	-256.98	638.80	-58.33	3.95	36.46
2025-01-09T04:44:56	3055.49	-256.87	645.92	-59.22	4.16	37.78
2025-01-09T04:44:58	3051.14	-256.77	653.03	-60.18	4.33	39.20
2025-01-09T04:45:00	3046.78	-256.66	660.14	-61.24	4.45	40.70
2025-01-09T04:45:02	3042.41	-256.55	667.25	-62.41	4.49	42.16
2025-01-09T04:45:04	3038.03	-256.44	674.36	-63.57	4.50	43.50
2025-01-09T04:45:06	3033.64	-256.33	681.47	-64.72	4.49	44.74
2025-01-09T04:45:08	3029.24	-256.22	688.57	-66.00	4.57	45.38
2025-01-09T04:45:10	3024.83	-256.11	695.68	-67.38	4.67	45.91
2025-01-09T04:45:12	3020.42	-256.00	702.78	-68.82	4.74	46.54
2025-01-09T04:45:14	3015.99	-255.89	709.87	-70.31	4.78	47.25
2025-01-09T04:45:16	3011.56	-255.78	716.97	-71.86	4.78	48.07
2025-01-09T04:45:18	3007.12	-255.66	724.07	-73.46	4.75	48.98
2025-01-09T04:45:20	3002.67	-255.55	731.16	-75.13	4.69	49.98
2025-01-09T04:45:22	2998.21	-255.43	738.25	-76.86	4.60	51.09
2025-01-09T04:45:24	2993.74	-255.32	745.33	-78.14	4.66	52.05
2025-01-09T04:45:26	2989.26	-255.20	752.42	-79.17	4.85	52.85
2025-01-09T04:45:28	2984.77	-255.08	759.50	-80.16	5.07	53.50
2025-01-09T04:45:30	2980.28	-254.97	766.58	-81.26	5.27	54.17
2025-01-09T04:45:32	2975.77	-254.85	773.66	-82.46	5.46	54.84
2025-01-09T04:45:34	2971.26	-254.73	780.74	-83.78	5.62	55.54
2025-01-09T04:45:36	2966.74	-254.61	787.82	-85.22	5.77	56.24
2025-01-09T04:45:38	2962.21	-254.48	794.89	-86.77	5.91	56.97
2025-01-09T04:45:40	2957.67	-254.36	801.96	-87.97	5.96	57.51
2025-01-09T04:45:42	2953.12	-254.24	809.02	-88.92	5.98	57.95
2025-01-09T04:45:44	2948.56	-254.11	816.09	-89.89	6.02	58.42
2025-01-09T04:45:46	2943.99	-253.99	823.15	-90.90	6.06	58.91
2025-01-09T04:45:48	2939.42	-253.86	830.21	-91.94	6.13	59.42
2025-01-09T04:45:50	2934.83	-253.74	837.27	-93.01	6.20	59.95
2025-01-09T04:45:52	2930.24	-253.61	844.32	-94.05	6.33	60.48
2025-01-09T04:45:54	2925.64	-253.48	851.37	-95.09	6.42	61.01
2025-01-09T04:45:56	2921.02	-253.35	858.42	-96.04	6.55	61.46
2025-01-09T04:45:58	2916.40	-253.23	865.47	-96.89	6.78	61.78
2025-01-09T04:46:00	2911.77	-253.10	872.51	-97.77	7.01	62.11
2025-01-09T04:46:02	2907.13	-252.97	879.55	-98.69	7.25	62.43
2025-01-09T04:46:04	2902.48	-252.83	886.59	-99.65	7.48	62.75
2025-01-09T04:46:06	2897.83	-252.70	893.63	-100.65	7.72	63.07
2025-01-09T04:46:08	2893.16	-252.57	900.66	-101.69	7.95	63.38
2025-01-09T04:46:10	2888.49	-252.44	907.69	-102.76	8.19	63.70
2025-01-09T04:46:12	2883.80	-252.30	914.72	-103.88	8.35	64.04
2025-01-09T04:46:14	2879.11	-252.16	921.74	-105.00	8.37	64.43
2025-01-09T04:46:16	2874.41	-252.03	928.76	-106.08	8.41	64.82
2025-01-09T04:46:18	2869.69	-251.89	935.78	-107.11	8.46	65.23
2025-01-09T04:46:20	2864.97	-251.75	942.80	-108.20	8.53	65.69
2025-01-09T04:46:22	2860.24	-251.61	949.81	-109.35	8.61	66.18
2025-01-09T04:46:24	2855.50	-251.47	956.82	-110.56	8.70	66.70
2025-01-09T04:46:26	2850.76	-251.33	963.82	-111.82	8.80	67.26
2025-01-09T04:46:28	2846.00	-251.19	970.83	-113.03	8.91	67.76
2025-01-09T04:46:30	2841.23	-251.05	977.83	-113.87	8.97	67.91
2025-01-09T04:46:32	2836.46	-250.91	984.83	-114.70	8.99	68.02
2025-01-09T04:46:34	2831.67	-250.76	991.82	-115.53	8.98	68.11
2025-01-09T04:46:36	2826.88	-250.62	998.81	-116.34	8.94	68.16
2025-01-09T04:46:38	2822.08	-250.47	1005.80	-117.15	8.86	68.17
2025-01-09T04:46:40	2817.26	-250.32	1012.78	-117.96	8.76	68.21
2025-01-09T04:46:42	2812.44	-250.18	1019.76	-118.81	8.65	68.39
2025-01-09T04:46:44	2807.61	-250.03	1026.74	-119.73	8.53	68.62
2025-01-09T04:46:46	2802.77	-249.88	1033.71	-120.75	8.76	69.09
2025-01-09T04:46:48	2797.92	-249.73	1040.68	-121.74	8.98	69.51
2025-01-09T04:46:50	2793.07	-249.58	1047.65	-122.71	9.20	69.87
2025-01-09T04:46:52	2788.20	-249.43	1054.61	-123.66	9.40	70.18
2025-01-09T04:46:54	2783.32	-249.28	1061.58	-124.58	9.59	70.44
2025-01-09T04:46:56	2778.44	-249.12	1068.53	-125.48	9.77	70.64
2025-01-09T04:46:58	2773.54	-248.97	1075.49	-126.35	9.95	70.78
2025-01-09T04:47:00	2768.64	-248.82	1082.44	-127.20	10.12	70.87
2025-01-09T04:47:02	2763.72	-248.66	1089.38	-128.37	10.18	71.06
2025-01-09T04:47:04	2758.80	-248.50	1096.32	-129.68	10.23	71.33
2025-01-09T04:47:06	2753.87	-248.35	1103.26	-131.00	10.29	71.63
2025-01-09T04:47:08	2748.93	-248.19	1110.20	-132.29	10.36	71.91
2025-01-09T04:47:10	2743.98	-248.03	1117.13	-133.57	10.44	72.18
2025-01-09T04:47:12	2739.02	-247.87	1124.06	-134.82	10.53	72.43
2025-01-09T04:47:14	2734.05	-247.71	1130.98	-136.05	10.64	72.66
2025-01-09T04:47:16	2729.08	-247.55	1137.90	-137.26	10.76	72.88
2025-01-09T04:47:18	2724.09	-247.39	1144.82	-138.33	10.88	73.01
2025-01-09T04:47:20	2719.09	-247.22	1151.73	-139.34	10.99	73.06
2025-01-09T04:47:22	2714.09	-247.06	1158.64	-140.38	11.10	73.10
2025-01-09T04:47:24	2709.08	-246.89	1165.55	-141.44	11.20	73.12
2025-01-09T04:47:26	2704.05	-246.73	1172.45	-142.55	11.30	73.12
2025-01-09T04:47:28	2699.02	-246.56	1179.34	-143.90	11.43	73.19
2025-01-09T04:47:30	2693.98	-246.40	1186.24	-145.28	11.55	73.27
2025-01-09T04:47:32	2688.93	-246.23	1193.13	-146.69	11.66	73.38
2025-01-09T04:47:34	2683.87	-246.06	1200.01	-148.09	11.79	73.48
2025-01-09T04:47:36	2678.80	-245.89	1206.89	-149.39	11.97	73.49
2025-01-09T04:47:38	2673.72	-245.72	1213.77	-150.66	12.16	73.48
2025-01-09T04:47:40	2668.63	-245.55	1220.64	-151.89	12.35	73.44
2025-01-09T04:47:42	2663.53	-245.37	1227.51	-153.10	12.55	73.37
2025-01-09T04:47:44	2658.43	-245.20	1234.37	-154.29	12.75	73.27
2025-01-09T04:47:46	2653.31	-245.03	1241.23	-155.44	12.95	73.14
2025-01-09T04:47:48	2648.19	-244.85	1248.08	-156.56	13.16	72.98
2025-01-09T04:47:50	2643.05	-244.68	1254.94	-157.74	13.33	72.87
2025-01-09T04:47:52	2637.91	-244.50	1261.78	-159.08	13.43	72.91
2025-01-09T04:47:54	2632.76	-244.32	1268.62	-160.43	13.54	72.94
2025-01-09T04:47:56	2627.59	-244.14	1275.46	-161.79	13.67	72.94
2025-01-09T04:47:58	2622.42	-243.96	1282.29	-163.16	13.81	72.93
2025-01-09T04:48:00	2617.24	-243.78	1289.12	-164.53	13.97	72.90
2025-01-09T04:48:02	2612.05	-243.60	1295.95	-165.91	14.15	72.84
2025-01-09T04:48:04	2606.86	-243.42	1302.77	-167.29	14.35	72.76
2025-01-09T04:48:06	2601.65	-243.24	1309.58	-168.68	14.56	72.66
2025-01-09T04:48:08	2596.43	-243.05	1316.39	-170.04	14.72	72.51
2025-01-09T04:48:10	2591.21	-242.87	1323.20	-171.38	14.83	72.32
2025-01-09T04:48:12	2585.97	-242.68	1330.00	-172.75	14.94	72.11
2025-01-09T04:48:14	2580.73	-242.50	1336.80	-174.16	15.05	71.89
2025-01-09T04:48:16	2575.47	-242.31	1343.59	-175.59	15.18	71.67
2025-01-09T04:48:18	2570.21	-242.12	1350.37	-177.05	15.31	71.43
2025-01-09T04:48:20	2564.94	-241.93	1357.15	-178.53	15.46	71.18
2025-01-09T04:48:22	2559.66	-241.74	1363.93	-180.04	15.63	70.93
2025-01-09T04:48:24	2554.37	-241.55	1370.70	-181.54	15.79	70.67
2025-01-09T04:48:26	2549.07	-241.36	1377.47	-182.94	15.89	70.45
2025-01-09T04:48:28	2543.76	-241.17	1384.23	-184.32	16.00	70.22
2025-01-09T04:48:30	2538.44	-240.97	1390.99	-185.70	16.11	69.98
2025-01-09T04:48:32	2533.12	-240.78	1397.74	-187.07	16.21	69.72
2025-01-09T04:48:34	2527.78	-240.59	1404.49	-188.49	16.33	69.44
2025-01-09T04:48:36	2522.44	-240.39	1411.23	-189.94	16.45	69.16
2025-01-09T04:48:38	2517.08	-240.19	1417.97	-191.42	16.58	68.86
2025-01-09T04:48:40	2511.72	-240.00	1424.70	-192.92	16.71	68.56
2025-01-09T04:48:42	2506.35	-239.80	1431.43	-194.37	16.84	68.20
2025-01-09T04:48:44	2500.97	-239.60	1438.15	-195.78	16.97	67.80
2025-01-09T04:48:46	2495.58	-239.40	1444.87	-197.17	17.09	67.38
2025-01-09T04:48:48	2490.18	-239.20	1451.58	-198.55	17.21	66.95
2025-01-09T04:48:50	2484.77	-238.99	1458.29	-199.93	17.33	66.51
2025-01-09T04:48:52	2479.35	-238.79	1464.99	-201.28	17.44	66.05
2025-01-09T04:48:54	2473.92	-238.59	1471.68	-202.69	17.56	65.58
2025-01-09T04:48:56	2468.49	-238.38	1478.37	-204.22	17.70	65.10
2025-01-09T04:48:58	2463.04	-238.18	1485.05	-205.76	17.83	64.61
2025-01-09T04:49:00	2457.59	-237.97	1491.73	-207.28	17.96	64.11
2025-01-09T04:49:02	2452.13	-237.76	1498.41	-208.79	18.10	63.58
2025-01-09T04:49:04	2446.66	-237.55	1505.07	-210.28	18.25	63.04
2025-01-09T04:49:06	2441.18	-237.34	1511.74	-211.76	18.40	62.48
2025-01-09T04:49:08	2435.69	-237.13	1518.39	-213.22	18.55	61.89
2025-01-09T04:49:10	2430.19	-236.92	1525.05	-214.67	18.71	61.29
2025-01-09T04:49:12	2424.68	-236.71	1531.69	-216.11	18.87	60.67
2025-01-09T04:49:14	2419.16	-236.50	1538.33	-217.53	19.03	60.03
2025-01-09T04:49:16	2413.64	-236.28	1544.97	-219.04	19.15	59.42
2025-01-09T04:49:18	2408.10	-236.07	1551.60	-220.55	19.24	58.83
2025-01-09T04:49:20	2402.56	-235.86	1558.22	-222.05	19.34	58.21
2025-01-09T04:49:22	2397.01	-235.64	1564.84	-223.55	19.44	57.58
2025-01-09T04:49:24	2391.44	-235.42	1571.45	-225.04	19.54	56.93
2025-01-09T04:49:26	2385.87	-235.20	1578.05	-226.53	19.64	56.26
2025-01-09T04:49:28	2380.30	-234.98	1584.65	-228.01	19.75	55.57
2025-01-09T04:49:30	2374.71	-234.76	1591.25	-229.49	19.87	54.86
2025-01-09T04:49:32	2369.11	-234.54	1597.83	-230.96	19.98	54.13
2025-01-09T04:49:34	2363.51	-234.32	1604.41	-232.35	20.09	53.41
2025-01-09T04:49:36	2357.89	-234.10	1610.99	-233.80	20.20	52.66
2025-01-09T04:49:38	2352.27	-233.87	1617.56	-235.30	20.33	51.89
2025-01-09T04:49:40	2346.63	-233.65	1624.12	-236.79	20.45	51.10
2025-01-09T04:49:42	2340.99	-233.43	1630.68	-238.27	20.56	50.30
2025-01-09T04:49:44	2335.34	-233.20	1637.23	-239.75	20.68	49.47
2025-01-09T04:49:46	2329.69	-232.97	1643.78	-241.21	20.79	48.63
2025-01-09T04:49:48	2324.02	-232.74	1650.32	-242.67	20.90	47.77
2025-01-09T04:49:50	2318.34	-232.51	1656.85	-244.11	21.00	46.90
2025-01-09T04:49:52	2312.66	-232.29	1663.37	-245.50	21.09	46.05
2025-01-09T04:49:54	2306.96	-232.06	1669.90	-246.90	21.17	45.18
2025-01-09T04:49:56	2301.26	-231.82	1676.41	-248.36	21.27	44.28
2025-01-09T04:49:58	2295.55	-231.59	1682.92	-249.87	21.37	43.35
2025-01-09T04:50:00	2289.83	-231.36	1689.42	-251.37	21.47	42.40
2025-01-09T04:50:02	2284.10	-231.12	1695.91	-252.86	21.56	41.42
2025-01-09T04:50:04	2278.36	-230.89	1702.40	-254.33	21.66	40.43
2025-01-09T04:50:06	2272.62	-230.65	1708.88	-255.79	21.75	39.42
2025-01-09T04:50:08	2266.86	-230.42	1715.36	-257.21	21.84	38.40
2025-01-09T04:50:10	2261.10	-230.18	1721.83	-258.57	21.92	37.40
2025-01-09T04:50:12	2255.33	-229.94	1728.29	-259.93	22.01	36.38
2025-01-09T04:50:14	2249.55	-229.70	1734.75	-261.28	22.10	35.35
2025-01-09T04:50:16	2243.76	-229.46	1741.20	-262.70	22.20	34.28
2025-01-09T04:50:18	2237.96	-229.22	1747.64	-264.17	22.31	33.17
2025-01-09T04:50:20	2232.16	-228.98	1754.07	-265.63	22.42	32.05
2025-01-09T04:50:22	2226.34	-228.73	1760.50	-267.07	22.53	30.90
2025-01-09T04:50:24	2220.52	-228.49	1766.93	-268.49	22.63	29.73
2025-01-09T04:50:26	2214.69	-228.24	1773.34	-269.85	22.73	28.57
2025-01-09T04:50:28	2208.85	-228.00	1779.75	-271.16	22.84	27.40
2025-01-09T04:50:30	2203.00	-227.75	1786.15	-272.47	22.94	26.23
2025-01-09T04:50:32	2197.15	-227.51	1792.55	-273.77	23.04	25.03
2025-01-09T04:50:34	2191.28	-227.26	1798.94	-275.07	23.13	23.83
2025-01-09T04:50:36	2185.41	-227.01	1805.32	-276.44	23.24	22.57
2025-01-09T04:50:38	2179.53	-226.76	1811.69	-277.83	23.35	21.28
2025-01-09T04:50:40	2173.63	-226.51	1818.06	-279.20	23.46	19.98
2025-01-09T04:50:42	2167.74	-226.25	1824.42	-280.55	23.57	18.66
2025-01-09T04:50:44	2161.83	-226.00	1830.78	-281.84	23.69	17.35
2025-01-09T04:50:46	2155.92	-225.75	1837.12	-283.08	23.83	16.05
2025-01-09T04:50:48	2149.99	-225.50	1843.46	-284.31	23.96	14.74
2025-01-09T04:50:50	2144.06	-225.24	1849.80	-285.53	24.10	13.41
2025-01-09T04:50:52	2138.12	-224.98	1856.12	-286.75	24.23	12.07
2025-01-09T04:50:54	2132.17	-224.72	1862.44	-287.96	24.36	10.70
2025-01-09T04:50:56	2126.22	-224.47	1868.75	-289.27	24.50	9.25
2025-01-09T04:50:58	2120.25	-224.21	1875.05	-290.55	24.65	7.78
2025-01-09T04:51:00	2114.28	-223.95	1881.35	-291.81	24.79	6.29
2025-01-09T04:51:02	2108.30	-223.69	1887.64	-293.02	24.92	4.84
2025-01-09T04:51:04	2102.31	-223.43	1893.92	-294.18	25.04	3.42
2025-01-09T04:51:06	2096.31	-223.16	1900.20	-295.33	25.16	1.99
2025-01-09T04:51:08	2090.31	-222.90	1906.46	-296.46	25.29	0.54
2025-01-09T04:51:10	2084.29	-222.64	1912.73	-297.58	25.41	-0.91
2025-01-09T04:51:12	2078.27	-222.37	1918.98	-298.69	25.52	-2.37
2025-01-09T04:51:14	2072.25	-222.11	1925.22	-299.84	25.65	-3.90
2025-01-09T04:51:16	2066.21	-221.84	1931.46	-301.03	25.78	-5.49
2025-01-09T04:51:18	2060.16	-221.57	1937.69	-302.20	25.91	-7.09
2025-01-09T04:51:20	2054.11	-221.30	1943.91	-303.32	26.03	-8.67
2025-01-09T04:51:22	2048.05	-221.03	1950.13	-304.37	26.14	-10.22
2025-01-09T04:51:24	2041.98	-220.76	1956.34	-305.40	26.25	-11.78
2025-01-09T04:51:26	2035.90	-220.49	1962.54	-306.41	26.36	-13.35
2025-01-09T04:51:28	2029.82	-220.22	1968.73	-307.39	26.46	-14.93
2025-01-09T04:51:30	2023.73	-219.95	1974.92	-308.35	26.56	-16.52
2025-01-09T04:51:32	2017.62	-219.67	1981.10	-309.30	26.67	-18.12
2025-01-09T04:51:34	2011.52	-219.40	1987.27	-310.36	26.79	-19.85
2025-01-09T04:51:36	2005.40	-219.12	1993.43	-311.40	26.92	-21.58
2025-01-09T04:51:38	1999.28	-218.85	1999.58	-312.41	27.05	-23.31
2025-01-09T04:51:40	1993.15	-218.57	2005.73	-313.36	27.23	-24.96
2025-01-09T04:51:42	1987.01	-218.29	2011.87	-314.29	27.40	-26.61
2025-01-09T04:51:44	1980.86	-218.01	2018.00	-315.18	27.57	-28.27
2025-01-09T04:51:46	1974.71	-217.73	2024.12	-316.03	27.73	-29.94
2025-01-09T04:51:48	1968.54	-217.45	2030.24	-316.86	27.89	-31.61
2025-01-09T04:51:50	1962.37	-217.17	2036.35	-317.65	28.05	-33.29
2025-01-09T04:51:52	1956.20	-216.89	2042.45	-318.51	28.22	-35.07
2025-01-09T04:51:54	1950.01	-216.61	2048.54	-319.39	28.40	-36.88
2025-01-09T04:51:56	1943.82	-216.32	2054.62	-320.24	28.57	-38.69
2025-01-09T04:51:58	1937.62	-216.04	2060.70	-321.10	28.75	-40.39
2025-01-09T04:52:00	1931.41	-215.75	2066.77	-321.92	28.93	-42.07
2025-01-09T04:52:02	1925.20	-215.46	2072.83	-322.72	29.10	-43.75
2025-01-09T04:52:04	1918.98	-215.18	2078.88	-323.48	29.28	-45.43
2025-01-09T04:52:06	1912.75	-214.89	2084.93	-324.22	29.45	-47.11
2025-01-09T04:52:08	1906.51	-214.60	2090.96	-324.93	29.62	-48.80
2025-01-09T04:52:10	1900.27	-214.31	2096.99	-325.64	29.80	-50.56
2025-01-09T04:52:12	1894.01	-214.02	2103.01	-326.36	29.98	-52.38
2025-01-09T04:52:14	1887.75	-213.73	2109.02	-327.06	30.16	-54.21
2025-01-09T04:52:16	1881.49	-213.43	2115.03	-327.74	30.31	-56.00
2025-01-09T04:52:18	1875.22	-213.14	2121.03	-328.38	30.41	-57.75
2025-01-09T04:52:20	1868.94	-212.85	2127.01	-328.99	30.51	-59.50
2025-01-09T04:52:22	1862.65	-212.55	2132.99	-329.58	30.61	-61.26
2025-01-09T04:52:24	1856.35	-212.26	2138.96	-330.14	30.70	-63.02
2025-01-09T04:52:26	1850.05	-211.96	2144.93	-330.67	30.78	-64.78
2025-01-09T04:52:28	1843.74	-211.66	2150.88	-331.21	30.88	-66.62
2025-01-09T04:52:30	1837.42	-211.36	2156.83	-331.76	30.98	-68.53
2025-01-09T04:52:32	1831.10	-211.06	2162.77	-332.28	31.08	-70.45
2025-01-09T04:52:34	1824.77	-210.76	2168.70	-332.77	31.17	-72.37
2025-01-09T04:52:36	1818.43	-210.46	2174.62	-333.22	31.30	-74.20
2025-01-09T04:52:38	1812.09	-210.16	2180.53	-333.66	31.44	-76.01
2025-01-09T04:52:40	1805.74	-209.86	2186.44	-334.07	31.57	-77.82
2025-01-09T04:52:42	1799.38	-209.56	2192.33	-334.46	31.71	-79.62
2025-01-09T04:52:44	1793.01	-209.25	2198.22	-334.83	31.83	-81.42
2025-01-09T04:52:46	1786.64	-208.95	2204.10	-335.18	31.97	-83.28
2025-01-09T04:52:48	1780.26	-208.64	2209.97	-335.53	32.13	-85.21
2025-01-09T04:52:50	1773.88	-208.33	2215.83	-335.84	32.28	-87.14
2025-01-09T04:52:52	1767.48	-208.03	2221.69	-336.13	32.42	-89.07
2025-01-09T04:52:54	1761.09	-207.72	2227.53	-336.38	32.57	-90.99
2025-01-09T04:52:56	1754.68	-207.41	2233.37	-336.66	32.71	-92.80
2025-01-09T04:52:58	1748.27	-207.10	2239.20	-336.92	32.85	-94.61
2025-01-09T04:53:00	1741.85	-206.79	2245.02	-337.15	32.98	-96.41
2025-01-09T04:53:02	1735.42	-206.48	2250.83	-337.35	33.11	-98.20
2025-01-09T04:53:04	1728.99	-206.17	2256.64	-337.57	33.24	-100.08
2025-01-09T04:53:06	1722.55	-205.85	2262.43	-337.78	33.38	-102.02
2025-01-09T04:53:08	1716.11	-205.54	2268.22	-337.97	33.52	-103.95
2025-01-09T04:53:10	1709.65	-205.23	2273.99	-338.13	33.64	-105.88
2025-01-09T04:53:12	1703.19	-204.91	2279.76	-338.25	33.77	-107.80
2025-01-09T04:53:14	1696.73	-204.59	2285.52	-338.35	33.88	-109.70
2025-01-09T04:53:16	1690.26	-204.28	2291.27	-338.45	33.97	-111.50
2025-01-09T04:53:18	1683.78	-203.96	2297.02	-338.52	34.05	-113.29
2025-01-09T04:53:20	1677.30	-203.64	2302.75	-338.57	34.12	-115.08
2025-01-09T04:53:22	1670.80	-203.32	2308.48	-338.58	34.20	-116.94
2025-01-09T04:53:24	1664.31	-203.00	2314.19	-338.58	34.29	-118.84
2025-01-09T04:53:26	1657.80	-202.68	2319.90	-338.55	34.37	-120.73
2025-01-09T04:53:28	1651.29	-202.36	2325.60	-338.50	34.44	-122.61
2025-01-09T04:53:30	1644.78	-202.04	2331.29	-338.42	34.50	-124.47
2025-01-09T04:53:32	1638.26	-201.71	2336.97	-338.33	34.57	-126.32
2025-01-09T04:53:34	1631.73	-201.39	2342.65	-338.22	34.62	-128.15
2025-01-09T04:53:36	1625.19	-201.07	2348.31	-338.13	34.70	-129.89
2025-01-09T04:53:38	1618.65	-200.74	2353.97	-338.01	34.77	-131.62
2025-01-09T04:53:40	1612.11	-200.41	2359.61	-337.86	34.86	-133.47
2025-01-09T04:53:42	1605.56	-200.08	2365.25	-337.68	34.94	-135.32
2025-01-09T04:53:44	1599.00	-199.76	2370.88	-337.48	35.02	-137.16
2025-01-09T04:53:46	1592.43	-199.43	2376.50	-337.25	35.09	-138.97
2025-01-09T04:53:48	1585.86	-199.10	2382.11	-337.00	35.15	-140.78
2025-01-09T04:53:50	1579.29	-198.77	2387.71	-336.73	35.21	-142.57
2025-01-09T04:53:52	1572.70	-198.44	2393.30	-336.43	35.27	-144.34
2025-01-09T04:53:54	1566.12	-198.11	2398.89	-336.11	35.31	-146.10
2025-01-09T04:53:56	1559.52	-197.77	2404.46	-335.85	35.38	-147.78
2025-01-09T04:53:58	1552.92	-197.44	2410.03	-335.54	35.46	-149.56
2025-01-09T04:54:00	1546.32	-197.11	2415.59	-335.22	35.53	-151.32
2025-01-09T04:54:02	1539.71	-196.77	2421.13	-334.87	35.60	-153.07
2025-01-09T04:54:04	1533.09	-196.44	2426.68	-334.49	35.66	-154.80
2025-01-09T04:54:06	1526.47	-196.10	2432.20	-334.09	35.72	-156.51
2025-01-09T04:54:08	1519.84	-195.77	2437.73	-333.66	35.78	-158.20
2025-01-09T04:54:10	1513.21	-195.43	2443.24	-333.21	35.83	-159.88
2025-01-09T04:54:12	1506.56	-195.09	2448.74	-332.73	35.87	-161.54
2025-01-09T04:54:14	1499.92	-194.75	2454.24	-332.22	35.92	-163.26
2025-01-09T04:54:16	1493.27	-194.41	2459.72	-331.73	35.97	-164.99
2025-01-09T04:54:18	1486.61	-194.07	2465.20	-331.25	36.03	-166.69
2025-01-09T04:54:20	1479.95	-193.73	2470.67	-330.75	36.08	-168.36
2025-01-09T04:54:22	1473.28	-193.39	2476.12	-330.22	36.12	-170.02
2025-01-09T04:54:24	1466.61	-193.04	2481.57	-329.67	36.16	-171.65
2025-01-09T04:54:26	1459.93	-192.70	2487.01	-329.09	36.20	-173.26
2025-01-09T04:54:28	1453.25	-192.36	2492.45	-328.49	36.22	-174.85
2025-01-09T04:54:30	1446.56	-192.01	2497.87	-327.86	36.25	-176.42
2025-01-09T04:54:32	1439.87	-191.67	2503.28	-327.17	36.29	-178.09
2025-01-09T04:54:34	1433.17	-191.32	2508.68	-326.46	36.33	-179.74
2025-01-09T04:54:36	1426.47	-190.97	2514.08	-325.75	36.37	-181.36
2025-01-09T04:54:38	1419.76	-190.62	2519.46	-325.10	36.43	-182.92
2025-01-09T04:54:40	1413.04	-190.28	2524.84	-324.44	36.50	-184.46
2025-01-09T04:54:42	1406.33	-189.93	2530.21	-323.75	36.56	-185.97
2025-01-09T04:54:44	1399.60	-189.58	2535.57	-323.05	36.62	-187.46
2025-01-09T04:54:46	1392.87	-189.23	2540.92	-322.32	36.68	-188.93
2025-01-09T04:54:48	1386.14	-188.88	2546.25	-321.54	36.74	-190.42
2025-01-09T04:54:50	1379.40	-188.52	2551.59	-320.72	36.81	-191.96
2025-01-09T04:54:52	1372.65	-188.17	2556.91	-319.88	36.88	-193.48
2025-01-09T04:54:54	1365.90	-187.82	2562.22	-319.02	36.94	-194.98
2025-01-09T04:54:56	1359.15	-187.47	2567.52	-318.16	36.99	-196.46
2025-01-09T04:54:58	1352.39	-187.11	2572.82	-317.32	37.03	-197.91
2025-01-09T04:55:00	1345.63	-186.76	2578.10	-316.54	37.05	-199.34
2025-01-09T04:55:02	1338.86	-186.40	2583.38	-315.74	37.06	-200.75
2025-01-09T04:55:04	1332.08	-186.04	2588.64	-314.92	37.07	-202.13
2025-01-09T04:55:06	1325.31	-185.68	2593.90	-314.00	37.06	-203.58
2025-01-09T04:55:08	1318.52	-185.33	2599.15	-313.06	37.04	-205.01
2025-01-09T04:55:10	1311.74	-184.97	2604.39	-312.10	37.01	-206.41
2025-01-09T04:55:12	1304.94	-184.61	2609.62	-311.13	36.97	-207.78
2025-01-09T04:55:14	1298.15	-184.25	2614.84	-310.13	36.92	-209.12
2025-01-09T04:55:16	1291.35	-183.89	2620.05	-309.12	36.87	-210.44
2025-01-09T04:55:18	1284.54	-183.53	2625.25	-308.09	36.80	-211.73
2025-01-09T04:55:20	1277.73	-183.17	2630.45	-307.11	36.74	-212.99
2025-01-09T04:55:22	1270.92	-182.80	2635.63	-306.15	36.71	-214.28
2025-01-09T04:55:24	1264.10	-182.44	2640.80	-305.16	36.68	-215.58
2025-01-09T04:55:26	1257.27	-182.08	2645.97	-304.14	36.65	-216.86
2025-01-09T04:55:28	1250.44	-181.71	2651.13	-303.12	36.62	-218.11
2025-01-09T04:55:30	1243.61	-181.35	2656.27	-302.07	36.59	-219.33
2025-01-09T04:55:32	1236.77	-180.98	2661.41	-301.02	36.57	-220.53
2025-01-09T04:55:34	1229.93	-180.61	2666.54	-299.94	36.54	-221.70
2025-01-09T04:55:36	1223.09	-180.25	2671.66	-298.85	36.52	-222.85
2025-01-09T04:55:38	1216.24	-179.88	2676.77	-297.73	36.51	-223.98
2025-01-09T04:55:40	1209.39	-179.51	2681.87	-296.52	36.50	-225.15
2025-01-09T04:55:42	1202.53	-179.14	2686.96	-295.35	36.50	-226.30
2025-01-09T04:55:44	1195.67	-178.77	2692.04	-294.24	36.50	-227.43
2025-01-09T04:55:46	1188.80	-178.40	2697.11	-293.14	36.49	-228.54
2025-01-09T04:55:48	1181.93	-178.03	2702.18	-292.02	36.47	-229.63
2025-01-09T04:55:50	1175.06	-177.66	2707.23	-290.91	36.44	-230.69
2025-01-09T04:55:52	1168.18	-177.29	2712.28	-289.78	36.40	-231.73
2025-01-09T04:55:54	1161.29	-176.91	2717.32	-288.65	36.36	-232.74
2025-01-09T04:55:56	1154.41	-176.54	2722.34	-287.43	36.29	-233.78
2025-01-09T04:55:58	1147.52	-176.16	2727.36	-286.19	36.22	-234.81
2025-01-09T04:56:00	1140.62	-175.79	2732.37	-284.94	36.14	-235.81
2025-01-09T04:56:02	1133.73	-175.41	2737.37	-283.68	36.05	-236.78
2025-01-09T04:56:04	1126.83	-175.04	2742.36	-282.41	35.96	-237.73
2025-01-09T04:56:06	1119.92	-174.66	2747.34	-281.24	35.87	-238.67
2025-01-09T04:56:08	1113.01	-174.28	2752.31	-280.05	35.79	-239.58
2025-01-09T04:56:10	1106.10	-173.91	2757.27	-278.86	35.70	-240.47
2025-01-09T04:56:12	1099.18	-173.53	2762.22	-277.59	35.62	-241.35
2025-01-09T04:56:14	1092.26	-173.15	2767.17	-276.28	35.53	-242.22
2025-01-09T04:56:16	1085.34	-172.77	2772.10	-274.97	35.44	-243.07
2025-01-09T04:56:18	1078.41	-172.39	2777.03	-273.65	35.35	-243.90
2025-01-09T04:56:20	1071.48	-172.01	2781.94	-272.34	35.26	-244.70
2025-01-09T04:56:22	1064.55	-171.63	2786.85	-271.03	35.17	-245.48
2025-01-09T04:56:24	1057.61	-171.25	2791.75	-269.72	35.07	-246.23
2025-01-09T04:56:26	1050.66	-170.86	2796.64	-268.41	34.97	-246.96
2025-01-09T04:56:28	1043.72	-170.48	2801.52	-267.11	34.88	-247.70
2025-01-09T04:56:30	1036.77	-170.09	2806.39	-265.79	34.82	-248.48
2025-01-09T04:56:32	1029.82	-169.71	2811.25	-264.47	34.75	-249.23
2025-01-09T04:56:34	1022.87	-169.33	2816.10	-263.14	34.68	-249.96
2025-01-09T04:56:36	1015.91	-168.94	2820.95	-261.82	34.60	-250.66
2025-01-09T04:56:38	1008.94	-168.56	2825.78	-260.50	34.53	-251.33
2025-01-09T04:56:40	1001.98	-168.17	2830.60	-259.17	34.45	-251.98
2025-01-09T04:56:42	995.01	-167.78	2835.42	-257.84	34.37	-252.60
2025-01-09T04:56:44	988.04	-167.40	2840.22	-256.50	34.29	-253.20
2025-01-09T04:56:46	981.06	-167.01	2845.02	-255.10	34.21	-253.79
2025-01-09T04:56:48	974.09	-166.62	2849.81	-253.69	34.13	-254.35
2025-01-09T04:56:50	967.10	-166.23	2854.59	-252.29	34.05	-254.90
2025-01-09T04:56:52	960.12	-165.84	2859.36	-250.95	33.97	-255.46
2025-01-09T04:56:54	953.13	-165.45	2864.12	-249.66	33.91	-256.01
2025-01-09T04:56:56	946.14	-165.06	2868.87	-248.36	33.84	-256.55
2025-01-09T04:56:58	939.15	-164.67	2873.61	-247.06	33.76	-257.06
2025-01-09T04:57:00	932.15	-164.28	2878.34	-245.76	33.68	-257.54
2025-01-09T04:57:02	925.15	-163.88	2883.06	-244.35	33.59	-258.01
2025-01-09T04:57:04	918.15	-163.49	2887.78	-242.93	33.50	-258.45
2025-01-09T04:57:06	911.15	-163.09	2892.49	-241.51	33.40	-258.87
2025-01-09T04:57:08	904.14	-162.70	2897.18	-240.10	33.29	-259.27
2025-01-09T04:57:10	897.13	-162.31	2901.87	-238.69	33.18	-259.65
2025-01-09T04:57:12	890.11	-161.91	2906.55	-237.28	33.07	-260.01
2025-01-09T04:57:14	883.10	-161.52	2911.22	-235.88	32.95	-260.34
2025-01-09T04:57:16	876.08	-161.12	2915.88	-234.53	32.83	-260.70
2025-01-09T04:57:18	869.06	-160.72	2920.53	-233.18	32.70	-261.08
2025-01-09T04:57:20	862.03	-160.33	2925.17	-231.82	32.57	-261.44
2025-01-09T04:57:22	855.01	-159.93	2929.80	-230.46	32.43	-261.78
2025-01-09T04:57:24	847.98	-159.53	2934.42	-229.10	32.29	-262.10
2025-01-09T04:57:26	840.94	-159.13	2939.04	-227.75	32.15	-262.40
2025-01-09T04:57:28	833.91	-158.73	2943.65	-226.40	32.00	-262.67
2025-01-09T04:57:30	826.87	-158.33	2948.24	-225.06	31.86	-262.93
2025-01-09T04:57:32	819.83	-157.93	2952.83	-223.72	31.71	-263.17
2025-01-09T04:57:34	812.79	-157.53	2957.41	-222.33	31.55	-263.35
2025-01-09T04:57:36	805.74	-157.13	2961.98	-220.91	31.38	-263.49
2025-01-09T04:57:38	798.69	-156.73	2966.54	-219.49	31.20	-263.61
2025-01-09T04:57:40	791.65	-156.33	2971.09	-218.08	31.02	-263.72
2025-01-09T04:57:42	784.59	-155.92	2975.63	-216.77	30.86	-263.89
2025-01-09T04:57:44	777.54	-155.52	2980.17	-215.45	30.69	-264.04
2025-01-09T04:57:46	770.48	-155.12	2984.69	-214.15	30.53	-264.18
2025-01-09T04:57:48	763.42	-154.71	2989.21	-212.86	30.36	-264.30
2025-01-09T04:57:50	756.36	-154.31	2993.71	-211.53	30.21	-264.39
2025-01-09T04:57:52	749.30	-153.90	2998.21	-210.17	30.07	-264.45
2025-01-09T04:57:54	742.23	-153.50	3002.70	-208.81	29.93	-264.50
2025-01-09T04:57:56	735.16	-153.09	3007.18	-207.46	29.79	-264.53
2025-01-09T04:57:58	728.09	-152.68	3011.65	-206.11	29.66	-264.55
2025-01-09T04:58:00	721.02	-152.28	3016.12	-204.77	29.53	-264.56
2025-01-09T04:58:02	713.94	-151.87	3020.57	-203.44	29.40	-264.55
2025-01-09T04:58:04	706.87	-151.46	3025.01	-202.11	29.27	-264.53
2025-01-09T04:58:06	699.79	-151.05	3029.45	-200.77	29.17	-264.49
2025-01-09T04:58:08	692.71	-150.64	3033.88	-199.41	29.09	-264.45
2025-01-09T04:58:10	685.63	-150.23	3038.30	-198.07	29.02	-264.40
2025-01-09T04:58:12	678.54	-149.83	3042.70	-196.75	28.95	-264.35
2025-01-09T04:58:14	671.45	-149.41	3047.11	-195.44	28.88	-264.29
2025-01-09T04:58:16	664.37	-149.00	3051.50	-194.14	28.80	-264.23
2025-01-09T04:58:18	657.27	-148.59	3055.88	-192.85	28.73	-264.16
2025-01-09T04:58:20	650.18	-148.18	3060.25	-191.58	28.66	-264.08
2025-01-09T04:58:22	643.09	-147.77	3064.62	-190.29	28.59	-263.98
2025-01-09T04:58:24	635.99	-147.36	3068.98	-188.97	28.51	-263.83
2025-01-09T04:58:26	628.89	-146.94	3073.32	-187.66	28.43	-263.66
2025-01-09T04:58:28	621.79	-146.53	3077.66	-186.35	28.34	-263.48
2025-01-09T04:58:30	614.69	-146.12	3081.99	-185.05	28.25	-263.28
2025-01-09T04:58:32	607.59	-145.70	3086.31	-183.78	28.16	-263.09
2025-01-09T04:58:34	600.48	-145.29	3090.63	-182.55	28.07	-262.94
2025-01-09T04:58:36	593.37	-144.87	3094.93	-181.33	27.96	-262.77
2025-01-09T04:58:38	586.27	-144.46	3099.23	-180.10	27.85	-262.58
2025-01-09T04:58:40	579.16	-144.04	3103.51	-178.83	27.70	-262.32
2025-01-09T04:58:42	572.05	-143.63	3107.79	-177.58	27.56	-262.06
2025-01-09T04:58:44	564.93	-143.21	3112.06	-176.33	27.42	-261.79
2025-01-09T04:58:46	557.82	-142.79	3116.32	-175.09	27.28	-261.51
2025-01-09T04:58:48	550.70	-142.37	3120.57	-173.87	27.13	-261.21
2025-01-09T04:58:50	543.58	-141.95	3124.82	-172.65	26.99	-260.91
2025-01-09T04:58:52	536.46	-141.54	3129.05	-171.45	26.86	-260.60
2025-01-09T04:58:54	529.34	-141.12	3133.28	-170.24	26.72	-260.27
2025-01-09T04:58:56	522.22	-140.70	3137.50	-169.02	26.61	-259.87
2025-01-09T04:58:58	515.09	-140.28	3141.70	-167.82	26.49	-259.47
2025-01-09T04:59:00	507.97	-139.86	3145.91	-166.67	26.39	-259.14
2025-01-09T04:59:02	500.84	-139.44	3150.10	-165.53	26.29	-258.81
2025-01-09T04:59:04	493.71	-139.02	3154.28	-164.40	26.19	-258.48
2025-01-09T04:59:06	486.58	-138.60	3158.46	-163.27	26.09	-258.13
2025-01-09T04:59:08	479.46	-138.18	3162.62	-162.15	25.99	-257.77
2025-01-09T04:59:10	472.32	-137.76	3166.78	-161.03	25.88	-257.39
2025-01-09T04:59:12	465.19	-137.33	3170.93	-159.88	25.76	-256.96
2025-01-09T04:59:14	458.06	-136.91	3175.07	-158.74	25.64	-256.52
2025-01-09T04:59:16	450.92	-136.48	3179.21	-157.62	25.52	-256.08
2025-01-09T04:59:18	443.78	-136.06	3183.33	-156.50	25.40	-255.62
2025-01-09T04:59:20	436.65	-135.64	3187.45	-155.40	25.27	-255.16
2025-01-09T04:59:22	429.51	-135.22	3191.55	-154.31	25.15	-254.69
2025-01-09T04:59:24	422.37	-134.79	3195.65	-153.24	25.02	-254.22
2025-01-09T04:59:26	415.22	-134.36	3199.74	-152.16	24.89	-253.72
2025-01-09T04:59:28	408.08	-133.94	3203.82	-151.10	24.76	-253.26
2025-01-09T04:59:30	400.94	-133.51	3207.90	-150.05	24.63	-252.80
2025-01-09T04:59:32	393.79	-133.09	3211.96	-149.00	24.50	-252.33
2025-01-09T04:59:34	386.65	-132.66	3216.02	-147.96	24.37	-251.85
2025-01-09T04:59:36	379.50	-132.23	3220.07	-146.92	24.25	-251.37
2025-01-09T04:59:38	372.35	-131.81	3224.11	-145.89	24.13	-250.89
2025-01-09T04:59:40	365.21	-131.38	3228.14	-144.87	24.01	-250.40
2025-01-09T04:59:42	358.06	-130.95	3232.17	-143.84	23.89	-249.90
2025-01-09T04:59:44	350.91	-130.52	3236.18	-142.81	23.81	-249.32
2025-01-09T04:59:46	343.75	-130.10	3240.19	-141.78	23.72	-248.74
2025-01-09T04:59:48	336.60	-129.67	3244.19	-140.77	23.64	-248.14
2025-01-09T04:59:50	329.45	-129.24	3248.18	-139.77	23.56	-247.54
2025-01-09T04:59:52	322.30	-128.81	3252.16	-138.79	23.49	-246.93
2025-01-09T04:59:54	315.14	-128.38	3256.14	-137.82	23.43	-246.31
2025-01-09T04:59:56	307.99	-127.95	3260.11	-136.89	23.37	-245.75
2025-01-09T04:59:58	300.83	-127.52	3264.06	-135.97	23.30	-245.20
2025-01-09T05:00:00	293.67	-127.08	3268.01	-135.03	23.23	-244.62
2025-01-09T05:00:02	286.51	-126.65	3271.96	-134.09	23.15	-244.02
2025-01-09T05:00:04	279.36	-126.22	3275.89	-133.16	23.07	-243.41
2025-01-09T05:00:06	272.20	-125.79	3279.82	-132.23	22.99	-242.79
2025-01-09T05:00:08	265.04	-125.36	3283.73	-131.31	22.91	-242.15
2025-01-09T05:00:10	257.88	-124.93	3287.64	-130.38	22.83	-241.51
2025-01-09T05:00:12	250.71	-124.49	3291.55	-129.47	22.74	-240.85
2025-01-09T05:00:14	243.56	-124.06	3295.44	-128.56	22.65	-240.18
2025-01-09T05:00:16	236.39	-123.63	3299.32	-127.67	22.53	-239.49
2025-01-09T05:00:18	229.23	-123.19	3303.20	-126.80	22.42	-238.81
2025-01-09T05:00:20	222.07	-122.76	3307.07	-125.95	22.31	-238.15
2025-01-09T05:00:22	214.90	-122.32	3310.93	-125.10	22.21	-237.49
2025-01-09T05:00:24	207.74	-121.89	3314.79	-124.28	22.12	-236.87
2025-01-09T05:00:26	200.57	-121.45	3318.63	-123.48	22.01	-236.31
2025-01-09T05:00:28	193.41	-121.02	3322.47	-122.69	21.92	-235.74
2025-01-09T05:00:30	186.24	-120.58	3326.30	-121.89	21.82	-235.13
2025-01-09T05:00:32	179.07	-120.15	3330.12	-121.09	21.72	-234.43
2025-01-09T05:00:34	171.91	-119.71	3333.94	-120.29	21.62	-233.72
2025-01-09T05:00:36	164.74	-119.27	3337.74	-119.49	21.52	-233.00
2025-01-09T05:00:38	157.58	-118.84	3341.54	-118.69	21.42	-232.27
2025-01-09T05:00:40	150.41	-118.40	3345.33	-117.90	21.32	-231.52
2025-01-09T05:00:42	143.24	-117.96	3349.11	-117.11	21.23	-230.76
2025-01-09T05:00:44	136.07	-117.52	3352.89	-116.31	21.14	-229.99
2025-01-09T05:00:46	128.90	-117.09	3356.65	-115.53	21.06	-229.19
2025-01-09T05:00:48	121.73	-116.65	3360.41	-114.78	20.99	-228.35
2025-01-09T05:00:50	114.56	-116.21	3364.16	-114.05	20.92	-227.52
2025-01-09T05:00:52	107.39	-115.77	3367.91	-113.34	20.85	-226.70
2025-01-09T05:00:54	100.22	-115.33	3371.64	-112.64	20.77	-225.92
2025-01-09T05:00:56	93.05	-114.89	3375.37	-111.97	20.69	-225.25
2025-01-09T05:00:58	85.88	-114.45	3379.09	-111.31	20.61	-224.59
2025-01-09T05:01:00	78.71	-114.01	3382.80	-110.67	20.52	-223.92
2025-01-09T05:01:02	71.54	-113.57	3386.51	-110.01	20.43	-223.24
2025-01-09T05:01:04	64.37	-113.13	3390.21	-109.32	20.36	-222.53
2025-01-09T05:01:06	57.20	-112.69	3393.90	-108.62	20.28	-221.81
2025-01-09T05:01:08	50.03	-112.25	3397.58	-107.91	20.19	-221.09
2025-01-09T05:01:10	42.86	-111.81	3401.25	-107.19	20.10	-220.36
2025-01-09T05:01:12	35.69	-111.36	3404.92	-106.47	20.00	-219.64
2025-01-09T05:01:14	28.51	-110.92	3408.58	-105.74	19.90	-218.91
2025-01-09T05:01:16	21.34	-110.48	3412.23	-105.00	19.79	-218.18
2025-01-09T05:01:18	14.17	-110.04	3415.87	-104.33	19.68	-217.42
2025-01-09T05:01:20	7.00	-109.60	3419.51	-103.78	19.58	-216.60
2025-01-09T05:01:22	-0.17	-109.15	3423.14	-103.25	19.49	-215.78
2025-01-09T05:01:24	-7.34	-108.71	3426.76	-102.73	19.41	-214.96
2025-01-09T05:01:26	-14.52	-108.26	3430.37	-102.25	19.35	-214.18
2025-01-09T05:01:28	-21.69	-107.82	3433.98	-101.79	19.29	-213.44
2025-01-09T05:01:30	-28.86	-107.38	3437.58	-101.32	19.22	-212.71
2025-01-09T05:01:32	-36.03	-106.93	3441.17	-100.85	19.15	-211.99
2025-01-09T05:01:34	-43.20	-106.49	3444.76	-100.32	19.05	-211.26
2025-01-09T05:01:36	-50.37	-106.04	3448.33	-99.68	18.94	-210.51
2025-01-09T05:01:38	-57.54	-105.60	3451.90	-99.05	18.84	-209.77
2025-01-09T05:01:40	-64.72	-105.15	3455.46	-98.43	18.73	-209.02
2025-01-09T05:01:42	-71.89	-104.71	3459.02	-97.81	18.64	-208.28
2025-01-09T05:01:44	-79.06	-104.26	3462.56	-97.19	18.55	-207.53
2025-01-09T05:01:46	-86.23	-103.81	3466.11	-96.58	18.46	-206.79
2025-01-09T05:01:48	-93.40	-103.37	3469.64	-95.96	18.38	-206.05
2025-01-09T05:01:50	-100.57	-102.92	3473.16	-95.43	18.32	-205.25
2025-01-09T05:01:52	-107.74	-102.48	3476.68	-95.00	18.29	-204.35
2025-01-09T05:01:54	-114.91	-102.03	3480.19	-94.58	18.27	-203.43
2025-01-09T05:01:56	-122.08	-101.58	3483.70	-94.17	18.26	-202.50
2025-01-09T05:01:58	-129.25	-101.13	3487.19	-93.76	18.26	-201.60
2025-01-09T05:02:00	-136.42	-100.69	3490.68	-93.38	18.27	-200.76
2025-01-09T05:02:02	-143.59	-100.24	3494.16	-93.00	18.27	-199.94
2025-01-09T05:02:04	-150.76	-99.79	3497.64	-92.64	18.26	-199.13
2025-01-09T05:02:06	-157.92	-99.34	3501.10	-92.24	18.23	-198.38
2025-01-09T05:02:08	-165.09	-98.89	3504.57	-91.79	18.20	-197.70
2025-01-09T05:02:10	-172.26	-98.44	3508.02	-91.37	18.16	-196.99
2025-01-09T05:02:12	-179.43	-98.00	3511.47	-90.98	18.09	-196.27
2025-01-09T05:02:14	-186.59	-97.55	3514.90	-90.61	18.01	-195.53
2025-01-09T05:02:16	-193.76	-97.10	3518.34	-90.27	17.92	-194.77
2025-01-09T05:02:18	-200.92	-96.65	3521.76	-89.95	17.82	-193.99
2025-01-09T05:02:20	-208.09	-96.20	3525.18	-89.66	17.70	-193.19
2025-01-09T05:02:22	-215.25	-95.75	3528.59	-89.39	17.58	-192.31
2025-01-09T05:02:24	-222.42	-95.30	3531.99	-89.09	17.49	-191.37
2025-01-09T05:02:26	-229.58	-94.85	3535.39	-88.77	17.40	-190.45
2025-01-09T05:02:28	-236.75	-94.40	3538.78	-88.43	17.33	-189.54
2025-01-09T05:02:30	-243.91	-93.94	3542.16	-88.08	17.27	-188.65
2025-01-09T05:02:32	-251.07	-93.50	3545.54	-87.66	17.24	-187.85
2025-01-09T05:02:34	-258.24	-93.04	3548.90	-87.24	17.21	-187.05
2025-01-09T05:02:36	-265.40	-92.59	3552.27	-86.82	17.17	-186.26
2025-01-09T05:02:38	-272.56	-92.14	3555.62	-86.51	17.13	-185.49
2025-01-09T05:02:40	-279.72	-91.69	3558.97	-86.31	17.08	-184.75
2025-01-09T05:02:42	-286.88	-91.24	3562.31	-86.13	17.03	-184.02
2025-01-09T05:02:44	-294.04	-90.79	3565.65	-85.97	16.99	-183.28
2025-01-09T05:02:46	-301.20	-90.33	3568.97	-85.82	16.94	-182.54
2025-01-09T05:02:48	-308.36	-89.88	3572.29	-85.69	16.90	-181.81
2025-01-09T05:02:50	-315.52	-89.43	3575.61	-85.58	16.85	-181.06
2025-01-09T05:02:52	-322.67	-88.97	3578.91	-85.47	16.80	-180.32
2025-01-09T05:02:54	-329.83	-88.52	3582.22	-85.28	16.77	-179.49
2025-01-09T05:02:56	-336.99	-88.07	3585.51	-84.99	16.77	-178.55
2025-01-09T05:02:58	-344.14	-87.61	3588.79	-84.71	16.78	-177.58
2025-01-09T05:03:00	-351.30	-87.16	3592.07	-84.45	16.80	-176.59
2025-01-09T05:03:02	-358.45	-86.71	3595.34	-84.19	16.83	-175.57
2025-01-09T05:03:04	-365.61	-86.25	3598.61	-83.94	16.87	-174.53
2025-01-09T05:03:06	-372.76	-85.80	3601.87	-83.58	16.90	-173.51
2025-01-09T05:03:08	-379.91	-85.34	3605.12	-83.12	16.90	-172.50
2025-01-09T05:03:10	-387.06	-84.89	3608.37	-82.62	16.80	-171.26
2025-01-09T05:03:12	-394.21	-84.43	3611.61	-82.10	16.56	-169.78
2025-01-09T05:03:14	-401.36	-83.98	3614.84	-81.60	16.31	-168.33
2025-01-09T05:03:16	-408.51	-83.52	3618.07	-81.09	16.05	-166.90
2025-01-09T05:03:18	-415.66	-83.07	3621.29	-80.60	15.77	-165.50
2025-01-09T05:03:20	-422.81	-82.61	3624.50	-80.10	15.47	-164.13
2025-01-09T05:03:22	-429.95	-82.16	3627.71	-79.60	15.15	-162.78
2025-01-09T05:03:24	-437.10	-81.70	3630.91	-79.09	14.81	-161.45
2025-01-09T05:03:26	-444.25	-81.24	3634.10	-78.73	14.62	-160.39
2025-01-09T05:03:28	-451.39	-80.79	3637.29	-78.58	14.62	-159.58
2025-01-09T05:03:30	-458.54	-80.33	3640.47	-78.48	14.60	-158.74
2025-01-09T05:03:32	-465.68	-79.88	3643.65	-78.44	14.56	-157.85
2025-01-09T05:03:34	-472.82	-79.42	3646.81	-78.46	14.51	-156.93
2025-01-09T05:03:36	-479.96	-78.96	3649.97	-78.54	14.44	-155.96
2025-01-09T05:03:38	-487.10	-78.51	3653.13	-78.69	14.34	-154.96
2025-01-09T05:03:40	-494.24	-78.05	3656.28	-78.91	14.23	-153.91
2025-01-09T05:03:42	-501.38	-77.59	3659.42	-78.69	14.17	-153.11
2025-01-09T05:03:44	-508.52	-77.14	3662.55	-77.93	14.13	-152.54
2025-01-09T05:03:46	-515.66	-76.68	3665.69	-77.10	14.08	-151.93
2025-01-09T05:03:48	-522.79	-76.22	3668.81	-76.22	14.02	-151.27
2025-01-09T05:03:50	-529.93	-75.76	3671.92	-75.27	13.96	-150.56
2025-01-09T05:03:52	-537.06	-75.30	3675.03	-74.26	13.89	-149.79
2025-01-09T05:03:54	-544.20	-74.85	3678.14	-73.17	13.80	-148.97
2025-01-09T05:03:56	-551.33	-74.39	3681.23	-72.01	13.71	-148.09
2025-01-09T05:03:58	-558.46	-73.93	3684.32	-70.72	13.25	-146.86
2025-01-09T05:04:00	-565.59	-73.47	3687.41	-69.35	12.33	-145.31
2025-01-09T05:04:02	-572.72	-73.01	3690.49	-67.99	11.39	-143.82
2025-01-09T05:04:04	-579.85	-72.55	3693.56	-66.64	10.44	-142.41
2025-01-09T05:04:06	-586.98	-72.09	3696.63	-65.29	9.47	-141.08
2025-01-09T05:04:08	-594.10	-71.64	3699.69	-63.96	8.48	-139.83
2025-01-09T05:04:10	-601.23	-71.17	3702.74	-62.64	7.47	-138.66
2025-01-09T05:04:12	-608.35	-70.72	3705.79	-61.32	6.46	-137.58
2025-01-09T05:04:14	-615.48	-70.26	3708.83	-60.06	6.04	-135.95
2025-01-09T05:04:16	-622.60	-69.80	3711.86	-58.83	6.46	-133.48
2025-01-09T05:04:18	-629.72	-69.34	3714.90	-57.61	7.02	-130.96
2025-01-09T05:04:20	-636.84	-68.88	3717.92	-56.43	7.91	-128.29
2025-01-09T05:04:22	-643.96	-68.42	3720.93	-55.17	8.63	-125.60
2025-01-09T05:04:24	-651.08	-67.96	3723.95	-53.82	9.20	-122.88
2025-01-09T05:04:26	-658.20	-67.50	3726.95	-52.39	9.60	-120.13
2025-01-09T05:04:28	-665.31	-67.04	3729.95	-50.87	9.85	-117.35
2025-01-09T05:04:30	-672.43	-66.58	3732.94	-49.21	10.15	-114.17
2025-01-09T05:04:32	-679.54	-66.11	3735.93	-47.39	10.74	-110.43
2025-01-09T05:04:34	-686.66	-65.65	3738.91	-45.54	11.36	-106.70
2025-01-09T05:04:36	-693.77	-65.19	3741.88	-43.63	12.03	-102.98
2025-01-09T05:04:38	-700.88	-64.73	3744.85	-41.67	12.72	-99.27
2025-01-09T05:04:40	-707.99	-64.27	3747.81	-39.67	13.46	-95.56
2025-01-09T05:04:42	-715.10	-63.81	3750.77	-37.61	14.23	-91.85
2025-01-09T05:04:44	-722.21	-63.35	3753.72	-35.50	15.03	-88.14
2025-01-09T05:04:46	-729.31	-62.89	3756.67	-33.60	15.40	-84.67
2025-01-09T05:04:48	-736.42	-62.42	3759.60	-32.21	14.93	-81.70
2025-01-09T05:04:50	-743.52	-61.96	3762.54	-30.85	14.45	-78.79
2025-01-09T05:04:52	-750.62	-61.50	3765.46	-29.53	13.98	-75.97
2025-01-09T05:04:54	-757.72	-61.04	3768.38	-28.25	13.50	-73.23
2025-01-09T05:04:56	-764.83	-60.58	3771.30	-27.02	13.02	-70.57
2025-01-09T05:04:58	-771.93	-60.12	3774.21	-26.23	12.65	-67.84
2025-01-09T05:05:00	-779.02	-59.65	3777.12	-25.45	12.37	-65.04
2025-01-09T05:05:02	-786.12	-59.19	3780.01	-24.56	12.26	-62.37
2025-01-09T05:05:04	-793.22	-58.73	3782.91	-23.44	12.35	-59.99
2025-01-09T05:05:06	-800.31	-58.27	3785.79	-22.31	12.47	-57.63
2025-01-09T05:05:08	-807.40	-57.80	3788.67	-21.18	12.61	-55.29
2025-01-09T05:05:10	-814.50	-57.34	3791.55	-20.04	12.76	-52.96
2025-01-09T05:05:12	-821.59	-56.88	3794.42	-18.89	12.93	-50.64
2025-01-09T05:05:14	-828.68	-56.41	3797.28	-17.75	13.12	-48.34
2025-01-09T05:05:16	-835.77	-55.95	3800.14	-16.60	13.32	-46.06
2025-01-09T05:05:18	-842.85	-55.49	3802.99	-15.60	13.55	-43.94
2025-01-09T05:05:20	-849.94	-55.02	3805.84	-15.06	13.83	-42.40
2025-01-09T05:05:22	-857.02	-54.56	3808.68	-14.52	14.08	-40.94
2025-01-09T05:05:24	-864.11	-54.10	3811.51	-14.00	14.30	-39.55
2025-01-09T05:05:26	-871.19	-53.63	3814.34	-13.49	14.49	-38.24
2025-01-09T05:05:28	-878.27	-53.17	3817.17	-12.98	14.66	-37.01
2025-01-09T05:05:30	-885.35	-52.71	3819.98	-12.48	14.80	-35.85
2025-01-09T05:05:32	-892.43	-52.24	3822.80	-12.00	14.91	-34.77
2025-01-09T05:05:34	-899.50	-51.78	3825.60	-11.55	15.01	-33.76
2025-01-09T05:05:36	-906.58	-51.31	3828.41	-11.28	15.14	-32.77
2025-01-09T05:05:38	-913.65	-50.85	3831.20	-11.07	15.31	-31.72
2025-01-09T05:05:40	-920.73	-50.39	3833.99	-10.88	15.44	-30.69
2025-01-09T05:05:42	-927.80	-49.92	3836.78	-10.70	15.53	-29.69
2025-01-09T05:05:44	-934.87	-49.46	3839.56	-10.54	15.57	-28.73
2025-01-09T05:05:46	-941.94	-48.99	3842.33	-10.38	15.58	-27.79
2025-01-09T05:05:48	-949.01	-48.53	3845.10	-10.24	15.55	-26.89
2025-01-09T05:05:50	-956.07	-48.06	3847.86	-10.10	15.50	-26.04
2025-01-09T05:05:52	-963.14	-47.60	3850.62	-9.93	15.72	-25.44
2025-01-09T05:05:54	-970.20	-47.13	3853.37	-9.76	15.92	-24.87
2025-01-09T05:05:56	-977.26	-46.67	3856.12	-9.59	16.10	-24.34
2025-01-09T05:05:58	-984.32	-46.20	3858.86	-9.42	16.26	-23.83
2025-01-09T05:06:00	-991.38	-45.74	3861.60	-9.25	16.40	-23.36
2025-01-09T05:06:02	-998.44	-45.27	3864.33	-9.08	16.53	-22.92
2025-01-09T05:06:04	-1005.50	-44.81	3867.05	-8.91	16.63	-22.52
2025-01-09T05:06:06	-1012.55	-44.34	3869.77	-8.73	16.72	-22.15
2025-01-09T05:06:08	-1019.61	-43.88	3872.49	-8.95	17.17	-22.27
2025-01-09T05:06:10	-1026.66	-43.41	3875.20	-9.18	17.66	-22.40
2025-01-09T05:06:12	-1033.71	-42.95	3877.90	-9.42	18.18	-22.50
2025-01-09T05:06:14	-1040.76	-42.48	3880.60	-9.67	18.72	-22.58
2025-01-09T05:06:16	-1047.81	-42.01	3883.29	-9.93	19.28	-22.64
2025-01-09T05:06:18	-1054.86	-41.55	3885.98	-10.18	19.86	-22.68
2025-01-09T05:06:20	-1061.90	-41.08	3888.67	-10.34	20.39	-22.63
2025-01-09T05:06:22	-1068.94	-40.62	3891.34	-10.48	20.88	-22.56
2025-01-09T05:06:24	-1075.99	-40.15	3894.02	-10.43	20.90	-22.48
2025-01-09T05:06:26	-1083.03	-39.68	3896.68	-10.36	20.85	-22.41
2025-01-09T05:06:28	-1090.07	-39.22	3899.35	-10.30	20.80	-22.38
2025-01-09T05:06:30	-1097.11	-38.75	3902.00	-10.25	20.76	-22.37
2025-01-09T05:06:32	-1104.14	-38.29	3904.65	-10.21	20.72	-22.39
2025-01-09T05:06:34	-1111.18	-37.82	3907.30	-10.19	20.68	-22.43
2025-01-09T05:06:36	-1118.21	-37.35	3909.94	-10.18	20.65	-22.50
2025-01-09T05:06:38	-1125.25	-36.89	3912.58	-10.19	20.61	-22.59
2025-01-09T05:06:40	-1132.28	-36.42	3915.21	-10.12	20.63	-22.72
2025-01-09T05:06:42	-1139.31	-35.95	3917.84	-10.01	20.69	-22.88
2025-01-09T05:06:44	-1146.33	-35.48	3920.46	-9.89	20.78	-23.05
2025-01-09T05:06:46	-1153.36	-35.02	3923.07	-9.76	20.90	-23.25
2025-01-09T05:06:48	-1160.39	-34.55	3925.68	-9.63	21.05	-23.46
2025-01-09T05:06:50	-1167.41	-34.09	3928.29	-9.48	21.24	-23.70
2025-01-09T05:06:52	-1174.43	-33.62	3930.89	-9.31	21.45	-23.95
2025-01-09T05:06:54	-1181.45	-33.15	3933.49	-9.14	21.70	-24.22
2025-01-09T05:06:56	-1188.47	-32.68	3936.08	-8.98	21.81	-24.10
2025-01-09T05:06:58	-1195.49	-32.22	3938.67	-8.82	21.79	-23.69
2025-01-09T05:07:00	-1202.51	-31.75	3941.25	-8.64	21.76	-23.27
2025-01-09T05:07:02	-1209.52	-31.28	3943.82	-8.45	21.69	-22.78
2025-01-09T05:07:04	-1216.53	-30.82	3946.39	-8.27	21.55	-22.19
2025-01-09T05:07:06	-1223.54	-30.35	3948.96	-8.11	21.41	-21.63
2025-01-09T05:07:08	-1230.55	-29.88	3951.52	-7.98	21.28	-21.10
2025-01-09T05:07:10	-1237.56	-29.41	3954.08	-7.86	21.14	-20.58
2025-01-09T05:07:12	-1244.57	-28.95	3956.63	-7.82	21.00	-20.10
2025-01-09T05:07:14	-1251.57	-28.48	3959.18	-7.86	20.86	-19.65
2025-01-09T05:07:16	-1258.58	-28.01	3961.72	-7.91	20.72	-19.21
2025-01-09T05:07:18	-1265.58	-27.54	3964.25	-7.97	20.57	-18.79
2025-01-09T05:07:20	-1272.58	-27.07	3966.78	-8.04	20.43	-18.38
2025-01-09T05:07:22	-1279.58	-26.61	3969.31	-8.11	20.29	-17.99
2025-01-09T05:07:24	-1286.58	-26.14	3971.83	-8.19	20.15	-17.62
2025-01-09T05:07:26	-1293.57	-25.67	3974.35	-8.28	20.01	-17.26
2025-01-09T05:07:28	-1300.57	-25.21	3976.87	-8.35	19.89	-17.00
2025-01-09T05:07:30	-1307.56	-24.74	3979.37	-8.34	19.79	-16.96
2025-01-09T05:07:32	-1314.55	-24.27	3981.88	-8.30	19.71	-16.93
2025-01-09T05:07:34	-1321.54	-23.80	3984.37	-8.24	19.64	-16.90
2025-01-09T05:07:36	-1328.53	-23.33	3986.87	-8.17	19.58	-16.87
2025-01-09T05:07:38	-1335.52	-22.86	3989.36	-8.07	19.54	-16.85
2025-01-09T05:07:40	-1342.50	-22.39	3991.84	-7.95	19.51	-16.84
2025-01-09T05:07:42	-1349.49	-21.93	3994.32	-7.81	19.49	-16.83
2025-01-09T05:07:44	-1356.47	-21.46	3996.80	-7.67	19.50	-16.81
2025-01-09T05:07:46	-1363.45	-20.99	3999.26	-7.74	19.63	-16.71
2025-01-09T05:07:48	-1370.43	-20.52	4001.73	-7.89	19.72	-16.63
2025-01-09T05:07:50	-1377.40	-20.05	4004.19	-8.06	19.80	-16.56
2025-01-09T05:07:52	-1384.38	-19.59	4006.65	-8.22	19.89	-16.51
2025-01-09T05:07:54	-1391.35	-19.12	4009.10	-8.36	19.98	-16.46
2025-01-09T05:07:56	-1398.32	-18.65	4011.55	-8.48	20.09	-16.42
2025-01-09T05:07:58	-1405.30	-18.18	4013.99	-8.58	20.21	-16.39
2025-01-09T05:08:00	-1412.26	-17.71	4016.43	-8.67	20.34	-16.37
2025-01-09T05:08:02	-1419.23	-17.24	4018.86	-8.62	20.11	-16.44
2025-01-09T05:08:04	-1426.20	-16.77	4021.29	-8.55	19.80	-16.51
2025-01-09T05:08:06	-1433.16	-16.30	4023.71	-8.48	19.47	-16.57
2025-01-09T05:08:08	-1440.12	-15.84	4026.13	-8.40	19.11	-16.61
2025-01-09T05:08:10	-1447.09	-15.37	4028.54	-8.32	18.71	-16.63
2025-01-09T05:08:12	-1454.04	-14.90	4030.96	-8.23	18.29	-16.64
2025-01-09T05:08:14	-1461.00	-14.43	4033.36	-8.14	17.84	-16.63
2025-01-09T05:08:16	-1467.96	-13.96	4035.76	-8.04	17.36	-16.60
2025-01-09T05:08:18	-1474.91	-13.49	4038.16	-8.08	17.22	-16.60
2025-01-09T05:08:20	-1481.87	-13.02	4040.55	-8.18	17.26	-16.59
2025-01-09T05:08:22	-1488.82	-12.55	4042.94	-8.28	17.30	-16.58
2025-01-09T05:08:24	-1495.77	-12.09	4045.32	-8.38	17.34	-16.56
2025-01-09T05:08:26	-1502.72	-11.62	4047.70	-8.48	17.38	-16.53
2025-01-09T05:08:28	-1509.66	-11.15	4050.08	-8.58	17.42	-16.48
2025-01-09T05:08:30	-1516.60	-10.68	4052.44	-8.67	17.46	-16.42
2025-01-09T05:08:32	-1523.55	-10.21	4054.81	-8.77	17.50	-16.35
2025-01-09T05:08:34	-1530.49	-9.74	4057.17	-8.75	17.62	-16.37
2025-01-09T05:08:36	-1537.43	-9.27	4059.53	-8.63	17.90	-16.57
2025-01-09T05:08:38	-1544.37	-8.80	4061.88	-8.53	18.19	-16.78
2025-01-09T05:08:40	-1551.30	-8.33	4064.23	-8.45	18.46	-16.98
2025-01-09T05:08:42	-1558.24	-7.86	4066.57	-8.38	18.73	-17.17
2025-01-09T05:08:44	-1565.17	-7.39	4068.91	-8.33	19.00	-17.36
2025-01-09T05:08:46	-1572.10	-6.92	4071.25	-8.30	19.26	-17.54
2025-01-09T05:08:48	-1579.03	-6.45	4073.58	-8.28	19.51	-17.71
2025-01-09T05:08:50	-1585.96	-5.99	4075.91	-8.27	19.72	-17.82
2025-01-09T05:08:52	-1592.89	-5.52	4078.23	-8.28	19.77	-17.72
2025-01-09T05:08:54	-1599.81	-5.05	4080.55	-8.26	19.85	-17.62
2025-01-09T05:08:56	-1606.74	-4.58	4082.86	-8.22	19.94	-17.52
2025-01-09T05:08:58	-1613.65	-4.11	4085.17	-8.16	20.05	-17.42
2025-01-09T05:09:00	-1620.57	-3.64	4087.47	-8.07	20.18	-17.32
2025-01-09T05:09:02	-1627.49	-3.17	4089.77	-7.96	20.33	-17.22
2025-01-09T05:09:04	-1634.41	-2.70	4092.07	-7.83	20.51	-17.12
2025-01-09T05:09:06	-1641.32	-2.23	4094.36	-7.67	20.70	-17.00
2025-01-09T05:09:08	-1648.24	-1.76	4096.65	-7.78	20.85	-16.94
2025-01-09T05:09:10	-1655.15	-1.29	4098.94	-7.90	21.00	-16.88
2025-01-09T05:09:12	-1662.06	-0.82	4101.22	-8.00	21.16	-16.83
2025-01-09T05:09:14	-1668.96	-0.35	4103.49	-8.09	21.32	-16.78
2025-01-09T05:09:16	-1675.87	0.12	4105.76	-8.17	21.49	-16.74
2025-01-09T05:09:18	-1682.78	0.59	4108.03	-8.24	21.67	-16.70
2025-01-09T05:09:20	-1689.68	1.06	4110.29	-8.30	21.85	-16.67
2025-01-09T05:09:22	-1696.58	1.53	4112.55	-8.35	22.04	-16.64
2025-01-09T05:09:24	-1703.48	2.00	4114.81	-8.32	21.91	-16.63
2025-01-09T05:09:26	-1710.38	2.47	4117.06	-8.28	21.46	-16.59
2025-01-09T05:09:28	-1717.27	2.94	4119.31	-8.25	21.02	-16.55
2025-01-09T05:09:30	-1724.16	3.40	4121.55	-8.24	20.60	-16.50
2025-01-09T05:09:32	-1731.06	3.87	4123.79	-8.24	20.19	-16.45
2025-01-09T05:09:34	-1737.95	4.34	4126.02	-8.26	19.78	-16.40
2025-01-09T05:09:36	-1744.84	4.81	4128.25	-8.29	19.39	-16.34
2025-01-09T05:09:38	-1751.72	5.29	4130.48	-8.34	19.01	-16.28
2025-01-09T05:09:40	-1758.61	5.75	4132.70	-8.33	18.68	-16.21
2025-01-09T05:09:42	-1765.50	6.22	4134.92	-8.22	18.45	-16.15
2025-01-09T05:09:44	-1772.38	6.69	4137.13	-8.12	18.24	-16.10
2025-01-09T05:09:46	-1779.26	7.16	4139.35	-8.03	18.05	-16.06
2025-01-09T05:09:48	-1786.14	7.63	4141.55	-7.97	17.89	-16.04
2025-01-09T05:09:50	-1793.01	8.10	4143.75	-7.92	17.75	-16.02
2025-01-09T05:09:52	-1799.89	8.57	4145.95	-7.88	17.64	-16.02
2025-01-09T05:09:54	-1806.76	9.04	4148.15	-7.86	17.55	-16.03
2025-01-09T05:09:56	-1813.63	9.51	4150.34	-7.86	17.49	-16.04
2025-01-09T05:09:58	-1820.51	9.98	4152.52	-8.02	17.45	-15.92
2025-01-09T05:10:00	-1827.37	10.45	4154.71	-8.16	17.41	-15.83
2025-01-09T05:10:02	-1834.24	10.92	4156.89	-8.28	17.38	-15.77
2025-01-09T05:10:04	-1841.10	11.39	4159.06	-8.39	17.34	-15.74
2025-01-09T05:10:06	-1847.97	11.86	4161.23	-8.48	17.31	-15.74
2025-01-09T05:10:08	-1854.83	12.33	4163.40	-8.56	17.27	-15.76
2025-01-09T05:10:10	-1861.69	12.80	4165.56	-8.63	17.24	-15.80
2025-01-09T05:10:12	-1868.55	13.27	4167.72	-8.68	17.21	-15.87
2025-01-09T05:10:14	-1875.41	13.74	4169.88	-8.79	17.34	-15.82
2025-01-09T05:10:16	-1882.26	14.21	4172.03	-8.93	17.55	-15.70
2025-01-09T05:10:18	-1889.11	14.68	4174.18	-9.05	17.78	-15.53
2025-01-09T05:10:20	-1895.96	15.15	4176.32	-9.16	18.01	-15.38
2025-01-09T05:10:22	-1902.81	15.62	4178.46	-9.24	18.25	-15.26
2025-01-09T05:10:24	-1909.66	16.09	4180.60	-9.31	18.49	-15.15
2025-01-09T05:10:26	-1916.51	16.56	4182.73	-9.36	18.74	-15.06
2025-01-09T05:10:28	-1923.35	17.03	4184.86	-9.39	19.00	-14.99
2025-01-09T05:10:30	-1930.19	17.50	4186.98	-9.43	19.21	-15.06
2025-01-09T05:10:32	-1937.04	17.97	4189.11	-9.50	19.33	-15.32
2025-01-09T05:10:34	-1943.87	18.44	4191.22	-9.57	19.43	-15.58
2025-01-09T05:10:36	-1950.71	18.91	4193.34	-9.63	19.51	-15.83
2025-01-09T05:10:38	-1957.55	19.38	4195.45	-9.68	19.57	-16.08
2025-01-09T05:10:40	-1964.38	19.85	4197.55	-9.73	19.61	-16.32
2025-01-09T05:10:42	-1971.21	20.32	4199.65	-9.77	19.63	-16.56
2025-01-09T05:10:44	-1978.04	20.79	4201.76	-9.81	19.63	-16.80
2025-01-09T05:10:46	-1984.87	21.26	4203.85	-9.85	19.60	-17.03
2025-01-09T05:10:48	-1991.70	21.73	4205.94	-9.81	19.54	-16.97
2025-01-09T05:10:50	-1998.52	22.20	4208.03	-9.77	19.46	-16.91
2025-01-09T05:10:52	-2005.35	22.67	4210.11	-9.74	19.38	-16.82
2025-01-09T05:10:54	-2012.17	23.14	4212.19	-9.72	19.30	-16.73
2025-01-09T05:10:56	-2018.99	23.61	4214.27	-9.70	19.21	-16.62
2025-01-09T05:10:58	-2025.81	24.08	4216.34	-9.69	19.12	-16.50
2025-01-09T05:11:00	-2032.62	24.55	4218.41	-9.68	19.02	-16.37
2025-01-09T05:11:02	-2039.44	25.02	4220.48	-9.67	18.92	-16.23
2025-01-09T05:11:04	-2046.25	25.49	4222.54	-9.73	18.83	-16.12
2025-01-09T05:11:06	-2053.06	25.96	4224.60	-9.84	18.75	-16.04
2025-01-09T05:11:08	-2059.87	26.43	4226.66	-9.94	18.69	-15.96
2025-01-09T05:11:10	-2066.68	26.90	4228.71	-10.03	18.63	-15.90
2025-01-09T05:11:12	-2073.49	27.37	4230.76	-10.08	18.59	-15.81
2025-01-09T05:11:14	-2080.29	27.84	4232.80	-10.13	18.55	-15.71
2025-01-09T05:11:16	-2087.09	28.31	4234.84	-10.18	18.49	-15.60
2025-01-09T05:11:18	-2093.89	28.78	4236.88	-10.23	18.44	-15.49
2025-01-09T05:11:20	-2100.69	29.25	4238.91	-10.29	18.36	-15.38
2025-01-09T05:11:22	-2107.49	29.72	4240.94	-10.37	18.25	-15.30
2025-01-09T05:11:24	-2114.28	30.19	4242.97	-10.44	18.12	-15.23
2025-01-09T05:11:26	-2121.08	30.66	4244.99	-10.51	18.00	-15.16
2025-01-09T05:11:28	-2127.87	31.13	4247.01	-10.57	17.87	-15.09
2025-01-09T05:11:30	-2134.66	31.60	4249.03	-10.62	17.74	-15.02
2025-01-09T05:11:32	-2141.45	32.07	4251.04	-10.68	17.61	-14.96
2025-01-09T05:11:34	-2148.23	32.53	4253.05	-10.72	17.47	-14.90
2025-01-09T05:11:36	-2155.02	33.01	4255.06	-10.76	17.33	-14.85
2025-01-09T05:11:38	-2161.80	33.47	4257.06	-10.76	17.22	-14.69
2025-01-09T05:11:40	-2168.58	33.95	4259.06	-10.75	17.14	-14.53
2025-01-09T05:11:42	-2175.36	34.41	4261.05	-10.75	17.07	-14.37
2025-01-09T05:11:44	-2182.14	34.88	4263.05	-10.76	17.02	-14.23
2025-01-09T05:11:46	-2188.92	35.35	4265.03	-10.77	16.99	-14.10
2025-01-09T05:11:48	-2195.69	35.82	4267.02	-10.79	16.96	-13.98
2025-01-09T05:11:50	-2202.47	36.29	4269.00	-10.81	16.96	-13.87
2025-01-09T05:11:52	-2209.24	36.76	4270.98	-10.84	16.97	-13.77
2025-01-09T05:11:54	-2216.01	37.23	4272.96	-10.89	16.96	-13.77
2025-01-09T05:11:56	-2222.77	37.70	4274.93	-10.98	16.91	-13.90
2025-01-09T05:11:58	-2229.54	38.17	4276.90	-11.07	16.86	-14.03
2025-01-09T05:12:00	-2236.30	38.64	4278.86	-11.16	16.81	-14.14
2025-01-09T05:12:02	-2243.07	39.11	4280.82	-11.25	16.76	-14.25
2025-01-09T05:12:04	-2249.82	39.58	4282.78	-11.35	16.70	-14.34
2025-01-09T05:12:06	-2256.58	40.05	4284.74	-11.44	16.65	-14.42
2025-01-09T05:12:08	-2263.34	40.52	4286.69	-11.54	16.61	-14.50
2025-01-09T05:12:10	-2270.10	40.99	4288.64	-11.62	16.62	-14.60
2025-01-09T05:12:12	-2276.85	41.46	4290.58	-11.40	16.79	-14.61
2025-01-09T05:12:14	-2283.60	41.93	4292.52	-11.16	16.97	-14.61
2025-01-09T05:12:16	-2290.35	42.40	4294.46	-10.92	17.14	-14.62
2025-01-09T05:12:18	-2297.10	42.87	4296.40	-10.70	17.30	-14.63
2025-01-09T05:12:20	-2303.85	43.34	4298.33	-10.49	17.45	-14.64
2025-01-09T05:12:22	-2310.59	43.81	4300.26	-10.30	17.60	-14.65
2025-01-09T05:12:24	-2317.33	44.27	4302.18	-10.11	17.74	-14.67
2025-01-09T05:12:26	-2324.07	44.74	4304.10	-9.94	17.87	-14.69
2025-01-09T05:12:28	-2330.81	45.21	4306.02	-9.85	17.94	-14.73
2025-01-09T05:12:30	-2337.55	45.68	4307.94	-9.84	17.92	-14.77
2025-01-09T05:12:32	-2344.29	46.15	4309.85	-9.82	17.88	-14.79
2025-01-09T05:12:34	-2351.02	46.62	4311.76	-9.78	17.83	-14.82
2025-01-09T05:12:36	-2357.75	47.09	4313.67	-9.73	17.76	-14.83
2025-01-09T05:12:38	-2364.48	47.56	4315.57	-9.66	17.67	-14.83
2025-01-09T05:12:40	-2371.21	48.03	4317.47	-9.57	17.56	-14.82
2025-01-09T05:12:42	-2377.94	48.50	4319.37	-9.47	17.43	-14.81
2025-01-09T05:12:44	-2384.67	48.97	4321.26	-9.35	17.29	-14.78
2025-01-09T05:12:46	-2391.39	49.44	4323.15	-9.36	17.20	-14.54
2025-01-09T05:12:48	-2398.11	49.91	4325.03	-9.36	17.10	-14.28
2025-01-09T05:12:50	-2404.83	50.38	4326.92	-9.36	16.98	-14.03
2025-01-09T05:12:52	-2411.55	50.84	4328.80	-9.35	16.85	-13.79
2025-01-09T05:12:54	-2418.27	51.31	4330.68	-9.33	16.70	-13.56
2025-01-09T05:12:56	-2424.98	51.78	4332.55	-9.31	16.53	-13.34
2025-01-09T05:12:58	-2431.69	52.25	4334.42	-9.27	16.34	-13.13
2025-01-09T05:13:00	-2438.41	52.72	4336.29	-9.23	16.14	-12.93
2025-01-09T05:13:02	-2445.12	53.19	4338.15	-9.26	16.10	-12.88
2025-01-09T05:13:04	-2451.82	53.66	4340.02	-9.42	16.35	-13.05
2025-01-09T05:13:06	-2458.53	54.13	4341.88	-9.58	16.61	-13.23
2025-01-09T05:13:08	-2465.23	54.60	4343.73	-9.76	16.92	-13.42
2025-01-09T05:13:10	-2471.94	55.07	4345.58	-9.96	17.28	-13.63
2025-01-09T05:13:12	-2478.64	55.53	4347.43	-10.16	17.61	-13.83
2025-01-09T05:13:14	-2485.34	56.00	4349.28	-10.35	17.91	-14.03
2025-01-09T05:13:16	-2492.03	56.47	4351.13	-10.52	18.20	-14.22
2025-01-09T05:13:18	-2498.73	56.94	4352.96	-10.69	18.45	-14.42
2025-01-09T05:13:20	-2505.42	57.41	4354.80	-10.78	18.45	-14.33
2025-01-09T05:13:22	-2512.12	57.88	4356.64	-10.87	18.39	-14.18
2025-01-09T05:13:24	-2518.81	58.35	4358.47	-10.96	18.31	-14.04
2025-01-09T05:13:26	-2525.50	58.82	4360.29	-11.05	18.22	-13.89
2025-01-09T05:13:28	-2532.18	59.28	4362.12	-11.13	18.10	-13.74
2025-01-09T05:13:30	-2538.87	59.75	4363.94	-11.21	17.97	-13.58
2025-01-09T05:13:32	-2545.55	60.22	4365.76	-11.30	17.83	-13.42
2025-01-09T05:13:34	-2552.23	60.69	4367.58	-11.38	17.66	-13.26
2025-01-09T05:13:36	-2558.91	61.16	4369.39	-11.39	17.45	-13.13
2025-01-09T05:13:38	-2565.59	61.63	4371.20	-11.26	17.17	-13.10
2025-01-09T05:13:40	-2572.27	62.10	4373.01	-11.15	16.91	-13.06
2025-01-09T05:13:42	-2578.94	62.57	4374.82	-11.05	16.66	-13.01
2025-01-09T05:13:44	-2585.62	63.03	4376.62	-10.96	16.44	-12.94
2025-01-09T05:13:46	-2592.29	63.50	4378.42	-10.88	16.23	-12.87
2025-01-09T05:13:48	-2598.96	63.97	4380.21	-10.82	16.03	-12.79
2025-01-09T05:13:50	-2605.62	64.44	4382.01	-10.77	15.86	-12.70
2025-01-09T05:13:52	-2612.29	64.91	4383.79	-10.74	15.70	-12.59
2025-01-09T05:13:54	-2618.96	65.38	4385.58	-10.73	15.69	-12.68
2025-01-09T05:13:56	-2625.62	65.85	4387.37	-10.74	15.74	-12.83
2025-01-09T05:13:58	-2632.28	66.31	4389.15	-10.76	15.80	-12.98
2025-01-09T05:14:00	-2638.94	66.78	4390.92	-10.80	15.86	-13.13
2025-01-09T05:14:02	-2645.60	67.25	4392.70	-10.85	15.92	-13.29
2025-01-09T05:14:04	-2652.25	67.72	4394.47	-10.91	16.00	-13.44
2025-01-09T05:14:06	-2658.91	68.19	4396.24	-10.99	16.07	-13.60
2025-01-09T05:14:08	-2665.56	68.65	4398.01	-11.07	16.15	-13.76
2025-01-09T05:14:10	-2672.21	69.12	4399.77	-11.15	16.22	-13.91
2025-01-09T05:14:12	-2678.86	69.59	4401.54	-11.04	16.17	-14.02
2025-01-09T05:14:14	-2685.51	70.06	4403.29	-10.90	16.12	-14.14
2025-01-09T05:14:16	-2692.15	70.53	4405.05	-10.76	16.08	-14.25
2025-01-09T05:14:18	-2698.79	70.99	4406.80	-10.61	16.03	-14.35
2025-01-09T05:14:20	-2705.44	71.46	4408.55	-10.46	15.98	-14.45
2025-01-09T05:14:22	-2712.08	71.93	4410.30	-10.32	15.94	-14.54
2025-01-09T05:14:24	-2718.72	72.40	4412.04	-10.17	15.90	-14.63
2025-01-09T05:14:26	-2725.35	72.87	4413.78	-10.02	15.86	-14.72
2025-01-09T05:14:28	-2731.99	73.33	4415.52	-9.86	15.80	-14.68
2025-01-09T05:14:30	-2738.62	73.80	4417.26	-9.71	15.72	-14.55
2025-01-09T05:14:32	-2745.25	74.27	4418.99	-9.55	15.64	-14.43
2025-01-09T05:14:34	-2751.88	74.74	4420.72	-9.40	15.56	-14.30
2025-01-09T05:14:36	-2758.51	75.21	4422.45	-9.26	15.48	-14.18
2025-01-09T05:14:38	-2765.14	75.67	4424.17	-9.12	15.39	-14.07
2025-01-09T05:14:40	-2771.76	76.14	4425.90	-8.98	15.31	-13.95
2025-01-09T05:14:42	-2778.38	76.61	4427.62	-8.85	15.23	-13.84
2025-01-09T05:14:44	-2785.00	77.08	4429.33	-8.72	15.15	-13.73
2025-01-09T05:14:46	-2791.63	77.54	4431.05	-8.74	15.08	-13.70
2025-01-09T05:14:48	-2798.24	78.01	4432.76	-8.79	15.01	-13.69
2025-01-09T05:14:50	-2804.86	78.48	4434.47	-8.83	14.94	-13.68
2025-01-09T05:14:52	-2811.47	78.95	4436.17	-8.88	14.87	-13.68
2025-01-09T05:14:54	-2818.09	79.41	4437.88	-8.94	14.80	-13.69
2025-01-09T05:14:56	-2824.70	79.88	4439.58	-9.00	14.74	-13.69
2025-01-09T05:14:58	-2831.31	80.35	4441.27	-9.06	14.67	-13.71
2025-01-09T05:15:00	-2837.92	80.82	4442.97	-9.13	14.59	-13.73
2025-01-09T05:15:02	-2844.52	81.28	4444.66	-9.21	14.55	-13.77
2025-01-09T05:15:04	-2851.13	81.75	4446.35	-9.32	14.58	-13.86
2025-01-09T05:15:06	-2857.73	82.22	4448.04	-9.44	14.61	-13.93
2025-01-09T05:15:08	-2864.33	82.69	4449.72	-9.57	14.65	-13.99
2025-01-09T05:15:10	-2870.93	83.15	4451.40	-9.70	14.68	-14.05
2025-01-09T05:15:12	-2877.52	83.62	4453.08	-9.83	14.72	-14.09
2025-01-09T05:15:14	-2884.12	84.09	4454.76	-9.97	14.76	-14.12
2025-01-09T05:15:16	-2890.71	84.56	4456.43	-10.11	14.79	-14.14
2025-01-09T05:15:18	-2897.30	85.02	4458.10	-10.25	14.83	-14.15
2025-01-09T05:15:20	-2903.90	85.49	4459.77	-10.25	14.88	-14.08
2025-01-09T05:15:22	-2910.49	85.96	4461.44	-10.19	14.96	-13.98
2025-01-09T05:15:24	-2917.07	86.42	4463.10	-10.13	15.04	-13.88
2025-01-09T05:15:26	-2923.66	86.89	4464.76	-10.07	15.12	-13.79
2025-01-09T05:15:28	-2930.24	87.36	4466.42	-10.02	15.19	-13.69
2025-01-09T05:15:30	-2936.83	87.82	4468.08	-9.97	15.27	-13.59
2025-01-09T05:15:32	-2943.40	88.29	4469.73	-9.93	15.35	-13.50
2025-01-09T05:15:34	-2949.98	88.76	4471.38	-9.89	15.42	-13.41
2025-01-09T05:15:36	-2956.56	89.22	4473.03	-9.86	15.50	-13.32
2025-01-09T05:15:38	-2963.14	89.69	4474.67	-9.98	15.30	-13.40
2025-01-09T05:15:40	-2969.71	90.16	4476.32	-10.11	15.07	-13.49
2025-01-09T05:15:42	-2976.28	90.62	4477.96	-10.23	14.85	-13.58
2025-01-09T05:15:44	-2982.85	91.09	4479.60	-10.34	14.64	-13.67
2025-01-09T05:15:46	-2989.42	91.56	4481.23	-10.44	14.44	-13.76
2025-01-09T05:15:48	-2995.99	92.02	4482.86	-10.53	14.25	-13.84
2025-01-09T05:15:50	-3002.55	92.49	4484.49	-10.61	14.07	-13.93
2025-01-09T05:15:52	-3009.12	92.96	4486.12	-10.68	13.89	-14.02
2025-01-09T05:15:54	-3015.68	93.42	4487.75	-10.72	13.73	-14.10
2025-01-09T05:15:56	-3022.24	93.89	4489.37	-10.72	13.57	-14.15
2025-01-09T05:15:58	-3028.80	94.35	4490.99	-10.73	13.40	-14.21
2025-01-09T05:16:00	-3035.36	94.82	4492.61	-10.74	13.23	-14.27
2025-01-09T05:16:02	-3041.91	95.29	4494.22	-10.75	13.04	-14.33
2025-01-09T05:16:04	-3048.46	95.76	4495.84	-10.77	12.84	-14.38
2025-01-09T05:16:06	-3055.01	96.22	4497.44	-10.79	12.63	-14.44
