Time	POS_X	POS_Y	POS_Z	B_X	B_Y	B_Z
2025-01-09T04:27:12	4483.66	-246.20	-3062.75	24.53	-1.20	0.28
2025-01-09T04:27:14	4482.06	-246.29	-3056.18	24.58	-1.20	0.32
2025-01-09T04:27:16	4480.45	-246.38	-3049.61	24.63	-1.20	0.36
2025-01-09T04:27:18	4478.85	-246.48	-3043.03	24.68	-1.21	0.40
2025-01-09T04:27:20	4477.24	-246.57	-3036.46	24.73	-1.21	0.44
2025-01-09T04:27:22	4475.62	-246.66	-3029.88	24.78	-1.21	0.48
2025-01-09T04:27:24	4474.01	-246.75	-3023.30	24.83	-1.22	0.52
2025-01-09T04:27:26	4472.39	-246.84	-3016.72	24.89	-1.22	0.56
2025-01-09T04:27:28	4470.77	-246.93	-3010.14	24.94	-1.22	0.60
2025-01-09T04:27:30	4469.15	-247.02	-3003.55	24.99	-1.23	0.64
2025-01-09T04:27:32	4467.52	-247.11	-2996.97	25.04	-1.23	0.69
2025-01-09T04:27:34	4465.89	-247.20	-2990.38	25.09	-1.23	0.73
2025-01-09T04:27:36	4464.26	-247.29	-2983.79	25.14	-1.24	0.77
2025-01-09T04:27:38	4462.63	-247.38	-2977.20	25.19	-1.24	0.81
2025-01-09T04:27:40	4460.99	-247.47	-2970.61	25.24	-1.24	0.86
2025-01-09T04:27:42	4459.35	-247.56	-2964.01	25.30	-1.25	0.90
2025-01-09T04:27:44	4457.71	-247.66	-2957.42	25.35	-1.25	0.95
2025-01-09T04:27:46	4456.07	-247.74	-2950.82	25.40	-1.26	0.99
2025-01-09T04:27:48	4454.42	-247.83	-2944.22	25.45	-1.26	1.03
2025-01-09T04:27:50	4452.78	-247.92	-2937.62	25.50	-1.26	1.08
2025-01-09T04:27:52	4451.12	-248.01	-2931.02	25.55	-1.27	1.12
2025-01-09T04:27:54	4449.47	-248.10	-2924.41	25.60	-1.27	1.17
2025-01-09T04:27:56	4447.82	-248.19	-2917.81	25.66	-1.27	1.21
2025-01-09T04:27:58	4446.16	-248.28	-2911.20	25.71	-1.28	1.26
2025-01-09T04:28:00	4444.49	-248.37	-2904.59	25.76	-1.28	1.31
2025-01-09T04:28:02	4442.83	-248.46	-2897.98	25.81	-1.28	1.35
2025-01-09T04:28:04	4441.16	-248.54	-2891.37	25.86	-1.29	1.40
2025-01-09T04:28:06	4439.49	-248.63	-2884.75	25.91	-1.29	1.45
2025-01-09T04:28:08	4437.82	-248.72	-2878.14	25.97	-1.29	1.49
2025-01-09T04:28:10	4436.15	-248.81	-2871.52	26.02	-1.30	1.54
2025-01-09T04:28:12	4434.47	-248.89	-2864.90	26.07	-1.30	1.59
2025-01-09T04:28:14	4432.79	-248.98	-2858.28	26.12	-1.30	1.64
2025-01-09T04:28:16	4431.11	-249.07	-2851.65	26.17	-1.31	1.68
2025-01-09T04:28:18	4429.42	-249.16	-2845.03	26.23	-1.31	1.73
2025-01-09T04:28:20	4427.73	-249.25	-2838.40	26.28	-1.31	1.78
2025-01-09T04:28:22	4426.05	-249.33	-2831.77	26.33	-1.32	1.83
2025-01-09T04:28:24	4424.35	-249.42	-2825.14	26.38	-1.32	1.88
2025-01-09T04:28:26	4422.66	-249.50	-2818.51	26.43	-1.32	1.93
2025-01-09T04:28:28	4420.96	-249.59	-2811.88	26.49	-1.33	1.98
2025-01-09T04:28:30	4419.25	-249.68	-2805.24	26.54	-1.33	2.03
2025-01-09T04:28:32	4417.55	-249.76	-2798.61	26.59	-1.34	2.08
2025-01-09T04:28:34	4415.85	-249.85	-2791.97	26.64	-1.34	2.13
2025-01-09T04:28:36	4414.14	-249.94	-2785.33	26.70	-1.34	2.19
2025-01-09T04:28:38	4412.42	-250.02	-2778.69	26.75	-1.35	2.24
2025-01-09T04:28:40	4410.71	-250.11	-2772.04	26.80	-1.35	2.29
2025-01-09T04:28:42	4408.99	-250.19	-2765.40	26.85	-1.35	2.34
2025-01-09T04:28:44	4407.27	-250.28	-2758.75	26.90	-1.36	2.39
2025-01-09T04:28:46	4405.55	-250.36	-2752.10	26.96	-1.36	2.45
2025-01-09T04:28:48	4403.82	-250.45	-2745.45	27.01	-1.36	2.50
2025-01-09T04:28:50	4402.09	-250.53	-2738.80	27.06	-1.37	2.55
2025-01-09T04:28:52	4400.36	-250.61	-2732.14	27.11	-1.37	2.61
2025-01-09T04:28:54	4398.63	-250.70	-2725.49	27.17	-1.37	2.66
2025-01-09T04:28:56	4396.89	-250.79	-2718.83	27.22	-1.38	2.72
2025-01-09T04:28:58	4395.15	-250.87	-2712.17	27.27	-1.38	2.77
2025-01-09T04:29:00	4393.41	-250.95	-2705.51	27.32	-1.39	2.83
2025-01-09T04:29:02	4391.66	-251.04	-2698.85	27.38	-1.39	2.88
2025-01-09T04:29:04	4389.91	-251.12	-2692.18	27.43	-1.39	2.94
2025-01-09T04:29:06	4388.16	-251.20	-2685.52	27.48	-1.40	2.99
2025-01-09T04:29:08	4386.41	-251.29	-2678.85	27.53	-1.40	3.05
2025-01-09T04:29:10	4384.65	-251.37	-2672.18	27.59	-1.40	3.11
2025-01-09T04:29:12	4382.89	-251.45	-2665.51	27.64	-1.41	3.17
2025-01-09T04:29:14	4381.13	-251.54	-2658.84	27.69	-1.41	3.22
2025-01-09T04:29:16	4379.37	-251.62	-2652.16	27.74	-1.41	3.28
2025-01-09T04:29:18	4377.60	-251.70	-2645.48	27.79	-1.42	3.34
2025-01-09T04:29:20	4375.83	-251.78	-2638.81	27.85	-1.42	3.40
2025-01-09T04:29:22	4374.05	-251.86	-2632.13	27.90	-1.43	3.46
2025-01-09T04:29:24	4372.28	-251.95	-2625.44	27.95	-1.43	3.52
2025-01-09T04:29:26	4370.50	-252.03	-2618.76	28.00	-1.43	3.58
2025-01-09T04:29:28	4368.72	-252.11	-2612.08	28.06	-1.44	3.64
2025-01-09T04:29:30	4366.93	-252.19	-2605.39	28.11	-1.44	3.70
2025-01-09T04:29:32	4365.14	-252.27	-2598.70	28.16	-1.44	3.76
2025-01-09T04:29:34	4363.35	-252.35	-2592.01	28.21	-1.45	3.82
2025-01-09T04:29:36	4361.56	-252.44	-2585.32	28.27	-1.45	3.88
2025-01-09T04:29:38	4359.76	-252.52	-2578.62	28.32	-1.46	3.94
2025-01-09T04:29:40	4357.96	-252.60	-2571.93	28.37	-1.46	4.00
2025-01-09T04:29:42	4356.15	-252.68	-2565.23	28.42	-1.46	4.07
2025-01-09T04:29:44	4354.35	-252.76	-2558.53	28.47	-1.47	4.13
2025-01-09T04:29:46	4352.54	-252.84	-2551.83	28.53	-1.47	4.19
2025-01-09T04:29:48	4350.73	-252.92	-2545.13	28.58	-1.47	4.26
2025-01-09T04:29:50	4348.91	-252.99	-2538.42	28.63	-1.48	4.32
2025-01-09T04:29:52	4347.10	-253.07	-2531.72	28.68	-1.48	4.38
2025-01-09T04:29:54	4345.27	-253.15	-2525.01	28.74	-1.48	4.45
2025-01-09T04:29:56	4343.45	-253.23	-2518.30	28.79	-1.49	4.51
2025-01-09T04:29:58	4341.62	-253.31	-2511.59	28.84	-1.49	4.58
2025-01-09T04:30:00	4339.79	-253.39	-2504.87	28.89	-1.50	4.65
2025-01-09T04:30:02	4337.96	-253.47	-2498.16	28.94	-1.50	4.71
2025-01-09T04:30:04	4336.12	-253.55	-2491.44	29.00	-1.50	4.78
2025-01-09T04:30:06	4334.29	-253.63	-2484.73	29.05	-1.51	4.85
2025-01-09T04:30:08	4332.44	-253.70	-2478.00	29.10	-1.51	4.91
2025-01-09T04:30:10	4330.60	-253.78	-2471.28	29.15	-1.51	4.98
2025-01-09T04:30:12	4328.75	-253.86	-2464.56	29.20	-1.52	5.05
2025-01-09T04:30:14	4326.90	-253.94	-2457.83	29.25	-1.52	5.12
2025-01-09T04:30:16	4325.04	-254.01	-2451.11	29.31	-1.53	5.19
2025-01-09T04:30:18	4323.19	-254.09	-2444.38	29.36	-1.53	5.26
2025-01-09T04:30:20	4321.33	-254.17	-2437.65	29.41	-1.53	5.32
2025-01-09T04:30:22	4319.46	-254.25	-2430.91	29.46	-1.54	5.40
2025-01-09T04:30:24	4317.60	-254.32	-2424.18	29.51	-1.54	5.47
2025-01-09T04:30:26	4315.73	-254.40	-2417.44	29.56	-1.54	5.54
2025-01-09T04:30:28	4313.85	-254.47	-2410.71	29.61	-1.55	5.61
2025-01-09T04:30:30	4311.98	-254.55	-2403.97	29.67	-1.55	5.68
2025-01-09T04:30:32	4310.10	-254.63	-2397.23	29.72	-1.55	5.75
2025-01-09T04:30:34	4308.22	-254.70	-2390.48	29.77	-1.56	5.82
2025-01-09T04:30:36	4306.33	-254.78	-2383.74	29.82	-1.56	5.90
2025-01-09T04:30:38	4304.44	-254.85	-2376.99	29.87	-1.57	5.97
2025-01-09T04:30:40	4302.55	-254.93	-2370.24	29.92	-1.57	6.04
2025-01-09T04:30:42	4300.65	-255.00	-2363.49	29.97	-1.57	6.12
2025-01-09T04:30:44	4298.76	-255.08	-2356.74	30.02	-1.58	6.19
2025-01-09T04:30:46	4296.85	-255.15	-2349.99	30.07	-1.58	6.27
2025-01-09T04:30:48	4294.95	-255.22	-2343.23	30.12	-1.58	6.34
2025-01-09T04:30:50	4293.04	-255.30	-2336.48	30.18	-1.59	6.42
2025-01-09T04:30:52	4291.13	-255.37	-2329.72	30.23	-1.59	6.50
2025-01-09T04:30:54	4289.22	-255.45	-2322.96	30.28	-1.60	6.57
2025-01-09T04:30:56	4287.30	-255.52	-2316.19	30.33	-1.60	6.65
2025-01-09T04:30:58	4285.38	-255.59	-2309.43	30.38	-1.60	6.73
2025-01-09T04:31:00	4283.45	-255.67	-2302.67	30.43	-1.61	6.81
2025-01-09T04:31:02	4281.52	-255.74	-2295.90	30.48	-1.61	6.88
2025-01-09T04:31:04	4279.59	-255.81	-2289.13	30.53	-1.61	6.96
2025-01-09T04:31:06	4277.66	-255.88	-2282.36	30.58	-1.62	7.04
2025-01-09T04:31:08	4275.72	-255.96	-2275.59	30.63	-1.62	7.12
2025-01-09T04:31:10	4273.78	-256.03	-2268.81	30.68	-1.62	7.20
2025-01-09T04:31:12	4271.84	-256.10	-2262.03	30.73	-1.63	7.28
2025-01-09T04:31:14	4269.89	-256.17	-2255.26	30.78	-1.63	7.36
2025-01-09T04:31:16	4267.94	-256.24	-2248.48	30.83	-1.64	7.45
2025-01-09T04:31:18	4265.99	-256.31	-2241.69	30.87	-1.64	7.53
2025-01-09T04:31:20	4264.03	-256.39	-2234.91	30.92	-1.64	7.61
2025-01-09T04:31:22	4262.07	-256.46	-2228.13	30.97	-1.65	7.69
2025-01-09T04:31:24	4260.10	-256.53	-2221.34	31.02	-1.65	7.78
2025-01-09T04:31:26	4258.14	-256.60	-2214.55	31.07	-1.65	7.86
2025-01-09T04:31:28	4256.17	-256.67	-2207.76	31.12	-1.66	7.94
2025-01-09T04:31:30	4254.19	-256.74	-2200.97	31.17	-1.66	8.03
2025-01-09T04:31:32	4252.21	-256.81	-2194.17	31.22	-1.66	8.11
2025-01-09T04:31:34	4250.23	-256.88	-2187.38	31.27	-1.67	8.20
2025-01-09T04:31:36	4248.25	-256.94	-2180.58	31.31	-1.67	8.29
2025-01-09T04:31:38	4246.26	-257.01	-2173.78	31.36	-1.68	8.37
2025-01-09T04:31:40	4244.27	-257.08	-2166.98	31.41	-1.68	8.46
2025-01-09T04:31:42	4242.27	-257.15	-2160.18	31.46	-1.68	8.55
2025-01-09T04:31:44	4240.28	-257.22	-2153.38	31.51	-1.69	8.63
2025-01-09T04:31:46	4238.28	-257.29	-2146.57	31.55	-1.69	8.72
2025-01-09T04:31:48	4236.27	-257.36	-2139.76	31.60	-1.69	8.81
2025-01-09T04:31:50	4234.26	-257.42	-2132.95	31.65	-1.70	8.90
2025-01-09T04:31:52	4232.25	-257.49	-2126.14	31.69	-1.70	8.99
2025-01-09T04:31:54	4230.23	-257.56	-2119.33	31.74	-1.70	9.08
2025-01-09T04:31:56	4228.22	-257.63	-2112.51	31.79	-1.71	9.17
2025-01-09T04:31:58	4226.19	-257.69	-2105.70	31.84	-1.71	9.26
2025-01-09T04:32:00	4224.17	-257.76	-2098.88	31.88	-1.72	9.36
2025-01-09T04:32:02	4222.14	-257.83	-2092.06	31.93	-1.72	9.45
2025-01-09T04:32:04	4220.10	-257.89	-2085.23	31.97	-1.72	9.54
2025-01-09T04:32:06	4218.07	-257.96	-2078.41	32.02	-1.73	9.63
2025-01-09T04:32:08	4216.03	-258.03	-2071.58	32.07	-1.73	9.73
2025-01-09T04:32:10	4213.98	-258.09	-2064.76	32.11	-1.73	9.82
2025-01-09T04:32:12	4211.94	-258.16	-2057.93	32.16	-1.74	9.92
2025-01-09T04:32:14	4209.89	-258.22	-2051.10	32.20	-1.74	10.01
2025-01-09T04:32:16	4207.83	-258.29	-2044.27	32.25	-1.74	10.11
2025-01-09T04:32:18	4205.77	-258.35	-2037.43	32.29	-1.75	10.20
2025-01-09T04:32:20	4203.71	-258.42	-2030.59	32.34	-1.75	10.30
2025-01-09T04:32:22	4201.65	-258.48	-2023.76	32.38	-1.75	10.40
2025-01-09T04:32:24	4199.58	-258.54	-2016.92	32.43	-1.76	10.50
2025-01-09T04:32:26	4197.50	-258.61	-2010.08	32.47	-1.76	10.59
2025-01-09T04:32:28	4195.43	-258.67	-2003.24	32.51	-1.76	10.69
2025-01-09T04:32:30	4193.35	-258.74	-1996.39	32.56	-1.77	10.79
2025-01-09T04:32:32	4191.26	-258.80	-1989.54	32.60	-1.77	10.89
2025-01-09T04:32:34	4189.18	-258.86	-1982.70	32.65	-1.77	10.99
2025-01-09T04:32:36	4187.08	-258.92	-1975.84	32.69	-1.78	11.09
2025-01-09T04:32:38	4184.99	-258.99	-1968.99	32.73	-1.78	11.19
2025-01-09T04:32:40	4182.89	-259.05	-1962.14	32.77	-1.78	11.30
2025-01-09T04:32:42	4180.79	-259.11	-1955.28	32.82	-1.79	11.40
2025-01-09T04:32:44	4178.68	-259.17	-1948.43	32.86	-1.79	11.50
2025-01-09T04:32:46	4176.57	-259.23	-1941.57	32.90	-1.79	11.61
2025-01-09T04:32:48	4174.46	-259.29	-1934.71	32.94	-1.80	11.71
2025-01-09T04:32:50	4172.34	-259.35	-1927.85	32.98	-1.80	11.81
2025-01-09T04:32:52	4170.22	-259.42	-1920.98	33.03	-1.80	11.92
2025-01-09T04:32:54	4168.10	-259.48	-1914.12	33.07	-1.81	12.03
2025-01-09T04:32:56	4165.97	-259.54	-1907.25	33.11	-1.81	12.13
2025-01-09T04:32:58	4163.84	-259.60	-1900.38	33.15	-1.81	12.24
2025-01-09T04:33:00	4161.70	-259.66	-1893.51	33.19	-1.82	12.35
2025-01-09T04:33:02	4159.56	-259.72	-1886.63	33.23	-1.82	12.45
2025-01-09T04:33:04	4157.42	-259.77	-1879.76	33.27	-1.82	12.56
2025-01-09T04:33:06	4155.27	-259.84	-1872.89	33.31	-1.83	12.67
2025-01-09T04:33:08	4153.12	-259.89	-1866.01	33.35	-1.83	12.78
2025-01-09T04:33:10	4150.96	-259.95	-1859.13	33.39	-1.83	12.89
2025-01-09T04:33:12	4148.81	-260.01	-1852.25	33.43	-1.84	13.00
2025-01-09T04:33:14	4146.64	-260.07	-1845.36	33.46	-1.84	13.11
2025-01-09T04:33:16	4144.47	-260.13	-1838.48	33.50	-1.84	13.22
2025-01-09T04:33:18	4142.30	-260.18	-1831.59	33.54	-1.85	13.34
2025-01-09T04:33:20	4140.13	-260.24	-1824.71	33.58	-1.85	13.45
2025-01-09T04:33:22	4137.95	-260.30	-1817.81	33.62	-1.85	13.56
2025-01-09T04:33:24	4135.77	-260.36	-1810.92	33.65	-1.86	13.68
2025-01-09T04:33:26	4133.58	-260.41	-1804.03	33.69	-1.86	13.79
2025-01-09T04:33:28	4131.39	-260.47	-1797.13	33.73	-1.86	13.91
2025-01-09T04:33:30	4129.19	-260.52	-1790.24	33.76	-1.86	14.02
2025-01-09T04:33:32	4127.00	-260.58	-1783.34	33.80	-1.87	14.14
2025-01-09T04:33:34	4124.80	-260.64	-1776.44	33.83	-1.87	14.25
2025-01-09T04:33:36	4122.59	-260.69	-1769.54	33.87	-1.87	14.37
2025-01-09T04:33:38	4120.38	-260.75	-1762.63	33.90	-1.88	14.49
2025-01-09T04:33:40	4118.16	-260.80	-1755.73	33.94	-1.88	14.61
2025-01-09T04:33:42	4115.95	-260.86	-1748.82	33.97	-1.88	14.73
2025-01-09T04:33:44	4113.72	-260.91	-1741.91	34.01	-1.88	14.85
2025-01-09T04:33:46	4111.50	-260.96	-1735.00	34.04	-1.89	14.97
2025-01-09T04:33:48	4109.27	-261.02	-1728.09	34.07	-1.89	15.09
2025-01-09T04:33:50	4107.03	-261.07	-1721.18	34.11	-1.89	15.21
2025-01-09T04:33:52	4104.79	-261.12	-1714.26	34.14	-1.90	15.33
2025-01-09T04:33:54	4102.55	-261.18	-1707.34	34.17	-1.90	15.46
2025-01-09T04:33:56	4100.30	-261.23	-1700.42	34.20	-1.90	15.58
2025-01-09T04:33:58	4098.05	-261.28	-1693.50	34.23	-1.90	15.70
2025-01-09T04:34:00	4095.80	-261.33	-1686.58	34.27	-1.91	15.83
2025-01-09T04:34:02	4093.54	-261.38	-1679.65	34.30	-1.91	15.95
2025-01-09T04:34:04	4091.27	-261.44	-1672.73	34.33	-1.91	16.08
2025-01-09T04:34:06	4089.01	-261.49	-1665.80	34.36	-1.92	16.20
2025-01-09T04:34:08	4086.73	-261.54	-1658.87	34.39	-1.92	16.33
2025-01-09T04:34:10	4084.46	-261.59	-1651.94	34.42	-1.92	16.46
2025-01-09T04:34:12	4082.18	-261.64	-1645.01	34.44	-1.92	16.59
2025-01-09T04:34:14	4079.89	-261.69	-1638.07	34.47	-1.93	16.72
2025-01-09T04:34:16	4077.61	-261.74	-1631.14	34.50	-1.93	16.84
2025-01-09T04:34:18	4075.31	-261.79	-1624.20	34.53	-1.93	16.97
2025-01-09T04:34:20	4073.02	-261.84	-1617.26	34.56	-1.93	17.10
2025-01-09T04:34:22	4070.72	-261.89	-1610.32	34.58	-1.94	17.24
2025-01-09T04:34:24	4068.41	-261.94	-1603.38	34.61	-1.94	17.37
2025-01-09T04:34:26	4066.10	-261.99	-1596.43	34.63	-1.94	17.50
2025-01-09T04:34:28	4063.79	-262.03	-1589.49	34.66	-1.94	17.63
2025-01-09T04:34:30	4061.47	-262.08	-1582.54	34.68	-1.94	17.77
2025-01-09T04:34:32	4059.14	-262.13	-1575.59	34.71	-1.95	17.90
2025-01-09T04:34:34	4056.82	-262.18	-1568.64	34.73	-1.95	18.04
2025-01-09T04:34:36	4054.49	-262.22	-1561.68	34.76	-1.95	18.17
2025-01-09T04:34:38	4052.15	-262.27	-1554.73	34.78	-1.95	18.31
2025-01-09T04:34:40	4049.81	-262.32	-1547.77	34.80	-1.96	18.44
2025-01-09T04:34:42	4047.47	-262.37	-1540.82	34.83	-1.96	18.58
2025-01-09T04:34:44	4045.12	-262.41	-1533.86	34.85	-1.96	18.72
2025-01-09T04:34:46	4042.77	-262.46	-1526.90	34.87	-1.96	18.86
2025-01-09T04:34:48	4040.41	-262.50	-1519.93	34.89	-1.96	19.00
2025-01-09T04:34:50	4038.05	-262.55	-1512.97	34.91	-1.97	19.14
2025-01-09T04:34:52	4035.68	-262.59	-1506.00	34.93	-1.97	19.28
2025-01-09T04:34:54	4033.31	-262.64	-1499.03	34.95	-1.97	19.42
2025-01-09T04:34:56	4030.93	-262.68	-1492.06	34.97	-1.97	19.56
2025-01-09T04:34:58	4028.55	-262.72	-1485.09	34.99	-1.97	19.71
2025-01-09T04:35:00	4026.17	-262.77	-1478.12	35.01	-1.98	19.85
2025-01-09T04:35:02	4023.78	-262.81	-1471.14	35.02	-1.98	19.99
2025-01-09T04:35:04	4021.39	-262.85	-1464.17	35.04	-1.98	20.14
2025-01-09T04:35:06	4018.99	-262.90	-1457.19	35.06	-1.98	20.28
2025-01-09T04:35:08	4016.59	-262.94	-1450.21	35.07	-1.98	20.43
2025-01-09T04:35:10	4014.18	-262.98	-1443.23	35.09	-1.99	20.57
2025-01-09T04:35:12	4011.77	-263.02	-1436.25	35.10	-1.99	20.72
2025-01-09T04:35:14	4009.36	-263.07	-1429.26	35.12	-1.99	20.87
2025-01-09T04:35:16	4006.94	-263.11	-1422.28	35.13	-1.99	21.02
2025-01-09T04:35:18	4004.51	-263.15	-1415.29	35.14	-1.99	21.17
2025-01-09T04:35:20	4002.08	-263.19	-1408.30	35.15	-1.99	21.32
2025-01-09T04:35:22	3999.65	-263.23	-1401.31	35.17	-1.99	21.47
2025-01-09T04:35:24	3997.21	-263.27	-1394.32	35.18	-2.00	21.62
2025-01-09T04:35:26	3994.77	-263.31	-1387.33	35.19	-2.00	21.77
2025-01-09T04:35:28	3992.32	-263.35	-1380.33	35.20	-2.00	21.92
2025-01-09T04:35:30	3989.87	-263.39	-1373.33	35.21	-2.00	22.08
2025-01-09T04:35:32	3987.41	-263.42	-1366.33	35.22	-2.00	22.23
2025-01-09T04:35:34	3984.95	-263.46	-1359.33	35.23	-2.00	22.38
2025-01-09T04:35:36	3982.49	-263.50	-1352.33	35.23	-2.00	22.54
2025-01-09T04:35:38	3980.01	-263.54	-1345.33	35.24	-2.01	22.70
2025-01-09T04:35:40	3977.54	-263.58	-1338.32	35.25	-2.01	22.85
2025-01-09T04:35:42	3975.06	-263.62	-1331.32	35.25	-2.01	23.01
2025-01-09T04:35:44	3972.57	-263.65	-1324.31	35.26	-2.01	23.17
2025-01-09T04:35:46	3970.08	-263.69	-1317.30	35.26	-2.01	23.33
2025-01-09T04:35:48	3967.59	-263.72	-1310.29	35.27	-2.01	23.49
2025-01-09T04:35:50	3965.09	-263.76	-1303.27	35.27	-2.01	23.65
2025-01-09T04:35:52	3962.58	-263.80	-1296.26	35.27	-2.01	23.81
2025-01-09T04:35:54	3960.07	-263.83	-1289.24	35.27	-2.01	23.97
2025-01-09T04:35:56	3957.56	-263.87	-1282.22	35.28	-2.01	24.13
2025-01-09T04:35:58	3955.04	-263.90	-1275.20	35.28	-2.01	24.29
2025-01-09T04:36:00	3952.52	-263.93	-1268.19	35.28	-2.02	24.46
2025-01-09T04:36:02	3949.99	-263.97	-1261.16	35.27	-2.02	24.62
2025-01-09T04:36:04	3947.46	-264.00	-1254.14	35.27	-2.02	24.78
2025-01-09T04:36:06	3944.92	-264.03	-1247.11	35.27	-2.02	24.95
2025-01-09T04:36:08	3942.38	-264.07	-1240.09	35.27	-2.02	25.12
2025-01-09T04:36:10	3939.83	-264.10	-1233.06	35.26	-2.02	25.28
2025-01-09T04:36:12	3937.28	-264.13	-1226.03	35.26	-2.02	25.45
2025-01-09T04:36:14	3934.72	-264.17	-1219.00	35.25	-2.02	25.62
2025-01-09T04:36:16	3932.16	-264.20	-1211.96	35.25	-2.02	25.79
2025-01-09T04:36:18	3929.59	-264.23	-1204.93	35.24	-2.02	25.96
2025-01-09T04:36:20	3927.02	-264.26	-1197.89	35.23	-2.02	26.13
2025-01-09T04:36:22	3924.44	-264.29	-1190.85	35.23	-2.02	26.30
2025-01-09T04:36:24	3921.86	-264.32	-1183.81	35.22	-2.02	26.47
2025-01-09T04:36:26	3919.27	-264.35	-1176.77	35.21	-2.02	26.64
2025-01-09T04:36:28	3916.68	-264.38	-1169.73	35.20	-2.02	26.82
2025-01-09T04:36:30	3914.08	-264.41	-1162.69	35.19	-2.02	26.99
2025-01-09T04:36:32	3911.48	-264.44	-1155.64	35.17	-2.02	27.17
2025-01-09T04:36:34	3908.87	-264.47	-1148.60	35.16	-2.02	27.34
2025-01-09T04:36:36	3906.26	-264.50	-1141.55	35.15	-2.02	27.52
2025-01-09T04:36:38	3903.64	-264.52	-1134.50	35.13	-2.02	27.69
2025-01-09T04:36:40	3901.02	-264.55	-1127.45	35.12	-2.02	27.87
2025-01-09T04:36:42	3898.39	-264.58	-1120.39	35.10	-2.02	28.05
2025-01-09T04:36:44	3895.76	-264.60	-1113.34	35.08	-2.02	28.23
2025-01-09T04:36:46	3893.12	-264.63	-1106.29	35.07	-2.02	28.41
2025-01-09T04:36:48	3890.48	-264.66	-1099.23	35.05	-2.01	28.59
2025-01-09T04:36:50	3887.83	-264.68	-1092.17	35.03	-2.01	28.77
2025-01-09T04:36:52	3885.17	-264.71	-1085.11	35.01	-2.01	28.95
2025-01-09T04:36:54	3882.52	-264.73	-1078.05	34.99	-2.01	29.13
2025-01-09T04:36:56	3879.85	-264.76	-1070.98	34.96	-2.01	29.32
2025-01-09T04:36:58	3877.18	-264.78	-1063.92	34.94	-2.01	29.50
2025-01-09T04:37:00	3874.51	-264.81	-1056.85	34.92	-2.01	29.69
2025-01-09T04:37:02	3871.83	-264.83	-1049.79	34.89	-2.01	29.87
2025-01-09T04:37:04	3869.14	-264.85	-1042.72	34.86	-2.01	30.06
2025-01-09T04:37:06	3866.45	-264.87	-1035.65	34.84	-2.01	30.24
2025-01-09T04:37:08	3863.76	-264.90	-1028.58	34.81	-2.00	30.43
2025-01-09T04:37:10	3861.06	-264.92	-1021.51	34.78	-2.00	30.62
2025-01-09T04:37:12	3858.35	-264.94	-1014.43	34.75	-2.00	30.81
2025-01-09T04:37:14	3855.64	-264.96	-1007.36	34.72	-2.00	31.00
2025-01-09T04:37:16	3852.92	-264.98	-1000.28	34.69	-2.00	31.19
2025-01-09T04:37:18	3850.20	-265.00	-993.20	34.66	-2.00	31.38
2025-01-09T04:37:20	3847.47	-265.02	-986.12	34.62	-1.99	31.57
2025-01-09T04:37:22	3844.74	-265.05	-979.04	34.59	-1.99	31.77
2025-01-09T04:37:24	3842.00	-265.06	-971.96	34.55	-1.99	31.96
2025-01-09T04:37:26	3839.26	-265.08	-964.87	34.52	-1.99	32.15
2025-01-09T04:37:28	3836.51	-265.10	-957.79	34.48	-1.99	32.35
2025-01-09T04:37:30	3833.76	-265.12	-950.70	34.44	-1.99	32.54
2025-01-09T04:37:32	3831.00	-265.14	-943.61	34.40	-1.98	32.74
2025-01-09T04:37:34	3828.23	-265.15	-936.52	34.36	-1.98	32.94
2025-01-09T04:37:36	3825.46	-265.17	-929.43	34.32	-1.98	33.13
2025-01-09T04:37:38	3822.68	-265.19	-922.34	34.27	-1.98	33.33
2025-01-09T04:37:40	3819.90	-265.21	-915.25	34.23	-1.97	33.53
2025-01-09T04:37:42	3817.12	-265.22	-908.15	34.18	-1.97	33.73
2025-01-09T04:37:44	3814.33	-265.24	-901.06	34.14	-1.97	33.93
2025-01-09T04:37:46	3811.52	-265.25	-893.96	34.09	-1.96	34.13
2025-01-09T04:37:48	3808.72	-265.27	-886.86	34.04	-1.96	34.34
2025-01-09T04:37:50	3805.91	-265.28	-879.76	33.99	-1.96	34.54
2025-01-09T04:37:52	3803.10	-265.30	-872.66	33.94	-1.96	34.74
2025-01-09T04:37:54	3800.28	-265.31	-865.56	33.89	-1.95	34.95
2025-01-09T04:37:56	3797.45	-265.32	-858.45	33.84	-1.95	35.15
2025-01-09T04:37:58	3794.62	-265.34	-851.35	33.78	-1.95	35.36
2025-01-09T04:38:00	3791.78	-265.35	-844.24	33.73	-1.94	35.57
2025-01-09T04:38:02	3788.94	-265.36	-837.14	33.67	-1.94	35.77
2025-01-09T04:38:04	3786.09	-265.37	-830.03	33.61	-1.94	35.98
2025-01-09T04:38:06	3783.23	-265.38	-822.92	33.55	-1.93	36.19
2025-01-09T04:38:08	3780.37	-265.39	-815.81	33.49	-1.93	36.40
2025-01-09T04:38:10	3777.51	-265.40	-808.69	33.43	-1.92	36.61
2025-01-09T04:38:12	3774.64	-265.41	-801.58	33.37	-1.92	36.82
2025-01-09T04:38:14	3771.76	-265.42	-794.46	33.31	-1.92	37.03
2025-01-09T04:38:16	3768.88	-265.43	-787.35	33.24	-1.91	37.24
2025-01-09T04:38:18	3765.99	-265.44	-780.23	33.17	-1.91	37.46
2025-01-09T04:38:20	3763.09	-265.45	-773.11	33.11	-1.90	37.67
2025-01-09T04:38:22	3760.19	-265.46	-765.99	33.04	-1.90	37.89
2025-01-09T04:38:24	3757.29	-265.46	-758.87	32.97	-1.89	38.10
2025-01-09T04:38:26	3754.37	-265.47	-751.75	32.90	-1.89	38.32
2025-01-09T04:38:28	3751.46	-265.48	-744.63	32.82	-1.89	38.54
2025-01-09T04:38:30	3748.53	-265.48	-737.50	32.75	-1.88	38.75
2025-01-09T04:38:32	3745.60	-265.49	-730.37	32.67	-1.88	38.97
2025-01-09T04:38:34	3742.67	-265.50	-723.25	32.60	-1.87	39.19
2025-01-09T04:38:36	3739.72	-265.50	-716.12	32.52	-1.86	39.41
2025-01-09T04:38:38	3736.78	-265.51	-708.99	32.44	-1.86	39.63
2025-01-09T04:38:40	3733.82	-265.51	-701.86	32.36	-1.85	39.85
2025-01-09T04:38:42	3730.86	-265.51	-694.73	32.28	-1.85	40.07
2025-01-09T04:38:44	3727.90	-265.52	-687.60	32.19	-1.84	40.30
2025-01-09T04:38:46	3724.93	-265.52	-680.46	32.11	-1.84	40.52
2025-01-09T04:38:48	3721.95	-265.52	-673.33	32.02	-1.83	40.74
2025-01-09T04:38:50	3718.97	-265.52	-666.20	31.93	-1.83	40.97
2025-01-09T04:38:52	3715.98	-265.53	-659.06	31.84	-1.82	41.20
2025-01-09T04:38:54	3712.98	-265.53	-651.92	31.75	-1.81	41.42
2025-01-09T04:38:56	3709.98	-265.53	-644.78	31.66	-1.81	41.65
2025-01-09T04:38:58	3706.97	-265.53	-637.64	31.56	-1.80	41.88
2025-01-09T04:39:00	3703.96	-265.53	-630.50	31.47	-1.79	42.11
2025-01-09T04:39:02	3700.94	-265.53	-623.36	31.37	-1.79	42.33
2025-01-09T04:39:04	3697.91	-265.53	-616.21	31.27	-1.78	42.56
2025-01-09T04:39:06	3694.88	-265.52	-609.07	31.17	-1.77	42.80
2025-01-09T04:39:08	3691.84	-265.52	-601.93	31.07	-1.77	43.03
2025-01-09T04:39:10	3688.80	-265.52	-594.78	30.97	-1.76	43.26
2025-01-09T04:39:12	3685.75	-265.52	-587.63	30.87	-1.75	43.49
2025-01-09T04:39:14	3682.69	-265.51	-580.49	30.76	-1.74	43.73
2025-01-09T04:39:16	3679.63	-265.51	-573.34	30.65	-1.74	43.96
2025-01-09T04:39:18	3676.56	-265.50	-566.18	30.54	-1.73	44.20
2025-01-09T04:39:20	3673.48	-265.50	-559.04	30.43	-1.72	44.43
2025-01-09T04:39:22	3670.40	-265.49	-551.88	30.32	-1.71	44.67
2025-01-09T04:39:24	3667.31	-265.49	-544.73	30.20	-1.70	44.91
2025-01-09T04:39:26	3664.22	-265.48	-537.58	30.09	-1.70	45.14
2025-01-09T04:39:28	3661.12	-265.48	-530.42	29.97	-1.69	45.38
2025-01-09T04:39:30	3658.01	-265.47	-523.27	29.85	-1.68	45.62
2025-01-09T04:39:32	3654.90	-265.46	-516.11	29.73	-1.67	45.86
2025-01-09T04:39:34	3651.78	-265.45	-508.95	29.61	-1.66	46.10
2025-01-09T04:39:36	3648.65	-265.45	-501.79	29.48	-1.65	46.34
2025-01-09T04:39:38	3645.52	-265.44	-494.63	29.36	-1.64	46.59
2025-01-09T04:39:40	3642.38	-265.43	-487.47	29.23	-1.63	46.83
2025-01-09T04:39:42	3639.24	-265.42	-480.31	29.10	-1.63	47.07
2025-01-09T04:39:44	3636.08	-265.41	-473.15	28.97	-1.62	47.32
2025-01-09T04:39:46	3632.93	-265.39	-465.99	28.83	-1.61	47.56
2025-01-09T04:39:48	3629.76	-265.38	-458.82	28.70	-1.60	47.81
2025-01-09T04:39:50	3626.59	-265.37	-451.66	28.56	-1.59	48.05
2025-01-09T04:39:52	3623.41	-265.36	-444.49	28.42	-1.58	48.30
2025-01-09T04:39:54	3620.23	-265.35	-437.33	28.28	-1.57	48.55
2025-01-09T04:39:56	3617.04	-265.33	-430.16	28.14	-1.56	48.80
2025-01-09T04:39:58	3613.84	-265.32	-423.00	28.00	-1.55	49.05
2025-01-09T04:40:00	3610.64	-265.31	-415.83	27.85	-1.53	49.30
2025-01-09T04:40:02	3607.43	-265.29	-408.66	27.70	-1.52	49.55
2025-01-09T04:40:04	3604.21	-265.27	-401.49	27.55	-1.51	49.80
2025-01-09T04:40:06	3600.99	-265.26	-394.32	27.40	-1.50	50.05
2025-01-09T04:40:08	3597.76	-265.24	-387.15	27.24	-1.49	50.30
2025-01-09T04:40:10	3594.52	-265.23	-379.97	27.09	-1.48	50.56
2025-01-09T04:40:12	3591.27	-265.21	-372.80	26.93	-1.47	50.81
2025-01-09T04:40:14	3588.02	-265.19	-365.63	26.77	-1.45	51.06
2025-01-09T04:40:16	3584.77	-265.17	-358.45	26.61	-1.44	51.32
2025-01-09T04:40:18	3581.51	-265.15	-351.28	26.44	-1.43	51.58
2025-01-09T04:40:20	3578.24	-265.14	-344.10	26.28	-1.42	51.83
2025-01-09T04:40:22	3574.96	-265.12	-336.93	26.11	-1.40	52.09
2025-01-09T04:40:24	3571.67	-265.09	-329.75	25.94	-1.39	52.35
2025-01-09T04:40:26	3568.39	-265.07	-322.57	25.77	-1.38	52.61
2025-01-09T04:40:28	3565.09	-265.05	-315.40	25.59	-1.37	52.87
2025-01-09T04:40:30	3561.78	-265.03	-308.22	25.42	-1.35	53.13
2025-01-09T04:40:32	3558.47	-265.01	-301.04	25.24	-1.34	53.39
2025-01-09T04:40:34	3555.15	-264.99	-293.86	25.06	-1.33	53.65
2025-01-09T04:40:36	3551.83	-264.96	-286.68	24.87	-1.31	53.91
2025-01-09T04:40:38	3548.50	-264.94	-279.50	24.69	-1.30	54.17
2025-01-09T04:40:40	3545.16	-264.92	-272.32	24.50	-1.28	54.43
2025-01-09T04:40:42	3541.81	-264.89	-265.14	24.31	-1.27	54.70
2025-01-09T04:40:44	3538.46	-264.86	-257.95	24.12	-1.25	54.96
2025-01-09T04:40:46	3535.10	-264.84	-250.77	23.92	-1.24	55.23
2025-01-09T04:40:48	3531.74	-264.81	-243.59	23.73	-1.22	55.49
2025-01-09T04:40:50	3528.36	-264.78	-236.40	23.53	-1.21	55.76
2025-01-09T04:40:52	3524.99	-264.76	-229.22	23.33	-1.19	56.03
2025-01-09T04:40:54	3521.60	-264.73	-222.04	23.12	-1.18	56.29
2025-01-09T04:40:56	3518.20	-264.70	-214.85	22.92	-1.16	56.56
2025-01-09T04:40:58	3514.80	-264.67	-207.66	22.71	-1.15	56.83
2025-01-09T04:41:00	3511.40	-264.64	-200.48	22.50	-1.13	57.10
2025-01-09T04:41:02	3507.98	-264.61	-193.29	22.28	-1.11	57.37
2025-01-09T04:41:04	3504.56	-264.58	-186.10	22.07	-1.10	57.64
2025-01-09T04:41:06	3501.13	-264.55	-178.92	21.85	-1.08	57.91
2025-01-09T04:41:08	3497.69	-264.52	-171.73	21.63	-1.06	58.18
2025-01-09T04:41:10	3494.25	-264.48	-164.54	21.40	-1.04	58.45
2025-01-09T04:41:12	3490.80	-264.45	-157.35	21.18	-1.03	58.72
2025-01-09T04:41:14	3487.34	-264.42	-150.16	20.95	-1.01	59.00
2025-01-09T04:41:16	3483.88	-264.39	-142.97	20.72	-0.99	59.27
2025-01-09T04:41:18	3480.41	-264.35	-135.79	20.48	-0.97	59.55
2025-01-09T04:41:20	3476.93	-264.32	-128.60	20.25	-0.95	59.82
2025-01-09T04:41:22	3473.44	-264.28	-121.41	20.01	-0.93	60.10
2025-01-09T04:41:24	3469.95	-264.24	-114.22	19.77	-0.92	60.37
2025-01-09T04:41:26	3466.45	-264.21	-107.03	19.52	-0.90	60.65
2025-01-09T04:41:28	3462.94	-264.17	-99.84	19.28	-0.88	60.92
2025-01-09T04:41:30	3459.42	-264.13	-92.65	19.03	-0.86	61.20
2025-01-09T04:41:32	3455.90	-264.09	-85.46	18.77	-0.84	61.48
2025-01-09T04:41:34	3452.37	-264.05	-78.26	18.52	-0.82	61.76
2025-01-09T04:41:36	3448.83	-264.01	-71.07	18.26	-0.80	62.04
2025-01-09T04:41:38	3445.29	-263.97	-63.88	18.00	-0.78	62.32
2025-01-09T04:41:40	3441.74	-263.93	-56.69	17.74	-0.75	62.60
2025-01-09T04:41:42	3438.18	-263.89	-49.50	17.47	-0.73	62.88
2025-01-09T04:41:44	3434.61	-263.85	-42.31	17.20	-0.71	63.16
2025-01-09T04:41:46	3431.04	-263.81	-35.11	16.93	-0.69	63.44
2025-01-09T04:41:48	3427.45	-263.76	-27.92	16.65	-0.67	63.72
2025-01-09T04:41:50	3423.86	-263.72	-20.73	16.37	-0.65	64.00
2025-01-09T04:41:52	3420.27	-263.68	-13.54	16.09	-0.62	64.28
2025-01-09T04:41:54	3416.67	-263.63	-6.35	15.81	-0.60	64.57
2025-01-09T04:41:56	3413.05	-263.59	0.84	15.52	-0.58	64.85
2025-01-09T04:41:58	3409.43	-263.54	8.04	15.23	-0.55	65.13
2025-01-09T04:42:00	3405.81	-263.49	15.23	14.94	-0.53	65.42
2025-01-09T04:42:02	3402.17	-263.44	22.42	14.64	-0.51	65.70
2025-01-09T04:42:04	3398.53	-263.40	29.61	14.34	-0.48	65.98
2025-01-09T04:42:06	3394.88	-263.35	36.80	14.04	-0.46	66.27
2025-01-09T04:42:08	3391.23	-263.30	44.00	13.73	-0.43	66.55
2025-01-09T04:42:10	3387.56	-263.25	51.19	13.42	-0.41	66.84
2025-01-09T04:42:12	3383.89	-263.20	58.38	13.11	-0.38	67.13
2025-01-09T04:42:14	3380.21	-263.15	65.57	12.80	-0.36	67.41
2025-01-09T04:42:16	3376.53	-263.10	72.76	12.48	-0.33	67.70
2025-01-09T04:42:18	3372.83	-263.05	79.95	12.15	-0.30	67.99
2025-01-09T04:42:20	3369.13	-262.99	87.14	11.83	-0.28	68.27
2025-01-09T04:42:22	3365.42	-262.94	94.34	11.50	-0.25	68.56
2025-01-09T04:42:24	3361.70	-262.89	101.53	11.17	-0.22	68.85
2025-01-09T04:42:26	3357.97	-262.83	108.72	10.83	-0.20	69.14
2025-01-09T04:42:28	3354.24	-262.78	115.90	10.49	-0.17	69.42
2025-01-09T04:42:30	3350.50	-262.72	123.10	10.15	-0.14	69.71
2025-01-09T04:42:32	3346.75	-262.67	130.29	9.80	-0.11	70.00
2025-01-09T04:42:34	3343.00	-262.61	137.47	9.45	-0.08	70.29
2025-01-09T04:42:36	3339.23	-262.55	144.67	9.10	-0.05	70.58
2025-01-09T04:42:38	3335.46	-262.49	151.85	8.74	-0.02	70.87
2025-01-09T04:42:40	3331.68	-262.43	159.04	8.38	0.01	71.16
2025-01-09T04:42:42	3327.89	-262.37	166.23	8.02	0.04	71.44
2025-01-09T04:42:44	3324.09	-262.31	173.42	7.65	0.07	71.73
2025-01-09T04:42:46	3320.29	-262.25	180.60	7.27	0.10	72.02
2025-01-09T04:42:48	3316.48	-262.19	187.79	6.90	0.13	72.31
2025-01-09T04:42:50	3312.66	-262.13	194.98	6.52	0.16	72.60
2025-01-09T04:42:52	3308.83	-262.07	202.16	6.14	0.19	72.89
2025-01-09T04:42:54	3305.00	-262.00	209.35	5.75	0.23	73.18
2025-01-09T04:42:56	3301.16	-261.94	216.53	5.36	0.26	73.47
2025-01-09T04:42:58	3297.30	-261.88	223.71	4.96	0.29	73.76
2025-01-09T04:43:00	3293.45	-261.81	230.90	4.56	0.33	74.05
2025-01-09T04:43:02	3289.58	-261.75	238.08	4.16	0.36	74.34
2025-01-09T04:43:04	3285.70	-261.68	245.26	3.75	0.39	74.63
2025-01-09T04:43:06	3281.82	-261.61	252.44	3.34	0.43	74.92
2025-01-09T04:43:08	3277.93	-261.54	259.63	2.93	0.46	75.21
2025-01-09T04:43:10	3274.03	-261.48	266.81	2.51	0.50	75.50
2025-01-09T04:43:12	3270.12	-261.41	273.99	2.09	0.54	75.79
2025-01-09T04:43:14	3266.21	-261.34	281.17	1.66	0.57	76.07
2025-01-09T04:43:16	3262.28	-261.27	288.34	1.23	0.61	76.36
2025-01-09T04:43:18	3258.35	-261.19	295.52	0.79	0.65	76.65
2025-01-09T04:43:20	3254.41	-261.12	302.70	0.35	0.68	76.94
2025-01-09T04:43:22	3250.47	-261.05	309.88	-0.09	0.72	77.23
2025-01-09T04:43:24	3246.51	-260.98	317.05	-0.54	0.76	77.51
2025-01-09T04:43:26	3242.55	-260.90	324.23	-1.00	0.80	77.80
2025-01-09T04:43:28	3238.57	-260.83	331.40	-1.45	0.84	78.09
2025-01-09T04:43:30	3234.59	-260.76	338.57	-1.92	0.88	78.38
2025-01-09T04:43:32	3230.60	-260.68	345.75	-2.38	0.92	78.66
2025-01-09T04:43:34	3226.61	-260.60	352.92	-2.85	0.96	78.95
2025-01-09T04:43:36	3222.60	-260.53	360.09	-3.33	1.00	79.23
2025-01-09T04:43:38	3218.59	-260.45	367.26	-3.81	1.04	79.52
2025-01-09T04:43:40	3214.57	-260.37	374.43	-4.29	1.08	79.80
2025-01-09T04:43:42	3210.54	-260.29	381.59	-4.78	1.12	80.08
2025-01-09T04:43:44	3206.50	-260.21	388.76	-5.28	1.17	80.37
2025-01-09T04:43:46	3202.45	-260.13	395.93	-5.78	1.21	80.65
2025-01-09T04:43:48	3198.40	-260.05	403.09	-6.28	1.25	80.93
2025-01-09T04:43:50	3194.34	-259.97	410.25	-6.79	1.30	81.21
2025-01-09T04:43:52	3190.26	-259.89	417.42	-7.30	1.34	81.49
2025-01-09T04:43:54	3186.19	-259.80	424.58	-7.82	1.39	81.77
2025-01-09T04:43:56	3182.10	-259.72	431.74	-8.34	1.43	82.05
2025-01-09T04:43:58	3178.00	-259.64	438.90	-8.87	1.48	82.33
2025-01-09T04:44:00	3173.90	-259.55	446.06	-9.40	1.52	82.61
2025-01-09T04:44:02	3169.78	-259.46	453.21	-9.94	1.57	82.89
2025-01-09T04:44:04	3165.66	-259.38	460.37	-10.48	1.62	83.16
2025-01-09T04:44:06	3161.53	-259.29	467.52	-11.03	1.67	83.44
2025-01-09T04:44:08	3157.39	-259.20	474.68	-11.59	1.72	83.71
2025-01-09T04:44:10	3153.24	-259.11	481.83	-12.14	1.76	83.98
2025-01-09T04:44:12	3149.09	-259.02	488.98	-12.71	1.81	84.25
2025-01-09T04:44:14	3144.92	-258.93	496.13	-13.28	1.86	84.53
2025-01-09T04:44:16	3140.75	-258.84	503.28	-13.85	1.92	84.79
2025-01-09T04:44:18	3136.57	-258.75	510.42	-14.43	1.97	85.06
2025-01-09T04:44:20	3132.38	-258.66	517.57	-15.02	2.02	85.33
2025-01-09T04:44:22	3128.18	-258.56	524.71	-15.61	2.07	85.60
2025-01-09T04:44:24	3123.98	-258.47	531.85	-16.20	2.12	85.86
2025-01-09T04:44:26	3119.76	-258.38	538.99	-16.80	2.18	86.12
2025-01-09T04:44:28	3115.54	-258.28	546.13	-17.41	2.23	86.39
2025-01-09T04:44:30	3111.31	-258.19	553.27	-18.02	2.28	86.65
2025-01-09T04:44:32	3107.06	-258.09	560.41	-18.64	2.34	86.91
2025-01-09T04:44:34	3102.81	-257.99	567.54	-19.26	2.40	87.16
2025-01-09T04:44:36	3098.56	-257.89	574.68	-19.89	2.45	87.42
2025-01-09T04:44:38	3094.29	-257.80	581.81	-20.52	2.51	87.67
2025-01-09T04:44:40	3090.01	-257.70	588.94	-21.17	2.57	87.93
2025-01-09T04:44:42	3085.73	-257.60	596.07	-21.81	2.62	88.18
2025-01-09T04:44:44	3081.43	-257.50	603.19	-22.46	2.68	88.43
2025-01-09T04:44:46	3077.14	-257.39	610.32	-23.12	2.74	88.67
2025-01-09T04:44:48	3072.82	-257.29	617.44	-23.78	2.80	88.92
2025-01-09T04:44:50	3068.50	-257.19	624.56	-24.45	2.86	89.16
2025-01-09T04:44:52	3064.18	-257.08	631.68	-25.13	2.92	89.40
2025-01-09T04:44:54	3059.84	-256.98	638.80	-25.81	2.98	89.64
2025-01-09T04:44:56	3055.49	-256.87	645.92	-26.50	3.05	89.88
2025-01-09T04:44:58	3051.14	-256.77	653.03	-27.19	3.11	90.12
2025-01-09T04:45:00	3046.78	-256.66	660.14	-27.89	3.17	90.35
2025-01-09T04:45:02	3042.41	-256.55	667.25	-28.59	3.24	90.58
2025-01-09T04:45:04	3038.03	-256.44	674.36	-29.31	3.30	90.81
2025-01-09T04:45:06	3033.64	-256.33	681.47	-30.02	3.37	91.04
2025-01-09T04:45:08	3029.24	-256.22	688.57	-30.75	3.43	91.26
2025-01-09T04:45:10	3024.83	-256.11	695.68	-31.48	3.50	91.48
2025-01-09T04:45:12	3020.42	-256.00	702.78	-32.21	3.57	91.70
2025-01-09T04:45:14	3015.99	-255.89	709.87	-32.96	3.64	91.91
2025-01-09T04:45:16	3011.56	-255.78	716.97	-33.71	3.70	92.13
2025-01-09T04:45:18	3007.12	-255.66	724.07	-34.46	3.77	92.34
2025-01-09T04:45:20	3002.67	-255.55	731.16	-35.22	3.84	92.55
2025-01-09T04:45:22	2998.21	-255.43	738.25	-35.99	3.92	92.75
2025-01-09T04:45:24	2993.74	-255.32	745.33	-36.76	3.99	92.95
2025-01-09T04:45:26	2989.26	-255.20	752.42	-37.55	4.06	93.15
2025-01-09T04:45:28	2984.77	-255.08	759.50	-38.33	4.13	93.35
2025-01-09T04:45:30	2980.28	-254.97	766.58	-39.13	4.21	93.54
2025-01-09T04:45:32	2975.77	-254.85	773.66	-39.93	4.28	93.73
2025-01-09T04:45:34	2971.26	-254.73	780.74	-40.73	4.36	93.91
2025-01-09T04:45:36	2966.74	-254.61	787.82	-41.55	4.43	94.10
2025-01-09T04:45:38	2962.21	-254.48	794.89	-42.37	4.51	94.28
2025-01-09T04:45:40	2957.67	-254.36	801.96	-43.20	4.58	94.45
2025-01-09T04:45:42	2953.12	-254.24	809.02	-44.03	4.66	94.62
2025-01-09T04:45:44	2948.56	-254.11	816.09	-44.87	4.74	94.79
2025-01-09T04:45:46	2943.99	-253.99	823.15	-45.72	4.82	94.96
2025-01-09T04:45:48	2939.42	-253.86	830.21	-46.57	4.90	95.12
2025-01-09T04:45:50	2934.83	-253.74	837.27	-47.43	4.98	95.27
2025-01-09T04:45:52	2930.24	-253.61	844.32	-48.30	5.06	95.42
2025-01-09T04:45:54	2925.64	-253.48	851.37	-49.17	5.15	95.57
2025-01-09T04:45:56	2921.02	-253.35	858.42	-50.05	5.23	95.72
2025-01-09T04:45:58	2916.40	-253.23	865.47	-50.94	5.31	95.86
2025-01-09T04:46:00	2911.77	-253.10	872.51	-51.83	5.40	95.99
2025-01-09T04:46:02	2907.13	-252.97	879.55	-52.74	5.48	96.12
2025-01-09T04:46:04	2902.48	-252.83	886.59	-53.64	5.57	96.25
2025-01-09T04:46:06	2897.83	-252.70	893.63	-54.56	5.66	96.37
2025-01-09T04:46:08	2893.16	-252.57	900.66	-55.48	5.74	96.49
2025-01-09T04:46:10	2888.49	-252.44	907.69	-56.41	5.83	96.60
2025-01-09T04:46:12	2883.80	-252.30	914.72	-57.35	5.92	96.71
2025-01-09T04:46:14	2879.11	-252.16	921.74	-58.29	6.01	96.81
2025-01-09T04:46:16	2874.41	-252.03	928.76	-59.24	6.10	96.91
2025-01-09T04:46:18	2869.69	-251.89	935.78	-60.19	6.20	97.00
2025-01-09T04:46:20	2864.97	-251.75	942.80	-61.16	6.29	97.08
2025-01-09T04:46:22	2860.24	-251.61	949.81	-62.13	6.38	97.17
2025-01-09T04:46:24	2855.50	-251.47	956.82	-63.11	6.48	97.24
2025-01-09T04:46:26	2850.76	-251.33	963.82	-64.09	6.57	97.31
2025-01-09T04:46:28	2846.00	-251.19	970.83	-65.08	6.67	97.38
2025-01-09T04:46:30	2841.23	-251.05	977.83	-66.08	6.76	97.43
2025-01-09T04:46:32	2836.46	-250.91	984.83	-67.09	6.86	97.49
2025-01-09T04:46:34	2831.67	-250.76	991.82	-68.10	6.96	97.53
2025-01-09T04:46:36	2826.88	-250.62	998.81	-69.12	7.06	97.57
2025-01-09T04:46:38	2822.08	-250.47	1005.80	-70.14	7.16	97.61
2025-01-09T04:46:40	2817.26	-250.32	1012.78	-71.18	7.26	97.64
2025-01-09T04:46:42	2812.44	-250.18	1019.76	-72.22	7.36	97.66
2025-01-09T04:46:44	2807.61	-250.03	1026.74	-73.26	7.47	97.67
2025-01-09T04:46:46	2802.77	-249.88	1033.71	-74.32	7.57	97.68
2025-01-09T04:46:48	2797.92	-249.73	1040.68	-75.38	7.67	97.68
2025-01-09T04:46:50	2793.07	-249.58	1047.65	-76.44	7.78	97.68
2025-01-09T04:46:52	2788.20	-249.43	1054.61	-77.52	7.88	97.67
2025-01-09T04:46:54	2783.32	-249.28	1061.58	-78.60	7.99	97.65
2025-01-09T04:46:56	2778.44	-249.12	1068.53	-79.69	8.10	97.62
2025-01-09T04:46:58	2773.54	-248.97	1075.49	-80.78	8.21	97.59
2025-01-09T04:47:00	2768.64	-248.82	1082.44	-81.88	8.32	97.55
2025-01-09T04:47:02	2763.72	-248.66	1089.38	-82.99	8.43	97.50
2025-01-09T04:47:04	2758.80	-248.50	1096.32	-84.11	8.54	97.44
2025-01-09T04:47:06	2753.87	-248.35	1103.26	-85.23	8.65	97.38
2025-01-09T04:47:08	2748.93	-248.19	1110.20	-86.35	8.76	97.31
2025-01-09T04:47:10	2743.98	-248.03	1117.13	-87.49	8.88	97.23
2025-01-09T04:47:12	2739.02	-247.87	1124.06	-88.63	8.99	97.14
2025-01-09T04:47:14	2734.05	-247.71	1130.98	-89.78	9.11	97.05
2025-01-09T04:47:16	2729.08	-247.55	1137.90	-90.93	9.22	96.94
2025-01-09T04:47:18	2724.09	-247.39	1144.82	-92.09	9.34	96.83
2025-01-09T04:47:20	2719.09	-247.22	1151.73	-93.26	9.46	96.71
2025-01-09T04:47:22	2714.09	-247.06	1158.64	-94.43	9.58	96.58
2025-01-09T04:47:24	2709.08	-246.89	1165.55	-95.61	9.70	96.44
2025-01-09T04:47:26	2704.05	-246.73	1172.45	-96.80	9.82	96.29
2025-01-09T04:47:28	2699.02	-246.56	1179.34	-97.99	9.94	96.14
2025-01-09T04:47:30	2693.98	-246.40	1186.24	-99.19	10.06	95.97
2025-01-09T04:47:32	2688.93	-246.23	1193.13	-100.39	10.18	95.80
2025-01-09T04:47:34	2683.87	-246.06	1200.01	-101.60	10.31	95.62
2025-01-09T04:47:36	2678.80	-245.89	1206.89	-102.82	10.43	95.42
2025-01-09T04:47:38	2673.72	-245.72	1213.77	-104.04	10.56	95.22
2025-01-09T04:47:40	2668.63	-245.55	1220.64	-105.27	10.69	95.01
2025-01-09T04:47:42	2663.53	-245.37	1227.51	-106.50	10.81	94.79
2025-01-09T04:47:44	2658.43	-245.20	1234.37	-107.74	10.94	94.56
2025-01-09T04:47:46	2653.31	-245.03	1241.23	-108.99	11.07	94.31
2025-01-09T04:47:48	2648.19	-244.85	1248.08	-110.24	11.20	94.06
2025-01-09T04:47:50	2643.05	-244.68	1254.94	-111.50	11.33	93.80
2025-01-09T04:47:52	2637.91	-244.50	1261.78	-112.76	11.46	93.53
2025-01-09T04:47:54	2632.76	-244.32	1268.62	-114.02	11.60	93.24
2025-01-09T04:47:56	2627.59	-244.14	1275.46	-115.30	11.73	92.95
2025-01-09T04:47:58	2622.42	-243.96	1282.29	-116.57	11.86	92.65
2025-01-09T04:48:00	2617.24	-243.78	1289.12	-117.86	12.00	92.33
2025-01-09T04:48:02	2612.05	-243.60	1295.95	-119.14	12.13	92.01
2025-01-09T04:48:04	2606.86	-243.42	1302.77	-120.43	12.27	91.67
2025-01-09T04:48:06	2601.65	-243.24	1309.58	-121.73	12.41	91.32
2025-01-09T04:48:08	2596.43	-243.05	1316.39	-123.03	12.54	90.96
2025-01-09T04:48:10	2591.21	-242.87	1323.20	-124.34	12.68	90.59
2025-01-09T04:48:12	2585.97	-242.68	1330.00	-125.65	12.82	90.21
2025-01-09T04:48:14	2580.73	-242.50	1336.80	-126.97	12.96	89.82
2025-01-09T04:48:16	2575.47	-242.31	1343.59	-128.28	13.10	89.41
2025-01-09T04:48:18	2570.21	-242.12	1350.37	-129.61	13.25	89.00
2025-01-09T04:48:20	2564.94	-241.93	1357.15	-130.94	13.39	88.57
2025-01-09T04:48:22	2559.66	-241.74	1363.93	-132.27	13.53	88.13
2025-01-09T04:48:24	2554.37	-241.55	1370.70	-133.60	13.68	87.67
2025-01-09T04:48:26	2549.07	-241.36	1377.47	-134.94	13.82	87.21
2025-01-09T04:48:28	2543.76	-241.17	1384.23	-136.28	13.97	86.73
2025-01-09T04:48:30	2538.44	-240.97	1390.99	-137.63	14.11	86.24
2025-01-09T04:48:32	2533.12	-240.78	1397.74	-138.98	14.26	85.74
2025-01-09T04:48:34	2527.78	-240.59	1404.49	-140.33	14.41	85.22
2025-01-09T04:48:36	2522.44	-240.39	1411.23	-141.68	14.55	84.70
2025-01-09T04:48:38	2517.08	-240.19	1417.97	-143.04	14.70	84.16
2025-01-09T04:48:40	2511.72	-240.00	1424.70	-144.40	14.85	83.60
2025-01-09T04:48:42	2506.35	-239.80	1431.43	-145.77	15.00	83.04
2025-01-09T04:48:44	2500.97	-239.60	1438.15	-147.13	15.15	82.46
2025-01-09T04:48:46	2495.58	-239.40	1444.87	-148.50	15.31	81.87
2025-01-09T04:48:48	2490.18	-239.20	1451.58	-149.87	15.46	81.26
2025-01-09T04:48:50	2484.77	-238.99	1458.29	-151.24	15.61	80.64
2025-01-09T04:48:52	2479.35	-238.79	1464.99	-152.62	15.76	80.01
2025-01-09T04:48:54	2473.92	-238.59	1471.68	-153.99	15.92	79.37
2025-01-09T04:48:56	2468.49	-238.38	1478.37	-155.37	16.07	78.71
2025-01-09T04:48:58	2463.04	-238.18	1485.05	-156.75	16.23	78.04
2025-01-09T04:49:00	2457.59	-237.97	1491.73	-158.13	16.38	77.35
2025-01-09T04:49:02	2452.13	-237.76	1498.41	-159.51	16.54	76.65
2025-01-09T04:49:04	2446.66	-237.55	1505.07	-160.89	16.70	75.94
2025-01-09T04:49:06	2441.18	-237.34	1511.74	-162.28	16.85	75.21
2025-01-09T04:49:08	2435.69	-237.13	1518.39	-163.66	17.01	74.47
2025-01-09T04:49:10	2430.19	-236.92	1525.05	-165.04	17.17	73.71
2025-01-09T04:49:12	2424.68	-236.71	1531.69	-166.43	17.33	72.94
2025-01-09T04:49:14	2419.16	-236.50	1538.33	-167.81	17.49	72.16
2025-01-09T04:49:16	2413.64	-236.28	1544.97	-169.19	17.65	71.36
2025-01-09T04:49:18	2408.10	-236.07	1551.60	-170.58	17.81	70.55
2025-01-09T04:49:20	2402.56	-235.86	1558.22	-171.96	17.97	69.72
2025-01-09T04:49:22	2397.01	-235.64	1564.84	-173.34	18.13	68.88
2025-01-09T04:49:24	2391.44	-235.42	1571.45	-174.72	18.29	68.02
2025-01-09T04:49:26	2385.87	-235.20	1578.05	-176.11	18.45	67.15
2025-01-09T04:49:28	2380.30	-234.98	1584.65	-177.48	18.61	66.27
2025-01-09T04:49:30	2374.71	-234.76	1591.25	-178.86	18.78	65.37
2025-01-09T04:49:32	2369.11	-234.54	1597.83	-180.24	18.94	64.46
2025-01-09T04:49:34	2363.51	-234.32	1604.41	-181.61	19.10	63.53
2025-01-09T04:49:36	2357.89	-234.10	1610.99	-182.98	19.27	62.59
2025-01-09T04:49:38	2352.27	-233.87	1617.56	-184.35	19.43	61.63
2025-01-09T04:49:40	2346.63	-233.65	1624.12	-185.72	19.59	60.66
2025-01-09T04:49:42	2340.99	-233.43	1630.68	-187.08	19.76	59.67
2025-01-09T04:49:44	2335.34	-233.20	1637.23	-188.44	19.92	58.67
2025-01-09T04:49:46	2329.69	-232.97	1643.78	-189.80	20.09	57.66
2025-01-09T04:49:48	2324.02	-232.74	1650.32	-191.16	20.25	56.63
2025-01-09T04:49:50	2318.34	-232.51	1656.85	-192.51	20.41	55.58
2025-01-09T04:49:52	2312.66	-232.29	1663.37	-193.86	20.58	54.52
2025-01-09T04:49:54	2306.96	-232.06	1669.90	-195.20	20.74	53.45
2025-01-09T04:49:56	2301.26	-231.82	1676.41	-196.54	20.91	52.36
2025-01-09T04:49:58	2295.55	-231.59	1682.92	-197.88	21.08	51.25
2025-01-09T04:50:00	2289.83	-231.36	1689.42	-199.21	21.24	50.13
2025-01-09T04:50:02	2284.10	-231.12	1695.91	-200.53	21.41	49.00
2025-01-09T04:50:04	2278.36	-230.89	1702.40	-201.85	21.57	47.85
2025-01-09T04:50:06	2272.62	-230.65	1708.88	-203.17	21.74	46.69
2025-01-09T04:50:08	2266.86	-230.42	1715.36	-204.48	21.90	45.51
2025-01-09T04:50:10	2261.10	-230.18	1721.83	-205.78	22.07	44.32
2025-01-09T04:50:12	2255.33	-229.94	1728.29	-207.08	22.23	43.11
2025-01-09T04:50:14	2249.55	-229.70	1734.75	-208.37	22.40	41.89
2025-01-09T04:50:16	2243.76	-229.46	1741.20	-209.66	22.56	40.65
2025-01-09T04:50:18	2237.96	-229.22	1747.64	-210.94	22.73	39.40
2025-01-09T04:50:20	2232.16	-228.98	1754.07	-212.21	22.89	38.14
2025-01-09T04:50:22	2226.34	-228.73	1760.50	-213.48	23.06	36.86
2025-01-09T04:50:24	2220.52	-228.49	1766.93	-214.74	23.22	35.57
2025-01-09T04:50:26	2214.69	-228.24	1773.34	-215.99	23.39	34.26
2025-01-09T04:50:28	2208.85	-228.00	1779.75	-217.23	23.55	32.94
2025-01-09T04:50:30	2203.00	-227.75	1786.15	-218.46	23.71	31.60
2025-01-09T04:50:32	2197.15	-227.51	1792.55	-219.69	23.88	30.25
2025-01-09T04:50:34	2191.28	-227.26	1798.94	-220.91	24.04	28.89
2025-01-09T04:50:36	2185.41	-227.01	1805.32	-222.12	24.20	27.51
2025-01-09T04:50:38	2179.53	-226.76	1811.69	-223.32	24.37	26.12
2025-01-09T04:50:40	2173.63	-226.51	1818.06	-224.51	24.53	24.71
2025-01-09T04:50:42	2167.74	-226.25	1824.42	-225.69	24.69	23.29
2025-01-09T04:50:44	2161.83	-226.00	1830.78	-226.87	24.85	21.86
2025-01-09T04:50:46	2155.92	-225.75	1837.12	-228.03	25.01	20.41
2025-01-09T04:50:48	2149.99	-225.50	1843.46	-229.18	25.17	18.95
2025-01-09T04:50:50	2144.06	-225.24	1849.80	-230.33	25.33	17.48
2025-01-09T04:50:52	2138.12	-224.98	1856.12	-231.46	25.49	15.99
2025-01-09T04:50:54	2132.17	-224.72	1862.44	-232.58	25.65	14.49
2025-01-09T04:50:56	2126.22	-224.47	1868.75	-233.69	25.81	12.98
2025-01-09T04:50:58	2120.25	-224.21	1875.05	-234.79	25.97	11.46
2025-01-09T04:51:00	2114.28	-223.95	1881.35	-235.88	26.13	9.92
2025-01-09T04:51:02	2108.30	-223.69	1887.64	-236.96	26.28	8.37
2025-01-09T04:51:04	2102.31	-223.43	1893.92	-238.02	26.44	6.81
2025-01-09T04:51:06	2096.31	-223.16	1900.20	-239.07	26.59	5.23
2025-01-09T04:51:08	2090.31	-222.90	1906.46	-240.12	26.75	3.64
2025-01-09T04:51:10	2084.29	-222.64	1912.73	-241.14	26.90	2.04
2025-01-09T04:51:12	2078.27	-222.37	1918.98	-242.16	27.06	0.43
2025-01-09T04:51:14	2072.25	-222.11	1925.22	-243.16	27.21	-1.19
2025-01-09T04:51:16	2066.21	-221.84	1931.46	-244.15	27.36	-2.82
2025-01-09T04:51:18	2060.16	-221.57	1937.69	-245.13	27.51	-4.47
2025-01-09T04:51:20	2054.11	-221.30	1943.91	-246.09	27.66	-6.13
2025-01-09T04:51:22	2048.05	-221.03	1950.13	-247.04	27.81	-7.80
2025-01-09T04:51:24	2041.98	-220.76	1956.34	-247.98	27.96	-9.48
2025-01-09T04:51:26	2035.90	-220.49	1962.54	-248.90	28.10	-11.17
2025-01-09T04:51:28	2029.82	-220.22	1968.73	-249.81	28.25	-12.87
2025-01-09T04:51:30	2023.73	-219.95	1974.92	-250.70	28.40	-14.58
2025-01-09T04:51:32	2017.62	-219.67	1981.10	-251.58	28.54	-16.30
2025-01-09T04:51:34	2011.52	-219.40	1987.27	-252.44	28.68	-18.03
2025-01-09T04:51:36	2005.40	-219.12	1993.43	-253.29	28.83	-19.77
2025-01-09T04:51:38	1999.28	-218.85	1999.58	-254.13	28.97	-21.52
2025-01-09T04:51:40	1993.15	-218.57	2005.73	-254.95	29.11	-23.29
2025-01-09T04:51:42	1987.01	-218.29	2011.87	-255.75	29.25	-25.06
2025-01-09T04:51:44	1980.86	-218.01	2018.00	-256.53	29.39	-26.84
2025-01-09T04:51:46	1974.71	-217.73	2024.12	-257.31	29.52	-28.62
2025-01-09T04:51:48	1968.54	-217.45	2030.24	-258.06	29.66	-30.42
2025-01-09T04:51:50	1962.37	-217.17	2036.35	-258.80	29.79	-32.23
2025-01-09T04:51:52	1956.20	-216.89	2042.45	-259.52	29.93	-34.04
2025-01-09T04:51:54	1950.01	-216.61	2048.54	-260.23	30.06	-35.86
2025-01-09T04:51:56	1943.82	-216.32	2054.62	-260.91	30.19	-37.69
2025-01-09T04:51:58	1937.62	-216.04	2060.70	-261.59	30.32	-39.53
2025-01-09T04:52:00	1931.41	-215.75	2066.77	-262.24	30.45	-41.37
2025-01-09T04:52:02	1925.20	-215.46	2072.83	-262.88	30.57	-43.22
2025-01-09T04:52:04	1918.98	-215.18	2078.88	-263.50	30.70	-45.08
2025-01-09T04:52:06	1912.75	-214.89	2084.93	-264.10	30.82	-46.95
2025-01-09T04:52:08	1906.51	-214.60	2090.96	-264.69	30.95	-48.82
2025-01-09T04:52:10	1900.27	-214.31	2096.99	-265.25	31.07	-50.70
2025-01-09T04:52:12	1894.01	-214.02	2103.01	-265.80	31.19	-52.58
2025-01-09T04:52:14	1887.75	-213.73	2109.02	-266.33	31.31	-54.47
2025-01-09T04:52:16	1881.49	-213.43	2115.03	-266.85	31.43	-56.37
2025-01-09T04:52:18	1875.22	-213.14	2121.03	-267.34	31.54	-58.27
2025-01-09T04:52:20	1868.94	-212.85	2127.01	-267.82	31.66	-60.17
2025-01-09T04:52:22	1862.65	-212.55	2132.99	-268.28	31.77	-62.08
2025-01-09T04:52:24	1856.35	-212.26	2138.96	-268.72	31.88	-64.00
2025-01-09T04:52:26	1850.05	-211.96	2144.93	-269.14	31.99	-65.92
2025-01-09T04:52:28	1843.74	-211.66	2150.88	-269.54	32.10	-67.84
2025-01-09T04:52:30	1837.42	-211.36	2156.83	-269.92	32.20	-69.77
2025-01-09T04:52:32	1831.10	-211.06	2162.77	-270.28	32.31	-71.70
2025-01-09T04:52:34	1824.77	-210.76	2168.70	-270.63	32.41	-73.64
2025-01-09T04:52:36	1818.43	-210.46	2174.62	-270.95	32.51	-75.57
2025-01-09T04:52:38	1812.09	-210.16	2180.53	-271.26	32.61	-77.51
2025-01-09T04:52:40	1805.74	-209.86	2186.44	-271.55	32.71	-79.45
2025-01-09T04:52:42	1799.38	-209.56	2192.33	-271.81	32.81	-81.40
2025-01-09T04:52:44	1793.01	-209.25	2198.22	-272.06	32.90	-83.35
2025-01-09T04:52:46	1786.64	-208.95	2204.10	-272.29	33.00	-85.29
2025-01-09T04:52:48	1780.26	-208.64	2209.97	-272.50	33.09	-87.24
2025-01-09T04:52:50	1773.88	-208.33	2215.83	-272.69	33.18	-89.19
2025-01-09T04:52:52	1767.48	-208.03	2221.69	-272.86	33.27	-91.15
2025-01-09T04:52:54	1761.09	-207.72	2227.53	-273.00	33.35	-93.10
2025-01-09T04:52:56	1754.68	-207.41	2233.37	-273.13	33.44	-95.05
2025-01-09T04:52:58	1748.27	-207.10	2239.20	-273.24	33.52	-97.00
2025-01-09T04:53:00	1741.85	-206.79	2245.02	-273.33	33.60	-98.96
2025-01-09T04:53:02	1735.42	-206.48	2250.83	-273.40	33.68	-100.91
2025-01-09T04:53:04	1728.99	-206.17	2256.64	-273.45	33.76	-102.86
2025-01-09T04:53:06	1722.55	-205.85	2262.43	-273.48	33.83	-104.81
2025-01-09T04:53:08	1716.11	-205.54	2268.22	-273.49	33.91	-106.76
2025-01-09T04:53:10	1709.65	-205.23	2273.99	-273.48	33.98	-108.71
2025-01-09T04:53:12	1703.19	-204.91	2279.76	-273.45	34.05	-110.65
2025-01-09T04:53:14	1696.73	-204.59	2285.52	-273.40	34.12	-112.60
2025-01-09T04:53:16	1690.26	-204.28	2291.27	-273.33	34.18	-114.54
2025-01-09T04:53:18	1683.78	-203.96	2297.02	-273.24	34.25	-116.48
2025-01-09T04:53:20	1677.30	-203.64	2302.75	-273.12	34.31	-118.41
2025-01-09T04:53:22	1670.80	-203.32	2308.48	-272.99	34.37	-120.34
2025-01-09T04:53:24	1664.31	-203.00	2314.19	-272.84	34.43	-122.27
2025-01-09T04:53:26	1657.80	-202.68	2319.90	-272.67	34.48	-124.20
2025-01-09T04:53:28	1651.29	-202.36	2325.60	-272.48	34.54	-126.12
2025-01-09T04:53:30	1644.78	-202.04	2331.29	-272.27	34.59	-128.04
2025-01-09T04:53:32	1638.26	-201.71	2336.97	-272.04	34.64	-129.95
2025-01-09T04:53:34	1631.73	-201.39	2342.65	-271.79	34.69	-131.86
2025-01-09T04:53:36	1625.19	-201.07	2348.31	-271.52	34.73	-133.76
2025-01-09T04:53:38	1618.65	-200.74	2353.97	-271.23	34.78	-135.66
2025-01-09T04:53:40	1612.11	-200.41	2359.61	-270.92	34.82	-137.55
2025-01-09T04:53:42	1605.56	-200.08	2365.25	-270.59	34.86	-139.44
2025-01-09T04:53:44	1599.00	-199.76	2370.88	-270.24	34.90	-141.32
2025-01-09T04:53:46	1592.43	-199.43	2376.50	-269.87	34.94	-143.19
2025-01-09T04:53:48	1585.86	-199.10	2382.11	-269.48	34.97	-145.06
2025-01-09T04:53:50	1579.29	-198.77	2387.71	-269.07	35.00	-146.92
2025-01-09T04:53:52	1572.70	-198.44	2393.30	-268.64	35.03	-148.77
2025-01-09T04:53:54	1566.12	-198.11	2398.89	-268.20	35.06	-150.62
2025-01-09T04:53:56	1559.52	-197.77	2404.46	-267.73	35.09	-152.46
2025-01-09T04:53:58	1552.92	-197.44	2410.03	-267.25	35.11	-154.29
2025-01-09T04:54:00	1546.32	-197.11	2415.59	-266.74	35.14	-156.11
2025-01-09T04:54:02	1539.71	-196.77	2421.13	-266.22	35.16	-157.92
2025-01-09T04:54:04	1533.09	-196.44	2426.68	-265.68	35.18	-159.73
2025-01-09T04:54:06	1526.47	-196.10	2432.20	-265.12	35.19	-161.53
2025-01-09T04:54:08	1519.84	-195.77	2437.73	-264.54	35.21	-163.32
2025-01-09T04:54:10	1513.21	-195.43	2443.24	-263.94	35.22	-165.09
2025-01-09T04:54:12	1506.56	-195.09	2448.74	-263.33	35.23	-166.86
2025-01-09T04:54:14	1499.92	-194.75	2454.24	-262.69	35.24	-168.62
2025-01-09T04:54:16	1493.27	-194.41	2459.72	-262.04	35.24	-170.37
2025-01-09T04:54:18	1486.61	-194.07	2465.20	-261.37	35.25	-172.11
2025-01-09T04:54:20	1479.95	-193.73	2470.67	-260.68	35.25	-173.84
2025-01-09T04:54:22	1473.28	-193.39	2476.12	-259.98	35.25	-175.56
2025-01-09T04:54:24	1466.61	-193.04	2481.57	-259.25	35.25	-177.27
2025-01-09T04:54:26	1459.93	-192.70	2487.01	-258.51	35.25	-178.96
2025-01-09T04:54:28	1453.25	-192.36	2492.45	-257.75	35.24	-180.65
2025-01-09T04:54:30	1446.56	-192.01	2497.87	-256.98	35.23	-182.32
2025-01-09T04:54:32	1439.87	-191.67	2503.28	-256.19	35.22	-183.98
2025-01-09T04:54:34	1433.17	-191.32	2508.68	-255.38	35.21	-185.63
2025-01-09T04:54:36	1426.47	-190.97	2514.08	-254.55	35.20	-187.27
2025-01-09T04:54:38	1419.76	-190.62	2519.46	-253.71	35.18	-188.90
2025-01-09T04:54:40	1413.04	-190.28	2524.84	-252.85	35.17	-190.51
2025-01-09T04:54:42	1406.33	-189.93	2530.21	-251.97	35.15	-192.11
2025-01-09T04:54:44	1399.60	-189.58	2535.57	-251.08	35.13	-193.70
2025-01-09T04:54:46	1392.87	-189.23	2540.92	-250.18	35.10	-195.28
2025-01-09T04:54:48	1386.14	-188.88	2546.25	-249.25	35.08	-196.84
2025-01-09T04:54:50	1379.40	-188.52	2551.59	-248.31	35.05	-198.39
2025-01-09T04:54:52	1372.65	-188.17	2556.91	-247.36	35.02	-199.92
2025-01-09T04:54:54	1365.90	-187.82	2562.22	-246.39	34.99	-201.45
2025-01-09T04:54:56	1359.15	-187.47	2567.52	-245.41	34.96	-202.95
2025-01-09T04:54:58	1352.39	-187.11	2572.82	-244.41	34.92	-204.45
2025-01-09T04:55:00	1345.63	-186.76	2578.10	-243.40	34.89	-205.93
2025-01-09T04:55:02	1338.86	-186.40	2583.38	-242.37	34.85	-207.39
2025-01-09T04:55:04	1332.08	-186.04	2588.64	-241.32	34.81	-208.84
2025-01-09T04:55:06	1325.31	-185.68	2593.90	-240.27	34.77	-210.28
2025-01-09T04:55:08	1318.52	-185.33	2599.15	-239.20	34.73	-211.70
2025-01-09T04:55:10	1311.74	-184.97	2604.39	-238.11	34.68	-213.11
2025-01-09T04:55:12	1304.94	-184.61	2609.62	-237.02	34.63	-214.50
2025-01-09T04:55:14	1298.15	-184.25	2614.84	-235.90	34.58	-215.88
2025-01-09T04:55:16	1291.35	-183.89	2620.05	-234.78	34.53	-217.24
2025-01-09T04:55:18	1284.54	-183.53	2625.25	-233.64	34.48	-218.58
2025-01-09T04:55:20	1277.73	-183.17	2630.45	-232.49	34.43	-219.91
2025-01-09T04:55:22	1270.92	-182.80	2635.63	-231.33	34.37	-221.23
2025-01-09T04:55:24	1264.10	-182.44	2640.80	-230.16	34.31	-222.53
2025-01-09T04:55:26	1257.27	-182.08	2645.97	-228.97	34.25	-223.81
2025-01-09T04:55:28	1250.44	-181.71	2651.13	-227.77	34.19	-225.08
2025-01-09T04:55:30	1243.61	-181.35	2656.27	-226.56	34.13	-226.33
2025-01-09T04:55:32	1236.77	-180.98	2661.41	-225.34	34.07	-227.57
2025-01-09T04:55:34	1229.93	-180.61	2666.54	-224.11	34.00	-228.78
2025-01-09T04:55:36	1223.09	-180.25	2671.66	-222.86	33.93	-229.99
2025-01-09T04:55:38	1216.24	-179.88	2676.77	-221.61	33.86	-231.17
2025-01-09T04:55:40	1209.39	-179.51	2681.87	-220.34	33.79	-232.34
2025-01-09T04:55:42	1202.53	-179.14	2686.96	-219.07	33.72	-233.50
2025-01-09T04:55:44	1195.67	-178.77	2692.04	-217.78	33.65	-234.63
2025-01-09T04:55:46	1188.80	-178.40	2697.11	-216.48	33.57	-235.75
2025-01-09T04:55:48	1181.93	-178.03	2702.18	-215.18	33.49	-236.85
2025-01-09T04:55:50	1175.06	-177.66	2707.23	-213.86	33.41	-237.94
2025-01-09T04:55:52	1168.18	-177.29	2712.28	-212.54	33.34	-239.01
2025-01-09T04:55:54	1161.29	-176.91	2717.32	-211.20	33.25	-240.06
2025-01-09T04:55:56	1154.41	-176.54	2722.34	-209.86	33.17	-241.09
2025-01-09T04:55:58	1147.52	-176.16	2727.36	-208.51	33.09	-242.11
2025-01-09T04:56:00	1140.62	-175.79	2732.37	-207.15	33.00	-243.11
2025-01-09T04:56:02	1133.73	-175.41	2737.37	-205.78	32.91	-244.10
2025-01-09T04:56:04	1126.83	-175.04	2742.36	-204.41	32.82	-245.06
2025-01-09T04:56:06	1119.92	-174.66	2747.34	-203.02	32.73	-246.01
2025-01-09T04:56:08	1113.01	-174.28	2752.31	-201.63	32.64	-246.94
2025-01-09T04:56:10	1106.10	-173.91	2757.27	-200.23	32.55	-247.86
2025-01-09T04:56:12	1099.18	-173.53	2762.22	-198.83	32.46	-248.75
2025-01-09T04:56:14	1092.26	-173.15	2767.17	-197.41	32.36	-249.63
2025-01-09T04:56:16	1085.34	-172.77	2772.10	-195.99	32.27	-250.50
2025-01-09T04:56:18	1078.41	-172.39	2777.03	-194.57	32.17	-251.34
2025-01-09T04:56:20	1071.48	-172.01	2781.94	-193.14	32.07	-252.17
2025-01-09T04:56:22	1064.55	-171.63	2786.85	-191.70	31.97	-252.98
2025-01-09T04:56:24	1057.61	-171.25	2791.75	-190.25	31.87	-253.77
2025-01-09T04:56:26	1050.66	-170.86	2796.64	-188.81	31.76	-254.55
2025-01-09T04:56:28	1043.72	-170.48	2801.52	-187.35	31.66	-255.30
2025-01-09T04:56:30	1036.77	-170.09	2806.39	-185.89	31.56	-256.04
2025-01-09T04:56:32	1029.82	-169.71	2811.25	-184.42	31.45	-256.77
2025-01-09T04:56:34	1022.87	-169.33	2816.10	-182.95	31.34	-257.47
2025-01-09T04:56:36	1015.91	-168.94	2820.95	-181.48	31.23	-258.16
2025-01-09T04:56:38	1008.94	-168.56	2825.78	-180.00	31.12	-258.83
2025-01-09T04:56:40	1001.98	-168.17	2830.60	-178.52	31.01	-259.48
2025-01-09T04:56:42	995.01	-167.78	2835.42	-177.03	30.90	-260.12
2025-01-09T04:56:44	988.04	-167.40	2840.22	-175.54	30.79	-260.74
2025-01-09T04:56:46	981.06	-167.01	2845.02	-174.05	30.68	-261.34
2025-01-09T04:56:48	974.09	-166.62	2849.81	-172.55	30.56	-261.92
2025-01-09T04:56:50	967.10	-166.23	2854.59	-171.05	30.45	-262.49
2025-01-09T04:56:52	960.12	-165.84	2859.36	-169.55	30.33	-263.04
2025-01-09T04:56:54	953.13	-165.45	2864.12	-168.04	30.21	-263.57
2025-01-09T04:56:56	946.14	-165.06	2868.87	-166.53	30.10	-264.09
2025-01-09T04:56:58	939.15	-164.67	2873.61	-165.02	29.98	-264.59
2025-01-09T04:57:00	932.15	-164.28	2878.34	-163.51	29.86	-265.07
2025-01-09T04:57:02	925.15	-163.88	2883.06	-161.99	29.74	-265.53
2025-01-09T04:57:04	918.15	-163.49	2887.78	-160.48	29.61	-265.98
2025-01-09T04:57:06	911.15	-163.09	2892.49	-158.96	29.49	-266.41
2025-01-09T04:57:08	904.14	-162.70	2897.18	-157.44	29.37	-266.83
2025-01-09T04:57:10	897.13	-162.31	2901.87	-155.92	29.24	-267.23
2025-01-09T04:57:12	890.11	-161.91	2906.55	-154.40	29.12	-267.61
2025-01-09T04:57:14	883.10	-161.52	2911.22	-152.88	28.99	-267.97
2025-01-09T04:57:16	876.08	-161.12	2915.88	-151.35	28.87	-268.32
2025-01-09T04:57:18	869.06	-160.72	2920.53	-149.83	28.74	-268.65
2025-01-09T04:57:20	862.03	-160.33	2925.17	-148.31	28.61	-268.97
2025-01-09T04:57:22	855.01	-159.93	2929.80	-146.78	28.49	-269.27
2025-01-09T04:57:24	847.98	-159.53	2934.42	-145.26	28.36	-269.55
2025-01-09T04:57:26	840.94	-159.13	2939.04	-143.74	28.23	-269.82
2025-01-09T04:57:28	833.91	-158.73	2943.65	-142.22	28.10	-270.07
2025-01-09T04:57:30	826.87	-158.33	2948.24	-140.69	27.97	-270.30
2025-01-09T04:57:32	819.83	-157.93	2952.83	-139.17	27.84	-270.52
2025-01-09T04:57:34	812.79	-157.53	2957.41	-137.65	27.70	-270.72
2025-01-09T04:57:36	805.74	-157.13	2961.98	-136.14	27.57	-270.91
2025-01-09T04:57:38	798.69	-156.73	2966.54	-134.62	27.44	-271.09
2025-01-09T04:57:40	791.65	-156.33	2971.09	-133.10	27.31	-271.24
2025-01-09T04:57:42	784.59	-155.92	2975.63	-131.59	27.17	-271.38
2025-01-09T04:57:44	777.54	-155.52	2980.17	-130.08	27.04	-271.51
2025-01-09T04:57:46	770.48	-155.12	2984.69	-128.57	26.90	-271.62
2025-01-09T04:57:48	763.42	-154.71	2989.21	-127.06	26.77	-271.72
2025-01-09T04:57:50	756.36	-154.31	2993.71	-125.55	26.63	-271.80
2025-01-09T04:57:52	749.30	-153.90	2998.21	-124.05	26.50	-271.86
2025-01-09T04:57:54	742.23	-153.50	3002.70	-122.55	26.36	-271.92
2025-01-09T04:57:56	735.16	-153.09	3007.18	-121.05	26.22	-271.95
2025-01-09T04:57:58	728.09	-152.68	3011.65	-119.56	26.09	-271.98
2025-01-09T04:58:00	721.02	-152.28	3016.12	-118.07	25.95	-271.98
2025-01-09T04:58:02	713.94	-151.87	3020.57	-116.58	25.81	-271.98
2025-01-09T04:58:04	706.87	-151.46	3025.01	-115.09	25.67	-271.96
2025-01-09T04:58:06	699.79	-151.05	3029.45	-113.61	25.54	-271.92
2025-01-09T04:58:08	692.71	-150.64	3033.88	-112.13	25.40	-271.87
2025-01-09T04:58:10	685.63	-150.23	3038.30	-110.66	25.26	-271.81
2025-01-09T04:58:12	678.54	-149.83	3042.70	-109.19	25.12	-271.73
2025-01-09T04:58:14	671.45	-149.41	3047.11	-107.72	24.98	-271.65
2025-01-09T04:58:16	664.37	-149.00	3051.50	-106.26	24.84	-271.54
2025-01-09T04:58:18	657.27	-148.59	3055.88	-104.80	24.70	-271.43
2025-01-09T04:58:20	650.18	-148.18	3060.25	-103.35	24.56	-271.30
2025-01-09T04:58:22	643.09	-147.77	3064.62	-101.90	24.42	-271.15
2025-01-09T04:58:24	635.99	-147.36	3068.98	-100.45	24.28	-271.00
2025-01-09T04:58:26	628.89	-146.94	3073.32	-99.01	24.14	-270.83
2025-01-09T04:58:28	621.79	-146.53	3077.66	-97.58	24.00	-270.65
2025-01-09T04:58:30	614.69	-146.12	3081.99	-96.15	23.86	-270.45
2025-01-09T04:58:32	607.59	-145.70	3086.31	-94.72	23.72	-270.25
2025-01-09T04:58:34	600.48	-145.29	3090.63	-93.30	23.58	-270.03
2025-01-09T04:58:36	593.37	-144.87	3094.93	-91.88	23.44	-269.80
2025-01-09T04:58:38	586.27	-144.46	3099.23	-90.47	23.30	-269.55
2025-01-09T04:58:40	579.16	-144.04	3103.51	-89.07	23.16	-269.30
2025-01-09T04:58:42	572.05	-143.63	3107.79	-87.67	23.02	-269.03
2025-01-09T04:58:44	564.93	-143.21	3112.06	-86.28	22.88	-268.75
2025-01-09T04:58:46	557.82	-142.79	3116.32	-84.89	22.74	-268.46
2025-01-09T04:58:48	550.70	-142.37	3120.57	-83.51	22.60	-268.16
2025-01-09T04:58:50	543.58	-141.95	3124.82	-82.14	22.46	-267.85
2025-01-09T04:58:52	536.46	-141.54	3129.05	-80.77	22.32	-267.52
2025-01-09T04:58:54	529.34	-141.12	3133.28	-79.40	22.18	-267.19
2025-01-09T04:58:56	522.22	-140.70	3137.50	-78.05	22.04	-266.84
2025-01-09T04:58:58	515.09	-140.28	3141.70	-76.69	21.90	-266.49
2025-01-09T04:59:00	507.97	-139.86	3145.91	-75.35	21.76	-266.12
2025-01-09T04:59:02	500.84	-139.44	3150.10	-74.01	21.62	-265.74
2025-01-09T04:59:04	493.71	-139.02	3154.28	-72.68	21.48	-265.35
2025-01-09T04:59:06	486.58	-138.60	3158.46	-71.35	21.34	-264.95
2025-01-09T04:59:08	479.46	-138.18	3162.62	-70.04	21.21	-264.54
2025-01-09T04:59:10	472.32	-137.76	3166.78	-68.73	21.07	-264.13
2025-01-09T04:59:12	465.19	-137.33	3170.93	-67.42	20.93	-263.70
2025-01-09T04:59:14	458.06	-136.91	3175.07	-66.12	20.79	-263.26
2025-01-09T04:59:16	450.92	-136.48	3179.21	-64.83	20.65	-262.81
2025-01-09T04:59:18	443.78	-136.06	3183.33	-63.55	20.51	-262.35
2025-01-09T04:59:20	436.65	-135.64	3187.45	-62.27	20.37	-261.89
2025-01-09T04:59:22	429.51	-135.22	3191.55	-61.00	20.24	-261.41
2025-01-09T04:59:24	422.37	-134.79	3195.65	-59.74	20.10	-260.92
2025-01-09T04:59:26	415.22	-134.36	3199.74	-58.48	19.96	-260.43
2025-01-09T04:59:28	408.08	-133.94	3203.82	-57.23	19.82	-259.93
2025-01-09T04:59:30	400.94	-133.51	3207.90	-55.99	19.69	-259.42
2025-01-09T04:59:32	393.79	-133.09	3211.96	-54.76	19.55	-258.90
2025-01-09T04:59:34	386.65	-132.66	3216.02	-53.53	19.42	-258.37
2025-01-09T04:59:36	379.50	-132.23	3220.07	-52.31	19.28	-257.83
2025-01-09T04:59:38	372.35	-131.81	3224.11	-51.10	19.14	-257.29
2025-01-09T04:59:40	365.21	-131.38	3228.14	-49.90	19.01	-256.73
2025-01-09T04:59:42	358.06	-130.95	3232.17	-48.70	18.87	-256.17
2025-01-09T04:59:44	350.91	-130.52	3236.18	-47.51	18.74	-255.61
2025-01-09T04:59:46	343.75	-130.10	3240.19	-46.33	18.61	-255.03
2025-01-09T04:59:48	336.60	-129.67	3244.19	-45.16	18.47	-254.45
2025-01-09T04:59:50	329.45	-129.24	3248.18	-43.99	18.34	-253.86
2025-01-09T04:59:52	322.30	-128.81	3252.16	-42.83	18.21	-253.26
2025-01-09T04:59:54	315.14	-128.38	3256.14	-41.68	18.07	-252.65
2025-01-09T04:59:56	307.99	-127.95	3260.11	-40.54	17.94	-252.04
2025-01-09T04:59:58	300.83	-127.52	3264.06	-39.41	17.81	-251.42
2025-01-09T05:00:00	293.67	-127.08	3268.01	-38.28	17.68	-250.80
2025-01-09T05:00:02	286.51	-126.65	3271.96	-37.16	17.55	-250.16
2025-01-09T05:00:04	279.36	-126.22	3275.89	-36.05	17.42	-249.52
2025-01-09T05:00:06	272.20	-125.79	3279.82	-34.95	17.29	-248.88
2025-01-09T05:00:08	265.04	-125.36	3283.73	-33.85	17.16	-248.23
2025-01-09T05:00:10	257.88	-124.93	3287.64	-32.76	17.03	-247.57
2025-01-09T05:00:12	250.71	-124.49	3291.55	-31.68	16.90	-246.91
2025-01-09T05:00:14	243.56	-124.06	3295.44	-30.61	16.77	-246.24
2025-01-09T05:00:16	236.39	-123.63	3299.32	-29.55	16.64	-245.56
2025-01-09T05:00:18	229.23	-123.19	3303.20	-28.50	16.51	-244.88
2025-01-09T05:00:20	222.07	-122.76	3307.07	-27.45	16.39	-244.20
2025-01-09T05:00:22	214.90	-122.32	3310.93	-26.41	16.26	-243.50
2025-01-09T05:00:24	207.74	-121.89	3314.79	-25.38	16.13	-242.81
2025-01-09T05:00:26	200.57	-121.45	3318.63	-24.35	16.01	-242.11
2025-01-09T05:00:28	193.41	-121.02	3322.47	-23.34	15.88	-241.40
2025-01-09T05:00:30	186.24	-120.58	3326.30	-22.33	15.76	-240.69
2025-01-09T05:00:32	179.07	-120.15	3330.12	-21.33	15.63	-239.97
2025-01-09T05:00:34	171.91	-119.71	3333.94	-20.34	15.51	-239.25
2025-01-09T05:00:36	164.74	-119.27	3337.74	-19.36	15.39	-238.52
2025-01-09T05:00:38	157.58	-118.84	3341.54	-18.39	15.26	-237.79
2025-01-09T05:00:40	150.41	-118.40	3345.33	-17.42	15.14	-237.06
2025-01-09T05:00:42	143.24	-117.96	3349.11	-16.46	15.02	-236.32
2025-01-09T05:00:44	136.07	-117.52	3352.89	-15.51	14.90	-235.57
2025-01-09T05:00:46	128.90	-117.09	3356.65	-14.57	14.78	-234.83
2025-01-09T05:00:48	121.73	-116.65	3360.41	-13.63	14.66	-234.07
2025-01-09T05:00:50	114.56	-116.21	3364.16	-12.71	14.54	-233.32
2025-01-09T05:00:52	107.39	-115.77	3367.91	-11.79	14.42	-232.56
2025-01-09T05:00:54	100.22	-115.33	3371.64	-10.88	14.30	-231.80
2025-01-09T05:00:56	93.05	-114.89	3375.37	-9.98	14.18	-231.03
2025-01-09T05:00:58	85.88	-114.45	3379.09	-9.08	14.07	-230.26
2025-01-09T05:01:00	78.71	-114.01	3382.80	-8.20	13.95	-229.49
2025-01-09T05:01:02	71.54	-113.57	3386.51	-7.32	13.83	-228.71
2025-01-09T05:01:04	64.37	-113.13	3390.21	-6.45	13.72	-227.93
2025-01-09T05:01:06	57.20	-112.69	3393.90	-5.58	13.60	-227.15
2025-01-09T05:01:08	50.03	-112.25	3397.58	-4.73	13.49	-226.37
2025-01-09T05:01:10	42.86	-111.81	3401.25	-3.88	13.38	-225.58
2025-01-09T05:01:12	35.69	-111.36	3404.92	-3.04	13.26	-224.79
2025-01-09T05:01:14	28.51	-110.92	3408.58	-2.21	13.15	-223.99
2025-01-09T05:01:16	21.34	-110.48	3412.23	-1.39	13.04	-223.20
2025-01-09T05:01:18	14.17	-110.04	3415.87	-0.58	12.92	-222.40
2025-01-09T05:01:20	7.00	-109.60	3419.51	0.23	12.81	-221.60
2025-01-09T05:01:22	-0.17	-109.15	3423.14	1.03	12.70	-220.80
2025-01-09T05:01:24	-7.34	-108.71	3426.76	1.82	12.59	-219.99
2025-01-09T05:01:26	-14.52	-108.26	3430.37	2.61	12.48	-219.18
2025-01-09T05:01:28	-21.69	-107.82	3433.98	3.38	12.38	-218.38
2025-01-09T05:01:30	-28.86	-107.38	3437.58	4.15	12.27	-217.56
2025-01-09T05:01:32	-36.03	-106.93	3441.17	4.91	12.16	-216.75
2025-01-09T05:01:34	-43.20	-106.49	3444.76	5.67	12.05	-215.94
2025-01-09T05:01:36	-50.37	-106.04	3448.33	6.41	11.95	-215.12
2025-01-09T05:01:38	-57.54	-105.60	3451.90	7.15	11.84	-214.30
2025-01-09T05:01:40	-64.72	-105.15	3455.46	7.88	11.73	-213.48
2025-01-09T05:01:42	-71.89	-104.71	3459.02	8.61	11.63	-212.66
2025-01-09T05:01:44	-79.06	-104.26	3462.56	9.32	11.53	-211.84
2025-01-09T05:01:46	-86.23	-103.81	3466.11	10.03	11.42	-211.02
2025-01-09T05:01:48	-93.40	-103.37	3469.64	10.73	11.32	-210.19
2025-01-09T05:01:50	-100.57	-102.92	3473.16	11.42	11.22	-209.37
2025-01-09T05:01:52	-107.74	-102.48	3476.68	12.11	11.12	-208.54
2025-01-09T05:01:54	-114.91	-102.03	3480.19	12.79	11.02	-207.71
2025-01-09T05:01:56	-122.08	-101.58	3483.70	13.46	10.91	-206.88
2025-01-09T05:01:58	-129.25	-101.13	3487.19	14.12	10.81	-206.05
2025-01-09T05:02:00	-136.42	-100.69	3490.68	14.78	10.72	-205.22
2025-01-09T05:02:02	-143.59	-100.24	3494.16	15.43	10.62	-204.39
2025-01-09T05:02:04	-150.76	-99.79	3497.64	16.07	10.52	-203.56
2025-01-09T05:02:06	-157.92	-99.34	3501.10	16.71	10.42	-202.73
2025-01-09T05:02:08	-165.09	-98.89	3504.57	17.33	10.32	-201.90
2025-01-09T05:02:10	-172.26	-98.44	3508.02	17.96	10.23	-201.06
2025-01-09T05:02:12	-179.43	-98.00	3511.47	18.57	10.13	-200.23
2025-01-09T05:02:14	-186.59	-97.55	3514.90	19.18	10.04	-199.40
2025-01-09T05:02:16	-193.76	-97.10	3518.34	19.78	9.94	-198.57
2025-01-09T05:02:18	-200.92	-96.65	3521.76	20.37	9.85	-197.73
2025-01-09T05:02:20	-208.09	-96.20	3525.18	20.96	9.76	-196.90
2025-01-09T05:02:22	-215.25	-95.75	3528.59	21.54	9.66	-196.06
2025-01-09T05:02:24	-222.42	-95.30	3531.99	22.11	9.57	-195.23
2025-01-09T05:02:26	-229.58	-94.85	3535.39	22.67	9.48	-194.40
2025-01-09T05:02:28	-236.75	-94.40	3538.78	23.23	9.39	-193.57
2025-01-09T05:02:30	-243.91	-93.94	3542.16	23.79	9.30	-192.73
2025-01-09T05:02:32	-251.07	-93.50	3545.54	24.33	9.21	-191.90
2025-01-09T05:02:34	-258.24	-93.04	3548.90	24.87	9.12	-191.07
2025-01-09T05:02:36	-265.40	-92.59	3552.27	25.40	9.03	-190.24
2025-01-09T05:02:38	-272.56	-92.14	3555.62	25.93	8.94	-189.40
2025-01-09T05:02:40	-279.72	-91.69	3558.97	26.45	8.86	-188.57
2025-01-09T05:02:42	-286.88	-91.24	3562.31	26.96	8.77	-187.74
2025-01-09T05:02:44	-294.04	-90.79	3565.65	27.47	8.68	-186.91
2025-01-09T05:02:46	-301.20	-90.33	3568.97	27.97	8.60	-186.09
2025-01-09T05:02:48	-308.36	-89.88	3572.29	28.46	8.51	-185.26
2025-01-09T05:02:50	-315.52	-89.43	3575.61	28.95	8.43	-184.43
2025-01-09T05:02:52	-322.67	-88.97	3578.91	29.43	8.34	-183.60
2025-01-09T05:02:54	-329.83	-88.52	3582.22	29.91	8.26	-182.78
2025-01-09T05:02:56	-336.99	-88.07	3585.51	30.38	8.18	-181.95
2025-01-09T05:02:58	-344.14	-87.61	3588.79	30.84	8.09	-181.13
2025-01-09T05:03:00	-351.30	-87.16	3592.07	31.30	8.01	-180.31
2025-01-09T05:03:02	-358.45	-86.71	3595.34	31.75	7.93	-179.49
2025-01-09T05:03:04	-365.61	-86.25	3598.61	32.19	7.85	-178.67
2025-01-09T05:03:06	-372.76	-85.80	3601.87	32.63	7.77	-177.85
2025-01-09T05:03:08	-379.91	-85.34	3605.12	33.06	7.69	-177.03
2025-01-09T05:03:10	-387.06	-84.89	3608.37	33.49	7.61	-176.21
2025-01-09T05:03:12	-394.21	-84.43	3611.61	33.91	7.54	-175.40
2025-01-09T05:03:14	-401.36	-83.98	3614.84	34.33	7.46	-174.58
2025-01-09T05:03:16	-408.51	-83.52	3618.07	34.74	7.38	-173.77
2025-01-09T05:03:18	-415.66	-83.07	3621.29	35.14	7.30	-172.96
2025-01-09T05:03:20	-422.81	-82.61	3624.50	35.54	7.23	-172.15
2025-01-09T05:03:22	-429.95	-82.16	3627.71	35.93	7.15	-171.34
2025-01-09T05:03:24	-437.10	-81.70	3630.91	36.32	7.08	-170.53
2025-01-09T05:03:26	-444.25	-81.24	3634.10	36.70	7.00	-169.73
2025-01-09T05:03:28	-451.39	-80.79	3637.29	37.07	6.93	-168.92
2025-01-09T05:03:30	-458.54	-80.33	3640.47	37.45	6.86	-168.12
2025-01-09T05:03:32	-465.68	-79.88	3643.65	37.81	6.78	-167.32
2025-01-09T05:03:34	-472.82	-79.42	3646.81	38.17	6.71	-166.52
2025-01-09T05:03:36	-479.96	-78.96	3649.97	38.52	6.64	-165.73
2025-01-09T05:03:38	-487.10	-78.51	3653.13	38.87	6.57	-164.93
2025-01-09T05:03:40	-494.24	-78.05	3656.28	39.22	6.50	-164.14
2025-01-09T05:03:42	-501.38	-77.59	3659.42	39.56	6.43	-163.35
2025-01-09T05:03:44	-508.52	-77.14	3662.55	39.89	6.36	-162.56
2025-01-09T05:03:46	-515.66	-76.68	3665.69	40.22	6.29	-161.77
2025-01-09T05:03:48	-522.79	-76.22	3668.81	40.54	6.22	-160.98
2025-01-09T05:03:50	-529.93	-75.76	3671.92	40.86	6.15	-160.20
2025-01-09T05:03:52	-537.06	-75.30	3675.03	41.17	6.09	-159.42
2025-01-09T05:03:54	-544.20	-74.85	3678.14	41.48	6.02	-158.64
2025-01-09T05:03:56	-551.33	-74.39	3681.23	41.79	5.95	-157.86
2025-01-09T05:03:58	-558.46	-73.93	3684.32	42.08	5.89	-157.08
2025-01-09T05:04:00	-565.59	-73.47	3687.41	42.38	5.82	-156.31
2025-01-09T05:04:02	-572.72	-73.01	3690.49	42.67	5.76	-155.54
2025-01-09T05:04:04	-579.85	-72.55	3693.56	42.95	5.69	-154.77
2025-01-09T05:04:06	-586.98	-72.09	3696.63	43.23	5.63	-154.00
2025-01-09T05:04:08	-594.10	-71.64	3699.69	43.51	5.57	-153.23
2025-01-09T05:04:10	-601.23	-71.17	3702.74	43.78	5.50	-152.47
2025-01-09T05:04:12	-608.35	-70.72	3705.79	44.04	5.44	-151.71
2025-01-09T05:04:14	-615.48	-70.26	3708.83	44.30	5.38	-150.95
2025-01-09T05:04:16	-622.60	-69.80	3711.86	44.56	5.32	-150.20
2025-01-09T05:04:18	-629.72	-69.34	3714.90	44.81	5.26	-149.44
2025-01-09T05:04:20	-636.84	-68.88	3717.92	45.06	5.20	-148.69
2025-01-09T05:04:22	-643.96	-68.42	3720.93	45.30	5.14	-147.94
2025-01-09T05:04:24	-651.08	-67.96	3723.95	45.54	5.08	-147.19
2025-01-09T05:04:26	-658.20	-67.50	3726.95	45.78	5.02	-146.45
2025-01-09T05:04:28	-665.31	-67.04	3729.95	46.01	4.96	-145.71
2025-01-09T05:04:30	-672.43	-66.58	3732.94	46.23	4.90	-144.97
2025-01-09T05:04:32	-679.54	-66.11	3735.93	46.45	4.85	-144.23
2025-01-09T05:04:34	-686.66	-65.65	3738.91	46.67	4.79	-143.49
2025-01-09T05:04:36	-693.77	-65.19	3741.88	46.89	4.73	-142.76
2025-01-09T05:04:38	-700.88	-64.73	3744.85	47.10	4.68	-142.03
2025-01-09T05:04:40	-707.99	-64.27	3747.81	47.30	4.62	-141.30
2025-01-09T05:04:42	-715.10	-63.81	3750.77	47.50	4.56	-140.58
2025-01-09T05:04:44	-722.21	-63.35	3753.72	47.70	4.51	-139.85
2025-01-09T05:04:46	-729.31	-62.89	3756.67	47.90	4.46	-139.13
2025-01-09T05:04:48	-736.42	-62.42	3759.60	48.09	4.40	-138.42
2025-01-09T05:04:50	-743.52	-61.96	3762.54	48.27	4.35	-137.70
2025-01-09T05:04:52	-750.62	-61.50	3765.46	48.45	4.30	-136.99
2025-01-09T05:04:54	-757.72	-61.04	3768.38	48.63	4.24	-136.28
2025-01-09T05:04:56	-764.83	-60.58	3771.30	48.81	4.19	-135.57
2025-01-09T05:04:58	-771.93	-60.12	3774.21	48.98	4.14	-134.86
2025-01-09T05:05:00	-779.02	-59.65	3777.12	49.15	4.09	-134.16
2025-01-09T05:05:02	-786.12	-59.19	3780.01	49.31	4.04	-133.46
2025-01-09T05:05:04	-793.22	-58.73	3782.91	49.47	3.99	-132.76
2025-01-09T05:05:06	-800.31	-58.27	3785.79	49.63	3.94	-132.07
2025-01-09T05:05:08	-807.40	-57.80	3788.67	49.78	3.89	-131.38
2025-01-09T05:05:10	-814.50	-57.34	3791.55	49.93	3.84	-130.69
2025-01-09T05:05:12	-821.59	-56.88	3794.42	50.08	3.79	-130.00
2025-01-09T05:05:14	-828.68	-56.41	3797.28	50.22	3.74	-129.32
2025-01-09T05:05:16	-835.77	-55.95	3800.14	50.36	3.69	-128.64
2025-01-09T05:05:18	-842.85	-55.49	3802.99	50.50	3.65	-127.96
2025-01-09T05:05:20	-849.94	-55.02	3805.84	50.63	3.60	-127.28
2025-01-09T05:05:22	-857.02	-54.56	3808.68	50.76	3.55	-126.61
2025-01-09T05:05:24	-864.11	-54.10	3811.51	50.88	3.51	-125.94
2025-01-09T05:05:26	-871.19	-53.63	3814.34	51.01	3.46	-125.27
2025-01-09T05:05:28	-878.27	-53.17	3817.17	51.13	3.42	-124.60
2025-01-09T05:05:30	-885.35	-52.71	3819.98	51.24	3.37	-123.94
2025-01-09T05:05:32	-892.43	-52.24	3822.80	51.36	3.33	-123.28
2025-01-09T05:05:34	-899.50	-51.78	3825.60	51.47	3.28	-122.62
2025-01-09T05:05:36	-906.58	-51.31	3828.41	51.58	3.24	-121.97
2025-01-09T05:05:38	-913.65	-50.85	3831.20	51.68	3.20	-121.32
2025-01-09T05:05:40	-920.73	-50.39	3833.99	51.78	3.15	-120.67
2025-01-09T05:05:42	-927.80	-49.92	3836.78	51.88	3.11	-120.02
2025-01-09T05:05:44	-934.87	-49.46	3839.56	51.98	3.07	-119.38
2025-01-09T05:05:46	-941.94	-48.99	3842.33	52.07	3.03	-118.74
2025-01-09T05:05:48	-949.01	-48.53	3845.10	52.16	2.98	-118.10
2025-01-09T05:05:50	-956.07	-48.06	3847.86	52.25	2.94	-117.46
2025-01-09T05:05:52	-963.14	-47.60	3850.62	52.33	2.90	-116.83
2025-01-09T05:05:54	-970.20	-47.13	3853.37	52.42	2.86	-116.20
2025-01-09T05:05:56	-977.26	-46.67	3856.12	52.50	2.82	-115.57
2025-01-09T05:05:58	-984.32	-46.20	3858.86	52.57	2.78	-114.95
2025-01-09T05:06:00	-991.38	-45.74	3861.60	52.65	2.74	-114.33
2025-01-09T05:06:02	-998.44	-45.27	3864.33	52.72	2.70	-113.71
2025-01-09T05:06:04	-1005.50	-44.81	3867.05	52.79	2.67	-113.09
2025-01-09T05:06:06	-1012.55	-44.34	3869.77	52.85	2.63	-112.48
2025-01-09T05:06:08	-1019.61	-43.88	3872.49	52.92	2.59	-111.86
2025-01-09T05:06:10	-1026.66	-43.41	3875.20	52.98	2.55	-111.26
2025-01-09T05:06:12	-1033.71	-42.95	3877.90	53.04	2.51	-110.65
2025-01-09T05:06:14	-1040.76	-42.48	3880.60	53.09	2.48	-110.05
2025-01-09T05:06:16	-1047.81	-42.01	3883.29	53.15	2.44	-109.45
2025-01-09T05:06:18	-1054.86	-41.55	3885.98	53.20	2.40	-108.85
2025-01-09T05:06:20	-1061.90	-41.08	3888.67	53.25	2.37	-108.26
2025-01-09T05:06:22	-1068.94	-40.62	3891.34	53.29	2.33	-107.66
2025-01-09T05:06:24	-1075.99	-40.15	3894.02	53.34	2.30	-107.07
2025-01-09T05:06:26	-1083.03	-39.68	3896.68	53.38	2.26	-106.49
2025-01-09T05:06:28	-1090.07	-39.22	3899.35	53.42	2.23	-105.90
2025-01-09T05:06:30	-1097.11	-38.75	3902.00	53.46	2.19	-105.32
2025-01-09T05:06:32	-1104.14	-38.29	3904.65	53.49	2.16	-104.74
2025-01-09T05:06:34	-1111.18	-37.82	3907.30	53.53	2.13	-104.17
2025-01-09T05:06:36	-1118.21	-37.35	3909.94	53.56	2.09	-103.60
2025-01-09T05:06:38	-1125.25	-36.89	3912.58	53.59	2.06	-103.03
2025-01-09T05:06:40	-1132.28	-36.42	3915.21	53.61	2.03	-102.46
2025-01-09T05:06:42	-1139.31	-35.95	3917.84	53.64	1.99	-101.89
2025-01-09T05:06:44	-1146.33	-35.48	3920.46	53.66	1.96	-101.33
2025-01-09T05:06:46	-1153.36	-35.02	3923.07	53.68	1.93	-100.77
2025-01-09T05:06:48	-1160.39	-34.55	3925.68	53.70	1.90	-100.21
2025-01-09T05:06:50	-1167.41	-34.09	3928.29	53.72	1.87	-99.66
2025-01-09T05:06:52	-1174.43	-33.62	3930.89	53.73	1.84	-99.11
2025-01-09T05:06:54	-1181.45	-33.15	3933.49	53.75	1.81	-98.56
2025-01-09T05:06:56	-1188.47	-32.68	3936.08	53.76	1.78	-98.01
2025-01-09T05:06:58	-1195.49	-32.22	3938.67	53.77	1.75	-97.47
2025-01-09T05:07:00	-1202.51	-31.75	3941.25	53.77	1.72	-96.93
2025-01-09T05:07:02	-1209.52	-31.28	3943.82	53.78	1.69	-96.39
2025-01-09T05:07:04	-1216.53	-30.82	3946.39	53.78	1.66	-95.86
2025-01-09T05:07:06	-1223.54	-30.35	3948.96	53.78	1.63	-95.32
2025-01-09T05:07:08	-1230.55	-29.88	3951.52	53.78	1.60	-94.79
2025-01-09T05:07:10	-1237.56	-29.41	3954.08	53.78	1.57	-94.26
2025-01-09T05:07:12	-1244.57	-28.95	3956.63	53.78	1.54	-93.74
2025-01-09T05:07:14	-1251.57	-28.48	3959.18	53.78	1.51	-93.22
2025-01-09T05:07:16	-1258.58	-28.01	3961.72	53.77	1.49	-92.70
2025-01-09T05:07:18	-1265.58	-27.54	3964.25	53.76	1.46	-92.18
2025-01-09T05:07:20	-1272.58	-27.07	3966.78	53.75	1.43	-91.66
2025-01-09T05:07:22	-1279.58	-26.61	3969.31	53.74	1.41	-91.15
2025-01-09T05:07:24	-1286.58	-26.14	3971.83	53.73	1.38	-90.64
2025-01-09T05:07:26	-1293.57	-25.67	3974.35	53.71	1.35	-90.14
2025-01-09T05:07:28	-1300.57	-25.21	3976.87	53.70	1.33	-89.63
2025-01-09T05:07:30	-1307.56	-24.74	3979.37	53.68	1.30	-89.13
2025-01-09T05:07:32	-1314.55	-24.27	3981.88	53.66	1.28	-88.63
2025-01-09T05:07:34	-1321.54	-23.80	3984.37	53.64	1.25	-88.13
2025-01-09T05:07:36	-1328.53	-23.33	3986.87	53.62	1.23	-87.64
2025-01-09T05:07:38	-1335.52	-22.86	3989.36	53.59	1.20	-87.15
2025-01-09T05:07:40	-1342.50	-22.39	3991.84	53.57	1.18	-86.66
2025-01-09T05:07:42	-1349.49	-21.93	3994.32	53.54	1.15	-86.17
2025-01-09T05:07:44	-1356.47	-21.46	3996.80	53.51	1.13	-85.69
2025-01-09T05:07:46	-1363.45	-20.99	3999.26	53.49	1.10	-85.20
2025-01-09T05:07:48	-1370.43	-20.52	4001.73	53.45	1.08	-84.73
2025-01-09T05:07:50	-1377.40	-20.05	4004.19	53.42	1.06	-84.25
2025-01-09T05:07:52	-1384.38	-19.59	4006.65	53.39	1.03	-83.77
2025-01-09T05:07:54	-1391.35	-19.12	4009.10	53.36	1.01	-83.30
2025-01-09T05:07:56	-1398.32	-18.65	4011.55	53.32	0.99	-82.83
2025-01-09T05:07:58	-1405.30	-18.18	4013.99	53.28	0.97	-82.37
2025-01-09T05:08:00	-1412.26	-17.71	4016.43	53.25	0.94	-81.90
2025-01-09T05:08:02	-1419.23	-17.24	4018.86	53.21	0.92	-81.44
2025-01-09T05:08:04	-1426.20	-16.77	4021.29	53.17	0.90	-80.98
2025-01-09T05:08:06	-1433.16	-16.30	4023.71	53.12	0.88	-80.52
2025-01-09T05:08:08	-1440.12	-15.84	4026.13	53.08	0.86	-80.07
2025-01-09T05:08:10	-1447.09	-15.37	4028.54	53.04	0.84	-79.61
2025-01-09T05:08:12	-1454.04	-14.90	4030.96	52.99	0.81	-79.16
2025-01-09T05:08:14	-1461.00	-14.43	4033.36	52.95	0.79	-78.72
2025-01-09T05:08:16	-1467.96	-13.96	4035.76	52.90	0.77	-78.27
2025-01-09T05:08:18	-1474.91	-13.49	4038.16	52.85	0.75	-77.83
2025-01-09T05:08:20	-1481.87	-13.02	4040.55	52.80	0.73	-77.39
2025-01-09T05:08:22	-1488.82	-12.55	4042.94	52.75	0.71	-76.95
2025-01-09T05:08:24	-1495.77	-12.09	4045.32	52.70	0.69	-76.51
2025-01-09T05:08:26	-1502.72	-11.62	4047.70	52.65	0.67	-76.08
2025-01-09T05:08:28	-1509.66	-11.15	4050.08	52.59	0.65	-75.65
2025-01-09T05:08:30	-1516.60	-10.68	4052.44	52.54	0.64	-75.22
2025-01-09T05:08:32	-1523.55	-10.21	4054.81	52.48	0.62	-74.79
2025-01-09T05:08:34	-1530.49	-9.74	4057.17	52.43	0.60	-74.37
2025-01-09T05:08:36	-1537.43	-9.27	4059.53	52.37	0.58	-73.95
2025-01-09T05:08:38	-1544.37	-8.80	4061.88	52.31	0.56	-73.53
2025-01-09T05:08:40	-1551.30	-8.33	4064.23	52.25	0.54	-73.11
2025-01-09T05:08:42	-1558.24	-7.86	4066.57	52.19	0.52	-72.69
2025-01-09T05:08:44	-1565.17	-7.39	4068.91	52.13	0.51	-72.28
2025-01-09T05:08:46	-1572.10	-6.92	4071.25	52.07	0.49	-71.87
2025-01-09T05:08:48	-1579.03	-6.45	4073.58	52.01	0.47	-71.46
2025-01-09T05:08:50	-1585.96	-5.99	4075.91	51.95	0.45	-71.05
2025-01-09T05:08:52	-1592.89	-5.52	4078.23	51.88	0.44	-70.65
2025-01-09T05:08:54	-1599.81	-5.05	4080.55	51.82	0.42	-70.25
2025-01-09T05:08:56	-1606.74	-4.58	4082.86	51.75	0.40	-69.85
2025-01-09T05:08:58	-1613.65	-4.11	4085.17	51.68	0.39	-69.45
2025-01-09T05:09:00	-1620.57	-3.64	4087.47	51.62	0.37	-69.05
2025-01-09T05:09:02	-1627.49	-3.17	4089.77	51.55	0.35	-68.66
2025-01-09T05:09:04	-1634.41	-2.70	4092.07	51.48	0.34	-68.27
2025-01-09T05:09:06	-1641.32	-2.23	4094.36	51.41	0.32	-67.88
2025-01-09T05:09:08	-1648.24	-1.76	4096.65	51.34	0.31	-67.49
2025-01-09T05:09:10	-1655.15	-1.29	4098.94	51.27	0.29	-67.11
2025-01-09T05:09:12	-1662.06	-0.82	4101.22	51.20	0.28	-66.73
2025-01-09T05:09:14	-1668.96	-0.35	4103.49	51.12	0.26	-66.35
2025-01-09T05:09:16	-1675.87	0.12	4105.76	51.05	0.25	-65.97
2025-01-09T05:09:18	-1682.78	0.59	4108.03	50.98	0.23	-65.59
2025-01-09T05:09:20	-1689.68	1.06	4110.29	50.90	0.22	-65.22
2025-01-09T05:09:22	-1696.58	1.53	4112.55	50.83	0.20	-64.84
2025-01-09T05:09:24	-1703.48	2.00	4114.81	50.75	0.19	-64.47
2025-01-09T05:09:26	-1710.38	2.47	4117.06	50.68	0.17	-64.11
2025-01-09T05:09:28	-1717.27	2.94	4119.31	50.60	0.16	-63.74
2025-01-09T05:09:30	-1724.16	3.40	4121.55	50.52	0.15	-63.38
2025-01-09T05:09:32	-1731.06	3.87	4123.79	50.44	0.13	-63.01
2025-01-09T05:09:34	-1737.95	4.34	4126.02	50.37	0.12	-62.65
2025-01-09T05:09:36	-1744.84	4.81	4128.25	50.29	0.10	-62.30
2025-01-09T05:09:38	-1751.72	5.29	4130.48	50.21	0.09	-61.94
2025-01-09T05:09:40	-1758.61	5.75	4132.70	50.13	0.08	-61.59
2025-01-09T05:09:42	-1765.50	6.22	4134.92	50.05	0.06	-61.23
2025-01-09T05:09:44	-1772.38	6.69	4137.13	49.97	0.05	-60.88
2025-01-09T05:09:46	-1779.26	7.16	4139.35	49.88	0.04	-60.54
2025-01-09T05:09:48	-1786.14	7.63	4141.55	49.80	0.03	-60.19
2025-01-09T05:09:50	-1793.01	8.10	4143.75	49.72	0.01	-59.84
2025-01-09T05:09:52	-1799.89	8.57	4145.95	49.64	0.00	-59.50
2025-01-09T05:09:54	-1806.76	9.04	4148.15	49.55	-0.01	-59.16
2025-01-09T05:09:56	-1813.63	9.51	4150.34	49.47	-0.02	-58.82
2025-01-09T05:09:58	-1820.51	9.98	4152.52	49.38	-0.03	-58.49
2025-01-09T05:10:00	-1827.37	10.45	4154.71	49.30	-0.05	-58.15
2025-01-09T05:10:02	-1834.24	10.92	4156.89	49.21	-0.06	-57.82
2025-01-09T05:10:04	-1841.10	11.39	4159.06	49.13	-0.07	-57.49
2025-01-09T05:10:06	-1847.97	11.86	4161.23	49.04	-0.08	-57.16
2025-01-09T05:10:08	-1854.83	12.33	4163.40	48.95	-0.09	-56.83
2025-01-09T05:10:10	-1861.69	12.80	4165.56	48.87	-0.10	-56.51
2025-01-09T05:10:12	-1868.55	13.27	4167.72	48.78	-0.11	-56.18
2025-01-09T05:10:14	-1875.41	13.74	4169.88	48.69	-0.13	-55.86
2025-01-09T05:10:16	-1882.26	14.21	4172.03	48.60	-0.14	-55.54
2025-01-09T05:10:18	-1889.11	14.68	4174.18	48.52	-0.15	-55.22
2025-01-09T05:10:20	-1895.96	15.15	4176.32	48.43	-0.16	-54.91
2025-01-09T05:10:22	-1902.81	15.62	4178.46	48.34	-0.17	-54.59
2025-01-09T05:10:24	-1909.66	16.09	4180.60	48.25	-0.18	-54.28
2025-01-09T05:10:26	-1916.51	16.56	4182.73	48.16	-0.19	-53.97
2025-01-09T05:10:28	-1923.35	17.03	4184.86	48.07	-0.20	-53.66
2025-01-09T05:10:30	-1930.19	17.50	4186.98	47.98	-0.21	-53.35
2025-01-09T05:10:32	-1937.04	17.97	4189.11	47.89	-0.22	-53.05
2025-01-09T05:10:34	-1943.87	18.44	4191.22	47.80	-0.23	-52.74
2025-01-09T05:10:36	-1950.71	18.91	4193.34	47.70	-0.24	-52.44
2025-01-09T05:10:38	-1957.55	19.38	4195.45	47.61	-0.25	-52.14
2025-01-09T05:10:40	-1964.38	19.85	4197.55	47.52	-0.26	-51.84
2025-01-09T05:10:42	-1971.21	20.32	4199.65	47.43	-0.27	-51.54
2025-01-09T05:10:44	-1978.04	20.79	4201.76	47.34	-0.28	-51.25
2025-01-09T05:10:46	-1984.87	21.26	4203.85	47.24	-0.28	-50.95
2025-01-09T05:10:48	-1991.70	21.73	4205.94	47.15	-0.29	-50.66
2025-01-09T05:10:50	-1998.52	22.20	4208.03	47.06	-0.30	-50.37
2025-01-09T05:10:52	-2005.35	22.67	4210.11	46.96	-0.31	-50.08
2025-01-09T05:10:54	-2012.17	23.14	4212.19	46.87	-0.32	-49.80
2025-01-09T05:10:56	-2018.99	23.61	4214.27	46.78	-0.33	-49.51
2025-01-09T05:10:58	-2025.81	24.08	4216.34	46.68	-0.34	-49.23
2025-01-09T05:11:00	-2032.62	24.55	4218.41	46.59	-0.35	-48.94
2025-01-09T05:11:02	-2039.44	25.02	4220.48	46.49	-0.35	-48.66
2025-01-09T05:11:04	-2046.25	25.49	4222.54	46.40	-0.36	-48.39
2025-01-09T05:11:06	-2053.06	25.96	4224.60	46.30	-0.37	-48.11
2025-01-09T05:11:08	-2059.87	26.43	4226.66	46.21	-0.38	-47.83
2025-01-09T05:11:10	-2066.68	26.90	4228.71	46.11	-0.39	-47.56
2025-01-09T05:11:12	-2073.49	27.37	4230.76	46.02	-0.39	-47.29
2025-01-09T05:11:14	-2080.29	27.84	4232.80	45.92	-0.40	-47.01
2025-01-09T05:11:16	-2087.09	28.31	4234.84	45.83	-0.41	-46.74
2025-01-09T05:11:18	-2093.89	28.78	4236.88	45.73	-0.42	-46.48
2025-01-09T05:11:20	-2100.69	29.25	4238.91	45.63	-0.42	-46.21
2025-01-09T05:11:22	-2107.49	29.72	4240.94	45.54	-0.43	-45.95
2025-01-09T05:11:24	-2114.28	30.19	4242.97	45.44	-0.44	-45.68
2025-01-09T05:11:26	-2121.08	30.66	4244.99	45.35	-0.45	-45.42
2025-01-09T05:11:28	-2127.87	31.13	4247.01	45.25	-0.45	-45.16
2025-01-09T05:11:30	-2134.66	31.60	4249.03	45.15	-0.46	-44.90
2025-01-09T05:11:32	-2141.45	32.07	4251.04	45.06	-0.47	-44.64
2025-01-09T05:11:34	-2148.23	32.53	4253.05	44.96	-0.47	-44.39
2025-01-09T05:11:36	-2155.02	33.01	4255.06	44.86	-0.48	-44.13
2025-01-09T05:11:38	-2161.80	33.47	4257.06	44.76	-0.49	-43.88
2025-01-09T05:11:40	-2168.58	33.95	4259.06	44.67	-0.49	-43.63
2025-01-09T05:11:42	-2175.36	34.41	4261.05	44.57	-0.50	-43.38
2025-01-09T05:11:44	-2182.14	34.88	4263.05	44.47	-0.51	-43.13
2025-01-09T05:11:46	-2188.92	35.35	4265.03	44.38	-0.51	-42.88
2025-01-09T05:11:48	-2195.69	35.82	4267.02	44.28	-0.52	-42.64
2025-01-09T05:11:50	-2202.47	36.29	4269.00	44.18	-0.53	-42.39
2025-01-09T05:11:52	-2209.24	36.76	4270.98	44.08	-0.53	-42.15
2025-01-09T05:11:54	-2216.01	37.23	4272.96	43.99	-0.54	-41.91
2025-01-09T05:11:56	-2222.77	37.70	4274.93	43.89	-0.54	-41.67
2025-01-09T05:11:58	-2229.54	38.17	4276.90	43.79	-0.55	-41.43
2025-01-09T05:12:00	-2236.30	38.64	4278.86	43.69	-0.56	-41.19
2025-01-09T05:12:02	-2243.07	39.11	4280.82	43.59	-0.56	-40.96
2025-01-09T05:12:04	-2249.82	39.58	4282.78	43.50	-0.57	-40.72
2025-01-09T05:12:06	-2256.58	40.05	4284.74	43.40	-0.57	-40.49
2025-01-09T05:12:08	-2263.34	40.52	4286.69	43.30	-0.58	-40.26
2025-01-09T05:12:10	-2270.10	40.99	4288.64	43.20	-0.58	-40.03
2025-01-09T05:12:12	-2276.85	41.46	4290.58	43.11	-0.59	-39.80
2025-01-09T05:12:14	-2283.60	41.93	4292.52	43.01	-0.59	-39.57
2025-01-09T05:12:16	-2290.35	42.40	4294.46	42.91	-0.60	-39.34
2025-01-09T05:12:18	-2297.10	42.87	4296.40	42.81	-0.60	-39.12
2025-01-09T05:12:20	-2303.85	43.34	4298.33	42.71	-0.61	-38.89
2025-01-09T05:12:22	-2310.59	43.81	4300.26	42.62	-0.61	-38.67
2025-01-09T05:12:24	-2317.33	44.27	4302.18	42.52	-0.62	-38.45
2025-01-09T05:12:26	-2324.07	44.74	4304.10	42.42	-0.62	-38.23
2025-01-09T05:12:28	-2330.81	45.21	4306.02	42.32	-0.63	-38.01
2025-01-09T05:12:30	-2337.55	45.68	4307.94	42.22	-0.63	-37.79
2025-01-09T05:12:32	-2344.29	46.15	4309.85	42.13	-0.64	-37.58
2025-01-09T05:12:34	-2351.02	46.62	4311.76	42.03	-0.64	-37.36
2025-01-09T05:12:36	-2357.75	47.09	4313.67	41.93	-0.65	-37.15
2025-01-09T05:12:38	-2364.48	47.56	4315.57	41.83	-0.65	-36.93
2025-01-09T05:12:40	-2371.21	48.03	4317.47	41.73	-0.66	-36.72
2025-01-09T05:12:42	-2377.94	48.50	4319.37	41.64	-0.66	-36.51
2025-01-09T05:12:44	-2384.67	48.97	4321.26	41.54	-0.66	-36.30
2025-01-09T05:12:46	-2391.39	49.44	4323.15	41.44	-0.67	-36.10
2025-01-09T05:12:48	-2398.11	49.91	4325.03	41.34	-0.67	-35.89
2025-01-09T05:12:50	-2404.83	50.38	4326.92	41.24	-0.68	-35.68
2025-01-09T05:12:52	-2411.55	50.84	4328.80	41.15	-0.68	-35.48
2025-01-09T05:12:54	-2418.27	51.31	4330.68	41.05	-0.69	-35.28
2025-01-09T05:12:56	-2424.98	51.78	4332.55	40.95	-0.69	-35.07
2025-01-09T05:12:58	-2431.69	52.25	4334.42	40.85	-0.69	-34.87
2025-01-09T05:13:00	-2438.41	52.72	4336.29	40.76	-0.70	-34.67
2025-01-09T05:13:02	-2445.12	53.19	4338.15	40.66	-0.70	-34.48
2025-01-09T05:13:04	-2451.82	53.66	4340.02	40.56	-0.70	-34.28
2025-01-09T05:13:06	-2458.53	54.13	4341.88	40.47	-0.71	-34.08
2025-01-09T05:13:08	-2465.23	54.60	4343.73	40.37	-0.71	-33.89
2025-01-09T05:13:10	-2471.94	55.07	4345.58	40.27	-0.72	-33.69
2025-01-09T05:13:12	-2478.64	55.53	4347.43	40.17	-0.72	-33.50
2025-01-09T05:13:14	-2485.34	56.00	4349.28	40.08	-0.72	-33.31
2025-01-09T05:13:16	-2492.03	56.47	4351.13	39.98	-0.73	-33.12
2025-01-09T05:13:18	-2498.73	56.94	4352.96	39.88	-0.73	-32.93
2025-01-09T05:13:20	-2505.42	57.41	4354.80	39.79	-0.73	-32.74
2025-01-09T05:13:22	-2512.12	57.88	4356.64	39.69	-0.74	-32.56
2025-01-09T05:13:24	-2518.81	58.35	4358.47	39.59	-0.74	-32.37
2025-01-09T05:13:26	-2525.50	58.82	4360.29	39.50	-0.74	-32.18
2025-01-09T05:13:28	-2532.18	59.28	4362.12	39.40	-0.75	-32.00
2025-01-09T05:13:30	-2538.87	59.75	4363.94	39.30	-0.75	-31.82
2025-01-09T05:13:32	-2545.55	60.22	4365.76	39.21	-0.75	-31.64
2025-01-09T05:13:34	-2552.23	60.69	4367.58	39.11	-0.75	-31.46
2025-01-09T05:13:36	-2558.91	61.16	4369.39	39.02	-0.76	-31.28
2025-01-09T05:13:38	-2565.59	61.63	4371.20	38.92	-0.76	-31.10
2025-01-09T05:13:40	-2572.27	62.10	4373.01	38.83	-0.76	-30.92
2025-01-09T05:13:42	-2578.94	62.57	4374.82	38.73	-0.77	-30.74
2025-01-09T05:13:44	-2585.62	63.03	4376.62	38.63	-0.77	-30.57
2025-01-09T05:13:46	-2592.29	63.50	4378.42	38.54	-0.77	-30.39
2025-01-09T05:13:48	-2598.96	63.97	4380.21	38.44	-0.77	-30.22
2025-01-09T05:13:50	-2605.62	64.44	4382.01	38.35	-0.78	-30.05
2025-01-09T05:13:52	-2612.29	64.91	4383.79	38.25	-0.78	-29.88
2025-01-09T05:13:54	-2618.96	65.38	4385.58	38.16	-0.78	-29.70
2025-01-09T05:13:56	-2625.62	65.85	4387.37	38.06	-0.78	-29.54
2025-01-09T05:13:58	-2632.28	66.31	4389.15	37.97	-0.79	-29.37
2025-01-09T05:14:00	-2638.94	66.78	4390.92	37.87	-0.79	-29.20
2025-01-09T05:14:02	-2645.60	67.25	4392.70	37.78	-0.79	-29.03
2025-01-09T05:14:04	-2652.25	67.72	4394.47	37.69	-0.79	-28.87
2025-01-09T05:14:06	-2658.91	68.19	4396.24	37.59	-0.80	-28.70
2025-01-09T05:14:08	-2665.56	68.65	4398.01	37.50	-0.80	-28.54
2025-01-09T05:14:10	-2672.21	69.12	4399.77	37.40	-0.80	-28.38
2025-01-09T05:14:12	-2678.86	69.59	4401.54	37.31	-0.80	-28.21
2025-01-09T05:14:14	-2685.51	70.06	4403.29	37.22	-0.80	-28.05
2025-01-09T05:14:16	-2692.15	70.53	4405.05	37.12	-0.81	-27.89
2025-01-09T05:14:18	-2698.79	70.99	4406.80	37.03	-0.81	-27.73
2025-01-09T05:14:20	-2705.44	71.46	4408.55	36.94	-0.81	-27.58
2025-01-09T05:14:22	-2712.08	71.93	4410.30	36.84	-0.81	-27.42
2025-01-09T05:14:24	-2718.72	72.40	4412.04	36.75	-0.81	-27.26
2025-01-09T05:14:26	-2725.35	72.87	4413.78	36.66	-0.82	-27.11
2025-01-09T05:14:28	-2731.99	73.33	4415.52	36.57	-0.82	-26.95
2025-01-09T05:14:30	-2738.62	73.80	4417.26	36.47	-0.82	-26.80
2025-01-09T05:14:32	-2745.25	74.27	4418.99	36.38	-0.82	-26.65
2025-01-09T05:14:34	-2751.88	74.74	4420.72	36.29	-0.82	-26.49
2025-01-09T05:14:36	-2758.51	75.21	4422.45	36.20	-0.83	-26.34
2025-01-09T05:14:38	-2765.14	75.67	4424.17	36.10	-0.83	-26.19
2025-01-09T05:14:40	-2771.76	76.14	4425.90	36.01	-0.83	-26.04
2025-01-09T05:14:42	-2778.38	76.61	4427.62	35.92	-0.83	-25.90
2025-01-09T05:14:44	-2785.00	77.08	4429.33	35.83	-0.83	-25.75
2025-01-09T05:14:46	-2791.63	77.54	4431.05	35.74	-0.83	-25.60
2025-01-09T05:14:48	-2798.24	78.01	4432.76	35.65	-0.83	-25.45
2025-01-09T05:14:50	-2804.86	78.48	4434.47	35.56	-0.84	-25.31
2025-01-09T05:14:52	-2811.47	78.95	4436.17	35.47	-0.84	-25.17
2025-01-09T05:14:54	-2818.09	79.41	4437.88	35.38	-0.84	-25.02
2025-01-09T05:14:56	-2824.70	79.88	4439.58	35.28	-0.84	-24.88
2025-01-09T05:14:58	-2831.31	80.35	4441.27	35.19	-0.84	-24.74
2025-01-09T05:15:00	-2837.92	80.82	4442.97	35.10	-0.84	-24.60
2025-01-09T05:15:02	-2844.52	81.28	4444.66	35.01	-0.84	-24.46
2025-01-09T05:15:04	-2851.13	81.75	4446.35	34.92	-0.85	-24.32
2025-01-09T05:15:06	-2857.73	82.22	4448.04	34.84	-0.85	-24.18
2025-01-09T05:15:08	-2864.33	82.69	4449.72	34.75	-0.85	-24.04
2025-01-09T05:15:10	-2870.93	83.15	4451.40	34.66	-0.85	-23.91
2025-01-09T05:15:12	-2877.52	83.62	4453.08	34.57	-0.85	-23.77
2025-01-09T05:15:14	-2884.12	84.09	4454.76	34.48	-0.85	-23.63
2025-01-09T05:15:16	-2890.71	84.56	4456.43	34.39	-0.85	-23.50
2025-01-09T05:15:18	-2897.30	85.02	4458.10	34.30	-0.85	-23.37
2025-01-09T05:15:20	-2903.90	85.49	4459.77	34.21	-0.85	-23.23
2025-01-09T05:15:22	-2910.49	85.96	4461.44	34.12	-0.86	-23.10
2025-01-09T05:15:24	-2917.07	86.42	4463.10	34.04	-0.86	-22.97
2025-01-09T05:15:26	-2923.66	86.89	4464.76	33.95	-0.86	-22.84
2025-01-09T05:15:28	-2930.24	87.36	4466.42	33.86	-0.86	-22.71
2025-01-09T05:15:30	-2936.83	87.82	4468.08	33.77	-0.86	-22.58
2025-01-09T05:15:32	-2943.40	88.29	4469.73	33.69	-0.86	-22.45
2025-01-09T05:15:34	-2949.98	88.76	4471.38	33.60	-0.86	-22.32
2025-01-09T05:15:36	-2956.56	89.22	4473.03	33.51	-0.86	-22.20
2025-01-09T05:15:38	-2963.14	89.69	4474.67	33.43	-0.86	-22.07
2025-01-09T05:15:40	-2969.71	90.16	4476.32	33.34	-0.86	-21.94
2025-01-09T05:15:42	-2976.28	90.62	4477.96	33.25	-0.86	-21.82
2025-01-09T05:15:44	-2982.85	91.09	4479.60	33.17	-0.87	-21.70
2025-01-09T05:15:46	-2989.42	91.56	4481.23	33.08	-0.87	-21.57
2025-01-09T05:15:48	-2995.99	92.02	4482.86	32.99	-0.87	-21.45
2025-01-09T05:15:50	-3002.55	92.49	4484.49	32.91	-0.87	-21.33
2025-01-09T05:15:52	-3009.12	92.96	4486.12	32.82	-0.87	-21.21
2025-01-09T05:15:54	-3015.68	93.42	4487.75	32.74	-0.87	-21.09
2025-01-09T05:15:56	-3022.24	93.89	4489.37	32.65	-0.87	-20.97
2025-01-09T05:15:58	-3028.80	94.35	4490.99	32.57	-0.87	-20.85
2025-01-09T05:16:00	-3035.36	94.82	4492.61	32.48	-0.87	-20.73
2025-01-09T05:16:02	-3041.91	95.29	4494.22	32.40	-0.87	-20.61
2025-01-09T05:16:04	-3048.46	95.76	4495.84	32.31	-0.87	-20.49
2025-01-09T05:16:06	-3055.01	96.22	4497.44	32.23	-0.87	-20.38
