Time	POS_X	POS_Y	POS_Z	B_X	B_Y	B_Z
2025-01-09T04:27:12	4483.66	-246.20	-3062.75	80.57	-4.22	-3.38
2025-01-09T04:27:14	4482.06	-246.29	-3056.18	80.62	-4.23	-3.37
2025-01-09T04:27:16	4480.45	-246.38	-3049.61	80.67	-4.24	-3.36
2025-01-09T04:27:18	4478.85	-246.48	-3043.03	80.72	-4.25	-3.35
2025-01-09T04:27:20	4477.24	-246.57	-3036.46	80.78	-4.26	-3.34
2025-01-09T04:27:22	4475.62	-246.66	-3029.88	80.83	-4.27	-3.32
2025-01-09T04:27:24	4474.01	-246.75	-3023.30	80.87	-4.29	-3.30
2025-01-09T04:27:26	4472.39	-246.84	-3016.72	80.92	-4.30	-3.28
2025-01-09T04:27:28	4470.77	-246.93	-3010.14	80.97	-4.32	-3.26
2025-01-09T04:27:30	4469.15	-247.02	-3003.55	81.01	-4.33	-3.24
2025-01-09T04:27:32	4467.52	-247.11	-2996.97	81.06	-4.35	-3.23
2025-01-09T04:27:34	4465.89	-247.20	-2990.38	81.11	-4.36	-3.21
2025-01-09T04:27:36	4464.26	-247.29	-2983.79	81.16	-4.38	-3.19
2025-01-09T04:27:38	4462.63	-247.38	-2977.20	81.21	-4.39	-3.17
2025-01-09T04:27:40	4460.99	-247.47	-2970.61	81.25	-4.40	-3.16
2025-01-09T04:27:42	4459.35	-247.56	-2964.01	81.30	-4.42	-3.14
2025-01-09T04:27:44	4457.71	-247.66	-2957.42	81.34	-4.43	-3.12
2025-01-09T04:27:46	4456.07	-247.74	-2950.82	81.39	-4.45	-3.10
2025-01-09T04:27:48	4454.42	-247.83	-2944.22	81.43	-4.46	-3.08
2025-01-09T04:27:50	4452.78	-247.92	-2937.62	81.48	-4.48	-3.06
2025-01-09T04:27:52	4451.12	-248.01	-2931.02	81.53	-4.49	-3.04
2025-01-09T04:27:54	4449.47	-248.10	-2924.41	81.57	-4.51	-3.02
2025-01-09T04:27:56	4447.82	-248.19	-2917.81	81.62	-4.52	-3.01
2025-01-09T04:27:58	4446.16	-248.28	-2911.20	81.67	-4.53	-2.99
2025-01-09T04:28:00	4444.49	-248.37	-2904.59	81.72	-4.55	-2.97
2025-01-09T04:28:02	4442.83	-248.46	-2897.98	81.77	-4.56	-2.96
2025-01-09T04:28:04	4441.16	-248.54	-2891.37	81.82	-4.57	-2.94
2025-01-09T04:28:06	4439.49	-248.63	-2884.75	81.88	-4.58	-2.93
2025-01-09T04:28:08	4437.82	-248.72	-2878.14	81.93	-4.59	-2.91
2025-01-09T04:28:10	4436.15	-248.81	-2871.52	81.99	-4.60	-2.90
2025-01-09T04:28:12	4434.47	-248.89	-2864.90	82.04	-4.61	-2.88
2025-01-09T04:28:14	4432.79	-248.98	-2858.28	82.09	-4.62	-2.86
2025-01-09T04:28:16	4431.11	-249.07	-2851.65	82.13	-4.63	-2.84
2025-01-09T04:28:18	4429.42	-249.16	-2845.03	82.16	-4.64	-2.81
2025-01-09T04:28:20	4427.73	-249.25	-2838.40	82.20	-4.65	-2.78
2025-01-09T04:28:22	4426.05	-249.33	-2831.77	82.23	-4.66	-2.75
2025-01-09T04:28:24	4424.35	-249.42	-2825.14	82.27	-4.66	-2.72
2025-01-09T04:28:26	4422.66	-249.50	-2818.51	82.30	-4.67	-2.69
2025-01-09T04:28:28	4420.96	-249.59	-2811.88	82.33	-4.68	-2.66
2025-01-09T04:28:30	4419.25	-249.68	-2805.24	82.37	-4.69	-2.63
2025-01-09T04:28:32	4417.55	-249.76	-2798.61	82.42	-4.70	-2.62
2025-01-09T04:28:34	4415.85	-249.85	-2791.97	82.47	-4.71	-2.60
2025-01-09T04:28:36	4414.14	-249.94	-2785.33	82.53	-4.72	-2.59
2025-01-09T04:28:38	4412.42	-250.02	-2778.69	82.58	-4.73	-2.57
2025-01-09T04:28:40	4410.71	-250.11	-2772.04	82.63	-4.75	-2.56
2025-01-09T04:28:42	4408.99	-250.19	-2765.40	82.68	-4.76	-2.54
2025-01-09T04:28:44	4407.27	-250.28	-2758.75	82.73	-4.77	-2.52
2025-01-09T04:28:46	4405.55	-250.36	-2752.10	82.78	-4.78	-2.51
2025-01-09T04:28:48	4403.82	-250.45	-2745.45	82.83	-4.80	-2.49
2025-01-09T04:28:50	4402.09	-250.53	-2738.80	82.88	-4.81	-2.46
2025-01-09T04:28:52	4400.36	-250.61	-2732.14	82.93	-4.82	-2.44
2025-01-09T04:28:54	4398.63	-250.70	-2725.49	82.98	-4.84	-2.41
2025-01-09T04:28:56	4396.89	-250.79	-2718.83	83.03	-4.85	-2.38
2025-01-09T04:28:58	4395.15	-250.87	-2712.17	83.08	-4.86	-2.36
2025-01-09T04:29:00	4393.41	-250.95	-2705.51	83.13	-4.87	-2.33
2025-01-09T04:29:02	4391.66	-251.04	-2698.85	83.18	-4.88	-2.30
2025-01-09T04:29:04	4389.91	-251.12	-2692.18	83.24	-4.90	-2.27
2025-01-09T04:29:06	4388.16	-251.20	-2685.52	83.29	-4.91	-2.24
2025-01-09T04:29:08	4386.41	-251.29	-2678.85	83.33	-4.92	-2.22
2025-01-09T04:29:10	4384.65	-251.37	-2672.18	83.38	-4.94	-2.19
2025-01-09T04:29:12	4382.89	-251.45	-2665.51	83.43	-4.95	-2.16
2025-01-09T04:29:14	4381.13	-251.54	-2658.84	83.48	-4.96	-2.13
2025-01-09T04:29:16	4379.37	-251.62	-2652.16	83.53	-4.97	-2.10
2025-01-09T04:29:18	4377.60	-251.70	-2645.48	83.58	-4.99	-2.07
2025-01-09T04:29:20	4375.83	-251.78	-2638.81	83.62	-5.00	-2.05
2025-01-09T04:29:22	4374.05	-251.86	-2632.13	83.67	-5.01	-2.02
2025-01-09T04:29:24	4372.28	-251.95	-2625.44	83.72	-5.02	-1.98
2025-01-09T04:29:26	4370.50	-252.03	-2618.76	83.76	-5.03	-1.95
2025-01-09T04:29:28	4368.72	-252.11	-2612.08	83.81	-5.04	-1.91
2025-01-09T04:29:30	4366.93	-252.19	-2605.39	83.85	-5.05	-1.88
2025-01-09T04:29:32	4365.14	-252.27	-2598.70	83.90	-5.06	-1.84
2025-01-09T04:29:34	4363.35	-252.35	-2592.01	83.94	-5.07	-1.81
2025-01-09T04:29:36	4361.56	-252.44	-2585.32	83.98	-5.08	-1.77
2025-01-09T04:29:38	4359.76	-252.52	-2578.62	84.03	-5.08	-1.74
2025-01-09T04:29:40	4357.96	-252.60	-2571.93	84.07	-5.08	-1.71
2025-01-09T04:29:42	4356.15	-252.68	-2565.23	84.11	-5.08	-1.69
2025-01-09T04:29:44	4354.35	-252.76	-2558.53	84.16	-5.08	-1.67
2025-01-09T04:29:46	4352.54	-252.84	-2551.83	84.20	-5.08	-1.64
2025-01-09T04:29:48	4350.73	-252.92	-2545.13	84.25	-5.08	-1.62
2025-01-09T04:29:50	4348.91	-252.99	-2538.42	84.29	-5.08	-1.59
2025-01-09T04:29:52	4347.10	-253.07	-2531.72	84.34	-5.08	-1.57
2025-01-09T04:29:54	4345.27	-253.15	-2525.01	84.39	-5.09	-1.54
2025-01-09T04:29:56	4343.45	-253.23	-2518.30	84.44	-5.09	-1.52
2025-01-09T04:29:58	4341.62	-253.31	-2511.59	84.48	-5.09	-1.48
2025-01-09T04:30:00	4339.79	-253.39	-2504.87	84.52	-5.09	-1.45
2025-01-09T04:30:02	4337.96	-253.47	-2498.16	84.57	-5.09	-1.41
2025-01-09T04:30:04	4336.12	-253.55	-2491.44	84.61	-5.09	-1.38
2025-01-09T04:30:06	4334.29	-253.63	-2484.73	84.65	-5.09	-1.34
2025-01-09T04:30:08	4332.44	-253.70	-2478.00	84.69	-5.09	-1.31
2025-01-09T04:30:10	4330.60	-253.78	-2471.28	84.74	-5.09	-1.28
2025-01-09T04:30:12	4328.75	-253.86	-2464.56	84.78	-5.09	-1.25
2025-01-09T04:30:14	4326.90	-253.94	-2457.83	84.82	-5.09	-1.21
2025-01-09T04:30:16	4325.04	-254.01	-2451.11	84.85	-5.09	-1.18
2025-01-09T04:30:18	4323.19	-254.09	-2444.38	84.89	-5.09	-1.15
2025-01-09T04:30:20	4321.33	-254.17	-2437.65	84.93	-5.08	-1.12
2025-01-09T04:30:22	4319.46	-254.25	-2430.91	84.97	-5.08	-1.09
2025-01-09T04:30:24	4317.60	-254.32	-2424.18	85.01	-5.08	-1.06
2025-01-09T04:30:26	4315.73	-254.40	-2417.44	85.05	-5.08	-1.02
2025-01-09T04:30:28	4313.85	-254.47	-2410.71	85.09	-5.07	-0.99
2025-01-09T04:30:30	4311.98	-254.55	-2403.97	85.14	-5.07	-0.96
2025-01-09T04:30:32	4310.10	-254.63	-2397.23	85.19	-5.08	-0.92
2025-01-09T04:30:34	4308.22	-254.70	-2390.48	85.24	-5.08	-0.88
2025-01-09T04:30:36	4306.33	-254.78	-2383.74	85.29	-5.09	-0.84
2025-01-09T04:30:38	4304.44	-254.85	-2376.99	85.34	-5.09	-0.80
2025-01-09T04:30:40	4302.55	-254.93	-2370.24	85.39	-5.10	-0.77
2025-01-09T04:30:42	4300.65	-255.00	-2363.49	85.45	-5.10	-0.73
2025-01-09T04:30:44	4298.76	-255.08	-2356.74	85.50	-5.11	-0.69
2025-01-09T04:30:46	4296.85	-255.15	-2349.99	85.55	-5.11	-0.65
2025-01-09T04:30:48	4294.95	-255.22	-2343.23	85.59	-5.12	-0.62
2025-01-09T04:30:50	4293.04	-255.30	-2336.48	85.63	-5.13	-0.58
2025-01-09T04:30:52	4291.13	-255.37	-2329.72	85.67	-5.14	-0.55
2025-01-09T04:30:54	4289.22	-255.45	-2322.96	85.71	-5.15	-0.51
2025-01-09T04:30:56	4287.30	-255.52	-2316.19	85.76	-5.16	-0.48
2025-01-09T04:30:58	4285.38	-255.59	-2309.43	85.80	-5.17	-0.44
2025-01-09T04:31:00	4283.45	-255.67	-2302.67	85.85	-5.18	-0.41
2025-01-09T04:31:02	4281.52	-255.74	-2295.90	85.89	-5.19	-0.37
2025-01-09T04:31:04	4279.59	-255.81	-2289.13	85.94	-5.20	-0.33
2025-01-09T04:31:06	4277.66	-255.88	-2282.36	85.98	-5.21	-0.28
2025-01-09T04:31:08	4275.72	-255.96	-2275.59	86.03	-5.23	-0.24
2025-01-09T04:31:10	4273.78	-256.03	-2268.81	86.07	-5.24	-0.19
2025-01-09T04:31:12	4271.84	-256.10	-2262.03	86.11	-5.26	-0.14
2025-01-09T04:31:14	4269.89	-256.17	-2255.26	86.15	-5.27	-0.09
2025-01-09T04:31:16	4267.94	-256.24	-2248.48	86.19	-5.29	-0.04
2025-01-09T04:31:18	4265.99	-256.31	-2241.69	86.23	-5.30	0.02
2025-01-09T04:31:20	4264.03	-256.39	-2234.91	86.27	-5.32	0.07
2025-01-09T04:31:22	4262.07	-256.46	-2228.13	86.31	-5.34	0.13
2025-01-09T04:31:24	4260.10	-256.53	-2221.34	86.35	-5.37	0.18
2025-01-09T04:31:26	4258.14	-256.60	-2214.55	86.39	-5.39	0.24
2025-01-09T04:31:28	4256.17	-256.67	-2207.76	86.43	-5.42	0.29
2025-01-09T04:31:30	4254.19	-256.74	-2200.97	86.48	-5.44	0.35
2025-01-09T04:31:32	4252.21	-256.81	-2194.17	86.52	-5.47	0.40
2025-01-09T04:31:34	4250.23	-256.88	-2187.38	86.56	-5.49	0.46
2025-01-09T04:31:36	4248.25	-256.94	-2180.58	86.61	-5.52	0.51
2025-01-09T04:31:38	4246.26	-257.01	-2173.78	86.65	-5.54	0.57
2025-01-09T04:31:40	4244.27	-257.08	-2166.98	86.70	-5.56	0.64
2025-01-09T04:31:42	4242.27	-257.15	-2160.18	86.74	-5.57	0.71
2025-01-09T04:31:44	4240.28	-257.22	-2153.38	86.79	-5.59	0.78
2025-01-09T04:31:46	4238.28	-257.29	-2146.57	86.83	-5.60	0.85
2025-01-09T04:31:48	4236.27	-257.36	-2139.76	86.88	-5.62	0.92
2025-01-09T04:31:50	4234.26	-257.42	-2132.95	86.92	-5.63	0.99
2025-01-09T04:31:52	4232.25	-257.49	-2126.14	86.96	-5.65	1.07
2025-01-09T04:31:54	4230.23	-257.56	-2119.33	87.01	-5.66	1.14
2025-01-09T04:31:56	4228.22	-257.63	-2112.51	87.05	-5.69	1.20
2025-01-09T04:31:58	4226.19	-257.69	-2105.70	87.09	-5.71	1.26
2025-01-09T04:32:00	4224.17	-257.76	-2098.88	87.13	-5.74	1.32
2025-01-09T04:32:02	4222.14	-257.83	-2092.06	87.17	-5.76	1.38
2025-01-09T04:32:04	4220.10	-257.89	-2085.23	87.21	-5.79	1.44
2025-01-09T04:32:06	4218.07	-257.96	-2078.41	87.25	-5.81	1.50
2025-01-09T04:32:08	4216.03	-258.03	-2071.58	87.29	-5.83	1.56
2025-01-09T04:32:10	4213.98	-258.09	-2064.76	87.33	-5.86	1.62
2025-01-09T04:32:12	4211.94	-258.16	-2057.93	87.37	-5.88	1.69
2025-01-09T04:32:14	4209.89	-258.22	-2051.10	87.41	-5.89	1.77
2025-01-09T04:32:16	4207.83	-258.29	-2044.27	87.45	-5.90	1.84
2025-01-09T04:32:18	4205.77	-258.35	-2037.43	87.49	-5.92	1.91
2025-01-09T04:32:20	4203.71	-258.42	-2030.59	87.53	-5.93	1.99
2025-01-09T04:32:22	4201.65	-258.48	-2023.76	87.57	-5.95	2.06
2025-01-09T04:32:24	4199.58	-258.54	-2016.92	87.61	-5.96	2.14
2025-01-09T04:32:26	4197.50	-258.61	-2010.08	87.65	-5.98	2.21
2025-01-09T04:32:28	4195.43	-258.67	-2003.24	87.70	-6.00	2.29
2025-01-09T04:32:30	4193.35	-258.74	-1996.39	87.74	-6.02	2.36
2025-01-09T04:32:32	4191.26	-258.80	-1989.54	87.79	-6.04	2.43
2025-01-09T04:32:34	4189.18	-258.86	-1982.70	87.84	-6.06	2.50
2025-01-09T04:32:36	4187.08	-258.92	-1975.84	87.89	-6.08	2.57
2025-01-09T04:32:38	4184.99	-258.99	-1968.99	87.94	-6.10	2.64
2025-01-09T04:32:40	4182.89	-259.05	-1962.14	88.00	-6.12	2.72
2025-01-09T04:32:42	4180.79	-259.11	-1955.28	88.05	-6.14	2.79
2025-01-09T04:32:44	4178.68	-259.17	-1948.43	88.10	-6.17	2.87
2025-01-09T04:32:46	4176.57	-259.23	-1941.57	88.14	-6.19	2.95
2025-01-09T04:32:48	4174.46	-259.29	-1934.71	88.17	-6.22	3.04
2025-01-09T04:32:50	4172.34	-259.35	-1927.85	88.20	-6.24	3.13
2025-01-09T04:32:52	4170.22	-259.42	-1920.98	88.24	-6.27	3.21
2025-01-09T04:32:54	4168.10	-259.48	-1914.12	88.28	-6.30	3.30
2025-01-09T04:32:56	4165.97	-259.54	-1907.25	88.31	-6.32	3.39
2025-01-09T04:32:58	4163.84	-259.60	-1900.38	88.35	-6.35	3.48
2025-01-09T04:33:00	4161.70	-259.66	-1893.51	88.39	-6.38	3.57
2025-01-09T04:33:02	4159.56	-259.72	-1886.63	88.43	-6.42	3.66
2025-01-09T04:33:04	4157.42	-259.77	-1879.76	88.46	-6.46	3.74
2025-01-09T04:33:06	4155.27	-259.84	-1872.89	88.49	-6.51	3.82
2025-01-09T04:33:08	4153.12	-259.89	-1866.01	88.52	-6.56	3.90
2025-01-09T04:33:10	4150.96	-259.95	-1859.13	88.56	-6.60	3.98
2025-01-09T04:33:12	4148.81	-260.01	-1852.25	88.59	-6.65	4.06
2025-01-09T04:33:14	4146.64	-260.07	-1845.36	88.63	-6.70	4.14
2025-01-09T04:33:16	4144.47	-260.13	-1838.48	88.67	-6.74	4.22
2025-01-09T04:33:18	4142.30	-260.18	-1831.59	88.70	-6.79	4.30
2025-01-09T04:33:20	4140.13	-260.24	-1824.71	88.74	-6.84	4.40
2025-01-09T04:33:22	4137.95	-260.30	-1817.81	88.77	-6.88	4.50
2025-01-09T04:33:24	4135.77	-260.36	-1810.92	88.80	-6.92	4.60
2025-01-09T04:33:26	4133.58	-260.41	-1804.03	88.84	-6.96	4.70
2025-01-09T04:33:28	4131.39	-260.47	-1797.13	88.87	-7.00	4.80
2025-01-09T04:33:30	4129.19	-260.52	-1790.24	88.91	-7.04	4.91
2025-01-09T04:33:32	4127.00	-260.58	-1783.34	88.94	-7.08	5.01
2025-01-09T04:33:34	4124.80	-260.64	-1776.44	88.98	-7.12	5.11
2025-01-09T04:33:36	4122.59	-260.69	-1769.54	89.01	-7.16	5.21
2025-01-09T04:33:38	4120.38	-260.75	-1762.63	89.05	-7.20	5.30
2025-01-09T04:33:40	4118.16	-260.80	-1755.73	89.08	-7.24	5.40
2025-01-09T04:33:42	4115.95	-260.86	-1748.82	89.12	-7.29	5.49
2025-01-09T04:33:44	4113.72	-260.91	-1741.91	89.15	-7.33	5.58
2025-01-09T04:33:46	4111.50	-260.96	-1735.00	89.19	-7.37	5.68
2025-01-09T04:33:48	4109.27	-261.02	-1728.09	89.22	-7.42	5.77
2025-01-09T04:33:50	4107.03	-261.07	-1721.18	89.26	-7.46	5.87
2025-01-09T04:33:52	4104.79	-261.12	-1714.26	89.29	-7.52	5.98
2025-01-09T04:33:54	4102.55	-261.18	-1707.34	89.32	-7.58	6.10
2025-01-09T04:33:56	4100.30	-261.23	-1700.42	89.36	-7.64	6.21
2025-01-09T04:33:58	4098.05	-261.28	-1693.50	89.39	-7.70	6.33
2025-01-09T04:34:00	4095.80	-261.33	-1686.58	89.43	-7.76	6.46
2025-01-09T04:34:02	4093.54	-261.38	-1679.65	89.46	-7.82	6.58
2025-01-09T04:34:04	4091.27	-261.44	-1672.73	89.50	-7.88	6.70
2025-01-09T04:34:06	4089.01	-261.49	-1665.80	89.53	-7.95	6.82
2025-01-09T04:34:08	4086.73	-261.54	-1658.87	89.56	-8.00	6.95
2025-01-09T04:34:10	4084.46	-261.59	-1651.94	89.59	-8.06	7.07
2025-01-09T04:34:12	4082.18	-261.64	-1645.01	89.61	-8.11	7.20
2025-01-09T04:34:14	4079.89	-261.69	-1638.07	89.64	-8.16	7.33
2025-01-09T04:34:16	4077.61	-261.74	-1631.14	89.66	-8.20	7.45
2025-01-09T04:34:18	4075.31	-261.79	-1624.20	89.69	-8.26	7.58
2025-01-09T04:34:20	4073.02	-261.84	-1617.26	89.73	-8.31	7.70
2025-01-09T04:34:22	4070.72	-261.89	-1610.32	89.76	-8.36	7.82
2025-01-09T04:34:24	4068.41	-261.94	-1603.38	89.80	-8.42	7.94
2025-01-09T04:34:26	4066.10	-261.99	-1596.43	89.82	-8.50	8.07
2025-01-09T04:34:28	4063.79	-262.03	-1589.49	89.85	-8.57	8.20
2025-01-09T04:34:30	4061.47	-262.08	-1582.54	89.87	-8.65	8.33
2025-01-09T04:34:32	4059.14	-262.13	-1575.59	89.90	-8.73	8.46
2025-01-09T04:34:34	4056.82	-262.18	-1568.64	89.92	-8.81	8.59
2025-01-09T04:34:36	4054.49	-262.22	-1561.68	89.95	-8.88	8.72
2025-01-09T04:34:38	4052.15	-262.27	-1554.73	89.98	-8.96	8.85
2025-01-09T04:34:40	4049.81	-262.32	-1547.77	90.00	-9.03	8.99
2025-01-09T04:34:42	4047.47	-262.37	-1540.82	90.01	-9.11	9.14
2025-01-09T04:34:44	4045.12	-262.41	-1533.86	90.02	-9.20	9.29
2025-01-09T04:34:46	4042.77	-262.46	-1526.90	90.02	-9.28	9.44
2025-01-09T04:34:48	4040.41	-262.50	-1519.93	90.03	-9.37	9.59
2025-01-09T04:34:50	4038.05	-262.55	-1512.97	90.04	-9.45	9.75
2025-01-09T04:34:52	4035.68	-262.59	-1506.00	90.05	-9.53	9.90
2025-01-09T04:34:54	4033.31	-262.64	-1499.03	90.06	-9.61	10.05
2025-01-09T04:34:56	4030.93	-262.68	-1492.06	90.07	-9.69	10.21
2025-01-09T04:34:58	4028.55	-262.72	-1485.09	90.08	-9.78	10.39
2025-01-09T04:35:00	4026.17	-262.77	-1478.12	90.09	-9.88	10.59
2025-01-09T04:35:02	4023.78	-262.81	-1471.14	90.10	-9.98	10.79
2025-01-09T04:35:04	4021.39	-262.85	-1464.17	90.11	-10.08	11.00
2025-01-09T04:35:06	4018.99	-262.90	-1457.19	90.12	-10.17	11.20
2025-01-09T04:35:08	4016.59	-262.94	-1450.21	90.14	-10.28	11.41
2025-01-09T04:35:10	4014.18	-262.98	-1443.23	90.15	-10.37	11.62
2025-01-09T04:35:12	4011.77	-263.02	-1436.25	90.17	-10.47	11.82
2025-01-09T04:35:14	4009.36	-263.07	-1429.26	90.17	-10.57	12.02
2025-01-09T04:35:16	4006.94	-263.11	-1422.28	90.17	-10.66	12.21
2025-01-09T04:35:18	4004.51	-263.15	-1415.29	90.16	-10.76	12.40
2025-01-09T04:35:20	4002.08	-263.19	-1408.30	90.15	-10.85	12.59
2025-01-09T04:35:22	3999.65	-263.23	-1401.31	90.14	-10.95	12.79
2025-01-09T04:35:24	3997.21	-263.27	-1394.32	90.13	-11.04	12.98
2025-01-09T04:35:26	3994.77	-263.31	-1387.33	90.11	-11.14	13.17
2025-01-09T04:35:28	3992.32	-263.35	-1380.33	90.10	-11.24	13.36
2025-01-09T04:35:30	3989.87	-263.39	-1373.33	90.09	-11.33	13.56
2025-01-09T04:35:32	3987.41	-263.42	-1366.33	90.10	-11.43	13.78
2025-01-09T04:35:34	3984.95	-263.46	-1359.33	90.12	-11.53	14.00
2025-01-09T04:35:36	3982.49	-263.50	-1352.33	90.13	-11.63	14.22
2025-01-09T04:35:38	3980.01	-263.54	-1345.33	90.15	-11.73	14.44
2025-01-09T04:35:40	3977.54	-263.58	-1338.32	90.17	-11.82	14.66
2025-01-09T04:35:42	3975.06	-263.62	-1331.32	90.20	-11.92	14.89
2025-01-09T04:35:44	3972.57	-263.65	-1324.31	90.22	-12.03	15.11
2025-01-09T04:35:46	3970.08	-263.69	-1317.30	90.24	-12.12	15.34
2025-01-09T04:35:48	3967.59	-263.72	-1310.29	90.22	-12.21	15.58
2025-01-09T04:35:50	3965.09	-263.76	-1303.27	90.20	-12.28	15.82
2025-01-09T04:35:52	3962.58	-263.80	-1296.26	90.17	-12.36	16.06
2025-01-09T04:35:54	3960.07	-263.83	-1289.24	90.14	-12.44	16.30
2025-01-09T04:35:56	3957.56	-263.87	-1282.22	90.11	-12.52	16.54
2025-01-09T04:35:58	3955.04	-263.90	-1275.20	90.08	-12.60	16.78
2025-01-09T04:36:00	3952.52	-263.93	-1268.19	90.05	-12.67	17.02
2025-01-09T04:36:02	3949.99	-263.97	-1261.16	90.03	-12.75	17.27
2025-01-09T04:36:04	3947.46	-264.00	-1254.14	90.00	-12.86	17.53
2025-01-09T04:36:06	3944.92	-264.03	-1247.11	89.97	-12.96	17.79
2025-01-09T04:36:08	3942.38	-264.07	-1240.09	89.94	-13.06	18.05
2025-01-09T04:36:10	3939.83	-264.10	-1233.06	89.91	-13.16	18.31
2025-01-09T04:36:12	3937.28	-264.13	-1226.03	89.88	-13.26	18.57
2025-01-09T04:36:14	3934.72	-264.17	-1219.00	89.86	-13.35	18.84
2025-01-09T04:36:16	3932.16	-264.20	-1211.96	89.83	-13.44	19.10
2025-01-09T04:36:18	3929.59	-264.23	-1204.93	89.81	-13.54	19.37
2025-01-09T04:36:20	3927.02	-264.26	-1197.89	89.77	-13.59	19.66
2025-01-09T04:36:22	3924.44	-264.29	-1190.85	89.73	-13.63	19.96
2025-01-09T04:36:24	3921.86	-264.32	-1183.81	89.69	-13.67	20.25
2025-01-09T04:36:26	3919.27	-264.35	-1176.77	89.65	-13.71	20.55
2025-01-09T04:36:28	3916.68	-264.38	-1169.73	89.61	-13.74	20.85
2025-01-09T04:36:30	3914.08	-264.41	-1162.69	89.57	-13.77	21.15
2025-01-09T04:36:32	3911.48	-264.44	-1155.64	89.53	-13.80	21.45
2025-01-09T04:36:34	3908.87	-264.47	-1148.60	89.50	-13.83	21.76
2025-01-09T04:36:36	3906.26	-264.50	-1141.55	89.46	-13.85	22.05
2025-01-09T04:36:38	3903.64	-264.52	-1134.50	89.42	-13.88	22.34
2025-01-09T04:36:40	3901.02	-264.55	-1127.45	89.38	-13.92	22.64
2025-01-09T04:36:42	3898.39	-264.58	-1120.39	89.34	-13.96	22.93
2025-01-09T04:36:44	3895.76	-264.60	-1113.34	89.30	-14.00	23.22
2025-01-09T04:36:46	3893.12	-264.63	-1106.29	89.26	-14.03	23.52
2025-01-09T04:36:48	3890.48	-264.66	-1099.23	89.22	-14.07	23.82
2025-01-09T04:36:50	3887.83	-264.68	-1092.17	89.18	-14.11	24.12
2025-01-09T04:36:52	3885.17	-264.71	-1085.11	89.15	-14.12	24.41
2025-01-09T04:36:54	3882.52	-264.73	-1078.05	89.12	-14.11	24.71
2025-01-09T04:36:56	3879.85	-264.76	-1070.98	89.09	-14.09	25.01
2025-01-09T04:36:58	3877.18	-264.78	-1063.92	89.06	-14.08	25.30
2025-01-09T04:37:00	3874.51	-264.81	-1056.85	89.04	-14.06	25.60
2025-01-09T04:37:02	3871.83	-264.83	-1049.79	89.03	-14.04	25.89
2025-01-09T04:37:04	3869.14	-264.85	-1042.72	89.01	-14.02	26.19
2025-01-09T04:37:06	3866.45	-264.87	-1035.65	89.00	-14.00	26.48
2025-01-09T04:37:08	3863.76	-264.90	-1028.58	88.99	-13.99	26.78
2025-01-09T04:37:10	3861.06	-264.92	-1021.51	88.96	-13.99	27.08
2025-01-09T04:37:12	3858.35	-264.94	-1014.43	88.92	-14.00	27.37
2025-01-09T04:37:14	3855.64	-264.96	-1007.36	88.88	-14.00	27.68
2025-01-09T04:37:16	3852.92	-264.98	-1000.28	88.84	-14.01	27.98
2025-01-09T04:37:18	3850.20	-265.00	-993.20	88.80	-14.03	28.28
2025-01-09T04:37:20	3847.47	-265.02	-986.12	88.74	-14.05	28.58
2025-01-09T04:37:22	3844.74	-265.05	-979.04	88.69	-14.08	28.89
2025-01-09T04:37:24	3842.00	-265.06	-971.96	88.64	-14.09	29.21
2025-01-09T04:37:26	3839.26	-265.08	-964.87	88.59	-14.07	29.54
2025-01-09T04:37:28	3836.51	-265.10	-957.79	88.54	-14.05	29.87
2025-01-09T04:37:30	3833.76	-265.12	-950.70	88.49	-14.02	30.20
2025-01-09T04:37:32	3831.00	-265.14	-943.61	88.45	-13.99	30.53
2025-01-09T04:37:34	3828.23	-265.15	-936.52	88.42	-13.96	30.86
2025-01-09T04:37:36	3825.46	-265.17	-929.43	88.39	-13.92	31.19
2025-01-09T04:37:38	3822.68	-265.19	-922.34	88.36	-13.88	31.52
2025-01-09T04:37:40	3819.90	-265.21	-915.25	88.34	-13.84	31.86
2025-01-09T04:37:42	3817.12	-265.22	-908.15	88.31	-13.82	32.21
2025-01-09T04:37:44	3814.33	-265.24	-901.06	88.28	-13.80	32.56
2025-01-09T04:37:46	3811.52	-265.25	-893.96	88.26	-13.77	32.91
2025-01-09T04:37:48	3808.72	-265.27	-886.86	88.23	-13.74	33.27
2025-01-09T04:37:50	3805.91	-265.28	-879.76	88.21	-13.72	33.62
2025-01-09T04:37:52	3803.10	-265.30	-872.66	88.18	-13.69	33.98
2025-01-09T04:37:54	3800.28	-265.31	-865.56	88.16	-13.66	34.34
2025-01-09T04:37:56	3797.45	-265.32	-858.45	88.14	-13.63	34.71
2025-01-09T04:37:58	3794.62	-265.34	-851.35	88.14	-13.60	35.07
2025-01-09T04:38:00	3791.78	-265.35	-844.24	88.13	-13.56	35.43
2025-01-09T04:38:02	3788.94	-265.36	-837.14	88.10	-13.53	35.79
2025-01-09T04:38:04	3786.09	-265.37	-830.03	88.08	-13.49	36.15
2025-01-09T04:38:06	3783.23	-265.38	-822.92	88.06	-13.46	36.52
2025-01-09T04:38:08	3780.37	-265.39	-815.81	88.05	-13.43	36.89
2025-01-09T04:38:10	3777.51	-265.40	-808.69	88.05	-13.40	37.26
2025-01-09T04:38:12	3774.64	-265.41	-801.58	88.06	-13.38	37.65
2025-01-09T04:38:14	3771.76	-265.42	-794.46	88.10	-13.38	38.05
2025-01-09T04:38:16	3768.88	-265.43	-787.35	88.14	-13.39	38.45
2025-01-09T04:38:18	3765.99	-265.44	-780.23	88.18	-13.40	38.85
2025-01-09T04:38:20	3763.09	-265.45	-773.11	88.23	-13.40	39.25
2025-01-09T04:38:22	3760.19	-265.46	-765.99	88.28	-13.41	39.65
2025-01-09T04:38:24	3757.29	-265.46	-758.87	88.33	-13.41	40.04
2025-01-09T04:38:26	3754.37	-265.47	-751.75	88.39	-13.42	40.44
2025-01-09T04:38:28	3751.46	-265.48	-744.63	88.42	-13.43	40.82
2025-01-09T04:38:30	3748.53	-265.48	-737.50	88.37	-13.48	41.13
2025-01-09T04:38:32	3745.60	-265.49	-730.37	88.32	-13.54	41.45
2025-01-09T04:38:34	3742.67	-265.50	-723.25	88.26	-13.59	41.77
2025-01-09T04:38:36	3739.72	-265.50	-716.12	88.19	-13.65	42.09
2025-01-09T04:38:38	3736.78	-265.51	-708.99	88.11	-13.72	42.41
2025-01-09T04:38:40	3733.82	-265.51	-701.86	88.03	-13.78	42.73
2025-01-09T04:38:42	3730.86	-265.51	-694.73	87.95	-13.86	43.05
2025-01-09T04:38:44	3727.90	-265.52	-687.60	87.87	-13.97	43.40
2025-01-09T04:38:46	3724.93	-265.52	-680.46	87.78	-14.17	43.82
2025-01-09T04:38:48	3721.95	-265.52	-673.33	87.69	-14.37	44.24
2025-01-09T04:38:50	3718.97	-265.52	-666.20	87.61	-14.58	44.65
2025-01-09T04:38:52	3715.98	-265.53	-659.06	87.54	-14.78	45.06
2025-01-09T04:38:54	3712.98	-265.53	-651.92	87.48	-14.99	45.47
2025-01-09T04:38:56	3709.98	-265.53	-644.78	87.42	-15.20	45.87
2025-01-09T04:38:58	3706.97	-265.53	-637.64	87.37	-15.41	46.27
2025-01-09T04:39:00	3703.96	-265.53	-630.50	87.31	-15.60	46.64
2025-01-09T04:39:02	3700.94	-265.53	-623.36	87.20	-15.73	46.91
2025-01-09T04:39:04	3697.91	-265.53	-616.21	87.10	-15.87	47.20
2025-01-09T04:39:06	3694.88	-265.52	-609.07	87.00	-16.01	47.49
2025-01-09T04:39:08	3691.84	-265.52	-601.93	86.89	-16.15	47.79
2025-01-09T04:39:10	3688.80	-265.52	-594.78	86.78	-16.30	48.10
2025-01-09T04:39:12	3685.75	-265.52	-587.63	86.67	-16.45	48.42
2025-01-09T04:39:14	3682.69	-265.51	-580.49	86.56	-16.61	48.74
2025-01-09T04:39:16	3679.63	-265.51	-573.34	86.40	-16.77	49.03
2025-01-09T04:39:18	3676.56	-265.50	-566.18	85.99	-16.91	49.12
2025-01-09T04:39:20	3673.48	-265.50	-559.04	85.52	-17.06	49.13
2025-01-09T04:39:22	3670.40	-265.49	-551.88	85.07	-17.22	49.14
2025-01-09T04:39:24	3667.31	-265.49	-544.73	84.64	-17.40	49.14
2025-01-09T04:39:26	3664.22	-265.48	-537.58	84.22	-17.59	49.14
2025-01-09T04:39:28	3661.12	-265.48	-530.42	83.83	-17.79	49.15
2025-01-09T04:39:30	3658.01	-265.47	-523.27	83.45	-18.01	49.15
2025-01-09T04:39:32	3654.90	-265.46	-516.11	83.13	-18.24	49.14
2025-01-09T04:39:34	3651.78	-265.45	-508.95	82.95	-18.48	49.15
2025-01-09T04:39:36	3648.65	-265.45	-501.79	82.78	-18.73	49.18
2025-01-09T04:39:38	3645.52	-265.44	-494.63	82.60	-19.01	49.23
2025-01-09T04:39:40	3642.38	-265.43	-487.47	82.43	-19.30	49.31
2025-01-09T04:39:42	3639.24	-265.42	-480.31	82.26	-19.61	49.42
2025-01-09T04:39:44	3636.08	-265.41	-473.15	82.09	-19.95	49.54
2025-01-09T04:39:46	3632.93	-265.39	-465.99	81.92	-20.30	49.70
2025-01-09T04:39:48	3629.76	-265.38	-458.82	81.65	-20.67	49.81
2025-01-09T04:39:50	3626.59	-265.37	-451.66	81.00	-21.03	49.70
2025-01-09T04:39:52	3623.41	-265.36	-444.49	80.27	-21.38	49.56
2025-01-09T04:39:54	3620.23	-265.35	-437.33	79.48	-21.71	49.38
2025-01-09T04:39:56	3617.04	-265.33	-430.16	78.58	-21.90	49.20
2025-01-09T04:39:58	3613.84	-265.32	-423.00	77.64	-22.05	49.01
2025-01-09T04:40:00	3610.64	-265.31	-415.83	76.67	-22.18	48.80
2025-01-09T04:40:02	3607.43	-265.29	-408.66	75.67	-22.32	48.56
2025-01-09T04:40:04	3604.21	-265.27	-401.49	74.62	-22.45	48.28
2025-01-09T04:40:06	3600.99	-265.26	-394.32	73.50	-22.61	47.90
2025-01-09T04:40:08	3597.76	-265.24	-387.15	72.37	-22.78	47.52
2025-01-09T04:40:10	3594.52	-265.23	-379.97	71.23	-22.97	47.15
2025-01-09T04:40:12	3591.27	-265.21	-372.80	70.09	-23.17	46.79
2025-01-09T04:40:14	3588.02	-265.19	-365.63	68.93	-23.39	46.44
2025-01-09T04:40:16	3584.77	-265.17	-358.45	67.77	-23.62	46.09
2025-01-09T04:40:18	3581.51	-265.15	-351.28	66.60	-23.87	45.75
2025-01-09T04:40:20	3578.24	-265.14	-344.10	65.48	-24.01	45.41
2025-01-09T04:40:22	3574.96	-265.12	-336.93	64.51	-23.79	45.02
2025-01-09T04:40:24	3571.67	-265.09	-329.75	63.53	-23.55	44.63
2025-01-09T04:40:26	3568.39	-265.07	-322.57	62.56	-23.29	44.21
2025-01-09T04:40:28	3565.09	-265.05	-315.40	61.59	-23.00	43.78
2025-01-09T04:40:30	3561.78	-265.03	-308.22	60.64	-22.69	43.33
2025-01-09T04:40:32	3558.47	-265.01	-301.04	59.82	-22.37	42.89
2025-01-09T04:40:34	3555.15	-264.99	-293.86	59.06	-22.04	42.45
2025-01-09T04:40:36	3551.83	-264.96	-286.68	58.26	-21.80	42.12
2025-01-09T04:40:38	3548.50	-264.94	-279.50	57.21	-21.77	42.04
2025-01-09T04:40:40	3545.16	-264.92	-272.32	56.20	-21.72	41.98
2025-01-09T04:40:42	3541.81	-264.89	-265.14	55.21	-21.66	41.93
2025-01-09T04:40:44	3538.46	-264.86	-257.95	54.24	-21.57	41.91
2025-01-09T04:40:46	3535.10	-264.84	-250.77	53.31	-21.47	41.90
2025-01-09T04:40:48	3531.74	-264.81	-243.59	52.40	-21.35	41.91
2025-01-09T04:40:50	3528.36	-264.78	-236.40	51.52	-21.21	41.94
2025-01-09T04:40:52	3524.99	-264.76	-229.22	50.71	-21.04	41.98
2025-01-09T04:40:54	3521.60	-264.73	-222.04	49.96	-20.85	42.03
2025-01-09T04:40:56	3518.20	-264.70	-214.85	49.18	-20.67	42.08
2025-01-09T04:40:58	3514.80	-264.67	-207.66	48.36	-20.50	42.13
2025-01-09T04:41:00	3511.40	-264.64	-200.48	47.51	-20.35	42.19
2025-01-09T04:41:02	3507.98	-264.61	-193.29	46.62	-20.21	42.25
2025-01-09T04:41:04	3504.56	-264.58	-186.10	45.69	-20.11	42.35
2025-01-09T04:41:06	3501.13	-264.55	-178.92	44.78	-20.17	42.66
2025-01-09T04:41:08	3497.69	-264.52	-171.73	44.16	-20.20	43.23
2025-01-09T04:41:10	3494.25	-264.48	-164.54	43.89	-20.13	44.09
2025-01-09T04:41:12	3490.80	-264.45	-157.35	43.60	-20.04	44.92
2025-01-09T04:41:14	3487.34	-264.42	-150.16	43.28	-19.92	45.74
2025-01-09T04:41:16	3483.88	-264.39	-142.97	42.94	-19.79	46.53
2025-01-09T04:41:18	3480.41	-264.35	-135.79	42.57	-19.63	47.30
2025-01-09T04:41:20	3476.93	-264.32	-128.60	42.19	-19.44	48.06
2025-01-09T04:41:22	3473.44	-264.28	-121.41	41.78	-19.24	48.79
2025-01-09T04:41:24	3469.95	-264.24	-114.22	41.11	-18.97	49.22
2025-01-09T04:41:26	3466.45	-264.21	-107.03	40.11	-18.63	49.29
2025-01-09T04:41:28	3462.94	-264.17	-99.84	39.08	-18.30	49.39
2025-01-09T04:41:30	3459.42	-264.13	-92.65	38.02	-17.97	49.50
2025-01-09T04:41:32	3455.90	-264.09	-85.46	36.93	-17.65	49.63
2025-01-09T04:41:34	3452.37	-264.05	-78.26	35.82	-17.33	49.78
2025-01-09T04:41:36	3448.83	-264.01	-71.07	34.68	-17.01	49.96
2025-01-09T04:41:38	3445.29	-263.97	-63.88	33.46	-16.79	50.03
2025-01-09T04:41:40	3441.74	-263.93	-56.69	32.47	-16.62	50.11
2025-01-09T04:41:42	3438.18	-263.89	-49.50	31.74	-16.44	50.27
2025-01-09T04:41:44	3434.61	-263.85	-42.31	31.02	-16.26	50.43
2025-01-09T04:41:46	3431.04	-263.81	-35.11	30.30	-16.08	50.60
2025-01-09T04:41:48	3427.45	-263.76	-27.92	29.58	-15.91	50.78
2025-01-09T04:41:50	3423.86	-263.72	-20.73	28.86	-15.73	50.97
2025-01-09T04:41:52	3420.27	-263.68	-13.54	28.14	-15.56	51.17
2025-01-09T04:41:54	3416.67	-263.63	-6.35	27.43	-15.39	51.38
2025-01-09T04:41:56	3413.05	-263.59	0.84	26.56	-15.35	51.50
2025-01-09T04:41:58	3409.43	-263.54	8.04	25.57	-15.39	51.54
2025-01-09T04:42:00	3405.81	-263.49	15.23	24.61	-15.38	51.57
2025-01-09T04:42:02	3402.17	-263.44	22.42	23.65	-15.31	51.59
2025-01-09T04:42:04	3398.53	-263.40	29.61	22.72	-15.19	51.60
2025-01-09T04:42:06	3394.88	-263.35	36.80	21.80	-15.02	51.61
2025-01-09T04:42:08	3391.23	-263.30	44.00	20.90	-14.80	51.60
2025-01-09T04:42:10	3387.56	-263.25	51.19	20.05	-14.77	51.56
2025-01-09T04:42:12	3383.89	-263.20	58.38	19.26	-15.23	51.86
2025-01-09T04:42:14	3380.21	-263.15	65.57	18.49	-15.98	52.41
2025-01-09T04:42:16	3376.53	-263.10	72.76	17.70	-16.65	52.93
2025-01-09T04:42:18	3372.83	-263.05	79.95	16.90	-17.24	53.43
2025-01-09T04:42:20	3369.13	-262.99	87.14	16.07	-17.74	53.91
2025-01-09T04:42:22	3365.42	-262.94	94.34	15.23	-18.16	54.36
2025-01-09T04:42:24	3361.70	-262.89	101.53	14.38	-18.49	54.79
2025-01-09T04:42:26	3357.97	-262.83	108.72	13.50	-18.74	55.20
2025-01-09T04:42:28	3354.24	-262.78	115.90	12.49	-18.91	55.26
2025-01-09T04:42:30	3350.50	-262.72	123.10	11.43	-19.09	55.12
2025-01-09T04:42:32	3346.75	-262.67	130.29	10.40	-19.31	54.97
2025-01-09T04:42:34	3343.00	-262.61	137.47	9.41	-19.57	54.81
2025-01-09T04:42:36	3339.23	-262.55	144.67	8.46	-19.88	54.65
2025-01-09T04:42:38	3335.46	-262.49	151.85	7.54	-20.23	54.49
2025-01-09T04:42:40	3331.68	-262.43	159.04	6.68	-20.66	54.40
2025-01-09T04:42:42	3327.89	-262.37	166.23	5.88	-21.13	54.44
2025-01-09T04:42:44	3324.09	-262.31	173.42	5.19	-21.44	54.87
2025-01-09T04:42:46	3320.29	-262.25	180.60	4.56	-21.67	55.47
2025-01-09T04:42:48	3316.48	-262.19	187.79	3.94	-21.92	56.06
2025-01-09T04:42:50	3312.66	-262.13	194.98	3.34	-22.18	56.64
2025-01-09T04:42:52	3308.83	-262.07	202.16	2.74	-22.45	57.21
2025-01-09T04:42:54	3305.00	-262.00	209.35	2.16	-22.73	57.76
2025-01-09T04:42:56	3301.16	-261.94	216.53	1.59	-23.03	58.30
2025-01-09T04:42:58	3297.30	-261.88	223.71	1.03	-23.34	58.83
2025-01-09T04:43:00	3293.45	-261.81	230.90	0.49	-23.36	59.11
2025-01-09T04:43:02	3289.58	-261.75	238.08	-0.05	-23.23	59.21
2025-01-09T04:43:04	3285.70	-261.68	245.26	-0.63	-23.08	59.23
2025-01-09T04:43:06	3281.82	-261.61	252.44	-1.24	-22.90	59.16
2025-01-09T04:43:08	3277.93	-261.54	259.63	-1.87	-22.70	59.01
2025-01-09T04:43:10	3274.03	-261.48	266.81	-2.51	-22.42	58.86
2025-01-09T04:43:12	3270.12	-261.41	273.99	-3.14	-22.09	58.74
2025-01-09T04:43:14	3266.21	-261.34	281.17	-3.78	-21.76	58.59
2025-01-09T04:43:16	3262.28	-261.27	288.34	-4.36	-21.19	58.71
2025-01-09T04:43:18	3258.35	-261.19	295.52	-4.89	-20.52	58.89
2025-01-09T04:43:20	3254.41	-261.12	302.70	-5.38	-19.83	59.03
2025-01-09T04:43:22	3250.47	-261.05	309.88	-5.82	-19.14	59.14
2025-01-09T04:43:24	3246.51	-260.98	317.05	-6.22	-18.43	59.21
2025-01-09T04:43:26	3242.55	-260.90	324.23	-6.57	-17.70	59.25
2025-01-09T04:43:28	3238.57	-260.83	331.40	-6.89	-16.97	59.24
2025-01-09T04:43:30	3234.59	-260.76	338.57	-7.16	-16.22	59.20
2025-01-09T04:43:32	3230.60	-260.68	345.75	-7.66	-16.35	59.57
2025-01-09T04:43:34	3226.61	-260.60	352.92	-8.29	-16.77	60.13
2025-01-09T04:43:36	3222.60	-260.53	360.09	-8.96	-17.24	60.78
2025-01-09T04:43:38	3218.59	-260.45	367.26	-9.66	-17.77	61.52
2025-01-09T04:43:40	3214.57	-260.37	374.43	-10.22	-18.37	62.44
2025-01-09T04:43:42	3210.54	-260.29	381.59	-10.76	-18.93	63.27
2025-01-09T04:43:44	3206.50	-260.21	388.76	-11.27	-19.44	64.02
2025-01-09T04:43:46	3202.45	-260.13	395.93	-11.75	-19.92	64.68
2025-01-09T04:43:48	3198.40	-260.05	403.09	-12.12	-20.00	65.04
2025-01-09T04:43:50	3194.34	-259.97	410.25	-12.51	-19.94	65.37
2025-01-09T04:43:52	3190.26	-259.89	417.42	-12.95	-19.82	65.74
2025-01-09T04:43:54	3186.19	-259.80	424.58	-13.43	-19.63	66.16
2025-01-09T04:43:56	3182.10	-259.72	431.74	-13.96	-19.39	66.62
2025-01-09T04:43:58	3178.00	-259.64	438.90	-14.53	-19.09	67.12
2025-01-09T04:44:00	3173.90	-259.55	446.06	-15.16	-18.73	67.66
2025-01-09T04:44:02	3169.78	-259.46	453.21	-15.82	-18.31	68.25
2025-01-09T04:44:04	3165.66	-259.38	460.37	-16.01	-17.76	68.81
2025-01-09T04:44:06	3161.53	-259.29	467.52	-16.07	-17.18	69.36
2025-01-09T04:44:08	3157.39	-259.20	474.68	-16.10	-16.60	69.86
2025-01-09T04:44:10	3153.24	-259.11	481.83	-16.19	-16.04	70.40
2025-01-09T04:44:12	3149.09	-259.02	488.98	-16.33	-15.49	70.98
2025-01-09T04:44:14	3144.92	-258.93	496.13	-16.53	-14.96	71.61
2025-01-09T04:44:16	3140.75	-258.84	503.28	-16.79	-14.45	72.27
2025-01-09T04:44:18	3136.57	-258.75	510.42	-17.10	-13.95	72.97
2025-01-09T04:44:20	3132.38	-258.66	517.57	-17.73	-13.62	73.71
2025-01-09T04:44:22	3128.18	-258.56	524.71	-18.49	-13.25	74.44
2025-01-09T04:44:24	3123.98	-258.47	531.85	-19.32	-12.83	75.16
2025-01-09T04:44:26	3119.76	-258.38	538.99	-20.24	-12.33	75.87
2025-01-09T04:44:28	3115.54	-258.28	546.13	-21.22	-11.77	76.57
2025-01-09T04:44:30	3111.31	-258.19	553.27	-22.29	-11.14	77.26
2025-01-09T04:44:32	3107.06	-258.09	560.41	-23.42	-10.45	77.94
2025-01-09T04:44:34	3102.81	-257.99	567.54	-24.48	-9.89	78.56
2025-01-09T04:44:36	3098.56	-257.89	574.68	-24.79	-10.06	78.62
2025-01-09T04:44:38	3094.29	-257.80	581.81	-25.06	-10.30	78.56
2025-01-09T04:44:40	3090.01	-257.70	588.94	-25.43	-10.50	78.49
2025-01-09T04:44:42	3085.73	-257.60	596.07	-25.90	-10.67	78.44
2025-01-09T04:44:44	3081.43	-257.50	603.19	-26.48	-10.79	78.38
2025-01-09T04:44:46	3077.14	-257.39	610.32	-27.16	-10.88	78.33
2025-01-09T04:44:48	3072.82	-257.29	617.44	-27.95	-10.92	78.29
2025-01-09T04:44:50	3068.50	-257.19	624.56	-28.84	-10.92	78.24
2025-01-09T04:44:52	3064.18	-257.08	631.68	-29.41	-10.83	78.88
2025-01-09T04:44:54	3059.84	-256.98	638.80	-29.83	-10.71	79.73
2025-01-09T04:44:56	3055.49	-256.87	645.92	-30.19	-10.58	80.63
2025-01-09T04:44:58	3051.14	-256.77	653.03	-30.50	-10.43	81.55
2025-01-09T04:45:00	3046.78	-256.66	660.14	-30.67	-10.23	82.51
2025-01-09T04:45:02	3042.41	-256.55	667.25	-30.47	-9.88	83.44
2025-01-09T04:45:04	3038.03	-256.44	674.36	-30.28	-9.59	84.38
2025-01-09T04:45:06	3033.64	-256.33	681.47	-30.09	-9.35	85.31
2025-01-09T04:45:08	3029.24	-256.22	688.57	-30.33	-8.86	85.86
2025-01-09T04:45:10	3024.83	-256.11	695.68	-30.79	-8.30	86.26
2025-01-09T04:45:12	3020.42	-256.00	702.78	-31.33	-7.79	86.64
2025-01-09T04:45:14	3015.99	-255.89	709.87	-31.95	-7.33	86.99
2025-01-09T04:45:16	3011.56	-255.78	716.97	-32.65	-6.90	87.33
2025-01-09T04:45:18	3007.12	-255.66	724.07	-33.44	-6.53	87.65
2025-01-09T04:45:20	3002.67	-255.55	731.16	-34.31	-6.20	87.94
2025-01-09T04:45:22	2998.21	-255.43	738.25	-35.27	-5.92	88.22
2025-01-09T04:45:24	2993.74	-255.32	745.33	-36.49	-5.77	88.42
2025-01-09T04:45:26	2989.26	-255.20	752.42	-37.84	-5.53	88.53
2025-01-09T04:45:28	2984.77	-255.08	759.50	-39.17	-4.91	88.49
2025-01-09T04:45:30	2980.28	-254.97	766.58	-40.42	-4.22	88.41
2025-01-09T04:45:32	2975.77	-254.85	773.66	-41.60	-3.47	88.28
2025-01-09T04:45:34	2971.26	-254.73	780.74	-42.70	-2.66	88.11
2025-01-09T04:45:36	2966.74	-254.61	787.82	-43.72	-1.78	87.90
2025-01-09T04:45:38	2962.21	-254.48	794.89	-44.67	-0.85	87.65
2025-01-09T04:45:40	2957.67	-254.36	801.96	-45.48	-0.21	87.64
2025-01-09T04:45:42	2953.12	-254.24	809.02	-46.25	0.14	87.82
2025-01-09T04:45:44	2948.56	-254.11	816.09	-47.00	0.43	87.99
2025-01-09T04:45:46	2943.99	-253.99	823.15	-47.74	0.66	88.17
2025-01-09T04:45:48	2939.42	-253.86	830.21	-48.46	0.82	88.35
2025-01-09T04:45:50	2934.83	-253.74	837.27	-49.18	0.92	88.54
2025-01-09T04:45:52	2930.24	-253.61	844.32	-50.17	0.64	89.02
2025-01-09T04:45:54	2925.64	-253.48	851.37	-51.32	0.15	89.61
2025-01-09T04:45:56	2921.02	-253.35	858.42	-52.36	-0.20	90.04
2025-01-09T04:45:58	2916.40	-253.23	865.47	-53.30	-0.35	90.37
2025-01-09T04:46:00	2911.77	-253.10	872.51	-54.25	-0.44	90.75
2025-01-09T04:46:02	2907.13	-252.97	879.55	-55.21	-0.47	91.16
2025-01-09T04:46:04	2902.48	-252.83	886.59	-56.18	-0.42	91.62
2025-01-09T04:46:06	2897.83	-252.70	893.63	-57.16	-0.31	92.12
2025-01-09T04:46:08	2893.16	-252.57	900.66	-58.16	-0.13	92.66
2025-01-09T04:46:10	2888.49	-252.44	907.69	-59.16	0.13	93.23
2025-01-09T04:46:12	2883.80	-252.30	914.72	-60.17	0.32	93.66
2025-01-09T04:46:14	2879.11	-252.16	921.74	-61.15	0.30	93.73
2025-01-09T04:46:16	2874.41	-252.03	928.76	-61.94	0.22	93.69
2025-01-09T04:46:18	2869.69	-251.89	935.78	-62.37	0.11	93.62
2025-01-09T04:46:20	2864.97	-251.75	942.80	-62.81	0.01	93.66
2025-01-09T04:46:22	2860.24	-251.61	949.81	-63.26	-0.07	93.79
2025-01-09T04:46:24	2855.50	-251.47	956.82	-63.74	-0.15	94.04
2025-01-09T04:46:26	2850.76	-251.33	963.82	-64.23	-0.21	94.38
2025-01-09T04:46:28	2846.00	-251.19	970.83	-64.92	-0.17	94.89
2025-01-09T04:46:30	2841.23	-251.05	977.83	-66.27	0.25	95.63
2025-01-09T04:46:32	2836.46	-250.91	984.83	-67.74	0.71	96.37
2025-01-09T04:46:34	2831.67	-250.76	991.82	-69.35	1.23	97.12
2025-01-09T04:46:36	2826.88	-250.62	998.81	-71.09	1.79	97.86
2025-01-09T04:46:38	2822.08	-250.47	1005.80	-72.97	2.41	98.60
2025-01-09T04:46:40	2817.26	-250.32	1012.78	-74.94	3.18	98.92
2025-01-09T04:46:42	2812.44	-250.18	1019.76	-76.85	4.16	98.34
2025-01-09T04:46:44	2807.61	-250.03	1026.74	-78.68	5.12	97.66
2025-01-09T04:46:46	2802.77	-249.88	1033.71	-79.95	5.29	96.99
2025-01-09T04:46:48	2797.92	-249.73	1040.68	-81.28	5.34	96.58
2025-01-09T04:46:50	2793.07	-249.58	1047.65	-82.65	5.28	96.45
2025-01-09T04:46:52	2788.20	-249.43	1054.61	-84.09	5.11	96.61
2025-01-09T04:46:54	2783.32	-249.28	1061.58	-85.57	4.81	97.04
2025-01-09T04:46:56	2778.44	-249.12	1068.53	-87.11	4.40	97.77
2025-01-09T04:46:58	2773.54	-248.97	1075.49	-88.71	3.87	98.78
2025-01-09T04:47:00	2768.64	-248.82	1082.44	-90.36	3.22	100.09
2025-01-09T04:47:02	2763.72	-248.66	1089.38	-90.93	3.18	100.40
2025-01-09T04:47:04	2758.80	-248.50	1096.32	-91.21	3.31	100.41
2025-01-09T04:47:06	2753.87	-248.35	1103.26	-91.53	3.49	100.34
2025-01-09T04:47:08	2748.93	-248.19	1110.20	-92.00	3.74	100.21
2025-01-09T04:47:10	2743.98	-248.03	1117.13	-92.64	4.06	100.04
2025-01-09T04:47:12	2739.02	-247.87	1124.06	-93.44	4.45	99.82
2025-01-09T04:47:14	2734.05	-247.71	1130.98	-94.40	4.91	99.55
2025-01-09T04:47:16	2729.08	-247.55	1137.90	-95.53	5.45	99.23
2025-01-09T04:47:18	2724.09	-247.39	1144.82	-96.92	5.84	99.00
2025-01-09T04:47:20	2719.09	-247.22	1151.73	-98.42	6.07	98.91
2025-01-09T04:47:22	2714.09	-247.06	1158.64	-99.91	6.28	98.87
2025-01-09T04:47:24	2709.08	-246.89	1165.55	-101.38	6.46	98.87
2025-01-09T04:47:26	2704.05	-246.73	1172.45	-102.78	6.59	98.88
2025-01-09T04:47:28	2699.02	-246.56	1179.34	-103.45	6.24	98.43
2025-01-09T04:47:30	2693.98	-246.40	1186.24	-104.04	5.77	98.03
2025-01-09T04:47:32	2688.93	-246.23	1193.13	-104.53	5.17	97.68
2025-01-09T04:47:34	2683.87	-246.06	1200.01	-105.06	4.41	97.47
2025-01-09T04:47:36	2678.80	-245.89	1206.89	-105.92	3.54	97.51
2025-01-09T04:47:38	2673.72	-245.72	1213.77	-106.88	2.76	97.62
2025-01-09T04:47:40	2668.63	-245.55	1220.64	-107.95	2.07	97.80
2025-01-09T04:47:42	2663.53	-245.37	1227.51	-109.12	1.48	98.05
2025-01-09T04:47:44	2658.43	-245.20	1234.37	-110.39	0.97	98.38
2025-01-09T04:47:46	2653.31	-245.03	1241.23	-111.77	0.55	98.78
2025-01-09T04:47:48	2648.19	-244.85	1248.08	-113.25	0.22	99.25
2025-01-09T04:47:50	2643.05	-244.68	1254.94	-115.26	0.27	99.99
2025-01-09T04:47:52	2637.91	-244.50	1261.78	-117.15	0.98	100.04
2025-01-09T04:47:54	2632.76	-244.32	1268.62	-118.98	1.64	100.05
2025-01-09T04:47:56	2627.59	-244.14	1275.46	-120.76	2.22	100.05
2025-01-09T04:47:58	2622.42	-243.96	1282.29	-122.49	2.73	100.04
2025-01-09T04:48:00	2617.24	-243.78	1289.12	-124.17	3.16	100.02
2025-01-09T04:48:02	2612.05	-243.60	1295.95	-125.79	3.51	99.99
2025-01-09T04:48:04	2606.86	-243.42	1302.77	-127.37	3.78	99.94
2025-01-09T04:48:06	2601.65	-243.24	1309.58	-128.90	3.97	99.88
2025-01-09T04:48:08	2596.43	-243.05	1316.39	-130.37	4.02	99.67
2025-01-09T04:48:10	2591.21	-242.87	1323.20	-131.78	3.92	99.29
2025-01-09T04:48:12	2585.97	-242.68	1330.00	-133.28	3.92	98.77
2025-01-09T04:48:14	2580.73	-242.50	1336.80	-134.87	3.86	98.17
2025-01-09T04:48:16	2575.47	-242.31	1343.59	-136.53	3.70	97.49
2025-01-09T04:48:18	2570.21	-242.12	1350.37	-138.27	3.45	96.75
2025-01-09T04:48:20	2564.94	-241.93	1357.15	-140.09	3.09	95.94
2025-01-09T04:48:22	2559.66	-241.74	1363.93	-141.98	2.63	95.05
2025-01-09T04:48:24	2554.37	-241.55	1370.70	-144.07	2.27	94.21
2025-01-09T04:48:26	2549.07	-241.36	1377.47	-146.74	2.84	93.98
2025-01-09T04:48:28	2543.76	-241.17	1384.23	-149.30	3.47	93.92
2025-01-09T04:48:30	2538.44	-240.97	1390.99	-151.76	4.15	94.05
2025-01-09T04:48:32	2533.12	-240.78	1397.74	-154.10	4.89	94.34
2025-01-09T04:48:34	2527.78	-240.59	1404.49	-155.98	5.50	94.88
2025-01-09T04:48:36	2522.44	-240.39	1411.23	-157.73	6.03	95.37
2025-01-09T04:48:38	2517.08	-240.19	1417.97	-159.36	6.50	95.80
2025-01-09T04:48:40	2511.72	-240.00	1424.70	-160.86	6.89	96.17
2025-01-09T04:48:42	2506.35	-239.80	1431.43	-162.41	7.18	96.19
2025-01-09T04:48:44	2500.97	-239.60	1438.15	-164.17	7.58	96.12
2025-01-09T04:48:46	2495.58	-239.40	1444.87	-166.12	8.15	96.09
2025-01-09T04:48:48	2490.18	-239.20	1451.58	-168.27	8.90	96.12
2025-01-09T04:48:50	2484.77	-238.99	1458.29	-170.61	9.81	96.21
2025-01-09T04:48:52	2479.35	-238.79	1464.99	-173.15	10.90	96.35
2025-01-09T04:48:54	2473.92	-238.59	1471.68	-175.86	11.96	96.23
2025-01-09T04:48:56	2468.49	-238.38	1478.37	-178.60	12.58	95.48
2025-01-09T04:48:58	2463.04	-238.18	1485.05	-181.36	12.89	94.63
2025-01-09T04:49:00	2457.59	-237.97	1491.73	-183.83	12.23	93.32
2025-01-09T04:49:02	2452.13	-237.76	1498.41	-186.34	11.65	92.15
2025-01-09T04:49:04	2446.66	-237.55	1505.07	-188.90	11.15	91.13
2025-01-09T04:49:06	2441.18	-237.34	1511.74	-191.50	10.72	90.25
2025-01-09T04:49:08	2435.69	-237.13	1518.39	-194.15	10.36	89.52
2025-01-09T04:49:10	2430.19	-236.92	1525.05	-196.84	10.07	88.93
2025-01-09T04:49:12	2424.68	-236.71	1531.69	-199.58	9.86	88.49
2025-01-09T04:49:14	2419.16	-236.50	1538.33	-202.37	9.72	88.21
2025-01-09T04:49:16	2413.64	-236.28	1544.97	-204.46	9.60	87.43
2025-01-09T04:49:18	2408.10	-236.07	1551.60	-206.34	9.37	86.42
2025-01-09T04:49:20	2402.56	-235.86	1558.22	-208.40	9.15	85.52
2025-01-09T04:49:22	2397.01	-235.64	1564.84	-210.61	8.95	84.73
2025-01-09T04:49:24	2391.44	-235.42	1571.45	-213.00	8.76	84.05
2025-01-09T04:49:26	2385.87	-235.20	1578.05	-215.57	8.59	83.49
2025-01-09T04:49:28	2380.30	-234.98	1584.65	-218.31	8.45	83.03
2025-01-09T04:49:30	2374.71	-234.76	1591.25	-221.22	8.31	82.70
2025-01-09T04:49:32	2369.11	-234.54	1597.83	-224.32	8.20	82.48
2025-01-09T04:49:34	2363.51	-234.32	1604.41	-226.01	8.75	81.43
2025-01-09T04:49:36	2357.89	-234.10	1610.99	-227.48	9.52	80.12
2025-01-09T04:49:38	2352.27	-233.87	1617.56	-228.95	10.30	78.70
2025-01-09T04:49:40	2346.63	-233.65	1624.12	-230.52	10.97	77.27
2025-01-09T04:49:42	2340.99	-233.43	1630.68	-232.17	11.52	75.81
2025-01-09T04:49:44	2335.34	-233.20	1637.23	-233.91	11.96	74.35
2025-01-09T04:49:46	2329.69	-232.97	1643.78	-235.74	12.28	72.86
2025-01-09T04:49:48	2324.02	-232.74	1650.32	-237.66	12.48	71.37
2025-01-09T04:49:50	2318.34	-232.51	1656.85	-239.62	12.62	69.94
2025-01-09T04:49:52	2312.66	-232.29	1663.37	-241.42	12.91	68.82
2025-01-09T04:49:54	2306.96	-232.06	1669.90	-243.27	13.21	67.68
2025-01-09T04:49:56	2301.26	-231.82	1676.41	-245.28	13.60	66.51
2025-01-09T04:49:58	2295.55	-231.59	1682.92	-247.33	14.06	65.28
2025-01-09T04:50:00	2289.83	-231.36	1689.42	-249.28	14.50	64.02
2025-01-09T04:50:02	2284.10	-231.12	1695.91	-251.13	14.92	62.71
2025-01-09T04:50:04	2278.36	-230.89	1702.40	-252.88	15.33	61.36
2025-01-09T04:50:06	2272.62	-230.65	1708.88	-254.52	15.72	59.97
2025-01-09T04:50:08	2266.86	-230.42	1715.36	-255.90	16.05	58.61
2025-01-09T04:50:10	2261.10	-230.18	1721.83	-257.02	16.35	57.35
2025-01-09T04:50:12	2255.33	-229.94	1728.29	-258.16	16.65	56.09
2025-01-09T04:50:14	2249.55	-229.70	1734.75	-259.32	16.97	54.83
2025-01-09T04:50:16	2243.76	-229.46	1741.20	-260.75	17.27	53.50
2025-01-09T04:50:18	2237.96	-229.22	1747.64	-262.36	17.57	52.11
2025-01-09T04:50:20	2232.16	-228.98	1754.07	-263.96	17.91	50.71
2025-01-09T04:50:22	2226.34	-228.73	1760.50	-265.54	18.28	49.30
2025-01-09T04:50:24	2220.52	-228.49	1766.93	-267.10	18.68	47.88
2025-01-09T04:50:26	2214.69	-228.24	1773.34	-268.64	19.01	46.46
2025-01-09T04:50:28	2208.85	-228.00	1779.75	-270.16	19.24	45.04
2025-01-09T04:50:30	2203.00	-227.75	1786.15	-271.66	19.47	43.63
2025-01-09T04:50:32	2197.15	-227.51	1792.55	-273.14	19.71	42.23
2025-01-09T04:50:34	2191.28	-227.26	1798.94	-274.61	19.94	40.85
2025-01-09T04:50:36	2185.41	-227.01	1805.32	-275.87	20.22	39.43
2025-01-09T04:50:38	2179.53	-226.76	1811.69	-277.05	20.51	37.98
2025-01-09T04:50:40	2173.63	-226.51	1818.06	-278.23	20.79	36.50
2025-01-09T04:50:42	2167.74	-226.25	1824.42	-279.39	21.05	35.01
2025-01-09T04:50:44	2161.83	-226.00	1830.78	-280.54	21.36	33.58
2025-01-09T04:50:46	2155.92	-225.75	1837.12	-281.71	21.69	32.21
2025-01-09T04:50:48	2149.99	-225.50	1843.46	-282.93	22.01	30.81
2025-01-09T04:50:50	2144.06	-225.24	1849.80	-284.19	22.33	29.40
2025-01-09T04:50:52	2138.12	-224.98	1856.12	-285.49	22.63	27.97
2025-01-09T04:50:54	2132.17	-224.72	1862.44	-286.85	22.93	26.51
2025-01-09T04:50:56	2126.22	-224.47	1868.75	-288.39	23.27	24.96
2025-01-09T04:50:58	2120.25	-224.21	1875.05	-289.85	23.60	23.39
2025-01-09T04:51:00	2114.28	-223.95	1881.35	-291.24	23.93	21.80
2025-01-09T04:51:02	2108.30	-223.69	1887.64	-292.33	24.17	20.22
2025-01-09T04:51:04	2102.31	-223.43	1893.92	-293.19	24.35	18.65
2025-01-09T04:51:06	2096.31	-223.16	1900.20	-294.03	24.52	17.07
2025-01-09T04:51:08	2090.31	-222.90	1906.46	-294.86	24.69	15.49
2025-01-09T04:51:10	2084.29	-222.64	1912.73	-295.68	24.85	13.90
2025-01-09T04:51:12	2078.27	-222.37	1918.98	-296.48	25.01	12.31
2025-01-09T04:51:14	2072.25	-222.11	1925.22	-297.35	25.16	10.66
2025-01-09T04:51:16	2066.21	-221.84	1931.46	-298.27	25.31	8.96
2025-01-09T04:51:18	2060.16	-221.57	1937.69	-299.18	25.47	7.26
2025-01-09T04:51:20	2054.11	-221.30	1943.91	-300.15	25.72	5.57
2025-01-09T04:51:22	2048.05	-221.03	1950.13	-301.23	26.11	3.91
2025-01-09T04:51:24	2041.98	-220.76	1956.34	-302.32	26.50	2.23
2025-01-09T04:51:26	2035.90	-220.49	1962.54	-303.40	26.89	0.54
2025-01-09T04:51:28	2029.82	-220.22	1968.73	-304.48	27.29	-1.16
2025-01-09T04:51:30	2023.73	-219.95	1974.92	-305.56	27.69	-2.88
2025-01-09T04:51:32	2017.62	-219.67	1981.10	-306.62	28.10	-4.63
2025-01-09T04:51:34	2011.52	-219.40	1987.27	-307.61	28.50	-6.49
2025-01-09T04:51:36	2005.40	-219.12	1993.43	-308.56	28.90	-8.36
2025-01-09T04:51:38	1999.28	-218.85	1999.58	-309.45	29.25	-10.19
2025-01-09T04:51:40	1993.15	-218.57	2005.73	-310.23	29.36	-11.89
2025-01-09T04:51:42	1987.01	-218.29	2011.87	-311.03	29.47	-13.59
2025-01-09T04:51:44	1980.86	-218.01	2018.00	-311.84	29.58	-15.30
2025-01-09T04:51:46	1974.71	-217.73	2024.12	-312.68	29.69	-17.01
2025-01-09T04:51:48	1968.54	-217.45	2030.24	-313.54	29.80	-18.73
2025-01-09T04:51:50	1962.37	-217.17	2036.35	-314.42	29.91	-20.45
2025-01-09T04:51:52	1956.20	-216.89	2042.45	-315.31	30.04	-22.28
2025-01-09T04:51:54	1950.01	-216.61	2048.54	-316.13	30.17	-24.16
2025-01-09T04:51:56	1943.82	-216.32	2054.62	-316.86	30.29	-26.03
2025-01-09T04:51:58	1937.62	-216.04	2060.70	-317.50	30.40	-27.91
2025-01-09T04:52:00	1931.41	-215.75	2066.77	-318.12	30.50	-29.80
2025-01-09T04:52:02	1925.20	-215.46	2072.83	-318.73	30.59	-31.68
2025-01-09T04:52:04	1918.98	-215.18	2078.88	-319.33	30.67	-33.58
2025-01-09T04:52:06	1912.75	-214.89	2084.93	-319.91	30.75	-35.47
2025-01-09T04:52:08	1906.51	-214.60	2090.96	-320.49	30.82	-37.37
2025-01-09T04:52:10	1900.27	-214.31	2096.99	-321.18	30.90	-39.35
2025-01-09T04:52:12	1894.01	-214.02	2103.01	-321.93	31.00	-41.40
2025-01-09T04:52:14	1887.75	-213.73	2109.02	-322.63	31.10	-43.45
2025-01-09T04:52:16	1881.49	-213.43	2115.03	-323.28	31.23	-45.46
2025-01-09T04:52:18	1875.22	-213.14	2121.03	-323.85	31.41	-47.37
2025-01-09T04:52:20	1868.94	-212.85	2127.01	-324.39	31.59	-49.27
2025-01-09T04:52:22	1862.65	-212.55	2132.99	-324.88	31.77	-51.17
2025-01-09T04:52:24	1856.35	-212.26	2138.96	-325.34	31.95	-53.06
2025-01-09T04:52:26	1850.05	-211.96	2144.93	-325.75	32.13	-54.96
2025-01-09T04:52:28	1843.74	-211.66	2150.88	-326.14	32.33	-56.91
2025-01-09T04:52:30	1837.42	-211.36	2156.83	-326.53	32.53	-58.93
2025-01-09T04:52:32	1831.10	-211.06	2162.77	-326.92	32.73	-60.96
2025-01-09T04:52:34	1824.77	-210.76	2168.70	-327.29	32.93	-62.98
2025-01-09T04:52:36	1818.43	-210.46	2174.62	-327.71	33.06	-64.88
2025-01-09T04:52:38	1812.09	-210.16	2180.53	-328.13	33.16	-66.74
2025-01-09T04:52:40	1805.74	-209.86	2186.44	-328.51	33.25	-68.59
2025-01-09T04:52:42	1799.38	-209.56	2192.33	-328.86	33.33	-70.43
2025-01-09T04:52:44	1793.01	-209.25	2198.22	-329.18	33.40	-72.27
2025-01-09T04:52:46	1786.64	-208.95	2204.10	-329.49	33.47	-74.17
2025-01-09T04:52:48	1780.26	-208.64	2209.97	-329.82	33.55	-76.15
2025-01-09T04:52:50	1773.88	-208.33	2215.83	-330.13	33.63	-78.14
2025-01-09T04:52:52	1767.48	-208.03	2221.69	-330.41	33.69	-80.12
2025-01-09T04:52:54	1761.09	-207.72	2227.53	-330.67	33.74	-82.10
2025-01-09T04:52:56	1754.68	-207.41	2233.37	-330.89	33.76	-84.02
2025-01-09T04:52:58	1748.27	-207.10	2239.20	-331.07	33.77	-85.93
2025-01-09T04:53:00	1741.85	-206.79	2245.02	-331.22	33.78	-87.83
2025-01-09T04:53:02	1735.42	-206.48	2250.83	-331.33	33.79	-89.72
2025-01-09T04:53:04	1728.99	-206.17	2256.64	-331.42	33.80	-91.67
2025-01-09T04:53:06	1722.55	-205.85	2262.43	-331.48	33.82	-93.69
2025-01-09T04:53:08	1716.11	-205.54	2268.22	-331.53	33.83	-95.69
2025-01-09T04:53:10	1709.65	-205.23	2273.99	-331.54	33.83	-97.69
2025-01-09T04:53:12	1703.19	-204.91	2279.76	-331.54	33.84	-99.68
2025-01-09T04:53:14	1696.73	-204.59	2285.52	-331.52	33.83	-101.64
2025-01-09T04:53:16	1690.26	-204.28	2291.27	-331.53	33.85	-103.50
2025-01-09T04:53:18	1683.78	-203.96	2297.02	-331.52	33.87	-105.35
2025-01-09T04:53:20	1677.30	-203.64	2302.75	-331.48	33.88	-107.19
2025-01-09T04:53:22	1670.80	-203.32	2308.48	-331.42	33.89	-109.13
2025-01-09T04:53:24	1664.31	-203.00	2314.19	-331.34	33.91	-111.10
2025-01-09T04:53:26	1657.80	-202.68	2319.90	-331.23	33.93	-113.06
2025-01-09T04:53:28	1651.29	-202.36	2325.60	-331.10	33.93	-115.01
2025-01-09T04:53:30	1644.78	-202.04	2331.29	-330.95	33.94	-116.96
2025-01-09T04:53:32	1638.26	-201.71	2336.97	-330.76	33.93	-118.89
2025-01-09T04:53:34	1631.73	-201.39	2342.65	-330.57	33.92	-120.80
2025-01-09T04:53:36	1625.19	-201.07	2348.31	-330.41	33.92	-122.63
2025-01-09T04:53:38	1618.65	-200.74	2353.97	-330.23	33.91	-124.45
2025-01-09T04:53:40	1612.11	-200.41	2359.61	-330.01	33.91	-126.39
2025-01-09T04:53:42	1605.56	-200.08	2365.25	-329.76	33.90	-128.33
2025-01-09T04:53:44	1599.00	-199.76	2370.88	-329.48	33.89	-130.25
2025-01-09T04:53:46	1592.43	-199.43	2376.50	-329.17	33.87	-132.16
2025-01-09T04:53:48	1585.86	-199.10	2382.11	-328.83	33.85	-134.06
2025-01-09T04:53:50	1579.29	-198.77	2387.71	-328.45	33.82	-135.94
2025-01-09T04:53:52	1572.70	-198.44	2393.30	-328.05	33.79	-137.80
2025-01-09T04:53:54	1566.12	-198.11	2398.89	-327.62	33.74	-139.65
2025-01-09T04:53:56	1559.52	-197.77	2404.46	-327.25	33.72	-141.44
2025-01-09T04:53:58	1552.92	-197.44	2410.03	-326.86	33.71	-143.34
2025-01-09T04:54:00	1546.32	-197.11	2415.59	-326.44	33.70	-145.22
2025-01-09T04:54:02	1539.71	-196.77	2421.13	-325.99	33.67	-147.07
2025-01-09T04:54:04	1533.09	-196.44	2426.68	-325.51	33.64	-148.89
2025-01-09T04:54:06	1526.47	-196.10	2432.20	-325.01	33.60	-150.70
2025-01-09T04:54:08	1519.84	-195.77	2437.73	-324.48	33.55	-152.47
2025-01-09T04:54:10	1513.21	-195.43	2443.24	-323.92	33.49	-154.23
2025-01-09T04:54:12	1506.56	-195.09	2448.74	-323.33	33.42	-155.96
2025-01-09T04:54:14	1499.92	-194.75	2454.24	-322.71	33.35	-157.75
2025-01-09T04:54:16	1493.27	-194.41	2459.72	-322.14	33.29	-159.56
2025-01-09T04:54:18	1486.61	-194.07	2465.20	-321.59	33.23	-161.34
2025-01-09T04:54:20	1479.95	-193.73	2470.67	-321.00	33.17	-163.09
2025-01-09T04:54:22	1473.28	-193.39	2476.12	-320.39	33.11	-164.82
2025-01-09T04:54:24	1466.61	-193.04	2481.57	-319.74	33.04	-166.52
2025-01-09T04:54:26	1459.93	-192.70	2487.01	-319.07	32.97	-168.21
2025-01-09T04:54:28	1453.25	-192.36	2492.45	-318.36	32.90	-169.87
2025-01-09T04:54:30	1446.56	-192.01	2497.87	-317.63	32.83	-171.50
2025-01-09T04:54:32	1439.87	-191.67	2503.28	-316.84	32.76	-173.22
2025-01-09T04:54:34	1433.17	-191.32	2508.68	-316.03	32.69	-174.91
2025-01-09T04:54:36	1426.47	-190.97	2514.08	-315.21	32.61	-176.57
2025-01-09T04:54:38	1419.76	-190.62	2519.46	-314.48	32.56	-178.18
2025-01-09T04:54:40	1413.04	-190.28	2524.84	-313.73	32.50	-179.77
2025-01-09T04:54:42	1406.33	-189.93	2530.21	-312.97	32.43	-181.35
2025-01-09T04:54:44	1399.60	-189.58	2535.57	-312.21	32.36	-182.91
2025-01-09T04:54:46	1392.87	-189.23	2540.92	-311.43	32.28	-184.45
2025-01-09T04:54:48	1386.14	-188.88	2546.25	-310.58	32.20	-186.01
2025-01-09T04:54:50	1379.40	-188.52	2551.59	-309.64	32.11	-187.60
2025-01-09T04:54:52	1372.65	-188.17	2556.91	-308.67	32.02	-189.15
2025-01-09T04:54:54	1365.90	-187.82	2562.22	-307.68	31.93	-190.67
2025-01-09T04:54:56	1359.15	-187.47	2567.52	-306.66	31.83	-192.15
2025-01-09T04:54:58	1352.39	-187.11	2572.82	-305.68	31.73	-193.59
2025-01-09T04:55:00	1345.63	-186.76	2578.10	-304.76	31.65	-194.98
2025-01-09T04:55:02	1338.86	-186.40	2583.38	-303.84	31.56	-196.35
2025-01-09T04:55:04	1332.08	-186.04	2588.64	-302.91	31.47	-197.71
2025-01-09T04:55:06	1325.31	-185.68	2593.90	-301.95	31.39	-199.16
2025-01-09T04:55:08	1318.52	-185.33	2599.15	-300.97	31.30	-200.58
2025-01-09T04:55:10	1311.74	-184.97	2604.39	-299.97	31.21	-201.98
2025-01-09T04:55:12	1304.94	-184.61	2609.62	-298.95	31.12	-203.35
2025-01-09T04:55:14	1298.15	-184.25	2614.84	-297.90	31.01	-204.68
2025-01-09T04:55:16	1291.35	-183.89	2620.05	-296.83	30.91	-205.99
2025-01-09T04:55:18	1284.54	-183.53	2625.25	-295.74	30.79	-207.28
2025-01-09T04:55:20	1277.73	-183.17	2630.45	-294.70	30.69	-208.55
2025-01-09T04:55:22	1270.92	-182.80	2635.63	-293.64	30.62	-209.88
2025-01-09T04:55:24	1264.10	-182.44	2640.80	-292.51	30.56	-211.24
2025-01-09T04:55:26	1257.27	-182.08	2645.97	-291.37	30.49	-212.56
2025-01-09T04:55:28	1250.44	-181.71	2651.13	-290.21	30.41	-213.85
2025-01-09T04:55:30	1243.61	-181.35	2656.27	-289.03	30.33	-215.12
2025-01-09T04:55:32	1236.77	-180.98	2661.41	-287.83	30.24	-216.35
2025-01-09T04:55:34	1229.93	-180.61	2666.54	-286.62	30.15	-217.56
2025-01-09T04:55:36	1223.09	-180.25	2671.66	-285.39	30.05	-218.73
2025-01-09T04:55:38	1216.24	-179.88	2676.77	-284.14	29.95	-219.89
2025-01-09T04:55:40	1209.39	-179.51	2681.87	-282.84	29.80	-221.09
2025-01-09T04:55:42	1202.53	-179.14	2686.96	-281.58	29.64	-222.29
2025-01-09T04:55:44	1195.67	-178.77	2692.04	-280.41	29.48	-223.47
2025-01-09T04:55:46	1188.80	-178.40	2697.11	-279.23	29.32	-224.63
2025-01-09T04:55:48	1181.93	-178.03	2702.18	-278.04	29.16	-225.77
2025-01-09T04:55:50	1175.06	-177.66	2707.23	-276.84	28.99	-226.88
2025-01-09T04:55:52	1168.18	-177.29	2712.28	-275.63	28.82	-227.96
2025-01-09T04:55:54	1161.29	-176.91	2717.32	-274.42	28.64	-229.02
2025-01-09T04:55:56	1154.41	-176.54	2722.34	-273.09	28.48	-230.09
2025-01-09T04:55:58	1147.52	-176.16	2727.36	-271.73	28.33	-231.13
2025-01-09T04:56:00	1140.62	-175.79	2732.37	-270.37	28.17	-232.14
2025-01-09T04:56:02	1133.73	-175.41	2737.37	-269.00	28.03	-233.13
2025-01-09T04:56:04	1126.83	-175.04	2742.36	-267.64	27.88	-234.09
2025-01-09T04:56:06	1119.92	-174.66	2747.34	-266.37	27.77	-235.04
2025-01-09T04:56:08	1113.01	-174.28	2752.31	-265.08	27.65	-235.96
2025-01-09T04:56:10	1106.10	-173.91	2757.27	-263.79	27.53	-236.84
2025-01-09T04:56:12	1099.18	-173.53	2762.22	-262.43	27.41	-237.72
2025-01-09T04:56:14	1092.26	-173.15	2767.17	-261.02	27.29	-238.58
2025-01-09T04:56:16	1085.34	-172.77	2772.10	-259.61	27.16	-239.42
2025-01-09T04:56:18	1078.41	-172.39	2777.03	-258.19	27.03	-240.22
2025-01-09T04:56:20	1071.48	-172.01	2781.94	-256.77	26.90	-241.00
2025-01-09T04:56:22	1064.55	-171.63	2786.85	-255.35	26.77	-241.76
2025-01-09T04:56:24	1057.61	-171.25	2791.75	-253.92	26.63	-242.48
2025-01-09T04:56:26	1050.66	-170.86	2796.64	-252.48	26.49	-243.18
2025-01-09T04:56:28	1043.72	-170.48	2801.52	-251.07	26.36	-243.90
2025-01-09T04:56:30	1036.77	-170.09	2806.39	-249.64	26.24	-244.63
2025-01-09T04:56:32	1029.82	-169.71	2811.25	-248.22	26.10	-245.34
2025-01-09T04:56:34	1022.87	-169.33	2816.10	-246.80	25.97	-246.03
2025-01-09T04:56:36	1015.91	-168.94	2820.95	-245.38	25.82	-246.68
2025-01-09T04:56:38	1008.94	-168.56	2825.78	-243.96	25.67	-247.31
2025-01-09T04:56:40	1001.98	-168.17	2830.60	-242.54	25.50	-247.91
2025-01-09T04:56:42	995.01	-167.78	2835.42	-241.13	25.34	-248.48
2025-01-09T04:56:44	988.04	-167.40	2840.22	-239.70	25.16	-249.03
2025-01-09T04:56:46	981.06	-167.01	2845.02	-238.20	24.97	-249.55
2025-01-09T04:56:48	974.09	-166.62	2849.81	-236.70	24.77	-250.04
2025-01-09T04:56:50	967.10	-166.23	2854.59	-235.20	24.56	-250.51
2025-01-09T04:56:52	960.12	-165.84	2859.36	-233.76	24.36	-251.01
2025-01-09T04:56:54	953.13	-165.45	2864.12	-232.37	24.18	-251.51
2025-01-09T04:56:56	946.14	-165.06	2868.87	-230.99	23.99	-252.00
2025-01-09T04:56:58	939.15	-164.67	2873.61	-229.61	23.81	-252.47
2025-01-09T04:57:00	932.15	-164.28	2878.34	-228.23	23.64	-252.92
2025-01-09T04:57:02	925.15	-163.88	2883.06	-226.76	23.49	-253.34
2025-01-09T04:57:04	918.15	-163.49	2887.78	-225.28	23.34	-253.73
2025-01-09T04:57:06	911.15	-163.09	2892.49	-223.82	23.20	-254.10
2025-01-09T04:57:08	904.14	-162.70	2897.18	-222.36	23.05	-254.45
2025-01-09T04:57:10	897.13	-162.31	2901.87	-220.90	22.91	-254.78
2025-01-09T04:57:12	890.11	-161.91	2906.55	-219.46	22.77	-255.09
2025-01-09T04:57:14	883.10	-161.52	2911.22	-218.01	22.63	-255.37
2025-01-09T04:57:16	876.08	-161.12	2915.88	-216.62	22.49	-255.65
2025-01-09T04:57:18	869.06	-160.72	2920.53	-215.21	22.36	-255.91
2025-01-09T04:57:20	862.03	-160.33	2925.17	-213.80	22.23	-256.13
2025-01-09T04:57:22	855.01	-159.93	2929.80	-212.39	22.10	-256.34
2025-01-09T04:57:24	847.98	-159.53	2934.42	-210.99	21.97	-256.54
2025-01-09T04:57:26	840.94	-159.13	2939.04	-209.60	21.85	-256.72
2025-01-09T04:57:28	833.91	-158.73	2943.65	-208.22	21.73	-256.88
2025-01-09T04:57:30	826.87	-158.33	2948.24	-206.85	21.61	-257.02
2025-01-09T04:57:32	819.83	-157.93	2952.83	-205.48	21.49	-257.15
2025-01-09T04:57:34	812.79	-157.53	2957.41	-204.05	21.39	-257.24
2025-01-09T04:57:36	805.74	-157.13	2961.98	-202.57	21.29	-257.28
2025-01-09T04:57:38	798.69	-156.73	2966.54	-201.10	21.20	-257.31
2025-01-09T04:57:40	791.65	-156.33	2971.09	-199.64	21.10	-257.31
2025-01-09T04:57:42	784.59	-155.92	2975.63	-198.25	21.03	-257.39
2025-01-09T04:57:44	777.54	-155.52	2980.17	-196.88	20.95	-257.45
2025-01-09T04:57:46	770.48	-155.12	2984.69	-195.51	20.87	-257.50
2025-01-09T04:57:48	763.42	-154.71	2989.21	-194.15	20.78	-257.53
2025-01-09T04:57:50	756.36	-154.31	2993.71	-192.77	20.68	-257.54
2025-01-09T04:57:52	749.30	-153.90	2998.21	-191.39	20.57	-257.53
2025-01-09T04:57:54	742.23	-153.50	3002.70	-190.01	20.46	-257.51
2025-01-09T04:57:56	735.16	-153.09	3007.18	-188.65	20.35	-257.47
2025-01-09T04:57:58	728.09	-152.68	3011.65	-187.31	20.23	-257.42
2025-01-09T04:58:00	721.02	-152.28	3016.12	-185.97	20.11	-257.36
2025-01-09T04:58:02	713.94	-151.87	3020.57	-184.65	19.99	-257.29
2025-01-09T04:58:04	706.87	-151.46	3025.01	-183.34	19.87	-257.20
2025-01-09T04:58:06	699.79	-151.05	3029.45	-182.01	19.74	-257.08
2025-01-09T04:58:08	692.71	-150.64	3033.88	-180.69	19.62	-256.94
2025-01-09T04:58:10	685.63	-150.23	3038.30	-179.36	19.49	-256.78
2025-01-09T04:58:12	678.54	-149.83	3042.70	-178.05	19.35	-256.60
2025-01-09T04:58:14	671.45	-149.41	3047.11	-176.75	19.22	-256.41
2025-01-09T04:58:16	664.37	-149.00	3051.50	-175.45	19.08	-256.21
2025-01-09T04:58:18	657.27	-148.59	3055.88	-174.17	18.94	-255.99
2025-01-09T04:58:20	650.18	-148.18	3060.25	-172.89	18.79	-255.75
2025-01-09T04:58:22	643.09	-147.77	3064.62	-171.60	18.65	-255.47
2025-01-09T04:58:24	635.99	-147.36	3068.98	-170.29	18.50	-255.15
2025-01-09T04:58:26	628.89	-146.94	3073.32	-168.99	18.35	-254.82
2025-01-09T04:58:28	621.79	-146.53	3077.66	-167.70	18.21	-254.47
2025-01-09T04:58:30	614.69	-146.12	3081.99	-166.42	18.07	-254.11
2025-01-09T04:58:32	607.59	-145.70	3086.31	-165.16	17.93	-253.77
2025-01-09T04:58:34	600.48	-145.29	3090.63	-163.95	17.81	-253.51
2025-01-09T04:58:36	593.37	-144.87	3094.93	-162.75	17.69	-253.24
2025-01-09T04:58:38	586.27	-144.46	3099.23	-161.52	17.56	-252.94
2025-01-09T04:58:40	579.16	-144.04	3103.51	-160.23	17.43	-252.59
2025-01-09T04:58:42	572.05	-143.63	3107.79	-158.94	17.29	-252.22
2025-01-09T04:58:44	564.93	-143.21	3112.06	-157.67	17.15	-251.84
2025-01-09T04:58:46	557.82	-142.79	3116.32	-156.41	17.02	-251.46
2025-01-09T04:58:48	550.70	-142.37	3120.57	-155.16	16.88	-251.06
2025-01-09T04:58:50	543.58	-141.95	3124.82	-153.92	16.73	-250.64
2025-01-09T04:58:52	536.46	-141.54	3129.05	-152.70	16.59	-250.22
2025-01-09T04:58:54	529.34	-141.12	3133.28	-151.48	16.45	-249.77
2025-01-09T04:58:56	522.22	-140.70	3137.50	-150.25	16.31	-249.26
2025-01-09T04:58:58	515.09	-140.28	3141.70	-149.03	16.17	-248.74
2025-01-09T04:59:00	507.97	-139.86	3145.91	-147.86	16.05	-248.27
2025-01-09T04:59:02	500.84	-139.44	3150.10	-146.70	15.93	-247.82
2025-01-09T04:59:04	493.71	-139.02	3154.28	-145.56	15.81	-247.35
2025-01-09T04:59:06	486.58	-138.60	3158.46	-144.43	15.69	-246.89
2025-01-09T04:59:08	479.46	-138.18	3162.62	-143.31	15.56	-246.41
2025-01-09T04:59:10	472.32	-137.76	3166.78	-142.18	15.44	-245.91
2025-01-09T04:59:12	465.19	-137.33	3170.93	-140.99	15.29	-245.36
2025-01-09T04:59:14	458.06	-136.91	3175.07	-139.83	15.14	-244.81
2025-01-09T04:59:16	450.92	-136.48	3179.21	-138.68	15.00	-244.26
2025-01-09T04:59:18	443.78	-136.06	3183.33	-137.54	14.85	-243.72
2025-01-09T04:59:20	436.65	-135.64	3187.45	-136.41	14.71	-243.17
2025-01-09T04:59:22	429.51	-135.22	3191.55	-135.30	14.57	-242.63
2025-01-09T04:59:24	422.37	-134.79	3195.65	-134.21	14.43	-242.08
2025-01-09T04:59:26	415.22	-134.36	3199.74	-133.13	14.29	-241.52
2025-01-09T04:59:28	408.08	-133.94	3203.82	-132.10	14.18	-240.94
2025-01-09T04:59:30	400.94	-133.51	3207.90	-131.07	14.06	-240.35
2025-01-09T04:59:32	393.79	-133.09	3211.96	-130.06	13.94	-239.75
2025-01-09T04:59:34	386.65	-132.66	3216.02	-129.07	13.82	-239.14
2025-01-09T04:59:36	379.50	-132.23	3220.07	-128.08	13.69	-238.53
2025-01-09T04:59:38	372.35	-131.81	3224.11	-127.11	13.56	-237.90
2025-01-09T04:59:40	365.21	-131.38	3228.14	-126.14	13.43	-237.27
2025-01-09T04:59:42	358.06	-130.95	3232.17	-125.17	13.29	-236.60
2025-01-09T04:59:44	350.91	-130.52	3236.18	-124.14	13.10	-235.84
2025-01-09T04:59:46	343.75	-130.10	3240.19	-123.12	12.91	-235.07
2025-01-09T04:59:48	336.60	-129.67	3244.19	-122.11	12.72	-234.29
2025-01-09T04:59:50	329.45	-129.24	3248.18	-121.11	12.53	-233.51
2025-01-09T04:59:52	322.30	-128.81	3252.16	-120.11	12.34	-232.72
2025-01-09T04:59:54	315.14	-128.38	3256.14	-119.13	12.14	-231.93
2025-01-09T04:59:56	307.99	-127.95	3260.11	-118.17	11.97	-231.26
2025-01-09T04:59:58	300.83	-127.52	3264.06	-117.22	11.83	-230.61
2025-01-09T05:00:00	293.67	-127.08	3268.01	-116.30	11.74	-229.95
2025-01-09T05:00:02	286.51	-126.65	3271.96	-115.40	11.66	-229.28
2025-01-09T05:00:04	279.36	-126.22	3275.89	-114.51	11.59	-228.62
2025-01-09T05:00:06	272.20	-125.79	3279.82	-113.63	11.51	-227.95
2025-01-09T05:00:08	265.04	-125.36	3283.73	-112.78	11.45	-227.28
2025-01-09T05:00:10	257.88	-124.93	3287.64	-111.93	11.38	-226.62
2025-01-09T05:00:12	250.71	-124.49	3291.55	-111.10	11.33	-225.95
2025-01-09T05:00:14	243.56	-124.06	3295.44	-110.27	11.26	-225.25
2025-01-09T05:00:16	236.39	-123.63	3299.32	-109.38	11.15	-224.43
2025-01-09T05:00:18	229.23	-123.19	3303.20	-108.50	11.03	-223.58
2025-01-09T05:00:20	222.07	-122.76	3307.07	-107.61	10.90	-222.72
2025-01-09T05:00:22	214.90	-122.32	3310.93	-106.73	10.78	-221.84
2025-01-09T05:00:24	207.74	-121.89	3314.79	-105.85	10.64	-220.95
2025-01-09T05:00:26	200.57	-121.45	3318.63	-104.98	10.50	-220.11
2025-01-09T05:00:28	193.41	-121.02	3322.47	-104.11	10.36	-219.26
2025-01-09T05:00:30	186.24	-120.58	3326.30	-103.25	10.21	-218.39
2025-01-09T05:00:32	179.07	-120.15	3330.12	-102.42	10.03	-217.43
2025-01-09T05:00:34	171.91	-119.71	3333.94	-101.59	9.86	-216.47
2025-01-09T05:00:36	164.74	-119.27	3337.74	-100.77	9.71	-215.50
2025-01-09T05:00:38	157.58	-118.84	3341.54	-99.97	9.56	-214.53
2025-01-09T05:00:40	150.41	-118.40	3345.33	-99.17	9.42	-213.56
2025-01-09T05:00:42	143.24	-117.96	3349.11	-98.38	9.29	-212.58
2025-01-09T05:00:44	136.07	-117.52	3352.89	-97.60	9.17	-211.61
2025-01-09T05:00:46	128.90	-117.09	3356.65	-96.80	9.07	-210.60
2025-01-09T05:00:48	121.73	-116.65	3360.41	-95.93	8.97	-209.54
2025-01-09T05:00:50	114.56	-116.21	3364.16	-95.08	8.89	-208.49
2025-01-09T05:00:52	107.39	-115.77	3367.91	-94.22	8.81	-207.45
2025-01-09T05:00:54	100.22	-115.33	3371.64	-93.38	8.72	-206.42
2025-01-09T05:00:56	93.05	-114.89	3375.37	-92.59	8.60	-205.42
2025-01-09T05:00:58	85.88	-114.45	3379.09	-91.82	8.48	-204.41
2025-01-09T05:01:00	78.71	-114.01	3382.80	-91.06	8.38	-203.40
2025-01-09T05:01:02	71.54	-113.57	3386.51	-90.37	8.27	-202.37
2025-01-09T05:01:04	64.37	-113.13	3390.21	-89.78	8.13	-201.30
2025-01-09T05:01:06	57.20	-112.69	3393.90	-89.17	7.97	-200.22
2025-01-09T05:01:08	50.03	-112.25	3397.58	-88.56	7.79	-199.13
2025-01-09T05:01:10	42.86	-111.81	3401.25	-87.94	7.61	-198.03
2025-01-09T05:01:12	35.69	-111.36	3404.92	-87.30	7.41	-196.92
2025-01-09T05:01:14	28.51	-110.92	3408.58	-86.66	7.21	-195.81
2025-01-09T05:01:16	21.34	-110.48	3412.23	-86.00	6.99	-194.68
2025-01-09T05:01:18	14.17	-110.04	3415.87	-85.34	6.77	-193.61
2025-01-09T05:01:20	7.00	-109.60	3419.51	-84.70	6.59	-192.65
2025-01-09T05:01:22	-0.17	-109.15	3423.14	-84.09	6.41	-191.74
2025-01-09T05:01:24	-7.34	-108.71	3426.76	-83.50	6.24	-190.85
2025-01-09T05:01:26	-14.52	-108.26	3430.37	-82.94	6.10	-190.08
2025-01-09T05:01:28	-21.69	-107.82	3433.98	-82.39	5.97	-189.34
2025-01-09T05:01:30	-28.86	-107.38	3437.58	-81.83	5.85	-188.57
2025-01-09T05:01:32	-36.03	-106.93	3441.17	-81.25	5.74	-187.77
2025-01-09T05:01:34	-43.20	-106.49	3444.76	-80.67	5.63	-186.92
2025-01-09T05:01:36	-50.37	-106.04	3448.33	-80.15	5.51	-186.04
2025-01-09T05:01:38	-57.54	-105.60	3451.90	-79.66	5.39	-185.19
2025-01-09T05:01:40	-64.72	-105.15	3455.46	-79.19	5.27	-184.37
2025-01-09T05:01:42	-71.89	-104.71	3459.02	-78.74	5.16	-183.56
2025-01-09T05:01:44	-79.06	-104.26	3462.56	-78.32	5.04	-182.78
2025-01-09T05:01:46	-86.23	-103.81	3466.11	-77.93	4.93	-182.01
2025-01-09T05:01:48	-93.40	-103.37	3469.64	-77.56	4.82	-181.27
2025-01-09T05:01:50	-100.57	-102.92	3473.16	-77.15	4.78	-180.41
2025-01-09T05:01:52	-107.74	-102.48	3476.68	-76.63	4.85	-179.35
2025-01-09T05:01:54	-114.91	-102.03	3480.19	-76.11	4.91	-178.27
2025-01-09T05:01:56	-122.08	-101.58	3483.70	-75.58	4.96	-177.16
2025-01-09T05:01:58	-129.25	-101.13	3487.19	-75.04	4.97	-176.05
2025-01-09T05:02:00	-136.42	-100.69	3490.68	-74.49	4.91	-174.92
2025-01-09T05:02:02	-143.59	-100.24	3494.16	-73.96	4.86	-173.76
2025-01-09T05:02:04	-150.76	-99.79	3497.64	-73.43	4.81	-172.57
2025-01-09T05:02:06	-157.92	-99.34	3501.10	-72.98	4.65	-171.45
2025-01-09T05:02:08	-165.09	-98.89	3504.57	-72.64	4.38	-170.48
2025-01-09T05:02:10	-172.26	-98.44	3508.02	-72.34	4.15	-169.53
2025-01-09T05:02:12	-179.43	-98.00	3511.47	-72.06	3.95	-168.62
2025-01-09T05:02:14	-186.59	-97.55	3514.90	-71.80	3.80	-167.73
2025-01-09T05:02:16	-193.76	-97.10	3518.34	-71.57	3.68	-166.86
2025-01-09T05:02:18	-200.92	-96.65	3521.76	-71.37	3.59	-166.03
2025-01-09T05:02:20	-208.09	-96.20	3525.18	-71.20	3.54	-165.21
2025-01-09T05:02:22	-215.25	-95.75	3528.59	-71.02	3.57	-164.43
2025-01-09T05:02:24	-222.42	-95.30	3531.99	-70.81	3.66	-163.68
2025-01-09T05:02:26	-229.58	-94.85	3535.39	-70.62	3.75	-162.95
2025-01-09T05:02:28	-236.75	-94.40	3538.78	-70.45	3.84	-162.25
2025-01-09T05:02:30	-243.91	-93.94	3542.16	-70.30	3.92	-161.58
2025-01-09T05:02:32	-251.07	-93.50	3545.54	-69.97	3.91	-160.94
2025-01-09T05:02:34	-258.24	-93.04	3548.90	-69.57	3.85	-160.29
2025-01-09T05:02:36	-265.40	-92.59	3552.27	-69.13	3.76	-159.61
2025-01-09T05:02:38	-272.56	-92.14	3555.62	-68.71	3.46	-158.49
2025-01-09T05:02:40	-279.72	-91.69	3558.97	-68.36	2.95	-156.91
2025-01-09T05:02:42	-286.88	-91.24	3562.31	-67.97	2.47	-155.37
2025-01-09T05:02:44	-294.04	-90.79	3565.65	-67.57	2.02	-153.89
2025-01-09T05:02:46	-301.20	-90.33	3568.97	-67.16	1.60	-152.46
2025-01-09T05:02:48	-308.36	-89.88	3572.29	-66.72	1.21	-151.08
2025-01-09T05:02:50	-315.52	-89.43	3575.61	-66.28	0.84	-149.75
2025-01-09T05:02:52	-322.67	-88.97	3578.91	-65.83	0.50	-148.47
2025-01-09T05:02:54	-329.83	-88.52	3582.22	-65.33	0.16	-147.02
2025-01-09T05:02:56	-336.99	-88.07	3585.51	-64.75	-0.20	-145.26
2025-01-09T05:02:58	-344.14	-87.61	3588.79	-64.14	-0.57	-143.39
2025-01-09T05:03:00	-351.30	-87.16	3592.07	-63.49	-0.93	-141.41
2025-01-09T05:03:02	-358.45	-86.71	3595.34	-62.80	-1.29	-139.32
2025-01-09T05:03:04	-365.61	-86.25	3598.61	-62.06	-1.64	-137.11
2025-01-09T05:03:06	-372.76	-85.80	3601.87	-61.22	-2.17	-134.86
2025-01-09T05:03:08	-379.91	-85.34	3605.12	-60.32	-2.84	-132.68
2025-01-09T05:03:10	-387.06	-84.89	3608.37	-59.35	-3.67	-130.46
2025-01-09T05:03:12	-394.21	-84.43	3611.61	-58.31	-4.60	-128.13
2025-01-09T05:03:14	-401.36	-83.98	3614.84	-57.26	-5.49	-125.79
2025-01-09T05:03:16	-408.51	-83.52	3618.07	-56.21	-6.36	-123.43
2025-01-09T05:03:18	-415.66	-83.07	3621.29	-55.14	-7.19	-121.06
2025-01-09T05:03:20	-422.81	-82.61	3624.50	-54.07	-8.00	-118.68
2025-01-09T05:03:22	-429.95	-82.16	3627.71	-52.98	-8.78	-116.28
2025-01-09T05:03:24	-437.10	-81.70	3630.91	-51.89	-9.53	-113.87
2025-01-09T05:03:26	-444.25	-81.24	3634.10	-50.57	-9.83	-111.54
2025-01-09T05:03:28	-451.39	-80.79	3637.29	-49.06	-9.64	-109.29
2025-01-09T05:03:30	-458.54	-80.33	3640.47	-47.59	-9.45	-107.01
2025-01-09T05:03:32	-465.68	-79.88	3643.65	-46.17	-9.26	-104.68
2025-01-09T05:03:34	-472.82	-79.42	3646.81	-44.78	-9.07	-102.33
2025-01-09T05:03:36	-479.96	-78.96	3649.97	-43.44	-8.87	-99.93
2025-01-09T05:03:38	-487.10	-78.51	3653.13	-42.15	-8.68	-97.49
2025-01-09T05:03:40	-494.24	-78.05	3656.28	-40.91	-8.48	-95.01
2025-01-09T05:03:42	-501.38	-77.59	3659.42	-39.36	-8.52	-92.40
2025-01-09T05:03:44	-508.52	-77.14	3662.55	-37.57	-8.90	-89.75
2025-01-09T05:03:46	-515.66	-76.68	3665.69	-35.81	-9.26	-87.13
2025-01-09T05:03:48	-522.79	-76.22	3668.81	-34.10	-9.59	-84.54
2025-01-09T05:03:50	-529.93	-75.76	3671.92	-32.43	-9.90	-81.98
2025-01-09T05:03:52	-537.06	-75.30	3675.03	-30.79	-10.17	-79.44
2025-01-09T05:03:54	-544.20	-74.85	3678.14	-29.20	-10.42	-76.93
2025-01-09T05:03:56	-551.33	-74.39	3681.23	-27.64	-10.64	-74.44
2025-01-09T05:03:58	-558.46	-73.93	3684.32	-26.01	-10.59	-71.99
2025-01-09T05:04:00	-565.59	-73.47	3687.41	-24.20	-10.22	-69.54
2025-01-09T05:04:02	-572.72	-73.01	3690.49	-22.31	-9.86	-67.08
2025-01-09T05:04:04	-579.85	-72.55	3693.56	-20.34	-9.52	-64.60
2025-01-09T05:04:06	-586.98	-72.09	3696.63	-18.30	-9.18	-62.09
2025-01-09T05:04:08	-594.10	-71.64	3699.69	-16.17	-8.85	-59.56
2025-01-09T05:04:10	-601.23	-71.17	3702.74	-13.97	-8.53	-56.99
2025-01-09T05:04:12	-608.35	-70.72	3705.79	-11.68	-8.22	-54.37
2025-01-09T05:04:14	-615.48	-70.26	3708.83	-9.60	-7.98	-52.02
2025-01-09T05:04:16	-622.60	-69.80	3711.86	-7.92	-7.82	-50.12
2025-01-09T05:04:18	-629.72	-69.34	3714.90	-6.34	-7.64	-48.29
2025-01-09T05:04:20	-636.84	-68.88	3717.92	-5.07	-7.37	-46.52
2025-01-09T05:04:22	-643.96	-68.42	3720.93	-3.78	-7.13	-44.79
2025-01-09T05:04:24	-651.08	-67.96	3723.95	-2.48	-6.93	-43.08
2025-01-09T05:04:26	-658.20	-67.50	3726.95	-1.15	-6.75	-41.40
2025-01-09T05:04:28	-665.31	-67.04	3729.95	0.18	-6.61	-39.76
2025-01-09T05:04:30	-672.43	-66.58	3732.94	1.31	-6.52	-38.20
2025-01-09T05:04:32	-679.54	-66.11	3735.93	2.10	-6.48	-36.81
2025-01-09T05:04:34	-686.66	-65.65	3738.91	2.88	-6.46	-35.50
2025-01-09T05:04:36	-693.77	-65.19	3741.88	3.65	-6.44	-34.28
2025-01-09T05:04:38	-700.88	-64.73	3744.85	4.42	-6.43	-33.13
2025-01-09T05:04:40	-707.99	-64.27	3747.81	5.18	-6.43	-32.07
2025-01-09T05:04:42	-715.10	-63.81	3750.77	5.93	-6.44	-31.09
2025-01-09T05:04:44	-722.21	-63.35	3753.72	6.67	-6.46	-30.20
2025-01-09T05:04:46	-729.31	-62.89	3756.67	7.31	-6.60	-29.37
2025-01-09T05:04:48	-736.42	-62.42	3759.60	7.78	-7.02	-28.53
2025-01-09T05:04:50	-743.52	-61.96	3762.54	8.25	-7.49	-27.66
2025-01-09T05:04:52	-750.62	-61.50	3765.46	8.72	-8.02	-26.79
2025-01-09T05:04:54	-757.72	-61.04	3768.38	9.19	-8.62	-25.89
2025-01-09T05:04:56	-764.83	-60.58	3771.30	9.67	-9.27	-24.98
2025-01-09T05:04:58	-771.93	-60.12	3774.21	10.12	-10.03	-23.98
2025-01-09T05:05:00	-779.02	-59.65	3777.12	10.59	-10.81	-22.95
2025-01-09T05:05:02	-786.12	-59.19	3780.01	11.09	-11.56	-21.86
2025-01-09T05:05:04	-793.22	-58.73	3782.91	11.62	-12.23	-20.66
2025-01-09T05:05:06	-800.31	-58.27	3785.79	12.20	-12.91	-19.47
2025-01-09T05:05:08	-807.40	-57.80	3788.67	12.83	-13.61	-18.30
2025-01-09T05:05:10	-814.50	-57.34	3791.55	13.50	-14.32	-17.15
2025-01-09T05:05:12	-821.59	-56.88	3794.42	14.21	-15.04	-16.02
2025-01-09T05:05:14	-828.68	-56.41	3797.28	14.97	-15.77	-14.91
2025-01-09T05:05:16	-835.77	-55.95	3800.14	15.78	-16.51	-13.82
2025-01-09T05:05:18	-842.85	-55.49	3802.99	16.66	-17.16	-12.74
2025-01-09T05:05:20	-849.94	-55.02	3805.84	17.63	-17.43	-11.65
2025-01-09T05:05:22	-857.02	-54.56	3808.68	18.59	-17.68	-10.59
2025-01-09T05:05:24	-864.11	-54.10	3811.51	19.52	-17.90	-9.55
2025-01-09T05:05:26	-871.19	-53.63	3814.34	20.42	-18.09	-8.54
2025-01-09T05:05:28	-878.27	-53.17	3817.17	21.30	-18.26	-7.56
2025-01-09T05:05:30	-885.35	-52.71	3819.98	22.16	-18.41	-6.60
2025-01-09T05:05:32	-892.43	-52.24	3822.80	22.99	-18.53	-5.68
2025-01-09T05:05:34	-899.50	-51.78	3825.60	23.69	-18.70	-4.85
2025-01-09T05:05:36	-906.58	-51.31	3828.41	23.83	-19.19	-4.37
2025-01-09T05:05:38	-913.65	-50.85	3831.20	23.87	-19.71	-3.93
2025-01-09T05:05:40	-920.73	-50.39	3833.99	23.92	-20.22	-3.48
2025-01-09T05:05:42	-927.80	-49.92	3836.78	23.99	-20.71	-3.01
2025-01-09T05:05:44	-934.87	-49.46	3839.56	24.07	-21.19	-2.54
2025-01-09T05:05:46	-941.94	-48.99	3842.33	24.17	-21.64	-2.05
2025-01-09T05:05:48	-949.01	-48.53	3845.10	24.29	-22.08	-1.54
2025-01-09T05:05:50	-956.07	-48.06	3847.86	24.44	-22.51	-1.02
2025-01-09T05:05:52	-963.14	-47.60	3850.62	24.79	-23.06	-0.38
2025-01-09T05:05:54	-970.20	-47.13	3853.37	25.12	-23.57	0.24
2025-01-09T05:05:56	-977.26	-46.67	3856.12	25.43	-24.02	0.82
2025-01-09T05:05:58	-984.32	-46.20	3858.86	25.71	-24.43	1.38
2025-01-09T05:06:00	-991.38	-45.74	3861.60	25.96	-24.79	1.91
2025-01-09T05:06:02	-998.44	-45.27	3864.33	26.20	-25.12	2.41
2025-01-09T05:06:04	-1005.50	-44.81	3867.05	26.41	-25.40	2.89
2025-01-09T05:06:06	-1012.55	-44.34	3869.77	26.59	-25.65	3.34
2025-01-09T05:06:08	-1019.61	-43.88	3872.49	26.26	-25.78	4.18
2025-01-09T05:06:10	-1026.66	-43.41	3875.20	25.93	-25.93	5.04
2025-01-09T05:06:12	-1033.71	-42.95	3877.90	25.60	-26.08	5.89
2025-01-09T05:06:14	-1040.76	-42.48	3880.60	25.27	-26.25	6.75
2025-01-09T05:06:16	-1047.81	-42.01	3883.29	24.95	-26.42	7.61
2025-01-09T05:06:18	-1054.86	-41.55	3885.98	24.62	-26.61	8.46
2025-01-09T05:06:20	-1061.90	-41.08	3888.67	24.35	-26.75	9.21
2025-01-09T05:06:22	-1068.94	-40.62	3891.34	24.14	-26.90	9.93
2025-01-09T05:06:24	-1075.99	-40.15	3894.02	24.02	-26.52	10.38
2025-01-09T05:06:26	-1083.03	-39.68	3896.68	23.93	-26.08	10.79
2025-01-09T05:06:28	-1090.07	-39.22	3899.35	23.84	-25.67	11.22
2025-01-09T05:06:30	-1097.11	-38.75	3902.00	23.77	-25.30	11.67
2025-01-09T05:06:32	-1104.14	-38.29	3904.65	23.71	-24.96	12.13
2025-01-09T05:06:34	-1111.18	-37.82	3907.30	23.65	-24.65	12.60
2025-01-09T05:06:36	-1118.21	-37.35	3909.94	23.61	-24.38	13.09
2025-01-09T05:06:38	-1125.25	-36.89	3912.58	23.57	-24.15	13.59
2025-01-09T05:06:40	-1132.28	-36.42	3915.21	23.76	-23.93	14.02
2025-01-09T05:06:42	-1139.31	-35.95	3917.84	24.00	-23.72	14.45
2025-01-09T05:06:44	-1146.33	-35.48	3920.46	24.21	-23.53	14.92
2025-01-09T05:06:46	-1153.36	-35.02	3923.07	24.41	-23.36	15.41
2025-01-09T05:06:48	-1160.39	-34.55	3925.68	24.57	-23.20	15.94
2025-01-09T05:06:50	-1167.41	-34.09	3928.29	24.72	-23.07	16.50
2025-01-09T05:06:52	-1174.43	-33.62	3930.89	24.85	-22.95	17.08
2025-01-09T05:06:54	-1181.45	-33.15	3933.49	24.96	-22.86	17.69
2025-01-09T05:06:56	-1188.47	-32.68	3936.08	25.11	-22.80	17.86
2025-01-09T05:06:58	-1195.49	-32.22	3938.67	25.29	-22.76	17.68
2025-01-09T05:07:00	-1202.51	-31.75	3941.25	25.46	-22.69	17.46
2025-01-09T05:07:02	-1209.52	-31.28	3943.82	25.64	-22.61	17.18
2025-01-09T05:07:04	-1216.53	-30.82	3946.39	25.82	-22.51	16.81
2025-01-09T05:07:06	-1223.54	-30.35	3948.96	25.99	-22.41	16.46
2025-01-09T05:07:08	-1230.55	-29.88	3951.52	26.14	-22.31	16.13
2025-01-09T05:07:10	-1237.56	-29.41	3954.08	26.28	-22.21	15.82
2025-01-09T05:07:12	-1244.57	-28.95	3956.63	26.39	-22.07	15.64
2025-01-09T05:07:14	-1251.57	-28.48	3959.18	26.47	-21.88	15.59
2025-01-09T05:07:16	-1258.58	-28.01	3961.72	26.55	-21.70	15.52
2025-01-09T05:07:18	-1265.58	-27.54	3964.25	26.63	-21.54	15.44
2025-01-09T05:07:20	-1272.58	-27.07	3966.78	26.69	-21.39	15.33
2025-01-09T05:07:22	-1279.58	-26.61	3969.31	26.75	-21.26	15.20
2025-01-09T05:07:24	-1286.58	-26.14	3971.83	26.80	-21.14	15.06
2025-01-09T05:07:26	-1293.57	-25.67	3974.35	26.84	-21.03	14.91
2025-01-09T05:07:28	-1300.57	-25.21	3976.87	26.86	-21.02	14.74
2025-01-09T05:07:30	-1307.56	-24.74	3979.37	26.80	-21.23	14.59
2025-01-09T05:07:32	-1314.55	-24.27	3981.88	26.74	-21.43	14.46
2025-01-09T05:07:34	-1321.54	-23.80	3984.37	26.68	-21.61	14.33
2025-01-09T05:07:36	-1328.53	-23.33	3986.87	26.62	-21.79	14.22
2025-01-09T05:07:38	-1335.52	-22.86	3989.36	26.56	-21.97	14.13
2025-01-09T05:07:40	-1342.50	-22.39	3991.84	26.50	-22.13	14.05
2025-01-09T05:07:42	-1349.49	-21.93	3994.32	26.44	-22.29	13.99
2025-01-09T05:07:44	-1356.47	-21.46	3996.80	26.38	-22.43	13.94
2025-01-09T05:07:46	-1363.45	-20.99	3999.26	26.33	-22.48	13.91
2025-01-09T05:07:48	-1370.43	-20.52	4001.73	26.24	-22.42	13.86
2025-01-09T05:07:50	-1377.40	-20.05	4004.19	26.13	-22.30	13.79
2025-01-09T05:07:52	-1384.38	-19.59	4006.65	25.99	-22.17	13.70
2025-01-09T05:07:54	-1391.35	-19.12	4009.10	25.83	-22.03	13.58
2025-01-09T05:07:56	-1398.32	-18.65	4011.55	25.66	-21.87	13.44
2025-01-09T05:07:58	-1405.30	-18.18	4013.99	25.46	-21.71	13.28
2025-01-09T05:08:00	-1412.26	-17.71	4016.43	25.23	-21.52	13.10
2025-01-09T05:08:02	-1419.23	-17.24	4018.86	24.86	-21.26	12.89
2025-01-09T05:08:04	-1426.20	-16.77	4021.29	24.47	-20.98	12.70
2025-01-09T05:08:06	-1433.16	-16.30	4023.71	24.09	-20.69	12.54
2025-01-09T05:08:08	-1440.12	-15.84	4026.13	23.71	-20.39	12.40
2025-01-09T05:08:10	-1447.09	-15.37	4028.54	23.34	-20.09	12.28
2025-01-09T05:08:12	-1454.04	-14.90	4030.96	22.98	-19.78	12.20
2025-01-09T05:08:14	-1461.00	-14.43	4033.36	22.62	-19.46	12.14
2025-01-09T05:08:16	-1467.96	-13.96	4035.76	22.28	-19.13	12.11
2025-01-09T05:08:18	-1474.91	-13.49	4038.16	22.30	-19.18	12.28
2025-01-09T05:08:20	-1481.87	-13.02	4040.55	22.53	-19.43	12.58
2025-01-09T05:08:22	-1488.82	-12.55	4042.94	22.79	-19.72	12.92
2025-01-09T05:08:24	-1495.77	-12.09	4045.32	23.08	-20.05	13.29
2025-01-09T05:08:26	-1502.72	-11.62	4047.70	23.41	-20.40	13.70
2025-01-09T05:08:28	-1509.66	-11.15	4050.08	23.77	-20.79	14.14
2025-01-09T05:08:30	-1516.60	-10.68	4052.44	24.17	-21.20	14.62
2025-01-09T05:08:32	-1523.55	-10.21	4054.81	24.60	-21.64	15.13
2025-01-09T05:08:34	-1530.49	-9.74	4057.17	24.83	-22.02	15.35
2025-01-09T05:08:36	-1537.43	-9.27	4059.53	24.62	-22.26	15.07
2025-01-09T05:08:38	-1544.37	-8.80	4061.88	24.40	-22.48	14.75
2025-01-09T05:08:40	-1551.30	-8.33	4064.23	24.19	-22.66	14.42
2025-01-09T05:08:42	-1558.24	-7.86	4066.57	23.97	-22.81	14.07
2025-01-09T05:08:44	-1565.17	-7.39	4068.91	23.76	-22.92	13.70
2025-01-09T05:08:46	-1572.10	-6.92	4071.25	23.54	-23.00	13.30
2025-01-09T05:08:48	-1579.03	-6.45	4073.58	23.33	-23.03	12.89
2025-01-09T05:08:50	-1585.96	-5.99	4075.91	23.11	-22.94	12.48
2025-01-09T05:08:52	-1592.89	-5.52	4078.23	22.82	-22.49	12.16
2025-01-09T05:08:54	-1599.81	-5.05	4080.55	22.55	-22.04	11.87
2025-01-09T05:08:56	-1606.74	-4.58	4082.86	22.30	-21.58	11.60
2025-01-09T05:08:58	-1613.65	-4.11	4085.17	22.07	-21.12	11.37
2025-01-09T05:09:00	-1620.57	-3.64	4087.47	21.86	-20.65	11.16
2025-01-09T05:09:02	-1627.49	-3.17	4089.77	21.67	-20.19	10.99
2025-01-09T05:09:04	-1634.41	-2.70	4092.07	21.52	-19.73	10.85
2025-01-09T05:09:06	-1641.32	-2.23	4094.36	21.41	-19.26	10.75
2025-01-09T05:09:08	-1648.24	-1.76	4096.65	21.27	-19.37	10.97
2025-01-09T05:09:10	-1655.15	-1.29	4098.94	21.12	-19.54	11.22
2025-01-09T05:09:12	-1662.06	-0.82	4101.22	20.96	-19.74	11.48
2025-01-09T05:09:14	-1668.96	-0.35	4103.49	20.79	-19.97	11.75
2025-01-09T05:09:16	-1675.87	0.12	4105.76	20.60	-20.23	12.03
2025-01-09T05:09:18	-1682.78	0.59	4108.03	20.41	-20.51	12.31
2025-01-09T05:09:20	-1689.68	1.06	4110.29	20.20	-20.82	12.59
2025-01-09T05:09:22	-1696.58	1.53	4112.55	19.97	-21.16	12.88
2025-01-09T05:09:24	-1703.48	2.00	4114.81	19.81	-21.25	12.98
2025-01-09T05:09:26	-1710.38	2.47	4117.06	19.78	-21.15	12.94
2025-01-09T05:09:28	-1717.27	2.94	4119.31	19.74	-21.07	12.93
2025-01-09T05:09:30	-1724.16	3.40	4121.55	19.69	-21.02	12.95
2025-01-09T05:09:32	-1731.06	3.87	4123.79	19.61	-21.00	13.00
2025-01-09T05:09:34	-1737.95	4.34	4126.02	19.53	-21.00	13.08
2025-01-09T05:09:36	-1744.84	4.81	4128.25	19.43	-21.02	13.20
2025-01-09T05:09:38	-1751.72	5.29	4130.48	19.33	-21.08	13.34
2025-01-09T05:09:40	-1758.61	5.75	4132.70	19.30	-21.13	13.48
2025-01-09T05:09:42	-1765.50	6.22	4134.92	19.43	-21.15	13.55
2025-01-09T05:09:44	-1772.38	6.69	4137.13	19.54	-21.16	13.61
2025-01-09T05:09:46	-1779.26	7.16	4139.35	19.63	-21.15	13.64
2025-01-09T05:09:48	-1786.14	7.63	4141.55	19.69	-21.13	13.65
2025-01-09T05:09:50	-1793.01	8.10	4143.75	19.73	-21.09	13.64
2025-01-09T05:09:52	-1799.89	8.57	4145.95	19.76	-21.04	13.60
2025-01-09T05:09:54	-1806.76	9.04	4148.15	19.76	-20.97	13.55
2025-01-09T05:09:56	-1813.63	9.51	4150.34	19.76	-20.88	13.49
2025-01-09T05:09:58	-1820.51	9.98	4152.52	19.94	-20.75	13.57
2025-01-09T05:10:00	-1827.37	10.45	4154.71	20.12	-20.60	13.64
2025-01-09T05:10:02	-1834.24	10.92	4156.89	20.33	-20.44	13.68
2025-01-09T05:10:04	-1841.10	11.39	4159.06	20.54	-20.26	13.71
2025-01-09T05:10:06	-1847.97	11.86	4161.23	20.75	-20.08	13.73
2025-01-09T05:10:08	-1854.83	12.33	4163.40	20.98	-19.88	13.72
2025-01-09T05:10:10	-1861.69	12.80	4165.56	21.21	-19.67	13.70
2025-01-09T05:10:12	-1868.55	13.27	4167.72	21.45	-19.45	13.67
2025-01-09T05:10:14	-1875.41	13.74	4169.88	21.56	-19.42	13.62
2025-01-09T05:10:16	-1882.26	14.21	4172.03	21.61	-19.50	13.56
2025-01-09T05:10:18	-1889.11	14.68	4174.18	21.62	-19.64	13.54
2025-01-09T05:10:20	-1895.96	15.15	4176.32	21.65	-19.77	13.53
2025-01-09T05:10:22	-1902.81	15.62	4178.46	21.68	-19.88	13.52
2025-01-09T05:10:24	-1909.66	16.09	4180.60	21.73	-19.99	13.52
2025-01-09T05:10:26	-1916.51	16.56	4182.73	21.78	-20.10	13.52
2025-01-09T05:10:28	-1923.35	17.03	4184.86	21.84	-20.19	13.54
2025-01-09T05:10:30	-1930.19	17.50	4186.98	21.98	-20.19	13.63
2025-01-09T05:10:32	-1937.04	17.97	4189.11	22.24	-20.04	13.84
2025-01-09T05:10:34	-1943.87	18.44	4191.22	22.52	-19.91	14.04
2025-01-09T05:10:36	-1950.71	18.91	4193.34	22.83	-19.79	14.24
2025-01-09T05:10:38	-1957.55	19.38	4195.45	23.15	-19.67	14.42
2025-01-09T05:10:40	-1964.38	19.85	4197.55	23.49	-19.57	14.60
2025-01-09T05:10:42	-1971.21	20.32	4199.65	23.86	-19.47	14.76
2025-01-09T05:10:44	-1978.04	20.79	4201.76	24.24	-19.38	14.92
2025-01-09T05:10:46	-1984.87	21.26	4203.85	24.64	-19.29	15.06
2025-01-09T05:10:48	-1991.70	21.73	4205.94	24.71	-19.19	15.00
2025-01-09T05:10:50	-1998.52	22.20	4208.03	24.77	-19.07	14.92
2025-01-09T05:10:52	-2005.35	22.67	4210.11	24.84	-18.94	14.83
2025-01-09T05:10:54	-2012.17	23.14	4212.19	24.91	-18.80	14.73
2025-01-09T05:10:56	-2018.99	23.61	4214.27	24.99	-18.65	14.61
2025-01-09T05:10:58	-2025.81	24.08	4216.34	25.08	-18.49	14.49
2025-01-09T05:11:00	-2032.62	24.55	4218.41	25.18	-18.32	14.36
2025-01-09T05:11:02	-2039.44	25.02	4220.48	25.29	-18.14	14.22
2025-01-09T05:11:04	-2046.25	25.49	4222.54	25.35	-18.02	14.09
2025-01-09T05:11:06	-2053.06	25.96	4224.60	25.37	-17.92	13.98
2025-01-09T05:11:08	-2059.87	26.43	4226.66	25.38	-17.81	13.88
2025-01-09T05:11:10	-2066.68	26.90	4228.71	25.37	-17.69	13.78
2025-01-09T05:11:12	-2073.49	27.37	4230.76	25.28	-17.67	13.76
2025-01-09T05:11:14	-2080.29	27.84	4232.80	25.20	-17.65	13.74
2025-01-09T05:11:16	-2087.09	28.31	4234.84	25.11	-17.63	13.71
2025-01-09T05:11:18	-2093.89	28.78	4236.88	25.04	-17.60	13.68
2025-01-09T05:11:20	-2100.69	29.25	4238.91	24.93	-17.61	13.73
2025-01-09T05:11:22	-2107.49	29.72	4240.94	24.65	-17.77	14.18
2025-01-09T05:11:24	-2114.28	30.19	4242.97	24.37	-17.90	14.60
2025-01-09T05:11:26	-2121.08	30.66	4244.99	24.09	-18.02	15.01
2025-01-09T05:11:28	-2127.87	31.13	4247.01	23.81	-18.11	15.38
2025-01-09T05:11:30	-2134.66	31.60	4249.03	23.53	-18.18	15.74
2025-01-09T05:11:32	-2141.45	32.07	4251.04	23.25	-18.23	16.08
2025-01-09T05:11:34	-2148.23	32.53	4253.05	22.97	-18.25	16.39
2025-01-09T05:11:36	-2155.02	33.01	4255.06	22.70	-18.26	16.68
2025-01-09T05:11:38	-2161.80	33.47	4257.06	22.60	-18.36	16.86
2025-01-09T05:11:40	-2168.58	33.95	4259.06	22.54	-18.47	17.01
2025-01-09T05:11:42	-2175.36	34.41	4261.05	22.47	-18.56	17.16
2025-01-09T05:11:44	-2182.14	34.88	4263.05	22.39	-18.64	17.32
2025-01-09T05:11:46	-2188.92	35.35	4265.03	22.30	-18.70	17.48
2025-01-09T05:11:48	-2195.69	35.82	4267.02	22.20	-18.75	17.65
2025-01-09T05:11:50	-2202.47	36.29	4269.00	22.08	-18.78	17.82
2025-01-09T05:11:52	-2209.24	36.76	4270.98	21.95	-18.80	18.00
2025-01-09T05:11:54	-2216.01	37.23	4272.96	21.95	-18.80	18.08
2025-01-09T05:11:56	-2222.77	37.70	4274.93	22.22	-18.82	17.97
2025-01-09T05:11:58	-2229.54	38.17	4276.90	22.50	-18.88	17.87
2025-01-09T05:12:00	-2236.30	38.64	4278.86	22.79	-18.97	17.77
2025-01-09T05:12:02	-2243.07	39.11	4280.82	23.08	-19.10	17.67
2025-01-09T05:12:04	-2249.82	39.58	4282.78	23.38	-19.26	17.58
2025-01-09T05:12:06	-2256.58	40.05	4284.74	23.68	-19.46	17.49
2025-01-09T05:12:08	-2263.34	40.52	4286.69	23.98	-19.66	17.41
2025-01-09T05:12:10	-2270.10	40.99	4288.64	24.24	-19.76	17.36
2025-01-09T05:12:12	-2276.85	41.46	4290.58	24.21	-19.51	17.17
2025-01-09T05:12:14	-2283.60	41.93	4292.52	24.16	-19.25	16.97
2025-01-09T05:12:16	-2290.35	42.40	4294.46	24.12	-19.02	16.78
2025-01-09T05:12:18	-2297.10	42.87	4296.40	24.10	-18.83	16.60
2025-01-09T05:12:20	-2303.85	43.34	4298.33	24.08	-18.67	16.43
2025-01-09T05:12:22	-2310.59	43.81	4300.26	24.08	-18.54	16.27
2025-01-09T05:12:24	-2317.33	44.27	4302.18	24.09	-18.45	16.11
2025-01-09T05:12:26	-2324.07	44.74	4304.10	24.11	-18.39	15.97
2025-01-09T05:12:28	-2330.81	45.21	4306.02	24.10	-18.36	15.89
2025-01-09T05:12:30	-2337.55	45.68	4307.94	24.04	-18.35	15.88
2025-01-09T05:12:32	-2344.29	46.15	4309.85	23.99	-18.34	15.84
2025-01-09T05:12:34	-2351.02	46.62	4311.76	23.95	-18.34	15.78
2025-01-09T05:12:36	-2357.75	47.09	4313.67	23.92	-18.34	15.70
2025-01-09T05:12:38	-2364.48	47.56	4315.57	23.90	-18.35	15.59
2025-01-09T05:12:40	-2371.21	48.03	4317.47	23.90	-18.37	15.45
2025-01-09T05:12:42	-2377.94	48.50	4319.37	23.91	-18.39	15.29
2025-01-09T05:12:44	-2384.67	48.97	4321.26	23.93	-18.41	15.11
2025-01-09T05:12:46	-2391.39	49.44	4323.15	23.52	-18.57	14.97
2025-01-09T05:12:48	-2398.11	49.91	4325.03	23.06	-18.74	14.84
2025-01-09T05:12:50	-2404.83	50.38	4326.92	22.59	-18.90	14.70
2025-01-09T05:12:52	-2411.55	50.84	4328.80	22.11	-19.05	14.56
2025-01-09T05:12:54	-2418.27	51.31	4330.68	21.63	-19.20	14.42
2025-01-09T05:12:56	-2424.98	51.78	4332.55	21.14	-19.34	14.29
2025-01-09T05:12:58	-2431.69	52.25	4334.42	20.64	-19.48	14.15
2025-01-09T05:13:00	-2438.41	52.72	4336.29	20.14	-19.62	14.02
2025-01-09T05:13:02	-2445.12	53.19	4338.15	19.85	-19.77	13.89
2025-01-09T05:13:04	-2451.82	53.66	4340.02	19.91	-19.96	13.76
2025-01-09T05:13:06	-2458.53	54.13	4341.88	19.96	-20.17	13.65
2025-01-09T05:13:08	-2465.23	54.60	4343.73	20.03	-20.34	13.60
2025-01-09T05:13:10	-2471.94	55.07	4345.58	20.10	-20.41	13.63
2025-01-09T05:13:12	-2478.64	55.53	4347.43	20.17	-20.49	13.69
2025-01-09T05:13:14	-2485.34	56.00	4349.28	20.24	-20.56	13.77
2025-01-09T05:13:16	-2492.03	56.47	4351.13	20.31	-20.65	13.87
2025-01-09T05:13:18	-2498.73	56.94	4352.96	20.38	-20.74	13.98
2025-01-09T05:13:20	-2505.42	57.41	4354.80	20.51	-20.19	14.08
2025-01-09T05:13:22	-2512.12	57.88	4356.64	20.65	-19.58	14.15
2025-01-09T05:13:24	-2518.81	58.35	4358.47	20.79	-19.00	14.19
2025-01-09T05:13:26	-2525.50	58.82	4360.29	20.92	-18.44	14.21
2025-01-09T05:13:28	-2532.18	59.28	4362.12	21.06	-17.92	14.20
2025-01-09T05:13:30	-2538.87	59.75	4363.94	21.19	-17.43	14.16
2025-01-09T05:13:32	-2545.55	60.22	4365.76	21.31	-16.96	14.10
2025-01-09T05:13:34	-2552.23	60.69	4367.58	21.44	-16.52	14.02
2025-01-09T05:13:36	-2558.91	61.16	4369.39	21.49	-16.23	13.97
2025-01-09T05:13:38	-2565.59	61.63	4371.20	21.38	-16.21	14.05
2025-01-09T05:13:40	-2572.27	62.10	4373.01	21.26	-16.17	14.12
2025-01-09T05:13:42	-2578.94	62.57	4374.82	21.14	-16.09	14.19
2025-01-09T05:13:44	-2585.62	63.03	4376.62	21.01	-16.00	14.24
2025-01-09T05:13:46	-2592.29	63.50	4378.42	20.88	-15.87	14.29
2025-01-09T05:13:48	-2598.96	63.97	4380.21	20.74	-15.73	14.34
2025-01-09T05:13:50	-2605.62	64.44	4382.01	20.60	-15.56	14.37
2025-01-09T05:13:52	-2612.29	64.91	4383.79	20.45	-15.36	14.41
2025-01-09T05:13:54	-2618.96	65.38	4385.58	20.53	-15.51	14.56
2025-01-09T05:13:56	-2625.62	65.85	4387.37	20.70	-15.78	14.77
2025-01-09T05:13:58	-2632.28	66.31	4389.15	20.89	-16.06	14.99
2025-01-09T05:14:00	-2638.94	66.78	4390.92	21.09	-16.35	15.22
2025-01-09T05:14:02	-2645.60	67.25	4392.70	21.31	-16.64	15.47
2025-01-09T05:14:04	-2652.25	67.72	4394.47	21.54	-16.94	15.73
2025-01-09T05:14:06	-2658.91	68.19	4396.24	21.79	-17.25	16.00
2025-01-09T05:14:08	-2665.56	68.65	4398.01	22.05	-17.56	16.29
2025-01-09T05:14:10	-2672.21	69.12	4399.77	22.30	-17.80	16.57
2025-01-09T05:14:12	-2678.86	69.59	4401.54	22.29	-17.63	16.69
2025-01-09T05:14:14	-2685.51	70.06	4403.29	22.23	-17.46	16.79
2025-01-09T05:14:16	-2692.15	70.53	4405.05	22.17	-17.31	16.86
2025-01-09T05:14:18	-2698.79	70.99	4406.80	22.10	-17.18	16.92
2025-01-09T05:14:20	-2705.44	71.46	4408.55	22.04	-17.06	16.96
2025-01-09T05:14:22	-2712.08	71.93	4410.30	21.97	-16.96	16.98
2025-01-09T05:14:24	-2718.72	72.40	4412.04	21.91	-16.87	16.98
2025-01-09T05:14:26	-2725.35	72.87	4413.78	21.84	-16.80	16.96
2025-01-09T05:14:28	-2731.99	73.33	4415.52	21.72	-16.70	16.88
2025-01-09T05:14:30	-2738.62	73.80	4417.26	21.59	-16.55	16.77
2025-01-09T05:14:32	-2745.25	74.27	4418.99	21.47	-16.42	16.66
2025-01-09T05:14:34	-2751.88	74.74	4420.72	21.38	-16.30	16.54
2025-01-09T05:14:36	-2758.51	75.21	4422.45	21.31	-16.18	16.42
2025-01-09T05:14:38	-2765.14	75.67	4424.17	21.26	-16.07	16.30
2025-01-09T05:14:40	-2771.76	76.14	4425.90	21.24	-15.98	16.19
2025-01-09T05:14:42	-2778.38	76.61	4427.62	21.23	-15.89	16.07
2025-01-09T05:14:44	-2785.00	77.08	4429.33	21.25	-15.82	15.96
2025-01-09T05:14:46	-2791.63	77.54	4431.05	21.17	-15.62	16.01
2025-01-09T05:14:48	-2798.24	78.01	4432.76	21.10	-15.40	16.08
2025-01-09T05:14:50	-2804.86	78.48	4434.47	21.05	-15.17	16.17
2025-01-09T05:14:52	-2811.47	78.95	4436.17	21.00	-14.93	16.28
2025-01-09T05:14:54	-2818.09	79.41	4437.88	20.98	-14.68	16.41
2025-01-09T05:14:56	-2824.70	79.88	4439.58	20.97	-14.42	16.55
2025-01-09T05:14:58	-2831.31	80.35	4441.27	20.97	-14.16	16.72
2025-01-09T05:15:00	-2837.92	80.82	4442.97	20.99	-13.88	16.89
2025-01-09T05:15:02	-2844.52	81.28	4444.66	20.98	-13.66	17.01
2025-01-09T05:15:04	-2851.13	81.75	4446.35	20.86	-13.57	16.92
2025-01-09T05:15:06	-2857.73	82.22	4448.04	20.72	-13.48	16.84
2025-01-09T05:15:08	-2864.33	82.69	4449.72	20.56	-13.39	16.76
2025-01-09T05:15:10	-2870.93	83.15	4451.40	20.40	-13.29	16.69
2025-01-09T05:15:12	-2877.52	83.62	4453.08	20.21	-13.18	16.63
2025-01-09T05:15:14	-2884.12	84.09	4454.76	20.01	-13.07	16.57
2025-01-09T05:15:16	-2890.71	84.56	4456.43	19.80	-12.96	16.52
2025-01-09T05:15:18	-2897.30	85.02	4458.10	19.57	-12.87	16.47
2025-01-09T05:15:20	-2903.90	85.49	4459.77	19.37	-13.02	16.42
2025-01-09T05:15:22	-2910.49	85.96	4461.44	19.20	-13.26	16.40
2025-01-09T05:15:24	-2917.07	86.42	4463.10	19.03	-13.48	16.38
2025-01-09T05:15:26	-2923.66	86.89	4464.76	18.88	-13.68	16.37
2025-01-09T05:15:28	-2930.24	87.36	4466.42	18.73	-13.85	16.37
2025-01-09T05:15:30	-2936.83	87.82	4468.08	18.58	-14.00	16.38
2025-01-09T05:15:32	-2943.40	88.29	4469.73	18.44	-14.13	16.39
2025-01-09T05:15:34	-2949.98	88.76	4471.38	18.31	-14.23	16.42
2025-01-09T05:15:36	-2956.56	89.22	4473.03	18.18	-14.31	16.45
2025-01-09T05:15:38	-2963.14	89.69	4474.67	18.19	-14.41	16.55
2025-01-09T05:15:40	-2969.71	90.16	4476.32	18.20	-14.50	16.65
2025-01-09T05:15:42	-2976.28	90.62	4477.96	18.22	-14.58	16.75
2025-01-09T05:15:44	-2982.85	91.09	4479.60	18.24	-14.66	16.84
2025-01-09T05:15:46	-2989.42	91.56	4481.23	18.26	-14.72	16.92
2025-01-09T05:15:48	-2995.99	92.02	4482.86	18.27	-14.78	17.00
2025-01-09T05:15:50	-3002.55	92.49	4484.49	18.29	-14.82	17.07
2025-01-09T05:15:52	-3009.12	92.96	4486.12	18.30	-14.87	17.14
2025-01-09T05:15:54	-3015.68	93.42	4487.75	18.31	-14.86	17.19
2025-01-09T05:15:56	-3022.24	93.89	4489.37	18.27	-14.74	17.18
2025-01-09T05:15:58	-3028.80	94.35	4490.99	18.22	-14.62	17.16
2025-01-09T05:16:00	-3035.36	94.82	4492.61	18.15	-14.53	17.13
2025-01-09T05:16:02	-3041.91	95.29	4494.22	18.06	-14.44	17.09
2025-01-09T05:16:04	-3048.46	95.76	4495.84	17.94	-14.37	17.04
2025-01-09T05:16:06	-3055.01	96.22	4497.44	17.81	-14.31	16.98
