Time	POS_X	POS_Y	POS_Z	B_X	B_Y	B_Z
2025-01-09T04:27:12	4483.66	-246.20	-3062.75	89.37	2.89	-12.48
2025-01-09T04:27:14	4482.06	-246.29	-3056.18	89.42	2.85	-12.47
2025-01-09T04:27:16	4480.45	-246.38	-3049.61	89.48	2.82	-12.45
2025-01-09T04:27:18	4478.85	-246.48	-3043.03	89.53	2.79	-12.44
2025-01-09T04:27:20	4477.24	-246.57	-3036.46	89.58	2.75	-12.43
2025-01-09T04:27:22	4475.62	-246.66	-3029.88	89.62	2.73	-12.42
2025-01-09T04:27:24	4474.01	-246.75	-3023.30	89.67	2.72	-12.41
2025-01-09T04:27:26	4472.39	-246.84	-3016.72	89.71	2.70	-12.41
2025-01-09T04:27:28	4470.77	-246.93	-3010.14	89.75	2.69	-12.40
2025-01-09T04:27:30	4469.15	-247.02	-3003.55	89.79	2.67	-12.39
2025-01-09T04:27:32	4467.52	-247.11	-2996.97	89.83	2.66	-12.39
2025-01-09T04:27:34	4465.89	-247.20	-2990.38	89.87	2.64	-12.38
2025-01-09T04:27:36	4464.26	-247.29	-2983.79	89.91	2.63	-12.37
2025-01-09T04:27:38	4462.63	-247.38	-2977.20	89.95	2.61	-12.36
2025-01-09T04:27:40	4460.99	-247.47	-2970.61	89.98	2.59	-12.35
2025-01-09T04:27:42	4459.35	-247.56	-2964.01	90.02	2.57	-12.33
2025-01-09T04:27:44	4457.71	-247.66	-2957.42	90.06	2.55	-12.31
2025-01-09T04:27:46	4456.07	-247.74	-2950.82	90.09	2.52	-12.30
2025-01-09T04:27:48	4454.42	-247.83	-2944.22	90.13	2.50	-12.28
2025-01-09T04:27:50	4452.78	-247.92	-2937.62	90.17	2.48	-12.27
2025-01-09T04:27:52	4451.12	-248.01	-2931.02	90.21	2.46	-12.26
2025-01-09T04:27:54	4449.47	-248.10	-2924.41	90.25	2.44	-12.24
2025-01-09T04:27:56	4447.82	-248.19	-2917.81	90.30	2.41	-12.23
2025-01-09T04:27:58	4446.16	-248.28	-2911.20	90.35	2.39	-12.21
2025-01-09T04:28:00	4444.49	-248.37	-2904.59	90.40	2.36	-12.19
2025-01-09T04:28:02	4442.83	-248.46	-2897.98	90.45	2.34	-12.17
2025-01-09T04:28:04	4441.16	-248.54	-2891.37	90.50	2.31	-12.15
2025-01-09T04:28:06	4439.49	-248.63	-2884.75	90.54	2.29	-12.13
2025-01-09T04:28:08	4437.82	-248.72	-2878.14	90.59	2.26	-12.11
2025-01-09T04:28:10	4436.15	-248.81	-2871.52	90.64	2.24	-12.09
2025-01-09T04:28:12	4434.47	-248.89	-2864.90	90.69	2.22	-12.07
2025-01-09T04:28:14	4432.79	-248.98	-2858.28	90.73	2.19	-12.06
2025-01-09T04:28:16	4431.11	-249.07	-2851.65	90.77	2.15	-12.05
2025-01-09T04:28:18	4429.42	-249.16	-2845.03	90.82	2.11	-12.04
2025-01-09T04:28:20	4427.73	-249.25	-2838.40	90.86	2.07	-12.03
2025-01-09T04:28:22	4426.05	-249.33	-2831.77	90.90	2.04	-12.02
2025-01-09T04:28:24	4424.35	-249.42	-2825.14	90.94	2.00	-12.01
2025-01-09T04:28:26	4422.66	-249.50	-2818.51	90.98	1.96	-12.00
2025-01-09T04:28:28	4420.96	-249.59	-2811.88	91.02	1.92	-11.99
2025-01-09T04:28:30	4419.25	-249.68	-2805.24	91.07	1.88	-11.98
2025-01-09T04:28:32	4417.55	-249.76	-2798.61	91.13	1.86	-11.95
2025-01-09T04:28:34	4415.85	-249.85	-2791.97	91.19	1.84	-11.92
2025-01-09T04:28:36	4414.14	-249.94	-2785.33	91.25	1.82	-11.89
2025-01-09T04:28:38	4412.42	-250.02	-2778.69	91.31	1.80	-11.86
2025-01-09T04:28:40	4410.71	-250.11	-2772.04	91.37	1.79	-11.83
2025-01-09T04:28:42	4408.99	-250.19	-2765.40	91.43	1.77	-11.80
2025-01-09T04:28:44	4407.27	-250.28	-2758.75	91.48	1.76	-11.77
2025-01-09T04:28:46	4405.55	-250.36	-2752.10	91.53	1.74	-11.74
2025-01-09T04:28:48	4403.82	-250.45	-2745.45	91.58	1.73	-11.71
2025-01-09T04:28:50	4402.09	-250.53	-2738.80	91.61	1.71	-11.69
2025-01-09T04:28:52	4400.36	-250.61	-2732.14	91.64	1.69	-11.67
2025-01-09T04:28:54	4398.63	-250.70	-2725.49	91.67	1.67	-11.64
2025-01-09T04:28:56	4396.89	-250.79	-2718.83	91.70	1.66	-11.62
2025-01-09T04:28:58	4395.15	-250.87	-2712.17	91.73	1.64	-11.60
2025-01-09T04:29:00	4393.41	-250.95	-2705.51	91.76	1.62	-11.57
2025-01-09T04:29:02	4391.66	-251.04	-2698.85	91.80	1.60	-11.55
2025-01-09T04:29:04	4389.91	-251.12	-2692.18	91.83	1.59	-11.53
2025-01-09T04:29:06	4388.16	-251.20	-2685.52	91.88	1.56	-11.51
2025-01-09T04:29:08	4386.41	-251.29	-2678.85	91.93	1.53	-11.49
2025-01-09T04:29:10	4384.65	-251.37	-2672.18	91.98	1.49	-11.47
2025-01-09T04:29:12	4382.89	-251.45	-2665.51	92.03	1.46	-11.45
2025-01-09T04:29:14	4381.13	-251.54	-2658.84	92.08	1.43	-11.43
2025-01-09T04:29:16	4379.37	-251.62	-2652.16	92.13	1.39	-11.41
2025-01-09T04:29:18	4377.60	-251.70	-2645.48	92.19	1.36	-11.39
2025-01-09T04:29:20	4375.83	-251.78	-2638.81	92.24	1.32	-11.37
2025-01-09T04:29:22	4374.05	-251.86	-2632.13	92.29	1.29	-11.34
2025-01-09T04:29:24	4372.28	-251.95	-2625.44	92.33	1.27	-11.31
2025-01-09T04:29:26	4370.50	-252.03	-2618.76	92.38	1.25	-11.29
2025-01-09T04:29:28	4368.72	-252.11	-2612.08	92.42	1.23	-11.26
2025-01-09T04:29:30	4366.93	-252.19	-2605.39	92.47	1.21	-11.22
2025-01-09T04:29:32	4365.14	-252.27	-2598.70	92.51	1.19	-11.19
2025-01-09T04:29:34	4363.35	-252.35	-2592.01	92.56	1.17	-11.16
2025-01-09T04:29:36	4361.56	-252.44	-2585.32	92.60	1.15	-11.14
2025-01-09T04:29:38	4359.76	-252.52	-2578.62	92.64	1.13	-11.11
2025-01-09T04:29:40	4357.96	-252.60	-2571.93	92.69	1.12	-11.08
2025-01-09T04:29:42	4356.15	-252.68	-2565.23	92.73	1.10	-11.06
2025-01-09T04:29:44	4354.35	-252.76	-2558.53	92.77	1.09	-11.04
2025-01-09T04:29:46	4352.54	-252.84	-2551.83	92.82	1.07	-11.01
2025-01-09T04:29:48	4350.73	-252.92	-2545.13	92.86	1.06	-10.99
2025-01-09T04:29:50	4348.91	-252.99	-2538.42	92.91	1.04	-10.96
2025-01-09T04:29:52	4347.10	-253.07	-2531.72	92.95	1.02	-10.94
2025-01-09T04:29:54	4345.27	-253.15	-2525.01	93.00	1.00	-10.91
2025-01-09T04:29:56	4343.45	-253.23	-2518.30	93.04	0.99	-10.89
2025-01-09T04:29:58	4341.62	-253.31	-2511.59	93.09	0.97	-10.86
2025-01-09T04:30:00	4339.79	-253.39	-2504.87	93.14	0.96	-10.84
2025-01-09T04:30:02	4337.96	-253.47	-2498.16	93.19	0.94	-10.81
2025-01-09T04:30:04	4336.12	-253.55	-2491.44	93.24	0.93	-10.78
2025-01-09T04:30:06	4334.29	-253.63	-2484.73	93.29	0.91	-10.75
2025-01-09T04:30:08	4332.44	-253.70	-2478.00	93.33	0.90	-10.72
2025-01-09T04:30:10	4330.60	-253.78	-2471.28	93.38	0.88	-10.69
2025-01-09T04:30:12	4328.75	-253.86	-2464.56	93.43	0.87	-10.66
2025-01-09T04:30:14	4326.90	-253.94	-2457.83	93.48	0.86	-10.63
2025-01-09T04:30:16	4325.04	-254.01	-2451.11	93.52	0.84	-10.61
2025-01-09T04:30:18	4323.19	-254.09	-2444.38	93.56	0.83	-10.58
2025-01-09T04:30:20	4321.33	-254.17	-2437.65	93.60	0.82	-10.56
2025-01-09T04:30:22	4319.46	-254.25	-2430.91	93.65	0.80	-10.53
2025-01-09T04:30:24	4317.60	-254.32	-2424.18	93.69	0.79	-10.51
2025-01-09T04:30:26	4315.73	-254.40	-2417.44	93.73	0.77	-10.48
2025-01-09T04:30:28	4313.85	-254.47	-2410.71	93.77	0.76	-10.46
2025-01-09T04:30:30	4311.98	-254.55	-2403.97	93.81	0.74	-10.44
2025-01-09T04:30:32	4310.10	-254.63	-2397.23	93.88	0.74	-10.41
2025-01-09T04:30:34	4308.22	-254.70	-2390.48	93.95	0.73	-10.39
2025-01-09T04:30:36	4306.33	-254.78	-2383.74	94.02	0.72	-10.37
2025-01-09T04:30:38	4304.44	-254.85	-2376.99	94.09	0.71	-10.34
2025-01-09T04:30:40	4302.55	-254.93	-2370.24	94.16	0.71	-10.32
2025-01-09T04:30:42	4300.65	-255.00	-2363.49	94.23	0.70	-10.29
2025-01-09T04:30:44	4298.76	-255.08	-2356.74	94.30	0.69	-10.26
2025-01-09T04:30:46	4296.85	-255.15	-2349.99	94.37	0.68	-10.23
2025-01-09T04:30:48	4294.95	-255.22	-2343.23	94.41	0.67	-10.19
2025-01-09T04:30:50	4293.04	-255.30	-2336.48	94.44	0.65	-10.14
2025-01-09T04:30:52	4291.13	-255.37	-2329.72	94.47	0.64	-10.09
2025-01-09T04:30:54	4289.22	-255.45	-2322.96	94.50	0.63	-10.05
2025-01-09T04:30:56	4287.30	-255.52	-2316.19	94.53	0.62	-10.01
2025-01-09T04:30:58	4285.38	-255.59	-2309.43	94.57	0.60	-9.96
2025-01-09T04:31:00	4283.45	-255.67	-2302.67	94.61	0.59	-9.92
2025-01-09T04:31:02	4281.52	-255.74	-2295.90	94.64	0.58	-9.88
2025-01-09T04:31:04	4279.59	-255.81	-2289.13	94.69	0.57	-9.84
2025-01-09T04:31:06	4277.66	-255.88	-2282.36	94.73	0.55	-9.79
2025-01-09T04:31:08	4275.72	-255.96	-2275.59	94.78	0.54	-9.74
2025-01-09T04:31:10	4273.78	-256.03	-2268.81	94.82	0.52	-9.69
2025-01-09T04:31:12	4271.84	-256.10	-2262.03	94.87	0.51	-9.64
2025-01-09T04:31:14	4269.89	-256.17	-2255.26	94.91	0.49	-9.58
2025-01-09T04:31:16	4267.94	-256.24	-2248.48	94.95	0.48	-9.53
2025-01-09T04:31:18	4265.99	-256.31	-2241.69	95.00	0.47	-9.48
2025-01-09T04:31:20	4264.03	-256.39	-2234.91	95.04	0.45	-9.42
2025-01-09T04:31:22	4262.07	-256.46	-2228.13	95.09	0.43	-9.38
2025-01-09T04:31:24	4260.10	-256.53	-2221.34	95.13	0.42	-9.35
2025-01-09T04:31:26	4258.14	-256.60	-2214.55	95.16	0.40	-9.32
2025-01-09T04:31:28	4256.17	-256.67	-2207.76	95.20	0.38	-9.29
2025-01-09T04:31:30	4254.19	-256.74	-2200.97	95.24	0.36	-9.27
2025-01-09T04:31:32	4252.21	-256.81	-2194.17	95.28	0.35	-9.24
2025-01-09T04:31:34	4250.23	-256.88	-2187.38	95.32	0.33	-9.21
2025-01-09T04:31:36	4248.25	-256.94	-2180.58	95.36	0.31	-9.19
2025-01-09T04:31:38	4246.26	-257.01	-2173.78	95.40	0.29	-9.16
2025-01-09T04:31:40	4244.27	-257.08	-2166.98	95.46	0.27	-9.11
2025-01-09T04:31:42	4242.27	-257.15	-2160.18	95.51	0.25	-9.07
2025-01-09T04:31:44	4240.28	-257.22	-2153.38	95.57	0.24	-9.03
2025-01-09T04:31:46	4238.28	-257.29	-2146.57	95.63	0.22	-8.99
2025-01-09T04:31:48	4236.27	-257.36	-2139.76	95.69	0.20	-8.95
2025-01-09T04:31:50	4234.26	-257.42	-2132.95	95.74	0.18	-8.90
2025-01-09T04:31:52	4232.25	-257.49	-2126.14	95.80	0.16	-8.86
2025-01-09T04:31:54	4230.23	-257.56	-2119.33	95.86	0.14	-8.82
2025-01-09T04:31:56	4228.22	-257.63	-2112.51	95.90	0.13	-8.77
2025-01-09T04:31:58	4226.19	-257.69	-2105.70	95.93	0.12	-8.72
2025-01-09T04:32:00	4224.17	-257.76	-2098.88	95.96	0.10	-8.67
2025-01-09T04:32:02	4222.14	-257.83	-2092.06	95.99	0.09	-8.62
2025-01-09T04:32:04	4220.10	-257.89	-2085.23	96.02	0.07	-8.58
2025-01-09T04:32:06	4218.07	-257.96	-2078.41	96.06	0.05	-8.53
2025-01-09T04:32:08	4216.03	-258.03	-2071.58	96.09	0.04	-8.48
2025-01-09T04:32:10	4213.98	-258.09	-2064.76	96.13	0.02	-8.44
2025-01-09T04:32:12	4211.94	-258.16	-2057.93	96.17	0.00	-8.39
2025-01-09T04:32:14	4209.89	-258.22	-2051.10	96.21	-0.01	-8.34
2025-01-09T04:32:16	4207.83	-258.29	-2044.27	96.25	-0.02	-8.29
2025-01-09T04:32:18	4205.77	-258.35	-2037.43	96.30	-0.02	-8.25
2025-01-09T04:32:20	4203.71	-258.42	-2030.59	96.34	-0.03	-8.20
2025-01-09T04:32:22	4201.65	-258.48	-2023.76	96.38	-0.04	-8.14
2025-01-09T04:32:24	4199.58	-258.54	-2016.92	96.42	-0.05	-8.09
2025-01-09T04:32:26	4197.50	-258.61	-2010.08	96.47	-0.05	-8.04
2025-01-09T04:32:28	4195.43	-258.67	-2003.24	96.51	-0.06	-7.98
2025-01-09T04:32:30	4193.35	-258.74	-1996.39	96.55	-0.08	-7.92
2025-01-09T04:32:32	4191.26	-258.80	-1989.54	96.59	-0.09	-7.86
2025-01-09T04:32:34	4189.18	-258.86	-1982.70	96.63	-0.10	-7.80
2025-01-09T04:32:36	4187.08	-258.92	-1975.84	96.67	-0.12	-7.74
2025-01-09T04:32:38	4184.99	-258.99	-1968.99	96.71	-0.13	-7.68
2025-01-09T04:32:40	4182.89	-259.05	-1962.14	96.75	-0.14	-7.62
2025-01-09T04:32:42	4180.79	-259.11	-1955.28	96.80	-0.16	-7.57
2025-01-09T04:32:44	4178.68	-259.17	-1948.43	96.84	-0.17	-7.51
2025-01-09T04:32:46	4176.57	-259.23	-1941.57	96.87	-0.18	-7.46
2025-01-09T04:32:48	4174.46	-259.29	-1934.71	96.91	-0.20	-7.42
2025-01-09T04:32:50	4172.34	-259.35	-1927.85	96.95	-0.21	-7.37
2025-01-09T04:32:52	4170.22	-259.42	-1920.98	96.98	-0.23	-7.32
2025-01-09T04:32:54	4168.10	-259.48	-1914.12	97.02	-0.25	-7.27
2025-01-09T04:32:56	4165.97	-259.54	-1907.25	97.06	-0.26	-7.22
2025-01-09T04:32:58	4163.84	-259.60	-1900.38	97.10	-0.28	-7.17
2025-01-09T04:33:00	4161.70	-259.66	-1893.51	97.14	-0.30	-7.12
2025-01-09T04:33:02	4159.56	-259.72	-1886.63	97.18	-0.32	-7.06
2025-01-09T04:33:04	4157.42	-259.77	-1879.76	97.22	-0.33	-6.99
2025-01-09T04:33:06	4155.27	-259.84	-1872.89	97.26	-0.35	-6.91
2025-01-09T04:33:08	4153.12	-259.89	-1866.01	97.30	-0.37	-6.84
2025-01-09T04:33:10	4150.96	-259.95	-1859.13	97.33	-0.38	-6.76
2025-01-09T04:33:12	4148.81	-260.01	-1852.25	97.37	-0.39	-6.68
2025-01-09T04:33:14	4146.64	-260.07	-1845.36	97.41	-0.41	-6.61
2025-01-09T04:33:16	4144.47	-260.13	-1838.48	97.44	-0.42	-6.53
2025-01-09T04:33:18	4142.30	-260.18	-1831.59	97.48	-0.43	-6.45
2025-01-09T04:33:20	4140.13	-260.24	-1824.71	97.53	-0.45	-6.39
2025-01-09T04:33:22	4137.95	-260.30	-1817.81	97.57	-0.47	-6.34
2025-01-09T04:33:24	4135.77	-260.36	-1810.92	97.62	-0.49	-6.28
2025-01-09T04:33:26	4133.58	-260.41	-1804.03	97.67	-0.51	-6.23
2025-01-09T04:33:28	4131.39	-260.47	-1797.13	97.72	-0.53	-6.17
2025-01-09T04:33:30	4129.19	-260.52	-1790.24	97.77	-0.55	-6.12
2025-01-09T04:33:32	4127.00	-260.58	-1783.34	97.82	-0.57	-6.07
2025-01-09T04:33:34	4124.80	-260.64	-1776.44	97.87	-0.59	-6.01
2025-01-09T04:33:36	4122.59	-260.69	-1769.54	97.90	-0.60	-5.94
2025-01-09T04:33:38	4120.38	-260.75	-1762.63	97.93	-0.61	-5.87
2025-01-09T04:33:40	4118.16	-260.80	-1755.73	97.96	-0.63	-5.80
2025-01-09T04:33:42	4115.95	-260.86	-1748.82	97.99	-0.64	-5.73
2025-01-09T04:33:44	4113.72	-260.91	-1741.91	98.02	-0.66	-5.66
2025-01-09T04:33:46	4111.50	-260.96	-1735.00	98.05	-0.67	-5.59
2025-01-09T04:33:48	4109.27	-261.02	-1728.09	98.08	-0.69	-5.52
2025-01-09T04:33:50	4107.03	-261.07	-1721.18	98.10	-0.70	-5.45
2025-01-09T04:33:52	4104.79	-261.12	-1714.26	98.14	-0.71	-5.38
2025-01-09T04:33:54	4102.55	-261.18	-1707.34	98.17	-0.72	-5.31
2025-01-09T04:33:56	4100.30	-261.23	-1700.42	98.21	-0.72	-5.23
2025-01-09T04:33:58	4098.05	-261.28	-1693.50	98.24	-0.73	-5.16
2025-01-09T04:34:00	4095.80	-261.33	-1686.58	98.28	-0.74	-5.08
2025-01-09T04:34:02	4093.54	-261.38	-1679.65	98.32	-0.75	-5.01
2025-01-09T04:34:04	4091.27	-261.44	-1672.73	98.35	-0.76	-4.93
2025-01-09T04:34:06	4089.01	-261.49	-1665.80	98.39	-0.77	-4.85
2025-01-09T04:34:08	4086.73	-261.54	-1658.87	98.42	-0.79	-4.77
2025-01-09T04:34:10	4084.46	-261.59	-1651.94	98.44	-0.81	-4.70
2025-01-09T04:34:12	4082.18	-261.64	-1645.01	98.47	-0.84	-4.63
2025-01-09T04:34:14	4079.89	-261.69	-1638.07	98.50	-0.87	-4.56
2025-01-09T04:34:16	4077.61	-261.74	-1631.14	98.52	-0.89	-4.49
2025-01-09T04:34:18	4075.31	-261.79	-1624.20	98.56	-0.92	-4.42
2025-01-09T04:34:20	4073.02	-261.84	-1617.26	98.59	-0.95	-4.35
2025-01-09T04:34:22	4070.72	-261.89	-1610.32	98.62	-0.97	-4.27
2025-01-09T04:34:24	4068.41	-261.94	-1603.38	98.65	-1.00	-4.20
2025-01-09T04:34:26	4066.10	-261.99	-1596.43	98.69	-1.01	-4.12
2025-01-09T04:34:28	4063.79	-262.03	-1589.49	98.72	-1.02	-4.04
2025-01-09T04:34:30	4061.47	-262.08	-1582.54	98.76	-1.04	-3.96
2025-01-09T04:34:32	4059.14	-262.13	-1575.59	98.79	-1.05	-3.88
2025-01-09T04:34:34	4056.82	-262.18	-1568.64	98.82	-1.06	-3.80
2025-01-09T04:34:36	4054.49	-262.22	-1561.68	98.86	-1.07	-3.72
2025-01-09T04:34:38	4052.15	-262.27	-1554.73	98.89	-1.08	-3.64
2025-01-09T04:34:40	4049.81	-262.32	-1547.77	98.93	-1.09	-3.56
2025-01-09T04:34:42	4047.47	-262.37	-1540.82	98.95	-1.10	-3.48
2025-01-09T04:34:44	4045.12	-262.41	-1533.86	98.97	-1.11	-3.40
2025-01-09T04:34:46	4042.77	-262.46	-1526.90	98.99	-1.12	-3.31
2025-01-09T04:34:48	4040.41	-262.50	-1519.93	99.01	-1.13	-3.23
2025-01-09T04:34:50	4038.05	-262.55	-1512.97	99.03	-1.14	-3.14
2025-01-09T04:34:52	4035.68	-262.59	-1506.00	99.05	-1.15	-3.06
2025-01-09T04:34:54	4033.31	-262.64	-1499.03	99.07	-1.16	-2.97
2025-01-09T04:34:56	4030.93	-262.68	-1492.06	99.08	-1.17	-2.89
2025-01-09T04:34:58	4028.55	-262.72	-1485.09	99.10	-1.17	-2.80
2025-01-09T04:35:00	4026.17	-262.77	-1478.12	99.13	-1.16	-2.72
2025-01-09T04:35:02	4023.78	-262.81	-1471.14	99.15	-1.16	-2.64
2025-01-09T04:35:04	4021.39	-262.85	-1464.17	99.18	-1.15	-2.56
2025-01-09T04:35:06	4018.99	-262.90	-1457.19	99.20	-1.15	-2.47
2025-01-09T04:35:08	4016.59	-262.94	-1450.21	99.23	-1.14	-2.39
2025-01-09T04:35:10	4014.18	-262.98	-1443.23	99.25	-1.13	-2.30
2025-01-09T04:35:12	4011.77	-263.02	-1436.25	99.27	-1.12	-2.21
2025-01-09T04:35:14	4009.36	-263.07	-1429.26	99.28	-1.12	-2.12
2025-01-09T04:35:16	4006.94	-263.11	-1422.28	99.29	-1.11	-2.03
2025-01-09T04:35:18	4004.51	-263.15	-1415.29	99.29	-1.10	-1.94
2025-01-09T04:35:20	4002.08	-263.19	-1408.30	99.30	-1.10	-1.85
2025-01-09T04:35:22	3999.65	-263.23	-1401.31	99.31	-1.10	-1.75
2025-01-09T04:35:24	3997.21	-263.27	-1394.32	99.32	-1.09	-1.66
2025-01-09T04:35:26	3994.77	-263.31	-1387.33	99.34	-1.09	-1.57
2025-01-09T04:35:28	3992.32	-263.35	-1380.33	99.35	-1.09	-1.47
2025-01-09T04:35:30	3989.87	-263.39	-1373.33	99.37	-1.09	-1.37
2025-01-09T04:35:32	3987.41	-263.42	-1366.33	99.39	-1.12	-1.27
2025-01-09T04:35:34	3984.95	-263.46	-1359.33	99.41	-1.14	-1.17
2025-01-09T04:35:36	3982.49	-263.50	-1352.33	99.43	-1.16	-1.07
2025-01-09T04:35:38	3980.01	-263.54	-1345.33	99.45	-1.19	-0.97
2025-01-09T04:35:40	3977.54	-263.58	-1338.32	99.47	-1.21	-0.87
2025-01-09T04:35:42	3975.06	-263.62	-1331.32	99.49	-1.24	-0.77
2025-01-09T04:35:44	3972.57	-263.65	-1324.31	99.51	-1.27	-0.66
2025-01-09T04:35:46	3970.08	-263.69	-1317.30	99.53	-1.29	-0.56
2025-01-09T04:35:48	3967.59	-263.72	-1310.29	99.54	-1.31	-0.47
2025-01-09T04:35:50	3965.09	-263.76	-1303.27	99.55	-1.33	-0.37
2025-01-09T04:35:52	3962.58	-263.80	-1296.26	99.56	-1.35	-0.28
2025-01-09T04:35:54	3960.07	-263.83	-1289.24	99.57	-1.37	-0.18
2025-01-09T04:35:56	3957.56	-263.87	-1282.22	99.58	-1.38	-0.08
2025-01-09T04:35:58	3955.04	-263.90	-1275.20	99.60	-1.40	0.01
2025-01-09T04:36:00	3952.52	-263.93	-1268.19	99.61	-1.41	0.11
2025-01-09T04:36:02	3949.99	-263.97	-1261.16	99.62	-1.42	0.21
2025-01-09T04:36:04	3947.46	-264.00	-1254.14	99.63	-1.42	0.32
2025-01-09T04:36:06	3944.92	-264.03	-1247.11	99.63	-1.42	0.43
2025-01-09T04:36:08	3942.38	-264.07	-1240.09	99.63	-1.42	0.54
2025-01-09T04:36:10	3939.83	-264.10	-1233.06	99.64	-1.42	0.66
2025-01-09T04:36:12	3937.28	-264.13	-1226.03	99.64	-1.42	0.77
2025-01-09T04:36:14	3934.72	-264.17	-1219.00	99.65	-1.42	0.88
2025-01-09T04:36:16	3932.16	-264.20	-1211.96	99.65	-1.43	0.99
2025-01-09T04:36:18	3929.59	-264.23	-1204.93	99.66	-1.43	1.10
2025-01-09T04:36:20	3927.02	-264.26	-1197.89	99.67	-1.44	1.22
2025-01-09T04:36:22	3924.44	-264.29	-1190.85	99.68	-1.45	1.33
2025-01-09T04:36:24	3921.86	-264.32	-1183.81	99.69	-1.46	1.44
2025-01-09T04:36:26	3919.27	-264.35	-1176.77	99.69	-1.47	1.55
2025-01-09T04:36:28	3916.68	-264.38	-1169.73	99.70	-1.49	1.67
2025-01-09T04:36:30	3914.08	-264.41	-1162.69	99.70	-1.50	1.78
2025-01-09T04:36:32	3911.48	-264.44	-1155.64	99.71	-1.52	1.90
2025-01-09T04:36:34	3908.87	-264.47	-1148.60	99.71	-1.54	2.02
2025-01-09T04:36:36	3906.26	-264.50	-1141.55	99.71	-1.55	2.14
2025-01-09T04:36:38	3903.64	-264.52	-1134.50	99.71	-1.56	2.26
2025-01-09T04:36:40	3901.02	-264.55	-1127.45	99.71	-1.57	2.38
2025-01-09T04:36:42	3898.39	-264.58	-1120.39	99.70	-1.58	2.50
2025-01-09T04:36:44	3895.76	-264.60	-1113.34	99.70	-1.58	2.62
2025-01-09T04:36:46	3893.12	-264.63	-1106.29	99.70	-1.59	2.74
2025-01-09T04:36:48	3890.48	-264.66	-1099.23	99.69	-1.60	2.86
2025-01-09T04:36:50	3887.83	-264.68	-1092.17	99.68	-1.61	2.98
2025-01-09T04:36:52	3885.17	-264.71	-1085.11	99.67	-1.61	3.10
2025-01-09T04:36:54	3882.52	-264.73	-1078.05	99.65	-1.61	3.22
2025-01-09T04:36:56	3879.85	-264.76	-1070.98	99.64	-1.61	3.34
2025-01-09T04:36:58	3877.18	-264.78	-1063.92	99.63	-1.61	3.46
2025-01-09T04:37:00	3874.51	-264.81	-1056.85	99.62	-1.62	3.58
2025-01-09T04:37:02	3871.83	-264.83	-1049.79	99.61	-1.62	3.70
2025-01-09T04:37:04	3869.14	-264.85	-1042.72	99.61	-1.62	3.82
2025-01-09T04:37:06	3866.45	-264.87	-1035.65	99.60	-1.62	3.95
2025-01-09T04:37:08	3863.76	-264.90	-1028.58	99.59	-1.63	4.07
2025-01-09T04:37:10	3861.06	-264.92	-1021.51	99.58	-1.64	4.18
2025-01-09T04:37:12	3858.35	-264.94	-1014.43	99.56	-1.65	4.30
2025-01-09T04:37:14	3855.64	-264.96	-1007.36	99.55	-1.66	4.42
2025-01-09T04:37:16	3852.92	-264.98	-1000.28	99.54	-1.67	4.54
2025-01-09T04:37:18	3850.20	-265.00	-993.20	99.53	-1.68	4.65
2025-01-09T04:37:20	3847.47	-265.02	-986.12	99.52	-1.69	4.78
2025-01-09T04:37:22	3844.74	-265.05	-979.04	99.52	-1.70	4.91
2025-01-09T04:37:24	3842.00	-265.06	-971.96	99.51	-1.71	5.04
2025-01-09T04:37:26	3839.26	-265.08	-964.87	99.48	-1.71	5.19
2025-01-09T04:37:28	3836.51	-265.10	-957.79	99.46	-1.71	5.33
2025-01-09T04:37:30	3833.76	-265.12	-950.70	99.44	-1.71	5.48
2025-01-09T04:37:32	3831.00	-265.14	-943.61	99.41	-1.71	5.62
2025-01-09T04:37:34	3828.23	-265.15	-936.52	99.38	-1.71	5.76
2025-01-09T04:37:36	3825.46	-265.17	-929.43	99.35	-1.71	5.91
2025-01-09T04:37:38	3822.68	-265.19	-922.34	99.32	-1.71	6.05
2025-01-09T04:37:40	3819.90	-265.21	-915.25	99.29	-1.71	6.19
2025-01-09T04:37:42	3817.12	-265.22	-908.15	99.25	-1.71	6.33
2025-01-09T04:37:44	3814.33	-265.24	-901.06	99.21	-1.71	6.46
2025-01-09T04:37:46	3811.52	-265.25	-893.96	99.17	-1.71	6.60
2025-01-09T04:37:48	3808.72	-265.27	-886.86	99.13	-1.71	6.74
2025-01-09T04:37:50	3805.91	-265.28	-879.76	99.10	-1.71	6.89
2025-01-09T04:37:52	3803.10	-265.30	-872.66	99.06	-1.72	7.03
2025-01-09T04:37:54	3800.28	-265.31	-865.56	99.03	-1.72	7.17
2025-01-09T04:37:56	3797.45	-265.32	-858.45	98.99	-1.72	7.31
2025-01-09T04:37:58	3794.62	-265.34	-851.35	98.95	-1.72	7.45
2025-01-09T04:38:00	3791.78	-265.35	-844.24	98.91	-1.72	7.59
2025-01-09T04:38:02	3788.94	-265.36	-837.14	98.87	-1.72	7.73
2025-01-09T04:38:04	3786.09	-265.37	-830.03	98.83	-1.73	7.87
2025-01-09T04:38:06	3783.23	-265.38	-822.92	98.79	-1.73	8.01
2025-01-09T04:38:08	3780.37	-265.39	-815.81	98.75	-1.73	8.16
2025-01-09T04:38:10	3777.51	-265.40	-808.69	98.71	-1.73	8.30
2025-01-09T04:38:12	3774.64	-265.41	-801.58	98.66	-1.73	8.46
2025-01-09T04:38:14	3771.76	-265.42	-794.46	98.60	-1.71	8.61
2025-01-09T04:38:16	3768.88	-265.43	-787.35	98.54	-1.70	8.77
2025-01-09T04:38:18	3765.99	-265.44	-780.23	98.47	-1.69	8.93
2025-01-09T04:38:20	3763.09	-265.45	-773.11	98.41	-1.67	9.10
2025-01-09T04:38:22	3760.19	-265.46	-765.99	98.35	-1.66	9.26
2025-01-09T04:38:24	3757.29	-265.46	-758.87	98.28	-1.65	9.42
2025-01-09T04:38:26	3754.37	-265.47	-751.75	98.22	-1.64	9.59
2025-01-09T04:38:28	3751.46	-265.48	-744.63	98.15	-1.64	9.75
2025-01-09T04:38:30	3748.53	-265.48	-737.50	98.07	-1.66	9.92
2025-01-09T04:38:32	3745.60	-265.49	-730.37	97.99	-1.67	10.08
2025-01-09T04:38:34	3742.67	-265.50	-723.25	97.90	-1.69	10.24
2025-01-09T04:38:36	3739.72	-265.50	-716.12	97.82	-1.71	10.41
2025-01-09T04:38:38	3736.78	-265.51	-708.99	97.73	-1.74	10.58
2025-01-09T04:38:40	3733.82	-265.51	-701.86	97.65	-1.76	10.75
2025-01-09T04:38:42	3730.86	-265.51	-694.73	97.57	-1.78	10.92
2025-01-09T04:38:44	3727.90	-265.52	-687.60	97.49	-1.80	11.09
2025-01-09T04:38:46	3724.93	-265.52	-680.46	97.40	-1.81	11.25
2025-01-09T04:38:48	3721.95	-265.52	-673.33	97.31	-1.82	11.42
2025-01-09T04:38:50	3718.97	-265.52	-666.20	97.22	-1.83	11.58
2025-01-09T04:38:52	3715.98	-265.53	-659.06	97.13	-1.84	11.74
2025-01-09T04:38:54	3712.98	-265.53	-651.92	97.03	-1.85	11.90
2025-01-09T04:38:56	3709.98	-265.53	-644.78	96.94	-1.86	12.07
2025-01-09T04:38:58	3706.97	-265.53	-637.64	96.84	-1.88	12.23
2025-01-09T04:39:00	3703.96	-265.53	-630.50	96.73	-1.89	12.40
2025-01-09T04:39:02	3700.94	-265.53	-623.36	96.62	-1.88	12.56
2025-01-09T04:39:04	3697.91	-265.53	-616.21	96.50	-1.88	12.72
2025-01-09T04:39:06	3694.88	-265.52	-609.07	96.39	-1.87	12.89
2025-01-09T04:39:08	3691.84	-265.52	-601.93	96.27	-1.87	13.05
2025-01-09T04:39:10	3688.80	-265.52	-594.78	96.15	-1.86	13.22
2025-01-09T04:39:12	3685.75	-265.52	-587.63	96.03	-1.86	13.38
2025-01-09T04:39:14	3682.69	-265.51	-580.49	95.91	-1.85	13.55
2025-01-09T04:39:16	3679.63	-265.51	-573.34	95.79	-1.85	13.72
2025-01-09T04:39:18	3676.56	-265.50	-566.18	95.67	-1.85	13.89
2025-01-09T04:39:20	3673.48	-265.50	-559.04	95.57	-1.85	14.06
2025-01-09T04:39:22	3670.40	-265.49	-551.88	95.46	-1.85	14.24
2025-01-09T04:39:24	3667.31	-265.49	-544.73	95.35	-1.85	14.42
2025-01-09T04:39:26	3664.22	-265.48	-537.58	95.23	-1.85	14.60
2025-01-09T04:39:28	3661.12	-265.48	-530.42	95.12	-1.85	14.78
2025-01-09T04:39:30	3658.01	-265.47	-523.27	95.00	-1.85	14.96
2025-01-09T04:39:32	3654.90	-265.46	-516.11	94.87	-1.85	15.13
2025-01-09T04:39:34	3651.78	-265.45	-508.95	94.73	-1.86	15.30
2025-01-09T04:39:36	3648.65	-265.45	-501.79	94.59	-1.88	15.46
2025-01-09T04:39:38	3645.52	-265.44	-494.63	94.45	-1.89	15.62
2025-01-09T04:39:40	3642.38	-265.43	-487.47	94.32	-1.91	15.78
2025-01-09T04:39:42	3639.24	-265.42	-480.31	94.18	-1.93	15.95
2025-01-09T04:39:44	3636.08	-265.41	-473.15	94.04	-1.95	16.11
2025-01-09T04:39:46	3632.93	-265.39	-465.99	93.91	-1.96	16.28
2025-01-09T04:39:48	3629.76	-265.38	-458.82	93.77	-1.98	16.45
2025-01-09T04:39:50	3626.59	-265.37	-451.66	93.61	-1.99	16.62
2025-01-09T04:39:52	3623.41	-265.36	-444.49	93.46	-2.01	16.80
2025-01-09T04:39:54	3620.23	-265.35	-437.33	93.30	-2.02	16.98
2025-01-09T04:39:56	3617.04	-265.33	-430.16	93.14	-2.03	17.16
2025-01-09T04:39:58	3613.84	-265.32	-423.00	92.98	-2.05	17.35
2025-01-09T04:40:00	3610.64	-265.31	-415.83	92.81	-2.06	17.54
2025-01-09T04:40:02	3607.43	-265.29	-408.66	92.65	-2.08	17.73
2025-01-09T04:40:04	3604.21	-265.27	-401.49	92.48	-2.09	17.91
2025-01-09T04:40:06	3600.99	-265.26	-394.32	92.32	-2.08	18.07
2025-01-09T04:40:08	3597.76	-265.24	-387.15	92.16	-2.07	18.23
2025-01-09T04:40:10	3594.52	-265.23	-379.97	92.00	-2.06	18.40
2025-01-09T04:40:12	3591.27	-265.21	-372.80	91.84	-2.04	18.56
2025-01-09T04:40:14	3588.02	-265.19	-365.63	91.69	-2.02	18.73
2025-01-09T04:40:16	3584.77	-265.17	-358.45	91.54	-2.00	18.91
2025-01-09T04:40:18	3581.51	-265.15	-351.28	91.39	-1.98	19.08
2025-01-09T04:40:20	3578.24	-265.14	-344.10	91.23	-1.96	19.26
2025-01-09T04:40:22	3574.96	-265.12	-336.93	91.06	-1.95	19.44
2025-01-09T04:40:24	3571.67	-265.09	-329.75	90.88	-1.94	19.62
2025-01-09T04:40:26	3568.39	-265.07	-322.57	90.70	-1.92	19.80
2025-01-09T04:40:28	3565.09	-265.05	-315.40	90.51	-1.91	19.98
2025-01-09T04:40:30	3561.78	-265.03	-308.22	90.33	-1.89	20.16
2025-01-09T04:40:32	3558.47	-265.01	-301.04	90.13	-1.87	20.35
2025-01-09T04:40:34	3555.15	-264.99	-293.86	89.92	-1.84	20.54
2025-01-09T04:40:36	3551.83	-264.96	-286.68	89.72	-1.82	20.72
2025-01-09T04:40:38	3548.50	-264.94	-279.50	89.52	-1.79	20.88
2025-01-09T04:40:40	3545.16	-264.92	-272.32	89.31	-1.77	21.06
2025-01-09T04:40:42	3541.81	-264.89	-265.14	89.11	-1.75	21.23
2025-01-09T04:40:44	3538.46	-264.86	-257.95	88.90	-1.73	21.41
2025-01-09T04:40:46	3535.10	-264.84	-250.77	88.70	-1.71	21.59
2025-01-09T04:40:48	3531.74	-264.81	-243.59	88.49	-1.69	21.78
2025-01-09T04:40:50	3528.36	-264.78	-236.40	88.28	-1.68	21.97
2025-01-09T04:40:52	3524.99	-264.76	-229.22	88.07	-1.67	22.17
2025-01-09T04:40:54	3521.60	-264.73	-222.04	87.83	-1.69	22.39
2025-01-09T04:40:56	3518.20	-264.70	-214.85	87.59	-1.70	22.61
2025-01-09T04:40:58	3514.80	-264.67	-207.66	87.35	-1.71	22.83
2025-01-09T04:41:00	3511.40	-264.64	-200.48	87.11	-1.73	23.04
2025-01-09T04:41:02	3507.98	-264.61	-193.29	86.86	-1.75	23.26
2025-01-09T04:41:04	3504.56	-264.58	-186.10	86.61	-1.77	23.48
2025-01-09T04:41:06	3501.13	-264.55	-178.92	86.39	-1.78	23.71
2025-01-09T04:41:08	3497.69	-264.52	-171.73	86.17	-1.79	23.91
2025-01-09T04:41:10	3494.25	-264.48	-164.54	85.95	-1.79	24.09
2025-01-09T04:41:12	3490.80	-264.45	-157.35	85.72	-1.79	24.28
2025-01-09T04:41:14	3487.34	-264.42	-150.16	85.49	-1.78	24.46
2025-01-09T04:41:16	3483.88	-264.39	-142.97	85.26	-1.78	24.66
2025-01-09T04:41:18	3480.41	-264.35	-135.79	85.02	-1.78	24.85
2025-01-09T04:41:20	3476.93	-264.32	-128.60	84.78	-1.77	25.05
2025-01-09T04:41:22	3473.44	-264.28	-121.41	84.53	-1.77	25.26
2025-01-09T04:41:24	3469.95	-264.24	-114.22	84.26	-1.78	25.47
2025-01-09T04:41:26	3466.45	-264.21	-107.03	83.98	-1.80	25.68
2025-01-09T04:41:28	3462.94	-264.17	-99.84	83.68	-1.82	25.88
2025-01-09T04:41:30	3459.42	-264.13	-92.65	83.38	-1.84	26.09
2025-01-09T04:41:32	3455.90	-264.09	-85.46	83.07	-1.86	26.29
2025-01-09T04:41:34	3452.37	-264.05	-78.26	82.75	-1.89	26.49
2025-01-09T04:41:36	3448.83	-264.01	-71.07	82.43	-1.91	26.69
2025-01-09T04:41:38	3445.29	-263.97	-63.88	82.11	-1.93	26.89
2025-01-09T04:41:40	3441.74	-263.93	-56.69	81.82	-1.94	27.08
2025-01-09T04:41:42	3438.18	-263.89	-49.50	81.54	-1.94	27.25
2025-01-09T04:41:44	3434.61	-263.85	-42.31	81.27	-1.94	27.42
2025-01-09T04:41:46	3431.04	-263.81	-35.11	80.98	-1.94	27.59
2025-01-09T04:41:48	3427.45	-263.76	-27.92	80.69	-1.94	27.77
2025-01-09T04:41:50	3423.86	-263.72	-20.73	80.40	-1.94	27.96
2025-01-09T04:41:52	3420.27	-263.68	-13.54	80.09	-1.94	28.15
2025-01-09T04:41:54	3416.67	-263.63	-6.35	79.79	-1.94	28.35
2025-01-09T04:41:56	3413.05	-263.59	0.84	79.45	-1.94	28.54
2025-01-09T04:41:58	3409.43	-263.54	8.04	79.09	-1.94	28.71
2025-01-09T04:42:00	3405.81	-263.49	15.23	78.73	-1.94	28.87
2025-01-09T04:42:02	3402.17	-263.44	22.42	78.35	-1.93	29.04
2025-01-09T04:42:04	3398.53	-263.40	29.61	77.97	-1.91	29.20
2025-01-09T04:42:06	3394.88	-263.35	36.80	77.58	-1.90	29.35
2025-01-09T04:42:08	3391.23	-263.30	44.00	77.18	-1.88	29.51
2025-01-09T04:42:10	3387.56	-263.25	51.19	76.78	-1.88	29.68
2025-01-09T04:42:12	3383.89	-263.20	58.38	76.41	-1.89	29.81
2025-01-09T04:42:14	3380.21	-263.15	65.57	76.06	-1.90	29.91
2025-01-09T04:42:16	3376.53	-263.10	72.76	75.71	-1.91	30.01
2025-01-09T04:42:18	3372.83	-263.05	79.95	75.36	-1.93	30.12
2025-01-09T04:42:20	3369.13	-262.99	87.14	75.02	-1.94	30.23
2025-01-09T04:42:22	3365.42	-262.94	94.34	74.67	-1.96	30.35
2025-01-09T04:42:24	3361.70	-262.89	101.53	74.33	-1.98	30.48
2025-01-09T04:42:26	3357.97	-262.83	108.72	74.00	-2.00	30.61
2025-01-09T04:42:28	3354.24	-262.78	115.90	73.59	-2.03	30.75
2025-01-09T04:42:30	3350.50	-262.72	123.10	73.13	-2.07	30.89
2025-01-09T04:42:32	3346.75	-262.67	130.29	72.68	-2.10	31.03
2025-01-09T04:42:34	3343.00	-262.61	137.47	72.22	-2.12	31.17
2025-01-09T04:42:36	3339.23	-262.55	144.67	71.77	-2.14	31.30
2025-01-09T04:42:38	3335.46	-262.49	151.85	71.32	-2.16	31.44
2025-01-09T04:42:40	3331.68	-262.43	159.04	70.80	-2.17	31.55
2025-01-09T04:42:42	3327.89	-262.37	166.23	70.22	-2.20	31.62
2025-01-09T04:42:44	3324.09	-262.31	173.42	69.66	-2.19	31.58
2025-01-09T04:42:46	3320.29	-262.25	180.60	69.12	-2.15	31.50
2025-01-09T04:42:48	3316.48	-262.19	187.79	68.60	-2.12	31.44
2025-01-09T04:42:50	3312.66	-262.13	194.98	68.09	-2.09	31.41
2025-01-09T04:42:52	3308.83	-262.07	202.16	67.58	-2.05	31.40
2025-01-09T04:42:54	3305.00	-262.00	209.35	67.08	-2.02	31.40
2025-01-09T04:42:56	3301.16	-261.94	216.53	66.59	-1.99	31.43
2025-01-09T04:42:58	3297.30	-261.88	223.71	66.12	-1.95	31.48
2025-01-09T04:43:00	3293.45	-261.81	230.90	65.48	-1.96	31.45
2025-01-09T04:43:02	3289.58	-261.75	238.08	64.74	-1.97	31.36
2025-01-09T04:43:04	3285.70	-261.68	245.26	63.98	-1.98	31.23
2025-01-09T04:43:06	3281.82	-261.61	252.44	63.20	-1.97	31.07
2025-01-09T04:43:08	3277.93	-261.54	259.63	62.38	-1.95	30.88
2025-01-09T04:43:10	3274.03	-261.48	266.81	61.55	-1.87	30.69
2025-01-09T04:43:12	3270.12	-261.41	273.99	60.73	-1.74	30.52
2025-01-09T04:43:14	3266.21	-261.34	281.17	59.92	-1.60	30.34
2025-01-09T04:43:16	3262.28	-261.27	288.34	59.17	-0.69	30.19
2025-01-09T04:43:18	3258.35	-261.19	295.52	58.41	0.48	30.09
2025-01-09T04:43:20	3254.41	-261.12	302.70	57.61	1.66	30.06
2025-01-09T04:43:22	3250.47	-261.05	309.88	56.78	2.86	30.09
2025-01-09T04:43:24	3246.51	-260.98	317.05	55.91	4.07	30.19
2025-01-09T04:43:26	3242.55	-260.90	324.23	55.00	5.29	30.34
2025-01-09T04:43:28	3238.57	-260.83	331.40	54.05	6.52	30.56
2025-01-09T04:43:30	3234.59	-260.76	338.57	53.07	7.77	30.83
2025-01-09T04:43:32	3230.60	-260.68	345.75	50.99	8.59	30.42
2025-01-09T04:43:34	3226.61	-260.60	352.92	48.51	9.22	29.70
2025-01-09T04:43:36	3222.60	-260.53	360.09	45.95	9.74	28.87
2025-01-09T04:43:38	3218.59	-260.45	367.26	43.30	10.15	27.93
2025-01-09T04:43:40	3214.57	-260.37	374.43	40.52	10.26	26.82
2025-01-09T04:43:42	3210.54	-260.29	381.59	37.72	10.24	25.70
2025-01-09T04:43:44	3206.50	-260.21	388.76	34.89	10.08	24.57
2025-01-09T04:43:46	3202.45	-260.13	395.93	32.04	9.79	23.42
2025-01-09T04:43:48	3198.40	-260.05	403.09	28.84	8.83	22.80
2025-01-09T04:43:50	3194.34	-259.97	410.25	25.60	7.76	22.32
2025-01-09T04:43:52	3190.26	-259.89	417.42	22.39	6.72	21.84
2025-01-09T04:43:54	3186.19	-259.80	424.58	19.24	5.73	21.35
2025-01-09T04:43:56	3182.10	-259.72	431.74	16.12	4.77	20.86
2025-01-09T04:43:58	3178.00	-259.64	438.90	13.05	3.84	20.37
2025-01-09T04:44:00	3173.90	-259.55	446.06	10.02	2.96	19.87
2025-01-09T04:44:02	3169.78	-259.46	453.21	7.03	2.11	19.37
2025-01-09T04:44:04	3165.66	-259.38	460.37	4.43	1.26	19.14
2025-01-09T04:44:06	3161.53	-259.29	467.52	1.97	0.48	19.02
2025-01-09T04:44:08	3157.39	-259.20	474.68	-0.35	-0.26	19.18
2025-01-09T04:44:10	3153.24	-259.11	481.83	-2.52	-0.95	19.38
2025-01-09T04:44:12	3149.09	-259.02	488.98	-4.52	-1.56	19.63
2025-01-09T04:44:14	3144.92	-258.93	496.13	-6.36	-2.12	19.93
2025-01-09T04:44:16	3140.75	-258.84	503.28	-8.03	-2.61	20.27
2025-01-09T04:44:18	3136.57	-258.75	510.42	-9.54	-3.03	20.66
2025-01-09T04:44:20	3132.38	-258.66	517.57	-10.97	-3.70	21.62
2025-01-09T04:44:22	3128.18	-258.56	524.71	-12.33	-4.34	22.68
2025-01-09T04:44:24	3123.98	-258.47	531.85	-13.62	-4.88	23.72
2025-01-09T04:44:26	3119.76	-258.38	538.99	-14.85	-5.31	24.74
2025-01-09T04:44:28	3115.54	-258.28	546.13	-16.01	-5.65	25.75
2025-01-09T04:44:30	3111.31	-258.19	553.27	-17.10	-5.88	26.73
2025-01-09T04:44:32	3107.06	-258.09	560.41	-18.13	-6.01	27.69
2025-01-09T04:44:34	3102.81	-257.99	567.54	-19.09	-5.87	28.78
2025-01-09T04:44:36	3098.56	-257.89	574.68	-20.57	-5.16	30.26
2025-01-09T04:44:38	3094.29	-257.80	581.81	-22.18	-4.43	31.73
2025-01-09T04:44:40	3090.01	-257.70	588.94	-23.78	-3.75	33.15
2025-01-09T04:44:42	3085.73	-257.60	596.07	-25.36	-3.12	34.52
2025-01-09T04:44:44	3081.43	-257.50	603.19	-26.93	-2.55	35.82
2025-01-09T04:44:46	3077.14	-257.39	610.32	-28.49	-2.03	37.07
2025-01-09T04:44:48	3072.82	-257.29	617.44	-30.03	-1.56	38.26
2025-01-09T04:44:50	3068.50	-257.19	624.56	-31.56	-1.15	39.40
2025-01-09T04:44:52	3064.18	-257.08	631.68	-32.75	-0.72	40.61
2025-01-09T04:44:54	3059.84	-256.98	638.80	-33.89	-0.40	41.83
2025-01-09T04:44:56	3055.49	-256.87	645.92	-35.10	-0.24	43.03
2025-01-09T04:44:58	3051.14	-256.77	653.03	-36.38	-0.22	44.21
2025-01-09T04:45:00	3046.78	-256.66	660.14	-37.75	-0.24	45.40
2025-01-09T04:45:02	3042.41	-256.55	667.25	-39.34	0.17	46.65
2025-01-09T04:45:04	3038.03	-256.44	674.36	-40.92	0.57	47.85
2025-01-09T04:45:06	3033.64	-256.33	681.47	-42.49	0.96	48.98
2025-01-09T04:45:08	3029.24	-256.22	688.57	-43.82	1.85	49.93
2025-01-09T04:45:10	3024.83	-256.11	695.68	-45.10	2.80	50.84
2025-01-09T04:45:12	3020.42	-256.00	702.78	-46.41	3.60	51.75
2025-01-09T04:45:14	3015.99	-255.89	709.87	-47.76	4.27	52.67
2025-01-09T04:45:16	3011.56	-255.78	716.97	-49.14	4.79	53.59
2025-01-09T04:45:18	3007.12	-255.66	724.07	-50.56	5.16	54.52
2025-01-09T04:45:20	3002.67	-255.55	731.16	-52.02	5.39	55.45
2025-01-09T04:45:22	2998.21	-255.43	738.25	-53.51	5.48	56.39
2025-01-09T04:45:24	2993.74	-255.32	745.33	-54.66	5.73	57.23
2025-01-09T04:45:26	2989.26	-255.20	752.42	-55.70	6.16	58.02
2025-01-09T04:45:28	2984.77	-255.08	759.50	-56.92	6.78	58.81
2025-01-09T04:45:30	2980.28	-254.97	766.58	-58.15	7.31	59.57
2025-01-09T04:45:32	2975.77	-254.85	773.66	-59.40	7.76	60.31
2025-01-09T04:45:34	2971.26	-254.73	780.74	-60.68	8.12	61.02
2025-01-09T04:45:36	2966.74	-254.61	787.82	-61.97	8.39	61.71
2025-01-09T04:45:38	2962.21	-254.48	794.89	-63.29	8.58	62.38
2025-01-09T04:45:40	2957.67	-254.36	801.96	-64.56	8.89	62.87
2025-01-09T04:45:42	2953.12	-254.24	809.02	-65.77	9.26	63.24
2025-01-09T04:45:44	2948.56	-254.11	816.09	-66.93	9.56	63.61
2025-01-09T04:45:46	2943.99	-253.99	823.15	-68.05	9.80	63.99
2025-01-09T04:45:48	2939.42	-253.86	830.21	-69.13	9.97	64.36
2025-01-09T04:45:50	2934.83	-253.74	837.27	-70.18	10.07	64.73
2025-01-09T04:45:52	2930.24	-253.61	844.32	-71.30	10.18	65.10
2025-01-09T04:45:54	2925.64	-253.48	851.37	-72.47	10.33	65.45
2025-01-09T04:45:56	2921.02	-253.35	858.42	-73.72	10.53	65.87
2025-01-09T04:45:58	2916.40	-253.23	865.47	-74.97	10.74	66.32
2025-01-09T04:46:00	2911.77	-253.10	872.51	-76.12	10.89	66.72
2025-01-09T04:46:02	2907.13	-252.97	879.55	-77.18	11.00	67.07
2025-01-09T04:46:04	2902.48	-252.83	886.59	-78.15	11.06	67.38
2025-01-09T04:46:06	2897.83	-252.70	893.63	-79.03	11.07	67.64
2025-01-09T04:46:08	2893.16	-252.57	900.66	-79.82	11.03	67.86
2025-01-09T04:46:10	2888.49	-252.44	907.69	-80.51	10.95	68.04
2025-01-09T04:46:12	2883.80	-252.30	914.72	-81.36	10.81	68.25
2025-01-09T04:46:14	2879.11	-252.16	921.74	-82.63	10.66	68.64
2025-01-09T04:46:16	2874.41	-252.03	928.76	-84.06	10.55	69.16
2025-01-09T04:46:18	2869.69	-251.89	935.78	-85.59	10.54	69.79
2025-01-09T04:46:20	2864.97	-251.75	942.80	-87.01	10.51	70.35
2025-01-09T04:46:22	2860.24	-251.61	949.81	-88.32	10.46	70.86
2025-01-09T04:46:24	2855.50	-251.47	956.82	-89.52	10.38	71.30
2025-01-09T04:46:26	2850.76	-251.33	963.82	-90.61	10.28	71.68
2025-01-09T04:46:28	2846.00	-251.19	970.83	-91.62	10.22	72.00
2025-01-09T04:46:30	2841.23	-251.05	977.83	-92.75	10.34	72.31
2025-01-09T04:46:32	2836.46	-250.91	984.83	-93.94	10.43	72.66
2025-01-09T04:46:34	2831.67	-250.76	991.82	-95.20	10.50	73.04
2025-01-09T04:46:36	2826.88	-250.62	998.81	-96.51	10.54	73.46
2025-01-09T04:46:38	2822.08	-250.47	1005.80	-97.88	10.55	73.90
2025-01-09T04:46:40	2817.26	-250.32	1012.78	-99.28	10.58	74.38
2025-01-09T04:46:42	2812.44	-250.18	1019.76	-100.58	10.66	74.86
2025-01-09T04:46:44	2807.61	-250.03	1026.74	-101.82	10.71	75.26
2025-01-09T04:46:46	2802.77	-249.88	1033.71	-102.90	10.97	75.50
2025-01-09T04:46:48	2797.92	-249.73	1040.68	-104.06	11.22	75.74
2025-01-09T04:46:50	2793.07	-249.58	1047.65	-105.31	11.45	75.99
2025-01-09T04:46:52	2788.20	-249.43	1054.61	-106.64	11.68	76.24
2025-01-09T04:46:54	2783.32	-249.28	1061.58	-108.05	11.89	76.49
2025-01-09T04:46:56	2778.44	-249.12	1068.53	-109.54	12.08	76.75
2025-01-09T04:46:58	2773.54	-248.97	1075.49	-111.12	12.26	77.01
2025-01-09T04:47:00	2768.64	-248.82	1082.44	-112.77	12.43	77.27
2025-01-09T04:47:02	2763.72	-248.66	1089.38	-114.15	12.51	77.41
2025-01-09T04:47:04	2758.80	-248.50	1096.32	-115.44	12.66	77.57
2025-01-09T04:47:06	2753.87	-248.35	1103.26	-116.73	12.87	77.79
2025-01-09T04:47:08	2748.93	-248.19	1110.20	-118.08	13.06	78.03
2025-01-09T04:47:10	2743.98	-248.03	1117.13	-119.47	13.24	78.31
2025-01-09T04:47:12	2739.02	-247.87	1124.06	-120.92	13.39	78.62
2025-01-09T04:47:14	2734.05	-247.71	1130.98	-122.41	13.53	78.95
2025-01-09T04:47:16	2729.08	-247.55	1137.90	-123.95	13.65	79.32
2025-01-09T04:47:18	2724.09	-247.39	1144.82	-125.37	13.75	79.50
2025-01-09T04:47:20	2719.09	-247.22	1151.73	-126.64	13.86	79.49
2025-01-09T04:47:22	2714.09	-247.06	1158.64	-127.89	13.99	79.43
2025-01-09T04:47:24	2709.08	-246.89	1165.55	-129.11	14.12	79.30
2025-01-09T04:47:26	2704.05	-246.73	1172.45	-130.31	14.27	79.13
2025-01-09T04:47:28	2699.02	-246.56	1179.34	-131.78	14.42	78.98
2025-01-09T04:47:30	2693.98	-246.40	1186.24	-133.34	14.58	78.85
2025-01-09T04:47:32	2688.93	-246.23	1193.13	-135.00	14.74	78.75
2025-01-09T04:47:34	2683.87	-246.06	1200.01	-136.74	14.89	78.71
2025-01-09T04:47:36	2678.80	-245.89	1206.89	-138.44	15.00	78.75
2025-01-09T04:47:38	2673.72	-245.72	1213.77	-140.09	15.14	78.72
2025-01-09T04:47:40	2668.63	-245.55	1220.64	-141.69	15.32	78.65
2025-01-09T04:47:42	2663.53	-245.37	1227.51	-143.24	15.53	78.51
2025-01-09T04:47:44	2658.43	-245.20	1234.37	-144.75	15.76	78.32
2025-01-09T04:47:46	2653.31	-245.03	1241.23	-146.21	16.03	78.07
2025-01-09T04:47:48	2648.19	-244.85	1248.08	-147.62	16.33	77.77
2025-01-09T04:47:50	2643.05	-244.68	1254.94	-149.12	16.60	77.52
2025-01-09T04:47:52	2637.91	-244.50	1261.78	-150.65	16.50	77.41
2025-01-09T04:47:54	2632.76	-244.32	1268.62	-152.15	16.38	77.28
2025-01-09T04:47:56	2627.59	-244.14	1275.46	-153.61	16.25	77.15
2025-01-09T04:47:58	2622.42	-243.96	1282.29	-155.04	16.12	77.02
2025-01-09T04:48:00	2617.24	-243.78	1289.12	-156.43	15.99	76.87
2025-01-09T04:48:02	2612.05	-243.60	1295.95	-157.78	15.86	76.71
2025-01-09T04:48:04	2606.86	-243.42	1302.77	-159.10	15.72	76.55
2025-01-09T04:48:06	2601.65	-243.24	1309.58	-160.38	15.58	76.38
2025-01-09T04:48:08	2596.43	-243.05	1316.39	-161.74	15.58	76.13
2025-01-09T04:48:10	2591.21	-242.87	1323.20	-163.18	15.68	75.80
2025-01-09T04:48:12	2585.97	-242.68	1330.00	-164.83	15.77	75.48
2025-01-09T04:48:14	2580.73	-242.50	1336.80	-166.51	15.85	75.16
2025-01-09T04:48:16	2575.47	-242.31	1343.59	-168.19	15.90	74.80
2025-01-09T04:48:18	2570.21	-242.12	1350.37	-169.85	15.93	74.43
2025-01-09T04:48:20	2564.94	-241.93	1357.15	-171.49	15.95	74.03
2025-01-09T04:48:22	2559.66	-241.74	1363.93	-173.13	15.95	73.60
2025-01-09T04:48:24	2554.37	-241.55	1370.70	-174.74	15.93	73.20
2025-01-09T04:48:26	2549.07	-241.36	1377.47	-176.25	15.96	72.98
2025-01-09T04:48:28	2543.76	-241.17	1384.23	-177.76	16.02	72.74
2025-01-09T04:48:30	2538.44	-240.97	1390.99	-179.27	16.11	72.47
2025-01-09T04:48:32	2533.12	-240.78	1397.74	-180.79	16.22	72.17
2025-01-09T04:48:34	2527.78	-240.59	1404.49	-182.36	16.32	71.84
2025-01-09T04:48:36	2522.44	-240.39	1411.23	-183.97	16.43	71.49
2025-01-09T04:48:38	2517.08	-240.19	1417.97	-185.62	16.53	71.12
2025-01-09T04:48:40	2511.72	-240.00	1424.70	-187.31	16.63	70.73
2025-01-09T04:48:42	2506.35	-239.80	1431.43	-188.83	16.64	70.27
2025-01-09T04:48:44	2500.97	-239.60	1438.15	-190.24	16.63	69.77
2025-01-09T04:48:46	2495.58	-239.40	1444.87	-191.65	16.64	69.27
2025-01-09T04:48:48	2490.18	-239.20	1451.58	-193.05	16.66	68.77
2025-01-09T04:48:50	2484.77	-238.99	1458.29	-194.43	16.71	68.25
2025-01-09T04:48:52	2479.35	-238.79	1464.99	-195.80	16.78	67.73
2025-01-09T04:48:54	2473.92	-238.59	1471.68	-197.20	16.86	67.20
2025-01-09T04:48:56	2468.49	-238.38	1478.37	-198.70	16.94	66.66
2025-01-09T04:48:58	2463.04	-238.18	1485.05	-200.23	17.02	66.13
2025-01-09T04:49:00	2457.59	-237.97	1491.73	-201.76	17.15	65.55
2025-01-09T04:49:02	2452.13	-237.76	1498.41	-203.28	17.29	64.94
2025-01-09T04:49:04	2446.66	-237.55	1505.07	-204.79	17.44	64.30
2025-01-09T04:49:06	2441.18	-237.34	1511.74	-206.29	17.59	63.64
2025-01-09T04:49:08	2435.69	-237.13	1518.39	-207.78	17.76	62.95
2025-01-09T04:49:10	2430.19	-236.92	1525.05	-209.26	17.93	62.23
2025-01-09T04:49:12	2424.68	-236.71	1531.69	-210.73	18.11	61.48
2025-01-09T04:49:14	2419.16	-236.50	1538.33	-212.19	18.30	60.71
2025-01-09T04:49:16	2413.64	-236.28	1544.97	-213.74	18.40	60.03
2025-01-09T04:49:18	2408.10	-236.07	1551.60	-215.28	18.43	59.42
2025-01-09T04:49:20	2402.56	-235.86	1558.22	-216.83	18.47	58.79
2025-01-09T04:49:22	2397.01	-235.64	1564.84	-218.38	18.52	58.14
2025-01-09T04:49:24	2391.44	-235.42	1571.45	-219.92	18.58	57.47
2025-01-09T04:49:26	2385.87	-235.20	1578.05	-221.47	18.64	56.79
2025-01-09T04:49:28	2380.30	-234.98	1584.65	-223.02	18.72	56.08
2025-01-09T04:49:30	2374.71	-234.76	1591.25	-224.57	18.80	55.36
2025-01-09T04:49:32	2369.11	-234.54	1597.83	-226.13	18.89	54.61
2025-01-09T04:49:34	2363.51	-234.32	1604.41	-227.52	18.96	53.80
2025-01-09T04:49:36	2357.89	-234.10	1610.99	-228.93	19.03	52.94
2025-01-09T04:49:38	2352.27	-233.87	1617.56	-230.38	19.11	52.06
2025-01-09T04:49:40	2346.63	-233.65	1624.12	-231.84	19.18	51.17
2025-01-09T04:49:42	2340.99	-233.43	1630.68	-233.31	19.24	50.28
2025-01-09T04:49:44	2335.34	-233.20	1637.23	-234.79	19.30	49.37
2025-01-09T04:49:46	2329.69	-232.97	1643.78	-236.29	19.36	48.46
2025-01-09T04:49:48	2324.02	-232.74	1650.32	-237.79	19.41	47.54
2025-01-09T04:49:50	2318.34	-232.51	1656.85	-239.27	19.47	46.62
2025-01-09T04:49:52	2312.66	-232.29	1663.37	-240.63	19.62	45.71
2025-01-09T04:49:54	2306.96	-232.06	1669.90	-241.96	19.76	44.78
2025-01-09T04:49:56	2301.26	-231.82	1676.41	-243.34	19.91	43.80
2025-01-09T04:49:58	2295.55	-231.59	1682.92	-244.75	20.06	42.79
2025-01-09T04:50:00	2289.83	-231.36	1689.42	-246.16	20.21	41.76
2025-01-09T04:50:02	2284.10	-231.12	1695.91	-247.56	20.37	40.71
2025-01-09T04:50:04	2278.36	-230.89	1702.40	-248.96	20.52	39.65
2025-01-09T04:50:06	2272.62	-230.65	1708.88	-250.35	20.68	38.58
2025-01-09T04:50:08	2266.86	-230.42	1715.36	-251.73	20.84	37.52
2025-01-09T04:50:10	2261.10	-230.18	1721.83	-253.06	20.98	36.49
2025-01-09T04:50:12	2255.33	-229.94	1728.29	-254.38	21.13	35.44
2025-01-09T04:50:14	2249.55	-229.70	1734.75	-255.69	21.29	34.39
2025-01-09T04:50:16	2243.76	-229.46	1741.20	-257.05	21.45	33.28
2025-01-09T04:50:18	2237.96	-229.22	1747.64	-258.43	21.63	32.14
2025-01-09T04:50:20	2232.16	-228.98	1754.07	-259.81	21.82	30.98
2025-01-09T04:50:22	2226.34	-228.73	1760.50	-261.18	22.00	29.80
2025-01-09T04:50:24	2220.52	-228.49	1766.93	-262.53	22.18	28.61
2025-01-09T04:50:26	2214.69	-228.24	1773.34	-263.84	22.32	27.41
2025-01-09T04:50:28	2208.85	-228.00	1779.75	-265.12	22.44	26.20
2025-01-09T04:50:30	2203.00	-227.75	1786.15	-266.38	22.55	24.98
2025-01-09T04:50:32	2197.15	-227.51	1792.55	-267.64	22.66	23.74
2025-01-09T04:50:34	2191.28	-227.26	1798.94	-268.89	22.76	22.49
2025-01-09T04:50:36	2185.41	-227.01	1805.32	-270.22	22.87	21.16
2025-01-09T04:50:38	2179.53	-226.76	1811.69	-271.57	22.99	19.80
2025-01-09T04:50:40	2173.63	-226.51	1818.06	-272.90	23.11	18.42
2025-01-09T04:50:42	2167.74	-226.25	1824.42	-274.21	23.22	17.02
2025-01-09T04:50:44	2161.83	-226.00	1830.78	-275.45	23.35	15.66
2025-01-09T04:50:46	2155.92	-225.75	1837.12	-276.64	23.49	14.33
2025-01-09T04:50:48	2149.99	-225.50	1843.46	-277.81	23.62	12.97
2025-01-09T04:50:50	2144.06	-225.24	1849.80	-278.96	23.76	11.61
2025-01-09T04:50:52	2138.12	-224.98	1856.12	-280.09	23.90	10.23
2025-01-09T04:50:54	2132.17	-224.72	1862.44	-281.22	24.04	8.83
2025-01-09T04:50:56	2126.22	-224.47	1868.75	-282.43	24.19	7.35
2025-01-09T04:50:58	2120.25	-224.21	1875.05	-283.63	24.35	5.84
2025-01-09T04:51:00	2114.28	-223.95	1881.35	-284.81	24.51	4.33
2025-01-09T04:51:02	2108.30	-223.69	1887.64	-285.93	24.64	2.85
2025-01-09T04:51:04	2102.31	-223.43	1893.92	-287.00	24.76	1.40
2025-01-09T04:51:06	2096.31	-223.16	1900.20	-288.06	24.88	-0.06
2025-01-09T04:51:08	2090.31	-222.90	1906.46	-289.09	24.99	-1.53
2025-01-09T04:51:10	2084.29	-222.64	1912.73	-290.11	25.09	-3.00
2025-01-09T04:51:12	2078.27	-222.37	1918.98	-291.12	25.20	-4.48
2025-01-09T04:51:14	2072.25	-222.11	1925.22	-292.16	25.31	-6.02
2025-01-09T04:51:16	2066.21	-221.84	1931.46	-293.22	25.42	-7.62
2025-01-09T04:51:18	2060.16	-221.57	1937.69	-294.27	25.53	-9.24
2025-01-09T04:51:20	2054.11	-221.30	1943.91	-295.29	25.65	-10.83
2025-01-09T04:51:22	2048.05	-221.03	1950.13	-296.28	25.75	-12.37
2025-01-09T04:51:24	2041.98	-220.76	1956.34	-297.24	25.86	-13.92
2025-01-09T04:51:26	2035.90	-220.49	1962.54	-298.18	25.96	-15.48
2025-01-09T04:51:28	2029.82	-220.22	1968.73	-299.10	26.06	-17.04
2025-01-09T04:51:30	2023.73	-219.95	1974.92	-299.99	26.15	-18.61
2025-01-09T04:51:32	2017.62	-219.67	1981.10	-300.86	26.25	-20.20
2025-01-09T04:51:34	2011.52	-219.40	1987.27	-301.84	26.36	-21.89
2025-01-09T04:51:36	2005.40	-219.12	1993.43	-302.80	26.47	-23.60
2025-01-09T04:51:38	1999.28	-218.85	1999.58	-303.73	26.57	-25.30
2025-01-09T04:51:40	1993.15	-218.57	2005.73	-304.61	26.71	-26.92
2025-01-09T04:51:42	1987.01	-218.29	2011.87	-305.44	26.85	-28.55
2025-01-09T04:51:44	1980.86	-218.01	2018.00	-306.25	26.99	-30.18
2025-01-09T04:51:46	1974.71	-217.73	2024.12	-307.02	27.12	-31.82
2025-01-09T04:51:48	1968.54	-217.45	2030.24	-307.75	27.26	-33.46
2025-01-09T04:51:50	1962.37	-217.17	2036.35	-308.45	27.40	-35.10
2025-01-09T04:51:52	1956.20	-216.89	2042.45	-309.20	27.55	-36.85
2025-01-09T04:51:54	1950.01	-216.61	2048.54	-309.96	27.70	-38.62
2025-01-09T04:51:56	1943.82	-216.32	2054.62	-310.71	27.86	-40.40
2025-01-09T04:51:58	1937.62	-216.04	2060.70	-311.45	28.02	-42.06
2025-01-09T04:52:00	1931.41	-215.75	2066.77	-312.17	28.18	-43.69
2025-01-09T04:52:02	1925.20	-215.46	2072.83	-312.86	28.34	-45.32
2025-01-09T04:52:04	1918.98	-215.18	2078.88	-313.52	28.50	-46.95
2025-01-09T04:52:06	1912.75	-214.89	2084.93	-314.14	28.65	-48.59
2025-01-09T04:52:08	1906.51	-214.60	2090.96	-314.74	28.80	-50.23
2025-01-09T04:52:10	1900.27	-214.31	2096.99	-315.34	28.96	-51.94
2025-01-09T04:52:12	1894.01	-214.02	2103.01	-315.96	29.12	-53.72
2025-01-09T04:52:14	1887.75	-213.73	2109.02	-316.56	29.28	-55.49
2025-01-09T04:52:16	1881.49	-213.43	2115.03	-317.14	29.42	-57.24
2025-01-09T04:52:18	1875.22	-213.14	2121.03	-317.71	29.52	-58.93
2025-01-09T04:52:20	1868.94	-212.85	2127.01	-318.25	29.61	-60.62
2025-01-09T04:52:22	1862.65	-212.55	2132.99	-318.77	29.71	-62.32
2025-01-09T04:52:24	1856.35	-212.26	2138.96	-319.25	29.80	-64.01
2025-01-09T04:52:26	1850.05	-211.96	2144.93	-319.71	29.88	-65.70
2025-01-09T04:52:28	1843.74	-211.66	2150.88	-320.16	29.98	-67.46
2025-01-09T04:52:30	1837.42	-211.36	2156.83	-320.62	30.08	-69.30
2025-01-09T04:52:32	1831.10	-211.06	2162.77	-321.04	30.18	-71.13
2025-01-09T04:52:34	1824.77	-210.76	2168.70	-321.44	30.27	-72.97
2025-01-09T04:52:36	1818.43	-210.46	2174.62	-321.81	30.37	-74.75
2025-01-09T04:52:38	1812.09	-210.16	2180.53	-322.16	30.47	-76.52
2025-01-09T04:52:40	1805.74	-209.86	2186.44	-322.48	30.57	-78.29
2025-01-09T04:52:42	1799.38	-209.56	2192.33	-322.78	30.66	-80.05
2025-01-09T04:52:44	1793.01	-209.25	2198.22	-323.06	30.75	-81.81
2025-01-09T04:52:46	1786.64	-208.95	2204.10	-323.32	30.84	-83.62
2025-01-09T04:52:48	1780.26	-208.64	2209.97	-323.56	30.94	-85.52
2025-01-09T04:52:50	1773.88	-208.33	2215.83	-323.77	31.04	-87.40
2025-01-09T04:52:52	1767.48	-208.03	2221.69	-323.95	31.14	-89.27
2025-01-09T04:52:54	1761.09	-207.72	2227.53	-324.09	31.23	-91.14
2025-01-09T04:52:56	1754.68	-207.41	2233.37	-324.26	31.36	-92.88
2025-01-09T04:52:58	1748.27	-207.10	2239.20	-324.42	31.49	-94.61
2025-01-09T04:53:00	1741.85	-206.79	2245.02	-324.55	31.61	-96.34
2025-01-09T04:53:02	1735.42	-206.48	2250.83	-324.66	31.73	-98.05
2025-01-09T04:53:04	1728.99	-206.17	2256.64	-324.78	31.85	-99.84
2025-01-09T04:53:06	1722.55	-205.85	2262.43	-324.90	31.99	-101.68
2025-01-09T04:53:08	1716.11	-205.54	2268.22	-324.99	32.12	-103.51
2025-01-09T04:53:10	1709.65	-205.23	2273.99	-325.06	32.25	-105.33
2025-01-09T04:53:12	1703.19	-204.91	2279.76	-325.10	32.37	-107.14
2025-01-09T04:53:14	1696.73	-204.59	2285.52	-325.12	32.48	-108.93
2025-01-09T04:53:16	1690.26	-204.28	2291.27	-325.15	32.56	-110.64
2025-01-09T04:53:18	1683.78	-203.96	2297.02	-325.15	32.63	-112.34
2025-01-09T04:53:20	1677.30	-203.64	2302.75	-325.13	32.70	-114.04
2025-01-09T04:53:22	1670.80	-203.32	2308.48	-325.07	32.76	-115.82
2025-01-09T04:53:24	1664.31	-203.00	2314.19	-324.98	32.83	-117.63
2025-01-09T04:53:26	1657.80	-202.68	2319.90	-324.87	32.88	-119.44
2025-01-09T04:53:28	1651.29	-202.36	2325.60	-324.73	32.93	-121.22
2025-01-09T04:53:30	1644.78	-202.04	2331.29	-324.57	32.97	-123.00
2025-01-09T04:53:32	1638.26	-201.71	2336.97	-324.38	33.00	-124.76
2025-01-09T04:53:34	1631.73	-201.39	2342.65	-324.19	33.02	-126.49
2025-01-09T04:53:36	1625.19	-201.07	2348.31	-324.03	33.05	-128.14
2025-01-09T04:53:38	1618.65	-200.74	2353.97	-323.85	33.07	-129.77
2025-01-09T04:53:40	1612.11	-200.41	2359.61	-323.64	33.11	-131.52
2025-01-09T04:53:42	1605.56	-200.08	2365.25	-323.41	33.16	-133.27
2025-01-09T04:53:44	1599.00	-199.76	2370.88	-323.15	33.20	-134.99
2025-01-09T04:53:46	1592.43	-199.43	2376.50	-322.86	33.24	-136.70
2025-01-09T04:53:48	1585.86	-199.10	2382.11	-322.54	33.28	-138.39
2025-01-09T04:53:50	1579.29	-198.77	2387.71	-322.20	33.31	-140.07
2025-01-09T04:53:52	1572.70	-198.44	2393.30	-321.83	33.35	-141.72
2025-01-09T04:53:54	1566.12	-198.11	2398.89	-321.42	33.39	-143.35
2025-01-09T04:53:56	1559.52	-197.77	2404.46	-321.10	33.47	-144.94
2025-01-09T04:53:58	1552.92	-197.44	2410.03	-320.75	33.58	-146.62
2025-01-09T04:54:00	1546.32	-197.11	2415.59	-320.39	33.68	-148.28
2025-01-09T04:54:02	1539.71	-196.77	2421.13	-320.00	33.78	-149.92
2025-01-09T04:54:04	1533.09	-196.44	2426.68	-319.59	33.86	-151.55
2025-01-09T04:54:06	1526.47	-196.10	2432.20	-319.15	33.95	-153.15
2025-01-09T04:54:08	1519.84	-195.77	2437.73	-318.69	34.02	-154.74
2025-01-09T04:54:10	1513.21	-195.43	2443.24	-318.21	34.09	-156.31
2025-01-09T04:54:12	1506.56	-195.09	2448.74	-317.70	34.15	-157.86
2025-01-09T04:54:14	1499.92	-194.75	2454.24	-317.15	34.20	-159.47
2025-01-09T04:54:16	1493.27	-194.41	2459.72	-316.59	34.25	-161.08
2025-01-09T04:54:18	1486.61	-194.07	2465.20	-316.05	34.28	-162.65
2025-01-09T04:54:20	1479.95	-193.73	2470.67	-315.49	34.31	-164.20
2025-01-09T04:54:22	1473.28	-193.39	2476.12	-314.91	34.33	-165.73
2025-01-09T04:54:24	1466.61	-193.04	2481.57	-314.32	34.35	-167.24
2025-01-09T04:54:26	1459.93	-192.70	2487.01	-313.70	34.37	-168.73
2025-01-09T04:54:28	1453.25	-192.36	2492.45	-313.07	34.37	-170.21
2025-01-09T04:54:30	1446.56	-192.01	2497.87	-312.42	34.38	-171.66
2025-01-09T04:54:32	1439.87	-191.67	2503.28	-311.70	34.39	-173.20
2025-01-09T04:54:34	1433.17	-191.32	2508.68	-310.95	34.41	-174.72
2025-01-09T04:54:36	1426.47	-190.97	2514.08	-310.20	34.43	-176.22
2025-01-09T04:54:38	1419.76	-190.62	2519.46	-309.52	34.47	-177.67
2025-01-09T04:54:40	1413.04	-190.28	2524.84	-308.82	34.51	-179.10
2025-01-09T04:54:42	1406.33	-189.93	2530.21	-308.11	34.55	-180.50
2025-01-09T04:54:44	1399.60	-189.58	2535.57	-307.38	34.58	-181.88
2025-01-09T04:54:46	1392.87	-189.23	2540.92	-306.64	34.62	-183.24
2025-01-09T04:54:48	1386.14	-188.88	2546.25	-305.85	34.66	-184.62
2025-01-09T04:54:50	1379.40	-188.52	2551.59	-305.02	34.70	-186.03
2025-01-09T04:54:52	1372.65	-188.17	2556.91	-304.18	34.73	-187.42
2025-01-09T04:54:54	1365.90	-187.82	2562.22	-303.32	34.76	-188.78
2025-01-09T04:54:56	1359.15	-187.47	2567.52	-302.45	34.78	-190.13
2025-01-09T04:54:58	1352.39	-187.11	2572.82	-301.61	34.79	-191.45
2025-01-09T04:55:00	1345.63	-186.76	2578.10	-300.82	34.79	-192.75
2025-01-09T04:55:02	1338.86	-186.40	2583.38	-300.01	34.78	-194.02
2025-01-09T04:55:04	1332.08	-186.04	2588.64	-299.19	34.76	-195.28
2025-01-09T04:55:06	1325.31	-185.68	2593.90	-298.27	34.74	-196.61
2025-01-09T04:55:08	1318.52	-185.33	2599.15	-297.33	34.71	-197.91
2025-01-09T04:55:10	1311.74	-184.97	2604.39	-296.37	34.68	-199.20
2025-01-09T04:55:12	1304.94	-184.61	2609.62	-295.40	34.64	-200.46
2025-01-09T04:55:14	1298.15	-184.25	2614.84	-294.41	34.59	-201.70
2025-01-09T04:55:16	1291.35	-183.89	2620.05	-293.41	34.53	-202.91
2025-01-09T04:55:18	1284.54	-183.53	2625.25	-292.39	34.47	-204.10
2025-01-09T04:55:20	1277.73	-183.17	2630.45	-291.41	34.42	-205.26
2025-01-09T04:55:22	1270.92	-182.80	2635.63	-290.43	34.38	-206.42
2025-01-09T04:55:24	1264.10	-182.44	2640.80	-289.42	34.34	-207.60
2025-01-09T04:55:26	1257.27	-182.08	2645.97	-288.40	34.30	-208.75
2025-01-09T04:55:28	1250.44	-181.71	2651.13	-287.37	34.27	-209.88
2025-01-09T04:55:30	1243.61	-181.35	2656.27	-286.34	34.24	-210.98
2025-01-09T04:55:32	1236.77	-180.98	2661.41	-285.30	34.21	-212.07
2025-01-09T04:55:34	1229.93	-180.61	2666.54	-284.26	34.18	-213.13
2025-01-09T04:55:36	1223.09	-180.25	2671.66	-283.21	34.16	-214.18
2025-01-09T04:55:38	1216.24	-179.88	2676.77	-282.13	34.14	-215.20
2025-01-09T04:55:40	1209.39	-179.51	2681.87	-280.93	34.14	-216.24
2025-01-09T04:55:42	1202.53	-179.14	2686.96	-279.78	34.15	-217.25
2025-01-09T04:55:44	1195.67	-178.77	2692.04	-278.68	34.16	-218.26
2025-01-09T04:55:46	1188.80	-178.40	2697.11	-277.58	34.17	-219.24
2025-01-09T04:55:48	1181.93	-178.03	2702.18	-276.48	34.18	-220.21
2025-01-09T04:55:50	1175.06	-177.66	2707.23	-275.38	34.18	-221.16
2025-01-09T04:55:52	1168.18	-177.29	2712.28	-274.28	34.18	-222.08
2025-01-09T04:55:54	1161.29	-176.91	2717.32	-273.17	34.18	-222.99
2025-01-09T04:55:56	1154.41	-176.54	2722.34	-272.01	34.16	-223.93
2025-01-09T04:55:58	1147.52	-176.16	2727.36	-270.83	34.13	-224.85
2025-01-09T04:56:00	1140.62	-175.79	2732.37	-269.64	34.08	-225.74
2025-01-09T04:56:02	1133.73	-175.41	2737.37	-268.44	34.03	-226.60
2025-01-09T04:56:04	1126.83	-175.04	2742.36	-267.24	33.96	-227.45
2025-01-09T04:56:06	1119.92	-174.66	2747.34	-266.12	33.88	-228.28
2025-01-09T04:56:08	1113.01	-174.28	2752.31	-264.98	33.79	-229.08
2025-01-09T04:56:10	1106.10	-173.91	2757.27	-263.83	33.70	-229.85
2025-01-09T04:56:12	1099.18	-173.53	2762.22	-262.60	33.60	-230.62
2025-01-09T04:56:14	1092.26	-173.15	2767.17	-261.32	33.50	-231.38
2025-01-09T04:56:16	1085.34	-172.77	2772.10	-260.06	33.40	-232.13
2025-01-09T04:56:18	1078.41	-172.39	2777.03	-258.80	33.30	-232.86
2025-01-09T04:56:20	1071.48	-172.01	2781.94	-257.55	33.19	-233.57
2025-01-09T04:56:22	1064.55	-171.63	2786.85	-256.30	33.08	-234.27
2025-01-09T04:56:24	1057.61	-171.25	2791.75	-255.06	32.97	-234.95
2025-01-09T04:56:26	1050.66	-170.86	2796.64	-253.83	32.85	-235.61
2025-01-09T04:56:28	1043.72	-170.48	2801.52	-252.60	32.76	-236.26
2025-01-09T04:56:30	1036.77	-170.09	2806.39	-251.32	32.71	-236.90
2025-01-09T04:56:32	1029.82	-169.71	2811.25	-250.04	32.65	-237.53
2025-01-09T04:56:34	1022.87	-169.33	2816.10	-248.77	32.59	-238.13
2025-01-09T04:56:36	1015.91	-168.94	2820.95	-247.49	32.53	-238.72
2025-01-09T04:56:38	1008.94	-168.56	2825.78	-246.22	32.47	-239.30
2025-01-09T04:56:40	1001.98	-168.17	2830.60	-244.95	32.40	-239.85
2025-01-09T04:56:42	995.01	-167.78	2835.42	-243.68	32.34	-240.39
2025-01-09T04:56:44	988.04	-167.40	2840.22	-242.41	32.27	-240.91
2025-01-09T04:56:46	981.06	-167.01	2845.02	-241.08	32.21	-241.42
2025-01-09T04:56:48	974.09	-166.62	2849.81	-239.76	32.14	-241.91
2025-01-09T04:56:50	967.10	-166.23	2854.59	-238.44	32.07	-242.37
2025-01-09T04:56:52	960.12	-165.84	2859.36	-237.18	32.00	-242.83
2025-01-09T04:56:54	953.13	-165.45	2864.12	-235.96	31.95	-243.29
2025-01-09T04:56:56	946.14	-165.06	2868.87	-234.74	31.89	-243.73
2025-01-09T04:56:58	939.15	-164.67	2873.61	-233.52	31.83	-244.15
2025-01-09T04:57:00	932.15	-164.28	2878.34	-232.30	31.76	-244.55
2025-01-09T04:57:02	925.15	-163.88	2883.06	-230.96	31.70	-244.91
2025-01-09T04:57:04	918.15	-163.49	2887.78	-229.62	31.64	-245.26
2025-01-09T04:57:06	911.15	-163.09	2892.49	-228.28	31.58	-245.59
2025-01-09T04:57:08	904.14	-162.70	2897.18	-226.94	31.51	-245.90
2025-01-09T04:57:10	897.13	-162.31	2901.87	-225.62	31.43	-246.20
2025-01-09T04:57:12	890.11	-161.91	2906.55	-224.29	31.36	-246.48
2025-01-09T04:57:14	883.10	-161.52	2911.22	-222.97	31.27	-246.75
2025-01-09T04:57:16	876.08	-161.12	2915.88	-221.70	31.19	-247.03
2025-01-09T04:57:18	869.06	-160.72	2920.53	-220.43	31.10	-247.33
2025-01-09T04:57:20	862.03	-160.33	2925.17	-219.15	31.00	-247.61
2025-01-09T04:57:22	855.01	-159.93	2929.80	-217.87	30.89	-247.86
2025-01-09T04:57:24	847.98	-159.53	2934.42	-216.59	30.77	-248.10
2025-01-09T04:57:26	840.94	-159.13	2939.04	-215.32	30.65	-248.31
2025-01-09T04:57:28	833.91	-158.73	2943.65	-214.05	30.53	-248.50
2025-01-09T04:57:30	826.87	-158.33	2948.24	-212.78	30.40	-248.67
2025-01-09T04:57:32	819.83	-157.93	2952.83	-211.52	30.27	-248.82
2025-01-09T04:57:34	812.79	-157.53	2957.41	-210.19	30.12	-248.93
2025-01-09T04:57:36	805.74	-157.13	2961.98	-208.84	29.96	-249.00
2025-01-09T04:57:38	798.69	-156.73	2966.54	-207.50	29.81	-249.06
2025-01-09T04:57:40	791.65	-156.33	2971.09	-206.18	29.65	-249.11
2025-01-09T04:57:42	784.59	-155.92	2975.63	-204.93	29.51	-249.24
2025-01-09T04:57:44	777.54	-155.52	2980.17	-203.70	29.37	-249.36
2025-01-09T04:57:46	770.48	-155.12	2984.69	-202.47	29.22	-249.46
2025-01-09T04:57:48	763.42	-154.71	2989.21	-201.25	29.08	-249.55
2025-01-09T04:57:50	756.36	-154.31	2993.71	-200.01	28.94	-249.60
2025-01-09T04:57:52	749.30	-153.90	2998.21	-198.73	28.81	-249.60
2025-01-09T04:57:54	742.23	-153.50	3002.70	-197.46	28.67	-249.59
2025-01-09T04:57:56	735.16	-153.09	3007.18	-196.19	28.53	-249.56
2025-01-09T04:57:58	728.09	-152.68	3011.65	-194.93	28.40	-249.51
2025-01-09T04:58:00	721.02	-152.28	3016.12	-193.67	28.27	-249.44
2025-01-09T04:58:02	713.94	-151.87	3020.57	-192.42	28.14	-249.35
2025-01-09T04:58:04	706.87	-151.46	3025.01	-191.17	28.01	-249.24
2025-01-09T04:58:06	699.79	-151.05	3029.45	-189.91	27.90	-249.15
2025-01-09T04:58:08	692.71	-150.64	3033.88	-188.66	27.82	-249.11
2025-01-09T04:58:10	685.63	-150.23	3038.30	-187.42	27.74	-249.06
2025-01-09T04:58:12	678.54	-149.83	3042.70	-186.18	27.66	-248.99
2025-01-09T04:58:14	671.45	-149.41	3047.11	-184.95	27.58	-248.91
2025-01-09T04:58:16	664.37	-149.00	3051.50	-183.73	27.50	-248.82
2025-01-09T04:58:18	657.27	-148.59	3055.88	-182.51	27.42	-248.72
2025-01-09T04:58:20	650.18	-148.18	3060.25	-181.31	27.34	-248.61
2025-01-09T04:58:22	643.09	-147.77	3064.62	-180.09	27.26	-248.46
2025-01-09T04:58:24	635.99	-147.36	3068.98	-178.87	27.16	-248.27
2025-01-09T04:58:26	628.89	-146.94	3073.32	-177.65	27.05	-248.08
2025-01-09T04:58:28	621.79	-146.53	3077.66	-176.45	26.95	-247.88
2025-01-09T04:58:30	614.69	-146.12	3081.99	-175.26	26.84	-247.67
2025-01-09T04:58:32	607.59	-145.70	3086.31	-174.10	26.73	-247.48
2025-01-09T04:58:34	600.48	-145.29	3090.63	-172.98	26.62	-247.30
2025-01-09T04:58:36	593.37	-144.87	3094.93	-171.87	26.52	-247.10
2025-01-09T04:58:38	586.27	-144.46	3099.23	-170.74	26.41	-246.86
2025-01-09T04:58:40	579.16	-144.04	3103.51	-169.56	26.31	-246.55
2025-01-09T04:58:42	572.05	-143.63	3107.79	-168.38	26.20	-246.23
2025-01-09T04:58:44	564.93	-143.21	3112.06	-167.21	26.09	-245.90
2025-01-09T04:58:46	557.82	-142.79	3116.32	-166.04	25.98	-245.55
2025-01-09T04:58:48	550.70	-142.37	3120.57	-164.88	25.87	-245.20
2025-01-09T04:58:50	543.58	-141.95	3124.82	-163.73	25.75	-244.83
2025-01-09T04:58:52	536.46	-141.54	3129.05	-162.58	25.64	-244.45
2025-01-09T04:58:54	529.34	-141.12	3133.28	-161.45	25.53	-244.05
2025-01-09T04:58:56	522.22	-140.70	3137.50	-160.33	25.41	-243.64
2025-01-09T04:58:58	515.09	-140.28	3141.70	-159.22	25.30	-243.24
2025-01-09T04:59:00	507.97	-139.86	3145.91	-158.17	25.20	-242.94
2025-01-09T04:59:02	500.84	-139.44	3150.10	-157.14	25.11	-242.64
2025-01-09T04:59:04	493.71	-139.02	3154.28	-156.11	25.01	-242.33
2025-01-09T04:59:06	486.58	-138.60	3158.46	-155.10	24.92	-242.01
2025-01-09T04:59:08	479.46	-138.18	3162.62	-154.09	24.83	-241.68
2025-01-09T04:59:10	472.32	-137.76	3166.78	-153.07	24.74	-241.31
2025-01-09T04:59:12	465.19	-137.33	3170.93	-152.00	24.64	-240.87
2025-01-09T04:59:14	458.06	-136.91	3175.07	-150.93	24.53	-240.41
2025-01-09T04:59:16	450.92	-136.48	3179.21	-149.87	24.42	-239.93
2025-01-09T04:59:18	443.78	-136.06	3183.33	-148.82	24.31	-239.44
2025-01-09T04:59:20	436.65	-135.64	3187.45	-147.77	24.20	-238.93
2025-01-09T04:59:22	429.51	-135.22	3191.55	-146.73	24.08	-238.41
2025-01-09T04:59:24	422.37	-134.79	3195.65	-145.69	23.96	-237.88
2025-01-09T04:59:26	415.22	-134.36	3199.74	-144.67	23.84	-237.31
2025-01-09T04:59:28	408.08	-133.94	3203.82	-143.69	23.71	-236.81
2025-01-09T04:59:30	400.94	-133.51	3207.90	-142.73	23.58	-236.30
2025-01-09T04:59:32	393.79	-133.09	3211.96	-141.79	23.46	-235.80
2025-01-09T04:59:34	386.65	-132.66	3216.02	-140.85	23.35	-235.30
2025-01-09T04:59:36	379.50	-132.23	3220.07	-139.93	23.24	-234.80
2025-01-09T04:59:38	372.35	-131.81	3224.11	-139.02	23.14	-234.30
2025-01-09T04:59:40	365.21	-131.38	3228.14	-138.13	23.04	-233.80
2025-01-09T04:59:42	358.06	-130.95	3232.17	-137.22	22.95	-233.29
2025-01-09T04:59:44	350.91	-130.52	3236.18	-136.25	22.87	-232.75
2025-01-09T04:59:46	343.75	-130.10	3240.19	-135.28	22.78	-232.20
2025-01-09T04:59:48	336.60	-129.67	3244.19	-134.32	22.70	-231.64
2025-01-09T04:59:50	329.45	-129.24	3248.18	-133.37	22.62	-231.06
2025-01-09T04:59:52	322.30	-128.81	3252.16	-132.43	22.55	-230.47
2025-01-09T04:59:54	315.14	-128.38	3256.14	-131.49	22.47	-229.86
2025-01-09T04:59:56	307.99	-127.95	3260.11	-130.57	22.38	-229.29
2025-01-09T04:59:58	300.83	-127.52	3264.06	-129.68	22.27	-228.72
2025-01-09T05:00:00	293.67	-127.08	3268.01	-128.85	22.13	-228.12
2025-01-09T05:00:02	286.51	-126.65	3271.96	-128.02	21.99	-227.51
2025-01-09T05:00:04	279.36	-126.22	3275.89	-127.21	21.86	-226.91
2025-01-09T05:00:06	272.20	-125.79	3279.82	-126.41	21.74	-226.30
2025-01-09T05:00:08	265.04	-125.36	3283.73	-125.62	21.63	-225.70
2025-01-09T05:00:10	257.88	-124.93	3287.64	-124.85	21.53	-225.09
2025-01-09T05:00:12	250.71	-124.49	3291.55	-124.08	21.44	-224.49
2025-01-09T05:00:14	243.56	-124.06	3295.44	-123.29	21.36	-223.88
2025-01-09T05:00:16	236.39	-123.63	3299.32	-122.40	21.26	-223.21
2025-01-09T05:00:18	229.23	-123.19	3303.20	-121.51	21.16	-222.56
2025-01-09T05:00:20	222.07	-122.76	3307.07	-120.61	21.06	-221.91
2025-01-09T05:00:22	214.90	-122.32	3310.93	-119.72	20.96	-221.26
2025-01-09T05:00:24	207.74	-121.89	3314.79	-118.82	20.86	-220.62
2025-01-09T05:00:26	200.57	-121.45	3318.63	-117.95	20.73	-220.02
2025-01-09T05:00:28	193.41	-121.02	3322.47	-117.09	20.60	-219.40
2025-01-09T05:00:30	186.24	-120.58	3326.30	-116.27	20.47	-218.74
2025-01-09T05:00:32	179.07	-120.15	3330.12	-115.57	20.33	-218.02
2025-01-09T05:00:34	171.91	-119.71	3333.94	-114.89	20.18	-217.29
2025-01-09T05:00:36	164.74	-119.27	3337.74	-114.21	20.03	-216.58
2025-01-09T05:00:38	157.58	-118.84	3341.54	-113.56	19.87	-215.87
2025-01-09T05:00:40	150.41	-118.40	3345.33	-112.91	19.71	-215.17
2025-01-09T05:00:42	143.24	-117.96	3349.11	-112.28	19.54	-214.47
2025-01-09T05:00:44	136.07	-117.52	3352.89	-111.67	19.36	-213.79
2025-01-09T05:00:46	128.90	-117.09	3356.65	-111.04	19.21	-213.09
2025-01-09T05:00:48	121.73	-116.65	3360.41	-110.35	19.14	-212.34
2025-01-09T05:00:50	114.56	-116.21	3364.16	-109.66	19.08	-211.59
2025-01-09T05:00:52	107.39	-115.77	3367.91	-108.97	19.05	-210.85
2025-01-09T05:00:54	100.22	-115.33	3371.64	-108.28	19.02	-210.11
2025-01-09T05:00:56	93.05	-114.89	3375.37	-107.61	19.01	-209.43
2025-01-09T05:00:58	85.88	-114.45	3379.09	-106.96	19.00	-208.74
2025-01-09T05:01:00	78.71	-114.01	3382.80	-106.32	18.97	-208.06
2025-01-09T05:01:02	71.54	-113.57	3386.51	-105.70	18.92	-207.33
2025-01-09T05:01:04	64.37	-113.13	3390.21	-105.09	18.84	-206.55
2025-01-09T05:01:06	57.20	-112.69	3393.90	-104.49	18.76	-205.76
2025-01-09T05:01:08	50.03	-112.25	3397.58	-103.89	18.67	-204.98
2025-01-09T05:01:10	42.86	-111.81	3401.25	-103.31	18.58	-204.20
2025-01-09T05:01:12	35.69	-111.36	3404.92	-102.72	18.48	-203.42
2025-01-09T05:01:14	28.51	-110.92	3408.58	-102.15	18.38	-202.65
2025-01-09T05:01:16	21.34	-110.48	3412.23	-101.58	18.28	-201.88
2025-01-09T05:01:18	14.17	-110.04	3415.87	-101.04	18.15	-201.10
2025-01-09T05:01:20	7.00	-109.60	3419.51	-100.52	17.99	-200.27
2025-01-09T05:01:22	-0.17	-109.15	3423.14	-100.01	17.82	-199.44
2025-01-09T05:01:24	-7.34	-108.71	3426.76	-99.51	17.66	-198.61
2025-01-09T05:01:26	-14.52	-108.26	3430.37	-99.01	17.54	-197.83
2025-01-09T05:01:28	-21.69	-107.82	3433.98	-98.53	17.46	-197.13
2025-01-09T05:01:30	-28.86	-107.38	3437.58	-98.05	17.39	-196.45
2025-01-09T05:01:32	-36.03	-106.93	3441.17	-97.57	17.32	-195.79
2025-01-09T05:01:34	-43.20	-106.49	3444.76	-97.12	17.32	-195.09
2025-01-09T05:01:36	-50.37	-106.04	3448.33	-96.72	17.41	-194.28
2025-01-09T05:01:38	-57.54	-105.60	3451.90	-96.33	17.49	-193.44
2025-01-09T05:01:40	-64.72	-105.15	3455.46	-95.94	17.55	-192.58
2025-01-09T05:01:42	-71.89	-104.71	3459.02	-95.55	17.60	-191.70
2025-01-09T05:01:44	-79.06	-104.26	3462.56	-95.17	17.63	-190.80
2025-01-09T05:01:46	-86.23	-103.81	3466.11	-94.79	17.65	-189.89
2025-01-09T05:01:48	-93.40	-103.37	3469.64	-94.41	17.66	-188.95
2025-01-09T05:01:50	-100.57	-102.92	3473.16	-93.99	17.63	-188.07
2025-01-09T05:01:52	-107.74	-102.48	3476.68	-93.49	17.57	-187.30
2025-01-09T05:01:54	-114.91	-102.03	3480.19	-93.00	17.49	-186.52
2025-01-09T05:01:56	-122.08	-101.58	3483.70	-92.51	17.40	-185.75
2025-01-09T05:01:58	-129.25	-101.13	3487.19	-92.02	17.33	-185.01
2025-01-09T05:02:00	-136.42	-100.69	3490.68	-91.54	17.30	-184.32
2025-01-09T05:02:02	-143.59	-100.24	3494.16	-91.10	17.27	-183.63
2025-01-09T05:02:04	-150.76	-99.79	3497.64	-90.70	17.25	-182.95
2025-01-09T05:02:06	-157.92	-99.34	3501.10	-90.33	17.25	-182.24
2025-01-09T05:02:08	-165.09	-98.89	3504.57	-89.98	17.28	-181.50
2025-01-09T05:02:10	-172.26	-98.44	3508.02	-89.60	17.34	-180.76
2025-01-09T05:02:12	-179.43	-98.00	3511.47	-89.20	17.43	-180.03
2025-01-09T05:02:14	-186.59	-97.55	3514.90	-88.79	17.55	-179.31
2025-01-09T05:02:16	-193.76	-97.10	3518.34	-88.35	17.69	-178.58
2025-01-09T05:02:18	-200.92	-96.65	3521.76	-87.89	17.86	-177.86
2025-01-09T05:02:20	-208.09	-96.20	3525.18	-87.41	18.05	-177.13
2025-01-09T05:02:22	-215.25	-95.75	3528.59	-87.08	18.12	-176.27
2025-01-09T05:02:24	-222.42	-95.30	3531.99	-86.95	17.99	-175.28
2025-01-09T05:02:26	-229.58	-94.85	3535.39	-86.84	17.83	-174.31
2025-01-09T05:02:28	-236.75	-94.40	3538.78	-86.73	17.65	-173.38
2025-01-09T05:02:30	-243.91	-93.94	3542.16	-86.63	17.45	-172.48
2025-01-09T05:02:32	-251.07	-93.50	3545.54	-86.57	17.15	-171.51
2025-01-09T05:02:34	-258.24	-93.04	3548.90	-86.52	16.85	-170.51
2025-01-09T05:02:36	-265.40	-92.59	3552.27	-86.46	16.58	-169.50
2025-01-09T05:02:38	-272.56	-92.14	3555.62	-86.33	16.42	-168.39
2025-01-09T05:02:40	-279.72	-91.69	3558.97	-86.13	16.39	-167.14
2025-01-09T05:02:42	-286.88	-91.24	3562.31	-85.94	16.38	-165.87
2025-01-09T05:02:44	-294.04	-90.79	3565.65	-85.76	16.39	-164.58
2025-01-09T05:02:46	-301.20	-90.33	3568.97	-85.59	16.40	-163.28
2025-01-09T05:02:48	-308.36	-89.88	3572.29	-85.43	16.43	-161.96
2025-01-09T05:02:50	-315.52	-89.43	3575.61	-85.27	16.48	-160.62
2025-01-09T05:02:52	-322.67	-88.97	3578.91	-85.13	16.53	-159.26
2025-01-09T05:02:54	-329.83	-88.52	3582.22	-84.81	16.55	-158.13
2025-01-09T05:02:56	-336.99	-88.07	3585.51	-84.33	16.51	-157.34
2025-01-09T05:02:58	-344.14	-87.61	3588.79	-83.89	16.48	-156.59
2025-01-09T05:03:00	-351.30	-87.16	3592.07	-83.51	16.44	-155.90
2025-01-09T05:03:02	-358.45	-86.71	3595.34	-83.18	16.40	-155.25
2025-01-09T05:03:04	-365.61	-86.25	3598.61	-82.90	16.36	-154.65
2025-01-09T05:03:06	-372.76	-85.80	3601.87	-82.52	16.31	-154.07
2025-01-09T05:03:08	-379.91	-85.34	3605.12	-82.06	16.23	-153.41
2025-01-09T05:03:10	-387.06	-84.89	3608.37	-81.66	16.01	-152.49
2025-01-09T05:03:12	-394.21	-84.43	3611.61	-81.24	15.62	-151.35
2025-01-09T05:03:14	-401.36	-83.98	3614.84	-80.75	15.22	-150.19
2025-01-09T05:03:16	-408.51	-83.52	3618.07	-80.20	14.81	-149.00
2025-01-09T05:03:18	-415.66	-83.07	3621.29	-79.60	14.39	-147.79
2025-01-09T05:03:20	-422.81	-82.61	3624.50	-78.93	13.95	-146.55
2025-01-09T05:03:22	-429.95	-82.16	3627.71	-78.22	13.51	-145.28
2025-01-09T05:03:24	-437.10	-81.70	3630.91	-77.47	13.05	-143.98
2025-01-09T05:03:26	-444.25	-81.24	3634.10	-76.34	12.71	-141.97
2025-01-09T05:03:28	-451.39	-80.79	3637.29	-74.79	12.54	-139.08
2025-01-09T05:03:30	-458.54	-80.33	3640.47	-73.20	12.44	-136.05
2025-01-09T05:03:32	-465.68	-79.88	3643.65	-71.57	12.41	-132.88
2025-01-09T05:03:34	-472.82	-79.42	3646.81	-69.89	12.44	-129.57
2025-01-09T05:03:36	-479.96	-78.96	3649.97	-68.17	12.54	-126.12
2025-01-09T05:03:38	-487.10	-78.51	3653.13	-66.41	12.72	-122.55
2025-01-09T05:03:40	-494.24	-78.05	3656.28	-64.60	12.96	-118.85
2025-01-09T05:03:42	-501.38	-77.59	3659.42	-63.13	12.55	-116.26
2025-01-09T05:03:44	-508.52	-77.14	3662.55	-62.18	11.59	-114.43
2025-01-09T05:03:46	-515.66	-76.68	3665.69	-61.22	10.76	-112.47
2025-01-09T05:03:48	-522.79	-76.22	3668.81	-60.27	10.04	-110.39
2025-01-09T05:03:50	-529.93	-75.76	3671.92	-59.31	9.45	-108.19
2025-01-09T05:03:52	-537.06	-75.30	3675.03	-58.37	8.98	-105.88
2025-01-09T05:03:54	-544.20	-74.85	3678.14	-57.43	8.65	-103.47
2025-01-09T05:03:56	-551.33	-74.39	3681.23	-56.51	8.44	-100.96
2025-01-09T05:03:58	-558.46	-73.93	3684.32	-54.85	8.63	-97.71
2025-01-09T05:04:00	-565.59	-73.47	3687.41	-52.23	9.16	-93.58
2025-01-09T05:04:02	-572.72	-73.01	3690.49	-49.59	9.63	-89.34
2025-01-09T05:04:04	-579.85	-72.55	3693.56	-46.92	10.04	-85.01
2025-01-09T05:04:06	-586.98	-72.09	3696.63	-44.22	10.41	-80.59
2025-01-09T05:04:08	-594.10	-71.64	3699.69	-41.49	10.71	-76.08
2025-01-09T05:04:10	-601.23	-71.17	3702.74	-38.73	10.96	-71.49
2025-01-09T05:04:12	-608.35	-70.72	3705.79	-35.94	11.15	-66.81
2025-01-09T05:04:14	-615.48	-70.26	3708.83	-33.28	11.50	-62.81
2025-01-09T05:04:16	-622.60	-69.80	3711.86	-30.83	12.13	-59.90
2025-01-09T05:04:18	-629.72	-69.34	3714.90	-28.48	12.76	-57.25
2025-01-09T05:04:20	-636.84	-68.88	3717.92	-26.34	13.39	-55.15
2025-01-09T05:04:22	-643.96	-68.42	3720.93	-24.25	13.95	-53.01
2025-01-09T05:04:24	-651.08	-67.96	3723.95	-22.21	14.45	-50.83
2025-01-09T05:04:26	-658.20	-67.50	3726.95	-20.22	14.87	-48.63
2025-01-09T05:04:28	-665.31	-67.04	3729.95	-18.28	15.23	-46.40
2025-01-09T05:04:30	-672.43	-66.58	3732.94	-16.71	15.40	-44.40
2025-01-09T05:04:32	-679.54	-66.11	3735.93	-15.65	15.39	-42.81
2025-01-09T05:04:34	-686.66	-65.65	3738.91	-14.59	15.36	-41.25
2025-01-09T05:04:36	-693.77	-65.19	3741.88	-13.52	15.34	-39.74
2025-01-09T05:04:38	-700.88	-64.73	3744.85	-12.46	15.31	-38.26
2025-01-09T05:04:40	-707.99	-64.27	3747.81	-11.40	15.28	-36.81
2025-01-09T05:04:42	-715.10	-63.81	3750.77	-10.35	15.24	-35.41
2025-01-09T05:04:44	-722.21	-63.35	3753.72	-9.29	15.19	-34.03
2025-01-09T05:04:46	-729.31	-62.89	3756.67	-8.39	15.21	-32.86
2025-01-09T05:04:48	-736.42	-62.42	3759.60	-7.77	15.39	-32.04
2025-01-09T05:04:50	-743.52	-61.96	3762.54	-7.15	15.60	-31.29
2025-01-09T05:04:52	-750.62	-61.50	3765.46	-6.54	15.84	-30.61
2025-01-09T05:04:54	-757.72	-61.04	3768.38	-5.94	16.10	-29.99
2025-01-09T05:04:56	-764.83	-60.58	3771.30	-5.33	16.40	-29.45
2025-01-09T05:04:58	-771.93	-60.12	3774.21	-4.87	16.73	-28.87
2025-01-09T05:05:00	-779.02	-59.65	3777.12	-4.45	17.08	-28.31
2025-01-09T05:05:02	-786.12	-59.19	3780.01	-4.22	17.43	-27.70
2025-01-09T05:05:04	-793.22	-58.73	3782.91	-4.41	17.79	-26.95
2025-01-09T05:05:06	-800.31	-58.27	3785.79	-4.60	18.12	-26.23
2025-01-09T05:05:08	-807.40	-57.80	3788.67	-4.79	18.42	-25.53
2025-01-09T05:05:10	-814.50	-57.34	3791.55	-4.97	18.70	-24.85
2025-01-09T05:05:12	-821.59	-56.88	3794.42	-5.15	18.95	-24.20
2025-01-09T05:05:14	-828.68	-56.41	3797.28	-5.33	19.18	-23.57
2025-01-09T05:05:16	-835.77	-55.95	3800.14	-5.51	19.39	-22.96
2025-01-09T05:05:18	-842.85	-55.49	3802.99	-5.62	19.55	-22.32
2025-01-09T05:05:20	-849.94	-55.02	3805.84	-5.56	19.64	-21.53
2025-01-09T05:05:22	-857.02	-54.56	3808.68	-5.49	19.74	-20.76
2025-01-09T05:05:24	-864.11	-54.10	3811.51	-5.43	19.84	-20.02
2025-01-09T05:05:26	-871.19	-53.63	3814.34	-5.36	19.94	-19.31
2025-01-09T05:05:28	-878.27	-53.17	3817.17	-5.30	20.05	-18.63
2025-01-09T05:05:30	-885.35	-52.71	3819.98	-5.24	20.16	-17.97
2025-01-09T05:05:32	-892.43	-52.24	3822.80	-5.18	20.28	-17.34
2025-01-09T05:05:34	-899.50	-51.78	3825.60	-5.18	20.38	-16.81
2025-01-09T05:05:36	-906.58	-51.31	3828.41	-5.49	20.36	-16.71
2025-01-09T05:05:38	-913.65	-50.85	3831.20	-5.70	20.31	-16.73
2025-01-09T05:05:40	-920.73	-50.39	3833.99	-5.88	20.24	-16.74
2025-01-09T05:05:42	-927.80	-49.92	3836.78	-6.06	20.16	-16.74
2025-01-09T05:05:44	-934.87	-49.46	3839.56	-6.22	20.06	-16.72
2025-01-09T05:05:46	-941.94	-48.99	3842.33	-6.38	19.94	-16.69
2025-01-09T05:05:48	-949.01	-48.53	3845.10	-6.52	19.81	-16.64
2025-01-09T05:05:50	-956.07	-48.06	3847.86	-6.67	19.69	-16.58
2025-01-09T05:05:52	-963.14	-47.60	3850.62	-6.91	20.07	-16.56
2025-01-09T05:05:54	-970.20	-47.13	3853.37	-7.15	20.44	-16.55
2025-01-09T05:05:56	-977.26	-46.67	3856.12	-7.40	20.81	-16.54
2025-01-09T05:05:58	-984.32	-46.20	3858.86	-7.65	21.18	-16.54
2025-01-09T05:06:00	-991.38	-45.74	3861.60	-7.91	21.55	-16.54
2025-01-09T05:06:02	-998.44	-45.27	3864.33	-8.17	21.91	-16.54
2025-01-09T05:06:04	-1005.50	-44.81	3867.05	-8.43	22.28	-16.54
2025-01-09T05:06:06	-1012.55	-44.34	3869.77	-8.70	22.65	-16.54
2025-01-09T05:06:08	-1019.61	-43.88	3872.49	-8.76	22.82	-16.49
2025-01-09T05:06:10	-1026.66	-43.41	3875.20	-8.82	23.00	-16.40
2025-01-09T05:06:12	-1033.71	-42.95	3877.90	-8.88	23.19	-16.29
2025-01-09T05:06:14	-1040.76	-42.48	3880.60	-8.95	23.41	-16.15
2025-01-09T05:06:16	-1047.81	-42.01	3883.29	-9.01	23.65	-15.98
2025-01-09T05:06:18	-1054.86	-41.55	3885.98	-9.09	23.90	-15.79
2025-01-09T05:06:20	-1061.90	-41.08	3888.67	-9.17	24.13	-15.66
2025-01-09T05:06:22	-1068.94	-40.62	3891.34	-9.26	24.33	-15.53
2025-01-09T05:06:24	-1075.99	-40.15	3894.02	-9.31	24.16	-15.60
2025-01-09T05:06:26	-1083.03	-39.68	3896.68	-9.40	23.97	-15.70
2025-01-09T05:06:28	-1090.07	-39.22	3899.35	-9.51	23.82	-15.80
2025-01-09T05:06:30	-1097.11	-38.75	3902.00	-9.65	23.71	-15.89
2025-01-09T05:06:32	-1104.14	-38.29	3904.65	-9.83	23.65	-15.99
2025-01-09T05:06:34	-1111.18	-37.82	3907.30	-10.04	23.62	-16.07
2025-01-09T05:06:36	-1118.21	-37.35	3909.94	-10.28	23.64	-16.16
2025-01-09T05:06:38	-1125.25	-36.89	3912.58	-10.55	23.70	-16.24
2025-01-09T05:06:40	-1132.28	-36.42	3915.21	-10.65	23.60	-16.48
2025-01-09T05:06:42	-1139.31	-35.95	3917.84	-10.67	23.41	-16.72
2025-01-09T05:06:44	-1146.33	-35.48	3920.46	-10.67	23.20	-16.91
2025-01-09T05:06:46	-1153.36	-35.02	3923.07	-10.65	22.98	-17.05
2025-01-09T05:06:48	-1160.39	-34.55	3925.68	-10.62	22.74	-17.15
2025-01-09T05:06:50	-1167.41	-34.09	3928.29	-10.57	22.48	-17.20
2025-01-09T05:06:52	-1174.43	-33.62	3930.89	-10.49	22.20	-17.21
2025-01-09T05:06:54	-1181.45	-33.15	3933.49	-10.40	21.91	-17.17
2025-01-09T05:06:56	-1188.47	-32.68	3936.08	-10.19	21.65	-17.25
2025-01-09T05:06:58	-1195.49	-32.22	3938.67	-9.89	21.41	-17.46
2025-01-09T05:07:00	-1202.51	-31.75	3941.25	-9.56	21.18	-17.72
2025-01-09T05:07:02	-1209.52	-31.28	3943.82	-9.21	20.95	-18.03
2025-01-09T05:07:04	-1216.53	-30.82	3946.39	-8.92	20.74	-18.37
2025-01-09T05:07:06	-1223.54	-30.35	3948.96	-8.65	20.52	-18.72
2025-01-09T05:07:08	-1230.55	-29.88	3951.52	-8.41	20.30	-19.08
2025-01-09T05:07:10	-1237.56	-29.41	3954.08	-8.19	20.07	-19.45
2025-01-09T05:07:12	-1244.57	-28.95	3956.63	-8.16	19.95	-19.69
2025-01-09T05:07:14	-1251.57	-28.48	3959.18	-8.33	19.95	-19.76
2025-01-09T05:07:16	-1258.58	-28.01	3961.72	-8.47	19.93	-19.81
2025-01-09T05:07:18	-1265.58	-27.54	3964.25	-8.57	19.89	-19.86
2025-01-09T05:07:20	-1272.58	-27.07	3966.78	-8.63	19.82	-19.90
2025-01-09T05:07:22	-1279.58	-26.61	3969.31	-8.67	19.73	-19.93
2025-01-09T05:07:24	-1286.58	-26.14	3971.83	-8.68	19.63	-19.95
2025-01-09T05:07:26	-1293.57	-25.67	3974.35	-8.65	19.50	-19.97
2025-01-09T05:07:28	-1300.57	-25.21	3976.87	-8.58	19.36	-19.85
2025-01-09T05:07:30	-1307.56	-24.74	3979.37	-8.46	19.25	-19.39
2025-01-09T05:07:32	-1314.55	-24.27	3981.88	-8.34	19.12	-18.95
2025-01-09T05:07:34	-1321.54	-23.80	3984.37	-8.21	18.98	-18.51
2025-01-09T05:07:36	-1328.53	-23.33	3986.87	-8.08	18.83	-18.08
2025-01-09T05:07:38	-1335.52	-22.86	3989.36	-7.94	18.68	-17.67
2025-01-09T05:07:40	-1342.50	-22.39	3991.84	-7.79	18.51	-17.25
2025-01-09T05:07:42	-1349.49	-21.93	3994.32	-7.64	18.34	-16.85
2025-01-09T05:07:44	-1356.47	-21.46	3996.80	-7.49	18.17	-16.48
2025-01-09T05:07:46	-1363.45	-20.99	3999.26	-7.49	18.20	-16.47
2025-01-09T05:07:48	-1370.43	-20.52	4001.73	-7.56	18.34	-16.48
2025-01-09T05:07:50	-1377.40	-20.05	4004.19	-7.67	18.52	-16.52
2025-01-09T05:07:52	-1384.38	-19.59	4006.65	-7.79	18.67	-16.57
2025-01-09T05:07:54	-1391.35	-19.12	4009.10	-7.91	18.81	-16.64
2025-01-09T05:07:56	-1398.32	-18.65	4011.55	-8.04	18.94	-16.73
2025-01-09T05:07:58	-1405.30	-18.18	4013.99	-8.18	19.04	-16.83
2025-01-09T05:08:00	-1412.26	-17.71	4016.43	-8.32	19.14	-16.95
2025-01-09T05:08:02	-1419.23	-17.24	4018.86	-8.39	19.22	-16.97
2025-01-09T05:08:04	-1426.20	-16.77	4021.29	-8.44	19.31	-16.99
2025-01-09T05:08:06	-1433.16	-16.30	4023.71	-8.48	19.40	-17.02
2025-01-09T05:08:08	-1440.12	-15.84	4026.13	-8.50	19.49	-17.06
2025-01-09T05:08:10	-1447.09	-15.37	4028.54	-8.51	19.59	-17.11
2025-01-09T05:08:12	-1454.04	-14.90	4030.96	-8.51	19.70	-17.16
2025-01-09T05:08:14	-1461.00	-14.43	4033.36	-8.50	19.81	-17.22
2025-01-09T05:08:16	-1467.96	-13.96	4035.76	-8.47	19.92	-17.28
2025-01-09T05:08:18	-1474.91	-13.49	4038.16	-8.67	19.89	-17.29
2025-01-09T05:08:20	-1481.87	-13.02	4040.55	-8.99	19.78	-17.27
2025-01-09T05:08:22	-1488.82	-12.55	4042.94	-9.30	19.67	-17.23
2025-01-09T05:08:24	-1495.77	-12.09	4045.32	-9.61	19.57	-17.17
2025-01-09T05:08:26	-1502.72	-11.62	4047.70	-9.93	19.46	-17.10
2025-01-09T05:08:28	-1509.66	-11.15	4050.08	-10.24	19.35	-17.00
2025-01-09T05:08:30	-1516.60	-10.68	4052.44	-10.56	19.25	-16.89
2025-01-09T05:08:32	-1523.55	-10.21	4054.81	-10.87	19.14	-16.76
2025-01-09T05:08:34	-1530.49	-9.74	4057.17	-11.15	19.03	-16.52
2025-01-09T05:08:36	-1537.43	-9.27	4059.53	-11.32	18.92	-16.11
2025-01-09T05:08:38	-1544.37	-8.80	4061.88	-11.48	18.80	-15.69
2025-01-09T05:08:40	-1551.30	-8.33	4064.23	-11.64	18.67	-15.27
2025-01-09T05:08:42	-1558.24	-7.86	4066.57	-11.81	18.53	-14.85
2025-01-09T05:08:44	-1565.17	-7.39	4068.91	-11.97	18.38	-14.44
2025-01-09T05:08:46	-1572.10	-6.92	4071.25	-12.12	18.21	-14.02
2025-01-09T05:08:48	-1579.03	-6.45	4073.58	-12.28	18.04	-13.61
2025-01-09T05:08:50	-1585.96	-5.99	4075.91	-12.38	17.88	-13.25
2025-01-09T05:08:52	-1592.89	-5.52	4078.23	-12.28	17.86	-13.12
2025-01-09T05:08:54	-1599.81	-5.05	4080.55	-12.19	17.86	-12.98
2025-01-09T05:08:56	-1606.74	-4.58	4082.86	-12.11	17.87	-12.85
2025-01-09T05:08:58	-1613.65	-4.11	4085.17	-12.05	17.90	-12.72
2025-01-09T05:09:00	-1620.57	-3.64	4087.47	-12.00	17.95	-12.59
2025-01-09T05:09:02	-1627.49	-3.17	4089.77	-11.96	18.01	-12.46
2025-01-09T05:09:04	-1634.41	-2.70	4092.07	-11.93	18.08	-12.33
2025-01-09T05:09:06	-1641.32	-2.23	4094.36	-11.90	18.17	-12.22
2025-01-09T05:09:08	-1648.24	-1.76	4096.65	-11.89	17.99	-12.42
2025-01-09T05:09:10	-1655.15	-1.29	4098.94	-11.86	17.79	-12.62
2025-01-09T05:09:12	-1662.06	-0.82	4101.22	-11.83	17.57	-12.80
2025-01-09T05:09:14	-1668.96	-0.35	4103.49	-11.78	17.34	-12.97
2025-01-09T05:09:16	-1675.87	0.12	4105.76	-11.72	17.11	-13.12
2025-01-09T05:09:18	-1682.78	0.59	4108.03	-11.66	16.86	-13.26
2025-01-09T05:09:20	-1689.68	1.06	4110.29	-11.58	16.59	-13.38
2025-01-09T05:09:22	-1696.58	1.53	4112.55	-11.49	16.32	-13.48
2025-01-09T05:09:24	-1703.48	2.00	4114.81	-11.52	16.15	-13.65
2025-01-09T05:09:26	-1710.38	2.47	4117.06	-11.61	16.12	-13.89
2025-01-09T05:09:28	-1717.27	2.94	4119.31	-11.69	16.08	-14.11
2025-01-09T05:09:30	-1724.16	3.40	4121.55	-11.76	16.03	-14.33
2025-01-09T05:09:32	-1731.06	3.87	4123.79	-11.82	15.97	-14.55
2025-01-09T05:09:34	-1737.95	4.34	4126.02	-11.87	15.90	-14.75
2025-01-09T05:09:36	-1744.84	4.81	4128.25	-11.91	15.82	-14.94
2025-01-09T05:09:38	-1751.72	5.29	4130.48	-11.93	15.73	-15.13
2025-01-09T05:09:40	-1758.61	5.75	4132.70	-11.90	15.72	-15.19
2025-01-09T05:09:42	-1765.50	6.22	4134.92	-11.78	15.86	-15.06
2025-01-09T05:09:44	-1772.38	6.69	4137.13	-11.66	15.98	-14.92
2025-01-09T05:09:46	-1779.26	7.16	4139.35	-11.54	16.09	-14.78
2025-01-09T05:09:48	-1786.14	7.63	4141.55	-11.43	16.18	-14.64
2025-01-09T05:09:50	-1793.01	8.10	4143.75	-11.32	16.25	-14.49
2025-01-09T05:09:52	-1799.89	8.57	4145.95	-11.21	16.31	-14.34
2025-01-09T05:09:54	-1806.76	9.04	4148.15	-11.11	16.35	-14.19
2025-01-09T05:09:56	-1813.63	9.51	4150.34	-11.01	16.38	-14.04
2025-01-09T05:09:58	-1820.51	9.98	4152.52	-10.92	16.29	-13.96
2025-01-09T05:10:00	-1827.37	10.45	4154.71	-10.82	16.20	-13.90
2025-01-09T05:10:02	-1834.24	10.92	4156.89	-10.72	16.10	-13.86
2025-01-09T05:10:04	-1841.10	11.39	4159.06	-10.61	16.00	-13.84
2025-01-09T05:10:06	-1847.97	11.86	4161.23	-10.49	15.90	-13.83
2025-01-09T05:10:08	-1854.83	12.33	4163.40	-10.36	15.80	-13.83
2025-01-09T05:10:10	-1861.69	12.80	4165.56	-10.22	15.69	-13.86
2025-01-09T05:10:12	-1868.55	13.27	4167.72	-10.08	15.58	-13.90
2025-01-09T05:10:14	-1875.41	13.74	4169.88	-10.03	15.62	-13.96
2025-01-09T05:10:16	-1882.26	14.21	4172.03	-10.03	15.75	-14.02
2025-01-09T05:10:18	-1889.11	14.68	4174.18	-10.11	15.93	-14.09
2025-01-09T05:10:20	-1895.96	15.15	4176.32	-10.19	16.11	-14.15
2025-01-09T05:10:22	-1902.81	15.62	4178.46	-10.26	16.28	-14.20
2025-01-09T05:10:24	-1909.66	16.09	4180.60	-10.33	16.44	-14.25
2025-01-09T05:10:26	-1916.51	16.56	4182.73	-10.39	16.60	-14.28
2025-01-09T05:10:28	-1923.35	17.03	4184.86	-10.44	16.76	-14.31
2025-01-09T05:10:30	-1930.19	17.50	4186.98	-10.45	16.90	-14.32
2025-01-09T05:10:32	-1937.04	17.97	4189.11	-10.40	17.02	-14.28
2025-01-09T05:10:34	-1943.87	18.44	4191.22	-10.36	17.14	-14.26
2025-01-09T05:10:36	-1950.71	18.91	4193.34	-10.32	17.26	-14.23
2025-01-09T05:10:38	-1957.55	19.38	4195.45	-10.29	17.37	-14.22
2025-01-09T05:10:40	-1964.38	19.85	4197.55	-10.26	17.48	-14.21
2025-01-09T05:10:42	-1971.21	20.32	4199.65	-10.23	17.59	-14.20
2025-01-09T05:10:44	-1978.04	20.79	4201.76	-10.21	17.69	-14.19
2025-01-09T05:10:46	-1984.87	21.26	4203.85	-10.19	17.79	-14.19
2025-01-09T05:10:48	-1991.70	21.73	4205.94	-10.28	17.77	-14.13
2025-01-09T05:10:50	-1998.52	22.20	4208.03	-10.36	17.77	-14.09
2025-01-09T05:10:52	-2005.35	22.67	4210.11	-10.45	17.80	-14.06
2025-01-09T05:10:54	-2012.17	23.14	4212.19	-10.52	17.85	-14.05
2025-01-09T05:10:56	-2018.99	23.61	4214.27	-10.60	17.93	-14.05
2025-01-09T05:10:58	-2025.81	24.08	4216.34	-10.67	18.03	-14.07
2025-01-09T05:11:00	-2032.62	24.55	4218.41	-10.75	18.17	-14.09
2025-01-09T05:11:02	-2039.44	25.02	4220.48	-10.82	18.34	-14.13
2025-01-09T05:11:04	-2046.25	25.49	4222.54	-10.88	18.30	-14.18
2025-01-09T05:11:06	-2053.06	25.96	4224.60	-10.91	18.12	-14.23
2025-01-09T05:11:08	-2059.87	26.43	4226.66	-10.92	17.92	-14.26
2025-01-09T05:11:10	-2066.68	26.90	4228.71	-10.91	17.71	-14.29
2025-01-09T05:11:12	-2073.49	27.37	4230.76	-10.89	17.44	-14.28
2025-01-09T05:11:14	-2080.29	27.84	4232.80	-10.87	17.20	-14.27
2025-01-09T05:11:16	-2087.09	28.31	4234.84	-10.85	16.98	-14.27
2025-01-09T05:11:18	-2093.89	28.78	4236.88	-10.82	16.78	-14.27
2025-01-09T05:11:20	-2100.69	29.25	4238.91	-10.81	16.59	-14.26
2025-01-09T05:11:22	-2107.49	29.72	4240.94	-10.86	16.35	-14.20
2025-01-09T05:11:24	-2114.28	30.19	4242.97	-10.90	16.10	-14.14
2025-01-09T05:11:26	-2121.08	30.66	4244.99	-10.93	15.84	-14.09
2025-01-09T05:11:28	-2127.87	31.13	4247.01	-10.96	15.57	-14.05
2025-01-09T05:11:30	-2134.66	31.60	4249.03	-10.99	15.30	-14.02
2025-01-09T05:11:32	-2141.45	32.07	4251.04	-11.00	15.02	-13.99
2025-01-09T05:11:34	-2148.23	32.53	4253.05	-11.02	14.74	-13.97
2025-01-09T05:11:36	-2155.02	33.01	4255.06	-11.03	14.45	-13.96
2025-01-09T05:11:38	-2161.80	33.47	4257.06	-11.04	14.50	-13.90
2025-01-09T05:11:40	-2168.58	33.95	4259.06	-11.06	14.64	-13.80
2025-01-09T05:11:42	-2175.36	34.41	4261.05	-11.07	14.77	-13.67
2025-01-09T05:11:44	-2182.14	34.88	4263.05	-11.07	14.90	-13.53
2025-01-09T05:11:46	-2188.92	35.35	4265.03	-11.07	15.02	-13.36
2025-01-09T05:11:48	-2195.69	35.82	4267.02	-11.07	15.14	-13.17
2025-01-09T05:11:50	-2202.47	36.29	4269.00	-11.06	15.25	-12.96
2025-01-09T05:11:52	-2209.24	36.76	4270.98	-11.05	15.36	-12.72
2025-01-09T05:11:54	-2216.01	37.23	4272.96	-11.07	15.43	-12.58
2025-01-09T05:11:56	-2222.77	37.70	4274.93	-11.19	15.41	-12.64
2025-01-09T05:11:58	-2229.54	38.17	4276.90	-11.33	15.39	-12.70
2025-01-09T05:12:00	-2236.30	38.64	4278.86	-11.49	15.37	-12.77
2025-01-09T05:12:02	-2243.07	39.11	4280.82	-11.67	15.35	-12.84
2025-01-09T05:12:04	-2249.82	39.58	4282.78	-11.87	15.33	-12.92
2025-01-09T05:12:06	-2256.58	40.05	4284.74	-12.10	15.31	-12.99
2025-01-09T05:12:08	-2263.34	40.52	4286.69	-12.33	15.29	-13.08
2025-01-09T05:12:10	-2270.10	40.99	4288.64	-12.55	15.29	-13.18
2025-01-09T05:12:12	-2276.85	41.46	4290.58	-12.59	15.12	-13.18
2025-01-09T05:12:14	-2283.60	41.93	4292.52	-12.62	14.94	-13.18
2025-01-09T05:12:16	-2290.35	42.40	4294.46	-12.64	14.75	-13.19
2025-01-09T05:12:18	-2297.10	42.87	4296.40	-12.66	14.57	-13.20
2025-01-09T05:12:20	-2303.85	43.34	4298.33	-12.68	14.38	-13.22
2025-01-09T05:12:22	-2310.59	43.81	4300.26	-12.70	14.20	-13.24
2025-01-09T05:12:24	-2317.33	44.27	4302.18	-12.72	14.01	-13.28
2025-01-09T05:12:26	-2324.07	44.74	4304.10	-12.74	13.83	-13.33
2025-01-09T05:12:28	-2330.81	45.21	4306.02	-12.73	13.79	-13.29
2025-01-09T05:12:30	-2337.55	45.68	4307.94	-12.67	13.96	-13.14
2025-01-09T05:12:32	-2344.29	46.15	4309.85	-12.61	14.12	-12.99
2025-01-09T05:12:34	-2351.02	46.62	4311.76	-12.54	14.26	-12.85
2025-01-09T05:12:36	-2357.75	47.09	4313.67	-12.47	14.40	-12.72
2025-01-09T05:12:38	-2364.48	47.56	4315.57	-12.39	14.53	-12.59
2025-01-09T05:12:40	-2371.21	48.03	4317.47	-12.30	14.65	-12.46
2025-01-09T05:12:42	-2377.94	48.50	4319.37	-12.21	14.76	-12.33
2025-01-09T05:12:44	-2384.67	48.97	4321.26	-12.11	14.85	-12.21
2025-01-09T05:12:46	-2391.39	49.44	4323.15	-12.12	15.04	-12.21
2025-01-09T05:12:48	-2398.11	49.91	4325.03	-12.16	15.23	-12.21
2025-01-09T05:12:50	-2404.83	50.38	4326.92	-12.20	15.41	-12.21
2025-01-09T05:12:52	-2411.55	50.84	4328.80	-12.25	15.59	-12.19
2025-01-09T05:12:54	-2418.27	51.31	4330.68	-12.31	15.77	-12.16
2025-01-09T05:12:56	-2424.98	51.78	4332.55	-12.38	15.95	-12.12
2025-01-09T05:12:58	-2431.69	52.25	4334.42	-12.46	16.12	-12.07
2025-01-09T05:13:00	-2438.41	52.72	4336.29	-12.54	16.29	-12.01
2025-01-09T05:13:02	-2445.12	53.19	4338.15	-12.64	16.43	-12.01
2025-01-09T05:13:04	-2451.82	53.66	4340.02	-12.76	16.55	-12.13
2025-01-09T05:13:06	-2458.53	54.13	4341.88	-12.90	16.69	-12.24
2025-01-09T05:13:08	-2465.23	54.60	4343.73	-13.03	16.82	-12.36
2025-01-09T05:13:10	-2471.94	55.07	4345.58	-13.11	16.89	-12.47
2025-01-09T05:13:12	-2478.64	55.53	4347.43	-13.18	16.96	-12.56
2025-01-09T05:13:14	-2485.34	56.00	4349.28	-13.25	17.04	-12.64
2025-01-09T05:13:16	-2492.03	56.47	4351.13	-13.32	17.12	-12.71
2025-01-09T05:13:18	-2498.73	56.94	4352.96	-13.39	17.21	-12.76
2025-01-09T05:13:20	-2505.42	57.41	4354.80	-13.27	16.97	-12.63
2025-01-09T05:13:22	-2512.12	57.88	4356.64	-13.14	16.69	-12.47
2025-01-09T05:13:24	-2518.81	58.35	4358.47	-13.03	16.42	-12.31
2025-01-09T05:13:26	-2525.50	58.82	4360.29	-12.93	16.15	-12.14
2025-01-09T05:13:28	-2532.18	59.28	4362.12	-12.86	15.90	-11.96
2025-01-09T05:13:30	-2538.87	59.75	4363.94	-12.80	15.65	-11.78
2025-01-09T05:13:32	-2545.55	60.22	4365.76	-12.76	15.41	-11.60
2025-01-09T05:13:34	-2552.23	60.69	4367.58	-12.73	15.18	-11.42
2025-01-09T05:13:36	-2558.91	61.16	4369.39	-12.72	15.00	-11.37
2025-01-09T05:13:38	-2565.59	61.63	4371.20	-12.70	14.92	-11.64
2025-01-09T05:13:40	-2572.27	62.10	4373.01	-12.69	14.83	-11.91
2025-01-09T05:13:42	-2578.94	62.57	4374.82	-12.69	14.74	-12.18
2025-01-09T05:13:44	-2585.62	63.03	4376.62	-12.70	14.64	-12.46
2025-01-09T05:13:46	-2592.29	63.50	4378.42	-12.72	14.54	-12.73
2025-01-09T05:13:48	-2598.96	63.97	4380.21	-12.75	14.43	-13.02
2025-01-09T05:13:50	-2605.62	64.44	4382.01	-12.80	14.32	-13.30
2025-01-09T05:13:52	-2612.29	64.91	4383.79	-12.85	14.20	-13.58
2025-01-09T05:13:54	-2618.96	65.38	4385.58	-12.98	14.29	-13.75
2025-01-09T05:13:56	-2625.62	65.85	4387.37	-13.11	14.47	-13.89
2025-01-09T05:13:58	-2632.28	66.31	4389.15	-13.23	14.67	-14.05
2025-01-09T05:14:00	-2638.94	66.78	4390.92	-13.34	14.88	-14.22
2025-01-09T05:14:02	-2645.60	67.25	4392.70	-13.43	15.11	-14.41
2025-01-09T05:14:04	-2652.25	67.72	4394.47	-13.51	15.36	-14.60
2025-01-09T05:14:06	-2658.91	68.19	4396.24	-13.58	15.63	-14.81
2025-01-09T05:14:08	-2665.56	68.65	4398.01	-13.63	15.92	-15.04
2025-01-09T05:14:10	-2672.21	69.12	4399.77	-13.68	16.17	-15.19
2025-01-09T05:14:12	-2678.86	69.59	4401.54	-13.77	16.08	-14.86
2025-01-09T05:14:14	-2685.51	70.06	4403.29	-13.86	15.96	-14.49
2025-01-09T05:14:16	-2692.15	70.53	4405.05	-13.94	15.85	-14.13
2025-01-09T05:14:18	-2698.79	70.99	4406.80	-14.00	15.74	-13.78
2025-01-09T05:14:20	-2705.44	71.46	4408.55	-14.05	15.64	-13.43
2025-01-09T05:14:22	-2712.08	71.93	4410.30	-14.09	15.53	-13.09
2025-01-09T05:14:24	-2718.72	72.40	4412.04	-14.11	15.43	-12.75
2025-01-09T05:14:26	-2725.35	72.87	4413.78	-14.12	15.34	-12.42
2025-01-09T05:14:28	-2731.99	73.33	4415.52	-14.13	15.17	-12.19
2025-01-09T05:14:30	-2738.62	73.80	4417.26	-14.15	14.95	-12.07
2025-01-09T05:14:32	-2745.25	74.27	4418.99	-14.18	14.76	-11.96
2025-01-09T05:14:34	-2751.88	74.74	4420.72	-14.22	14.58	-11.87
2025-01-09T05:14:36	-2758.51	75.21	4422.45	-14.28	14.43	-11.79
2025-01-09T05:14:38	-2765.14	75.67	4424.17	-14.35	14.31	-11.73
2025-01-09T05:14:40	-2771.76	76.14	4425.90	-14.43	14.20	-11.69
2025-01-09T05:14:42	-2778.38	76.61	4427.62	-14.52	14.12	-11.66
2025-01-09T05:14:44	-2785.00	77.08	4429.33	-14.62	14.05	-11.64
2025-01-09T05:14:46	-2791.63	77.54	4431.05	-14.64	14.16	-11.88
2025-01-09T05:14:48	-2798.24	78.01	4432.76	-14.66	14.28	-12.13
2025-01-09T05:14:50	-2804.86	78.48	4434.47	-14.68	14.40	-12.38
2025-01-09T05:14:52	-2811.47	78.95	4436.17	-14.71	14.52	-12.62
2025-01-09T05:14:54	-2818.09	79.41	4437.88	-14.75	14.64	-12.85
2025-01-09T05:14:56	-2824.70	79.88	4439.58	-14.79	14.76	-13.07
2025-01-09T05:14:58	-2831.31	80.35	4441.27	-14.85	14.88	-13.29
2025-01-09T05:15:00	-2837.92	80.82	4442.97	-14.91	15.00	-13.50
2025-01-09T05:15:02	-2844.52	81.28	4444.66	-14.91	15.10	-13.64
2025-01-09T05:15:04	-2851.13	81.75	4446.35	-14.74	15.15	-13.57
2025-01-09T05:15:06	-2857.73	82.22	4448.04	-14.56	15.18	-13.49
2025-01-09T05:15:08	-2864.33	82.69	4449.72	-14.37	15.20	-13.40
2025-01-09T05:15:10	-2870.93	83.15	4451.40	-14.17	15.20	-13.30
2025-01-09T05:15:12	-2877.52	83.62	4453.08	-13.95	15.18	-13.18
2025-01-09T05:15:14	-2884.12	84.09	4454.76	-13.72	15.16	-13.06
2025-01-09T05:15:16	-2890.71	84.56	4456.43	-13.48	15.11	-12.93
2025-01-09T05:15:18	-2897.30	85.02	4458.10	-13.23	15.05	-12.79
2025-01-09T05:15:20	-2903.90	85.49	4459.77	-13.21	15.08	-12.77
2025-01-09T05:15:22	-2910.49	85.96	4461.44	-13.36	15.17	-12.82
2025-01-09T05:15:24	-2917.07	86.42	4463.10	-13.51	15.26	-12.87
2025-01-09T05:15:26	-2923.66	86.89	4464.76	-13.66	15.35	-12.93
2025-01-09T05:15:28	-2930.24	87.36	4466.42	-13.81	15.45	-12.99
2025-01-09T05:15:30	-2936.83	87.82	4468.08	-13.97	15.54	-13.06
2025-01-09T05:15:32	-2943.40	88.29	4469.73	-14.12	15.64	-13.13
2025-01-09T05:15:34	-2949.98	88.76	4471.38	-14.28	15.73	-13.21
2025-01-09T05:15:36	-2956.56	89.22	4473.03	-14.43	15.83	-13.30
2025-01-09T05:15:38	-2963.14	89.69	4474.67	-14.31	15.78	-13.41
2025-01-09T05:15:40	-2969.71	90.16	4476.32	-14.16	15.72	-13.52
2025-01-09T05:15:42	-2976.28	90.62	4477.96	-14.01	15.65	-13.61
2025-01-09T05:15:44	-2982.85	91.09	4479.60	-13.85	15.59	-13.68
2025-01-09T05:15:46	-2989.42	91.56	4481.23	-13.70	15.53	-13.75
2025-01-09T05:15:48	-2995.99	92.02	4482.86	-13.55	15.46	-13.80
2025-01-09T05:15:50	-3002.55	92.49	4484.49	-13.39	15.40	-13.84
2025-01-09T05:15:52	-3009.12	92.96	4486.12	-13.23	15.34	-13.86
2025-01-09T05:15:54	-3015.68	93.42	4487.75	-13.06	15.29	-13.86
2025-01-09T05:15:56	-3022.24	93.89	4489.37	-12.81	15.28	-13.79
2025-01-09T05:15:58	-3028.80	94.35	4490.99	-12.55	15.27	-13.72
2025-01-09T05:16:00	-3035.36	94.82	4492.61	-12.27	15.25	-13.65
2025-01-09T05:16:02	-3041.91	95.29	4494.22	-11.98	15.23	-13.57
2025-01-09T05:16:04	-3048.46	95.76	4495.84	-11.67	15.21	-13.48
2025-01-09T05:16:06	-3055.01	96.22	4497.44	-11.34	15.19	-13.39
