Time	POS_X	POS_Y	POS_Z	B_X	B_Y	B_Z
2025-01-09T04:27:12	4483.66	-246.20	-3062.75	21.39	-1.17	-2.22
2025-01-09T04:27:14	4482.06	-246.29	-3056.18	21.44	-1.18	-2.19
2025-01-09T04:27:16	4480.45	-246.38	-3049.61	21.49	-1.18	-2.17
2025-01-09T04:27:18	4478.85	-246.48	-3043.03	21.55	-1.19	-2.14
2025-01-09T04:27:20	4477.24	-246.57	-3036.46	21.60	-1.19	-2.12
2025-01-09T04:27:22	4475.62	-246.66	-3029.88	21.65	-1.19	-2.09
2025-01-09T04:27:24	4474.01	-246.75	-3023.30	21.70	-1.20	-2.07
2025-01-09T04:27:26	4472.39	-246.84	-3016.72	21.76	-1.20	-2.04
2025-01-09T04:27:28	4470.77	-246.93	-3010.14	21.81	-1.20	-2.01
2025-01-09T04:27:30	4469.15	-247.02	-3003.55	21.86	-1.21	-1.99
2025-01-09T04:27:32	4467.52	-247.11	-2996.97	21.92	-1.21	-1.96
2025-01-09T04:27:34	4465.89	-247.20	-2990.38	21.97	-1.22	-1.93
2025-01-09T04:27:36	4464.26	-247.29	-2983.79	22.02	-1.22	-1.91
2025-01-09T04:27:38	4462.63	-247.38	-2977.20	22.07	-1.22	-1.88
2025-01-09T04:27:40	4460.99	-247.47	-2970.61	22.13	-1.23	-1.85
2025-01-09T04:27:42	4459.35	-247.56	-2964.01	22.18	-1.23	-1.82
2025-01-09T04:27:44	4457.71	-247.66	-2957.42	22.24	-1.24	-1.80
2025-01-09T04:27:46	4456.07	-247.74	-2950.82	22.29	-1.24	-1.77
2025-01-09T04:27:48	4454.42	-247.83	-2944.22	22.34	-1.24	-1.74
2025-01-09T04:27:50	4452.78	-247.92	-2937.62	22.40	-1.25	-1.71
2025-01-09T04:27:52	4451.12	-248.01	-2931.02	22.45	-1.25	-1.68
2025-01-09T04:27:54	4449.47	-248.10	-2924.41	22.51	-1.25	-1.65
2025-01-09T04:27:56	4447.82	-248.19	-2917.81	22.56	-1.26	-1.62
2025-01-09T04:27:58	4446.16	-248.28	-2911.20	22.62	-1.26	-1.59
2025-01-09T04:28:00	4444.49	-248.37	-2904.59	22.67	-1.27	-1.56
2025-01-09T04:28:02	4442.83	-248.46	-2897.98	22.72	-1.27	-1.53
2025-01-09T04:28:04	4441.16	-248.54	-2891.37	22.78	-1.27	-1.50
2025-01-09T04:28:06	4439.49	-248.63	-2884.75	22.83	-1.28	-1.47
2025-01-09T04:28:08	4437.82	-248.72	-2878.14	22.89	-1.28	-1.44
2025-01-09T04:28:10	4436.15	-248.81	-2871.52	22.95	-1.29	-1.41
2025-01-09T04:28:12	4434.47	-248.89	-2864.90	23.00	-1.29	-1.38
2025-01-09T04:28:14	4432.79	-248.98	-2858.28	23.06	-1.30	-1.35
2025-01-09T04:28:16	4431.11	-249.07	-2851.65	23.11	-1.30	-1.32
2025-01-09T04:28:18	4429.42	-249.16	-2845.03	23.17	-1.30	-1.29
2025-01-09T04:28:20	4427.73	-249.25	-2838.40	23.22	-1.31	-1.25
2025-01-09T04:28:22	4426.05	-249.33	-2831.77	23.28	-1.31	-1.22
2025-01-09T04:28:24	4424.35	-249.42	-2825.14	23.34	-1.32	-1.19
2025-01-09T04:28:26	4422.66	-249.50	-2818.51	23.39	-1.32	-1.16
2025-01-09T04:28:28	4420.96	-249.59	-2811.88	23.45	-1.32	-1.12
2025-01-09T04:28:30	4419.25	-249.68	-2805.24	23.50	-1.33	-1.09
2025-01-09T04:28:32	4417.55	-249.76	-2798.61	23.56	-1.33	-1.06
2025-01-09T04:28:34	4415.85	-249.85	-2791.97	23.62	-1.34	-1.02
2025-01-09T04:28:36	4414.14	-249.94	-2785.33	23.67	-1.34	-0.99
2025-01-09T04:28:38	4412.42	-250.02	-2778.69	23.73	-1.34	-0.95
2025-01-09T04:28:40	4410.71	-250.11	-2772.04	23.79	-1.35	-0.92
2025-01-09T04:28:42	4408.99	-250.19	-2765.40	23.85	-1.35	-0.88
2025-01-09T04:28:44	4407.27	-250.28	-2758.75	23.90	-1.36	-0.85
2025-01-09T04:28:46	4405.55	-250.36	-2752.10	23.96	-1.36	-0.81
2025-01-09T04:28:48	4403.82	-250.45	-2745.45	24.02	-1.37	-0.78
2025-01-09T04:28:50	4402.09	-250.53	-2738.80	24.08	-1.37	-0.74
2025-01-09T04:28:52	4400.36	-250.61	-2732.14	24.13	-1.37	-0.71
2025-01-09T04:28:54	4398.63	-250.70	-2725.49	24.19	-1.38	-0.67
2025-01-09T04:28:56	4396.89	-250.79	-2718.83	24.25	-1.38	-0.63
2025-01-09T04:28:58	4395.15	-250.87	-2712.17	24.31	-1.39	-0.60
2025-01-09T04:29:00	4393.41	-250.95	-2705.51	24.37	-1.39	-0.56
2025-01-09T04:29:02	4391.66	-251.04	-2698.85	24.42	-1.40	-0.52
2025-01-09T04:29:04	4389.91	-251.12	-2692.18	24.48	-1.40	-0.48
2025-01-09T04:29:06	4388.16	-251.20	-2685.52	24.54	-1.40	-0.45
2025-01-09T04:29:08	4386.41	-251.29	-2678.85	24.60	-1.41	-0.41
2025-01-09T04:29:10	4384.65	-251.37	-2672.18	24.66	-1.41	-0.37
2025-01-09T04:29:12	4382.89	-251.45	-2665.51	24.72	-1.42	-0.33
2025-01-09T04:29:14	4381.13	-251.54	-2658.84	24.78	-1.42	-0.29
2025-01-09T04:29:16	4379.37	-251.62	-2652.16	24.83	-1.43	-0.25
2025-01-09T04:29:18	4377.60	-251.70	-2645.48	24.89	-1.43	-0.21
2025-01-09T04:29:20	4375.83	-251.78	-2638.81	24.95	-1.44	-0.17
2025-01-09T04:29:22	4374.05	-251.86	-2632.13	25.01	-1.44	-0.13
2025-01-09T04:29:24	4372.28	-251.95	-2625.44	25.07	-1.44	-0.09
2025-01-09T04:29:26	4370.50	-252.03	-2618.76	25.13	-1.45	-0.05
2025-01-09T04:29:28	4368.72	-252.11	-2612.08	25.19	-1.45	-0.01
2025-01-09T04:29:30	4366.93	-252.19	-2605.39	25.25	-1.46	0.03
2025-01-09T04:29:32	4365.14	-252.27	-2598.70	25.31	-1.46	0.07
2025-01-09T04:29:34	4363.35	-252.35	-2592.01	25.37	-1.47	0.12
2025-01-09T04:29:36	4361.56	-252.44	-2585.32	25.43	-1.47	0.16
2025-01-09T04:29:38	4359.76	-252.52	-2578.62	25.49	-1.48	0.20
2025-01-09T04:29:40	4357.96	-252.60	-2571.93	25.55	-1.48	0.24
2025-01-09T04:29:42	4356.15	-252.68	-2565.23	25.61	-1.49	0.29
2025-01-09T04:29:44	4354.35	-252.76	-2558.53	25.67	-1.49	0.33
2025-01-09T04:29:46	4352.54	-252.84	-2551.83	25.73	-1.49	0.38
2025-01-09T04:29:48	4350.73	-252.92	-2545.13	25.79	-1.50	0.42
2025-01-09T04:29:50	4348.91	-252.99	-2538.42	25.86	-1.50	0.46
2025-01-09T04:29:52	4347.10	-253.07	-2531.72	25.92	-1.51	0.51
2025-01-09T04:29:54	4345.27	-253.15	-2525.01	25.98	-1.51	0.55
2025-01-09T04:29:56	4343.45	-253.23	-2518.30	26.04	-1.52	0.60
2025-01-09T04:29:58	4341.62	-253.31	-2511.59	26.10	-1.52	0.65
2025-01-09T04:30:00	4339.79	-253.39	-2504.87	26.16	-1.53	0.69
2025-01-09T04:30:02	4337.96	-253.47	-2498.16	26.22	-1.53	0.74
2025-01-09T04:30:04	4336.12	-253.55	-2491.44	26.28	-1.54	0.78
2025-01-09T04:30:06	4334.29	-253.63	-2484.73	26.35	-1.54	0.83
2025-01-09T04:30:08	4332.44	-253.70	-2478.00	26.41	-1.55	0.88
2025-01-09T04:30:10	4330.60	-253.78	-2471.28	26.47	-1.55	0.93
2025-01-09T04:30:12	4328.75	-253.86	-2464.56	26.53	-1.56	0.98
2025-01-09T04:30:14	4326.90	-253.94	-2457.83	26.59	-1.56	1.02
2025-01-09T04:30:16	4325.04	-254.01	-2451.11	26.66	-1.57	1.07
2025-01-09T04:30:18	4323.19	-254.09	-2444.38	26.72	-1.57	1.12
2025-01-09T04:30:20	4321.33	-254.17	-2437.65	26.78	-1.58	1.17
2025-01-09T04:30:22	4319.46	-254.25	-2430.91	26.84	-1.58	1.22
2025-01-09T04:30:24	4317.60	-254.32	-2424.18	26.91	-1.58	1.27
2025-01-09T04:30:26	4315.73	-254.40	-2417.44	26.97	-1.59	1.32
2025-01-09T04:30:28	4313.85	-254.47	-2410.71	27.03	-1.59	1.37
2025-01-09T04:30:30	4311.98	-254.55	-2403.97	27.09	-1.60	1.42
2025-01-09T04:30:32	4310.10	-254.63	-2397.23	27.16	-1.60	1.48
2025-01-09T04:30:34	4308.22	-254.70	-2390.48	27.22	-1.61	1.53
2025-01-09T04:30:36	4306.33	-254.78	-2383.74	27.28	-1.61	1.58
2025-01-09T04:30:38	4304.44	-254.85	-2376.99	27.35	-1.62	1.63
2025-01-09T04:30:40	4302.55	-254.93	-2370.24	27.41	-1.62	1.69
2025-01-09T04:30:42	4300.65	-255.00	-2363.49	27.47	-1.63	1.74
2025-01-09T04:30:44	4298.76	-255.08	-2356.74	27.54	-1.63	1.79
2025-01-09T04:30:46	4296.85	-255.15	-2349.99	27.60	-1.64	1.85
2025-01-09T04:30:48	4294.95	-255.22	-2343.23	27.66	-1.64	1.90
2025-01-09T04:30:50	4293.04	-255.30	-2336.48	27.73	-1.65	1.96
2025-01-09T04:30:52	4291.13	-255.37	-2329.72	27.79	-1.65	2.01
2025-01-09T04:30:54	4289.22	-255.45	-2322.96	27.85	-1.66	2.07
2025-01-09T04:30:56	4287.30	-255.52	-2316.19	27.92	-1.66	2.13
2025-01-09T04:30:58	4285.38	-255.59	-2309.43	27.98	-1.67	2.18
2025-01-09T04:31:00	4283.45	-255.67	-2302.67	28.05	-1.67	2.24
2025-01-09T04:31:02	4281.52	-255.74	-2295.90	28.11	-1.68	2.30
2025-01-09T04:31:04	4279.59	-255.81	-2289.13	28.18	-1.68	2.35
2025-01-09T04:31:06	4277.66	-255.88	-2282.36	28.24	-1.69	2.41
2025-01-09T04:31:08	4275.72	-255.96	-2275.59	28.30	-1.69	2.47
2025-01-09T04:31:10	4273.78	-256.03	-2268.81	28.37	-1.70	2.53
2025-01-09T04:31:12	4271.84	-256.10	-2262.03	28.43	-1.70	2.59
2025-01-09T04:31:14	4269.89	-256.17	-2255.26	28.50	-1.71	2.65
2025-01-09T04:31:16	4267.94	-256.24	-2248.48	28.56	-1.71	2.71
2025-01-09T04:31:18	4265.99	-256.31	-2241.69	28.63	-1.72	2.77
2025-01-09T04:31:20	4264.03	-256.39	-2234.91	28.69	-1.73	2.83
2025-01-09T04:31:22	4262.07	-256.46	-2228.13	28.76	-1.73	2.89
2025-01-09T04:31:24	4260.10	-256.53	-2221.34	28.82	-1.74	2.95
2025-01-09T04:31:26	4258.14	-256.60	-2214.55	28.89	-1.74	3.02
2025-01-09T04:31:28	4256.17	-256.67	-2207.76	28.95	-1.75	3.08
2025-01-09T04:31:30	4254.19	-256.74	-2200.97	29.02	-1.75	3.14
2025-01-09T04:31:32	4252.21	-256.81	-2194.17	29.08	-1.76	3.21
2025-01-09T04:31:34	4250.23	-256.88	-2187.38	29.15	-1.76	3.27
2025-01-09T04:31:36	4248.25	-256.94	-2180.58	29.21	-1.77	3.34
2025-01-09T04:31:38	4246.26	-257.01	-2173.78	29.28	-1.77	3.40
2025-01-09T04:31:40	4244.27	-257.08	-2166.98	29.34	-1.78	3.47
2025-01-09T04:31:42	4242.27	-257.15	-2160.18	29.41	-1.78	3.53
2025-01-09T04:31:44	4240.28	-257.22	-2153.38	29.47	-1.79	3.60
2025-01-09T04:31:46	4238.28	-257.29	-2146.57	29.54	-1.79	3.66
2025-01-09T04:31:48	4236.27	-257.36	-2139.76	29.61	-1.80	3.73
2025-01-09T04:31:50	4234.26	-257.42	-2132.95	29.67	-1.80	3.80
2025-01-09T04:31:52	4232.25	-257.49	-2126.14	29.74	-1.81	3.87
2025-01-09T04:31:54	4230.23	-257.56	-2119.33	29.80	-1.81	3.94
2025-01-09T04:31:56	4228.22	-257.63	-2112.51	29.87	-1.82	4.01
2025-01-09T04:31:58	4226.19	-257.69	-2105.70	29.93	-1.83	4.07
2025-01-09T04:32:00	4224.17	-257.76	-2098.88	30.00	-1.83	4.14
2025-01-09T04:32:02	4222.14	-257.83	-2092.06	30.07	-1.84	4.22
2025-01-09T04:32:04	4220.10	-257.89	-2085.23	30.13	-1.84	4.29
2025-01-09T04:32:06	4218.07	-257.96	-2078.41	30.20	-1.85	4.36
2025-01-09T04:32:08	4216.03	-258.03	-2071.58	30.26	-1.85	4.43
2025-01-09T04:32:10	4213.98	-258.09	-2064.76	30.33	-1.86	4.50
2025-01-09T04:32:12	4211.94	-258.16	-2057.93	30.40	-1.86	4.58
2025-01-09T04:32:14	4209.89	-258.22	-2051.10	30.46	-1.87	4.65
2025-01-09T04:32:16	4207.83	-258.29	-2044.27	30.53	-1.87	4.72
2025-01-09T04:32:18	4205.77	-258.35	-2037.43	30.60	-1.88	4.80
2025-01-09T04:32:20	4203.71	-258.42	-2030.59	30.66	-1.88	4.87
2025-01-09T04:32:22	4201.65	-258.48	-2023.76	30.73	-1.89	4.95
2025-01-09T04:32:24	4199.58	-258.54	-2016.92	30.79	-1.90	5.02
2025-01-09T04:32:26	4197.50	-258.61	-2010.08	30.86	-1.90	5.10
2025-01-09T04:32:28	4195.43	-258.67	-2003.24	30.93	-1.91	5.18
2025-01-09T04:32:30	4193.35	-258.74	-1996.39	30.99	-1.91	5.25
2025-01-09T04:32:32	4191.26	-258.80	-1989.54	31.06	-1.92	5.33
2025-01-09T04:32:34	4189.18	-258.86	-1982.70	31.13	-1.92	5.41
2025-01-09T04:32:36	4187.08	-258.92	-1975.84	31.19	-1.93	5.49
2025-01-09T04:32:38	4184.99	-258.99	-1968.99	31.26	-1.93	5.57
2025-01-09T04:32:40	4182.89	-259.05	-1962.14	31.33	-1.94	5.65
2025-01-09T04:32:42	4180.79	-259.11	-1955.28	31.39	-1.95	5.73
2025-01-09T04:32:44	4178.68	-259.17	-1948.43	31.46	-1.95	5.81
2025-01-09T04:32:46	4176.57	-259.23	-1941.57	31.52	-1.96	5.89
2025-01-09T04:32:48	4174.46	-259.29	-1934.71	31.59	-1.96	5.97
2025-01-09T04:32:50	4172.34	-259.35	-1927.85	31.66	-1.97	6.06
2025-01-09T04:32:52	4170.22	-259.42	-1920.98	31.72	-1.97	6.14
2025-01-09T04:32:54	4168.10	-259.48	-1914.12	31.79	-1.98	6.22
2025-01-09T04:32:56	4165.97	-259.54	-1907.25	31.86	-1.98	6.31
2025-01-09T04:32:58	4163.84	-259.60	-1900.38	31.92	-1.99	6.39
2025-01-09T04:33:00	4161.70	-259.66	-1893.51	31.99	-2.00	6.48
2025-01-09T04:33:02	4159.56	-259.72	-1886.63	32.06	-2.00	6.57
2025-01-09T04:33:04	4157.42	-259.77	-1879.76	32.12	-2.01	6.65
2025-01-09T04:33:06	4155.27	-259.84	-1872.89	32.19	-2.01	6.74
2025-01-09T04:33:08	4153.12	-259.89	-1866.01	32.25	-2.02	6.83
2025-01-09T04:33:10	4150.96	-259.95	-1859.13	32.32	-2.02	6.92
2025-01-09T04:33:12	4148.81	-260.01	-1852.25	32.39	-2.03	7.01
2025-01-09T04:33:14	4146.64	-260.07	-1845.36	32.45	-2.04	7.10
2025-01-09T04:33:16	4144.47	-260.13	-1838.48	32.52	-2.04	7.19
2025-01-09T04:33:18	4142.30	-260.18	-1831.59	32.59	-2.05	7.28
2025-01-09T04:33:20	4140.13	-260.24	-1824.71	32.65	-2.05	7.37
2025-01-09T04:33:22	4137.95	-260.30	-1817.81	32.72	-2.06	7.46
2025-01-09T04:33:24	4135.77	-260.36	-1810.92	32.78	-2.06	7.55
2025-01-09T04:33:26	4133.58	-260.41	-1804.03	32.85	-2.07	7.65
2025-01-09T04:33:28	4131.39	-260.47	-1797.13	32.92	-2.08	7.74
2025-01-09T04:33:30	4129.19	-260.52	-1790.24	32.98	-2.08	7.83
2025-01-09T04:33:32	4127.00	-260.58	-1783.34	33.05	-2.09	7.93
2025-01-09T04:33:34	4124.80	-260.64	-1776.44	33.11	-2.09	8.03
2025-01-09T04:33:36	4122.59	-260.69	-1769.54	33.18	-2.10	8.12
2025-01-09T04:33:38	4120.38	-260.75	-1762.63	33.24	-2.10	8.22
2025-01-09T04:33:40	4118.16	-260.80	-1755.73	33.31	-2.11	8.32
2025-01-09T04:33:42	4115.95	-260.86	-1748.82	33.38	-2.12	8.41
2025-01-09T04:33:44	4113.72	-260.91	-1741.91	33.44	-2.12	8.51
2025-01-09T04:33:46	4111.50	-260.96	-1735.00	33.51	-2.13	8.61
2025-01-09T04:33:48	4109.27	-261.02	-1728.09	33.57	-2.13	8.71
2025-01-09T04:33:50	4107.03	-261.07	-1721.18	33.64	-2.14	8.81
2025-01-09T04:33:52	4104.79	-261.12	-1714.26	33.70	-2.14	8.92
2025-01-09T04:33:54	4102.55	-261.18	-1707.34	33.77	-2.15	9.02
2025-01-09T04:33:56	4100.30	-261.23	-1700.42	33.83	-2.16	9.12
2025-01-09T04:33:58	4098.05	-261.28	-1693.50	33.90	-2.16	9.22
2025-01-09T04:34:00	4095.80	-261.33	-1686.58	33.96	-2.17	9.33
2025-01-09T04:34:02	4093.54	-261.38	-1679.65	34.03	-2.17	9.43
2025-01-09T04:34:04	4091.27	-261.44	-1672.73	34.09	-2.18	9.54
2025-01-09T04:34:06	4089.01	-261.49	-1665.80	34.16	-2.18	9.65
2025-01-09T04:34:08	4086.73	-261.54	-1658.87	34.22	-2.19	9.75
2025-01-09T04:34:10	4084.46	-261.59	-1651.94	34.28	-2.20	9.86
2025-01-09T04:34:12	4082.18	-261.64	-1645.01	34.35	-2.20	9.97
2025-01-09T04:34:14	4079.89	-261.69	-1638.07	34.41	-2.21	10.08
2025-01-09T04:34:16	4077.61	-261.74	-1631.14	34.48	-2.21	10.19
2025-01-09T04:34:18	4075.31	-261.79	-1624.20	34.54	-2.22	10.30
2025-01-09T04:34:20	4073.02	-261.84	-1617.26	34.60	-2.22	10.41
2025-01-09T04:34:22	4070.72	-261.89	-1610.32	34.67	-2.23	10.52
2025-01-09T04:34:24	4068.41	-261.94	-1603.38	34.73	-2.24	10.63
2025-01-09T04:34:26	4066.10	-261.99	-1596.43	34.79	-2.24	10.75
2025-01-09T04:34:28	4063.79	-262.03	-1589.49	34.86	-2.25	10.86
2025-01-09T04:34:30	4061.47	-262.08	-1582.54	34.92	-2.25	10.98
2025-01-09T04:34:32	4059.14	-262.13	-1575.59	34.98	-2.26	11.09
2025-01-09T04:34:34	4056.82	-262.18	-1568.64	35.04	-2.26	11.21
2025-01-09T04:34:36	4054.49	-262.22	-1561.68	35.11	-2.27	11.32
2025-01-09T04:34:38	4052.15	-262.27	-1554.73	35.17	-2.28	11.44
2025-01-09T04:34:40	4049.81	-262.32	-1547.77	35.23	-2.28	11.56
2025-01-09T04:34:42	4047.47	-262.37	-1540.82	35.29	-2.29	11.68
2025-01-09T04:34:44	4045.12	-262.41	-1533.86	35.35	-2.29	11.80
2025-01-09T04:34:46	4042.77	-262.46	-1526.90	35.42	-2.30	11.92
2025-01-09T04:34:48	4040.41	-262.50	-1519.93	35.48	-2.30	12.04
2025-01-09T04:34:50	4038.05	-262.55	-1512.97	35.54	-2.31	12.16
2025-01-09T04:34:52	4035.68	-262.59	-1506.00	35.60	-2.32	12.29
2025-01-09T04:34:54	4033.31	-262.64	-1499.03	35.66	-2.32	12.41
2025-01-09T04:34:56	4030.93	-262.68	-1492.06	35.72	-2.33	12.54
2025-01-09T04:34:58	4028.55	-262.72	-1485.09	35.78	-2.33	12.66
2025-01-09T04:35:00	4026.17	-262.77	-1478.12	35.84	-2.34	12.79
2025-01-09T04:35:02	4023.78	-262.81	-1471.14	35.90	-2.34	12.91
2025-01-09T04:35:04	4021.39	-262.85	-1464.17	35.96	-2.35	13.04
2025-01-09T04:35:06	4018.99	-262.90	-1457.19	36.02	-2.36	13.17
2025-01-09T04:35:08	4016.59	-262.94	-1450.21	36.08	-2.36	13.30
2025-01-09T04:35:10	4014.18	-262.98	-1443.23	36.14	-2.37	13.43
2025-01-09T04:35:12	4011.77	-263.02	-1436.25	36.20	-2.37	13.56
2025-01-09T04:35:14	4009.36	-263.07	-1429.26	36.25	-2.38	13.69
2025-01-09T04:35:16	4006.94	-263.11	-1422.28	36.31	-2.38	13.83
2025-01-09T04:35:18	4004.51	-263.15	-1415.29	36.37	-2.39	13.96
2025-01-09T04:35:20	4002.08	-263.19	-1408.30	36.43	-2.40	14.10
2025-01-09T04:35:22	3999.65	-263.23	-1401.31	36.49	-2.40	14.23
2025-01-09T04:35:24	3997.21	-263.27	-1394.32	36.54	-2.41	14.37
2025-01-09T04:35:26	3994.77	-263.31	-1387.33	36.60	-2.41	14.50
2025-01-09T04:35:28	3992.32	-263.35	-1380.33	36.66	-2.42	14.64
2025-01-09T04:35:30	3989.87	-263.39	-1373.33	36.71	-2.42	14.78
2025-01-09T04:35:32	3987.41	-263.42	-1366.33	36.77	-2.43	14.92
2025-01-09T04:35:34	3984.95	-263.46	-1359.33	36.82	-2.43	15.06
2025-01-09T04:35:36	3982.49	-263.50	-1352.33	36.88	-2.44	15.20
2025-01-09T04:35:38	3980.01	-263.54	-1345.33	36.93	-2.45	15.34
2025-01-09T04:35:40	3977.54	-263.58	-1338.32	36.99	-2.45	15.49
2025-01-09T04:35:42	3975.06	-263.62	-1331.32	37.04	-2.46	15.63
2025-01-09T04:35:44	3972.57	-263.65	-1324.31	37.10	-2.46	15.78
2025-01-09T04:35:46	3970.08	-263.69	-1317.30	37.15	-2.47	15.92
2025-01-09T04:35:48	3967.59	-263.72	-1310.29	37.20	-2.47	16.07
2025-01-09T04:35:50	3965.09	-263.76	-1303.27	37.26	-2.48	16.22
2025-01-09T04:35:52	3962.58	-263.80	-1296.26	37.31	-2.48	16.37
2025-01-09T04:35:54	3960.07	-263.83	-1289.24	37.36	-2.49	16.51
2025-01-09T04:35:56	3957.56	-263.87	-1282.22	37.41	-2.49	16.67
2025-01-09T04:35:58	3955.04	-263.90	-1275.20	37.46	-2.50	16.82
2025-01-09T04:36:00	3952.52	-263.93	-1268.19	37.51	-2.51	16.97
2025-01-09T04:36:02	3949.99	-263.97	-1261.16	37.57	-2.51	17.12
2025-01-09T04:36:04	3947.46	-264.00	-1254.14	37.62	-2.52	17.28
2025-01-09T04:36:06	3944.92	-264.03	-1247.11	37.67	-2.52	17.43
2025-01-09T04:36:08	3942.38	-264.07	-1240.09	37.71	-2.53	17.59
2025-01-09T04:36:10	3939.83	-264.10	-1233.06	37.76	-2.53	17.74
2025-01-09T04:36:12	3937.28	-264.13	-1226.03	37.81	-2.54	17.90
2025-01-09T04:36:14	3934.72	-264.17	-1219.00	37.86	-2.54	18.06
2025-01-09T04:36:16	3932.16	-264.20	-1211.96	37.91	-2.55	18.22
2025-01-09T04:36:18	3929.59	-264.23	-1204.93	37.95	-2.55	18.38
2025-01-09T04:36:20	3927.02	-264.26	-1197.89	38.00	-2.56	18.54
2025-01-09T04:36:22	3924.44	-264.29	-1190.85	38.05	-2.56	18.71
2025-01-09T04:36:24	3921.86	-264.32	-1183.81	38.09	-2.57	18.87
2025-01-09T04:36:26	3919.27	-264.35	-1176.77	38.14	-2.57	19.03
2025-01-09T04:36:28	3916.68	-264.38	-1169.73	38.18	-2.58	19.20
2025-01-09T04:36:30	3914.08	-264.41	-1162.69	38.23	-2.58	19.37
2025-01-09T04:36:32	3911.48	-264.44	-1155.64	38.27	-2.59	19.54
2025-01-09T04:36:34	3908.87	-264.47	-1148.60	38.31	-2.59	19.70
2025-01-09T04:36:36	3906.26	-264.50	-1141.55	38.36	-2.60	19.87
2025-01-09T04:36:38	3903.64	-264.52	-1134.50	38.40	-2.60	20.04
2025-01-09T04:36:40	3901.02	-264.55	-1127.45	38.44	-2.61	20.22
2025-01-09T04:36:42	3898.39	-264.58	-1120.39	38.48	-2.61	20.39
2025-01-09T04:36:44	3895.76	-264.60	-1113.34	38.52	-2.62	20.56
2025-01-09T04:36:46	3893.12	-264.63	-1106.29	38.56	-2.62	20.74
2025-01-09T04:36:48	3890.48	-264.66	-1099.23	38.60	-2.63	20.91
2025-01-09T04:36:50	3887.83	-264.68	-1092.17	38.64	-2.63	21.09
2025-01-09T04:36:52	3885.17	-264.71	-1085.11	38.68	-2.64	21.27
2025-01-09T04:36:54	3882.52	-264.73	-1078.05	38.72	-2.64	21.45
2025-01-09T04:36:56	3879.85	-264.76	-1070.98	38.75	-2.64	21.63
2025-01-09T04:36:58	3877.18	-264.78	-1063.92	38.79	-2.65	21.81
2025-01-09T04:37:00	3874.51	-264.81	-1056.85	38.82	-2.65	21.99
2025-01-09T04:37:02	3871.83	-264.83	-1049.79	38.86	-2.66	22.18
2025-01-09T04:37:04	3869.14	-264.85	-1042.72	38.89	-2.66	22.36
2025-01-09T04:37:06	3866.45	-264.87	-1035.65	38.93	-2.67	22.55
2025-01-09T04:37:08	3863.76	-264.90	-1028.58	38.96	-2.67	22.73
2025-01-09T04:37:10	3861.06	-264.92	-1021.51	38.99	-2.68	22.92
2025-01-09T04:37:12	3858.35	-264.94	-1014.43	39.02	-2.68	23.11
2025-01-09T04:37:14	3855.64	-264.96	-1007.36	39.05	-2.68	23.30
2025-01-09T04:37:16	3852.92	-264.98	-1000.28	39.08	-2.69	23.49
2025-01-09T04:37:18	3850.20	-265.00	-993.20	39.11	-2.69	23.68
2025-01-09T04:37:20	3847.47	-265.02	-986.12	39.14	-2.70	23.88
2025-01-09T04:37:22	3844.74	-265.05	-979.04	39.17	-2.70	24.07
2025-01-09T04:37:24	3842.00	-265.06	-971.96	39.20	-2.70	24.27
2025-01-09T04:37:26	3839.26	-265.08	-964.87	39.22	-2.71	24.46
2025-01-09T04:37:28	3836.51	-265.10	-957.79	39.25	-2.71	24.66
2025-01-09T04:37:30	3833.76	-265.12	-950.70	39.27	-2.72	24.86
2025-01-09T04:37:32	3831.00	-265.14	-943.61	39.30	-2.72	25.06
2025-01-09T04:37:34	3828.23	-265.15	-936.52	39.32	-2.72	25.26
2025-01-09T04:37:36	3825.46	-265.17	-929.43	39.34	-2.73	25.47
2025-01-09T04:37:38	3822.68	-265.19	-922.34	39.37	-2.73	25.67
2025-01-09T04:37:40	3819.90	-265.21	-915.25	39.39	-2.73	25.87
2025-01-09T04:37:42	3817.12	-265.22	-908.15	39.41	-2.74	26.08
2025-01-09T04:37:44	3814.33	-265.24	-901.06	39.43	-2.74	26.29
2025-01-09T04:37:46	3811.52	-265.25	-893.96	39.44	-2.74	26.50
2025-01-09T04:37:48	3808.72	-265.27	-886.86	39.46	-2.75	26.71
2025-01-09T04:37:50	3805.91	-265.28	-879.76	39.48	-2.75	26.92
2025-01-09T04:37:52	3803.10	-265.30	-872.66	39.49	-2.75	27.13
2025-01-09T04:37:54	3800.28	-265.31	-865.56	39.51	-2.76	27.34
2025-01-09T04:37:56	3797.45	-265.32	-858.45	39.52	-2.76	27.56
2025-01-09T04:37:58	3794.62	-265.34	-851.35	39.53	-2.76	27.77
2025-01-09T04:38:00	3791.78	-265.35	-844.24	39.54	-2.77	27.99
2025-01-09T04:38:02	3788.94	-265.36	-837.14	39.55	-2.77	28.21
2025-01-09T04:38:04	3786.09	-265.37	-830.03	39.56	-2.77	28.43
2025-01-09T04:38:06	3783.23	-265.38	-822.92	39.57	-2.78	28.65
2025-01-09T04:38:08	3780.37	-265.39	-815.81	39.58	-2.78	28.87
2025-01-09T04:38:10	3777.51	-265.40	-808.69	39.59	-2.78	29.09
2025-01-09T04:38:12	3774.64	-265.41	-801.58	39.59	-2.78	29.32
2025-01-09T04:38:14	3771.76	-265.42	-794.46	39.60	-2.79	29.54
2025-01-09T04:38:16	3768.88	-265.43	-787.35	39.60	-2.79	29.77
2025-01-09T04:38:18	3765.99	-265.44	-780.23	39.60	-2.79	30.00
2025-01-09T04:38:20	3763.09	-265.45	-773.11	39.60	-2.79	30.23
2025-01-09T04:38:22	3760.19	-265.46	-765.99	39.60	-2.80	30.46
2025-01-09T04:38:24	3757.29	-265.46	-758.87	39.60	-2.80	30.69
2025-01-09T04:38:26	3754.37	-265.47	-751.75	39.60	-2.80	30.92
2025-01-09T04:38:28	3751.46	-265.48	-744.63	39.59	-2.80	31.16
2025-01-09T04:38:30	3748.53	-265.48	-737.50	39.59	-2.80	31.39
2025-01-09T04:38:32	3745.60	-265.49	-730.37	39.58	-2.81	31.63
2025-01-09T04:38:34	3742.67	-265.50	-723.25	39.58	-2.81	31.87
2025-01-09T04:38:36	3739.72	-265.50	-716.12	39.57	-2.81	32.11
2025-01-09T04:38:38	3736.78	-265.51	-708.99	39.56	-2.81	32.35
2025-01-09T04:38:40	3733.82	-265.51	-701.86	39.55	-2.81	32.59
2025-01-09T04:38:42	3730.86	-265.51	-694.73	39.53	-2.81	32.83
2025-01-09T04:38:44	3727.90	-265.52	-687.60	39.52	-2.81	33.08
2025-01-09T04:38:46	3724.93	-265.52	-680.46	39.51	-2.82	33.32
2025-01-09T04:38:48	3721.95	-265.52	-673.33	39.49	-2.82	33.57
2025-01-09T04:38:50	3718.97	-265.52	-666.20	39.47	-2.82	33.82
2025-01-09T04:38:52	3715.98	-265.53	-659.06	39.45	-2.82	34.07
2025-01-09T04:38:54	3712.98	-265.53	-651.92	39.43	-2.82	34.32
2025-01-09T04:38:56	3709.98	-265.53	-644.78	39.41	-2.82	34.57
2025-01-09T04:38:58	3706.97	-265.53	-637.64	39.39	-2.82	34.82
2025-01-09T04:39:00	3703.96	-265.53	-630.50	39.36	-2.82	35.08
2025-01-09T04:39:02	3700.94	-265.53	-623.36	39.34	-2.82	35.34
2025-01-09T04:39:04	3697.91	-265.53	-616.21	39.31	-2.82	35.59
2025-01-09T04:39:06	3694.88	-265.52	-609.07	39.28	-2.82	35.85
2025-01-09T04:39:08	3691.84	-265.52	-601.93	39.25	-2.82	36.11
2025-01-09T04:39:10	3688.80	-265.52	-594.78	39.22	-2.82	36.38
2025-01-09T04:39:12	3685.75	-265.52	-587.63	39.18	-2.82	36.64
2025-01-09T04:39:14	3682.69	-265.51	-580.49	39.15	-2.82	36.90
2025-01-09T04:39:16	3679.63	-265.51	-573.34	39.11	-2.82	37.17
2025-01-09T04:39:18	3676.56	-265.50	-566.18	39.07	-2.82	37.44
2025-01-09T04:39:20	3673.48	-265.50	-559.04	39.03	-2.82	37.70
2025-01-09T04:39:22	3670.40	-265.49	-551.88	38.99	-2.82	37.97
2025-01-09T04:39:24	3667.31	-265.49	-544.73	38.95	-2.82	38.25
2025-01-09T04:39:26	3664.22	-265.48	-537.58	38.90	-2.82	38.52
2025-01-09T04:39:28	3661.12	-265.48	-530.42	38.85	-2.82	38.79
2025-01-09T04:39:30	3658.01	-265.47	-523.27	38.81	-2.82	39.07
2025-01-09T04:39:32	3654.90	-265.46	-516.11	38.76	-2.81	39.34
2025-01-09T04:39:34	3651.78	-265.45	-508.95	38.70	-2.81	39.62
2025-01-09T04:39:36	3648.65	-265.45	-501.79	38.65	-2.81	39.90
2025-01-09T04:39:38	3645.52	-265.44	-494.63	38.59	-2.81	40.18
2025-01-09T04:39:40	3642.38	-265.43	-487.47	38.54	-2.81	40.46
2025-01-09T04:39:42	3639.24	-265.42	-480.31	38.48	-2.81	40.75
2025-01-09T04:39:44	3636.08	-265.41	-473.15	38.42	-2.80	41.03
2025-01-09T04:39:46	3632.93	-265.39	-465.99	38.35	-2.80	41.32
2025-01-09T04:39:48	3629.76	-265.38	-458.82	38.29	-2.80	41.61
2025-01-09T04:39:50	3626.59	-265.37	-451.66	38.22	-2.80	41.90
2025-01-09T04:39:52	3623.41	-265.36	-444.49	38.15	-2.79	42.19
2025-01-09T04:39:54	3620.23	-265.35	-437.33	38.08	-2.79	42.48
2025-01-09T04:39:56	3617.04	-265.33	-430.16	38.01	-2.79	42.77
2025-01-09T04:39:58	3613.84	-265.32	-423.00	37.93	-2.78	43.07
2025-01-09T04:40:00	3610.64	-265.31	-415.83	37.85	-2.78	43.36
2025-01-09T04:40:02	3607.43	-265.29	-408.66	37.77	-2.78	43.66
2025-01-09T04:40:04	3604.21	-265.27	-401.49	37.69	-2.77	43.96
2025-01-09T04:40:06	3600.99	-265.26	-394.32	37.61	-2.77	44.26
2025-01-09T04:40:08	3597.76	-265.24	-387.15	37.52	-2.77	44.56
2025-01-09T04:40:10	3594.52	-265.23	-379.97	37.44	-2.76	44.86
2025-01-09T04:40:12	3591.27	-265.21	-372.80	37.35	-2.76	45.17
2025-01-09T04:40:14	3588.02	-265.19	-365.63	37.25	-2.75	45.47
2025-01-09T04:40:16	3584.77	-265.17	-358.45	37.16	-2.75	45.78
2025-01-09T04:40:18	3581.51	-265.15	-351.28	37.06	-2.74	46.09
2025-01-09T04:40:20	3578.24	-265.14	-344.10	36.96	-2.74	46.39
2025-01-09T04:40:22	3574.96	-265.12	-336.93	36.86	-2.73	46.71
2025-01-09T04:40:24	3571.67	-265.09	-329.75	36.76	-2.73	47.02
2025-01-09T04:40:26	3568.39	-265.07	-322.57	36.65	-2.72	47.33
2025-01-09T04:40:28	3565.09	-265.05	-315.40	36.54	-2.72	47.65
2025-01-09T04:40:30	3561.78	-265.03	-308.22	36.43	-2.71	47.96
2025-01-09T04:40:32	3558.47	-265.01	-301.04	36.32	-2.70	48.28
2025-01-09T04:40:34	3555.15	-264.99	-293.86	36.20	-2.70	48.60
2025-01-09T04:40:36	3551.83	-264.96	-286.68	36.08	-2.69	48.92
2025-01-09T04:40:38	3548.50	-264.94	-279.50	35.96	-2.68	49.24
2025-01-09T04:40:40	3545.16	-264.92	-272.32	35.84	-2.68	49.56
2025-01-09T04:40:42	3541.81	-264.89	-265.14	35.71	-2.67	49.89
2025-01-09T04:40:44	3538.46	-264.86	-257.95	35.58	-2.66	50.21
2025-01-09T04:40:46	3535.10	-264.84	-250.77	35.45	-2.66	50.54
2025-01-09T04:40:48	3531.74	-264.81	-243.59	35.31	-2.65	50.87
2025-01-09T04:40:50	3528.36	-264.78	-236.40	35.18	-2.64	51.20
2025-01-09T04:40:52	3524.99	-264.76	-229.22	35.04	-2.63	51.53
2025-01-09T04:40:54	3521.60	-264.73	-222.04	34.89	-2.62	51.86
2025-01-09T04:40:56	3518.20	-264.70	-214.85	34.75	-2.61	52.19
2025-01-09T04:40:58	3514.80	-264.67	-207.66	34.60	-2.61	52.53
2025-01-09T04:41:00	3511.40	-264.64	-200.48	34.45	-2.60	52.86
2025-01-09T04:41:02	3507.98	-264.61	-193.29	34.29	-2.59	53.20
2025-01-09T04:41:04	3504.56	-264.58	-186.10	34.14	-2.58	53.54
2025-01-09T04:41:06	3501.13	-264.55	-178.92	33.98	-2.57	53.88
2025-01-09T04:41:08	3497.69	-264.52	-171.73	33.81	-2.56	54.22
2025-01-09T04:41:10	3494.25	-264.48	-164.54	33.65	-2.55	54.56
2025-01-09T04:41:12	3490.80	-264.45	-157.35	33.48	-2.54	54.91
2025-01-09T04:41:14	3487.34	-264.42	-150.16	33.31	-2.53	55.25
2025-01-09T04:41:16	3483.88	-264.39	-142.97	33.13	-2.51	55.60
2025-01-09T04:41:18	3480.41	-264.35	-135.79	32.95	-2.50	55.94
2025-01-09T04:41:20	3476.93	-264.32	-128.60	32.77	-2.49	56.29
2025-01-09T04:41:22	3473.44	-264.28	-121.41	32.58	-2.48	56.64
2025-01-09T04:41:24	3469.95	-264.24	-114.22	32.40	-2.47	56.99
2025-01-09T04:41:26	3466.45	-264.21	-107.03	32.20	-2.45	57.34
2025-01-09T04:41:28	3462.94	-264.17	-99.84	32.01	-2.44	57.70
2025-01-09T04:41:30	3459.42	-264.13	-92.65	31.81	-2.43	58.05
2025-01-09T04:41:32	3455.90	-264.09	-85.46	31.61	-2.42	58.41
2025-01-09T04:41:34	3452.37	-264.05	-78.26	31.40	-2.40	58.76
2025-01-09T04:41:36	3448.83	-264.01	-71.07	31.19	-2.39	59.12
2025-01-09T04:41:38	3445.29	-263.97	-63.88	30.98	-2.37	59.48
2025-01-09T04:41:40	3441.74	-263.93	-56.69	30.77	-2.36	59.84
2025-01-09T04:41:42	3438.18	-263.89	-49.50	30.55	-2.34	60.20
2025-01-09T04:41:44	3434.61	-263.85	-42.31	30.32	-2.33	60.56
2025-01-09T04:41:46	3431.04	-263.81	-35.11	30.10	-2.31	60.93
2025-01-09T04:41:48	3427.45	-263.76	-27.92	29.87	-2.30	61.29
2025-01-09T04:41:50	3423.86	-263.72	-20.73	29.63	-2.28	61.65
2025-01-09T04:41:52	3420.27	-263.68	-13.54	29.40	-2.27	62.02
2025-01-09T04:41:54	3416.67	-263.63	-6.35	29.15	-2.25	62.39
2025-01-09T04:41:56	3413.05	-263.59	0.84	28.91	-2.23	62.75
2025-01-09T04:41:58	3409.43	-263.54	8.04	28.66	-2.22	63.12
2025-01-09T04:42:00	3405.81	-263.49	15.23	28.41	-2.20	63.49
2025-01-09T04:42:02	3402.17	-263.44	22.42	28.15	-2.18	63.86
2025-01-09T04:42:04	3398.53	-263.40	29.61	27.89	-2.16	64.24
2025-01-09T04:42:06	3394.88	-263.35	36.80	27.62	-2.14	64.61
2025-01-09T04:42:08	3391.23	-263.30	44.00	27.35	-2.12	64.98
2025-01-09T04:42:10	3387.56	-263.25	51.19	27.08	-2.10	65.36
2025-01-09T04:42:12	3383.89	-263.20	58.38	26.80	-2.08	65.73
2025-01-09T04:42:14	3380.21	-263.15	65.57	26.52	-2.06	66.11
2025-01-09T04:42:16	3376.53	-263.10	72.76	26.24	-2.04	66.48
2025-01-09T04:42:18	3372.83	-263.05	79.95	25.95	-2.02	66.86
2025-01-09T04:42:20	3369.13	-262.99	87.14	25.65	-2.00	67.24
2025-01-09T04:42:22	3365.42	-262.94	94.34	25.35	-1.98	67.62
2025-01-09T04:42:24	3361.70	-262.89	101.53	25.05	-1.96	68.00
2025-01-09T04:42:26	3357.97	-262.83	108.72	24.74	-1.94	68.38
2025-01-09T04:42:28	3354.24	-262.78	115.90	24.43	-1.91	68.76
2025-01-09T04:42:30	3350.50	-262.72	123.10	24.12	-1.89	69.14
2025-01-09T04:42:32	3346.75	-262.67	130.29	23.80	-1.87	69.53
2025-01-09T04:42:34	3343.00	-262.61	137.47	23.47	-1.84	69.91
2025-01-09T04:42:36	3339.23	-262.55	144.67	23.14	-1.82	70.29
2025-01-09T04:42:38	3335.46	-262.49	151.85	22.81	-1.79	70.68
2025-01-09T04:42:40	3331.68	-262.43	159.04	22.47	-1.77	71.06
2025-01-09T04:42:42	3327.89	-262.37	166.23	22.12	-1.74	71.45
2025-01-09T04:42:44	3324.09	-262.31	173.42	21.77	-1.72	71.83
2025-01-09T04:42:46	3320.29	-262.25	180.60	21.42	-1.69	72.22
2025-01-09T04:42:48	3316.48	-262.19	187.79	21.06	-1.67	72.60
2025-01-09T04:42:50	3312.66	-262.13	194.98	20.70	-1.64	72.99
2025-01-09T04:42:52	3308.83	-262.07	202.16	20.33	-1.61	73.38
2025-01-09T04:42:54	3305.00	-262.00	209.35	19.96	-1.58	73.77
2025-01-09T04:42:56	3301.16	-261.94	216.53	19.58	-1.55	74.15
2025-01-09T04:42:58	3297.30	-261.88	223.71	19.20	-1.52	74.54
2025-01-09T04:43:00	3293.45	-261.81	230.90	18.81	-1.50	74.93
2025-01-09T04:43:02	3289.58	-261.75	238.08	18.42	-1.47	75.32
2025-01-09T04:43:04	3285.70	-261.68	245.26	18.02	-1.44	75.71
2025-01-09T04:43:06	3281.82	-261.61	252.44	17.62	-1.40	76.10
2025-01-09T04:43:08	3277.93	-261.54	259.63	17.21	-1.37	76.49
2025-01-09T04:43:10	3274.03	-261.48	266.81	16.79	-1.34	76.87
2025-01-09T04:43:12	3270.12	-261.41	273.99	16.37	-1.31	77.26
2025-01-09T04:43:14	3266.21	-261.34	281.17	15.95	-1.28	77.65
2025-01-09T04:43:16	3262.28	-261.27	288.34	15.52	-1.24	78.04
2025-01-09T04:43:18	3258.35	-261.19	295.52	15.08	-1.21	78.43
2025-01-09T04:43:20	3254.41	-261.12	302.70	14.64	-1.17	78.82
2025-01-09T04:43:22	3250.47	-261.05	309.88	14.19	-1.14	79.21
2025-01-09T04:43:24	3246.51	-260.98	317.05	13.74	-1.10	79.60
2025-01-09T04:43:26	3242.55	-260.90	324.23	13.28	-1.07	79.98
2025-01-09T04:43:28	3238.57	-260.83	331.40	12.82	-1.03	80.37
2025-01-09T04:43:30	3234.59	-260.76	338.57	12.35	-1.00	80.76
2025-01-09T04:43:32	3230.60	-260.68	345.75	11.88	-0.96	81.15
2025-01-09T04:43:34	3226.61	-260.60	352.92	11.40	-0.92	81.53
2025-01-09T04:43:36	3222.60	-260.53	360.09	10.91	-0.88	81.92
2025-01-09T04:43:38	3218.59	-260.45	367.26	10.42	-0.84	82.31
2025-01-09T04:43:40	3214.57	-260.37	374.43	9.92	-0.80	82.69
2025-01-09T04:43:42	3210.54	-260.29	381.59	9.41	-0.76	83.08
2025-01-09T04:43:44	3206.50	-260.21	388.76	8.90	-0.72	83.46
2025-01-09T04:43:46	3202.45	-260.13	395.93	8.39	-0.68	83.84
2025-01-09T04:43:48	3198.40	-260.05	403.09	7.87	-0.64	84.23
2025-01-09T04:43:50	3194.34	-259.97	410.25	7.34	-0.60	84.61
2025-01-09T04:43:52	3190.26	-259.89	417.42	6.80	-0.55	84.99
2025-01-09T04:43:54	3186.19	-259.80	424.58	6.26	-0.51	85.37
2025-01-09T04:43:56	3182.10	-259.72	431.74	5.71	-0.47	85.75
2025-01-09T04:43:58	3178.00	-259.64	438.90	5.16	-0.42	86.13
2025-01-09T04:44:00	3173.90	-259.55	446.06	4.60	-0.38	86.50
2025-01-09T04:44:02	3169.78	-259.46	453.21	4.04	-0.33	86.88
2025-01-09T04:44:04	3165.66	-259.38	460.37	3.46	-0.28	87.26
2025-01-09T04:44:06	3161.53	-259.29	467.52	2.88	-0.24	87.63
2025-01-09T04:44:08	3157.39	-259.20	474.68	2.30	-0.19	88.00
2025-01-09T04:44:10	3153.24	-259.11	481.83	1.71	-0.14	88.37
2025-01-09T04:44:12	3149.09	-259.02	488.98	1.11	-0.09	88.74
2025-01-09T04:44:14	3144.92	-258.93	496.13	0.50	-0.04	89.11
2025-01-09T04:44:16	3140.75	-258.84	503.28	-0.11	0.01	89.48
2025-01-09T04:44:18	3136.57	-258.75	510.42	-0.72	0.06	89.84
2025-01-09T04:44:20	3132.38	-258.66	517.57	-1.35	0.11	90.21
2025-01-09T04:44:22	3128.18	-258.56	524.71	-1.98	0.16	90.57
2025-01-09T04:44:24	3123.98	-258.47	531.85	-2.62	0.22	90.93
2025-01-09T04:44:26	3119.76	-258.38	538.99	-3.26	0.27	91.29
2025-01-09T04:44:28	3115.54	-258.28	546.13	-3.92	0.32	91.64
2025-01-09T04:44:30	3111.31	-258.19	553.27	-4.57	0.38	92.00
2025-01-09T04:44:32	3107.06	-258.09	560.41	-5.24	0.44	92.35
2025-01-09T04:44:34	3102.81	-257.99	567.54	-5.91	0.49	92.70
2025-01-09T04:44:36	3098.56	-257.89	574.68	-6.59	0.55	93.05
2025-01-09T04:44:38	3094.29	-257.80	581.81	-7.28	0.61	93.40
2025-01-09T04:44:40	3090.01	-257.70	588.94	-7.97	0.66	93.74
2025-01-09T04:44:42	3085.73	-257.60	596.07	-8.67	0.72	94.08
2025-01-09T04:44:44	3081.43	-257.50	603.19	-9.38	0.78	94.42
2025-01-09T04:44:46	3077.14	-257.39	610.32	-10.10	0.84	94.76
2025-01-09T04:44:48	3072.82	-257.29	617.44	-10.82	0.91	95.09
2025-01-09T04:44:50	3068.50	-257.19	624.56	-11.55	0.97	95.42
2025-01-09T04:44:52	3064.18	-257.08	631.68	-12.28	1.03	95.75
2025-01-09T04:44:54	3059.84	-256.98	638.80	-13.03	1.09	96.08
2025-01-09T04:44:56	3055.49	-256.87	645.92	-13.78	1.16	96.40
2025-01-09T04:44:58	3051.14	-256.77	653.03	-14.53	1.22	96.72
2025-01-09T04:45:00	3046.78	-256.66	660.14	-15.30	1.29	97.04
2025-01-09T04:45:02	3042.41	-256.55	667.25	-16.07	1.36	97.35
2025-01-09T04:45:04	3038.03	-256.44	674.36	-16.85	1.42	97.66
2025-01-09T04:45:06	3033.64	-256.33	681.47	-17.64	1.49	97.97
2025-01-09T04:45:08	3029.24	-256.22	688.57	-18.43	1.56	98.27
2025-01-09T04:45:10	3024.83	-256.11	695.68	-19.24	1.63	98.58
2025-01-09T04:45:12	3020.42	-256.00	702.78	-20.05	1.70	98.87
2025-01-09T04:45:14	3015.99	-255.89	709.87	-20.86	1.77	99.17
2025-01-09T04:45:16	3011.56	-255.78	716.97	-21.69	1.84	99.46
2025-01-09T04:45:18	3007.12	-255.66	724.07	-22.52	1.91	99.74
2025-01-09T04:45:20	3002.67	-255.55	731.16	-23.36	1.99	100.02
2025-01-09T04:45:22	2998.21	-255.43	738.25	-24.21	2.06	100.30
2025-01-09T04:45:24	2993.74	-255.32	745.33	-25.06	2.14	100.58
2025-01-09T04:45:26	2989.26	-255.20	752.42	-25.92	2.21	100.85
2025-01-09T04:45:28	2984.77	-255.08	759.50	-26.79	2.29	101.11
2025-01-09T04:45:30	2980.28	-254.97	766.58	-27.67	2.37	101.37
2025-01-09T04:45:32	2975.77	-254.85	773.66	-28.56	2.45	101.63
2025-01-09T04:45:34	2971.26	-254.73	780.74	-29.45	2.52	101.88
2025-01-09T04:45:36	2966.74	-254.61	787.82	-30.35	2.60	102.13
2025-01-09T04:45:38	2962.21	-254.48	794.89	-31.26	2.69	102.38
2025-01-09T04:45:40	2957.67	-254.36	801.96	-32.17	2.77	102.62
2025-01-09T04:45:42	2953.12	-254.24	809.02	-33.10	2.85	102.85
2025-01-09T04:45:44	2948.56	-254.11	816.09	-34.03	2.93	103.08
2025-01-09T04:45:46	2943.99	-253.99	823.15	-34.97	3.02	103.30
2025-01-09T04:45:48	2939.42	-253.86	830.21	-35.91	3.10	103.52
2025-01-09T04:45:50	2934.83	-253.74	837.27	-36.87	3.19	103.73
2025-01-09T04:45:52	2930.24	-253.61	844.32	-37.83	3.27	103.94
2025-01-09T04:45:54	2925.64	-253.48	851.37	-38.80	3.36	104.14
2025-01-09T04:45:56	2921.02	-253.35	858.42	-39.77	3.45	104.34
2025-01-09T04:45:58	2916.40	-253.23	865.47	-40.76	3.54	104.53
2025-01-09T04:46:00	2911.77	-253.10	872.51	-41.75	3.63	104.72
2025-01-09T04:46:02	2907.13	-252.97	879.55	-42.75	3.72	104.90
2025-01-09T04:46:04	2902.48	-252.83	886.59	-43.76	3.81	105.07
2025-01-09T04:46:06	2897.83	-252.70	893.63	-44.77	3.90	105.24
2025-01-09T04:46:08	2893.16	-252.57	900.66	-45.79	4.00	105.40
2025-01-09T04:46:10	2888.49	-252.44	907.69	-46.82	4.09	105.56
2025-01-09T04:46:12	2883.80	-252.30	914.72	-47.86	4.19	105.70
2025-01-09T04:46:14	2879.11	-252.16	921.74	-48.91	4.28	105.85
2025-01-09T04:46:16	2874.41	-252.03	928.76	-49.96	4.38	105.98
2025-01-09T04:46:18	2869.69	-251.89	935.78	-51.02	4.48	106.11
2025-01-09T04:46:20	2864.97	-251.75	942.80	-52.09	4.58	106.23
2025-01-09T04:46:22	2860.24	-251.61	949.81	-53.16	4.68	106.35
2025-01-09T04:46:24	2855.50	-251.47	956.82	-54.25	4.78	106.46
2025-01-09T04:46:26	2850.76	-251.33	963.82	-55.34	4.88	106.56
2025-01-09T04:46:28	2846.00	-251.19	970.83	-56.44	4.98	106.65
2025-01-09T04:46:30	2841.23	-251.05	977.83	-57.54	5.08	106.74
2025-01-09T04:46:32	2836.46	-250.91	984.83	-58.65	5.19	106.82
2025-01-09T04:46:34	2831.67	-250.76	991.82	-59.77	5.29	106.89
2025-01-09T04:46:36	2826.88	-250.62	998.81	-60.90	5.40	106.95
2025-01-09T04:46:38	2822.08	-250.47	1005.80	-62.04	5.51	107.01
2025-01-09T04:46:40	2817.26	-250.32	1012.78	-63.18	5.61	107.05
2025-01-09T04:46:42	2812.44	-250.18	1019.76	-64.33	5.72	107.09
2025-01-09T04:46:44	2807.61	-250.03	1026.74	-65.48	5.83	107.13
2025-01-09T04:46:46	2802.77	-249.88	1033.71	-66.65	5.94	107.15
2025-01-09T04:46:48	2797.92	-249.73	1040.68	-67.82	6.05	107.16
2025-01-09T04:46:50	2793.07	-249.58	1047.65	-68.99	6.16	107.17
2025-01-09T04:46:52	2788.20	-249.43	1054.61	-70.18	6.28	107.17
2025-01-09T04:46:54	2783.32	-249.28	1061.58	-71.37	6.39	107.16
2025-01-09T04:46:56	2778.44	-249.12	1068.53	-72.57	6.51	107.14
2025-01-09T04:46:58	2773.54	-248.97	1075.49	-73.77	6.62	107.11
2025-01-09T04:47:00	2768.64	-248.82	1082.44	-74.98	6.74	107.07
2025-01-09T04:47:02	2763.72	-248.66	1089.38	-76.20	6.86	107.02
2025-01-09T04:47:04	2758.80	-248.50	1096.32	-77.42	6.97	106.97
2025-01-09T04:47:06	2753.87	-248.35	1103.26	-78.66	7.09	106.90
2025-01-09T04:47:08	2748.93	-248.19	1110.20	-79.89	7.21	106.83
2025-01-09T04:47:10	2743.98	-248.03	1117.13	-81.14	7.33	106.74
2025-01-09T04:47:12	2739.02	-247.87	1124.06	-82.39	7.46	106.65
2025-01-09T04:47:14	2734.05	-247.71	1130.98	-83.65	7.58	106.54
2025-01-09T04:47:16	2729.08	-247.55	1137.90	-84.91	7.70	106.43
2025-01-09T04:47:18	2724.09	-247.39	1144.82	-86.18	7.83	106.31
2025-01-09T04:47:20	2719.09	-247.22	1151.73	-87.45	7.95	106.17
2025-01-09T04:47:22	2714.09	-247.06	1158.64	-88.74	8.08	106.03
2025-01-09T04:47:24	2709.08	-246.89	1165.55	-90.02	8.20	105.87
2025-01-09T04:47:26	2704.05	-246.73	1172.45	-91.32	8.33	105.71
2025-01-09T04:47:28	2699.02	-246.56	1179.34	-92.62	8.46	105.53
2025-01-09T04:47:30	2693.98	-246.40	1186.24	-93.92	8.59	105.34
2025-01-09T04:47:32	2688.93	-246.23	1193.13	-95.23	8.72	105.15
2025-01-09T04:47:34	2683.87	-246.06	1200.01	-96.55	8.85	104.94
2025-01-09T04:47:36	2678.80	-245.89	1206.89	-97.87	8.98	104.72
2025-01-09T04:47:38	2673.72	-245.72	1213.77	-99.19	9.12	104.49
2025-01-09T04:47:40	2668.63	-245.55	1220.64	-100.53	9.25	104.25
2025-01-09T04:47:42	2663.53	-245.37	1227.51	-101.86	9.38	103.99
2025-01-09T04:47:44	2658.43	-245.20	1234.37	-103.20	9.52	103.73
2025-01-09T04:47:46	2653.31	-245.03	1241.23	-104.55	9.65	103.45
2025-01-09T04:47:48	2648.19	-244.85	1248.08	-105.90	9.79	103.16
2025-01-09T04:47:50	2643.05	-244.68	1254.94	-107.26	9.93	102.86
2025-01-09T04:47:52	2637.91	-244.50	1261.78	-108.62	10.07	102.55
2025-01-09T04:47:54	2632.76	-244.32	1268.62	-109.98	10.21	102.23
2025-01-09T04:47:56	2627.59	-244.14	1275.46	-111.35	10.35	101.89
2025-01-09T04:47:58	2622.42	-243.96	1282.29	-112.73	10.49	101.54
2025-01-09T04:48:00	2617.24	-243.78	1289.12	-114.10	10.63	101.18
2025-01-09T04:48:02	2612.05	-243.60	1295.95	-115.49	10.77	100.81
2025-01-09T04:48:04	2606.86	-243.42	1302.77	-116.87	10.91	100.43
2025-01-09T04:48:06	2601.65	-243.24	1309.58	-118.26	11.06	100.03
2025-01-09T04:48:08	2596.43	-243.05	1316.39	-119.65	11.20	99.62
2025-01-09T04:48:10	2591.21	-242.87	1323.20	-121.05	11.35	99.20
2025-01-09T04:48:12	2585.97	-242.68	1330.00	-122.45	11.49	98.76
2025-01-09T04:48:14	2580.73	-242.50	1336.80	-123.85	11.64	98.31
2025-01-09T04:48:16	2575.47	-242.31	1343.59	-125.26	11.78	97.85
2025-01-09T04:48:18	2570.21	-242.12	1350.37	-126.67	11.93	97.37
2025-01-09T04:48:20	2564.94	-241.93	1357.15	-128.08	12.08	96.89
2025-01-09T04:48:22	2559.66	-241.74	1363.93	-129.49	12.23	96.39
2025-01-09T04:48:24	2554.37	-241.55	1370.70	-130.91	12.38	95.87
2025-01-09T04:48:26	2549.07	-241.36	1377.47	-132.33	12.53	95.34
2025-01-09T04:48:28	2543.76	-241.17	1384.23	-133.75	12.68	94.80
2025-01-09T04:48:30	2538.44	-240.97	1390.99	-135.17	12.83	94.25
2025-01-09T04:48:32	2533.12	-240.78	1397.74	-136.60	12.98	93.68
2025-01-09T04:48:34	2527.78	-240.59	1404.49	-138.03	13.14	93.10
2025-01-09T04:48:36	2522.44	-240.39	1411.23	-139.45	13.29	92.50
2025-01-09T04:48:38	2517.08	-240.19	1417.97	-140.88	13.44	91.89
2025-01-09T04:48:40	2511.72	-240.00	1424.70	-142.32	13.60	91.27
2025-01-09T04:48:42	2506.35	-239.80	1431.43	-143.75	13.75	90.63
2025-01-09T04:48:44	2500.97	-239.60	1438.15	-145.18	13.91	89.98
2025-01-09T04:48:46	2495.58	-239.40	1444.87	-146.61	14.06	89.31
2025-01-09T04:48:48	2490.18	-239.20	1451.58	-148.05	14.22	88.63
2025-01-09T04:48:50	2484.77	-238.99	1458.29	-149.48	14.38	87.94
2025-01-09T04:48:52	2479.35	-238.79	1464.99	-150.92	14.54	87.23
2025-01-09T04:48:54	2473.92	-238.59	1471.68	-152.35	14.69	86.51
2025-01-09T04:48:56	2468.49	-238.38	1478.37	-153.79	14.85	85.77
2025-01-09T04:48:58	2463.04	-238.18	1485.05	-155.22	15.01	85.02
2025-01-09T04:49:00	2457.59	-237.97	1491.73	-156.66	15.17	84.26
2025-01-09T04:49:02	2452.13	-237.76	1498.41	-158.09	15.33	83.48
2025-01-09T04:49:04	2446.66	-237.55	1505.07	-159.52	15.49	82.68
2025-01-09T04:49:06	2441.18	-237.34	1511.74	-160.95	15.65	81.87
2025-01-09T04:49:08	2435.69	-237.13	1518.39	-162.38	15.81	81.05
2025-01-09T04:49:10	2430.19	-236.92	1525.05	-163.81	15.97	80.21
2025-01-09T04:49:12	2424.68	-236.71	1531.69	-165.24	16.13	79.36
2025-01-09T04:49:14	2419.16	-236.50	1538.33	-166.67	16.29	78.49
2025-01-09T04:49:16	2413.64	-236.28	1544.97	-168.09	16.46	77.61
2025-01-09T04:49:18	2408.10	-236.07	1551.60	-169.51	16.62	76.71
2025-01-09T04:49:20	2402.56	-235.86	1558.22	-170.93	16.78	75.80
2025-01-09T04:49:22	2397.01	-235.64	1564.84	-172.34	16.94	74.88
2025-01-09T04:49:24	2391.44	-235.42	1571.45	-173.76	17.11	73.94
2025-01-09T04:49:26	2385.87	-235.20	1578.05	-175.17	17.27	72.98
2025-01-09T04:49:28	2380.30	-234.98	1584.65	-176.57	17.43	72.01
2025-01-09T04:49:30	2374.71	-234.76	1591.25	-177.98	17.59	71.03
2025-01-09T04:49:32	2369.11	-234.54	1597.83	-179.38	17.76	70.03
2025-01-09T04:49:34	2363.51	-234.32	1604.41	-180.77	17.92	69.01
2025-01-09T04:49:36	2357.89	-234.10	1610.99	-182.17	18.09	67.98
2025-01-09T04:49:38	2352.27	-233.87	1617.56	-183.55	18.25	66.94
2025-01-09T04:49:40	2346.63	-233.65	1624.12	-184.94	18.41	65.88
2025-01-09T04:49:42	2340.99	-233.43	1630.68	-186.32	18.58	64.81
2025-01-09T04:49:44	2335.34	-233.20	1637.23	-187.69	18.74	63.72
2025-01-09T04:49:46	2329.69	-232.97	1643.78	-189.06	18.91	62.62
2025-01-09T04:49:48	2324.02	-232.74	1650.32	-190.42	19.07	61.50
2025-01-09T04:49:50	2318.34	-232.51	1656.85	-191.78	19.23	60.37
2025-01-09T04:49:52	2312.66	-232.29	1663.37	-193.13	19.40	59.22
2025-01-09T04:49:54	2306.96	-232.06	1669.90	-194.48	19.56	58.06
2025-01-09T04:49:56	2301.26	-231.82	1676.41	-195.82	19.73	56.89
2025-01-09T04:49:58	2295.55	-231.59	1682.92	-197.15	19.89	55.70
2025-01-09T04:50:00	2289.83	-231.36	1689.42	-198.48	20.05	54.50
2025-01-09T04:50:02	2284.10	-231.12	1695.91	-199.80	20.22	53.28
2025-01-09T04:50:04	2278.36	-230.89	1702.40	-201.12	20.38	52.05
2025-01-09T04:50:06	2272.62	-230.65	1708.88	-202.42	20.54	50.80
2025-01-09T04:50:08	2266.86	-230.42	1715.36	-203.72	20.71	49.54
2025-01-09T04:50:10	2261.10	-230.18	1721.83	-205.01	20.87	48.27
2025-01-09T04:50:12	2255.33	-229.94	1728.29	-206.30	21.03	46.98
2025-01-09T04:50:14	2249.55	-229.70	1734.75	-207.57	21.20	45.67
2025-01-09T04:50:16	2243.76	-229.46	1741.20	-208.84	21.36	44.36
2025-01-09T04:50:18	2237.96	-229.22	1747.64	-210.10	21.52	43.03
2025-01-09T04:50:20	2232.16	-228.98	1754.07	-211.35	21.68	41.68
2025-01-09T04:50:22	2226.34	-228.73	1760.50	-212.59	21.84	40.33
2025-01-09T04:50:24	2220.52	-228.49	1766.93	-213.82	22.00	38.96
2025-01-09T04:50:26	2214.69	-228.24	1773.34	-215.04	22.16	37.57
2025-01-09T04:50:28	2208.85	-228.00	1779.75	-216.26	22.32	36.17
2025-01-09T04:50:30	2203.00	-227.75	1786.15	-217.46	22.48	34.76
2025-01-09T04:50:32	2197.15	-227.51	1792.55	-218.65	22.64	33.34
2025-01-09T04:50:34	2191.28	-227.26	1798.94	-219.84	22.80	31.90
2025-01-09T04:50:36	2185.41	-227.01	1805.32	-221.01	22.96	30.45
2025-01-09T04:50:38	2179.53	-226.76	1811.69	-222.17	23.12	28.99
2025-01-09T04:50:40	2173.63	-226.51	1818.06	-223.32	23.27	27.51
2025-01-09T04:50:42	2167.74	-226.25	1824.42	-224.46	23.43	26.03
2025-01-09T04:50:44	2161.83	-226.00	1830.78	-225.59	23.58	24.53
2025-01-09T04:50:46	2155.92	-225.75	1837.12	-226.71	23.74	23.01
2025-01-09T04:50:48	2149.99	-225.50	1843.46	-227.82	23.89	21.49
2025-01-09T04:50:50	2144.06	-225.24	1849.80	-228.91	24.05	19.95
2025-01-09T04:50:52	2138.12	-224.98	1856.12	-229.99	24.20	18.40
2025-01-09T04:50:54	2132.17	-224.72	1862.44	-231.07	24.35	16.84
2025-01-09T04:50:56	2126.22	-224.47	1868.75	-232.12	24.51	15.27
2025-01-09T04:50:58	2120.25	-224.21	1875.05	-233.17	24.66	13.68
2025-01-09T04:51:00	2114.28	-223.95	1881.35	-234.20	24.81	12.09
2025-01-09T04:51:02	2108.30	-223.69	1887.64	-235.22	24.96	10.48
2025-01-09T04:51:04	2102.31	-223.43	1893.92	-236.23	25.11	8.86
2025-01-09T04:51:06	2096.31	-223.16	1900.20	-237.22	25.25	7.24
2025-01-09T04:51:08	2090.31	-222.90	1906.46	-238.20	25.40	5.60
2025-01-09T04:51:10	2084.29	-222.64	1912.73	-239.16	25.55	3.95
2025-01-09T04:51:12	2078.27	-222.37	1918.98	-240.11	25.69	2.29
2025-01-09T04:51:14	2072.25	-222.11	1925.22	-241.05	25.84	0.62
2025-01-09T04:51:16	2066.21	-221.84	1931.46	-241.97	25.98	-1.06
2025-01-09T04:51:18	2060.16	-221.57	1937.69	-242.88	26.12	-2.75
2025-01-09T04:51:20	2054.11	-221.30	1943.91	-243.78	26.26	-4.45
2025-01-09T04:51:22	2048.05	-221.03	1950.13	-244.66	26.40	-6.16
2025-01-09T04:51:24	2041.98	-220.76	1956.34	-245.52	26.54	-7.88
2025-01-09T04:51:26	2035.90	-220.49	1962.54	-246.37	26.68	-9.61
2025-01-09T04:51:28	2029.82	-220.22	1968.73	-247.20	26.82	-11.35
2025-01-09T04:51:30	2023.73	-219.95	1974.92	-248.02	26.96	-13.09
2025-01-09T04:51:32	2017.62	-219.67	1981.10	-248.83	27.09	-14.85
2025-01-09T04:51:34	2011.52	-219.40	1987.27	-249.61	27.23	-16.61
2025-01-09T04:51:36	2005.40	-219.12	1993.43	-250.38	27.36	-18.38
2025-01-09T04:51:38	1999.28	-218.85	1999.58	-251.14	27.49	-20.16
2025-01-09T04:51:40	1993.15	-218.57	2005.73	-251.88	27.62	-21.95
2025-01-09T04:51:42	1987.01	-218.29	2011.87	-252.60	27.75	-23.74
2025-01-09T04:51:44	1980.86	-218.01	2018.00	-253.31	27.88	-25.54
2025-01-09T04:51:46	1974.71	-217.73	2024.12	-253.99	28.01	-27.35
2025-01-09T04:51:48	1968.54	-217.45	2030.24	-254.67	28.13	-29.17
2025-01-09T04:51:50	1962.37	-217.17	2036.35	-255.32	28.26	-30.99
2025-01-09T04:51:52	1956.20	-216.89	2042.45	-255.96	28.38	-32.82
2025-01-09T04:51:54	1950.01	-216.61	2048.54	-256.58	28.50	-34.65
2025-01-09T04:51:56	1943.82	-216.32	2054.62	-257.19	28.62	-36.49
2025-01-09T04:51:58	1937.62	-216.04	2060.70	-257.77	28.74	-38.34
2025-01-09T04:52:00	1931.41	-215.75	2066.77	-258.34	28.86	-40.19
2025-01-09T04:52:02	1925.20	-215.46	2072.83	-258.89	28.97	-42.05
2025-01-09T04:52:04	1918.98	-215.18	2078.88	-259.43	29.09	-43.91
2025-01-09T04:52:06	1912.75	-214.89	2084.93	-259.94	29.20	-45.78
2025-01-09T04:52:08	1906.51	-214.60	2090.96	-260.44	29.32	-47.65
2025-01-09T04:52:10	1900.27	-214.31	2096.99	-260.92	29.43	-49.53
2025-01-09T04:52:12	1894.01	-214.02	2103.01	-261.38	29.54	-51.41
2025-01-09T04:52:14	1887.75	-213.73	2109.02	-261.82	29.64	-53.29
2025-01-09T04:52:16	1881.49	-213.43	2115.03	-262.25	29.75	-55.18
2025-01-09T04:52:18	1875.22	-213.14	2121.03	-262.66	29.85	-57.08
2025-01-09T04:52:20	1868.94	-212.85	2127.01	-263.04	29.96	-58.97
2025-01-09T04:52:22	1862.65	-212.55	2132.99	-263.41	30.06	-60.87
2025-01-09T04:52:24	1856.35	-212.26	2138.96	-263.76	30.16	-62.77
2025-01-09T04:52:26	1850.05	-211.96	2144.93	-264.10	30.26	-64.67
2025-01-09T04:52:28	1843.74	-211.66	2150.88	-264.41	30.35	-66.58
2025-01-09T04:52:30	1837.42	-211.36	2156.83	-264.70	30.45	-68.49
2025-01-09T04:52:32	1831.10	-211.06	2162.77	-264.98	30.54	-70.39
2025-01-09T04:52:34	1824.77	-210.76	2168.70	-265.23	30.64	-72.30
2025-01-09T04:52:36	1818.43	-210.46	2174.62	-265.47	30.73	-74.22
2025-01-09T04:52:38	1812.09	-210.16	2180.53	-265.69	30.81	-76.13
2025-01-09T04:52:40	1805.74	-209.86	2186.44	-265.89	30.90	-78.04
2025-01-09T04:52:42	1799.38	-209.56	2192.33	-266.07	30.99	-79.96
2025-01-09T04:52:44	1793.01	-209.25	2198.22	-266.23	31.07	-81.87
2025-01-09T04:52:46	1786.64	-208.95	2204.10	-266.37	31.15	-83.79
2025-01-09T04:52:48	1780.26	-208.64	2209.97	-266.50	31.23	-85.70
2025-01-09T04:52:50	1773.88	-208.33	2215.83	-266.60	31.31	-87.61
2025-01-09T04:52:52	1767.48	-208.03	2221.69	-266.68	31.39	-89.52
2025-01-09T04:52:54	1761.09	-207.72	2227.53	-266.75	31.46	-91.44
2025-01-09T04:52:56	1754.68	-207.41	2233.37	-266.79	31.54	-93.35
2025-01-09T04:52:58	1748.27	-207.10	2239.20	-266.82	31.61	-95.26
2025-01-09T04:53:00	1741.85	-206.79	2245.02	-266.82	31.68	-97.16
2025-01-09T04:53:02	1735.42	-206.48	2250.83	-266.81	31.75	-99.07
2025-01-09T04:53:04	1728.99	-206.17	2256.64	-266.78	31.81	-100.97
2025-01-09T04:53:06	1722.55	-205.85	2262.43	-266.73	31.88	-102.87
2025-01-09T04:53:08	1716.11	-205.54	2268.22	-266.66	31.94	-104.77
2025-01-09T04:53:10	1709.65	-205.23	2273.99	-266.57	32.00	-106.66
2025-01-09T04:53:12	1703.19	-204.91	2279.76	-266.46	32.06	-108.55
2025-01-09T04:53:14	1696.73	-204.59	2285.52	-266.33	32.11	-110.44
2025-01-09T04:53:16	1690.26	-204.28	2291.27	-266.18	32.17	-112.32
2025-01-09T04:53:18	1683.78	-203.96	2297.02	-266.02	32.22	-114.20
2025-01-09T04:53:20	1677.30	-203.64	2302.75	-265.83	32.27	-116.08
2025-01-09T04:53:22	1670.80	-203.32	2308.48	-265.63	32.32	-117.95
2025-01-09T04:53:24	1664.31	-203.00	2314.19	-265.40	32.37	-119.81
2025-01-09T04:53:26	1657.80	-202.68	2319.90	-265.16	32.42	-121.67
2025-01-09T04:53:28	1651.29	-202.36	2325.60	-264.90	32.46	-123.53
2025-01-09T04:53:30	1644.78	-202.04	2331.29	-264.62	32.50	-125.38
2025-01-09T04:53:32	1638.26	-201.71	2336.97	-264.32	32.54	-127.22
2025-01-09T04:53:34	1631.73	-201.39	2342.65	-264.00	32.58	-129.06
2025-01-09T04:53:36	1625.19	-201.07	2348.31	-263.66	32.62	-130.89
2025-01-09T04:53:38	1618.65	-200.74	2353.97	-263.31	32.65	-132.72
2025-01-09T04:53:40	1612.11	-200.41	2359.61	-262.93	32.69	-134.53
2025-01-09T04:53:42	1605.56	-200.08	2365.25	-262.54	32.72	-136.35
2025-01-09T04:53:44	1599.00	-199.76	2370.88	-262.13	32.75	-138.15
2025-01-09T04:53:46	1592.43	-199.43	2376.50	-261.70	32.77	-139.95
2025-01-09T04:53:48	1585.86	-199.10	2382.11	-261.25	32.80	-141.74
2025-01-09T04:53:50	1579.29	-198.77	2387.71	-260.78	32.82	-143.52
2025-01-09T04:53:52	1572.70	-198.44	2393.30	-260.30	32.84	-145.29
2025-01-09T04:53:54	1566.12	-198.11	2398.89	-259.80	32.86	-147.06
2025-01-09T04:53:56	1559.52	-197.77	2404.46	-259.28	32.88	-148.81
2025-01-09T04:53:58	1552.92	-197.44	2410.03	-258.74	32.90	-150.56
2025-01-09T04:54:00	1546.32	-197.11	2415.59	-258.19	32.91	-152.30
2025-01-09T04:54:02	1539.71	-196.77	2421.13	-257.61	32.92	-154.03
2025-01-09T04:54:04	1533.09	-196.44	2426.68	-257.02	32.93	-155.75
2025-01-09T04:54:06	1526.47	-196.10	2432.20	-256.42	32.94	-157.46
2025-01-09T04:54:08	1519.84	-195.77	2437.73	-255.79	32.95	-159.16
2025-01-09T04:54:10	1513.21	-195.43	2443.24	-255.15	32.95	-160.86
2025-01-09T04:54:12	1506.56	-195.09	2448.74	-254.49	32.96	-162.54
2025-01-09T04:54:14	1499.92	-194.75	2454.24	-253.82	32.96	-164.21
2025-01-09T04:54:16	1493.27	-194.41	2459.72	-253.12	32.95	-165.87
2025-01-09T04:54:18	1486.61	-194.07	2465.20	-252.42	32.95	-167.52
2025-01-09T04:54:20	1479.95	-193.73	2470.67	-251.69	32.95	-169.16
2025-01-09T04:54:22	1473.28	-193.39	2476.12	-250.95	32.94	-170.78
2025-01-09T04:54:24	1466.61	-193.04	2481.57	-250.19	32.93	-172.40
2025-01-09T04:54:26	1459.93	-192.70	2487.01	-249.42	32.92	-174.00
2025-01-09T04:54:28	1453.25	-192.36	2492.45	-248.63	32.91	-175.60
2025-01-09T04:54:30	1446.56	-192.01	2497.87	-247.83	32.90	-177.18
2025-01-09T04:54:32	1439.87	-191.67	2503.28	-247.01	32.88	-178.75
2025-01-09T04:54:34	1433.17	-191.32	2508.68	-246.17	32.86	-180.31
2025-01-09T04:54:36	1426.47	-190.97	2514.08	-245.32	32.84	-181.85
2025-01-09T04:54:38	1419.76	-190.62	2519.46	-244.45	32.82	-183.38
2025-01-09T04:54:40	1413.04	-190.28	2524.84	-243.57	32.80	-184.90
2025-01-09T04:54:42	1406.33	-189.93	2530.21	-242.68	32.77	-186.41
2025-01-09T04:54:44	1399.60	-189.58	2535.57	-241.77	32.75	-187.90
2025-01-09T04:54:46	1392.87	-189.23	2540.92	-240.84	32.72	-189.38
2025-01-09T04:54:48	1386.14	-188.88	2546.25	-239.91	32.69	-190.85
2025-01-09T04:54:50	1379.40	-188.52	2551.59	-238.95	32.66	-192.31
2025-01-09T04:54:52	1372.65	-188.17	2556.91	-237.99	32.62	-193.75
2025-01-09T04:54:54	1365.90	-187.82	2562.22	-237.01	32.59	-195.17
2025-01-09T04:54:56	1359.15	-187.47	2567.52	-236.01	32.55	-196.59
2025-01-09T04:54:58	1352.39	-187.11	2572.82	-235.01	32.51	-197.99
2025-01-09T04:55:00	1345.63	-186.76	2578.10	-233.99	32.47	-199.37
2025-01-09T04:55:02	1338.86	-186.40	2583.38	-232.95	32.43	-200.74
2025-01-09T04:55:04	1332.08	-186.04	2588.64	-231.91	32.39	-202.10
2025-01-09T04:55:06	1325.31	-185.68	2593.90	-230.85	32.34	-203.44
2025-01-09T04:55:08	1318.52	-185.33	2599.15	-229.78	32.30	-204.77
2025-01-09T04:55:10	1311.74	-184.97	2604.39	-228.70	32.25	-206.08
2025-01-09T04:55:12	1304.94	-184.61	2609.62	-227.60	32.20	-207.38
2025-01-09T04:55:14	1298.15	-184.25	2614.84	-226.50	32.15	-208.66
2025-01-09T04:55:16	1291.35	-183.89	2620.05	-225.38	32.09	-209.93
2025-01-09T04:55:18	1284.54	-183.53	2625.25	-224.25	32.04	-211.18
2025-01-09T04:55:20	1277.73	-183.17	2630.45	-223.11	31.98	-212.42
2025-01-09T04:55:22	1270.92	-182.80	2635.63	-221.96	31.93	-213.64
2025-01-09T04:55:24	1264.10	-182.44	2640.80	-220.79	31.87	-214.85
2025-01-09T04:55:26	1257.27	-182.08	2645.97	-219.62	31.80	-216.04
2025-01-09T04:55:28	1250.44	-181.71	2651.13	-218.44	31.74	-217.22
2025-01-09T04:55:30	1243.61	-181.35	2656.27	-217.24	31.68	-218.38
2025-01-09T04:55:32	1236.77	-180.98	2661.41	-216.04	31.61	-219.52
2025-01-09T04:55:34	1229.93	-180.61	2666.54	-214.82	31.55	-220.65
2025-01-09T04:55:36	1223.09	-180.25	2671.66	-213.60	31.48	-221.77
2025-01-09T04:55:38	1216.24	-179.88	2676.77	-212.37	31.41	-222.86
2025-01-09T04:55:40	1209.39	-179.51	2681.87	-211.13	31.34	-223.95
2025-01-09T04:55:42	1202.53	-179.14	2686.96	-209.87	31.26	-225.01
2025-01-09T04:55:44	1195.67	-178.77	2692.04	-208.61	31.19	-226.06
2025-01-09T04:55:46	1188.80	-178.40	2697.11	-207.35	31.12	-227.09
2025-01-09T04:55:48	1181.93	-178.03	2702.18	-206.07	31.04	-228.11
2025-01-09T04:55:50	1175.06	-177.66	2707.23	-204.78	30.96	-229.11
2025-01-09T04:55:52	1168.18	-177.29	2712.28	-203.49	30.88	-230.10
2025-01-09T04:55:54	1161.29	-176.91	2717.32	-202.19	30.80	-231.07
2025-01-09T04:55:56	1154.41	-176.54	2722.34	-200.88	30.72	-232.02
2025-01-09T04:55:58	1147.52	-176.16	2727.36	-199.56	30.64	-232.96
2025-01-09T04:56:00	1140.62	-175.79	2732.37	-198.24	30.55	-233.88
2025-01-09T04:56:02	1133.73	-175.41	2737.37	-196.91	30.47	-234.78
2025-01-09T04:56:04	1126.83	-175.04	2742.36	-195.57	30.38	-235.67
2025-01-09T04:56:06	1119.92	-174.66	2747.34	-194.23	30.29	-236.54
2025-01-09T04:56:08	1113.01	-174.28	2752.31	-192.88	30.20	-237.39
2025-01-09T04:56:10	1106.10	-173.91	2757.27	-191.52	30.11	-238.23
2025-01-09T04:56:12	1099.18	-173.53	2762.22	-190.16	30.02	-239.05
2025-01-09T04:56:14	1092.26	-173.15	2767.17	-188.79	29.93	-239.86
2025-01-09T04:56:16	1085.34	-172.77	2772.10	-187.42	29.83	-240.64
2025-01-09T04:56:18	1078.41	-172.39	2777.03	-186.04	29.74	-241.42
2025-01-09T04:56:20	1071.48	-172.01	2781.94	-184.65	29.64	-242.17
2025-01-09T04:56:22	1064.55	-171.63	2786.85	-183.26	29.55	-242.91
2025-01-09T04:56:24	1057.61	-171.25	2791.75	-181.87	29.45	-243.63
2025-01-09T04:56:26	1050.66	-170.86	2796.64	-180.47	29.35	-244.34
2025-01-09T04:56:28	1043.72	-170.48	2801.52	-179.06	29.25	-245.03
2025-01-09T04:56:30	1036.77	-170.09	2806.39	-177.66	29.15	-245.70
2025-01-09T04:56:32	1029.82	-169.71	2811.25	-176.25	29.04	-246.36
2025-01-09T04:56:34	1022.87	-169.33	2816.10	-174.83	28.94	-247.00
2025-01-09T04:56:36	1015.91	-168.94	2820.95	-173.41	28.84	-247.62
2025-01-09T04:56:38	1008.94	-168.56	2825.78	-171.99	28.73	-248.23
2025-01-09T04:56:40	1001.98	-168.17	2830.60	-170.56	28.63	-248.82
2025-01-09T04:56:42	995.01	-167.78	2835.42	-169.13	28.52	-249.40
2025-01-09T04:56:44	988.04	-167.40	2840.22	-167.70	28.41	-249.96
2025-01-09T04:56:46	981.06	-167.01	2845.02	-166.27	28.30	-250.50
2025-01-09T04:56:48	974.09	-166.62	2849.81	-164.83	28.19	-251.03
2025-01-09T04:56:50	967.10	-166.23	2854.59	-163.39	28.08	-251.54
2025-01-09T04:56:52	960.12	-165.84	2859.36	-161.95	27.97	-252.03
2025-01-09T04:56:54	953.13	-165.45	2864.12	-160.50	27.86	-252.51
2025-01-09T04:56:56	946.14	-165.06	2868.87	-159.06	27.75	-252.98
2025-01-09T04:56:58	939.15	-164.67	2873.61	-157.61	27.64	-253.42
2025-01-09T04:57:00	932.15	-164.28	2878.34	-156.16	27.52	-253.86
2025-01-09T04:57:02	925.15	-163.88	2883.06	-154.71	27.41	-254.27
2025-01-09T04:57:04	918.15	-163.49	2887.78	-153.26	27.29	-254.67
2025-01-09T04:57:06	911.15	-163.09	2892.49	-151.81	27.17	-255.05
2025-01-09T04:57:08	904.14	-162.70	2897.18	-150.36	27.06	-255.42
2025-01-09T04:57:10	897.13	-162.31	2901.87	-148.91	26.94	-255.78
2025-01-09T04:57:12	890.11	-161.91	2906.55	-147.45	26.82	-256.11
2025-01-09T04:57:14	883.10	-161.52	2911.22	-146.00	26.70	-256.44
2025-01-09T04:57:16	876.08	-161.12	2915.88	-144.55	26.58	-256.74
2025-01-09T04:57:18	869.06	-160.72	2920.53	-143.09	26.46	-257.03
2025-01-09T04:57:20	862.03	-160.33	2925.17	-141.64	26.34	-257.31
2025-01-09T04:57:22	855.01	-159.93	2929.80	-140.19	26.22	-257.57
2025-01-09T04:57:24	847.98	-159.53	2934.42	-138.74	26.10	-257.82
2025-01-09T04:57:26	840.94	-159.13	2939.04	-137.28	25.98	-258.05
2025-01-09T04:57:28	833.91	-158.73	2943.65	-135.83	25.86	-258.27
2025-01-09T04:57:30	826.87	-158.33	2948.24	-134.39	25.73	-258.47
2025-01-09T04:57:32	819.83	-157.93	2952.83	-132.94	25.61	-258.66
2025-01-09T04:57:34	812.79	-157.53	2957.41	-131.49	25.48	-258.83
2025-01-09T04:57:36	805.74	-157.13	2961.98	-130.05	25.36	-258.99
2025-01-09T04:57:38	798.69	-156.73	2966.54	-128.60	25.24	-259.13
2025-01-09T04:57:40	791.65	-156.33	2971.09	-127.16	25.11	-259.26
2025-01-09T04:57:42	784.59	-155.92	2975.63	-125.72	24.98	-259.37
2025-01-09T04:57:44	777.54	-155.52	2980.17	-124.28	24.86	-259.48
2025-01-09T04:57:46	770.48	-155.12	2984.69	-122.85	24.73	-259.56
2025-01-09T04:57:48	763.42	-154.71	2989.21	-121.41	24.61	-259.64
2025-01-09T04:57:50	756.36	-154.31	2993.71	-119.98	24.48	-259.70
2025-01-09T04:57:52	749.30	-153.90	2998.21	-118.55	24.35	-259.74
2025-01-09T04:57:54	742.23	-153.50	3002.70	-117.13	24.22	-259.77
2025-01-09T04:57:56	735.16	-153.09	3007.18	-115.71	24.09	-259.79
2025-01-09T04:57:58	728.09	-152.68	3011.65	-114.29	23.97	-259.80
2025-01-09T04:58:00	721.02	-152.28	3016.12	-112.87	23.84	-259.79
2025-01-09T04:58:02	713.94	-151.87	3020.57	-111.46	23.71	-259.77
2025-01-09T04:58:04	706.87	-151.46	3025.01	-110.05	23.58	-259.73
2025-01-09T04:58:06	699.79	-151.05	3029.45	-108.64	23.45	-259.68
2025-01-09T04:58:08	692.71	-150.64	3033.88	-107.24	23.32	-259.62
2025-01-09T04:58:10	685.63	-150.23	3038.30	-105.84	23.19	-259.55
2025-01-09T04:58:12	678.54	-149.83	3042.70	-104.45	23.06	-259.47
2025-01-09T04:58:14	671.45	-149.41	3047.11	-103.05	22.93	-259.37
2025-01-09T04:58:16	664.37	-149.00	3051.50	-101.67	22.80	-259.26
2025-01-09T04:58:18	657.27	-148.59	3055.88	-100.29	22.67	-259.13
2025-01-09T04:58:20	650.18	-148.18	3060.25	-98.91	22.54	-259.00
2025-01-09T04:58:22	643.09	-147.77	3064.62	-97.53	22.41	-258.85
2025-01-09T04:58:24	635.99	-147.36	3068.98	-96.16	22.28	-258.69
2025-01-09T04:58:26	628.89	-146.94	3073.32	-94.80	22.15	-258.52
2025-01-09T04:58:28	621.79	-146.53	3077.66	-93.44	22.02	-258.34
2025-01-09T04:58:30	614.69	-146.12	3081.99	-92.08	21.89	-258.14
2025-01-09T04:58:32	607.59	-145.70	3086.31	-90.73	21.76	-257.94
2025-01-09T04:58:34	600.48	-145.29	3090.63	-89.39	21.63	-257.72
2025-01-09T04:58:36	593.37	-144.87	3094.93	-88.05	21.50	-257.49
2025-01-09T04:58:38	586.27	-144.46	3099.23	-86.71	21.37	-257.25
2025-01-09T04:58:40	579.16	-144.04	3103.51	-85.38	21.24	-257.00
2025-01-09T04:58:42	572.05	-143.63	3107.79	-84.06	21.11	-256.74
2025-01-09T04:58:44	564.93	-143.21	3112.06	-82.74	20.97	-256.47
2025-01-09T04:58:46	557.82	-142.79	3116.32	-81.43	20.84	-256.19
2025-01-09T04:58:48	550.70	-142.37	3120.57	-80.12	20.71	-255.89
2025-01-09T04:58:50	543.58	-141.95	3124.82	-78.82	20.58	-255.59
2025-01-09T04:58:52	536.46	-141.54	3129.05	-77.52	20.45	-255.27
2025-01-09T04:58:54	529.34	-141.12	3133.28	-76.23	20.32	-254.95
2025-01-09T04:58:56	522.22	-140.70	3137.50	-74.95	20.19	-254.62
2025-01-09T04:58:58	515.09	-140.28	3141.70	-73.67	20.06	-254.27
2025-01-09T04:59:00	507.97	-139.86	3145.91	-72.39	19.93	-253.92
2025-01-09T04:59:02	500.84	-139.44	3150.10	-71.13	19.80	-253.55
2025-01-09T04:59:04	493.71	-139.02	3154.28	-69.87	19.67	-253.18
2025-01-09T04:59:06	486.58	-138.60	3158.46	-68.61	19.54	-252.80
2025-01-09T04:59:08	479.46	-138.18	3162.62	-67.37	19.41	-252.41
2025-01-09T04:59:10	472.32	-137.76	3166.78	-66.12	19.29	-252.00
2025-01-09T04:59:12	465.19	-137.33	3170.93	-64.89	19.16	-251.59
2025-01-09T04:59:14	458.06	-136.91	3175.07	-63.66	19.03	-251.17
2025-01-09T04:59:16	450.92	-136.48	3179.21	-62.44	18.90	-250.75
2025-01-09T04:59:18	443.78	-136.06	3183.33	-61.22	18.77	-250.31
2025-01-09T04:59:20	436.65	-135.64	3187.45	-60.02	18.64	-249.86
2025-01-09T04:59:22	429.51	-135.22	3191.55	-58.81	18.52	-249.41
2025-01-09T04:59:24	422.37	-134.79	3195.65	-57.62	18.39	-248.95
2025-01-09T04:59:26	415.22	-134.36	3199.74	-56.43	18.26	-248.48
2025-01-09T04:59:28	408.08	-133.94	3203.82	-55.25	18.13	-248.00
2025-01-09T04:59:30	400.94	-133.51	3207.90	-54.07	18.01	-247.51
2025-01-09T04:59:32	393.79	-133.09	3211.96	-52.91	17.88	-247.02
2025-01-09T04:59:34	386.65	-132.66	3216.02	-51.74	17.75	-246.52
2025-01-09T04:59:36	379.50	-132.23	3220.07	-50.59	17.63	-246.01
2025-01-09T04:59:38	372.35	-131.81	3224.11	-49.44	17.50	-245.49
2025-01-09T04:59:40	365.21	-131.38	3228.14	-48.30	17.38	-244.97
2025-01-09T04:59:42	358.06	-130.95	3232.17	-47.17	17.25	-244.43
2025-01-09T04:59:44	350.91	-130.52	3236.18	-46.05	17.13	-243.90
2025-01-09T04:59:46	343.75	-130.10	3240.19	-44.93	17.00	-243.35
2025-01-09T04:59:48	336.60	-129.67	3244.19	-43.82	16.88	-242.80
2025-01-09T04:59:50	329.45	-129.24	3248.18	-42.71	16.76	-242.24
2025-01-09T04:59:52	322.30	-128.81	3252.16	-41.62	16.63	-241.67
2025-01-09T04:59:54	315.14	-128.38	3256.14	-40.53	16.51	-241.10
2025-01-09T04:59:56	307.99	-127.95	3260.11	-39.45	16.39	-240.52
2025-01-09T04:59:58	300.83	-127.52	3264.06	-38.37	16.26	-239.93
2025-01-09T05:00:00	293.67	-127.08	3268.01	-37.30	16.14	-239.34
2025-01-09T05:00:02	286.51	-126.65	3271.96	-36.24	16.02	-238.74
2025-01-09T05:00:04	279.36	-126.22	3275.89	-35.19	15.90	-238.14
2025-01-09T05:00:06	272.20	-125.79	3279.82	-34.15	15.78	-237.53
2025-01-09T05:00:08	265.04	-125.36	3283.73	-33.11	15.66	-236.92
2025-01-09T05:00:10	257.88	-124.93	3287.64	-32.08	15.54	-236.30
2025-01-09T05:00:12	250.71	-124.49	3291.55	-31.06	15.42	-235.67
2025-01-09T05:00:14	243.56	-124.06	3295.44	-30.04	15.30	-235.04
2025-01-09T05:00:16	236.39	-123.63	3299.32	-29.03	15.18	-234.40
2025-01-09T05:00:18	229.23	-123.19	3303.20	-28.03	15.07	-233.76
2025-01-09T05:00:20	222.07	-122.76	3307.07	-27.04	14.95	-233.11
2025-01-09T05:00:22	214.90	-122.32	3310.93	-26.05	14.83	-232.46
2025-01-09T05:00:24	207.74	-121.89	3314.79	-25.08	14.71	-231.80
2025-01-09T05:00:26	200.57	-121.45	3318.63	-24.11	14.60	-231.14
2025-01-09T05:00:28	193.41	-121.02	3322.47	-23.14	14.48	-230.47
2025-01-09T05:00:30	186.24	-120.58	3326.30	-22.19	14.37	-229.80
2025-01-09T05:00:32	179.07	-120.15	3330.12	-21.24	14.25	-229.12
2025-01-09T05:00:34	171.91	-119.71	3333.94	-20.30	14.14	-228.44
2025-01-09T05:00:36	164.74	-119.27	3337.74	-19.37	14.02	-227.76
2025-01-09T05:00:38	157.58	-118.84	3341.54	-18.44	13.91	-227.07
2025-01-09T05:00:40	150.41	-118.40	3345.33	-17.53	13.80	-226.38
2025-01-09T05:00:42	143.24	-117.96	3349.11	-16.62	13.68	-225.68
2025-01-09T05:00:44	136.07	-117.52	3352.89	-15.71	13.57	-224.98
2025-01-09T05:00:46	128.90	-117.09	3356.65	-14.82	13.46	-224.27
2025-01-09T05:00:48	121.73	-116.65	3360.41	-13.93	13.35	-223.57
2025-01-09T05:00:50	114.56	-116.21	3364.16	-13.05	13.24	-222.85
2025-01-09T05:00:52	107.39	-115.77	3367.91	-12.18	13.13	-222.14
2025-01-09T05:00:54	100.22	-115.33	3371.64	-11.31	13.02	-221.42
2025-01-09T05:00:56	93.05	-114.89	3375.37	-10.46	12.91	-220.70
2025-01-09T05:00:58	85.88	-114.45	3379.09	-9.61	12.80	-219.97
2025-01-09T05:01:00	78.71	-114.01	3382.80	-8.76	12.69	-219.25
2025-01-09T05:01:02	71.54	-113.57	3386.51	-7.93	12.59	-218.51
2025-01-09T05:01:04	64.37	-113.13	3390.21	-7.10	12.48	-217.78
2025-01-09T05:01:06	57.20	-112.69	3393.90	-6.28	12.37	-217.04
2025-01-09T05:01:08	50.03	-112.25	3397.58	-5.47	12.27	-216.30
2025-01-09T05:01:10	42.86	-111.81	3401.25	-4.66	12.16	-215.56
2025-01-09T05:01:12	35.69	-111.36	3404.92	-3.86	12.06	-214.82
2025-01-09T05:01:14	28.51	-110.92	3408.58	-3.07	11.95	-214.07
2025-01-09T05:01:16	21.34	-110.48	3412.23	-2.29	11.85	-213.32
2025-01-09T05:01:18	14.17	-110.04	3415.87	-1.51	11.74	-212.57
2025-01-09T05:01:20	7.00	-109.60	3419.51	-0.74	11.64	-211.81
2025-01-09T05:01:22	-0.17	-109.15	3423.14	0.02	11.54	-211.06
2025-01-09T05:01:24	-7.34	-108.71	3426.76	0.77	11.44	-210.30
2025-01-09T05:01:26	-14.52	-108.26	3430.37	1.52	11.34	-209.54
2025-01-09T05:01:28	-21.69	-107.82	3433.98	2.26	11.24	-208.78
2025-01-09T05:01:30	-28.86	-107.38	3437.58	2.99	11.14	-208.01
2025-01-09T05:01:32	-36.03	-106.93	3441.17	3.72	11.04	-207.25
2025-01-09T05:01:34	-43.20	-106.49	3444.76	4.44	10.94	-206.48
2025-01-09T05:01:36	-50.37	-106.04	3448.33	5.15	10.84	-205.71
2025-01-09T05:01:38	-57.54	-105.60	3451.90	5.85	10.74	-204.94
2025-01-09T05:01:40	-64.72	-105.15	3455.46	6.55	10.64	-204.17
2025-01-09T05:01:42	-71.89	-104.71	3459.02	7.24	10.55	-203.39
2025-01-09T05:01:44	-79.06	-104.26	3462.56	7.92	10.45	-202.62
2025-01-09T05:01:46	-86.23	-103.81	3466.11	8.60	10.35	-201.84
2025-01-09T05:01:48	-93.40	-103.37	3469.64	9.27	10.26	-201.07
2025-01-09T05:01:50	-100.57	-102.92	3473.16	9.93	10.16	-200.29
2025-01-09T05:01:52	-107.74	-102.48	3476.68	10.59	10.07	-199.51
2025-01-09T05:01:54	-114.91	-102.03	3480.19	11.24	9.98	-198.73
2025-01-09T05:01:56	-122.08	-101.58	3483.70	11.88	9.88	-197.95
2025-01-09T05:01:58	-129.25	-101.13	3487.19	12.51	9.79	-197.17
2025-01-09T05:02:00	-136.42	-100.69	3490.68	13.14	9.70	-196.38
2025-01-09T05:02:02	-143.59	-100.24	3494.16	13.76	9.61	-195.60
2025-01-09T05:02:04	-150.76	-99.79	3497.64	14.38	9.52	-194.82
2025-01-09T05:02:06	-157.92	-99.34	3501.10	14.99	9.43	-194.03
2025-01-09T05:02:08	-165.09	-98.89	3504.57	15.59	9.34	-193.25
2025-01-09T05:02:10	-172.26	-98.44	3508.02	16.18	9.25	-192.46
2025-01-09T05:02:12	-179.43	-98.00	3511.47	16.77	9.16	-191.68
2025-01-09T05:02:14	-186.59	-97.55	3514.90	17.35	9.07	-190.89
2025-01-09T05:02:16	-193.76	-97.10	3518.34	17.93	8.98	-190.10
2025-01-09T05:02:18	-200.92	-96.65	3521.76	18.50	8.90	-189.32
2025-01-09T05:02:20	-208.09	-96.20	3525.18	19.06	8.81	-188.53
2025-01-09T05:02:22	-215.25	-95.75	3528.59	19.62	8.73	-187.75
2025-01-09T05:02:24	-222.42	-95.30	3531.99	20.17	8.64	-186.96
2025-01-09T05:02:26	-229.58	-94.85	3535.39	20.71	8.56	-186.17
2025-01-09T05:02:28	-236.75	-94.40	3538.78	21.25	8.47	-185.39
2025-01-09T05:02:30	-243.91	-93.94	3542.16	21.78	8.39	-184.60
2025-01-09T05:02:32	-251.07	-93.50	3545.54	22.30	8.30	-183.82
2025-01-09T05:02:34	-258.24	-93.04	3548.90	22.82	8.22	-183.03
2025-01-09T05:02:36	-265.40	-92.59	3552.27	23.33	8.14	-182.25
2025-01-09T05:02:38	-272.56	-92.14	3555.62	23.84	8.06	-181.46
2025-01-09T05:02:40	-279.72	-91.69	3558.97	24.34	7.98	-180.68
2025-01-09T05:02:42	-286.88	-91.24	3562.31	24.83	7.90	-179.89
2025-01-09T05:02:44	-294.04	-90.79	3565.65	25.32	7.82	-179.11
2025-01-09T05:02:46	-301.20	-90.33	3568.97	25.80	7.74	-178.33
2025-01-09T05:02:48	-308.36	-89.88	3572.29	26.28	7.66	-177.54
2025-01-09T05:02:50	-315.52	-89.43	3575.61	26.75	7.58	-176.76
2025-01-09T05:02:52	-322.67	-88.97	3578.91	27.21	7.50	-175.98
2025-01-09T05:02:54	-329.83	-88.52	3582.22	27.67	7.43	-175.20
2025-01-09T05:02:56	-336.99	-88.07	3585.51	28.12	7.35	-174.42
2025-01-09T05:02:58	-344.14	-87.61	3588.79	28.57	7.27	-173.64
2025-01-09T05:03:00	-351.30	-87.16	3592.07	29.01	7.20	-172.87
2025-01-09T05:03:02	-358.45	-86.71	3595.34	29.44	7.12	-172.09
2025-01-09T05:03:04	-365.61	-86.25	3598.61	29.87	7.05	-171.32
2025-01-09T05:03:06	-372.76	-85.80	3601.87	30.30	6.97	-170.54
2025-01-09T05:03:08	-379.91	-85.34	3605.12	30.72	6.90	-169.77
2025-01-09T05:03:10	-387.06	-84.89	3608.37	31.13	6.83	-168.99
2025-01-09T05:03:12	-394.21	-84.43	3611.61	31.54	6.75	-168.22
2025-01-09T05:03:14	-401.36	-83.98	3614.84	31.94	6.68	-167.45
2025-01-09T05:03:16	-408.51	-83.52	3618.07	32.33	6.61	-166.68
2025-01-09T05:03:18	-415.66	-83.07	3621.29	32.73	6.54	-165.92
2025-01-09T05:03:20	-422.81	-82.61	3624.50	33.11	6.47	-165.15
2025-01-09T05:03:22	-429.95	-82.16	3627.71	33.49	6.40	-164.39
2025-01-09T05:03:24	-437.10	-81.70	3630.91	33.87	6.33	-163.62
2025-01-09T05:03:26	-444.25	-81.24	3634.10	34.24	6.26	-162.86
2025-01-09T05:03:28	-451.39	-80.79	3637.29	34.60	6.19	-162.10
2025-01-09T05:03:30	-458.54	-80.33	3640.47	34.96	6.13	-161.34
2025-01-09T05:03:32	-465.68	-79.88	3643.65	35.32	6.06	-160.58
2025-01-09T05:03:34	-472.82	-79.42	3646.81	35.67	5.99	-159.83
2025-01-09T05:03:36	-479.96	-78.96	3649.97	36.01	5.92	-159.07
2025-01-09T05:03:38	-487.10	-78.51	3653.13	36.35	5.86	-158.32
2025-01-09T05:03:40	-494.24	-78.05	3656.28	36.68	5.79	-157.57
2025-01-09T05:03:42	-501.38	-77.59	3659.42	37.01	5.73	-156.82
2025-01-09T05:03:44	-508.52	-77.14	3662.55	37.34	5.66	-156.07
2025-01-09T05:03:46	-515.66	-76.68	3665.69	37.66	5.60	-155.32
2025-01-09T05:03:48	-522.79	-76.22	3668.81	37.97	5.54	-154.58
2025-01-09T05:03:50	-529.93	-75.76	3671.92	38.28	5.47	-153.83
2025-01-09T05:03:52	-537.06	-75.30	3675.03	38.59	5.41	-153.09
2025-01-09T05:03:54	-544.20	-74.85	3678.14	38.89	5.35	-152.35
2025-01-09T05:03:56	-551.33	-74.39	3681.23	39.19	5.29	-151.62
2025-01-09T05:03:58	-558.46	-73.93	3684.32	39.48	5.23	-150.88
2025-01-09T05:04:00	-565.59	-73.47	3687.41	39.77	5.17	-150.15
2025-01-09T05:04:02	-572.72	-73.01	3690.49	40.05	5.11	-149.41
2025-01-09T05:04:04	-579.85	-72.55	3693.56	40.33	5.05	-148.68
2025-01-09T05:04:06	-586.98	-72.09	3696.63	40.60	4.99	-147.96
2025-01-09T05:04:08	-594.10	-71.64	3699.69	40.87	4.93	-147.23
2025-01-09T05:04:10	-601.23	-71.17	3702.74	41.14	4.87	-146.51
2025-01-09T05:04:12	-608.35	-70.72	3705.79	41.40	4.81	-145.78
2025-01-09T05:04:14	-615.48	-70.26	3708.83	41.65	4.75	-145.06
2025-01-09T05:04:16	-622.60	-69.80	3711.86	41.90	4.70	-144.34
2025-01-09T05:04:18	-629.72	-69.34	3714.90	42.15	4.64	-143.63
2025-01-09T05:04:20	-636.84	-68.88	3717.92	42.40	4.59	-142.91
2025-01-09T05:04:22	-643.96	-68.42	3720.93	42.64	4.53	-142.20
2025-01-09T05:04:24	-651.08	-67.96	3723.95	42.87	4.47	-141.49
2025-01-09T05:04:26	-658.20	-67.50	3726.95	43.10	4.42	-140.79
2025-01-09T05:04:28	-665.31	-67.04	3729.95	43.33	4.37	-140.08
2025-01-09T05:04:30	-672.43	-66.58	3732.94	43.55	4.31	-139.38
2025-01-09T05:04:32	-679.54	-66.11	3735.93	43.77	4.26	-138.68
2025-01-09T05:04:34	-686.66	-65.65	3738.91	43.99	4.21	-137.98
2025-01-09T05:04:36	-693.77	-65.19	3741.88	44.20	4.15	-137.28
2025-01-09T05:04:38	-700.88	-64.73	3744.85	44.41	4.10	-136.59
2025-01-09T05:04:40	-707.99	-64.27	3747.81	44.61	4.05	-135.89
2025-01-09T05:04:42	-715.10	-63.81	3750.77	44.81	4.00	-135.20
2025-01-09T05:04:44	-722.21	-63.35	3753.72	45.00	3.95	-134.52
2025-01-09T05:04:46	-729.31	-62.89	3756.67	45.20	3.90	-133.83
2025-01-09T05:04:48	-736.42	-62.42	3759.60	45.39	3.85	-133.15
2025-01-09T05:04:50	-743.52	-61.96	3762.54	45.57	3.80	-132.47
2025-01-09T05:04:52	-750.62	-61.50	3765.46	45.75	3.75	-131.79
2025-01-09T05:04:54	-757.72	-61.04	3768.38	45.93	3.70	-131.11
2025-01-09T05:04:56	-764.83	-60.58	3771.30	46.10	3.65	-130.44
2025-01-09T05:04:58	-771.93	-60.12	3774.21	46.27	3.60	-129.77
2025-01-09T05:05:00	-779.02	-59.65	3777.12	46.44	3.56	-129.10
2025-01-09T05:05:02	-786.12	-59.19	3780.01	46.61	3.51	-128.43
2025-01-09T05:05:04	-793.22	-58.73	3782.91	46.77	3.46	-127.77
2025-01-09T05:05:06	-800.31	-58.27	3785.79	46.92	3.42	-127.11
2025-01-09T05:05:08	-807.40	-57.80	3788.67	47.08	3.37	-126.45
2025-01-09T05:05:10	-814.50	-57.34	3791.55	47.23	3.32	-125.79
2025-01-09T05:05:12	-821.59	-56.88	3794.42	47.37	3.28	-125.14
2025-01-09T05:05:14	-828.68	-56.41	3797.28	47.52	3.23	-124.48
2025-01-09T05:05:16	-835.77	-55.95	3800.14	47.66	3.19	-123.83
2025-01-09T05:05:18	-842.85	-55.49	3802.99	47.79	3.15	-123.19
2025-01-09T05:05:20	-849.94	-55.02	3805.84	47.93	3.10	-122.54
2025-01-09T05:05:22	-857.02	-54.56	3808.68	48.06	3.06	-121.90
2025-01-09T05:05:24	-864.11	-54.10	3811.51	48.19	3.02	-121.26
2025-01-09T05:05:26	-871.19	-53.63	3814.34	48.31	2.97	-120.62
2025-01-09T05:05:28	-878.27	-53.17	3817.17	48.43	2.93	-119.99
2025-01-09T05:05:30	-885.35	-52.71	3819.98	48.55	2.89	-119.36
2025-01-09T05:05:32	-892.43	-52.24	3822.80	48.67	2.85	-118.73
2025-01-09T05:05:34	-899.50	-51.78	3825.60	48.78	2.81	-118.10
2025-01-09T05:05:36	-906.58	-51.31	3828.41	48.89	2.77	-117.47
2025-01-09T05:05:38	-913.65	-50.85	3831.20	49.00	2.73	-116.85
2025-01-09T05:05:40	-920.73	-50.39	3833.99	49.10	2.69	-116.23
2025-01-09T05:05:42	-927.80	-49.92	3836.78	49.20	2.65	-115.61
2025-01-09T05:05:44	-934.87	-49.46	3839.56	49.30	2.61	-115.00
2025-01-09T05:05:46	-941.94	-48.99	3842.33	49.40	2.57	-114.39
2025-01-09T05:05:48	-949.01	-48.53	3845.10	49.49	2.53	-113.78
2025-01-09T05:05:50	-956.07	-48.06	3847.86	49.58	2.49	-113.17
2025-01-09T05:05:52	-963.14	-47.60	3850.62	49.67	2.45	-112.56
2025-01-09T05:05:54	-970.20	-47.13	3853.37	49.75	2.42	-111.96
2025-01-09T05:05:56	-977.26	-46.67	3856.12	49.84	2.38	-111.36
2025-01-09T05:05:58	-984.32	-46.20	3858.86	49.92	2.34	-110.77
2025-01-09T05:06:00	-991.38	-45.74	3861.60	49.99	2.31	-110.17
2025-01-09T05:06:02	-998.44	-45.27	3864.33	50.07	2.27	-109.58
2025-01-09T05:06:04	-1005.50	-44.81	3867.05	50.14	2.23	-108.99
2025-01-09T05:06:06	-1012.55	-44.34	3869.77	50.21	2.20	-108.40
2025-01-09T05:06:08	-1019.61	-43.88	3872.49	50.28	2.16	-107.82
2025-01-09T05:06:10	-1026.66	-43.41	3875.20	50.34	2.13	-107.24
2025-01-09T05:06:12	-1033.71	-42.95	3877.90	50.41	2.09	-106.66
2025-01-09T05:06:14	-1040.76	-42.48	3880.60	50.47	2.06	-106.08
2025-01-09T05:06:16	-1047.81	-42.01	3883.29	50.52	2.03	-105.50
2025-01-09T05:06:18	-1054.86	-41.55	3885.98	50.58	1.99	-104.93
2025-01-09T05:06:20	-1061.90	-41.08	3888.67	50.63	1.96	-104.36
2025-01-09T05:06:22	-1068.94	-40.62	3891.34	50.68	1.93	-103.80
2025-01-09T05:06:24	-1075.99	-40.15	3894.02	50.73	1.89	-103.23
2025-01-09T05:06:26	-1083.03	-39.68	3896.68	50.78	1.86	-102.67
2025-01-09T05:06:28	-1090.07	-39.22	3899.35	50.82	1.83	-102.11
2025-01-09T05:06:30	-1097.11	-38.75	3902.00	50.87	1.80	-101.55
2025-01-09T05:06:32	-1104.14	-38.29	3904.65	50.91	1.77	-101.00
2025-01-09T05:06:34	-1111.18	-37.82	3907.30	50.94	1.73	-100.45
2025-01-09T05:06:36	-1118.21	-37.35	3909.94	50.98	1.70	-99.90
2025-01-09T05:06:38	-1125.25	-36.89	3912.58	51.01	1.67	-99.35
2025-01-09T05:06:40	-1132.28	-36.42	3915.21	51.04	1.64	-98.81
2025-01-09T05:06:42	-1139.31	-35.95	3917.84	51.07	1.61	-98.27
2025-01-09T05:06:44	-1146.33	-35.48	3920.46	51.10	1.58	-97.73
2025-01-09T05:06:46	-1153.36	-35.02	3923.07	51.13	1.55	-97.19
2025-01-09T05:06:48	-1160.39	-34.55	3925.68	51.15	1.52	-96.66
2025-01-09T05:06:50	-1167.41	-34.09	3928.29	51.17	1.49	-96.13
2025-01-09T05:06:52	-1174.43	-33.62	3930.89	51.19	1.47	-95.60
2025-01-09T05:06:54	-1181.45	-33.15	3933.49	51.21	1.44	-95.07
2025-01-09T05:06:56	-1188.47	-32.68	3936.08	51.23	1.41	-94.55
2025-01-09T05:06:58	-1195.49	-32.22	3938.67	51.24	1.38	-94.02
2025-01-09T05:07:00	-1202.51	-31.75	3941.25	51.26	1.35	-93.51
2025-01-09T05:07:02	-1209.52	-31.28	3943.82	51.27	1.33	-92.99
2025-01-09T05:07:04	-1216.53	-30.82	3946.39	51.28	1.30	-92.47
2025-01-09T05:07:06	-1223.54	-30.35	3948.96	51.28	1.27	-91.96
2025-01-09T05:07:08	-1230.55	-29.88	3951.52	51.29	1.25	-91.45
2025-01-09T05:07:10	-1237.56	-29.41	3954.08	51.29	1.22	-90.95
2025-01-09T05:07:12	-1244.57	-28.95	3956.63	51.29	1.19	-90.44
2025-01-09T05:07:14	-1251.57	-28.48	3959.18	51.30	1.17	-89.94
2025-01-09T05:07:16	-1258.58	-28.01	3961.72	51.29	1.14	-89.44
2025-01-09T05:07:18	-1265.58	-27.54	3964.25	51.29	1.12	-88.94
2025-01-09T05:07:20	-1272.58	-27.07	3966.78	51.29	1.09	-88.45
2025-01-09T05:07:22	-1279.58	-26.61	3969.31	51.28	1.07	-87.96
2025-01-09T05:07:24	-1286.58	-26.14	3971.83	51.27	1.04	-87.47
2025-01-09T05:07:26	-1293.57	-25.67	3974.35	51.27	1.02	-86.98
2025-01-09T05:07:28	-1300.57	-25.21	3976.87	51.26	0.99	-86.49
2025-01-09T05:07:30	-1307.56	-24.74	3979.37	51.24	0.97	-86.01
2025-01-09T05:07:32	-1314.55	-24.27	3981.88	51.23	0.95	-85.53
2025-01-09T05:07:34	-1321.54	-23.80	3984.37	51.22	0.92	-85.05
2025-01-09T05:07:36	-1328.53	-23.33	3986.87	51.20	0.90	-84.58
2025-01-09T05:07:38	-1335.52	-22.86	3989.36	51.18	0.88	-84.10
2025-01-09T05:07:40	-1342.50	-22.39	3991.84	51.16	0.85	-83.63
2025-01-09T05:07:42	-1349.49	-21.93	3994.32	51.14	0.83	-83.17
2025-01-09T05:07:44	-1356.47	-21.46	3996.80	51.12	0.81	-82.70
2025-01-09T05:07:46	-1363.45	-20.99	3999.26	51.10	0.79	-82.24
2025-01-09T05:07:48	-1370.43	-20.52	4001.73	51.07	0.76	-81.77
2025-01-09T05:07:50	-1377.40	-20.05	4004.19	51.05	0.74	-81.32
2025-01-09T05:07:52	-1384.38	-19.59	4006.65	51.02	0.72	-80.86
2025-01-09T05:07:54	-1391.35	-19.12	4009.10	50.99	0.70	-80.40
2025-01-09T05:07:56	-1398.32	-18.65	4011.55	50.96	0.68	-79.95
2025-01-09T05:07:58	-1405.30	-18.18	4013.99	50.93	0.66	-79.50
2025-01-09T05:08:00	-1412.26	-17.71	4016.43	50.90	0.64	-79.05
2025-01-09T05:08:02	-1419.23	-17.24	4018.86	50.87	0.62	-78.61
2025-01-09T05:08:04	-1426.20	-16.77	4021.29	50.83	0.60	-78.17
2025-01-09T05:08:06	-1433.16	-16.30	4023.71	50.80	0.58	-77.73
2025-01-09T05:08:08	-1440.12	-15.84	4026.13	50.76	0.56	-77.29
2025-01-09T05:08:10	-1447.09	-15.37	4028.54	50.72	0.54	-76.85
2025-01-09T05:08:12	-1454.04	-14.90	4030.96	50.68	0.52	-76.42
2025-01-09T05:08:14	-1461.00	-14.43	4033.36	50.64	0.50	-75.99
2025-01-09T05:08:16	-1467.96	-13.96	4035.76	50.60	0.48	-75.56
2025-01-09T05:08:18	-1474.91	-13.49	4038.16	50.56	0.46	-75.13
2025-01-09T05:08:20	-1481.87	-13.02	4040.55	50.52	0.44	-74.71
2025-01-09T05:08:22	-1488.82	-12.55	4042.94	50.47	0.43	-74.28
2025-01-09T05:08:24	-1495.77	-12.09	4045.32	50.43	0.41	-73.86
2025-01-09T05:08:26	-1502.72	-11.62	4047.70	50.38	0.39	-73.44
2025-01-09T05:08:28	-1509.66	-11.15	4050.08	50.33	0.37	-73.03
2025-01-09T05:08:30	-1516.60	-10.68	4052.44	50.28	0.35	-72.61
2025-01-09T05:08:32	-1523.55	-10.21	4054.81	50.24	0.34	-72.20
2025-01-09T05:08:34	-1530.49	-9.74	4057.17	50.19	0.32	-71.79
2025-01-09T05:08:36	-1537.43	-9.27	4059.53	50.13	0.30	-71.39
2025-01-09T05:08:38	-1544.37	-8.80	4061.88	50.08	0.29	-70.98
2025-01-09T05:08:40	-1551.30	-8.33	4064.23	50.03	0.27	-70.58
2025-01-09T05:08:42	-1558.24	-7.86	4066.57	49.98	0.25	-70.18
2025-01-09T05:08:44	-1565.17	-7.39	4068.91	49.92	0.24	-69.78
2025-01-09T05:08:46	-1572.10	-6.92	4071.25	49.86	0.22	-69.38
2025-01-09T05:08:48	-1579.03	-6.45	4073.58	49.81	0.20	-68.99
2025-01-09T05:08:50	-1585.96	-5.99	4075.91	49.75	0.19	-68.59
2025-01-09T05:08:52	-1592.89	-5.52	4078.23	49.69	0.17	-68.20
2025-01-09T05:08:54	-1599.81	-5.05	4080.55	49.63	0.16	-67.81
2025-01-09T05:08:56	-1606.74	-4.58	4082.86	49.57	0.14	-67.43
2025-01-09T05:08:58	-1613.65	-4.11	4085.17	49.51	0.13	-67.04
2025-01-09T05:09:00	-1620.57	-3.64	4087.47	49.45	0.11	-66.66
2025-01-09T05:09:02	-1627.49	-3.17	4089.77	49.39	0.10	-66.28
2025-01-09T05:09:04	-1634.41	-2.70	4092.07	49.33	0.08	-65.90
2025-01-09T05:09:06	-1641.32	-2.23	4094.36	49.26	0.07	-65.53
2025-01-09T05:09:08	-1648.24	-1.76	4096.65	49.20	0.05	-65.15
2025-01-09T05:09:10	-1655.15	-1.29	4098.94	49.13	0.04	-64.78
2025-01-09T05:09:12	-1662.06	-0.82	4101.22	49.07	0.02	-64.41
2025-01-09T05:09:14	-1668.96	-0.35	4103.49	49.00	0.01	-64.04
2025-01-09T05:09:16	-1675.87	0.12	4105.76	48.93	-0.00	-63.68
2025-01-09T05:09:18	-1682.78	0.59	4108.03	48.87	-0.02	-63.31
2025-01-09T05:09:20	-1689.68	1.06	4110.29	48.80	-0.03	-62.95
2025-01-09T05:09:22	-1696.58	1.53	4112.55	48.73	-0.04	-62.59
2025-01-09T05:09:24	-1703.48	2.00	4114.81	48.66	-0.06	-62.23
2025-01-09T05:09:26	-1710.38	2.47	4117.06	48.59	-0.07	-61.88
2025-01-09T05:09:28	-1717.27	2.94	4119.31	48.52	-0.08	-61.52
2025-01-09T05:09:30	-1724.16	3.40	4121.55	48.45	-0.10	-61.17
2025-01-09T05:09:32	-1731.06	3.87	4123.79	48.37	-0.11	-60.82
2025-01-09T05:09:34	-1737.95	4.34	4126.02	48.30	-0.12	-60.47
2025-01-09T05:09:36	-1744.84	4.81	4128.25	48.23	-0.13	-60.13
2025-01-09T05:09:38	-1751.72	5.29	4130.48	48.16	-0.15	-59.78
2025-01-09T05:09:40	-1758.61	5.75	4132.70	48.08	-0.16	-59.44
2025-01-09T05:09:42	-1765.50	6.22	4134.92	48.01	-0.17	-59.10
2025-01-09T05:09:44	-1772.38	6.69	4137.13	47.93	-0.18	-58.76
2025-01-09T05:09:46	-1779.26	7.16	4139.35	47.85	-0.19	-58.42
2025-01-09T05:09:48	-1786.14	7.63	4141.55	47.78	-0.20	-58.09
2025-01-09T05:09:50	-1793.01	8.10	4143.75	47.70	-0.22	-57.75
2025-01-09T05:09:52	-1799.89	8.57	4145.95	47.62	-0.23	-57.42
2025-01-09T05:09:54	-1806.76	9.04	4148.15	47.55	-0.24	-57.09
2025-01-09T05:09:56	-1813.63	9.51	4150.34	47.47	-0.25	-56.77
2025-01-09T05:09:58	-1820.51	9.98	4152.52	47.39	-0.26	-56.44
2025-01-09T05:10:00	-1827.37	10.45	4154.71	47.31	-0.27	-56.12
2025-01-09T05:10:02	-1834.24	10.92	4156.89	47.23	-0.28	-55.79
2025-01-09T05:10:04	-1841.10	11.39	4159.06	47.15	-0.29	-55.47
2025-01-09T05:10:06	-1847.97	11.86	4161.23	47.07	-0.30	-55.15
2025-01-09T05:10:08	-1854.83	12.33	4163.40	46.99	-0.31	-54.84
2025-01-09T05:10:10	-1861.69	12.80	4165.56	46.91	-0.32	-54.52
2025-01-09T05:10:12	-1868.55	13.27	4167.72	46.82	-0.33	-54.21
2025-01-09T05:10:14	-1875.41	13.74	4169.88	46.74	-0.34	-53.90
2025-01-09T05:10:16	-1882.26	14.21	4172.03	46.66	-0.35	-53.59
2025-01-09T05:10:18	-1889.11	14.68	4174.18	46.58	-0.36	-53.28
2025-01-09T05:10:20	-1895.96	15.15	4176.32	46.49	-0.37	-52.97
2025-01-09T05:10:22	-1902.81	15.62	4178.46	46.41	-0.38	-52.67
2025-01-09T05:10:24	-1909.66	16.09	4180.60	46.32	-0.39	-52.36
2025-01-09T05:10:26	-1916.51	16.56	4182.73	46.24	-0.40	-52.06
2025-01-09T05:10:28	-1923.35	17.03	4184.86	46.15	-0.41	-51.76
2025-01-09T05:10:30	-1930.19	17.50	4186.98	46.07	-0.42	-51.46
2025-01-09T05:10:32	-1937.04	17.97	4189.11	45.98	-0.43	-51.17
2025-01-09T05:10:34	-1943.87	18.44	4191.22	45.90	-0.44	-50.87
2025-01-09T05:10:36	-1950.71	18.91	4193.34	45.81	-0.44	-50.58
2025-01-09T05:10:38	-1957.55	19.38	4195.45	45.73	-0.45	-50.29
2025-01-09T05:10:40	-1964.38	19.85	4197.55	45.64	-0.46	-50.00
2025-01-09T05:10:42	-1971.21	20.32	4199.65	45.55	-0.47	-49.71
2025-01-09T05:10:44	-1978.04	20.79	4201.76	45.47	-0.48	-49.42
2025-01-09T05:10:46	-1984.87	21.26	4203.85	45.38	-0.49	-49.14
2025-01-09T05:10:48	-1991.70	21.73	4205.94	45.29	-0.49	-48.86
2025-01-09T05:10:50	-1998.52	22.20	4208.03	45.20	-0.50	-48.57
2025-01-09T05:10:52	-2005.35	22.67	4210.11	45.11	-0.51	-48.29
2025-01-09T05:10:54	-2012.17	23.14	4212.19	45.03	-0.52	-48.01
2025-01-09T05:10:56	-2018.99	23.61	4214.27	44.94	-0.53	-47.74
2025-01-09T05:10:58	-2025.81	24.08	4216.34	44.85	-0.53	-47.46
2025-01-09T05:11:00	-2032.62	24.55	4218.41	44.76	-0.54	-47.19
2025-01-09T05:11:02	-2039.44	25.02	4220.48	44.67	-0.55	-46.92
2025-01-09T05:11:04	-2046.25	25.49	4222.54	44.58	-0.56	-46.65
2025-01-09T05:11:06	-2053.06	25.96	4224.60	44.49	-0.56	-46.38
2025-01-09T05:11:08	-2059.87	26.43	4226.66	44.40	-0.57	-46.11
2025-01-09T05:11:10	-2066.68	26.90	4228.71	44.31	-0.58	-45.84
2025-01-09T05:11:12	-2073.49	27.37	4230.76	44.22	-0.58	-45.58
2025-01-09T05:11:14	-2080.29	27.84	4232.80	44.13	-0.59	-45.31
2025-01-09T05:11:16	-2087.09	28.31	4234.84	44.04	-0.60	-45.05
2025-01-09T05:11:18	-2093.89	28.78	4236.88	43.95	-0.60	-44.79
2025-01-09T05:11:20	-2100.69	29.25	4238.91	43.85	-0.61	-44.53
2025-01-09T05:11:22	-2107.49	29.72	4240.94	43.76	-0.62	-44.28
2025-01-09T05:11:24	-2114.28	30.19	4242.97	43.67	-0.62	-44.02
2025-01-09T05:11:26	-2121.08	30.66	4244.99	43.58	-0.63	-43.77
2025-01-09T05:11:28	-2127.87	31.13	4247.01	43.49	-0.64	-43.51
2025-01-09T05:11:30	-2134.66	31.60	4249.03	43.40	-0.64	-43.26
2025-01-09T05:11:32	-2141.45	32.07	4251.04	43.31	-0.65	-43.01
2025-01-09T05:11:34	-2148.23	32.53	4253.05	43.21	-0.65	-42.76
2025-01-09T05:11:36	-2155.02	33.01	4255.06	43.12	-0.66	-42.52
2025-01-09T05:11:38	-2161.80	33.47	4257.06	43.03	-0.67	-42.27
2025-01-09T05:11:40	-2168.58	33.95	4259.06	42.94	-0.67	-42.03
2025-01-09T05:11:42	-2175.36	34.41	4261.05	42.84	-0.68	-41.78
2025-01-09T05:11:44	-2182.14	34.88	4263.05	42.75	-0.68	-41.54
2025-01-09T05:11:46	-2188.92	35.35	4265.03	42.66	-0.69	-41.30
2025-01-09T05:11:48	-2195.69	35.82	4267.02	42.57	-0.69	-41.06
2025-01-09T05:11:50	-2202.47	36.29	4269.00	42.47	-0.70	-40.83
2025-01-09T05:11:52	-2209.24	36.76	4270.98	42.38	-0.71	-40.59
2025-01-09T05:11:54	-2216.01	37.23	4272.96	42.29	-0.71	-40.36
2025-01-09T05:11:56	-2222.77	37.70	4274.93	42.19	-0.72	-40.12
2025-01-09T05:11:58	-2229.54	38.17	4276.90	42.10	-0.72	-39.89
2025-01-09T05:12:00	-2236.30	38.64	4278.86	42.01	-0.73	-39.66
2025-01-09T05:12:02	-2243.07	39.11	4280.82	41.91	-0.73	-39.43
2025-01-09T05:12:04	-2249.82	39.58	4282.78	41.82	-0.74	-39.20
2025-01-09T05:12:06	-2256.58	40.05	4284.74	41.73	-0.74	-38.98
2025-01-09T05:12:08	-2263.34	40.52	4286.69	41.63	-0.75	-38.75
2025-01-09T05:12:10	-2270.10	40.99	4288.64	41.54	-0.75	-38.53
2025-01-09T05:12:12	-2276.85	41.46	4290.58	41.45	-0.75	-38.30
2025-01-09T05:12:14	-2283.60	41.93	4292.52	41.35	-0.76	-38.08
2025-01-09T05:12:16	-2290.35	42.40	4294.46	41.26	-0.76	-37.86
2025-01-09T05:12:18	-2297.10	42.87	4296.40	41.16	-0.77	-37.64
2025-01-09T05:12:20	-2303.85	43.34	4298.33	41.07	-0.77	-37.42
2025-01-09T05:12:22	-2310.59	43.81	4300.26	40.98	-0.78	-37.21
2025-01-09T05:12:24	-2317.33	44.27	4302.18	40.88	-0.78	-36.99
2025-01-09T05:12:26	-2324.07	44.74	4304.10	40.79	-0.79	-36.78
2025-01-09T05:12:28	-2330.81	45.21	4306.02	40.70	-0.79	-36.57
2025-01-09T05:12:30	-2337.55	45.68	4307.94	40.60	-0.79	-36.35
2025-01-09T05:12:32	-2344.29	46.15	4309.85	40.51	-0.80	-36.14
2025-01-09T05:12:34	-2351.02	46.62	4311.76	40.41	-0.80	-35.94
2025-01-09T05:12:36	-2357.75	47.09	4313.67	40.32	-0.81	-35.73
2025-01-09T05:12:38	-2364.48	47.56	4315.57	40.23	-0.81	-35.52
2025-01-09T05:12:40	-2371.21	48.03	4317.47	40.13	-0.81	-35.31
2025-01-09T05:12:42	-2377.94	48.50	4319.37	40.04	-0.82	-35.11
2025-01-09T05:12:44	-2384.67	48.97	4321.26	39.94	-0.82	-34.91
2025-01-09T05:12:46	-2391.39	49.44	4323.15	39.85	-0.82	-34.71
2025-01-09T05:12:48	-2398.11	49.91	4325.03	39.76	-0.83	-34.50
2025-01-09T05:12:50	-2404.83	50.38	4326.92	39.66	-0.83	-34.30
2025-01-09T05:12:52	-2411.55	50.84	4328.80	39.57	-0.83	-34.11
2025-01-09T05:12:54	-2418.27	51.31	4330.68	39.48	-0.84	-33.91
2025-01-09T05:12:56	-2424.98	51.78	4332.55	39.38	-0.84	-33.71
2025-01-09T05:12:58	-2431.69	52.25	4334.42	39.29	-0.84	-33.52
2025-01-09T05:13:00	-2438.41	52.72	4336.29	39.20	-0.85	-33.32
2025-01-09T05:13:02	-2445.12	53.19	4338.15	39.10	-0.85	-33.13
2025-01-09T05:13:04	-2451.82	53.66	4340.02	39.01	-0.85	-32.94
2025-01-09T05:13:06	-2458.53	54.13	4341.88	38.92	-0.86	-32.75
2025-01-09T05:13:08	-2465.23	54.60	4343.73	38.82	-0.86	-32.56
2025-01-09T05:13:10	-2471.94	55.07	4345.58	38.73	-0.86	-32.37
2025-01-09T05:13:12	-2478.64	55.53	4347.43	38.64	-0.87	-32.18
2025-01-09T05:13:14	-2485.34	56.00	4349.28	38.54	-0.87	-32.00
2025-01-09T05:13:16	-2492.03	56.47	4351.13	38.45	-0.87	-31.81
2025-01-09T05:13:18	-2498.73	56.94	4352.96	38.36	-0.87	-31.63
2025-01-09T05:13:20	-2505.42	57.41	4354.80	38.26	-0.88	-31.44
2025-01-09T05:13:22	-2512.12	57.88	4356.64	38.17	-0.88	-31.26
2025-01-09T05:13:24	-2518.81	58.35	4358.47	38.08	-0.88	-31.08
2025-01-09T05:13:26	-2525.50	58.82	4360.29	37.98	-0.88	-30.90
2025-01-09T05:13:28	-2532.18	59.28	4362.12	37.89	-0.89	-30.72
2025-01-09T05:13:30	-2538.87	59.75	4363.94	37.80	-0.89	-30.54
2025-01-09T05:13:32	-2545.55	60.22	4365.76	37.71	-0.89	-30.37
2025-01-09T05:13:34	-2552.23	60.69	4367.58	37.61	-0.89	-30.19
2025-01-09T05:13:36	-2558.91	61.16	4369.39	37.52	-0.90	-30.02
2025-01-09T05:13:38	-2565.59	61.63	4371.20	37.43	-0.90	-29.84
2025-01-09T05:13:40	-2572.27	62.10	4373.01	37.34	-0.90	-29.67
2025-01-09T05:13:42	-2578.94	62.57	4374.82	37.25	-0.90	-29.50
2025-01-09T05:13:44	-2585.62	63.03	4376.62	37.15	-0.91	-29.33
2025-01-09T05:13:46	-2592.29	63.50	4378.42	37.06	-0.91	-29.16
2025-01-09T05:13:48	-2598.96	63.97	4380.21	36.97	-0.91	-28.99
2025-01-09T05:13:50	-2605.62	64.44	4382.01	36.88	-0.91	-28.82
2025-01-09T05:13:52	-2612.29	64.91	4383.79	36.79	-0.91	-28.65
2025-01-09T05:13:54	-2618.96	65.38	4385.58	36.70	-0.92	-28.49
2025-01-09T05:13:56	-2625.62	65.85	4387.37	36.60	-0.92	-28.32
2025-01-09T05:13:58	-2632.28	66.31	4389.15	36.51	-0.92	-28.16
2025-01-09T05:14:00	-2638.94	66.78	4390.92	36.42	-0.92	-28.00
2025-01-09T05:14:02	-2645.60	67.25	4392.70	36.33	-0.92	-27.84
2025-01-09T05:14:04	-2652.25	67.72	4394.47	36.24	-0.93	-27.67
2025-01-09T05:14:06	-2658.91	68.19	4396.24	36.15	-0.93	-27.51
2025-01-09T05:14:08	-2665.56	68.65	4398.01	36.06	-0.93	-27.35
2025-01-09T05:14:10	-2672.21	69.12	4399.77	35.97	-0.93	-27.20
2025-01-09T05:14:12	-2678.86	69.59	4401.54	35.88	-0.93	-27.04
2025-01-09T05:14:14	-2685.51	70.06	4403.29	35.79	-0.93	-26.88
2025-01-09T05:14:16	-2692.15	70.53	4405.05	35.70	-0.94	-26.73
2025-01-09T05:14:18	-2698.79	70.99	4406.80	35.61	-0.94	-26.57
2025-01-09T05:14:20	-2705.44	71.46	4408.55	35.52	-0.94	-26.42
2025-01-09T05:14:22	-2712.08	71.93	4410.30	35.43	-0.94	-26.26
2025-01-09T05:14:24	-2718.72	72.40	4412.04	35.34	-0.94	-26.11
2025-01-09T05:14:26	-2725.35	72.87	4413.78	35.25	-0.94	-25.96
2025-01-09T05:14:28	-2731.99	73.33	4415.52	35.16	-0.94	-25.81
2025-01-09T05:14:30	-2738.62	73.80	4417.26	35.07	-0.95	-25.66
2025-01-09T05:14:32	-2745.25	74.27	4418.99	34.98	-0.95	-25.51
2025-01-09T05:14:34	-2751.88	74.74	4420.72	34.89	-0.95	-25.37
2025-01-09T05:14:36	-2758.51	75.21	4422.45	34.80	-0.95	-25.22
2025-01-09T05:14:38	-2765.14	75.67	4424.17	34.71	-0.95	-25.07
2025-01-09T05:14:40	-2771.76	76.14	4425.90	34.62	-0.95	-24.93
2025-01-09T05:14:42	-2778.38	76.61	4427.62	34.54	-0.95	-24.78
2025-01-09T05:14:44	-2785.00	77.08	4429.33	34.45	-0.95	-24.64
2025-01-09T05:14:46	-2791.63	77.54	4431.05	34.36	-0.95	-24.50
2025-01-09T05:14:48	-2798.24	78.01	4432.76	34.27	-0.96	-24.36
2025-01-09T05:14:50	-2804.86	78.48	4434.47	34.18	-0.96	-24.21
2025-01-09T05:14:52	-2811.47	78.95	4436.17	34.10	-0.96	-24.07
2025-01-09T05:14:54	-2818.09	79.41	4437.88	34.01	-0.96	-23.93
2025-01-09T05:14:56	-2824.70	79.88	4439.58	33.92	-0.96	-23.80
2025-01-09T05:14:58	-2831.31	80.35	4441.27	33.83	-0.96	-23.66
2025-01-09T05:15:00	-2837.92	80.82	4442.97	33.75	-0.96	-23.52
2025-01-09T05:15:02	-2844.52	81.28	4444.66	33.66	-0.96	-23.38
2025-01-09T05:15:04	-2851.13	81.75	4446.35	33.57	-0.96	-23.25
2025-01-09T05:15:06	-2857.73	82.22	4448.04	33.49	-0.96	-23.11
2025-01-09T05:15:08	-2864.33	82.69	4449.72	33.40	-0.96	-22.98
2025-01-09T05:15:10	-2870.93	83.15	4451.40	33.31	-0.96	-22.85
2025-01-09T05:15:12	-2877.52	83.62	4453.08	33.23	-0.97	-22.72
2025-01-09T05:15:14	-2884.12	84.09	4454.76	33.14	-0.97	-22.58
2025-01-09T05:15:16	-2890.71	84.56	4456.43	33.05	-0.97	-22.45
2025-01-09T05:15:18	-2897.30	85.02	4458.10	32.97	-0.97	-22.32
2025-01-09T05:15:20	-2903.90	85.49	4459.77	32.88	-0.97	-22.19
2025-01-09T05:15:22	-2910.49	85.96	4461.44	32.80	-0.97	-22.07
2025-01-09T05:15:24	-2917.07	86.42	4463.10	32.71	-0.97	-21.94
2025-01-09T05:15:26	-2923.66	86.89	4464.76	32.63	-0.97	-21.81
2025-01-09T05:15:28	-2930.24	87.36	4466.42	32.54	-0.97	-21.68
2025-01-09T05:15:30	-2936.83	87.82	4468.08	32.46	-0.97	-21.56
2025-01-09T05:15:32	-2943.40	88.29	4469.73	32.37	-0.97	-21.43
2025-01-09T05:15:34	-2949.98	88.76	4471.38	32.29	-0.97	-21.31
2025-01-09T05:15:36	-2956.56	89.22	4473.03	32.20	-0.97	-21.19
2025-01-09T05:15:38	-2963.14	89.69	4474.67	32.12	-0.97	-21.06
2025-01-09T05:15:40	-2969.71	90.16	4476.32	32.04	-0.97	-20.94
2025-01-09T05:15:42	-2976.28	90.62	4477.96	31.95	-0.97	-20.82
2025-01-09T05:15:44	-2982.85	91.09	4479.60	31.87	-0.97	-20.70
2025-01-09T05:15:46	-2989.42	91.56	4481.23	31.79	-0.97	-20.58
2025-01-09T05:15:48	-2995.99	92.02	4482.86	31.70	-0.97	-20.46
2025-01-09T05:15:50	-3002.55	92.49	4484.49	31.62	-0.97	-20.34
2025-01-09T05:15:52	-3009.12	92.96	4486.12	31.54	-0.97	-20.22
2025-01-09T05:15:54	-3015.68	93.42	4487.75	31.45	-0.97	-20.11
2025-01-09T05:15:56	-3022.24	93.89	4489.37	31.37	-0.97	-19.99
2025-01-09T05:15:58	-3028.80	94.35	4490.99	31.29	-0.97	-19.87
2025-01-09T05:16:00	-3035.36	94.82	4492.61	31.21	-0.97	-19.76
2025-01-09T05:16:02	-3041.91	95.29	4494.22	31.12	-0.98	-19.64
2025-01-09T05:16:04	-3048.46	95.76	4495.84	31.04	-0.98	-19.53
2025-01-09T05:16:06	-3055.01	96.22	4497.44	30.96	-0.98	-19.42
