Time	POS_X	POS_Y	POS_Z	B_X	B_Y	B_Z
2025-01-09T04:27:12	4483.66	-246.20	-3062.75	81.12	-5.28	-3.67
2025-01-09T04:27:14	4482.06	-246.29	-3056.18	81.16	-5.29	-3.63
2025-01-09T04:27:16	4480.45	-246.38	-3049.61	81.20	-5.30	-3.59
2025-01-09T04:27:18	4478.85	-246.48	-3043.03	81.25	-5.31	-3.55
2025-01-09T04:27:20	4477.24	-246.57	-3036.46	81.29	-5.32	-3.51
2025-01-09T04:27:22	4475.62	-246.66	-3029.88	81.34	-5.33	-3.48
2025-01-09T04:27:24	4474.01	-246.75	-3023.30	81.39	-5.34	-3.47
2025-01-09T04:27:26	4472.39	-246.84	-3016.72	81.44	-5.34	-3.46
2025-01-09T04:27:28	4470.77	-246.93	-3010.14	81.49	-5.35	-3.44
2025-01-09T04:27:30	4469.15	-247.02	-3003.55	81.54	-5.36	-3.43
2025-01-09T04:27:32	4467.52	-247.11	-2996.97	81.59	-5.36	-3.41
2025-01-09T04:27:34	4465.89	-247.20	-2990.38	81.64	-5.37	-3.39
2025-01-09T04:27:36	4464.26	-247.29	-2983.79	81.69	-5.38	-3.37
2025-01-09T04:27:38	4462.63	-247.38	-2977.20	81.74	-5.39	-3.35
2025-01-09T04:27:40	4460.99	-247.47	-2970.61	81.78	-5.42	-3.32
2025-01-09T04:27:42	4459.35	-247.56	-2964.01	81.81	-5.44	-3.29
2025-01-09T04:27:44	4457.71	-247.66	-2957.42	81.85	-5.46	-3.26
2025-01-09T04:27:46	4456.07	-247.74	-2950.82	81.89	-5.49	-3.23
2025-01-09T04:27:48	4454.42	-247.83	-2944.22	81.93	-5.51	-3.20
2025-01-09T04:27:50	4452.78	-247.92	-2937.62	81.97	-5.54	-3.17
2025-01-09T04:27:52	4451.12	-248.01	-2931.02	82.01	-5.56	-3.15
2025-01-09T04:27:54	4449.47	-248.10	-2924.41	82.05	-5.58	-3.12
2025-01-09T04:27:56	4447.82	-248.19	-2917.81	82.09	-5.60	-3.09
2025-01-09T04:27:58	4446.16	-248.28	-2911.20	82.14	-5.60	-3.06
2025-01-09T04:28:00	4444.49	-248.37	-2904.59	82.19	-5.60	-3.03
2025-01-09T04:28:02	4442.83	-248.46	-2897.98	82.24	-5.59	-3.00
2025-01-09T04:28:04	4441.16	-248.54	-2891.37	82.29	-5.59	-2.96
2025-01-09T04:28:06	4439.49	-248.63	-2884.75	82.34	-5.58	-2.93
2025-01-09T04:28:08	4437.82	-248.72	-2878.14	82.38	-5.58	-2.90
2025-01-09T04:28:10	4436.15	-248.81	-2871.52	82.43	-5.57	-2.86
2025-01-09T04:28:12	4434.47	-248.89	-2864.90	82.48	-5.57	-2.83
2025-01-09T04:28:14	4432.79	-248.98	-2858.28	82.52	-5.57	-2.80
2025-01-09T04:28:16	4431.11	-249.07	-2851.65	82.56	-5.57	-2.76
2025-01-09T04:28:18	4429.42	-249.16	-2845.03	82.60	-5.58	-2.73
2025-01-09T04:28:20	4427.73	-249.25	-2838.40	82.64	-5.58	-2.69
2025-01-09T04:28:22	4426.05	-249.33	-2831.77	82.68	-5.59	-2.66
2025-01-09T04:28:24	4424.35	-249.42	-2825.14	82.72	-5.59	-2.62
2025-01-09T04:28:26	4422.66	-249.50	-2818.51	82.76	-5.60	-2.59
2025-01-09T04:28:28	4420.96	-249.59	-2811.88	82.81	-5.61	-2.55
2025-01-09T04:28:30	4419.25	-249.68	-2805.24	82.85	-5.61	-2.52
2025-01-09T04:28:32	4417.55	-249.76	-2798.61	82.89	-5.63	-2.48
2025-01-09T04:28:34	4415.85	-249.85	-2791.97	82.93	-5.65	-2.44
2025-01-09T04:28:36	4414.14	-249.94	-2785.33	82.98	-5.66	-2.39
2025-01-09T04:28:38	4412.42	-250.02	-2778.69	83.02	-5.68	-2.35
2025-01-09T04:28:40	4410.71	-250.11	-2772.04	83.06	-5.69	-2.30
2025-01-09T04:28:42	4408.99	-250.19	-2765.40	83.10	-5.70	-2.26
2025-01-09T04:28:44	4407.27	-250.28	-2758.75	83.14	-5.71	-2.22
2025-01-09T04:28:46	4405.55	-250.36	-2752.10	83.18	-5.72	-2.17
2025-01-09T04:28:48	4403.82	-250.45	-2745.45	83.21	-5.73	-2.13
2025-01-09T04:28:50	4402.09	-250.53	-2738.80	83.24	-5.74	-2.08
2025-01-09T04:28:52	4400.36	-250.61	-2732.14	83.27	-5.75	-2.04
2025-01-09T04:28:54	4398.63	-250.70	-2725.49	83.30	-5.75	-1.99
2025-01-09T04:28:56	4396.89	-250.79	-2718.83	83.33	-5.76	-1.94
2025-01-09T04:28:58	4395.15	-250.87	-2712.17	83.36	-5.77	-1.89
2025-01-09T04:29:00	4393.41	-250.95	-2705.51	83.39	-5.78	-1.84
2025-01-09T04:29:02	4391.66	-251.04	-2698.85	83.42	-5.78	-1.79
2025-01-09T04:29:04	4389.91	-251.12	-2692.18	83.45	-5.79	-1.74
2025-01-09T04:29:06	4388.16	-251.20	-2685.52	83.49	-5.81	-1.70
2025-01-09T04:29:08	4386.41	-251.29	-2678.85	83.54	-5.82	-1.65
2025-01-09T04:29:10	4384.65	-251.37	-2672.18	83.58	-5.83	-1.61
2025-01-09T04:29:12	4382.89	-251.45	-2665.51	83.63	-5.85	-1.57
2025-01-09T04:29:14	4381.13	-251.54	-2658.84	83.67	-5.86	-1.52
2025-01-09T04:29:16	4379.37	-251.62	-2652.16	83.71	-5.87	-1.48
2025-01-09T04:29:18	4377.60	-251.70	-2645.48	83.76	-5.89	-1.44
2025-01-09T04:29:20	4375.83	-251.78	-2638.81	83.80	-5.90	-1.39
2025-01-09T04:29:22	4374.05	-251.86	-2632.13	83.85	-5.91	-1.35
2025-01-09T04:29:24	4372.28	-251.95	-2625.44	83.89	-5.91	-1.29
2025-01-09T04:29:26	4370.50	-252.03	-2618.76	83.93	-5.92	-1.23
2025-01-09T04:29:28	4368.72	-252.11	-2612.08	83.97	-5.92	-1.17
2025-01-09T04:29:30	4366.93	-252.19	-2605.39	84.01	-5.92	-1.12
2025-01-09T04:29:32	4365.14	-252.27	-2598.70	84.05	-5.93	-1.06
2025-01-09T04:29:34	4363.35	-252.35	-2592.01	84.09	-5.93	-1.00
2025-01-09T04:29:36	4361.56	-252.44	-2585.32	84.14	-5.94	-0.94
2025-01-09T04:29:38	4359.76	-252.52	-2578.62	84.18	-5.94	-0.88
2025-01-09T04:29:40	4357.96	-252.60	-2571.93	84.22	-5.96	-0.82
2025-01-09T04:29:42	4356.15	-252.68	-2565.23	84.26	-5.98	-0.76
2025-01-09T04:29:44	4354.35	-252.76	-2558.53	84.30	-6.00	-0.69
2025-01-09T04:29:46	4352.54	-252.84	-2551.83	84.33	-6.01	-0.63
2025-01-09T04:29:48	4350.73	-252.92	-2545.13	84.37	-6.03	-0.57
2025-01-09T04:29:50	4348.91	-252.99	-2538.42	84.41	-6.04	-0.51
2025-01-09T04:29:52	4347.10	-253.07	-2531.72	84.45	-6.05	-0.44
2025-01-09T04:29:54	4345.27	-253.15	-2525.01	84.49	-6.07	-0.38
2025-01-09T04:29:56	4343.45	-253.23	-2518.30	84.53	-6.08	-0.31
2025-01-09T04:29:58	4341.62	-253.31	-2511.59	84.58	-6.08	-0.25
2025-01-09T04:30:00	4339.79	-253.39	-2504.87	84.63	-6.09	-0.18
2025-01-09T04:30:02	4337.96	-253.47	-2498.16	84.67	-6.09	-0.11
2025-01-09T04:30:04	4336.12	-253.55	-2491.44	84.72	-6.10	-0.04
2025-01-09T04:30:06	4334.29	-253.63	-2484.73	84.77	-6.10	0.03
2025-01-09T04:30:08	4332.44	-253.70	-2478.00	84.82	-6.10	0.10
2025-01-09T04:30:10	4330.60	-253.78	-2471.28	84.86	-6.10	0.16
2025-01-09T04:30:12	4328.75	-253.86	-2464.56	84.91	-6.11	0.23
2025-01-09T04:30:14	4326.90	-253.94	-2457.83	84.96	-6.11	0.30
2025-01-09T04:30:16	4325.04	-254.01	-2451.11	85.01	-6.12	0.35
2025-01-09T04:30:18	4323.19	-254.09	-2444.38	85.06	-6.13	0.41
2025-01-09T04:30:20	4321.33	-254.17	-2437.65	85.11	-6.14	0.47
2025-01-09T04:30:22	4319.46	-254.25	-2430.91	85.16	-6.16	0.53
2025-01-09T04:30:24	4317.60	-254.32	-2424.18	85.21	-6.17	0.58
2025-01-09T04:30:26	4315.73	-254.40	-2417.44	85.25	-6.18	0.64
2025-01-09T04:30:28	4313.85	-254.47	-2410.71	85.30	-6.20	0.70
2025-01-09T04:30:30	4311.98	-254.55	-2403.97	85.34	-6.22	0.75
2025-01-09T04:30:32	4310.10	-254.63	-2397.23	85.38	-6.23	0.81
2025-01-09T04:30:34	4308.22	-254.70	-2390.48	85.41	-6.24	0.88
2025-01-09T04:30:36	4306.33	-254.78	-2383.74	85.45	-6.25	0.94
2025-01-09T04:30:38	4304.44	-254.85	-2376.99	85.49	-6.26	1.01
2025-01-09T04:30:40	4302.55	-254.93	-2370.24	85.53	-6.27	1.07
2025-01-09T04:30:42	4300.65	-255.00	-2363.49	85.56	-6.29	1.14
2025-01-09T04:30:44	4298.76	-255.08	-2356.74	85.60	-6.30	1.21
2025-01-09T04:30:46	4296.85	-255.15	-2349.99	85.64	-6.31	1.28
2025-01-09T04:30:48	4294.95	-255.22	-2343.23	85.69	-6.32	1.35
2025-01-09T04:30:50	4293.04	-255.30	-2336.48	85.75	-6.33	1.42
2025-01-09T04:30:52	4291.13	-255.37	-2329.72	85.80	-6.34	1.49
2025-01-09T04:30:54	4289.22	-255.45	-2322.96	85.85	-6.35	1.56
2025-01-09T04:30:56	4287.30	-255.52	-2316.19	85.90	-6.37	1.63
2025-01-09T04:30:58	4285.38	-255.59	-2309.43	85.95	-6.38	1.70
2025-01-09T04:31:00	4283.45	-255.67	-2302.67	86.00	-6.39	1.78
2025-01-09T04:31:02	4281.52	-255.74	-2295.90	86.05	-6.40	1.85
2025-01-09T04:31:04	4279.59	-255.81	-2289.13	86.09	-6.41	1.92
2025-01-09T04:31:06	4277.66	-255.88	-2282.36	86.12	-6.42	2.00
2025-01-09T04:31:08	4275.72	-255.96	-2275.59	86.16	-6.43	2.07
2025-01-09T04:31:10	4273.78	-256.03	-2268.81	86.19	-6.43	2.15
2025-01-09T04:31:12	4271.84	-256.10	-2262.03	86.23	-6.44	2.22
2025-01-09T04:31:14	4269.89	-256.17	-2255.26	86.27	-6.44	2.30
2025-01-09T04:31:16	4267.94	-256.24	-2248.48	86.31	-6.45	2.37
2025-01-09T04:31:18	4265.99	-256.31	-2241.69	86.35	-6.45	2.45
2025-01-09T04:31:20	4264.03	-256.39	-2234.91	86.39	-6.45	2.52
2025-01-09T04:31:22	4262.07	-256.46	-2228.13	86.43	-6.46	2.60
2025-01-09T04:31:24	4260.10	-256.53	-2221.34	86.47	-6.47	2.67
2025-01-09T04:31:26	4258.14	-256.60	-2214.55	86.51	-6.47	2.74
2025-01-09T04:31:28	4256.17	-256.67	-2207.76	86.55	-6.48	2.81
2025-01-09T04:31:30	4254.19	-256.74	-2200.97	86.59	-6.48	2.88
2025-01-09T04:31:32	4252.21	-256.81	-2194.17	86.64	-6.49	2.95
2025-01-09T04:31:34	4250.23	-256.88	-2187.38	86.68	-6.49	3.02
2025-01-09T04:31:36	4248.25	-256.94	-2180.58	86.72	-6.50	3.09
2025-01-09T04:31:38	4246.26	-257.01	-2173.78	86.76	-6.51	3.16
2025-01-09T04:31:40	4244.27	-257.08	-2166.98	86.80	-6.51	3.25
2025-01-09T04:31:42	4242.27	-257.15	-2160.18	86.84	-6.52	3.34
2025-01-09T04:31:44	4240.28	-257.22	-2153.38	86.87	-6.53	3.43
2025-01-09T04:31:46	4238.28	-257.29	-2146.57	86.91	-6.54	3.51
2025-01-09T04:31:48	4236.27	-257.36	-2139.76	86.95	-6.55	3.60
2025-01-09T04:31:50	4234.26	-257.42	-2132.95	86.99	-6.55	3.69
2025-01-09T04:31:52	4232.25	-257.49	-2126.14	87.03	-6.56	3.78
2025-01-09T04:31:54	4230.23	-257.56	-2119.33	87.07	-6.56	3.87
2025-01-09T04:31:56	4228.22	-257.63	-2112.51	87.10	-6.55	3.96
2025-01-09T04:31:58	4226.19	-257.69	-2105.70	87.13	-6.53	4.05
2025-01-09T04:32:00	4224.17	-257.76	-2098.88	87.17	-6.51	4.14
2025-01-09T04:32:02	4222.14	-257.83	-2092.06	87.20	-6.49	4.23
2025-01-09T04:32:04	4220.10	-257.89	-2085.23	87.24	-6.47	4.32
2025-01-09T04:32:06	4218.07	-257.96	-2078.41	87.27	-6.46	4.41
2025-01-09T04:32:08	4216.03	-258.03	-2071.58	87.31	-6.44	4.51
2025-01-09T04:32:10	4213.98	-258.09	-2064.76	87.35	-6.42	4.60
2025-01-09T04:32:12	4211.94	-258.16	-2057.93	87.39	-6.41	4.70
2025-01-09T04:32:14	4209.89	-258.22	-2051.10	87.43	-6.41	4.80
2025-01-09T04:32:16	4207.83	-258.29	-2044.27	87.47	-6.40	4.90
2025-01-09T04:32:18	4205.77	-258.35	-2037.43	87.51	-6.40	5.00
2025-01-09T04:32:20	4203.71	-258.42	-2030.59	87.55	-6.39	5.10
2025-01-09T04:32:22	4201.65	-258.48	-2023.76	87.59	-6.38	5.20
2025-01-09T04:32:24	4199.58	-258.54	-2016.92	87.63	-6.38	5.31
2025-01-09T04:32:26	4197.50	-258.61	-2010.08	87.67	-6.38	5.41
2025-01-09T04:32:28	4195.43	-258.67	-2003.24	87.71	-6.37	5.51
2025-01-09T04:32:30	4193.35	-258.74	-1996.39	87.75	-6.37	5.62
2025-01-09T04:32:32	4191.26	-258.80	-1989.54	87.78	-6.37	5.73
2025-01-09T04:32:34	4189.18	-258.86	-1982.70	87.82	-6.37	5.83
2025-01-09T04:32:36	4187.08	-258.92	-1975.84	87.85	-6.37	5.94
2025-01-09T04:32:38	4184.99	-258.99	-1968.99	87.89	-6.36	6.05
2025-01-09T04:32:40	4182.89	-259.05	-1962.14	87.92	-6.36	6.16
2025-01-09T04:32:42	4180.79	-259.11	-1955.28	87.96	-6.36	6.27
2025-01-09T04:32:44	4178.68	-259.17	-1948.43	88.00	-6.35	6.38
2025-01-09T04:32:46	4176.57	-259.23	-1941.57	88.03	-6.35	6.50
2025-01-09T04:32:48	4174.46	-259.29	-1934.71	88.06	-6.34	6.61
2025-01-09T04:32:50	4172.34	-259.35	-1927.85	88.09	-6.34	6.73
2025-01-09T04:32:52	4170.22	-259.42	-1920.98	88.12	-6.33	6.85
2025-01-09T04:32:54	4168.10	-259.48	-1914.12	88.15	-6.32	6.96
2025-01-09T04:32:56	4165.97	-259.54	-1907.25	88.17	-6.32	7.08
2025-01-09T04:32:58	4163.84	-259.60	-1900.38	88.20	-6.31	7.20
2025-01-09T04:33:00	4161.70	-259.66	-1893.51	88.23	-6.30	7.31
2025-01-09T04:33:02	4159.56	-259.72	-1886.63	88.25	-6.30	7.42
2025-01-09T04:33:04	4157.42	-259.77	-1879.76	88.28	-6.30	7.54
2025-01-09T04:33:06	4155.27	-259.84	-1872.89	88.30	-6.29	7.65
2025-01-09T04:33:08	4153.12	-259.89	-1866.01	88.32	-6.29	7.76
2025-01-09T04:33:10	4150.96	-259.95	-1859.13	88.34	-6.29	7.87
2025-01-09T04:33:12	4148.81	-260.01	-1852.25	88.36	-6.29	7.99
2025-01-09T04:33:14	4146.64	-260.07	-1845.36	88.39	-6.29	8.10
2025-01-09T04:33:16	4144.47	-260.13	-1838.48	88.41	-6.29	8.21
2025-01-09T04:33:18	4142.30	-260.18	-1831.59	88.42	-6.29	8.33
2025-01-09T04:33:20	4140.13	-260.24	-1824.71	88.44	-6.29	8.45
2025-01-09T04:33:22	4137.95	-260.30	-1817.81	88.45	-6.29	8.58
2025-01-09T04:33:24	4135.77	-260.36	-1810.92	88.47	-6.29	8.71
2025-01-09T04:33:26	4133.58	-260.41	-1804.03	88.49	-6.30	8.83
2025-01-09T04:33:28	4131.39	-260.47	-1797.13	88.51	-6.30	8.96
2025-01-09T04:33:30	4129.19	-260.52	-1790.24	88.53	-6.30	9.09
2025-01-09T04:33:32	4127.00	-260.58	-1783.34	88.55	-6.29	9.21
2025-01-09T04:33:34	4124.80	-260.64	-1776.44	88.56	-6.29	9.34
2025-01-09T04:33:36	4122.59	-260.69	-1769.54	88.57	-6.28	9.46
2025-01-09T04:33:38	4120.38	-260.75	-1762.63	88.58	-6.26	9.58
2025-01-09T04:33:40	4118.16	-260.80	-1755.73	88.59	-6.24	9.70
2025-01-09T04:33:42	4115.95	-260.86	-1748.82	88.60	-6.23	9.83
2025-01-09T04:33:44	4113.72	-260.91	-1741.91	88.61	-6.21	9.95
2025-01-09T04:33:46	4111.50	-260.96	-1735.00	88.62	-6.19	10.07
2025-01-09T04:33:48	4109.27	-261.02	-1728.09	88.63	-6.18	10.20
2025-01-09T04:33:50	4107.03	-261.07	-1721.18	88.64	-6.16	10.33
2025-01-09T04:33:52	4104.79	-261.12	-1714.26	88.65	-6.15	10.45
2025-01-09T04:33:54	4102.55	-261.18	-1707.34	88.67	-6.13	10.57
2025-01-09T04:33:56	4100.30	-261.23	-1700.42	88.68	-6.12	10.69
2025-01-09T04:33:58	4098.05	-261.28	-1693.50	88.70	-6.10	10.81
2025-01-09T04:34:00	4095.80	-261.33	-1686.58	88.71	-6.09	10.93
2025-01-09T04:34:02	4093.54	-261.38	-1679.65	88.73	-6.07	11.06
2025-01-09T04:34:04	4091.27	-261.44	-1672.73	88.74	-6.06	11.18
2025-01-09T04:34:06	4089.01	-261.49	-1665.80	88.76	-6.04	11.31
2025-01-09T04:34:08	4086.73	-261.54	-1658.87	88.77	-6.03	11.44
2025-01-09T04:34:10	4084.46	-261.59	-1651.94	88.77	-6.01	11.57
2025-01-09T04:34:12	4082.18	-261.64	-1645.01	88.77	-6.00	11.70
2025-01-09T04:34:14	4079.89	-261.69	-1638.07	88.77	-5.99	11.83
2025-01-09T04:34:16	4077.61	-261.74	-1631.14	88.77	-5.98	11.96
2025-01-09T04:34:18	4075.31	-261.79	-1624.20	88.77	-5.97	12.09
2025-01-09T04:34:20	4073.02	-261.84	-1617.26	88.77	-5.95	12.21
2025-01-09T04:34:22	4070.72	-261.89	-1610.32	88.77	-5.94	12.34
2025-01-09T04:34:24	4068.41	-261.94	-1603.38	88.78	-5.93	12.47
2025-01-09T04:34:26	4066.10	-261.99	-1596.43	88.78	-5.92	12.59
2025-01-09T04:34:28	4063.79	-262.03	-1589.49	88.77	-5.91	12.71
2025-01-09T04:34:30	4061.47	-262.08	-1582.54	88.77	-5.90	12.83
2025-01-09T04:34:32	4059.14	-262.13	-1575.59	88.77	-5.89	12.96
2025-01-09T04:34:34	4056.82	-262.18	-1568.64	88.76	-5.88	13.08
2025-01-09T04:34:36	4054.49	-262.22	-1561.68	88.76	-5.87	13.21
2025-01-09T04:34:38	4052.15	-262.27	-1554.73	88.76	-5.86	13.34
2025-01-09T04:34:40	4049.81	-262.32	-1547.77	88.75	-5.84	13.48
2025-01-09T04:34:42	4047.47	-262.37	-1540.82	88.75	-5.84	13.61
2025-01-09T04:34:44	4045.12	-262.41	-1533.86	88.75	-5.84	13.73
2025-01-09T04:34:46	4042.77	-262.46	-1526.90	88.74	-5.84	13.86
2025-01-09T04:34:48	4040.41	-262.50	-1519.93	88.74	-5.84	13.99
2025-01-09T04:34:50	4038.05	-262.55	-1512.97	88.74	-5.84	14.12
2025-01-09T04:34:52	4035.68	-262.59	-1506.00	88.73	-5.84	14.24
2025-01-09T04:34:54	4033.31	-262.64	-1499.03	88.72	-5.85	14.37
2025-01-09T04:34:56	4030.93	-262.68	-1492.06	88.72	-5.85	14.50
2025-01-09T04:34:58	4028.55	-262.72	-1485.09	88.71	-5.86	14.63
2025-01-09T04:35:00	4026.17	-262.77	-1478.12	88.70	-5.86	14.77
2025-01-09T04:35:02	4023.78	-262.81	-1471.14	88.69	-5.87	14.91
2025-01-09T04:35:04	4021.39	-262.85	-1464.17	88.68	-5.87	15.05
2025-01-09T04:35:06	4018.99	-262.90	-1457.19	88.67	-5.88	15.19
2025-01-09T04:35:08	4016.59	-262.94	-1450.21	88.67	-5.88	15.33
2025-01-09T04:35:10	4014.18	-262.98	-1443.23	88.67	-5.89	15.48
2025-01-09T04:35:12	4011.77	-263.02	-1436.25	88.66	-5.90	15.62
2025-01-09T04:35:14	4009.36	-263.07	-1429.26	88.66	-5.91	15.77
2025-01-09T04:35:16	4006.94	-263.11	-1422.28	88.66	-5.93	15.91
2025-01-09T04:35:18	4004.51	-263.15	-1415.29	88.65	-5.96	16.05
2025-01-09T04:35:20	4002.08	-263.19	-1408.30	88.65	-5.98	16.19
2025-01-09T04:35:22	3999.65	-263.23	-1401.31	88.64	-6.00	16.33
2025-01-09T04:35:24	3997.21	-263.27	-1394.32	88.63	-6.02	16.47
2025-01-09T04:35:26	3994.77	-263.31	-1387.33	88.62	-6.04	16.61
2025-01-09T04:35:28	3992.32	-263.35	-1380.33	88.61	-6.05	16.76
2025-01-09T04:35:30	3989.87	-263.39	-1373.33	88.59	-6.07	16.90
2025-01-09T04:35:32	3987.41	-263.42	-1366.33	88.55	-6.09	17.05
2025-01-09T04:35:34	3984.95	-263.46	-1359.33	88.52	-6.11	17.20
2025-01-09T04:35:36	3982.49	-263.50	-1352.33	88.47	-6.12	17.35
2025-01-09T04:35:38	3980.01	-263.54	-1345.33	88.43	-6.14	17.50
2025-01-09T04:35:40	3977.54	-263.58	-1338.32	88.39	-6.15	17.65
2025-01-09T04:35:42	3975.06	-263.62	-1331.32	88.35	-6.17	17.80
2025-01-09T04:35:44	3972.57	-263.65	-1324.31	88.30	-6.18	17.95
2025-01-09T04:35:46	3970.08	-263.69	-1317.30	88.26	-6.20	18.11
2025-01-09T04:35:48	3967.59	-263.72	-1310.29	88.24	-6.23	18.25
2025-01-09T04:35:50	3965.09	-263.76	-1303.27	88.22	-6.26	18.39
2025-01-09T04:35:52	3962.58	-263.80	-1296.26	88.20	-6.29	18.53
2025-01-09T04:35:54	3960.07	-263.83	-1289.24	88.18	-6.33	18.68
2025-01-09T04:35:56	3957.56	-263.87	-1282.22	88.17	-6.37	18.83
2025-01-09T04:35:58	3955.04	-263.90	-1275.20	88.16	-6.40	18.98
2025-01-09T04:36:00	3952.52	-263.93	-1268.19	88.14	-6.44	19.13
2025-01-09T04:36:02	3949.99	-263.97	-1261.16	88.13	-6.47	19.28
2025-01-09T04:36:04	3947.46	-264.00	-1254.14	88.10	-6.50	19.46
2025-01-09T04:36:06	3944.92	-264.03	-1247.11	88.07	-6.52	19.64
2025-01-09T04:36:08	3942.38	-264.07	-1240.09	88.04	-6.55	19.81
2025-01-09T04:36:10	3939.83	-264.10	-1233.06	88.01	-6.57	19.99
2025-01-09T04:36:12	3937.28	-264.13	-1226.03	87.99	-6.58	20.17
2025-01-09T04:36:14	3934.72	-264.17	-1219.00	87.96	-6.60	20.35
2025-01-09T04:36:16	3932.16	-264.20	-1211.96	87.93	-6.62	20.53
2025-01-09T04:36:18	3929.59	-264.23	-1204.93	87.90	-6.63	20.71
2025-01-09T04:36:20	3927.02	-264.26	-1197.89	87.86	-6.64	20.89
2025-01-09T04:36:22	3924.44	-264.29	-1190.85	87.81	-6.66	21.06
2025-01-09T04:36:24	3921.86	-264.32	-1183.81	87.76	-6.67	21.24
2025-01-09T04:36:26	3919.27	-264.35	-1176.77	87.71	-6.68	21.42
2025-01-09T04:36:28	3916.68	-264.38	-1169.73	87.66	-6.69	21.60
2025-01-09T04:36:30	3914.08	-264.41	-1162.69	87.62	-6.70	21.78
2025-01-09T04:36:32	3911.48	-264.44	-1155.64	87.57	-6.71	21.96
2025-01-09T04:36:34	3908.87	-264.47	-1148.60	87.51	-6.72	22.15
2025-01-09T04:36:36	3906.26	-264.50	-1141.55	87.48	-6.74	22.32
2025-01-09T04:36:38	3903.64	-264.52	-1134.50	87.45	-6.77	22.50
2025-01-09T04:36:40	3901.02	-264.55	-1127.45	87.43	-6.80	22.68
2025-01-09T04:36:42	3898.39	-264.58	-1120.39	87.40	-6.83	22.86
2025-01-09T04:36:44	3895.76	-264.60	-1113.34	87.38	-6.87	23.04
2025-01-09T04:36:46	3893.12	-264.63	-1106.29	87.35	-6.89	23.22
2025-01-09T04:36:48	3890.48	-264.66	-1099.23	87.32	-6.92	23.41
2025-01-09T04:36:50	3887.83	-264.68	-1092.17	87.29	-6.95	23.59
2025-01-09T04:36:52	3885.17	-264.71	-1085.11	87.25	-6.98	23.78
2025-01-09T04:36:54	3882.52	-264.73	-1078.05	87.19	-7.01	23.97
2025-01-09T04:36:56	3879.85	-264.76	-1070.98	87.14	-7.04	24.16
2025-01-09T04:36:58	3877.18	-264.78	-1063.92	87.08	-7.07	24.35
2025-01-09T04:37:00	3874.51	-264.81	-1056.85	87.02	-7.10	24.55
2025-01-09T04:37:02	3871.83	-264.83	-1049.79	86.96	-7.14	24.74
2025-01-09T04:37:04	3869.14	-264.85	-1042.72	86.90	-7.17	24.94
2025-01-09T04:37:06	3866.45	-264.87	-1035.65	86.84	-7.20	25.13
2025-01-09T04:37:08	3863.76	-264.90	-1028.58	86.77	-7.24	25.33
2025-01-09T04:37:10	3861.06	-264.92	-1021.51	86.69	-7.28	25.51
2025-01-09T04:37:12	3858.35	-264.94	-1014.43	86.61	-7.32	25.70
2025-01-09T04:37:14	3855.64	-264.96	-1007.36	86.54	-7.37	25.89
2025-01-09T04:37:16	3852.92	-264.98	-1000.28	86.46	-7.41	26.09
2025-01-09T04:37:18	3850.20	-265.00	-993.20	86.38	-7.45	26.28
2025-01-09T04:37:20	3847.47	-265.02	-986.12	86.30	-7.50	26.48
2025-01-09T04:37:22	3844.74	-265.05	-979.04	86.23	-7.55	26.68
2025-01-09T04:37:24	3842.00	-265.06	-971.96	86.14	-7.60	26.88
2025-01-09T04:37:26	3839.26	-265.08	-964.87	86.03	-7.65	27.10
2025-01-09T04:37:28	3836.51	-265.10	-957.79	85.92	-7.70	27.31
2025-01-09T04:37:30	3833.76	-265.12	-950.70	85.81	-7.74	27.53
2025-01-09T04:37:32	3831.00	-265.14	-943.61	85.71	-7.79	27.75
2025-01-09T04:37:34	3828.23	-265.15	-936.52	85.60	-7.83	27.96
2025-01-09T04:37:36	3825.46	-265.17	-929.43	85.50	-7.87	28.18
2025-01-09T04:37:38	3822.68	-265.19	-922.34	85.40	-7.91	28.40
2025-01-09T04:37:40	3819.90	-265.21	-915.25	85.30	-7.95	28.63
2025-01-09T04:37:42	3817.12	-265.22	-908.15	85.22	-8.01	28.88
2025-01-09T04:37:44	3814.33	-265.24	-901.06	85.15	-8.06	29.13
2025-01-09T04:37:46	3811.52	-265.25	-893.96	85.07	-8.12	29.39
2025-01-09T04:37:48	3808.72	-265.27	-886.86	84.99	-8.17	29.65
2025-01-09T04:37:50	3805.91	-265.28	-879.76	84.91	-8.22	29.91
2025-01-09T04:37:52	3803.10	-265.30	-872.66	84.83	-8.27	30.17
2025-01-09T04:37:54	3800.28	-265.31	-865.56	84.76	-8.33	30.44
2025-01-09T04:37:56	3797.45	-265.32	-858.45	84.66	-8.38	30.70
2025-01-09T04:37:58	3794.62	-265.34	-851.35	84.53	-8.45	30.94
2025-01-09T04:38:00	3791.78	-265.35	-844.24	84.40	-8.52	31.18
2025-01-09T04:38:02	3788.94	-265.36	-837.14	84.26	-8.60	31.42
2025-01-09T04:38:04	3786.09	-265.37	-830.03	84.12	-8.68	31.65
2025-01-09T04:38:06	3783.23	-265.38	-822.92	83.98	-8.75	31.88
2025-01-09T04:38:08	3780.37	-265.39	-815.81	83.84	-8.83	32.12
2025-01-09T04:38:10	3777.51	-265.40	-808.69	83.70	-8.90	32.35
2025-01-09T04:38:12	3774.64	-265.41	-801.58	83.56	-8.98	32.59
2025-01-09T04:38:14	3771.76	-265.42	-794.46	83.43	-9.05	32.80
2025-01-09T04:38:16	3768.88	-265.43	-787.35	83.31	-9.12	33.02
2025-01-09T04:38:18	3765.99	-265.44	-780.23	83.18	-9.18	33.24
2025-01-09T04:38:20	3763.09	-265.45	-773.11	83.06	-9.24	33.46
2025-01-09T04:38:22	3760.19	-265.46	-765.99	82.94	-9.29	33.68
2025-01-09T04:38:24	3757.29	-265.46	-758.87	82.83	-9.33	33.90
2025-01-09T04:38:26	3754.37	-265.47	-751.75	82.71	-9.36	34.12
2025-01-09T04:38:28	3751.46	-265.48	-744.63	82.59	-9.39	34.35
2025-01-09T04:38:30	3748.53	-265.48	-737.50	82.44	-9.45	34.59
2025-01-09T04:38:32	3745.60	-265.49	-730.37	82.28	-9.51	34.84
2025-01-09T04:38:34	3742.67	-265.50	-723.25	82.13	-9.56	35.08
2025-01-09T04:38:36	3739.72	-265.50	-716.12	81.97	-9.62	35.33
2025-01-09T04:38:38	3736.78	-265.51	-708.99	81.80	-9.68	35.57
2025-01-09T04:38:40	3733.82	-265.51	-701.86	81.64	-9.74	35.82
2025-01-09T04:38:42	3730.86	-265.51	-694.73	81.47	-9.83	36.08
2025-01-09T04:38:44	3727.90	-265.52	-687.60	81.31	-9.94	36.35
2025-01-09T04:38:46	3724.93	-265.52	-680.46	81.12	-10.12	36.60
2025-01-09T04:38:48	3721.95	-265.52	-673.33	80.92	-10.30	36.84
2025-01-09T04:38:50	3718.97	-265.52	-666.20	80.72	-10.47	37.09
2025-01-09T04:38:52	3715.98	-265.53	-659.06	80.52	-10.64	37.32
2025-01-09T04:38:54	3712.98	-265.53	-651.92	80.32	-10.80	37.56
2025-01-09T04:38:56	3709.98	-265.53	-644.78	80.11	-10.96	37.79
2025-01-09T04:38:58	3706.97	-265.53	-637.64	79.90	-11.11	38.02
2025-01-09T04:39:00	3703.96	-265.53	-630.50	79.68	-11.26	38.24
2025-01-09T04:39:02	3700.94	-265.53	-623.36	79.47	-11.42	38.45
2025-01-09T04:39:04	3697.91	-265.53	-616.21	79.26	-11.58	38.66
2025-01-09T04:39:06	3694.88	-265.52	-609.07	79.05	-11.74	38.87
2025-01-09T04:39:08	3691.84	-265.52	-601.93	78.84	-11.89	39.09
2025-01-09T04:39:10	3688.80	-265.52	-594.78	78.64	-12.05	39.30
2025-01-09T04:39:12	3685.75	-265.52	-587.63	78.43	-12.21	39.53
2025-01-09T04:39:14	3682.69	-265.51	-580.49	78.22	-12.37	39.75
2025-01-09T04:39:16	3679.63	-265.51	-573.34	78.00	-12.52	39.96
2025-01-09T04:39:18	3676.56	-265.50	-566.18	77.74	-12.59	40.08
2025-01-09T04:39:20	3673.48	-265.50	-559.04	77.46	-12.65	40.21
2025-01-09T04:39:22	3670.40	-265.49	-551.88	77.18	-12.70	40.34
2025-01-09T04:39:24	3667.31	-265.49	-544.73	76.89	-12.74	40.46
2025-01-09T04:39:26	3664.22	-265.48	-537.58	76.60	-12.78	40.58
2025-01-09T04:39:28	3661.12	-265.48	-530.42	76.30	-12.82	40.70
2025-01-09T04:39:30	3658.01	-265.47	-523.27	75.98	-12.85	40.81
2025-01-09T04:39:32	3654.90	-265.46	-516.11	75.67	-12.87	40.93
2025-01-09T04:39:34	3651.78	-265.45	-508.95	75.35	-12.91	41.09
2025-01-09T04:39:36	3648.65	-265.45	-501.79	75.03	-12.96	41.25
2025-01-09T04:39:38	3645.52	-265.44	-494.63	74.70	-13.03	41.42
2025-01-09T04:39:40	3642.38	-265.43	-487.47	74.37	-13.12	41.60
2025-01-09T04:39:42	3639.24	-265.42	-480.31	74.04	-13.23	41.78
2025-01-09T04:39:44	3636.08	-265.41	-473.15	73.70	-13.36	41.96
2025-01-09T04:39:46	3632.93	-265.39	-465.99	73.35	-13.51	42.16
2025-01-09T04:39:48	3629.76	-265.38	-458.82	72.98	-13.69	42.32
2025-01-09T04:39:50	3626.59	-265.37	-451.66	72.58	-13.95	42.35
2025-01-09T04:39:52	3623.41	-265.36	-444.49	72.18	-14.23	42.38
2025-01-09T04:39:54	3620.23	-265.35	-437.33	71.78	-14.52	42.40
2025-01-09T04:39:56	3617.04	-265.33	-430.16	71.36	-14.73	42.35
2025-01-09T04:39:58	3613.84	-265.32	-423.00	70.92	-14.92	42.26
2025-01-09T04:40:00	3610.64	-265.31	-415.83	70.45	-15.11	42.16
2025-01-09T04:40:02	3607.43	-265.29	-408.66	69.96	-15.29	42.03
2025-01-09T04:40:04	3604.21	-265.27	-401.49	69.42	-15.43	41.87
2025-01-09T04:40:06	3600.99	-265.26	-394.32	68.76	-15.49	41.64
2025-01-09T04:40:08	3597.76	-265.24	-387.15	68.11	-15.56	41.41
2025-01-09T04:40:10	3594.52	-265.23	-379.97	67.46	-15.64	41.19
2025-01-09T04:40:12	3591.27	-265.21	-372.80	66.82	-15.75	40.96
2025-01-09T04:40:14	3588.02	-265.19	-365.63	66.18	-15.86	40.73
2025-01-09T04:40:16	3584.77	-265.17	-358.45	65.55	-16.00	40.50
2025-01-09T04:40:18	3581.51	-265.15	-351.28	64.93	-16.15	40.27
2025-01-09T04:40:20	3578.24	-265.14	-344.10	64.30	-16.31	40.02
2025-01-09T04:40:22	3574.96	-265.12	-336.93	63.61	-16.50	39.73
2025-01-09T04:40:24	3571.67	-265.09	-329.75	62.88	-16.69	39.43
2025-01-09T04:40:26	3568.39	-265.07	-322.57	62.12	-16.90	39.14
2025-01-09T04:40:28	3565.09	-265.05	-315.40	61.33	-17.11	38.84
2025-01-09T04:40:30	3561.78	-265.03	-308.22	60.52	-17.34	38.53
2025-01-09T04:40:32	3558.47	-265.01	-301.04	59.78	-17.55	38.20
2025-01-09T04:40:34	3555.15	-264.99	-293.86	59.04	-17.74	37.86
2025-01-09T04:40:36	3551.83	-264.96	-286.68	58.31	-17.97	37.46
2025-01-09T04:40:38	3548.50	-264.94	-279.50	57.59	-18.29	36.95
2025-01-09T04:40:40	3545.16	-264.92	-272.32	56.88	-18.60	36.42
2025-01-09T04:40:42	3541.81	-264.89	-265.14	56.17	-18.89	35.87
2025-01-09T04:40:44	3538.46	-264.86	-257.95	55.45	-19.17	35.30
2025-01-09T04:40:46	3535.10	-264.84	-250.77	54.74	-19.43	34.70
2025-01-09T04:40:48	3531.74	-264.81	-243.59	54.03	-19.67	34.09
2025-01-09T04:40:50	3528.36	-264.78	-236.40	53.32	-19.90	33.46
2025-01-09T04:40:52	3524.99	-264.76	-229.22	52.41	-20.03	32.88
2025-01-09T04:40:54	3521.60	-264.73	-222.04	51.12	-20.00	32.45
2025-01-09T04:40:56	3518.20	-264.70	-214.85	49.81	-19.95	32.02
2025-01-09T04:40:58	3514.80	-264.67	-207.66	48.49	-19.90	31.58
2025-01-09T04:41:00	3511.40	-264.64	-200.48	47.16	-19.83	31.14
2025-01-09T04:41:02	3507.98	-264.61	-193.29	45.81	-19.74	30.70
2025-01-09T04:41:04	3504.56	-264.58	-186.10	44.46	-19.66	30.28
2025-01-09T04:41:06	3501.13	-264.55	-178.92	43.22	-19.68	30.00
2025-01-09T04:41:08	3497.69	-264.52	-171.73	41.99	-19.75	29.80
2025-01-09T04:41:10	3494.25	-264.48	-164.54	40.69	-19.83	29.76
2025-01-09T04:41:12	3490.80	-264.45	-157.35	39.38	-19.87	29.73
2025-01-09T04:41:14	3487.34	-264.42	-150.16	38.06	-19.85	29.71
2025-01-09T04:41:16	3483.88	-264.39	-142.97	36.73	-19.79	29.71
2025-01-09T04:41:18	3480.41	-264.35	-135.79	35.39	-19.67	29.72
2025-01-09T04:41:20	3476.93	-264.32	-128.60	34.03	-19.51	29.75
2025-01-09T04:41:22	3473.44	-264.28	-121.41	32.67	-19.29	29.79
2025-01-09T04:41:24	3469.95	-264.24	-114.22	31.51	-19.16	29.79
2025-01-09T04:41:26	3466.45	-264.21	-107.03	30.61	-19.18	29.73
2025-01-09T04:41:28	3462.94	-264.17	-99.84	29.67	-19.20	29.67
2025-01-09T04:41:30	3459.42	-264.13	-92.65	28.69	-19.20	29.62
2025-01-09T04:41:32	3455.90	-264.09	-85.46	27.67	-19.19	29.57
2025-01-09T04:41:34	3452.37	-264.05	-78.26	26.60	-19.16	29.52
2025-01-09T04:41:36	3448.83	-264.01	-71.07	25.49	-19.12	29.48
2025-01-09T04:41:38	3445.29	-263.97	-63.88	24.43	-19.12	29.40
2025-01-09T04:41:40	3441.74	-263.93	-56.69	23.34	-19.32	29.49
2025-01-09T04:41:42	3438.18	-263.89	-49.50	22.13	-19.71	29.78
2025-01-09T04:41:44	3434.61	-263.85	-42.31	20.90	-20.04	30.07
2025-01-09T04:41:46	3431.04	-263.81	-35.11	19.65	-20.33	30.35
2025-01-09T04:41:48	3427.45	-263.76	-27.92	18.37	-20.56	30.63
2025-01-09T04:41:50	3423.86	-263.72	-20.73	17.06	-20.75	30.90
2025-01-09T04:41:52	3420.27	-263.68	-13.54	15.73	-20.88	31.17
2025-01-09T04:41:54	3416.67	-263.63	-6.35	14.38	-20.96	31.44
2025-01-09T04:41:56	3413.05	-263.59	0.84	12.97	-21.05	31.78
2025-01-09T04:41:58	3409.43	-263.54	8.04	11.58	-21.19	32.23
2025-01-09T04:42:00	3405.81	-263.49	15.23	10.23	-21.35	32.69
2025-01-09T04:42:02	3402.17	-263.44	22.42	8.93	-21.53	33.18
2025-01-09T04:42:04	3398.53	-263.40	29.61	7.67	-21.72	33.69
2025-01-09T04:42:06	3394.88	-263.35	36.80	6.46	-21.93	34.23
2025-01-09T04:42:08	3391.23	-263.30	44.00	5.29	-22.15	34.78
2025-01-09T04:42:10	3387.56	-263.25	51.19	4.17	-22.71	35.43
2025-01-09T04:42:12	3383.89	-263.20	58.38	3.35	-23.55	36.24
2025-01-09T04:42:14	3380.21	-263.15	65.57	2.70	-24.50	37.12
2025-01-09T04:42:16	3376.53	-263.10	72.76	2.01	-25.41	37.96
2025-01-09T04:42:18	3372.83	-263.05	79.95	1.28	-26.28	38.77
2025-01-09T04:42:20	3369.13	-262.99	87.14	0.52	-27.09	39.55
2025-01-09T04:42:22	3365.42	-262.94	94.34	-0.27	-27.87	40.30
2025-01-09T04:42:24	3361.70	-262.89	101.53	-1.10	-28.59	41.01
2025-01-09T04:42:26	3357.97	-262.83	108.72	-1.97	-29.27	41.68
2025-01-09T04:42:28	3354.24	-262.78	115.90	-2.58	-29.73	42.25
2025-01-09T04:42:30	3350.50	-262.72	123.10	-3.06	-30.05	42.83
2025-01-09T04:42:32	3346.75	-262.67	130.29	-3.61	-30.34	43.47
2025-01-09T04:42:34	3343.00	-262.61	137.47	-4.22	-30.60	44.18
2025-01-09T04:42:36	3339.23	-262.55	144.67	-4.89	-30.84	44.96
2025-01-09T04:42:38	3335.46	-262.49	151.85	-5.62	-31.05	45.80
2025-01-09T04:42:40	3331.68	-262.43	159.04	-6.36	-31.36	46.75
2025-01-09T04:42:42	3327.89	-262.37	166.23	-7.09	-31.82	47.69
2025-01-09T04:42:44	3324.09	-262.31	173.42	-7.81	-31.75	47.88
2025-01-09T04:42:46	3320.29	-262.25	180.60	-8.49	-31.38	47.78
2025-01-09T04:42:48	3316.48	-262.19	187.79	-9.15	-30.99	47.73
2025-01-09T04:42:50	3312.66	-262.13	194.98	-9.80	-30.59	47.73
2025-01-09T04:42:52	3308.83	-262.07	202.16	-10.44	-30.17	47.78
2025-01-09T04:42:54	3305.00	-262.00	209.35	-11.05	-29.74	47.89
2025-01-09T04:42:56	3301.16	-261.94	216.53	-11.65	-29.28	48.05
2025-01-09T04:42:58	3297.30	-261.88	223.71	-12.24	-28.82	48.26
2025-01-09T04:43:00	3293.45	-261.81	230.90	-12.32	-28.45	48.51
2025-01-09T04:43:02	3289.58	-261.75	238.08	-12.24	-28.12	48.82
2025-01-09T04:43:04	3285.70	-261.68	245.26	-12.18	-27.78	49.21
2025-01-09T04:43:06	3281.82	-261.61	252.44	-12.16	-27.42	49.68
2025-01-09T04:43:08	3277.93	-261.54	259.63	-12.18	-27.04	50.22
2025-01-09T04:43:10	3274.03	-261.48	266.81	-12.20	-26.46	50.63
2025-01-09T04:43:12	3270.12	-261.41	273.99	-12.21	-25.78	50.94
2025-01-09T04:43:14	3266.21	-261.34	281.17	-12.19	-25.18	51.31
2025-01-09T04:43:16	3262.28	-261.27	288.34	-11.90	-24.76	51.69
2025-01-09T04:43:18	3258.35	-261.19	295.52	-11.61	-24.42	52.09
2025-01-09T04:43:20	3254.41	-261.12	302.70	-11.40	-24.09	52.56
2025-01-09T04:43:22	3250.47	-261.05	309.88	-11.28	-23.80	53.08
2025-01-09T04:43:24	3246.51	-260.98	317.05	-11.25	-23.52	53.65
2025-01-09T04:43:26	3242.55	-260.90	324.23	-11.31	-23.27	54.28
2025-01-09T04:43:28	3238.57	-260.83	331.40	-11.46	-23.03	54.96
2025-01-09T04:43:30	3234.59	-260.76	338.57	-11.69	-22.82	55.70
2025-01-09T04:43:32	3230.60	-260.68	345.75	-11.58	-22.43	55.99
2025-01-09T04:43:34	3226.61	-260.60	352.92	-11.32	-22.01	56.12
2025-01-09T04:43:36	3222.60	-260.53	360.09	-11.02	-21.63	56.25
2025-01-09T04:43:38	3218.59	-260.45	367.26	-10.71	-21.25	56.33
2025-01-09T04:43:40	3214.57	-260.37	374.43	-10.45	-20.76	56.28
2025-01-09T04:43:42	3210.54	-260.29	381.59	-10.22	-20.39	56.30
2025-01-09T04:43:44	3206.50	-260.21	388.76	-10.00	-20.16	56.38
2025-01-09T04:43:46	3202.45	-260.13	395.93	-9.81	-20.07	56.54
2025-01-09T04:43:48	3198.40	-260.05	403.09	-9.52	-19.66	57.40
2025-01-09T04:43:50	3194.34	-259.97	410.25	-9.19	-19.08	58.44
2025-01-09T04:43:52	3190.26	-259.89	417.42	-8.83	-18.44	59.51
2025-01-09T04:43:54	3186.19	-259.80	424.58	-8.46	-17.72	60.60
2025-01-09T04:43:56	3182.10	-259.72	431.74	-8.06	-16.93	61.71
2025-01-09T04:43:58	3178.00	-259.64	438.90	-7.65	-16.07	62.84
2025-01-09T04:44:00	3173.90	-259.55	446.06	-7.21	-15.13	63.99
2025-01-09T04:44:02	3169.78	-259.46	453.21	-6.75	-14.12	65.16
2025-01-09T04:44:04	3165.66	-259.38	460.37	-6.09	-13.26	66.36
2025-01-09T04:44:06	3161.53	-259.29	467.52	-5.23	-12.45	67.54
2025-01-09T04:44:08	3157.39	-259.20	474.68	-4.05	-11.36	68.25
2025-01-09T04:44:10	3153.24	-259.11	481.83	-2.91	-10.33	68.96
2025-01-09T04:44:12	3149.09	-259.02	488.98	-1.82	-9.37	69.68
2025-01-09T04:44:14	3144.92	-258.93	496.13	-0.78	-8.47	70.39
2025-01-09T04:44:16	3140.75	-258.84	503.28	0.21	-7.64	71.11
2025-01-09T04:44:18	3136.57	-258.75	510.42	1.16	-6.87	71.82
2025-01-09T04:44:20	3132.38	-258.66	517.57	1.66	-5.93	71.78
2025-01-09T04:44:22	3128.18	-258.56	524.71	1.98	-5.04	71.58
2025-01-09T04:44:24	3123.98	-258.47	531.85	2.20	-4.26	71.37
2025-01-09T04:44:26	3119.76	-258.38	538.99	2.31	-3.58	71.18
2025-01-09T04:44:28	3115.54	-258.28	546.13	2.33	-3.00	70.99
2025-01-09T04:44:30	3111.31	-258.19	553.27	2.25	-2.53	70.81
2025-01-09T04:44:32	3107.06	-258.09	560.41	2.07	-2.17	70.63
2025-01-09T04:44:34	3102.81	-257.99	567.54	1.97	-1.81	70.41
2025-01-09T04:44:36	3098.56	-257.89	574.68	2.00	-0.83	69.91
2025-01-09T04:44:38	3094.29	-257.80	581.81	1.96	0.17	69.35
2025-01-09T04:44:40	3090.01	-257.70	588.94	1.84	1.04	68.79
2025-01-09T04:44:42	3085.73	-257.60	596.07	1.64	1.80	68.22
2025-01-09T04:44:44	3081.43	-257.50	603.19	1.36	2.44	67.65
2025-01-09T04:44:46	3077.14	-257.39	610.32	1.01	2.96	67.07
2025-01-09T04:44:48	3072.82	-257.29	617.44	0.59	3.37	66.50
2025-01-09T04:44:50	3068.50	-257.19	624.56	0.08	3.65	65.92
2025-01-09T04:44:52	3064.18	-257.08	631.68	-0.59	3.15	65.51
2025-01-09T04:44:54	3059.84	-256.98	638.80	-1.25	2.39	65.14
2025-01-09T04:44:56	3055.49	-256.87	645.92	-1.85	1.56	64.76
2025-01-09T04:44:58	3051.14	-256.77	653.03	-2.39	0.66	64.38
2025-01-09T04:45:00	3046.78	-256.66	660.14	-2.87	-0.27	64.03
2025-01-09T04:45:02	3042.41	-256.55	667.25	-3.23	-1.00	63.87
2025-01-09T04:45:04	3038.03	-256.44	674.36	-3.54	-1.73	63.75
2025-01-09T04:45:06	3033.64	-256.33	681.47	-3.81	-2.43	63.64
2025-01-09T04:45:08	3029.24	-256.22	688.57	-4.14	-3.16	63.50
2025-01-09T04:45:10	3024.83	-256.11	695.68	-4.52	-3.89	63.29
2025-01-09T04:45:12	3020.42	-256.00	702.78	-4.94	-4.60	63.05
2025-01-09T04:45:14	3015.99	-255.89	709.87	-5.39	-5.29	62.75
2025-01-09T04:45:16	3011.56	-255.78	716.97	-5.89	-5.97	62.42
2025-01-09T04:45:18	3007.12	-255.66	724.07	-6.42	-6.63	62.04
2025-01-09T04:45:20	3002.67	-255.55	731.16	-6.99	-7.28	61.62
2025-01-09T04:45:22	2998.21	-255.43	738.25	-7.59	-7.92	61.16
2025-01-09T04:45:24	2993.74	-255.32	745.33	-8.73	-8.72	60.75
2025-01-09T04:45:26	2989.26	-255.20	752.42	-10.10	-9.51	60.35
2025-01-09T04:45:28	2984.77	-255.08	759.50	-11.65	-10.00	59.99
2025-01-09T04:45:30	2980.28	-254.97	766.58	-13.14	-10.50	59.72
2025-01-09T04:45:32	2975.77	-254.85	773.66	-14.60	-11.02	59.53
2025-01-09T04:45:34	2971.26	-254.73	780.74	-16.01	-11.55	59.44
2025-01-09T04:45:36	2966.74	-254.61	787.82	-17.38	-12.09	59.44
2025-01-09T04:45:38	2962.21	-254.48	794.89	-18.71	-12.65	59.54
2025-01-09T04:45:40	2957.67	-254.36	801.96	-19.92	-13.14	59.36
2025-01-09T04:45:42	2953.12	-254.24	809.02	-20.96	-13.65	58.93
2025-01-09T04:45:44	2948.56	-254.11	816.09	-21.87	-14.25	58.47
2025-01-09T04:45:46	2943.99	-253.99	823.15	-22.65	-14.94	57.98
2025-01-09T04:45:48	2939.42	-253.86	830.21	-23.29	-15.71	57.46
2025-01-09T04:45:50	2934.83	-253.74	837.27	-23.81	-16.57	56.90
2025-01-09T04:45:52	2930.24	-253.61	844.32	-24.46	-17.44	56.66
2025-01-09T04:45:54	2925.64	-253.48	851.37	-25.28	-18.26	56.74
2025-01-09T04:45:56	2921.02	-253.35	858.42	-26.10	-19.03	57.16
2025-01-09T04:45:58	2916.40	-253.23	865.47	-26.86	-19.72	57.71
2025-01-09T04:46:00	2911.77	-253.10	872.51	-27.59	-20.33	58.14
2025-01-09T04:46:02	2907.13	-252.97	879.55	-28.29	-20.88	58.46
2025-01-09T04:46:04	2902.48	-252.83	886.59	-28.97	-21.35	58.66
2025-01-09T04:46:06	2897.83	-252.70	893.63	-29.62	-21.75	58.74
2025-01-09T04:46:08	2893.16	-252.57	900.66	-30.24	-22.07	58.71
2025-01-09T04:46:10	2888.49	-252.44	907.69	-30.84	-22.32	58.55
2025-01-09T04:46:12	2883.80	-252.30	914.72	-31.33	-22.58	58.60
2025-01-09T04:46:14	2879.11	-252.16	921.74	-31.63	-23.04	59.19
2025-01-09T04:46:16	2874.41	-252.03	928.76	-31.92	-23.50	60.06
2025-01-09T04:46:18	2869.69	-251.89	935.78	-32.16	-23.86	61.40
2025-01-09T04:46:20	2864.97	-251.75	942.80	-32.33	-24.34	62.67
2025-01-09T04:46:22	2860.24	-251.61	949.81	-32.41	-24.96	63.87
2025-01-09T04:46:24	2855.50	-251.47	956.82	-32.40	-25.72	64.99
2025-01-09T04:46:26	2850.76	-251.33	963.82	-32.31	-26.60	66.05
2025-01-09T04:46:28	2846.00	-251.19	970.83	-32.29	-27.55	67.06
2025-01-09T04:46:30	2841.23	-251.05	977.83	-32.77	-28.33	68.07
2025-01-09T04:46:32	2836.46	-250.91	984.83	-33.21	-29.16	68.91
2025-01-09T04:46:34	2831.67	-250.76	991.82	-33.60	-30.03	69.59
2025-01-09T04:46:36	2826.88	-250.62	998.81	-33.95	-30.95	70.11
2025-01-09T04:46:38	2822.08	-250.47	1005.80	-34.26	-31.91	70.47
2025-01-09T04:46:40	2817.26	-250.32	1012.78	-34.77	-32.58	70.64
2025-01-09T04:46:42	2812.44	-250.18	1019.76	-35.67	-32.56	70.60
2025-01-09T04:46:44	2807.61	-250.03	1026.74	-36.44	-32.54	70.46
2025-01-09T04:46:46	2802.77	-249.88	1033.71	-37.76	-31.73	71.39
2025-01-09T04:46:48	2797.92	-249.73	1040.68	-38.98	-31.08	72.14
2025-01-09T04:46:50	2793.07	-249.58	1047.65	-40.10	-30.57	72.72
2025-01-09T04:46:52	2788.20	-249.43	1054.61	-41.11	-30.22	73.13
2025-01-09T04:46:54	2783.32	-249.28	1061.58	-42.02	-30.01	73.35
2025-01-09T04:46:56	2778.44	-249.12	1068.53	-42.83	-29.95	73.40
2025-01-09T04:46:58	2773.54	-248.97	1075.49	-43.54	-30.04	73.27
2025-01-09T04:47:00	2768.64	-248.82	1082.44	-44.14	-30.28	72.95
2025-01-09T04:47:02	2763.72	-248.66	1089.38	-45.64	-29.67	72.20
2025-01-09T04:47:04	2758.80	-248.50	1096.32	-47.51	-28.68	71.58
2025-01-09T04:47:06	2753.87	-248.35	1103.26	-49.42	-27.59	71.20
2025-01-09T04:47:08	2748.93	-248.19	1110.20	-51.21	-26.64	70.85
2025-01-09T04:47:10	2743.98	-248.03	1117.13	-52.87	-25.82	70.53
2025-01-09T04:47:12	2739.02	-247.87	1124.06	-54.41	-25.13	70.24
2025-01-09T04:47:14	2734.05	-247.71	1130.98	-55.81	-24.57	69.98
2025-01-09T04:47:16	2729.08	-247.55	1137.90	-57.09	-24.15	69.76
2025-01-09T04:47:18	2724.09	-247.39	1144.82	-58.53	-23.40	69.95
2025-01-09T04:47:20	2719.09	-247.22	1151.73	-60.04	-22.51	70.47
2025-01-09T04:47:22	2714.09	-247.06	1158.64	-61.41	-21.82	71.04
2025-01-09T04:47:24	2709.08	-246.89	1165.55	-62.63	-21.34	71.65
2025-01-09T04:47:26	2704.05	-246.73	1172.45	-63.74	-21.02	72.33
2025-01-09T04:47:28	2699.02	-246.56	1179.34	-65.05	-20.37	73.17
2025-01-09T04:47:30	2693.98	-246.40	1186.24	-66.36	-19.90	73.95
2025-01-09T04:47:32	2688.93	-246.23	1193.13	-67.66	-19.63	74.66
2025-01-09T04:47:34	2683.87	-246.06	1200.01	-69.34	-19.25	75.34
2025-01-09T04:47:36	2678.80	-245.89	1206.89	-71.92	-18.34	75.90
2025-01-09T04:47:38	2673.72	-245.72	1213.77	-74.42	-17.55	76.19
2025-01-09T04:47:40	2668.63	-245.55	1220.64	-76.83	-16.87	76.22
2025-01-09T04:47:42	2663.53	-245.37	1227.51	-79.14	-16.31	75.97
2025-01-09T04:47:44	2658.43	-245.20	1234.37	-81.37	-15.87	75.46
2025-01-09T04:47:46	2653.31	-245.03	1241.23	-83.50	-15.56	74.67
2025-01-09T04:47:48	2648.19	-244.85	1248.08	-85.54	-15.37	73.60
2025-01-09T04:47:50	2643.05	-244.68	1254.94	-87.83	-14.80	73.13
2025-01-09T04:47:52	2637.91	-244.50	1261.78	-90.92	-13.19	74.22
2025-01-09T04:47:54	2632.76	-244.32	1268.62	-93.86	-11.68	75.38
2025-01-09T04:47:56	2627.59	-244.14	1275.46	-96.64	-10.31	76.55
2025-01-09T04:47:58	2622.42	-243.96	1282.29	-99.23	-9.09	77.74
2025-01-09T04:48:00	2617.24	-243.78	1289.12	-101.66	-8.02	78.94
2025-01-09T04:48:02	2612.05	-243.60	1295.95	-103.90	-7.09	80.16
2025-01-09T04:48:04	2606.86	-243.42	1302.77	-105.97	-6.32	81.39
2025-01-09T04:48:06	2601.65	-243.24	1309.58	-107.87	-5.69	82.64
2025-01-09T04:48:08	2596.43	-243.05	1316.39	-110.25	-4.91	83.57
2025-01-09T04:48:10	2591.21	-242.87	1323.20	-113.21	-3.83	84.26
2025-01-09T04:48:12	2585.97	-242.68	1330.00	-116.59	-2.79	83.99
2025-01-09T04:48:14	2580.73	-242.50	1336.80	-119.92	-1.75	83.38
2025-01-09T04:48:16	2575.47	-242.31	1343.59	-123.10	-0.65	82.68
2025-01-09T04:48:18	2570.21	-242.12	1350.37	-126.13	0.49	81.89
2025-01-09T04:48:20	2564.94	-241.93	1357.15	-129.00	1.67	81.01
2025-01-09T04:48:22	2559.66	-241.74	1363.93	-131.72	2.90	80.04
2025-01-09T04:48:24	2554.37	-241.55	1370.70	-134.32	3.93	79.05
2025-01-09T04:48:26	2549.07	-241.36	1377.47	-137.10	3.79	78.46
2025-01-09T04:48:28	2543.76	-241.17	1384.23	-140.06	3.72	77.98
2025-01-09T04:48:30	2538.44	-240.97	1390.99	-143.20	3.72	77.62
2025-01-09T04:48:32	2533.12	-240.78	1397.74	-146.53	3.79	77.37
2025-01-09T04:48:34	2527.78	-240.59	1404.49	-150.69	3.78	77.73
2025-01-09T04:48:36	2522.44	-240.39	1411.23	-154.81	3.72	77.99
2025-01-09T04:48:38	2517.08	-240.19	1417.97	-158.83	3.63	78.10
2025-01-09T04:48:40	2511.72	-240.00	1424.70	-162.77	3.50	78.06
2025-01-09T04:48:42	2506.35	-239.80	1431.43	-165.51	2.95	77.81
2025-01-09T04:48:44	2500.97	-239.60	1438.15	-167.71	2.19	77.53
2025-01-09T04:48:46	2495.58	-239.40	1444.87	-169.89	1.40	77.30
2025-01-09T04:48:48	2490.18	-239.20	1451.58	-172.04	0.58	77.10
2025-01-09T04:48:50	2484.77	-238.99	1458.29	-174.16	-0.28	76.94
2025-01-09T04:48:52	2479.35	-238.79	1464.99	-176.24	-1.17	76.81
2025-01-09T04:48:54	2473.92	-238.59	1471.68	-178.18	-1.91	76.77
2025-01-09T04:48:56	2468.49	-238.38	1478.37	-179.84	-2.32	76.69
2025-01-09T04:48:58	2463.04	-238.18	1485.05	-181.57	-2.59	76.40
2025-01-09T04:49:00	2457.59	-237.97	1491.73	-184.01	-1.69	76.15
2025-01-09T04:49:02	2452.13	-237.76	1498.41	-186.54	-0.99	75.96
2025-01-09T04:49:04	2446.66	-237.55	1505.07	-189.14	-0.50	75.83
2025-01-09T04:49:06	2441.18	-237.34	1511.74	-191.82	-0.22	75.76
2025-01-09T04:49:08	2435.69	-237.13	1518.39	-194.57	-0.16	75.76
2025-01-09T04:49:10	2430.19	-236.92	1525.05	-197.38	-0.30	75.82
2025-01-09T04:49:12	2424.68	-236.71	1531.69	-200.25	-0.67	75.95
2025-01-09T04:49:14	2419.16	-236.50	1538.33	-203.17	-1.26	76.15
2025-01-09T04:49:16	2413.64	-236.28	1544.97	-205.76	-0.47	76.11
2025-01-09T04:49:18	2408.10	-236.07	1551.60	-207.98	0.85	75.75
2025-01-09T04:49:20	2402.56	-235.86	1558.22	-210.27	2.06	75.47
2025-01-09T04:49:22	2397.01	-235.64	1564.84	-212.63	3.16	75.27
2025-01-09T04:49:24	2391.44	-235.42	1571.45	-215.06	4.14	75.16
2025-01-09T04:49:26	2385.87	-235.20	1578.05	-217.55	5.01	75.13
2025-01-09T04:49:28	2380.30	-234.98	1584.65	-220.10	5.77	75.18
2025-01-09T04:49:30	2374.71	-234.76	1591.25	-222.72	6.41	75.31
2025-01-09T04:49:32	2369.11	-234.54	1597.83	-225.40	6.93	75.52
2025-01-09T04:49:34	2363.51	-234.32	1604.41	-226.41	7.28	74.53
2025-01-09T04:49:36	2357.89	-234.10	1610.99	-227.73	7.73	73.09
2025-01-09T04:49:38	2352.27	-233.87	1617.56	-229.29	8.28	71.47
2025-01-09T04:49:40	2346.63	-233.65	1624.12	-230.89	8.90	69.90
2025-01-09T04:49:42	2340.99	-233.43	1630.68	-232.54	9.58	68.36
2025-01-09T04:49:44	2335.34	-233.20	1637.23	-234.23	10.31	66.87
2025-01-09T04:49:46	2329.69	-232.97	1643.78	-235.96	11.11	65.43
2025-01-09T04:49:48	2324.02	-232.74	1650.32	-237.73	11.96	64.02
2025-01-09T04:49:50	2318.34	-232.51	1656.85	-239.41	12.69	62.76
2025-01-09T04:49:52	2312.66	-232.29	1663.37	-240.66	12.69	61.85
2025-01-09T04:49:54	2306.96	-232.06	1669.90	-241.91	12.67	60.91
2025-01-09T04:49:56	2301.26	-231.82	1676.41	-243.13	12.59	59.92
2025-01-09T04:49:58	2295.55	-231.59	1682.92	-244.26	12.47	58.87
2025-01-09T04:50:00	2289.83	-231.36	1689.42	-245.32	12.33	57.79
2025-01-09T04:50:02	2284.10	-231.12	1695.91	-246.32	12.19	56.68
2025-01-09T04:50:04	2278.36	-230.89	1702.40	-247.26	12.03	55.54
2025-01-09T04:50:06	2272.62	-230.65	1708.88	-248.15	11.85	54.36
2025-01-09T04:50:08	2266.86	-230.42	1715.36	-249.11	11.91	53.20
2025-01-09T04:50:10	2261.10	-230.18	1721.83	-250.23	12.29	52.09
2025-01-09T04:50:12	2255.33	-229.94	1728.29	-251.36	12.66	51.00
2025-01-09T04:50:14	2249.55	-229.70	1734.75	-252.49	13.01	49.93
2025-01-09T04:50:16	2243.76	-229.46	1741.20	-253.77	13.42	48.85
2025-01-09T04:50:18	2237.96	-229.22	1747.64	-255.08	13.87	47.79
2025-01-09T04:50:20	2232.16	-228.98	1754.07	-256.31	14.29	46.75
2025-01-09T04:50:22	2226.34	-228.73	1760.50	-257.44	14.67	45.73
2025-01-09T04:50:24	2220.52	-228.49	1766.93	-258.48	15.01	44.73
2025-01-09T04:50:26	2214.69	-228.24	1773.34	-259.70	15.44	43.66
2025-01-09T04:50:28	2208.85	-228.00	1779.75	-261.16	15.98	42.48
2025-01-09T04:50:30	2203.00	-227.75	1786.15	-262.65	16.53	41.26
2025-01-09T04:50:32	2197.15	-227.51	1792.55	-264.19	17.10	39.98
2025-01-09T04:50:34	2191.28	-227.26	1798.94	-265.76	17.68	38.66
2025-01-09T04:50:36	2185.41	-227.01	1805.32	-267.46	18.26	37.25
2025-01-09T04:50:38	2179.53	-226.76	1811.69	-269.17	18.84	35.81
2025-01-09T04:50:40	2173.63	-226.51	1818.06	-270.86	19.41	34.34
2025-01-09T04:50:42	2167.74	-226.25	1824.42	-272.55	19.98	32.83
2025-01-09T04:50:44	2161.83	-226.00	1830.78	-273.83	20.24	31.43
2025-01-09T04:50:46	2155.92	-225.75	1837.12	-274.80	20.26	30.10
2025-01-09T04:50:48	2149.99	-225.50	1843.46	-275.74	20.29	28.76
2025-01-09T04:50:50	2144.06	-225.24	1849.80	-276.65	20.31	27.42
2025-01-09T04:50:52	2138.12	-224.98	1856.12	-277.52	20.33	26.06
2025-01-09T04:50:54	2132.17	-224.72	1862.44	-278.38	20.35	24.68
2025-01-09T04:50:56	2126.22	-224.47	1868.75	-279.38	20.42	23.21
2025-01-09T04:50:58	2120.25	-224.21	1875.05	-280.34	20.50	21.72
2025-01-09T04:51:00	2114.28	-223.95	1881.35	-281.27	20.59	20.22
2025-01-09T04:51:02	2108.30	-223.69	1887.64	-282.33	20.86	18.76
2025-01-09T04:51:04	2102.31	-223.43	1893.92	-283.50	21.28	17.35
2025-01-09T04:51:06	2096.31	-223.16	1900.20	-284.64	21.69	15.93
2025-01-09T04:51:08	2090.31	-222.90	1906.46	-285.76	22.08	14.49
2025-01-09T04:51:10	2084.29	-222.64	1912.73	-286.85	22.46	13.03
2025-01-09T04:51:12	2078.27	-222.37	1918.98	-287.92	22.83	11.56
2025-01-09T04:51:14	2072.25	-222.11	1925.22	-289.02	23.21	10.04
2025-01-09T04:51:16	2066.21	-221.84	1931.46	-290.16	23.58	8.46
2025-01-09T04:51:18	2060.16	-221.57	1937.69	-291.28	23.94	6.88
2025-01-09T04:51:20	2054.11	-221.30	1943.91	-292.35	24.23	5.30
2025-01-09T04:51:22	2048.05	-221.03	1950.13	-293.34	24.43	3.73
2025-01-09T04:51:24	2041.98	-220.76	1956.34	-294.33	24.63	2.15
2025-01-09T04:51:26	2035.90	-220.49	1962.54	-295.31	24.83	0.55
2025-01-09T04:51:28	2029.82	-220.22	1968.73	-296.29	25.03	-1.05
2025-01-09T04:51:30	2023.73	-219.95	1974.92	-297.26	25.23	-2.67
2025-01-09T04:51:32	2017.62	-219.67	1981.10	-298.23	25.43	-4.31
2025-01-09T04:51:34	2011.52	-219.40	1987.27	-299.13	25.65	-6.05
2025-01-09T04:51:36	2005.40	-219.12	1993.43	-300.00	25.87	-7.79
2025-01-09T04:51:38	1999.28	-218.85	1999.58	-300.83	26.08	-9.51
2025-01-09T04:51:40	1993.15	-218.57	2005.73	-301.64	26.27	-11.09
2025-01-09T04:51:42	1987.01	-218.29	2011.87	-302.46	26.45	-12.68
2025-01-09T04:51:44	1980.86	-218.01	2018.00	-303.29	26.62	-14.27
2025-01-09T04:51:46	1974.71	-217.73	2024.12	-304.14	26.78	-15.88
2025-01-09T04:51:48	1968.54	-217.45	2030.24	-305.01	26.94	-17.49
2025-01-09T04:51:50	1962.37	-217.17	2036.35	-305.88	27.08	-19.12
2025-01-09T04:51:52	1956.20	-216.89	2042.45	-306.79	27.27	-20.86
2025-01-09T04:51:54	1950.01	-216.61	2048.54	-307.65	27.47	-22.64
2025-01-09T04:51:56	1943.82	-216.32	2054.62	-308.44	27.66	-24.43
2025-01-09T04:51:58	1937.62	-216.04	2060.70	-309.13	27.83	-26.26
2025-01-09T04:52:00	1931.41	-215.75	2066.77	-309.78	27.99	-28.09
2025-01-09T04:52:02	1925.20	-215.46	2072.83	-310.42	28.13	-29.93
2025-01-09T04:52:04	1918.98	-215.18	2078.88	-311.04	28.27	-31.77
2025-01-09T04:52:06	1912.75	-214.89	2084.93	-311.65	28.39	-33.61
2025-01-09T04:52:08	1906.51	-214.60	2090.96	-312.23	28.50	-35.46
2025-01-09T04:52:10	1900.27	-214.31	2096.99	-312.92	28.61	-37.39
2025-01-09T04:52:12	1894.01	-214.02	2103.01	-313.66	28.73	-39.37
2025-01-09T04:52:14	1887.75	-213.73	2109.02	-314.37	28.84	-41.36
2025-01-09T04:52:16	1881.49	-213.43	2115.03	-315.04	28.97	-43.29
2025-01-09T04:52:18	1875.22	-213.14	2121.03	-315.68	29.14	-45.10
2025-01-09T04:52:20	1868.94	-212.85	2127.01	-316.28	29.30	-46.91
2025-01-09T04:52:22	1862.65	-212.55	2132.99	-316.85	29.46	-48.72
2025-01-09T04:52:24	1856.35	-212.26	2138.96	-317.38	29.61	-50.53
2025-01-09T04:52:26	1850.05	-211.96	2144.93	-317.88	29.77	-52.34
2025-01-09T04:52:28	1843.74	-211.66	2150.88	-318.35	29.93	-54.21
2025-01-09T04:52:30	1837.42	-211.36	2156.83	-318.79	30.09	-56.15
2025-01-09T04:52:32	1831.10	-211.06	2162.77	-319.23	30.25	-58.09
2025-01-09T04:52:34	1824.77	-210.76	2168.70	-319.65	30.40	-60.03
2025-01-09T04:52:36	1818.43	-210.46	2174.62	-320.09	30.48	-61.89
2025-01-09T04:52:38	1812.09	-210.16	2180.53	-320.52	30.54	-63.70
2025-01-09T04:52:40	1805.74	-209.86	2186.44	-320.92	30.60	-65.52
2025-01-09T04:52:42	1799.38	-209.56	2192.33	-321.30	30.66	-67.33
2025-01-09T04:52:44	1793.01	-209.25	2198.22	-321.66	30.71	-69.14
2025-01-09T04:52:46	1786.64	-208.95	2204.10	-322.02	30.76	-71.01
2025-01-09T04:52:48	1780.26	-208.64	2209.97	-322.39	30.82	-72.97
2025-01-09T04:52:50	1773.88	-208.33	2215.83	-322.72	30.88	-74.92
2025-01-09T04:52:52	1767.48	-208.03	2221.69	-323.02	30.92	-76.86
2025-01-09T04:52:54	1761.09	-207.72	2227.53	-323.28	30.96	-78.80
2025-01-09T04:52:56	1754.68	-207.41	2233.37	-323.51	31.01	-80.64
2025-01-09T04:52:58	1748.27	-207.10	2239.20	-323.72	31.06	-82.47
2025-01-09T04:53:00	1741.85	-206.79	2245.02	-323.90	31.10	-84.29
2025-01-09T04:53:02	1735.42	-206.48	2250.83	-324.05	31.15	-86.11
2025-01-09T04:53:04	1728.99	-206.17	2256.64	-324.20	31.20	-88.00
2025-01-09T04:53:06	1722.55	-205.85	2262.43	-324.33	31.27	-89.96
2025-01-09T04:53:08	1716.11	-205.54	2268.22	-324.44	31.33	-91.90
2025-01-09T04:53:10	1709.65	-205.23	2273.99	-324.52	31.39	-93.84
2025-01-09T04:53:12	1703.19	-204.91	2279.76	-324.57	31.44	-95.77
2025-01-09T04:53:14	1696.73	-204.59	2285.52	-324.60	31.50	-97.68
2025-01-09T04:53:16	1690.26	-204.28	2291.27	-324.67	31.58	-99.51
2025-01-09T04:53:18	1683.78	-203.96	2297.02	-324.71	31.67	-101.32
2025-01-09T04:53:20	1677.30	-203.64	2302.75	-324.73	31.75	-103.13
2025-01-09T04:53:22	1670.80	-203.32	2308.48	-324.73	31.85	-105.03
2025-01-09T04:53:24	1664.31	-203.00	2314.19	-324.70	31.95	-106.97
2025-01-09T04:53:26	1657.80	-202.68	2319.90	-324.65	32.05	-108.90
2025-01-09T04:53:28	1651.29	-202.36	2325.60	-324.56	32.15	-110.81
2025-01-09T04:53:30	1644.78	-202.04	2331.29	-324.45	32.23	-112.71
2025-01-09T04:53:32	1638.26	-201.71	2336.97	-324.30	32.32	-114.60
2025-01-09T04:53:34	1631.73	-201.39	2342.65	-324.14	32.40	-116.46
2025-01-09T04:53:36	1625.19	-201.07	2348.31	-324.01	32.45	-118.27
2025-01-09T04:53:38	1618.65	-200.74	2353.97	-323.86	32.49	-120.07
2025-01-09T04:53:40	1612.11	-200.41	2359.61	-323.71	32.54	-121.98
2025-01-09T04:53:42	1605.56	-200.08	2365.25	-323.52	32.58	-123.90
2025-01-09T04:53:44	1599.00	-199.76	2370.88	-323.31	32.62	-125.80
2025-01-09T04:53:46	1592.43	-199.43	2376.50	-323.07	32.64	-127.68
2025-01-09T04:53:48	1585.86	-199.10	2382.11	-322.79	32.65	-129.55
2025-01-09T04:53:50	1579.29	-198.77	2387.71	-322.49	32.65	-131.40
2025-01-09T04:53:52	1572.70	-198.44	2393.30	-322.17	32.64	-133.23
2025-01-09T04:53:54	1566.12	-198.11	2398.89	-321.81	32.62	-135.05
2025-01-09T04:53:56	1559.52	-197.77	2404.46	-321.48	32.60	-136.80
2025-01-09T04:53:58	1552.92	-197.44	2410.03	-321.11	32.60	-138.65
2025-01-09T04:54:00	1546.32	-197.11	2415.59	-320.72	32.58	-140.47
2025-01-09T04:54:02	1539.71	-196.77	2421.13	-320.30	32.57	-142.28
2025-01-09T04:54:04	1533.09	-196.44	2426.68	-319.86	32.55	-144.07
2025-01-09T04:54:06	1526.47	-196.10	2432.20	-319.39	32.52	-145.84
2025-01-09T04:54:08	1519.84	-195.77	2437.73	-318.89	32.49	-147.59
2025-01-09T04:54:10	1513.21	-195.43	2443.24	-318.38	32.46	-149.32
2025-01-09T04:54:12	1506.56	-195.09	2448.74	-317.83	32.43	-151.03
2025-01-09T04:54:14	1499.92	-194.75	2454.24	-317.24	32.39	-152.80
2025-01-09T04:54:16	1493.27	-194.41	2459.72	-316.67	32.37	-154.57
2025-01-09T04:54:18	1486.61	-194.07	2465.20	-316.12	32.34	-156.32
2025-01-09T04:54:20	1479.95	-193.73	2470.67	-315.55	32.31	-158.05
2025-01-09T04:54:22	1473.28	-193.39	2476.12	-314.96	32.27	-159.76
2025-01-09T04:54:24	1466.61	-193.04	2481.57	-314.36	32.23	-161.45
2025-01-09T04:54:26	1459.93	-192.70	2487.01	-313.74	32.18	-163.13
2025-01-09T04:54:28	1453.25	-192.36	2492.45	-313.10	32.12	-164.79
2025-01-09T04:54:30	1446.56	-192.01	2497.87	-312.44	32.06	-166.43
2025-01-09T04:54:32	1439.87	-191.67	2503.28	-311.69	31.99	-168.17
2025-01-09T04:54:34	1433.17	-191.32	2508.68	-310.92	31.91	-169.90
2025-01-09T04:54:36	1426.47	-190.97	2514.08	-310.13	31.82	-171.59
2025-01-09T04:54:38	1419.76	-190.62	2519.46	-309.42	31.73	-173.21
2025-01-09T04:54:40	1413.04	-190.28	2524.84	-308.70	31.62	-174.81
2025-01-09T04:54:42	1406.33	-189.93	2530.21	-307.96	31.51	-176.38
2025-01-09T04:54:44	1399.60	-189.58	2535.57	-307.20	31.39	-177.93
2025-01-09T04:54:46	1392.87	-189.23	2540.92	-306.42	31.26	-179.45
2025-01-09T04:54:48	1386.14	-188.88	2546.25	-305.61	31.13	-181.00
2025-01-09T04:54:50	1379.40	-188.52	2551.59	-304.75	31.00	-182.57
2025-01-09T04:54:52	1372.65	-188.17	2556.91	-303.86	30.86	-184.12
2025-01-09T04:54:54	1365.90	-187.82	2562.22	-302.95	30.72	-185.64
2025-01-09T04:54:56	1359.15	-187.47	2567.52	-302.01	30.58	-187.12
2025-01-09T04:54:58	1352.39	-187.11	2572.82	-301.10	30.46	-188.58
2025-01-09T04:55:00	1345.63	-186.76	2578.10	-300.24	30.38	-190.01
2025-01-09T04:55:02	1338.86	-186.40	2583.38	-299.37	30.31	-191.42
2025-01-09T04:55:04	1332.08	-186.04	2588.64	-298.48	30.23	-192.81
2025-01-09T04:55:06	1325.31	-185.68	2593.90	-297.49	30.18	-194.29
2025-01-09T04:55:08	1318.52	-185.33	2599.15	-296.49	30.13	-195.74
2025-01-09T04:55:10	1311.74	-184.97	2604.39	-295.47	30.08	-197.17
2025-01-09T04:55:12	1304.94	-184.61	2609.62	-294.43	30.03	-198.58
2025-01-09T04:55:14	1298.15	-184.25	2614.84	-293.38	29.99	-199.96
2025-01-09T04:55:16	1291.35	-183.89	2620.05	-292.32	29.94	-201.31
2025-01-09T04:55:18	1284.54	-183.53	2625.25	-291.24	29.89	-202.64
2025-01-09T04:55:20	1277.73	-183.17	2630.45	-290.20	29.83	-203.93
2025-01-09T04:55:22	1270.92	-182.80	2635.63	-289.16	29.75	-205.25
2025-01-09T04:55:24	1264.10	-182.44	2640.80	-288.07	29.65	-206.58
2025-01-09T04:55:26	1257.27	-182.08	2645.97	-286.96	29.54	-207.88
2025-01-09T04:55:28	1250.44	-181.71	2651.13	-285.84	29.42	-209.15
2025-01-09T04:55:30	1243.61	-181.35	2656.27	-284.71	29.28	-210.40
2025-01-09T04:55:32	1236.77	-180.98	2661.41	-283.56	29.14	-211.62
2025-01-09T04:55:34	1229.93	-180.61	2666.54	-282.40	28.98	-212.81
2025-01-09T04:55:36	1223.09	-180.25	2671.66	-281.22	28.81	-213.98
2025-01-09T04:55:38	1216.24	-179.88	2676.77	-280.02	28.62	-215.13
2025-01-09T04:55:40	1209.39	-179.51	2681.87	-278.78	28.42	-216.33
2025-01-09T04:55:42	1202.53	-179.14	2686.96	-277.61	28.23	-217.52
2025-01-09T04:55:44	1195.67	-178.77	2692.04	-276.51	28.05	-218.69
2025-01-09T04:55:46	1188.80	-178.40	2697.11	-275.40	27.88	-219.83
2025-01-09T04:55:48	1181.93	-178.03	2702.18	-274.27	27.70	-220.94
2025-01-09T04:55:50	1175.06	-177.66	2707.23	-273.12	27.53	-222.01
2025-01-09T04:55:52	1168.18	-177.29	2712.28	-271.96	27.35	-223.05
2025-01-09T04:55:54	1161.29	-176.91	2717.32	-270.79	27.18	-224.05
2025-01-09T04:55:56	1154.41	-176.54	2722.34	-269.45	27.00	-225.07
2025-01-09T04:55:58	1147.52	-176.16	2727.36	-268.08	26.81	-226.06
2025-01-09T04:56:00	1140.62	-175.79	2732.37	-266.69	26.61	-227.02
2025-01-09T04:56:02	1133.73	-175.41	2737.37	-265.29	26.42	-227.96
2025-01-09T04:56:04	1126.83	-175.04	2742.36	-263.89	26.22	-228.86
2025-01-09T04:56:06	1119.92	-174.66	2747.34	-262.61	26.04	-229.82
2025-01-09T04:56:08	1113.01	-174.28	2752.31	-261.34	25.86	-230.76
2025-01-09T04:56:10	1106.10	-173.91	2757.27	-260.07	25.68	-231.68
2025-01-09T04:56:12	1099.18	-173.53	2762.22	-258.80	25.52	-232.64
2025-01-09T04:56:14	1092.26	-173.15	2767.17	-257.54	25.36	-233.61
2025-01-09T04:56:16	1085.34	-172.77	2772.10	-256.28	25.21	-234.55
2025-01-09T04:56:18	1078.41	-172.39	2777.03	-255.02	25.06	-235.47
2025-01-09T04:56:20	1071.48	-172.01	2781.94	-253.76	24.90	-236.36
2025-01-09T04:56:22	1064.55	-171.63	2786.85	-252.50	24.75	-237.23
2025-01-09T04:56:24	1057.61	-171.25	2791.75	-251.24	24.60	-238.07
2025-01-09T04:56:26	1050.66	-170.86	2796.64	-249.98	24.44	-238.88
2025-01-09T04:56:28	1043.72	-170.48	2801.52	-248.66	24.28	-239.71
2025-01-09T04:56:30	1036.77	-170.09	2806.39	-247.17	24.08	-240.53
2025-01-09T04:56:32	1029.82	-169.71	2811.25	-245.68	23.87	-241.31
2025-01-09T04:56:34	1022.87	-169.33	2816.10	-244.19	23.66	-242.05
2025-01-09T04:56:36	1015.91	-168.94	2820.95	-242.69	23.44	-242.73
2025-01-09T04:56:38	1008.94	-168.56	2825.78	-241.20	23.22	-243.37
2025-01-09T04:56:40	1001.98	-168.17	2830.60	-239.70	23.00	-243.96
2025-01-09T04:56:42	995.01	-167.78	2835.42	-238.21	22.77	-244.51
2025-01-09T04:56:44	988.04	-167.40	2840.22	-236.73	22.54	-245.01
2025-01-09T04:56:46	981.06	-167.01	2845.02	-235.42	22.42	-245.55
2025-01-09T04:56:48	974.09	-166.62	2849.81	-234.13	22.31	-246.06
2025-01-09T04:56:50	967.10	-166.23	2854.59	-232.85	22.21	-246.57
2025-01-09T04:56:52	960.12	-165.84	2859.36	-231.63	22.15	-247.11
2025-01-09T04:56:54	953.13	-165.45	2864.12	-230.38	22.08	-247.65
2025-01-09T04:56:56	946.14	-165.06	2868.87	-229.07	22.02	-248.14
2025-01-09T04:56:58	939.15	-164.67	2873.61	-227.71	21.94	-248.59
2025-01-09T04:57:00	932.15	-164.28	2878.34	-226.29	21.86	-248.98
2025-01-09T04:57:02	925.15	-163.88	2883.06	-224.54	21.66	-249.30
2025-01-09T04:57:04	918.15	-163.49	2887.78	-222.82	21.43	-249.63
2025-01-09T04:57:06	911.15	-163.09	2892.49	-221.16	21.20	-249.96
2025-01-09T04:57:08	904.14	-162.70	2897.18	-219.56	20.95	-250.31
2025-01-09T04:57:10	897.13	-162.31	2901.87	-218.02	20.70	-250.66
2025-01-09T04:57:12	890.11	-161.91	2906.55	-216.53	20.43	-251.02
2025-01-09T04:57:14	883.10	-161.52	2911.22	-215.10	20.15	-251.39
2025-01-09T04:57:16	876.08	-161.12	2915.88	-213.81	19.86	-251.79
2025-01-09T04:57:18	869.06	-160.72	2920.53	-212.78	19.64	-252.16
2025-01-09T04:57:20	862.03	-160.33	2925.17	-211.76	19.45	-252.47
2025-01-09T04:57:22	855.01	-159.93	2929.80	-210.71	19.27	-252.76
2025-01-09T04:57:24	847.98	-159.53	2934.42	-209.63	19.10	-253.02
2025-01-09T04:57:26	840.94	-159.13	2939.04	-208.51	18.94	-253.26
2025-01-09T04:57:28	833.91	-158.73	2943.65	-207.36	18.79	-253.46
2025-01-09T04:57:30	826.87	-158.33	2948.24	-206.19	18.65	-253.65
2025-01-09T04:57:32	819.83	-157.93	2952.83	-204.98	18.53	-253.81
2025-01-09T04:57:34	812.79	-157.53	2957.41	-203.52	18.54	-253.83
2025-01-09T04:57:36	805.74	-157.13	2961.98	-201.91	18.63	-253.76
2025-01-09T04:57:38	798.69	-156.73	2966.54	-200.31	18.75	-253.67
2025-01-09T04:57:40	791.65	-156.33	2971.09	-198.71	18.89	-253.56
2025-01-09T04:57:42	784.59	-155.92	2975.63	-197.17	19.10	-253.42
2025-01-09T04:57:44	777.54	-155.52	2980.17	-195.68	19.30	-253.29
2025-01-09T04:57:46	770.48	-155.12	2984.69	-194.23	19.48	-253.19
2025-01-09T04:57:48	763.42	-154.71	2989.21	-192.83	19.64	-253.10
2025-01-09T04:57:50	756.36	-154.31	2993.71	-191.49	19.66	-253.06
2025-01-09T04:57:52	749.30	-153.90	2998.21	-190.17	19.55	-253.04
2025-01-09T04:57:54	742.23	-153.50	3002.70	-188.86	19.42	-253.02
2025-01-09T04:57:56	735.16	-153.09	3007.18	-187.55	19.27	-252.99
2025-01-09T04:57:58	728.09	-152.68	3011.65	-186.23	19.12	-252.96
2025-01-09T04:58:00	721.02	-152.28	3016.12	-184.92	18.95	-252.92
2025-01-09T04:58:02	713.94	-151.87	3020.57	-183.60	18.78	-252.88
2025-01-09T04:58:04	706.87	-151.46	3025.01	-182.29	18.60	-252.84
2025-01-09T04:58:06	699.79	-151.05	3029.45	-180.92	18.52	-252.79
2025-01-09T04:58:08	692.71	-150.64	3033.88	-179.51	18.62	-252.74
2025-01-09T04:58:10	685.63	-150.23	3038.30	-178.10	18.72	-252.66
2025-01-09T04:58:12	678.54	-149.83	3042.70	-176.72	18.83	-252.56
2025-01-09T04:58:14	671.45	-149.41	3047.11	-175.35	18.94	-252.44
2025-01-09T04:58:16	664.37	-149.00	3051.50	-173.99	19.06	-252.30
2025-01-09T04:58:18	657.27	-148.59	3055.88	-172.65	19.19	-252.13
2025-01-09T04:58:20	650.18	-148.18	3060.25	-171.33	19.33	-251.94
2025-01-09T04:58:22	643.09	-147.77	3064.62	-170.03	19.45	-251.72
2025-01-09T04:58:24	635.99	-147.36	3068.98	-168.75	19.53	-251.48
2025-01-09T04:58:26	628.89	-146.94	3073.32	-167.48	19.58	-251.21
2025-01-09T04:58:28	621.79	-146.53	3077.66	-166.23	19.62	-250.93
2025-01-09T04:58:30	614.69	-146.12	3081.99	-164.98	19.62	-250.62
2025-01-09T04:58:32	607.59	-145.70	3086.31	-163.77	19.58	-250.32
2025-01-09T04:58:34	600.48	-145.29	3090.63	-162.64	19.48	-250.08
2025-01-09T04:58:36	593.37	-144.87	3094.93	-161.53	19.35	-249.81
2025-01-09T04:58:38	586.27	-144.46	3099.23	-160.39	19.17	-249.46
2025-01-09T04:58:40	579.16	-144.04	3103.51	-159.17	18.90	-248.98
2025-01-09T04:58:42	572.05	-143.63	3107.79	-157.94	18.62	-248.49
2025-01-09T04:58:44	564.93	-143.21	3112.06	-156.72	18.35	-247.99
2025-01-09T04:58:46	557.82	-142.79	3116.32	-155.51	18.08	-247.49
2025-01-09T04:58:48	550.70	-142.37	3120.57	-154.30	17.81	-246.98
2025-01-09T04:58:50	543.58	-141.95	3124.82	-153.09	17.54	-246.46
2025-01-09T04:58:52	536.46	-141.54	3129.05	-151.88	17.27	-245.93
2025-01-09T04:58:54	529.34	-141.12	3133.28	-150.70	17.02	-245.39
2025-01-09T04:58:56	522.22	-140.70	3137.50	-149.59	16.83	-244.84
2025-01-09T04:58:58	515.09	-140.28	3141.70	-148.51	16.65	-244.30
2025-01-09T04:59:00	507.97	-139.86	3145.91	-147.48	16.51	-243.81
2025-01-09T04:59:02	500.84	-139.44	3150.10	-146.48	16.39	-243.33
2025-01-09T04:59:04	493.71	-139.02	3154.28	-145.49	16.27	-242.86
2025-01-09T04:59:06	486.58	-138.60	3158.46	-144.51	16.16	-242.39
2025-01-09T04:59:08	479.46	-138.18	3162.62	-143.54	16.06	-241.92
2025-01-09T04:59:10	472.32	-137.76	3166.78	-142.54	15.97	-241.43
2025-01-09T04:59:12	465.19	-137.33	3170.93	-141.43	15.86	-240.91
2025-01-09T04:59:14	458.06	-136.91	3175.07	-140.33	15.76	-240.39
2025-01-09T04:59:16	450.92	-136.48	3179.21	-139.23	15.66	-239.87
2025-01-09T04:59:18	443.78	-136.06	3183.33	-138.14	15.55	-239.34
2025-01-09T04:59:20	436.65	-135.64	3187.45	-137.05	15.44	-238.82
2025-01-09T04:59:22	429.51	-135.22	3191.55	-135.98	15.33	-238.29
2025-01-09T04:59:24	422.37	-134.79	3195.65	-134.90	15.21	-237.76
2025-01-09T04:59:26	415.22	-134.36	3199.74	-133.85	15.08	-237.21
2025-01-09T04:59:28	408.08	-133.94	3203.82	-132.90	14.92	-236.63
2025-01-09T04:59:30	400.94	-133.51	3207.90	-131.95	14.76	-236.04
2025-01-09T04:59:32	393.79	-133.09	3211.96	-131.01	14.59	-235.44
2025-01-09T04:59:34	386.65	-132.66	3216.02	-130.08	14.41	-234.83
2025-01-09T04:59:36	379.50	-132.23	3220.07	-129.16	14.23	-234.21
2025-01-09T04:59:38	372.35	-131.81	3224.11	-128.25	14.04	-233.59
2025-01-09T04:59:40	365.21	-131.38	3228.14	-127.35	13.85	-232.95
2025-01-09T04:59:42	358.06	-130.95	3232.17	-126.44	13.64	-232.27
2025-01-09T04:59:44	350.91	-130.52	3236.18	-125.45	13.42	-231.50
2025-01-09T04:59:46	343.75	-130.10	3240.19	-124.48	13.20	-230.72
2025-01-09T04:59:48	336.60	-129.67	3244.19	-123.52	12.97	-229.94
2025-01-09T04:59:50	329.45	-129.24	3248.18	-122.56	12.75	-229.17
2025-01-09T04:59:52	322.30	-128.81	3252.16	-121.62	12.52	-228.38
2025-01-09T04:59:54	315.14	-128.38	3256.14	-120.69	12.29	-227.60
2025-01-09T04:59:56	307.99	-127.95	3260.11	-119.79	12.09	-226.93
2025-01-09T04:59:58	300.83	-127.52	3264.06	-118.91	11.90	-226.28
2025-01-09T05:00:00	293.67	-127.08	3268.01	-118.05	11.73	-225.60
2025-01-09T05:00:02	286.51	-126.65	3271.96	-117.20	11.57	-224.91
2025-01-09T05:00:04	279.36	-126.22	3275.89	-116.36	11.41	-224.22
2025-01-09T05:00:06	272.20	-125.79	3279.82	-115.52	11.24	-223.52
2025-01-09T05:00:08	265.04	-125.36	3283.73	-114.69	11.08	-222.82
2025-01-09T05:00:10	257.88	-124.93	3287.64	-113.87	10.92	-222.11
2025-01-09T05:00:12	250.71	-124.49	3291.55	-113.05	10.76	-221.40
2025-01-09T05:00:14	243.56	-124.06	3295.44	-112.23	10.61	-220.67
2025-01-09T05:00:16	236.39	-123.63	3299.32	-111.41	10.47	-219.90
2025-01-09T05:00:18	229.23	-123.19	3303.20	-110.61	10.33	-219.13
2025-01-09T05:00:20	222.07	-122.76	3307.07	-109.82	10.19	-218.36
2025-01-09T05:00:22	214.90	-122.32	3310.93	-109.05	10.05	-217.59
2025-01-09T05:00:24	207.74	-121.89	3314.79	-108.29	9.90	-216.83
2025-01-09T05:00:26	200.57	-121.45	3318.63	-107.54	9.77	-216.12
2025-01-09T05:00:28	193.41	-121.02	3322.47	-106.80	9.63	-215.42
2025-01-09T05:00:30	186.24	-120.58	3326.30	-106.08	9.48	-214.68
2025-01-09T05:00:32	179.07	-120.15	3330.12	-105.40	9.30	-213.87
2025-01-09T05:00:34	171.91	-119.71	3333.94	-104.74	9.11	-213.07
2025-01-09T05:00:36	164.74	-119.27	3337.74	-104.09	8.91	-212.27
2025-01-09T05:00:38	157.58	-118.84	3341.54	-103.45	8.71	-211.48
2025-01-09T05:00:40	150.41	-118.40	3345.33	-102.82	8.51	-210.70
2025-01-09T05:00:42	143.24	-117.96	3349.11	-102.20	8.30	-209.92
2025-01-09T05:00:44	136.07	-117.52	3352.89	-101.60	8.08	-209.16
2025-01-09T05:00:46	128.90	-117.09	3356.65	-100.95	7.87	-208.33
2025-01-09T05:00:48	121.73	-116.65	3360.41	-100.18	7.68	-207.34
2025-01-09T05:00:50	114.56	-116.21	3364.16	-99.42	7.49	-206.34
2025-01-09T05:00:52	107.39	-115.77	3367.91	-98.65	7.30	-205.34
2025-01-09T05:00:54	100.22	-115.33	3371.64	-97.89	7.10	-204.34
2025-01-09T05:00:56	93.05	-114.89	3375.37	-97.16	6.92	-203.36
2025-01-09T05:00:58	85.88	-114.45	3379.09	-96.45	6.75	-202.38
2025-01-09T05:01:00	78.71	-114.01	3382.80	-95.75	6.58	-201.41
2025-01-09T05:01:02	71.54	-113.57	3386.51	-95.13	6.43	-200.44
2025-01-09T05:01:04	64.37	-113.13	3390.21	-94.64	6.32	-199.46
2025-01-09T05:01:06	57.20	-112.69	3393.90	-94.15	6.21	-198.48
2025-01-09T05:01:08	50.03	-112.25	3397.58	-93.67	6.10	-197.52
2025-01-09T05:01:10	42.86	-111.81	3401.25	-93.20	6.01	-196.55
2025-01-09T05:01:12	35.69	-111.36	3404.92	-92.73	5.92	-195.59
2025-01-09T05:01:14	28.51	-110.92	3408.58	-92.28	5.83	-194.64
2025-01-09T05:01:16	21.34	-110.48	3412.23	-91.83	5.75	-193.69
2025-01-09T05:01:18	14.17	-110.04	3415.87	-91.34	5.65	-192.76
2025-01-09T05:01:20	7.00	-109.60	3419.51	-90.77	5.50	-191.89
2025-01-09T05:01:22	-0.17	-109.15	3423.14	-90.20	5.35	-191.04
2025-01-09T05:01:24	-7.34	-108.71	3426.76	-89.65	5.20	-190.21
2025-01-09T05:01:26	-14.52	-108.26	3430.37	-89.09	5.04	-189.42
2025-01-09T05:01:28	-21.69	-107.82	3433.98	-88.53	4.88	-188.63
2025-01-09T05:01:30	-28.86	-107.38	3437.58	-87.97	4.72	-187.82
2025-01-09T05:01:32	-36.03	-106.93	3441.17	-87.42	4.56	-186.99
2025-01-09T05:01:34	-43.20	-106.49	3444.76	-86.93	4.41	-186.07
2025-01-09T05:01:36	-50.37	-106.04	3448.33	-86.54	4.27	-185.03
2025-01-09T05:01:38	-57.54	-105.60	3451.90	-86.14	4.13	-183.99
2025-01-09T05:01:40	-64.72	-105.15	3455.46	-85.75	4.00	-182.94
2025-01-09T05:01:42	-71.89	-104.71	3459.02	-85.36	3.86	-181.90
2025-01-09T05:01:44	-79.06	-104.26	3462.56	-84.97	3.73	-180.86
2025-01-09T05:01:46	-86.23	-103.81	3466.11	-84.59	3.60	-179.82
2025-01-09T05:01:48	-93.40	-103.37	3469.64	-84.21	3.47	-178.78
2025-01-09T05:01:50	-100.57	-102.92	3473.16	-83.81	3.33	-177.74
2025-01-09T05:01:52	-107.74	-102.48	3476.68	-83.37	3.18	-176.71
2025-01-09T05:01:54	-114.91	-102.03	3480.19	-82.96	3.04	-175.70
2025-01-09T05:01:56	-122.08	-101.58	3483.70	-82.57	2.91	-174.71
2025-01-09T05:01:58	-129.25	-101.13	3487.19	-82.18	2.81	-173.79
2025-01-09T05:02:00	-136.42	-100.69	3490.68	-81.79	2.72	-172.92
2025-01-09T05:02:02	-143.59	-100.24	3494.16	-81.41	2.62	-172.05
2025-01-09T05:02:04	-150.76	-99.79	3497.64	-81.03	2.52	-171.19
2025-01-09T05:02:06	-157.92	-99.34	3501.10	-80.70	2.41	-170.31
2025-01-09T05:02:08	-165.09	-98.89	3504.57	-80.43	2.30	-169.39
2025-01-09T05:02:10	-172.26	-98.44	3508.02	-80.16	2.19	-168.46
2025-01-09T05:02:12	-179.43	-98.00	3511.47	-79.89	2.05	-167.51
2025-01-09T05:02:14	-186.59	-97.55	3514.90	-79.61	1.91	-166.54
2025-01-09T05:02:16	-193.76	-97.10	3518.34	-79.32	1.75	-165.55
2025-01-09T05:02:18	-200.92	-96.65	3521.76	-79.03	1.58	-164.54
2025-01-09T05:02:20	-208.09	-96.20	3525.18	-78.74	1.39	-163.51
2025-01-09T05:02:22	-215.25	-95.75	3528.59	-78.31	1.15	-162.36
2025-01-09T05:02:24	-222.42	-95.30	3531.99	-77.70	0.85	-161.07
2025-01-09T05:02:26	-229.58	-94.85	3535.39	-77.10	0.54	-159.78
2025-01-09T05:02:28	-236.75	-94.40	3538.78	-76.49	0.21	-158.49
2025-01-09T05:02:30	-243.91	-93.94	3542.16	-75.88	-0.12	-157.21
2025-01-09T05:02:32	-251.07	-93.50	3545.54	-75.31	-0.41	-156.01
2025-01-09T05:02:34	-258.24	-93.04	3548.90	-74.80	-0.71	-154.85
2025-01-09T05:02:36	-265.40	-92.59	3552.27	-74.33	-1.03	-153.72
2025-01-09T05:02:38	-272.56	-92.14	3555.62	-73.97	-1.30	-152.69
2025-01-09T05:02:40	-279.72	-91.69	3558.97	-73.69	-1.50	-151.71
2025-01-09T05:02:42	-286.88	-91.24	3562.31	-73.38	-1.72	-150.68
2025-01-09T05:02:44	-294.04	-90.79	3565.65	-73.04	-1.96	-149.58
2025-01-09T05:02:46	-301.20	-90.33	3568.97	-72.68	-2.21	-148.44
2025-01-09T05:02:48	-308.36	-89.88	3572.29	-72.29	-2.48	-147.24
2025-01-09T05:02:50	-315.52	-89.43	3575.61	-71.88	-2.76	-145.99
2025-01-09T05:02:52	-322.67	-88.97	3578.91	-71.44	-3.05	-144.69
2025-01-09T05:02:54	-329.83	-88.52	3582.22	-70.70	-3.33	-142.84
2025-01-09T05:02:56	-336.99	-88.07	3585.51	-69.63	-3.55	-140.34
2025-01-09T05:02:58	-344.14	-87.61	3588.79	-68.57	-3.72	-137.77
2025-01-09T05:03:00	-351.30	-87.16	3592.07	-67.52	-3.85	-135.13
2025-01-09T05:03:02	-358.45	-86.71	3595.34	-66.46	-3.94	-132.40
2025-01-09T05:03:04	-365.61	-86.25	3598.61	-65.40	-3.98	-129.60
2025-01-09T05:03:06	-372.76	-85.80	3601.87	-64.19	-3.98	-126.89
2025-01-09T05:03:08	-379.91	-85.34	3605.12	-62.89	-3.98	-124.32
2025-01-09T05:03:10	-387.06	-84.89	3608.37	-61.66	-4.13	-122.16
2025-01-09T05:03:12	-394.21	-84.43	3611.61	-60.51	-4.44	-120.39
2025-01-09T05:03:14	-401.36	-83.98	3614.84	-59.38	-4.74	-118.60
2025-01-09T05:03:16	-408.51	-83.52	3618.07	-58.28	-5.03	-116.78
2025-01-09T05:03:18	-415.66	-83.07	3621.29	-57.20	-5.31	-114.94
2025-01-09T05:03:20	-422.81	-82.61	3624.50	-56.15	-5.58	-113.05
2025-01-09T05:03:22	-429.95	-82.16	3627.71	-55.11	-5.84	-111.13
2025-01-09T05:03:24	-437.10	-81.70	3630.91	-54.09	-6.09	-109.16
2025-01-09T05:03:26	-444.25	-81.24	3634.10	-52.94	-6.29	-107.00
2025-01-09T05:03:28	-451.39	-80.79	3637.29	-51.65	-6.47	-104.62
2025-01-09T05:03:30	-458.54	-80.33	3640.47	-50.36	-6.68	-102.15
2025-01-09T05:03:32	-465.68	-79.88	3643.65	-49.08	-6.93	-99.62
2025-01-09T05:03:34	-472.82	-79.42	3646.81	-47.79	-7.23	-97.02
2025-01-09T05:03:36	-479.96	-78.96	3649.97	-46.51	-7.57	-94.36
2025-01-09T05:03:38	-487.10	-78.51	3653.13	-45.24	-7.95	-91.64
2025-01-09T05:03:40	-494.24	-78.05	3656.28	-43.98	-8.39	-88.88
2025-01-09T05:03:42	-501.38	-77.59	3659.42	-42.14	-8.43	-86.35
2025-01-09T05:03:44	-508.52	-77.14	3662.55	-39.95	-8.13	-83.84
2025-01-09T05:03:46	-515.66	-76.68	3665.69	-37.81	-7.82	-81.30
2025-01-09T05:03:48	-522.79	-76.22	3668.81	-35.70	-7.53	-78.74
2025-01-09T05:03:50	-529.93	-75.76	3671.92	-33.64	-7.23	-76.17
2025-01-09T05:03:52	-537.06	-75.30	3675.03	-31.60	-6.95	-73.56
2025-01-09T05:03:54	-544.20	-74.85	3678.14	-29.60	-6.67	-70.94
2025-01-09T05:03:56	-551.33	-74.39	3681.23	-27.63	-6.40	-68.29
2025-01-09T05:03:58	-558.46	-73.93	3684.32	-25.71	-6.31	-65.75
2025-01-09T05:04:00	-565.59	-73.47	3687.41	-23.88	-6.44	-63.42
2025-01-09T05:04:02	-572.72	-73.01	3690.49	-22.11	-6.58	-61.14
2025-01-09T05:04:04	-579.85	-72.55	3693.56	-20.39	-6.74	-58.93
2025-01-09T05:04:06	-586.98	-72.09	3696.63	-18.73	-6.91	-56.77
2025-01-09T05:04:08	-594.10	-71.64	3699.69	-17.13	-7.09	-54.69
2025-01-09T05:04:10	-601.23	-71.17	3702.74	-15.58	-7.29	-52.67
2025-01-09T05:04:12	-608.35	-70.72	3705.79	-14.09	-7.50	-50.72
2025-01-09T05:04:14	-615.48	-70.26	3708.83	-13.01	-7.67	-49.13
2025-01-09T05:04:16	-622.60	-69.80	3711.86	-12.45	-7.81	-47.98
2025-01-09T05:04:18	-629.72	-69.34	3714.90	-11.92	-7.99	-46.88
2025-01-09T05:04:20	-636.84	-68.88	3717.92	-11.37	-8.21	-45.79
2025-01-09T05:04:22	-643.96	-68.42	3720.93	-10.74	-8.47	-44.64
2025-01-09T05:04:24	-651.08	-67.96	3723.95	-10.04	-8.77	-43.44
2025-01-09T05:04:26	-658.20	-67.50	3726.95	-9.26	-9.11	-42.18
2025-01-09T05:04:28	-665.31	-67.04	3729.95	-8.41	-9.49	-40.87
2025-01-09T05:04:30	-672.43	-66.58	3732.94	-7.41	-9.85	-39.55
2025-01-09T05:04:32	-679.54	-66.11	3735.93	-6.28	-10.18	-38.26
2025-01-09T05:04:34	-686.66	-65.65	3738.91	-5.15	-10.55	-36.96
2025-01-09T05:04:36	-693.77	-65.19	3741.88	-4.03	-10.95	-35.64
2025-01-09T05:04:38	-700.88	-64.73	3744.85	-2.91	-11.38	-34.30
2025-01-09T05:04:40	-707.99	-64.27	3747.81	-1.79	-11.86	-32.94
2025-01-09T05:04:42	-715.10	-63.81	3750.77	-0.69	-12.37	-31.56
2025-01-09T05:04:44	-722.21	-63.35	3753.72	0.42	-12.92	-30.17
2025-01-09T05:04:46	-729.31	-62.89	3756.67	1.43	-13.51	-28.77
2025-01-09T05:04:48	-736.42	-62.42	3759.60	2.25	-14.13	-27.41
2025-01-09T05:04:50	-743.52	-61.96	3762.54	3.05	-14.75	-26.09
2025-01-09T05:04:52	-750.62	-61.50	3765.46	3.82	-15.40	-24.82
2025-01-09T05:04:54	-757.72	-61.04	3768.38	4.55	-16.06	-23.60
2025-01-09T05:04:56	-764.83	-60.58	3771.30	5.26	-16.74	-22.42
2025-01-09T05:04:58	-771.93	-60.12	3774.21	5.93	-17.25	-21.27
2025-01-09T05:05:00	-779.02	-59.65	3777.12	6.60	-17.74	-20.09
2025-01-09T05:05:02	-786.12	-59.19	3780.01	7.36	-18.23	-18.95
2025-01-09T05:05:04	-793.22	-58.73	3782.91	8.29	-18.71	-17.91
2025-01-09T05:05:06	-800.31	-58.27	3785.79	9.19	-19.23	-16.88
2025-01-09T05:05:08	-807.40	-57.80	3788.67	10.07	-19.79	-15.87
2025-01-09T05:05:10	-814.50	-57.34	3791.55	10.93	-20.39	-14.87
2025-01-09T05:05:12	-821.59	-56.88	3794.42	11.76	-21.03	-13.89
2025-01-09T05:05:14	-828.68	-56.41	3797.28	12.57	-21.70	-12.93
2025-01-09T05:05:16	-835.77	-55.95	3800.14	13.35	-22.40	-12.00
2025-01-09T05:05:18	-842.85	-55.49	3802.99	14.08	-23.11	-11.09
2025-01-09T05:05:20	-849.94	-55.02	3805.84	14.67	-23.66	-10.28
2025-01-09T05:05:22	-857.02	-54.56	3808.68	15.26	-24.18	-9.52
2025-01-09T05:05:24	-864.11	-54.10	3811.51	15.85	-24.66	-8.82
2025-01-09T05:05:26	-871.19	-53.63	3814.34	16.44	-25.11	-8.17
2025-01-09T05:05:28	-878.27	-53.17	3817.17	17.04	-25.51	-7.57
2025-01-09T05:05:30	-885.35	-52.71	3819.98	17.63	-25.88	-7.02
2025-01-09T05:05:32	-892.43	-52.24	3822.80	18.24	-26.22	-6.51
2025-01-09T05:05:34	-899.50	-51.78	3825.60	18.80	-26.51	-6.03
2025-01-09T05:05:36	-906.58	-51.31	3828.41	19.13	-26.73	-5.39
2025-01-09T05:05:38	-913.65	-50.85	3831.20	19.49	-26.86	-4.65
2025-01-09T05:05:40	-920.73	-50.39	3833.99	19.84	-26.95	-3.88
2025-01-09T05:05:42	-927.80	-49.92	3836.78	20.19	-27.02	-3.11
2025-01-09T05:05:44	-934.87	-49.46	3839.56	20.54	-27.05	-2.32
2025-01-09T05:05:46	-941.94	-48.99	3842.33	20.88	-27.06	-1.51
2025-01-09T05:05:48	-949.01	-48.53	3845.10	21.22	-27.04	-0.70
2025-01-09T05:05:50	-956.07	-48.06	3847.86	21.57	-27.00	0.12
2025-01-09T05:05:52	-963.14	-47.60	3850.62	22.11	-26.90	0.91
2025-01-09T05:05:54	-970.20	-47.13	3853.37	22.64	-26.81	1.67
2025-01-09T05:05:56	-977.26	-46.67	3856.12	23.14	-26.74	2.39
2025-01-09T05:05:58	-984.32	-46.20	3858.86	23.62	-26.69	3.09
2025-01-09T05:06:00	-991.38	-45.74	3861.60	24.08	-26.65	3.75
2025-01-09T05:06:02	-998.44	-45.27	3864.33	24.52	-26.62	4.38
2025-01-09T05:06:04	-1005.50	-44.81	3867.05	24.94	-26.59	4.98
2025-01-09T05:06:06	-1012.55	-44.34	3869.77	25.34	-26.58	5.55
2025-01-09T05:06:08	-1019.61	-43.88	3872.49	25.67	-26.37	5.90
2025-01-09T05:06:10	-1026.66	-43.41	3875.20	26.03	-26.19	6.21
2025-01-09T05:06:12	-1033.71	-42.95	3877.90	26.42	-26.03	6.50
2025-01-09T05:06:14	-1040.76	-42.48	3880.60	26.85	-25.89	6.77
2025-01-09T05:06:16	-1047.81	-42.01	3883.29	27.30	-25.78	7.01
2025-01-09T05:06:18	-1054.86	-41.55	3885.98	27.79	-25.68	7.24
2025-01-09T05:06:20	-1061.90	-41.08	3888.67	28.24	-25.45	7.55
2025-01-09T05:06:22	-1068.94	-40.62	3891.34	28.70	-25.23	7.87
2025-01-09T05:06:24	-1075.99	-40.15	3894.02	28.60	-24.81	8.35
2025-01-09T05:06:26	-1083.03	-39.68	3896.68	28.43	-24.39	8.83
2025-01-09T05:06:28	-1090.07	-39.22	3899.35	28.26	-23.99	9.31
2025-01-09T05:06:30	-1097.11	-38.75	3902.00	28.12	-23.61	9.76
2025-01-09T05:06:32	-1104.14	-38.29	3904.65	27.98	-23.26	10.20
2025-01-09T05:06:34	-1111.18	-37.82	3907.30	27.86	-22.94	10.63
2025-01-09T05:06:36	-1118.21	-37.35	3909.94	27.74	-22.64	11.04
2025-01-09T05:06:38	-1125.25	-36.89	3912.58	27.64	-22.36	11.43
2025-01-09T05:06:40	-1132.28	-36.42	3915.21	27.78	-22.22	11.77
2025-01-09T05:06:42	-1139.31	-35.95	3917.84	27.98	-22.12	12.08
2025-01-09T05:06:44	-1146.33	-35.48	3920.46	28.18	-22.04	12.37
2025-01-09T05:06:46	-1153.36	-35.02	3923.07	28.38	-21.96	12.65
2025-01-09T05:06:48	-1160.39	-34.55	3925.68	28.57	-21.90	12.91
2025-01-09T05:06:50	-1167.41	-34.09	3928.29	28.75	-21.85	13.15
2025-01-09T05:06:52	-1174.43	-33.62	3930.89	28.92	-21.82	13.37
2025-01-09T05:06:54	-1181.45	-33.15	3933.49	29.08	-21.79	13.57
2025-01-09T05:06:56	-1188.47	-32.68	3936.08	29.11	-21.68	13.60
2025-01-09T05:06:58	-1195.49	-32.22	3938.67	29.04	-21.48	13.50
2025-01-09T05:07:00	-1202.51	-31.75	3941.25	28.94	-21.28	13.38
2025-01-09T05:07:02	-1209.52	-31.28	3943.82	28.78	-21.05	13.28
2025-01-09T05:07:04	-1216.53	-30.82	3946.39	28.56	-20.79	13.27
2025-01-09T05:07:06	-1223.54	-30.35	3948.96	28.37	-20.54	13.31
2025-01-09T05:07:08	-1230.55	-29.88	3951.52	28.20	-20.32	13.38
2025-01-09T05:07:10	-1237.56	-29.41	3954.08	28.05	-20.11	13.48
2025-01-09T05:07:12	-1244.57	-28.95	3956.63	27.89	-19.96	13.79
2025-01-09T05:07:14	-1251.57	-28.48	3959.18	27.70	-19.86	14.31
2025-01-09T05:07:16	-1258.58	-28.01	3961.72	27.53	-19.78	14.79
2025-01-09T05:07:18	-1265.58	-27.54	3964.25	27.37	-19.72	15.23
2025-01-09T05:07:20	-1272.58	-27.07	3966.78	27.24	-19.66	15.63
2025-01-09T05:07:22	-1279.58	-26.61	3969.31	27.12	-19.62	16.00
2025-01-09T05:07:24	-1286.58	-26.14	3971.83	27.02	-19.59	16.32
2025-01-09T05:07:26	-1293.57	-25.67	3974.35	26.94	-19.58	16.61
2025-01-09T05:07:28	-1300.57	-25.21	3976.87	26.88	-19.66	16.83
2025-01-09T05:07:30	-1307.56	-24.74	3979.37	26.79	-19.98	17.02
2025-01-09T05:07:32	-1314.55	-24.27	3981.88	26.69	-20.27	17.22
2025-01-09T05:07:34	-1321.54	-23.80	3984.37	26.57	-20.52	17.42
2025-01-09T05:07:36	-1328.53	-23.33	3986.87	26.43	-20.75	17.64
2025-01-09T05:07:38	-1335.52	-22.86	3989.36	26.28	-20.94	17.88
2025-01-09T05:07:40	-1342.50	-22.39	3991.84	26.11	-21.11	18.13
2025-01-09T05:07:42	-1349.49	-21.93	3994.32	25.93	-21.24	18.39
2025-01-09T05:07:44	-1356.47	-21.46	3996.80	25.74	-21.34	18.64
2025-01-09T05:07:46	-1363.45	-20.99	3999.26	25.67	-21.44	18.57
2025-01-09T05:07:48	-1370.43	-20.52	4001.73	25.49	-21.55	18.44
2025-01-09T05:07:50	-1377.40	-20.05	4004.19	25.26	-21.63	18.28
2025-01-09T05:07:52	-1384.38	-19.59	4006.65	25.03	-21.69	18.12
2025-01-09T05:07:54	-1391.35	-19.12	4009.10	24.80	-21.71	17.97
2025-01-09T05:07:56	-1398.32	-18.65	4011.55	24.58	-21.70	17.83
2025-01-09T05:07:58	-1405.30	-18.18	4013.99	24.35	-21.66	17.70
2025-01-09T05:08:00	-1412.26	-17.71	4016.43	24.13	-21.59	17.58
2025-01-09T05:08:02	-1419.23	-17.24	4018.86	24.04	-21.53	17.43
2025-01-09T05:08:04	-1426.20	-16.77	4021.29	23.94	-21.48	17.28
2025-01-09T05:08:06	-1433.16	-16.30	4023.71	23.83	-21.44	17.14
2025-01-09T05:08:08	-1440.12	-15.84	4026.13	23.71	-21.40	16.99
2025-01-09T05:08:10	-1447.09	-15.37	4028.54	23.58	-21.37	16.85
2025-01-09T05:08:12	-1454.04	-14.90	4030.96	23.44	-21.34	16.72
2025-01-09T05:08:14	-1461.00	-14.43	4033.36	23.29	-21.31	16.58
2025-01-09T05:08:16	-1467.96	-13.96	4035.76	23.12	-21.28	16.45
2025-01-09T05:08:18	-1474.91	-13.49	4038.16	22.99	-21.29	16.34
2025-01-09T05:08:20	-1481.87	-13.02	4040.55	22.90	-21.33	16.23
2025-01-09T05:08:22	-1488.82	-12.55	4042.94	22.81	-21.39	16.11
2025-01-09T05:08:24	-1495.77	-12.09	4045.32	22.73	-21.47	15.97
2025-01-09T05:08:26	-1502.72	-11.62	4047.70	22.66	-21.56	15.82
2025-01-09T05:08:28	-1509.66	-11.15	4050.08	22.60	-21.68	15.65
2025-01-09T05:08:30	-1516.60	-10.68	4052.44	22.54	-21.82	15.47
2025-01-09T05:08:32	-1523.55	-10.21	4054.81	22.49	-21.97	15.27
2025-01-09T05:08:34	-1530.49	-9.74	4057.17	22.35	-22.00	15.21
2025-01-09T05:08:36	-1537.43	-9.27	4059.53	22.12	-21.70	15.41
2025-01-09T05:08:38	-1544.37	-8.80	4061.88	21.91	-21.43	15.62
2025-01-09T05:08:40	-1551.30	-8.33	4064.23	21.74	-21.18	15.83
2025-01-09T05:08:42	-1558.24	-7.86	4066.57	21.59	-20.97	16.05
2025-01-09T05:08:44	-1565.17	-7.39	4068.91	21.47	-20.80	16.28
2025-01-09T05:08:46	-1572.10	-6.92	4071.25	21.37	-20.66	16.51
2025-01-09T05:08:48	-1579.03	-6.45	4073.58	21.30	-20.55	16.75
2025-01-09T05:08:50	-1585.96	-5.99	4075.91	21.29	-20.50	16.94
2025-01-09T05:08:52	-1592.89	-5.52	4078.23	21.44	-20.56	16.88
2025-01-09T05:08:54	-1599.81	-5.05	4080.55	21.57	-20.64	16.81
2025-01-09T05:08:56	-1606.74	-4.58	4082.86	21.69	-20.73	16.74
2025-01-09T05:08:58	-1613.65	-4.11	4085.17	21.79	-20.83	16.67
2025-01-09T05:09:00	-1620.57	-3.64	4087.47	21.87	-20.95	16.59
2025-01-09T05:09:02	-1627.49	-3.17	4089.77	21.93	-21.08	16.51
2025-01-09T05:09:04	-1634.41	-2.70	4092.07	21.97	-21.23	16.44
2025-01-09T05:09:06	-1641.32	-2.23	4094.36	21.99	-21.39	16.38
2025-01-09T05:09:08	-1648.24	-1.76	4096.65	21.80	-21.30	16.13
2025-01-09T05:09:10	-1655.15	-1.29	4098.94	21.59	-21.18	15.84
2025-01-09T05:09:12	-1662.06	-0.82	4101.22	21.39	-21.05	15.54
2025-01-09T05:09:14	-1668.96	-0.35	4103.49	21.21	-20.91	15.21
2025-01-09T05:09:16	-1675.87	0.12	4105.76	21.03	-20.77	14.86
2025-01-09T05:09:18	-1682.78	0.59	4108.03	20.86	-20.61	14.50
2025-01-09T05:09:20	-1689.68	1.06	4110.29	20.70	-20.44	14.11
2025-01-09T05:09:22	-1696.58	1.53	4112.55	20.54	-20.27	13.71
2025-01-09T05:09:24	-1703.48	2.00	4114.81	20.48	-20.24	13.58
2025-01-09T05:09:26	-1710.38	2.47	4117.06	20.48	-20.24	13.70
2025-01-09T05:09:28	-1717.27	2.94	4119.31	20.48	-20.23	13.81
2025-01-09T05:09:30	-1724.16	3.40	4121.55	20.48	-20.20	13.93
2025-01-09T05:09:32	-1731.06	3.87	4123.79	20.50	-20.17	14.06
2025-01-09T05:09:34	-1737.95	4.34	4126.02	20.52	-20.14	14.18
2025-01-09T05:09:36	-1744.84	4.81	4128.25	20.55	-20.09	14.30
2025-01-09T05:09:38	-1751.72	5.29	4130.48	20.58	-20.04	14.43
2025-01-09T05:09:40	-1758.61	5.75	4132.70	20.66	-19.89	14.60
2025-01-09T05:09:42	-1765.50	6.22	4134.92	20.81	-19.59	14.86
2025-01-09T05:09:44	-1772.38	6.69	4137.13	20.96	-19.33	15.11
2025-01-09T05:09:46	-1779.26	7.16	4139.35	21.13	-19.10	15.37
2025-01-09T05:09:48	-1786.14	7.63	4141.55	21.30	-18.90	15.62
2025-01-09T05:09:50	-1793.01	8.10	4143.75	21.48	-18.73	15.86
2025-01-09T05:09:52	-1799.89	8.57	4145.95	21.67	-18.59	16.11
2025-01-09T05:09:54	-1806.76	9.04	4148.15	21.86	-18.48	16.35
2025-01-09T05:09:56	-1813.63	9.51	4150.34	22.05	-18.40	16.59
2025-01-09T05:09:58	-1820.51	9.98	4152.52	22.09	-18.16	16.82
2025-01-09T05:10:00	-1827.37	10.45	4154.71	22.13	-17.92	17.03
2025-01-09T05:10:02	-1834.24	10.92	4156.89	22.17	-17.70	17.22
2025-01-09T05:10:04	-1841.10	11.39	4159.06	22.21	-17.47	17.40
2025-01-09T05:10:06	-1847.97	11.86	4161.23	22.24	-17.26	17.57
2025-01-09T05:10:08	-1854.83	12.33	4163.40	22.27	-17.05	17.72
2025-01-09T05:10:10	-1861.69	12.80	4165.56	22.30	-16.84	17.86
2025-01-09T05:10:12	-1868.55	13.27	4167.72	22.32	-16.64	17.98
2025-01-09T05:10:14	-1875.41	13.74	4169.88	22.20	-16.47	18.05
2025-01-09T05:10:16	-1882.26	14.21	4172.03	22.02	-16.30	18.12
2025-01-09T05:10:18	-1889.11	14.68	4174.18	21.89	-16.16	18.18
2025-01-09T05:10:20	-1895.96	15.15	4176.32	21.78	-16.03	18.24
2025-01-09T05:10:22	-1902.81	15.62	4178.46	21.69	-15.92	18.30
2025-01-09T05:10:24	-1909.66	16.09	4180.60	21.61	-15.82	18.36
2025-01-09T05:10:26	-1916.51	16.56	4182.73	21.54	-15.73	18.43
2025-01-09T05:10:28	-1923.35	17.03	4184.86	21.49	-15.65	18.50
2025-01-09T05:10:30	-1930.19	17.50	4186.98	21.55	-15.69	18.54
2025-01-09T05:10:32	-1937.04	17.97	4189.11	21.76	-15.90	18.49
2025-01-09T05:10:34	-1943.87	18.44	4191.22	21.94	-16.11	18.43
2025-01-09T05:10:36	-1950.71	18.91	4193.34	22.09	-16.30	18.35
2025-01-09T05:10:38	-1957.55	19.38	4195.45	22.21	-16.47	18.25
2025-01-09T05:10:40	-1964.38	19.85	4197.55	22.31	-16.64	18.13
2025-01-09T05:10:42	-1971.21	20.32	4199.65	22.39	-16.81	18.00
2025-01-09T05:10:44	-1978.04	20.79	4201.76	22.43	-16.96	17.84
2025-01-09T05:10:46	-1984.87	21.26	4203.85	22.45	-17.11	17.67
2025-01-09T05:10:48	-1991.70	21.73	4205.94	22.41	-17.07	17.65
2025-01-09T05:10:50	-1998.52	22.20	4208.03	22.35	-17.03	17.65
2025-01-09T05:10:52	-2005.35	22.67	4210.11	22.27	-17.01	17.67
2025-01-09T05:10:54	-2012.17	23.14	4212.19	22.17	-16.99	17.72
2025-01-09T05:10:56	-2018.99	23.61	4214.27	22.07	-16.99	17.78
2025-01-09T05:10:58	-2025.81	24.08	4216.34	21.95	-17.00	17.87
2025-01-09T05:11:00	-2032.62	24.55	4218.41	21.81	-17.01	17.98
2025-01-09T05:11:02	-2039.44	25.02	4220.48	21.67	-17.03	18.11
2025-01-09T05:11:04	-2046.25	25.49	4222.54	21.55	-17.06	18.10
2025-01-09T05:11:06	-2053.06	25.96	4224.60	21.45	-17.09	17.98
2025-01-09T05:11:08	-2059.87	26.43	4226.66	21.37	-17.12	17.86
2025-01-09T05:11:10	-2066.68	26.90	4228.71	21.30	-17.14	17.73
2025-01-09T05:11:12	-2073.49	27.37	4230.76	21.24	-17.07	17.55
2025-01-09T05:11:14	-2080.29	27.84	4232.80	21.15	-16.98	17.37
2025-01-09T05:11:16	-2087.09	28.31	4234.84	21.06	-16.89	17.19
2025-01-09T05:11:18	-2093.89	28.78	4236.88	20.96	-16.80	17.00
2025-01-09T05:11:20	-2100.69	29.25	4238.91	20.86	-16.67	16.84
2025-01-09T05:11:22	-2107.49	29.72	4240.94	20.86	-16.42	16.79
2025-01-09T05:11:24	-2114.28	30.19	4242.97	20.86	-16.19	16.76
2025-01-09T05:11:26	-2121.08	30.66	4244.99	20.87	-15.97	16.73
2025-01-09T05:11:28	-2127.87	31.13	4247.01	20.90	-15.75	16.71
2025-01-09T05:11:30	-2134.66	31.60	4249.03	20.93	-15.55	16.70
2025-01-09T05:11:32	-2141.45	32.07	4251.04	20.97	-15.35	16.70
2025-01-09T05:11:34	-2148.23	32.53	4253.05	21.02	-15.16	16.70
2025-01-09T05:11:36	-2155.02	33.01	4255.06	21.08	-14.98	16.71
2025-01-09T05:11:38	-2161.80	33.47	4257.06	21.03	-14.93	16.69
2025-01-09T05:11:40	-2168.58	33.95	4259.06	20.95	-14.92	16.66
2025-01-09T05:11:42	-2175.36	34.41	4261.05	20.88	-14.90	16.60
2025-01-09T05:11:44	-2182.14	34.88	4263.05	20.82	-14.87	16.53
2025-01-09T05:11:46	-2188.92	35.35	4265.03	20.76	-14.84	16.45
2025-01-09T05:11:48	-2195.69	35.82	4267.02	20.72	-14.81	16.35
2025-01-09T05:11:50	-2202.47	36.29	4269.00	20.68	-14.78	16.23
2025-01-09T05:11:52	-2209.24	36.76	4270.98	20.65	-14.74	16.10
2025-01-09T05:11:54	-2216.01	37.23	4272.96	20.60	-14.74	16.01
2025-01-09T05:11:56	-2222.77	37.70	4274.93	20.52	-14.82	16.03
2025-01-09T05:11:58	-2229.54	38.17	4276.90	20.45	-14.88	16.07
2025-01-09T05:12:00	-2236.30	38.64	4278.86	20.39	-14.93	16.11
2025-01-09T05:12:02	-2243.07	39.11	4280.82	20.34	-14.97	16.16
2025-01-09T05:12:04	-2249.82	39.58	4282.78	20.31	-14.99	16.22
2025-01-09T05:12:06	-2256.58	40.05	4284.74	20.29	-15.00	16.29
2025-01-09T05:12:08	-2263.34	40.52	4286.69	20.27	-15.01	16.38
2025-01-09T05:12:10	-2270.10	40.99	4288.64	20.25	-15.07	16.47
2025-01-09T05:12:12	-2276.85	41.46	4290.58	20.24	-15.28	16.65
2025-01-09T05:12:14	-2283.60	41.93	4292.52	20.23	-15.51	16.82
2025-01-09T05:12:16	-2290.35	42.40	4294.46	20.23	-15.72	16.98
2025-01-09T05:12:18	-2297.10	42.87	4296.40	20.23	-15.93	17.12
2025-01-09T05:12:20	-2303.85	43.34	4298.33	20.23	-16.14	17.25
2025-01-09T05:12:22	-2310.59	43.81	4300.26	20.24	-16.34	17.36
2025-01-09T05:12:24	-2317.33	44.27	4302.18	20.25	-16.53	17.46
2025-01-09T05:12:26	-2324.07	44.74	4304.10	20.27	-16.71	17.54
2025-01-09T05:12:28	-2330.81	45.21	4306.02	20.25	-16.87	17.56
2025-01-09T05:12:30	-2337.55	45.68	4307.94	20.19	-16.99	17.52
2025-01-09T05:12:32	-2344.29	46.15	4309.85	20.14	-17.12	17.49
2025-01-09T05:12:34	-2351.02	46.62	4311.76	20.10	-17.23	17.48
2025-01-09T05:12:36	-2357.75	47.09	4313.67	20.08	-17.35	17.48
2025-01-09T05:12:38	-2364.48	47.56	4315.57	20.07	-17.46	17.49
2025-01-09T05:12:40	-2371.21	48.03	4317.47	20.07	-17.57	17.51
2025-01-09T05:12:42	-2377.94	48.50	4319.37	20.09	-17.68	17.55
2025-01-09T05:12:44	-2384.67	48.97	4321.26	20.13	-17.78	17.60
2025-01-09T05:12:46	-2391.39	49.44	4323.15	20.32	-17.68	17.81
2025-01-09T05:12:48	-2398.11	49.91	4325.03	20.52	-17.55	18.06
2025-01-09T05:12:50	-2404.83	50.38	4326.92	20.71	-17.43	18.34
2025-01-09T05:12:52	-2411.55	50.84	4328.80	20.89	-17.30	18.64
2025-01-09T05:12:54	-2418.27	51.31	4330.68	21.06	-17.18	18.98
2025-01-09T05:12:56	-2424.98	51.78	4332.55	21.23	-17.05	19.34
2025-01-09T05:12:58	-2431.69	52.25	4334.42	21.38	-16.92	19.73
2025-01-09T05:13:00	-2438.41	52.72	4336.29	21.53	-16.79	20.16
2025-01-09T05:13:02	-2445.12	53.19	4338.15	21.56	-16.59	20.45
2025-01-09T05:13:04	-2451.82	53.66	4340.02	21.40	-16.25	20.54
2025-01-09T05:13:06	-2458.53	54.13	4341.88	21.20	-15.89	20.63
2025-01-09T05:13:08	-2465.23	54.60	4343.73	20.99	-15.56	20.67
2025-01-09T05:13:10	-2471.94	55.07	4345.58	20.89	-15.27	20.60
2025-01-09T05:13:12	-2478.64	55.53	4347.43	20.77	-14.97	20.53
2025-01-09T05:13:14	-2485.34	56.00	4349.28	20.66	-14.65	20.47
2025-01-09T05:13:16	-2492.03	56.47	4351.13	20.53	-14.31	20.42
2025-01-09T05:13:18	-2498.73	56.94	4352.96	20.41	-13.95	20.37
2025-01-09T05:13:20	-2505.42	57.41	4354.80	20.39	-14.08	19.99
2025-01-09T05:13:22	-2512.12	57.88	4356.64	20.38	-14.27	19.58
2025-01-09T05:13:24	-2518.81	58.35	4358.47	20.33	-14.44	19.20
2025-01-09T05:13:26	-2525.50	58.82	4360.29	20.27	-14.60	18.85
2025-01-09T05:13:28	-2532.18	59.28	4362.12	20.17	-14.75	18.52
2025-01-09T05:13:30	-2538.87	59.75	4363.94	20.06	-14.88	18.21
2025-01-09T05:13:32	-2545.55	60.22	4365.76	19.92	-15.00	17.92
2025-01-09T05:13:34	-2552.23	60.69	4367.58	19.75	-15.11	17.66
2025-01-09T05:13:36	-2558.91	61.16	4369.39	19.62	-15.25	17.49
2025-01-09T05:13:38	-2565.59	61.63	4371.20	19.60	-15.46	17.46
2025-01-09T05:13:40	-2572.27	62.10	4373.01	19.59	-15.69	17.43
2025-01-09T05:13:42	-2578.94	62.57	4374.82	19.59	-15.94	17.39
2025-01-09T05:13:44	-2585.62	63.03	4376.62	19.61	-16.20	17.35
2025-01-09T05:13:46	-2592.29	63.50	4378.42	19.64	-16.47	17.30
2025-01-09T05:13:48	-2598.96	63.97	4380.21	19.67	-16.76	17.25
2025-01-09T05:13:50	-2605.62	64.44	4382.01	19.72	-17.06	17.20
2025-01-09T05:13:52	-2612.29	64.91	4383.79	19.79	-17.37	17.14
2025-01-09T05:13:54	-2618.96	65.38	4385.58	19.80	-17.30	17.24
2025-01-09T05:13:56	-2625.62	65.85	4387.37	19.78	-17.09	17.39
2025-01-09T05:13:58	-2632.28	66.31	4389.15	19.76	-16.88	17.54
2025-01-09T05:14:00	-2638.94	66.78	4390.92	19.72	-16.65	17.68
2025-01-09T05:14:02	-2645.60	67.25	4392.70	19.68	-16.42	17.83
2025-01-09T05:14:04	-2652.25	67.72	4394.47	19.63	-16.18	17.97
2025-01-09T05:14:06	-2658.91	68.19	4396.24	19.57	-15.93	18.11
2025-01-09T05:14:08	-2665.56	68.65	4398.01	19.50	-15.67	18.24
2025-01-09T05:14:10	-2672.21	69.12	4399.77	19.49	-15.42	18.36
2025-01-09T05:14:12	-2678.86	69.59	4401.54	19.81	-15.35	18.32
2025-01-09T05:14:14	-2685.51	70.06	4403.29	20.11	-15.30	18.26
2025-01-09T05:14:16	-2692.15	70.53	4405.05	20.41	-15.25	18.22
2025-01-09T05:14:18	-2698.79	70.99	4406.80	20.69	-15.20	18.18
2025-01-09T05:14:20	-2705.44	71.46	4408.55	20.95	-15.15	18.14
2025-01-09T05:14:22	-2712.08	71.93	4410.30	21.21	-15.11	18.12
2025-01-09T05:14:24	-2718.72	72.40	4412.04	21.45	-15.06	18.10
2025-01-09T05:14:26	-2725.35	72.87	4413.78	21.68	-15.02	18.10
2025-01-09T05:14:28	-2731.99	73.33	4415.52	21.63	-15.00	18.10
2025-01-09T05:14:30	-2738.62	73.80	4417.26	21.36	-14.98	18.10
2025-01-09T05:14:32	-2745.25	74.27	4418.99	21.11	-14.96	18.09
2025-01-09T05:14:34	-2751.88	74.74	4420.72	20.88	-14.93	18.07
2025-01-09T05:14:36	-2758.51	75.21	4422.45	20.65	-14.89	18.03
2025-01-09T05:14:38	-2765.14	75.67	4424.17	20.45	-14.84	17.98
2025-01-09T05:14:40	-2771.76	76.14	4425.90	20.25	-14.79	17.92
2025-01-09T05:14:42	-2778.38	76.61	4427.62	20.07	-14.73	17.85
2025-01-09T05:14:44	-2785.00	77.08	4429.33	19.91	-14.65	17.77
2025-01-09T05:14:46	-2791.63	77.54	4431.05	19.67	-14.66	17.83
2025-01-09T05:14:48	-2798.24	78.01	4432.76	19.42	-14.67	17.92
2025-01-09T05:14:50	-2804.86	78.48	4434.47	19.17	-14.67	18.01
2025-01-09T05:14:52	-2811.47	78.95	4436.17	18.90	-14.66	18.11
2025-01-09T05:14:54	-2818.09	79.41	4437.88	18.63	-14.64	18.22
2025-01-09T05:14:56	-2824.70	79.88	4439.58	18.34	-14.61	18.34
2025-01-09T05:14:58	-2831.31	80.35	4441.27	18.05	-14.58	18.46
2025-01-09T05:15:00	-2837.92	80.82	4442.97	17.76	-14.53	18.59
2025-01-09T05:15:02	-2844.52	81.28	4444.66	17.58	-14.51	18.70
2025-01-09T05:15:04	-2851.13	81.75	4446.35	17.74	-14.55	18.77
2025-01-09T05:15:06	-2857.73	82.22	4448.04	17.90	-14.61	18.85
2025-01-09T05:15:08	-2864.33	82.69	4449.72	18.06	-14.67	18.94
2025-01-09T05:15:10	-2870.93	83.15	4451.40	18.22	-14.74	19.06
2025-01-09T05:15:12	-2877.52	83.62	4453.08	18.39	-14.83	19.18
2025-01-09T05:15:14	-2884.12	84.09	4454.76	18.56	-14.92	19.33
2025-01-09T05:15:16	-2890.71	84.56	4456.43	18.73	-15.02	19.49
2025-01-09T05:15:18	-2897.30	85.02	4458.10	18.91	-15.13	19.65
2025-01-09T05:15:20	-2903.90	85.49	4459.77	18.96	-15.13	19.51
2025-01-09T05:15:22	-2910.49	85.96	4461.44	18.90	-15.05	19.17
2025-01-09T05:15:24	-2917.07	86.42	4463.10	18.84	-14.97	18.84
2025-01-09T05:15:26	-2923.66	86.89	4464.76	18.77	-14.89	18.51
2025-01-09T05:15:28	-2930.24	87.36	4466.42	18.71	-14.81	18.18
2025-01-09T05:15:30	-2936.83	87.82	4468.08	18.64	-14.74	17.86
2025-01-09T05:15:32	-2943.40	88.29	4469.73	18.57	-14.68	17.54
2025-01-09T05:15:34	-2949.98	88.76	4471.38	18.50	-14.62	17.21
2025-01-09T05:15:36	-2956.56	89.22	4473.03	18.42	-14.56	16.89
2025-01-09T05:15:38	-2963.14	89.69	4474.67	18.34	-14.60	16.73
2025-01-09T05:15:40	-2969.71	90.16	4476.32	18.26	-14.64	16.59
2025-01-09T05:15:42	-2976.28	90.62	4477.96	18.17	-14.68	16.45
2025-01-09T05:15:44	-2982.85	91.09	4479.60	18.08	-14.70	16.31
2025-01-09T05:15:46	-2989.42	91.56	4481.23	17.99	-14.73	16.19
2025-01-09T05:15:48	-2995.99	92.02	4482.86	17.90	-14.74	16.07
2025-01-09T05:15:50	-3002.55	92.49	4484.49	17.80	-14.75	15.95
2025-01-09T05:15:52	-3009.12	92.96	4486.12	17.71	-14.76	15.84
2025-01-09T05:15:54	-3015.68	93.42	4487.75	17.65	-14.80	15.78
2025-01-09T05:15:56	-3022.24	93.89	4489.37	17.76	-14.95	15.88
2025-01-09T05:15:58	-3028.80	94.35	4490.99	17.87	-15.10	15.96
2025-01-09T05:16:00	-3035.36	94.82	4492.61	17.97	-15.27	16.02
2025-01-09T05:16:02	-3041.91	95.29	4494.22	18.06	-15.45	16.06
2025-01-09T05:16:04	-3048.46	95.76	4495.84	18.16	-15.63	16.08
2025-01-09T05:16:06	-3055.01	96.22	4497.44	18.25	-15.82	16.08
