Time	POS_X	POS_Y	POS_Z	B_X	B_Y	B_Z
2025-01-09T04:27:12	4483.66	-246.20	-3062.75	77.95	-0.44	-8.76
2025-01-09T04:27:14	4482.06	-246.29	-3056.18	78.01	-0.46	-8.75
2025-01-09T04:27:16	4480.45	-246.38	-3049.61	78.06	-0.48	-8.73
2025-01-09T04:27:18	4478.85	-246.48	-3043.03	78.12	-0.50	-8.71
2025-01-09T04:27:20	4477.24	-246.57	-3036.46	78.18	-0.52	-8.69
2025-01-09T04:27:22	4475.62	-246.66	-3029.88	78.23	-0.54	-8.69
2025-01-09T04:27:24	4474.01	-246.75	-3023.30	78.28	-0.57	-8.69
2025-01-09T04:27:26	4472.39	-246.84	-3016.72	78.32	-0.59	-8.69
2025-01-09T04:27:28	4470.77	-246.93	-3010.14	78.37	-0.61	-8.69
2025-01-09T04:27:30	4469.15	-247.02	-3003.55	78.42	-0.63	-8.69
2025-01-09T04:27:32	4467.52	-247.11	-2996.97	78.46	-0.65	-8.69
2025-01-09T04:27:34	4465.89	-247.20	-2990.38	78.51	-0.67	-8.69
2025-01-09T04:27:36	4464.26	-247.29	-2983.79	78.56	-0.69	-8.69
2025-01-09T04:27:38	4462.63	-247.38	-2977.20	78.61	-0.71	-8.69
2025-01-09T04:27:40	4460.99	-247.47	-2970.61	78.67	-0.71	-8.67
2025-01-09T04:27:42	4459.35	-247.56	-2964.01	78.74	-0.72	-8.65
2025-01-09T04:27:44	4457.71	-247.66	-2957.42	78.81	-0.72	-8.63
2025-01-09T04:27:46	4456.07	-247.74	-2950.82	78.88	-0.73	-8.61
2025-01-09T04:27:48	4454.42	-247.83	-2944.22	78.95	-0.73	-8.59
2025-01-09T04:27:50	4452.78	-247.92	-2937.62	79.02	-0.73	-8.57
2025-01-09T04:27:52	4451.12	-248.01	-2931.02	79.09	-0.74	-8.56
2025-01-09T04:27:54	4449.47	-248.10	-2924.41	79.17	-0.74	-8.54
2025-01-09T04:27:56	4447.82	-248.19	-2917.81	79.23	-0.75	-8.52
2025-01-09T04:27:58	4446.16	-248.28	-2911.20	79.28	-0.74	-8.49
2025-01-09T04:28:00	4444.49	-248.37	-2904.59	79.32	-0.74	-8.47
2025-01-09T04:28:02	4442.83	-248.46	-2897.98	79.37	-0.74	-8.45
2025-01-09T04:28:04	4441.16	-248.54	-2891.37	79.41	-0.74	-8.43
2025-01-09T04:28:06	4439.49	-248.63	-2884.75	79.46	-0.74	-8.41
2025-01-09T04:28:08	4437.82	-248.72	-2878.14	79.50	-0.73	-8.39
2025-01-09T04:28:10	4436.15	-248.81	-2871.52	79.55	-0.73	-8.37
2025-01-09T04:28:12	4434.47	-248.89	-2864.90	79.59	-0.73	-8.36
2025-01-09T04:28:14	4432.79	-248.98	-2858.28	79.65	-0.74	-8.33
2025-01-09T04:28:16	4431.11	-249.07	-2851.65	79.72	-0.76	-8.30
2025-01-09T04:28:18	4429.42	-249.16	-2845.03	79.79	-0.78	-8.27
2025-01-09T04:28:20	4427.73	-249.25	-2838.40	79.85	-0.80	-8.24
2025-01-09T04:28:22	4426.05	-249.33	-2831.77	79.92	-0.82	-8.21
2025-01-09T04:28:24	4424.35	-249.42	-2825.14	79.99	-0.84	-8.18
2025-01-09T04:28:26	4422.66	-249.50	-2818.51	80.06	-0.86	-8.14
2025-01-09T04:28:28	4420.96	-249.59	-2811.88	80.13	-0.88	-8.11
2025-01-09T04:28:30	4419.25	-249.68	-2805.24	80.20	-0.90	-8.07
2025-01-09T04:28:32	4417.55	-249.76	-2798.61	80.25	-0.92	-8.03
2025-01-09T04:28:34	4415.85	-249.85	-2791.97	80.30	-0.94	-7.99
2025-01-09T04:28:36	4414.14	-249.94	-2785.33	80.35	-0.96	-7.96
2025-01-09T04:28:38	4412.42	-250.02	-2778.69	80.40	-0.98	-7.92
2025-01-09T04:28:40	4410.71	-250.11	-2772.04	80.46	-1.01	-7.88
2025-01-09T04:28:42	4408.99	-250.19	-2765.40	80.51	-1.03	-7.84
2025-01-09T04:28:44	4407.27	-250.28	-2758.75	80.56	-1.05	-7.81
2025-01-09T04:28:46	4405.55	-250.36	-2752.10	80.62	-1.07	-7.77
2025-01-09T04:28:48	4403.82	-250.45	-2745.45	80.67	-1.08	-7.74
2025-01-09T04:28:50	4402.09	-250.53	-2738.80	80.72	-1.10	-7.72
2025-01-09T04:28:52	4400.36	-250.61	-2732.14	80.77	-1.11	-7.69
2025-01-09T04:28:54	4398.63	-250.70	-2725.49	80.82	-1.12	-7.66
2025-01-09T04:28:56	4396.89	-250.79	-2718.83	80.88	-1.13	-7.64
2025-01-09T04:28:58	4395.15	-250.87	-2712.17	80.93	-1.14	-7.61
2025-01-09T04:29:00	4393.41	-250.95	-2705.51	80.98	-1.15	-7.58
2025-01-09T04:29:02	4391.66	-251.04	-2698.85	81.03	-1.16	-7.55
2025-01-09T04:29:04	4389.91	-251.12	-2692.18	81.08	-1.17	-7.52
2025-01-09T04:29:06	4388.16	-251.20	-2685.52	81.14	-1.18	-7.48
2025-01-09T04:29:08	4386.41	-251.29	-2678.85	81.20	-1.19	-7.44
2025-01-09T04:29:10	4384.65	-251.37	-2672.18	81.26	-1.20	-7.39
2025-01-09T04:29:12	4382.89	-251.45	-2665.51	81.32	-1.22	-7.35
2025-01-09T04:29:14	4381.13	-251.54	-2658.84	81.38	-1.23	-7.30
2025-01-09T04:29:16	4379.37	-251.62	-2652.16	81.44	-1.24	-7.26
2025-01-09T04:29:18	4377.60	-251.70	-2645.48	81.49	-1.26	-7.22
2025-01-09T04:29:20	4375.83	-251.78	-2638.81	81.55	-1.27	-7.17
2025-01-09T04:29:22	4374.05	-251.86	-2632.13	81.60	-1.28	-7.13
2025-01-09T04:29:24	4372.28	-251.95	-2625.44	81.66	-1.30	-7.08
2025-01-09T04:29:26	4370.50	-252.03	-2618.76	81.71	-1.31	-7.04
2025-01-09T04:29:28	4368.72	-252.11	-2612.08	81.77	-1.32	-6.99
2025-01-09T04:29:30	4366.93	-252.19	-2605.39	81.83	-1.33	-6.94
2025-01-09T04:29:32	4365.14	-252.27	-2598.70	81.89	-1.35	-6.89
2025-01-09T04:29:34	4363.35	-252.35	-2592.01	81.95	-1.36	-6.84
2025-01-09T04:29:36	4361.56	-252.44	-2585.32	82.02	-1.37	-6.79
2025-01-09T04:29:38	4359.76	-252.52	-2578.62	82.08	-1.38	-6.74
2025-01-09T04:29:40	4357.96	-252.60	-2571.93	82.14	-1.39	-6.71
2025-01-09T04:29:42	4356.15	-252.68	-2565.23	82.18	-1.40	-6.68
2025-01-09T04:29:44	4354.35	-252.76	-2558.53	82.23	-1.41	-6.65
2025-01-09T04:29:46	4352.54	-252.84	-2551.83	82.28	-1.42	-6.62
2025-01-09T04:29:48	4350.73	-252.92	-2545.13	82.33	-1.43	-6.59
2025-01-09T04:29:50	4348.91	-252.99	-2538.42	82.38	-1.44	-6.56
2025-01-09T04:29:52	4347.10	-253.07	-2531.72	82.43	-1.45	-6.53
2025-01-09T04:29:54	4345.27	-253.15	-2525.01	82.47	-1.46	-6.50
2025-01-09T04:29:56	4343.45	-253.23	-2518.30	82.52	-1.47	-6.46
2025-01-09T04:29:58	4341.62	-253.31	-2511.59	82.58	-1.47	-6.41
2025-01-09T04:30:00	4339.79	-253.39	-2504.87	82.63	-1.46	-6.35
2025-01-09T04:30:02	4337.96	-253.47	-2498.16	82.69	-1.46	-6.30
2025-01-09T04:30:04	4336.12	-253.55	-2491.44	82.75	-1.46	-6.24
2025-01-09T04:30:06	4334.29	-253.63	-2484.73	82.80	-1.45	-6.19
2025-01-09T04:30:08	4332.44	-253.70	-2478.00	82.86	-1.45	-6.13
2025-01-09T04:30:10	4330.60	-253.78	-2471.28	82.92	-1.44	-6.07
2025-01-09T04:30:12	4328.75	-253.86	-2464.56	82.99	-1.44	-6.01
2025-01-09T04:30:14	4326.90	-253.94	-2457.83	83.05	-1.45	-5.96
2025-01-09T04:30:16	4325.04	-254.01	-2451.11	83.12	-1.48	-5.90
2025-01-09T04:30:18	4323.19	-254.09	-2444.38	83.18	-1.50	-5.85
2025-01-09T04:30:20	4321.33	-254.17	-2437.65	83.25	-1.53	-5.79
2025-01-09T04:30:22	4319.46	-254.25	-2430.91	83.32	-1.56	-5.74
2025-01-09T04:30:24	4317.60	-254.32	-2424.18	83.38	-1.59	-5.69
2025-01-09T04:30:26	4315.73	-254.40	-2417.44	83.45	-1.61	-5.64
2025-01-09T04:30:28	4313.85	-254.47	-2410.71	83.52	-1.64	-5.60
2025-01-09T04:30:30	4311.98	-254.55	-2403.97	83.59	-1.67	-5.55
2025-01-09T04:30:32	4310.10	-254.63	-2397.23	83.63	-1.67	-5.49
2025-01-09T04:30:34	4308.22	-254.70	-2390.48	83.67	-1.68	-5.43
2025-01-09T04:30:36	4306.33	-254.78	-2383.74	83.72	-1.69	-5.37
2025-01-09T04:30:38	4304.44	-254.85	-2376.99	83.76	-1.70	-5.31
2025-01-09T04:30:40	4302.55	-254.93	-2370.24	83.80	-1.71	-5.25
2025-01-09T04:30:42	4300.65	-255.00	-2363.49	83.84	-1.72	-5.19
2025-01-09T04:30:44	4298.76	-255.08	-2356.74	83.88	-1.73	-5.13
2025-01-09T04:30:46	4296.85	-255.15	-2349.99	83.92	-1.74	-5.07
2025-01-09T04:30:48	4294.95	-255.22	-2343.23	83.97	-1.74	-5.02
2025-01-09T04:30:50	4293.04	-255.30	-2336.48	84.03	-1.74	-4.97
2025-01-09T04:30:52	4291.13	-255.37	-2329.72	84.10	-1.74	-4.91
2025-01-09T04:30:54	4289.22	-255.45	-2322.96	84.16	-1.73	-4.86
2025-01-09T04:30:56	4287.30	-255.52	-2316.19	84.22	-1.73	-4.81
2025-01-09T04:30:58	4285.38	-255.59	-2309.43	84.29	-1.73	-4.75
2025-01-09T04:31:00	4283.45	-255.67	-2302.67	84.35	-1.72	-4.69
2025-01-09T04:31:02	4281.52	-255.74	-2295.90	84.42	-1.72	-4.64
2025-01-09T04:31:04	4279.59	-255.81	-2289.13	84.48	-1.72	-4.58
2025-01-09T04:31:06	4277.66	-255.88	-2282.36	84.54	-1.73	-4.52
2025-01-09T04:31:08	4275.72	-255.96	-2275.59	84.60	-1.75	-4.47
2025-01-09T04:31:10	4273.78	-256.03	-2268.81	84.65	-1.77	-4.42
2025-01-09T04:31:12	4271.84	-256.10	-2262.03	84.71	-1.79	-4.36
2025-01-09T04:31:14	4269.89	-256.17	-2255.26	84.77	-1.80	-4.31
2025-01-09T04:31:16	4267.94	-256.24	-2248.48	84.83	-1.82	-4.26
2025-01-09T04:31:18	4265.99	-256.31	-2241.69	84.89	-1.83	-4.21
2025-01-09T04:31:20	4264.03	-256.39	-2234.91	84.95	-1.85	-4.16
2025-01-09T04:31:22	4262.07	-256.46	-2228.13	85.01	-1.86	-4.10
2025-01-09T04:31:24	4260.10	-256.53	-2221.34	85.07	-1.88	-4.03
2025-01-09T04:31:26	4258.14	-256.60	-2214.55	85.13	-1.89	-3.96
2025-01-09T04:31:28	4256.17	-256.67	-2207.76	85.19	-1.91	-3.89
2025-01-09T04:31:30	4254.19	-256.74	-2200.97	85.26	-1.93	-3.82
2025-01-09T04:31:32	4252.21	-256.81	-2194.17	85.32	-1.95	-3.75
2025-01-09T04:31:34	4250.23	-256.88	-2187.38	85.38	-1.97	-3.67
2025-01-09T04:31:36	4248.25	-256.94	-2180.58	85.45	-1.99	-3.60
2025-01-09T04:31:38	4246.26	-257.01	-2173.78	85.52	-2.01	-3.53
2025-01-09T04:31:40	4244.27	-257.08	-2166.98	85.60	-2.01	-3.46
2025-01-09T04:31:42	4242.27	-257.15	-2160.18	85.68	-2.02	-3.39
2025-01-09T04:31:44	4240.28	-257.22	-2153.38	85.75	-2.02	-3.33
2025-01-09T04:31:46	4238.28	-257.29	-2146.57	85.83	-2.03	-3.26
2025-01-09T04:31:48	4236.27	-257.36	-2139.76	85.90	-2.03	-3.19
2025-01-09T04:31:50	4234.26	-257.42	-2132.95	85.97	-2.04	-3.12
2025-01-09T04:31:52	4232.25	-257.49	-2126.14	86.04	-2.05	-3.05
2025-01-09T04:31:54	4230.23	-257.56	-2119.33	86.11	-2.06	-2.98
2025-01-09T04:31:56	4228.22	-257.63	-2112.51	86.17	-2.07	-2.92
2025-01-09T04:31:58	4226.19	-257.69	-2105.70	86.23	-2.09	-2.85
2025-01-09T04:32:00	4224.17	-257.76	-2098.88	86.29	-2.10	-2.79
2025-01-09T04:32:02	4222.14	-257.83	-2092.06	86.36	-2.12	-2.72
2025-01-09T04:32:04	4220.10	-257.89	-2085.23	86.42	-2.13	-2.66
2025-01-09T04:32:06	4218.07	-257.96	-2078.41	86.49	-2.15	-2.59
2025-01-09T04:32:08	4216.03	-258.03	-2071.58	86.56	-2.17	-2.53
2025-01-09T04:32:10	4213.98	-258.09	-2064.76	86.63	-2.18	-2.46
2025-01-09T04:32:12	4211.94	-258.16	-2057.93	86.69	-2.20	-2.39
2025-01-09T04:32:14	4209.89	-258.22	-2051.10	86.74	-2.23	-2.32
2025-01-09T04:32:16	4207.83	-258.29	-2044.27	86.80	-2.25	-2.24
2025-01-09T04:32:18	4205.77	-258.35	-2037.43	86.85	-2.27	-2.17
2025-01-09T04:32:20	4203.71	-258.42	-2030.59	86.91	-2.29	-2.09
2025-01-09T04:32:22	4201.65	-258.48	-2023.76	86.97	-2.31	-2.01
2025-01-09T04:32:24	4199.58	-258.54	-2016.92	87.03	-2.33	-1.94
2025-01-09T04:32:26	4197.50	-258.61	-2010.08	87.09	-2.35	-1.86
2025-01-09T04:32:28	4195.43	-258.67	-2003.24	87.15	-2.36	-1.78
2025-01-09T04:32:30	4193.35	-258.74	-1996.39	87.22	-2.39	-1.70
2025-01-09T04:32:32	4191.26	-258.80	-1989.54	87.29	-2.42	-1.62
2025-01-09T04:32:34	4189.18	-258.86	-1982.70	87.35	-2.45	-1.54
2025-01-09T04:32:36	4187.08	-258.92	-1975.84	87.42	-2.49	-1.46
2025-01-09T04:32:38	4184.99	-258.99	-1968.99	87.49	-2.52	-1.38
2025-01-09T04:32:40	4182.89	-259.05	-1962.14	87.56	-2.55	-1.30
2025-01-09T04:32:42	4180.79	-259.11	-1955.28	87.63	-2.58	-1.22
2025-01-09T04:32:44	4178.68	-259.17	-1948.43	87.69	-2.61	-1.14
2025-01-09T04:32:46	4176.57	-259.23	-1941.57	87.77	-2.63	-1.06
2025-01-09T04:32:48	4174.46	-259.29	-1934.71	87.85	-2.65	-0.99
2025-01-09T04:32:50	4172.34	-259.35	-1927.85	87.93	-2.67	-0.91
2025-01-09T04:32:52	4170.22	-259.42	-1920.98	88.00	-2.68	-0.83
2025-01-09T04:32:54	4168.10	-259.48	-1914.12	88.08	-2.69	-0.76
2025-01-09T04:32:56	4165.97	-259.54	-1907.25	88.16	-2.71	-0.68
2025-01-09T04:32:58	4163.84	-259.60	-1900.38	88.24	-2.72	-0.61
2025-01-09T04:33:00	4161.70	-259.66	-1893.51	88.31	-2.73	-0.53
2025-01-09T04:33:02	4159.56	-259.72	-1886.63	88.38	-2.74	-0.45
2025-01-09T04:33:04	4157.42	-259.77	-1879.76	88.43	-2.76	-0.38
2025-01-09T04:33:06	4155.27	-259.84	-1872.89	88.47	-2.78	-0.31
2025-01-09T04:33:08	4153.12	-259.89	-1866.01	88.52	-2.80	-0.24
2025-01-09T04:33:10	4150.96	-259.95	-1859.13	88.57	-2.82	-0.16
2025-01-09T04:33:12	4148.81	-260.01	-1852.25	88.62	-2.84	-0.09
2025-01-09T04:33:14	4146.64	-260.07	-1845.36	88.68	-2.86	-0.01
2025-01-09T04:33:16	4144.47	-260.13	-1838.48	88.73	-2.88	0.06
2025-01-09T04:33:18	4142.30	-260.18	-1831.59	88.78	-2.90	0.14
2025-01-09T04:33:20	4140.13	-260.24	-1824.71	88.85	-2.91	0.22
2025-01-09T04:33:22	4137.95	-260.30	-1817.81	88.92	-2.93	0.29
2025-01-09T04:33:24	4135.77	-260.36	-1810.92	88.99	-2.95	0.37
2025-01-09T04:33:26	4133.58	-260.41	-1804.03	89.06	-2.96	0.45
2025-01-09T04:33:28	4131.39	-260.47	-1797.13	89.14	-2.98	0.53
2025-01-09T04:33:30	4129.19	-260.52	-1790.24	89.22	-3.00	0.61
2025-01-09T04:33:32	4127.00	-260.58	-1783.34	89.30	-3.02	0.68
2025-01-09T04:33:34	4124.80	-260.64	-1776.44	89.39	-3.05	0.76
2025-01-09T04:33:36	4122.59	-260.69	-1769.54	89.47	-3.07	0.85
2025-01-09T04:33:38	4120.38	-260.75	-1762.63	89.55	-3.09	0.94
2025-01-09T04:33:40	4118.16	-260.80	-1755.73	89.64	-3.11	1.04
2025-01-09T04:33:42	4115.95	-260.86	-1748.82	89.72	-3.13	1.13
2025-01-09T04:33:44	4113.72	-260.91	-1741.91	89.80	-3.15	1.22
2025-01-09T04:33:46	4111.50	-260.96	-1735.00	89.89	-3.17	1.31
2025-01-09T04:33:48	4109.27	-261.02	-1728.09	89.97	-3.19	1.41
2025-01-09T04:33:50	4107.03	-261.07	-1721.18	90.06	-3.21	1.50
2025-01-09T04:33:52	4104.79	-261.12	-1714.26	90.14	-3.23	1.59
2025-01-09T04:33:54	4102.55	-261.18	-1707.34	90.21	-3.26	1.67
2025-01-09T04:33:56	4100.30	-261.23	-1700.42	90.28	-3.28	1.75
2025-01-09T04:33:58	4098.05	-261.28	-1693.50	90.35	-3.31	1.83
2025-01-09T04:34:00	4095.80	-261.33	-1686.58	90.41	-3.33	1.91
2025-01-09T04:34:02	4093.54	-261.38	-1679.65	90.48	-3.36	2.00
2025-01-09T04:34:04	4091.27	-261.44	-1672.73	90.54	-3.38	2.08
2025-01-09T04:34:06	4089.01	-261.49	-1665.80	90.61	-3.41	2.17
2025-01-09T04:34:08	4086.73	-261.54	-1658.87	90.67	-3.43	2.25
2025-01-09T04:34:10	4084.46	-261.59	-1651.94	90.72	-3.43	2.34
2025-01-09T04:34:12	4082.18	-261.64	-1645.01	90.78	-3.44	2.43
2025-01-09T04:34:14	4079.89	-261.69	-1638.07	90.84	-3.45	2.52
2025-01-09T04:34:16	4077.61	-261.74	-1631.14	90.89	-3.45	2.62
2025-01-09T04:34:18	4075.31	-261.79	-1624.20	90.95	-3.46	2.71
2025-01-09T04:34:20	4073.02	-261.84	-1617.26	91.02	-3.47	2.80
2025-01-09T04:34:22	4070.72	-261.89	-1610.32	91.08	-3.47	2.89
2025-01-09T04:34:24	4068.41	-261.94	-1603.38	91.14	-3.48	2.98
2025-01-09T04:34:26	4066.10	-261.99	-1596.43	91.21	-3.47	3.07
2025-01-09T04:34:28	4063.79	-262.03	-1589.49	91.27	-3.46	3.16
2025-01-09T04:34:30	4061.47	-262.08	-1582.54	91.33	-3.45	3.25
2025-01-09T04:34:32	4059.14	-262.13	-1575.59	91.40	-3.44	3.34
2025-01-09T04:34:34	4056.82	-262.18	-1568.64	91.46	-3.43	3.43
2025-01-09T04:34:36	4054.49	-262.22	-1561.68	91.52	-3.42	3.51
2025-01-09T04:34:38	4052.15	-262.27	-1554.73	91.57	-3.40	3.60
2025-01-09T04:34:40	4049.81	-262.32	-1547.77	91.63	-3.39	3.69
2025-01-09T04:34:42	4047.47	-262.37	-1540.82	91.69	-3.36	3.78
2025-01-09T04:34:44	4045.12	-262.41	-1533.86	91.75	-3.34	3.87
2025-01-09T04:34:46	4042.77	-262.46	-1526.90	91.80	-3.31	3.95
2025-01-09T04:34:48	4040.41	-262.50	-1519.93	91.86	-3.28	4.04
2025-01-09T04:34:50	4038.05	-262.55	-1512.97	91.92	-3.25	4.13
2025-01-09T04:34:52	4035.68	-262.59	-1506.00	91.98	-3.22	4.22
2025-01-09T04:34:54	4033.31	-262.64	-1499.03	92.04	-3.19	4.31
2025-01-09T04:34:56	4030.93	-262.68	-1492.06	92.10	-3.16	4.40
2025-01-09T04:34:58	4028.55	-262.72	-1485.09	92.17	-3.12	4.50
2025-01-09T04:35:00	4026.17	-262.77	-1478.12	92.25	-3.09	4.60
2025-01-09T04:35:02	4023.78	-262.81	-1471.14	92.33	-3.06	4.71
2025-01-09T04:35:04	4021.39	-262.85	-1464.17	92.41	-3.02	4.81
2025-01-09T04:35:06	4018.99	-262.90	-1457.19	92.49	-2.99	4.92
2025-01-09T04:35:08	4016.59	-262.94	-1450.21	92.57	-2.96	5.03
2025-01-09T04:35:10	4014.18	-262.98	-1443.23	92.65	-2.93	5.14
2025-01-09T04:35:12	4011.77	-263.02	-1436.25	92.73	-2.90	5.26
2025-01-09T04:35:14	4009.36	-263.07	-1429.26	92.80	-2.88	5.37
2025-01-09T04:35:16	4006.94	-263.11	-1422.28	92.86	-2.87	5.48
2025-01-09T04:35:18	4004.51	-263.15	-1415.29	92.92	-2.87	5.59
2025-01-09T04:35:20	4002.08	-263.19	-1408.30	92.98	-2.86	5.70
2025-01-09T04:35:22	3999.65	-263.23	-1401.31	93.04	-2.86	5.81
2025-01-09T04:35:24	3997.21	-263.27	-1394.32	93.11	-2.85	5.92
2025-01-09T04:35:26	3994.77	-263.31	-1387.33	93.17	-2.85	6.03
2025-01-09T04:35:28	3992.32	-263.35	-1380.33	93.24	-2.85	6.13
2025-01-09T04:35:30	3989.87	-263.39	-1373.33	93.30	-2.85	6.24
2025-01-09T04:35:32	3987.41	-263.42	-1366.33	93.36	-2.86	6.35
2025-01-09T04:35:34	3984.95	-263.46	-1359.33	93.42	-2.87	6.47
2025-01-09T04:35:36	3982.49	-263.50	-1352.33	93.48	-2.88	6.58
2025-01-09T04:35:38	3980.01	-263.54	-1345.33	93.54	-2.88	6.70
2025-01-09T04:35:40	3977.54	-263.58	-1338.32	93.60	-2.89	6.82
2025-01-09T04:35:42	3975.06	-263.62	-1331.32	93.66	-2.89	6.94
2025-01-09T04:35:44	3972.57	-263.65	-1324.31	93.72	-2.89	7.06
2025-01-09T04:35:46	3970.08	-263.69	-1317.30	93.77	-2.89	7.18
2025-01-09T04:35:48	3967.59	-263.72	-1310.29	93.81	-2.89	7.29
2025-01-09T04:35:50	3965.09	-263.76	-1303.27	93.85	-2.89	7.39
2025-01-09T04:35:52	3962.58	-263.80	-1296.26	93.89	-2.89	7.50
2025-01-09T04:35:54	3960.07	-263.83	-1289.24	93.93	-2.90	7.60
2025-01-09T04:35:56	3957.56	-263.87	-1282.22	93.97	-2.90	7.70
2025-01-09T04:35:58	3955.04	-263.90	-1275.20	94.01	-2.90	7.79
2025-01-09T04:36:00	3952.52	-263.93	-1268.19	94.05	-2.91	7.89
2025-01-09T04:36:02	3949.99	-263.97	-1261.16	94.09	-2.91	7.99
2025-01-09T04:36:04	3947.46	-264.00	-1254.14	94.13	-2.89	8.08
2025-01-09T04:36:06	3944.92	-264.03	-1247.11	94.17	-2.87	8.18
2025-01-09T04:36:08	3942.38	-264.07	-1240.09	94.21	-2.85	8.28
2025-01-09T04:36:10	3939.83	-264.10	-1233.06	94.25	-2.83	8.37
2025-01-09T04:36:12	3937.28	-264.13	-1226.03	94.29	-2.81	8.47
2025-01-09T04:36:14	3934.72	-264.17	-1219.00	94.32	-2.79	8.57
2025-01-09T04:36:16	3932.16	-264.20	-1211.96	94.36	-2.77	8.67
2025-01-09T04:36:18	3929.59	-264.23	-1204.93	94.40	-2.75	8.76
2025-01-09T04:36:20	3927.02	-264.26	-1197.89	94.44	-2.71	8.87
2025-01-09T04:36:22	3924.44	-264.29	-1190.85	94.49	-2.67	8.98
2025-01-09T04:36:24	3921.86	-264.32	-1183.81	94.53	-2.63	9.08
2025-01-09T04:36:26	3919.27	-264.35	-1176.77	94.58	-2.59	9.20
2025-01-09T04:36:28	3916.68	-264.38	-1169.73	94.63	-2.55	9.31
2025-01-09T04:36:30	3914.08	-264.41	-1162.69	94.68	-2.51	9.42
2025-01-09T04:36:32	3911.48	-264.44	-1155.64	94.73	-2.47	9.53
2025-01-09T04:36:34	3908.87	-264.47	-1148.60	94.79	-2.42	9.65
2025-01-09T04:36:36	3906.26	-264.50	-1141.55	94.83	-2.38	9.77
2025-01-09T04:36:38	3903.64	-264.52	-1134.50	94.87	-2.35	9.90
2025-01-09T04:36:40	3901.02	-264.55	-1127.45	94.91	-2.31	10.02
2025-01-09T04:36:42	3898.39	-264.58	-1120.39	94.96	-2.27	10.15
2025-01-09T04:36:44	3895.76	-264.60	-1113.34	95.00	-2.23	10.28
2025-01-09T04:36:46	3893.12	-264.63	-1106.29	95.04	-2.20	10.40
2025-01-09T04:36:48	3890.48	-264.66	-1099.23	95.08	-2.16	10.53
2025-01-09T04:36:50	3887.83	-264.68	-1092.17	95.13	-2.12	10.65
2025-01-09T04:36:52	3885.17	-264.71	-1085.11	95.16	-2.08	10.77
2025-01-09T04:36:54	3882.52	-264.73	-1078.05	95.20	-2.05	10.89
2025-01-09T04:36:56	3879.85	-264.76	-1070.98	95.23	-2.01	11.01
2025-01-09T04:36:58	3877.18	-264.78	-1063.92	95.27	-1.97	11.13
2025-01-09T04:37:00	3874.51	-264.81	-1056.85	95.30	-1.94	11.25
2025-01-09T04:37:02	3871.83	-264.83	-1049.79	95.34	-1.90	11.38
2025-01-09T04:37:04	3869.14	-264.85	-1042.72	95.38	-1.87	11.50
2025-01-09T04:37:06	3866.45	-264.87	-1035.65	95.41	-1.84	11.63
2025-01-09T04:37:08	3863.76	-264.90	-1028.58	95.45	-1.80	11.76
2025-01-09T04:37:10	3861.06	-264.92	-1021.51	95.50	-1.76	11.88
2025-01-09T04:37:12	3858.35	-264.94	-1014.43	95.54	-1.72	12.00
2025-01-09T04:37:14	3855.64	-264.96	-1007.36	95.58	-1.67	12.13
2025-01-09T04:37:16	3852.92	-264.98	-1000.28	95.62	-1.63	12.25
2025-01-09T04:37:18	3850.20	-265.00	-993.20	95.66	-1.59	12.38
2025-01-09T04:37:20	3847.47	-265.02	-986.12	95.70	-1.54	12.50
2025-01-09T04:37:22	3844.74	-265.05	-979.04	95.75	-1.50	12.63
2025-01-09T04:37:24	3842.00	-265.06	-971.96	95.79	-1.45	12.76
2025-01-09T04:37:26	3839.26	-265.08	-964.87	95.83	-1.40	12.89
2025-01-09T04:37:28	3836.51	-265.10	-957.79	95.87	-1.34	13.02
2025-01-09T04:37:30	3833.76	-265.12	-950.70	95.91	-1.29	13.15
2025-01-09T04:37:32	3831.00	-265.14	-943.61	95.95	-1.24	13.27
2025-01-09T04:37:34	3828.23	-265.15	-936.52	95.99	-1.19	13.40
2025-01-09T04:37:36	3825.46	-265.17	-929.43	96.04	-1.13	13.53
2025-01-09T04:37:38	3822.68	-265.19	-922.34	96.09	-1.08	13.65
2025-01-09T04:37:40	3819.90	-265.21	-915.25	96.13	-1.03	13.77
2025-01-09T04:37:42	3817.12	-265.22	-908.15	96.17	-0.98	13.88
2025-01-09T04:37:44	3814.33	-265.24	-901.06	96.21	-0.93	13.99
2025-01-09T04:37:46	3811.52	-265.25	-893.96	96.25	-0.89	14.10
2025-01-09T04:37:48	3808.72	-265.27	-886.86	96.29	-0.84	14.22
2025-01-09T04:37:50	3805.91	-265.28	-879.76	96.32	-0.80	14.33
2025-01-09T04:37:52	3803.10	-265.30	-872.66	96.35	-0.75	14.45
2025-01-09T04:37:54	3800.28	-265.31	-865.56	96.39	-0.71	14.57
2025-01-09T04:37:56	3797.45	-265.32	-858.45	96.43	-0.67	14.70
2025-01-09T04:37:58	3794.62	-265.34	-851.35	96.48	-0.62	14.84
2025-01-09T04:38:00	3791.78	-265.35	-844.24	96.53	-0.57	14.97
2025-01-09T04:38:02	3788.94	-265.36	-837.14	96.59	-0.52	15.11
2025-01-09T04:38:04	3786.09	-265.37	-830.03	96.65	-0.46	15.25
2025-01-09T04:38:06	3783.23	-265.38	-822.92	96.71	-0.41	15.38
2025-01-09T04:38:08	3780.37	-265.39	-815.81	96.77	-0.34	15.52
2025-01-09T04:38:10	3777.51	-265.40	-808.69	96.82	-0.28	15.65
2025-01-09T04:38:12	3774.64	-265.41	-801.58	96.87	-0.21	15.77
2025-01-09T04:38:14	3771.76	-265.42	-794.46	96.89	-0.12	15.86
2025-01-09T04:38:16	3768.88	-265.43	-787.35	96.91	-0.03	15.96
2025-01-09T04:38:18	3765.99	-265.44	-780.23	96.93	0.06	16.05
2025-01-09T04:38:20	3763.09	-265.45	-773.11	96.95	0.15	16.14
2025-01-09T04:38:22	3760.19	-265.46	-765.99	96.97	0.23	16.24
2025-01-09T04:38:24	3757.29	-265.46	-758.87	96.99	0.32	16.34
2025-01-09T04:38:26	3754.37	-265.47	-751.75	97.01	0.40	16.44
2025-01-09T04:38:28	3751.46	-265.48	-744.63	97.04	0.47	16.56
2025-01-09T04:38:30	3748.53	-265.48	-737.50	97.10	0.49	16.78
2025-01-09T04:38:32	3745.60	-265.49	-730.37	97.16	0.52	17.00
2025-01-09T04:38:34	3742.67	-265.50	-723.25	97.21	0.55	17.23
2025-01-09T04:38:36	3739.72	-265.50	-716.12	97.25	0.58	17.47
2025-01-09T04:38:38	3736.78	-265.51	-708.99	97.28	0.62	17.71
2025-01-09T04:38:40	3733.82	-265.51	-701.86	97.31	0.66	17.96
2025-01-09T04:38:42	3730.86	-265.51	-694.73	97.37	0.69	18.21
2025-01-09T04:38:44	3727.90	-265.52	-687.60	97.41	0.73	18.44
2025-01-09T04:38:46	3724.93	-265.52	-680.46	97.32	0.78	18.59
2025-01-09T04:38:48	3721.95	-265.52	-673.33	97.24	0.85	18.75
2025-01-09T04:38:50	3718.97	-265.52	-666.20	97.16	0.93	18.90
2025-01-09T04:38:52	3715.98	-265.53	-659.06	97.09	1.02	19.05
2025-01-09T04:38:54	3712.98	-265.53	-651.92	97.02	1.12	19.20
2025-01-09T04:38:56	3709.98	-265.53	-644.78	96.96	1.24	19.36
2025-01-09T04:38:58	3706.97	-265.53	-637.64	96.90	1.36	19.51
2025-01-09T04:39:00	3703.96	-265.53	-630.50	96.81	1.53	19.66
2025-01-09T04:39:02	3700.94	-265.53	-623.36	96.62	1.81	19.82
2025-01-09T04:39:04	3697.91	-265.53	-616.21	96.41	2.08	19.99
2025-01-09T04:39:06	3694.88	-265.52	-609.07	96.19	2.36	20.17
2025-01-09T04:39:08	3691.84	-265.52	-601.93	95.94	2.63	20.35
2025-01-09T04:39:10	3688.80	-265.52	-594.78	95.67	2.90	20.55
2025-01-09T04:39:12	3685.75	-265.52	-587.63	95.39	3.17	20.75
2025-01-09T04:39:14	3682.69	-265.51	-580.49	95.08	3.44	20.95
2025-01-09T04:39:16	3679.63	-265.51	-573.34	94.76	3.70	21.16
2025-01-09T04:39:18	3676.56	-265.50	-566.18	94.43	3.87	21.33
2025-01-09T04:39:20	3673.48	-265.50	-559.04	94.08	4.03	21.45
2025-01-09T04:39:22	3670.40	-265.49	-551.88	93.68	4.20	21.56
2025-01-09T04:39:24	3667.31	-265.49	-544.73	93.23	4.40	21.67
2025-01-09T04:39:26	3664.22	-265.48	-537.58	92.72	4.62	21.78
2025-01-09T04:39:28	3661.12	-265.48	-530.42	92.17	4.86	21.88
2025-01-09T04:39:30	3658.01	-265.47	-523.27	91.56	5.12	21.97
2025-01-09T04:39:32	3654.90	-265.46	-516.11	90.83	5.42	22.03
2025-01-09T04:39:34	3651.78	-265.45	-508.95	89.77	5.76	21.95
2025-01-09T04:39:36	3648.65	-265.45	-501.79	88.67	6.09	21.90
2025-01-09T04:39:38	3645.52	-265.44	-494.63	87.53	6.40	21.88
2025-01-09T04:39:40	3642.38	-265.43	-487.47	86.35	6.70	21.88
2025-01-09T04:39:42	3639.24	-265.42	-480.31	85.14	6.99	21.91
2025-01-09T04:39:44	3636.08	-265.41	-473.15	83.88	7.27	21.96
2025-01-09T04:39:46	3632.93	-265.39	-465.99	82.59	7.54	22.04
2025-01-09T04:39:48	3629.76	-265.38	-458.82	81.26	7.77	22.11
2025-01-09T04:39:50	3626.59	-265.37	-451.66	79.96	7.92	22.10
2025-01-09T04:39:52	3623.41	-265.36	-444.49	78.68	8.03	22.10
2025-01-09T04:39:54	3620.23	-265.35	-437.33	77.42	8.11	22.12
2025-01-09T04:39:56	3617.04	-265.33	-430.16	76.37	8.19	22.10
2025-01-09T04:39:58	3613.84	-265.32	-423.00	75.36	8.31	22.07
2025-01-09T04:40:00	3610.64	-265.31	-415.83	74.33	8.45	22.05
2025-01-09T04:40:02	3607.43	-265.29	-408.66	73.28	8.61	22.05
2025-01-09T04:40:04	3604.21	-265.27	-401.49	72.16	8.83	22.06
2025-01-09T04:40:06	3600.99	-265.26	-394.32	70.87	9.15	22.00
2025-01-09T04:40:08	3597.76	-265.24	-387.15	69.55	9.45	21.93
2025-01-09T04:40:10	3594.52	-265.23	-379.97	68.22	9.73	21.84
2025-01-09T04:40:12	3591.27	-265.21	-372.80	66.86	9.99	21.74
2025-01-09T04:40:14	3588.02	-265.19	-365.63	65.48	10.23	21.63
2025-01-09T04:40:16	3584.77	-265.17	-358.45	64.08	10.46	21.49
2025-01-09T04:40:18	3581.51	-265.15	-351.28	62.66	10.66	21.35
2025-01-09T04:40:20	3578.24	-265.14	-344.10	61.16	10.86	21.17
2025-01-09T04:40:22	3574.96	-265.12	-336.93	59.51	11.06	20.94
2025-01-09T04:40:24	3571.67	-265.09	-329.75	57.83	11.27	20.68
2025-01-09T04:40:26	3568.39	-265.07	-322.57	56.14	11.49	20.40
2025-01-09T04:40:28	3565.09	-265.05	-315.40	54.43	11.70	20.08
2025-01-09T04:40:30	3561.78	-265.03	-308.22	52.74	11.91	19.74
2025-01-09T04:40:32	3558.47	-265.01	-301.04	51.26	12.05	19.36
2025-01-09T04:40:34	3555.15	-264.99	-293.86	49.83	12.14	18.97
2025-01-09T04:40:36	3551.83	-264.96	-286.68	48.50	12.10	18.66
2025-01-09T04:40:38	3548.50	-264.94	-279.50	47.33	11.87	18.57
2025-01-09T04:40:40	3545.16	-264.92	-272.32	46.13	11.62	18.52
2025-01-09T04:40:42	3541.81	-264.89	-265.14	44.92	11.36	18.50
2025-01-09T04:40:44	3538.46	-264.86	-257.95	43.69	11.09	18.52
2025-01-09T04:40:46	3535.10	-264.84	-250.77	42.44	10.80	18.57
2025-01-09T04:40:48	3531.74	-264.81	-243.59	41.17	10.51	18.66
2025-01-09T04:40:50	3528.36	-264.78	-236.40	39.88	10.20	18.78
2025-01-09T04:40:52	3524.99	-264.76	-229.22	38.72	10.04	18.97
2025-01-09T04:40:54	3521.60	-264.73	-222.04	37.83	10.21	19.24
2025-01-09T04:40:56	3518.20	-264.70	-214.85	36.94	10.42	19.55
2025-01-09T04:40:58	3514.80	-264.67	-207.66	36.05	10.66	19.91
2025-01-09T04:41:00	3511.40	-264.64	-200.48	35.16	10.94	20.32
2025-01-09T04:41:02	3507.98	-264.61	-193.29	34.27	11.25	20.77
2025-01-09T04:41:04	3504.56	-264.58	-186.10	33.39	11.60	21.26
2025-01-09T04:41:06	3501.13	-264.55	-178.92	32.58	11.99	21.71
2025-01-09T04:41:08	3497.69	-264.52	-171.73	32.03	12.32	22.13
2025-01-09T04:41:10	3494.25	-264.48	-164.54	31.88	12.56	22.46
2025-01-09T04:41:12	3490.80	-264.45	-157.35	31.69	12.81	22.81
2025-01-09T04:41:14	3487.34	-264.42	-150.16	31.45	13.08	23.17
2025-01-09T04:41:16	3483.88	-264.39	-142.97	31.17	13.36	23.53
2025-01-09T04:41:18	3480.41	-264.35	-135.79	30.84	13.66	23.91
2025-01-09T04:41:20	3476.93	-264.32	-128.60	30.47	13.97	24.30
2025-01-09T04:41:22	3473.44	-264.28	-121.41	30.05	14.29	24.70
2025-01-09T04:41:24	3469.95	-264.24	-114.22	29.54	14.43	25.02
2025-01-09T04:41:26	3466.45	-264.21	-107.03	28.99	14.34	25.23
2025-01-09T04:41:28	3462.94	-264.17	-99.84	28.45	14.25	25.41
2025-01-09T04:41:30	3459.42	-264.13	-92.65	27.94	14.19	25.58
2025-01-09T04:41:32	3455.90	-264.09	-85.46	27.46	14.13	25.73
2025-01-09T04:41:34	3452.37	-264.05	-78.26	27.00	14.09	25.86
2025-01-09T04:41:36	3448.83	-264.01	-71.07	26.56	14.06	25.97
2025-01-09T04:41:38	3445.29	-263.97	-63.88	26.19	14.01	26.20
2025-01-09T04:41:40	3441.74	-263.93	-56.69	25.76	13.97	26.57
2025-01-09T04:41:42	3438.18	-263.89	-49.50	25.23	13.92	26.93
2025-01-09T04:41:44	3434.61	-263.85	-42.31	24.65	13.86	27.23
2025-01-09T04:41:46	3431.04	-263.81	-35.11	24.02	13.80	27.46
2025-01-09T04:41:48	3427.45	-263.76	-27.92	23.35	13.73	27.61
2025-01-09T04:41:50	3423.86	-263.72	-20.73	22.64	13.66	27.70
2025-01-09T04:41:52	3420.27	-263.68	-13.54	21.88	13.58	27.71
2025-01-09T04:41:54	3416.67	-263.63	-6.35	21.07	13.49	27.65
2025-01-09T04:41:56	3413.05	-263.59	0.84	20.25	13.55	27.53
2025-01-09T04:41:58	3409.43	-263.54	8.04	19.45	13.76	27.41
2025-01-09T04:42:00	3405.81	-263.49	15.23	18.67	14.00	27.30
2025-01-09T04:42:02	3402.17	-263.44	22.42	17.92	14.25	27.20
2025-01-09T04:42:04	3398.53	-263.40	29.61	17.19	14.52	27.11
2025-01-09T04:42:06	3394.88	-263.35	36.80	16.49	14.81	27.03
2025-01-09T04:42:08	3391.23	-263.30	44.00	15.81	15.12	26.96
2025-01-09T04:42:10	3387.56	-263.25	51.19	15.23	15.23	26.93
2025-01-09T04:42:12	3383.89	-263.20	58.38	14.86	15.21	27.17
2025-01-09T04:42:14	3380.21	-263.15	65.57	14.64	15.15	27.61
2025-01-09T04:42:16	3376.53	-263.10	72.76	14.44	15.10	28.08
2025-01-09T04:42:18	3372.83	-263.05	79.95	14.26	15.08	28.59
2025-01-09T04:42:20	3369.13	-262.99	87.14	14.10	15.07	29.13
2025-01-09T04:42:22	3365.42	-262.94	94.34	13.95	15.09	29.70
2025-01-09T04:42:24	3361.70	-262.89	101.53	13.83	15.12	30.31
2025-01-09T04:42:26	3357.97	-262.83	108.72	13.72	15.18	30.96
2025-01-09T04:42:28	3354.24	-262.78	115.90	13.67	15.18	31.34
2025-01-09T04:42:30	3350.50	-262.72	123.10	13.63	15.17	31.54
2025-01-09T04:42:32	3346.75	-262.67	130.29	13.57	15.22	31.75
2025-01-09T04:42:34	3343.00	-262.61	137.47	13.47	15.31	31.97
2025-01-09T04:42:36	3339.23	-262.55	144.67	13.36	15.45	32.19
2025-01-09T04:42:38	3335.46	-262.49	151.85	13.21	15.64	32.43
2025-01-09T04:42:40	3331.68	-262.43	159.04	12.98	15.76	32.60
2025-01-09T04:42:42	3327.89	-262.37	166.23	12.65	15.71	32.74
2025-01-09T04:42:44	3324.09	-262.31	173.42	12.19	15.59	33.09
2025-01-09T04:42:46	3320.29	-262.25	180.60	11.66	15.46	33.55
2025-01-09T04:42:48	3316.48	-262.19	187.79	11.13	15.34	33.99
2025-01-09T04:42:50	3312.66	-262.13	194.98	10.58	15.22	34.42
2025-01-09T04:42:52	3308.83	-262.07	202.16	10.01	15.10	34.84
2025-01-09T04:42:54	3305.00	-262.00	209.35	9.42	14.99	35.25
2025-01-09T04:42:56	3301.16	-261.94	216.53	8.82	14.88	35.64
2025-01-09T04:42:58	3297.30	-261.88	223.71	8.21	14.78	36.02
2025-01-09T04:43:00	3293.45	-261.81	230.90	7.62	14.87	36.26
2025-01-09T04:43:02	3289.58	-261.75	238.08	7.07	15.08	36.45
2025-01-09T04:43:04	3285.70	-261.68	245.26	6.56	15.33	36.65
2025-01-09T04:43:06	3281.82	-261.61	252.44	6.06	15.63	36.86
2025-01-09T04:43:08	3277.93	-261.54	259.63	5.60	15.98	37.08
2025-01-09T04:43:10	3274.03	-261.48	266.81	5.28	16.36	37.46
2025-01-09T04:43:12	3270.12	-261.41	273.99	5.05	16.72	37.96
2025-01-09T04:43:14	3266.21	-261.34	281.17	4.82	17.04	38.49
2025-01-09T04:43:16	3262.28	-261.27	288.34	4.71	16.98	39.11
2025-01-09T04:43:18	3258.35	-261.19	295.52	4.59	16.81	39.74
2025-01-09T04:43:20	3254.41	-261.12	302.70	4.44	16.66	40.33
2025-01-09T04:43:22	3250.47	-261.05	309.88	4.24	16.54	40.90
2025-01-09T04:43:24	3246.51	-260.98	317.05	4.00	16.43	41.43
2025-01-09T04:43:26	3242.55	-260.90	324.23	3.72	16.34	41.94
2025-01-09T04:43:28	3238.57	-260.83	331.40	3.39	16.28	42.42
2025-01-09T04:43:30	3234.59	-260.76	338.57	3.03	16.24	42.87
2025-01-09T04:43:32	3230.60	-260.68	345.75	2.41	16.15	43.38
2025-01-09T04:43:34	3226.61	-260.60	352.92	1.70	16.01	43.90
2025-01-09T04:43:36	3222.60	-260.53	360.09	0.95	15.84	44.41
2025-01-09T04:43:38	3218.59	-260.45	367.26	0.18	15.62	44.90
2025-01-09T04:43:40	3214.57	-260.37	374.43	-0.49	15.23	45.28
2025-01-09T04:43:42	3210.54	-260.29	381.59	-1.17	14.81	45.63
2025-01-09T04:43:44	3206.50	-260.21	388.76	-1.88	14.34	45.97
2025-01-09T04:43:46	3202.45	-260.13	395.93	-2.62	13.84	46.29
2025-01-09T04:43:48	3198.40	-260.05	403.09	-3.19	13.07	46.45
2025-01-09T04:43:50	3194.34	-259.97	410.25	-3.76	12.27	46.61
2025-01-09T04:43:52	3190.26	-259.89	417.42	-4.37	11.49	46.81
2025-01-09T04:43:54	3186.19	-259.80	424.58	-5.03	10.73	47.06
2025-01-09T04:43:56	3182.10	-259.72	431.74	-5.72	9.99	47.36
2025-01-09T04:43:58	3178.00	-259.64	438.90	-6.46	9.26	47.70
2025-01-09T04:44:00	3173.90	-259.55	446.06	-7.23	8.56	48.09
2025-01-09T04:44:02	3169.78	-259.46	453.21	-8.05	7.87	48.52
2025-01-09T04:44:04	3165.66	-259.38	460.37	-8.63	7.72	49.10
2025-01-09T04:44:06	3161.53	-259.29	467.52	-9.12	7.76	49.76
2025-01-09T04:44:08	3157.39	-259.20	474.68	-9.55	8.11	50.59
2025-01-09T04:44:10	3153.24	-259.11	481.83	-10.01	8.39	51.41
2025-01-09T04:44:12	3149.09	-259.02	488.98	-10.49	8.60	52.21
2025-01-09T04:44:14	3144.92	-258.93	496.13	-11.00	8.74	53.01
2025-01-09T04:44:16	3140.75	-258.84	503.28	-11.54	8.81	53.79
2025-01-09T04:44:18	3136.57	-258.75	510.42	-12.10	8.81	54.56
2025-01-09T04:44:20	3132.38	-258.66	517.57	-12.79	8.88	55.34
2025-01-09T04:44:22	3128.18	-258.56	524.71	-13.51	8.92	56.14
2025-01-09T04:44:24	3123.98	-258.47	531.85	-14.22	8.91	56.95
2025-01-09T04:44:26	3119.76	-258.38	538.99	-14.92	8.84	57.77
2025-01-09T04:44:28	3115.54	-258.28	546.13	-15.62	8.71	58.62
2025-01-09T04:44:30	3111.31	-258.19	553.27	-16.31	8.53	59.48
2025-01-09T04:44:32	3107.06	-258.09	560.41	-16.99	8.30	60.35
2025-01-09T04:44:34	3102.81	-257.99	567.54	-17.70	8.02	61.17
2025-01-09T04:44:36	3098.56	-257.89	574.68	-18.53	7.85	61.32
2025-01-09T04:44:38	3094.29	-257.80	581.81	-19.39	7.73	61.32
2025-01-09T04:44:40	3090.01	-257.70	588.94	-20.24	7.64	61.32
2025-01-09T04:44:42	3085.73	-257.60	596.07	-21.09	7.57	61.30
2025-01-09T04:44:44	3081.43	-257.50	603.19	-21.94	7.53	61.28
2025-01-09T04:44:46	3077.14	-257.39	610.32	-22.78	7.53	61.26
2025-01-09T04:44:48	3072.82	-257.29	617.44	-23.63	7.55	61.22
2025-01-09T04:44:50	3068.50	-257.19	624.56	-24.47	7.60	61.18
2025-01-09T04:44:52	3064.18	-257.08	631.68	-25.06	7.53	61.42
2025-01-09T04:44:54	3059.84	-256.98	638.80	-25.54	7.42	61.70
2025-01-09T04:44:56	3055.49	-256.87	645.92	-25.96	7.32	61.94
2025-01-09T04:44:58	3051.14	-256.77	653.03	-26.32	7.21	62.13
2025-01-09T04:45:00	3046.78	-256.66	660.14	-26.64	7.13	62.38
2025-01-09T04:45:02	3042.41	-256.55	667.25	-27.06	7.07	63.05
2025-01-09T04:45:04	3038.03	-256.44	674.36	-27.58	6.85	63.71
2025-01-09T04:45:06	3033.64	-256.33	681.47	-28.19	6.50	64.35
2025-01-09T04:45:08	3029.24	-256.22	688.57	-28.95	6.08	65.10
2025-01-09T04:45:10	3024.83	-256.11	695.68	-29.76	5.68	65.84
2025-01-09T04:45:12	3020.42	-256.00	702.78	-30.61	5.30	66.51
2025-01-09T04:45:14	3015.99	-255.89	709.87	-31.49	4.94	67.11
2025-01-09T04:45:16	3011.56	-255.78	716.97	-32.41	4.58	67.63
2025-01-09T04:45:18	3007.12	-255.66	724.07	-33.36	4.25	68.07
2025-01-09T04:45:20	3002.67	-255.55	731.16	-34.35	3.93	68.44
2025-01-09T04:45:22	2998.21	-255.43	738.25	-35.36	3.63	68.73
2025-01-09T04:45:24	2993.74	-255.32	745.33	-36.30	3.60	68.88
2025-01-09T04:45:26	2989.26	-255.20	752.42	-37.11	3.83	69.01
2025-01-09T04:45:28	2984.77	-255.08	759.50	-37.82	4.47	69.33
2025-01-09T04:45:30	2980.28	-254.97	766.58	-38.53	5.04	69.67
2025-01-09T04:45:32	2975.77	-254.85	773.66	-39.23	5.54	70.03
2025-01-09T04:45:34	2971.26	-254.73	780.74	-39.93	5.98	70.41
2025-01-09T04:45:36	2966.74	-254.61	787.82	-40.63	6.34	70.82
2025-01-09T04:45:38	2962.21	-254.48	794.89	-41.32	6.64	71.25
2025-01-09T04:45:40	2957.67	-254.36	801.96	-42.07	6.88	71.88
2025-01-09T04:45:42	2953.12	-254.24	809.02	-42.82	7.06	72.62
2025-01-09T04:45:44	2948.56	-254.11	816.09	-43.51	7.17	73.33
2025-01-09T04:45:46	2943.99	-253.99	823.15	-44.16	7.21	74.02
2025-01-09T04:45:48	2939.42	-253.86	830.21	-44.75	7.20	74.67
2025-01-09T04:45:50	2934.83	-253.74	837.27	-45.29	7.11	75.30
2025-01-09T04:45:52	2930.24	-253.61	844.32	-46.10	7.04	76.16
2025-01-09T04:45:54	2925.64	-253.48	851.37	-47.17	7.00	77.17
2025-01-09T04:45:56	2921.02	-253.35	858.42	-48.31	7.09	78.04
2025-01-09T04:45:58	2916.40	-253.23	865.47	-49.42	7.24	78.77
2025-01-09T04:46:00	2911.77	-253.10	872.51	-50.50	7.32	79.46
2025-01-09T04:46:02	2907.13	-252.97	879.55	-51.57	7.35	80.12
2025-01-09T04:46:04	2902.48	-252.83	886.59	-52.61	7.31	80.75
2025-01-09T04:46:06	2897.83	-252.70	893.63	-53.64	7.21	81.35
2025-01-09T04:46:08	2893.16	-252.57	900.66	-54.66	7.04	81.92
2025-01-09T04:46:10	2888.49	-252.44	907.69	-55.65	6.81	82.47
2025-01-09T04:46:12	2883.80	-252.30	914.72	-56.60	6.59	82.93
2025-01-09T04:46:14	2879.11	-252.16	921.74	-57.42	6.42	83.21
2025-01-09T04:46:16	2874.41	-252.03	928.76	-58.17	6.28	83.39
2025-01-09T04:46:18	2869.69	-251.89	935.78	-59.03	6.25	83.58
2025-01-09T04:46:20	2864.97	-251.75	942.80	-59.94	6.22	83.78
2025-01-09T04:46:22	2860.24	-251.61	949.81	-60.92	6.18	84.00
2025-01-09T04:46:24	2855.50	-251.47	956.82	-61.96	6.14	84.24
2025-01-09T04:46:26	2850.76	-251.33	963.82	-63.07	6.10	84.49
2025-01-09T04:46:28	2846.00	-251.19	970.83	-64.35	6.12	84.81
2025-01-09T04:46:30	2841.23	-251.05	977.83	-65.96	6.35	85.23
2025-01-09T04:46:32	2836.46	-250.91	984.83	-67.41	6.51	85.47
2025-01-09T04:46:34	2831.67	-250.76	991.82	-68.72	6.60	85.55
2025-01-09T04:46:36	2826.88	-250.62	998.81	-69.87	6.63	85.44
2025-01-09T04:46:38	2822.08	-250.47	1005.80	-70.86	6.58	85.16
2025-01-09T04:46:40	2817.26	-250.32	1012.78	-71.83	6.53	84.92
2025-01-09T04:46:42	2812.44	-250.18	1019.76	-73.07	6.60	85.08
2025-01-09T04:46:44	2807.61	-250.03	1026.74	-74.39	6.69	85.31
2025-01-09T04:46:46	2802.77	-249.88	1033.71	-76.16	7.22	86.52
2025-01-09T04:46:48	2797.92	-249.73	1040.68	-77.83	7.74	87.57
2025-01-09T04:46:50	2793.07	-249.58	1047.65	-79.41	8.24	88.46
2025-01-09T04:46:52	2788.20	-249.43	1054.61	-80.89	8.73	89.19
2025-01-09T04:46:54	2783.32	-249.28	1061.58	-82.28	9.21	89.76
2025-01-09T04:46:56	2778.44	-249.12	1068.53	-83.58	9.67	90.17
2025-01-09T04:46:58	2773.54	-248.97	1075.49	-84.78	10.12	90.41
2025-01-09T04:47:00	2768.64	-248.82	1082.44	-85.89	10.55	90.49
2025-01-09T04:47:02	2763.72	-248.66	1089.38	-86.66	11.08	90.66
2025-01-09T04:47:04	2758.80	-248.50	1096.32	-87.53	11.70	91.09
2025-01-09T04:47:06	2753.87	-248.35	1103.26	-88.48	12.32	91.54
2025-01-09T04:47:08	2748.93	-248.19	1110.20	-89.44	12.89	91.87
2025-01-09T04:47:10	2743.98	-248.03	1117.13	-90.42	13.42	92.07
2025-01-09T04:47:12	2739.02	-247.87	1124.06	-91.42	13.89	92.15
2025-01-09T04:47:14	2734.05	-247.71	1130.98	-92.44	14.30	92.10
2025-01-09T04:47:16	2729.08	-247.55	1137.90	-93.47	14.67	91.92
2025-01-09T04:47:18	2724.09	-247.39	1144.82	-94.34	14.98	91.55
2025-01-09T04:47:20	2719.09	-247.22	1151.73	-95.18	15.27	91.21
2025-01-09T04:47:22	2714.09	-247.06	1158.64	-96.11	15.54	91.03
2025-01-09T04:47:24	2709.08	-246.89	1165.55	-97.15	15.81	90.99
2025-01-09T04:47:26	2704.05	-246.73	1172.45	-98.28	16.04	91.12
2025-01-09T04:47:28	2699.02	-246.56	1179.34	-99.19	16.01	91.28
2025-01-09T04:47:30	2693.98	-246.40	1186.24	-100.05	15.92	91.41
2025-01-09T04:47:32	2688.93	-246.23	1193.13	-100.85	15.76	91.50
2025-01-09T04:47:34	2683.87	-246.06	1200.01	-101.81	15.54	91.48
2025-01-09T04:47:36	2678.80	-245.89	1206.89	-103.37	15.30	91.25
2025-01-09T04:47:38	2673.72	-245.72	1213.77	-105.12	15.11	91.02
2025-01-09T04:47:40	2668.63	-245.55	1220.64	-107.03	14.96	90.79
2025-01-09T04:47:42	2663.53	-245.37	1227.51	-109.12	14.84	90.56
2025-01-09T04:47:44	2658.43	-245.20	1234.37	-111.39	14.77	90.33
2025-01-09T04:47:46	2653.31	-245.03	1241.23	-113.84	14.74	90.10
2025-01-09T04:47:48	2648.19	-244.85	1248.08	-116.47	14.75	89.87
2025-01-09T04:47:50	2643.05	-244.68	1254.94	-118.86	14.99	89.61
2025-01-09T04:47:52	2637.91	-244.50	1261.78	-120.05	15.58	89.41
2025-01-09T04:47:54	2632.76	-244.32	1268.62	-121.05	16.12	89.24
2025-01-09T04:47:56	2627.59	-244.14	1275.46	-121.90	16.59	89.08
2025-01-09T04:47:58	2622.42	-243.96	1282.29	-122.60	17.00	88.94
2025-01-09T04:48:00	2617.24	-243.78	1289.12	-123.16	17.34	88.83
2025-01-09T04:48:02	2612.05	-243.60	1295.95	-123.56	17.62	88.72
2025-01-09T04:48:04	2606.86	-243.42	1302.77	-123.82	17.83	88.64
2025-01-09T04:48:06	2601.65	-243.24	1309.58	-123.93	17.97	88.57
2025-01-09T04:48:08	2596.43	-243.05	1316.39	-124.52	18.23	88.77
2025-01-09T04:48:10	2591.21	-242.87	1323.20	-125.47	18.69	89.04
2025-01-09T04:48:12	2585.97	-242.68	1330.00	-127.24	19.49	89.38
2025-01-09T04:48:14	2580.73	-242.50	1336.80	-129.18	20.41	89.60
2025-01-09T04:48:16	2575.47	-242.31	1343.59	-131.07	21.37	89.63
2025-01-09T04:48:18	2570.21	-242.12	1350.37	-132.89	22.38	89.48
2025-01-09T04:48:20	2564.94	-241.93	1357.15	-134.65	23.43	89.15
2025-01-09T04:48:22	2559.66	-241.74	1363.93	-136.35	24.52	88.64
2025-01-09T04:48:24	2554.37	-241.55	1370.70	-138.21	25.52	88.05
2025-01-09T04:48:26	2549.07	-241.36	1377.47	-141.13	25.83	87.89
2025-01-09T04:48:28	2543.76	-241.17	1384.23	-144.00	26.07	87.72
2025-01-09T04:48:30	2538.44	-240.97	1390.99	-146.85	26.26	87.53
2025-01-09T04:48:32	2533.12	-240.78	1397.74	-149.65	26.38	87.32
2025-01-09T04:48:34	2527.78	-240.59	1404.49	-152.43	26.40	87.35
2025-01-09T04:48:36	2522.44	-240.39	1411.23	-155.03	26.45	87.40
2025-01-09T04:48:38	2517.08	-240.19	1417.97	-157.43	26.54	87.47
2025-01-09T04:48:40	2511.72	-240.00	1424.70	-159.64	26.66	87.56
2025-01-09T04:48:42	2506.35	-239.80	1431.43	-161.84	26.99	87.57
2025-01-09T04:48:44	2500.97	-239.60	1438.15	-164.10	27.46	87.47
2025-01-09T04:48:46	2495.58	-239.40	1444.87	-166.35	28.00	87.26
2025-01-09T04:48:48	2490.18	-239.20	1451.58	-168.58	28.61	86.97
2025-01-09T04:48:50	2484.77	-238.99	1458.29	-170.80	29.29	86.57
2025-01-09T04:48:52	2479.35	-238.79	1464.99	-173.00	30.04	86.09
2025-01-09T04:48:54	2473.92	-238.59	1471.68	-175.36	30.75	85.57
2025-01-09T04:48:56	2468.49	-238.38	1478.37	-178.06	31.23	85.22
2025-01-09T04:48:58	2463.04	-238.18	1485.05	-180.64	31.49	85.04
2025-01-09T04:49:00	2457.59	-237.97	1491.73	-182.56	31.09	85.13
2025-01-09T04:49:02	2452.13	-237.76	1498.41	-184.51	30.78	85.22
2025-01-09T04:49:04	2446.66	-237.55	1505.07	-186.50	30.56	85.29
2025-01-09T04:49:06	2441.18	-237.34	1511.74	-188.53	30.43	85.34
2025-01-09T04:49:08	2435.69	-237.13	1518.39	-190.59	30.40	85.37
2025-01-09T04:49:10	2430.19	-236.92	1525.05	-192.68	30.46	85.39
2025-01-09T04:49:12	2424.68	-236.71	1531.69	-194.81	30.61	85.39
2025-01-09T04:49:14	2419.16	-236.50	1538.33	-196.98	30.86	85.36
2025-01-09T04:49:16	2413.64	-236.28	1544.97	-198.27	30.91	84.79
2025-01-09T04:49:18	2408.10	-236.07	1551.60	-199.27	30.86	83.98
2025-01-09T04:49:20	2402.56	-235.86	1558.22	-200.45	30.80	83.20
2025-01-09T04:49:22	2397.01	-235.64	1564.84	-201.83	30.74	82.45
2025-01-09T04:49:24	2391.44	-235.42	1571.45	-203.40	30.67	81.72
2025-01-09T04:49:26	2385.87	-235.20	1578.05	-205.15	30.60	81.01
2025-01-09T04:49:28	2380.30	-234.98	1584.65	-207.10	30.52	80.33
2025-01-09T04:49:30	2374.71	-234.76	1591.25	-209.24	30.43	79.67
2025-01-09T04:49:32	2369.11	-234.54	1597.83	-211.57	30.34	79.04
2025-01-09T04:49:34	2363.51	-234.32	1604.41	-212.95	30.33	77.82
2025-01-09T04:49:36	2357.89	-234.10	1610.99	-213.76	30.49	76.35
2025-01-09T04:49:38	2352.27	-233.87	1617.56	-214.35	30.76	74.77
2025-01-09T04:49:40	2346.63	-233.65	1624.12	-215.03	31.01	73.25
2025-01-09T04:49:42	2340.99	-233.43	1630.68	-215.81	31.25	71.80
2025-01-09T04:49:44	2335.34	-233.20	1637.23	-216.69	31.48	70.40
2025-01-09T04:49:46	2329.69	-232.97	1643.78	-217.65	31.69	69.06
2025-01-09T04:49:48	2324.02	-232.74	1650.32	-218.71	31.88	67.79
2025-01-09T04:49:50	2318.34	-232.51	1656.85	-219.80	32.00	66.58
2025-01-09T04:49:52	2312.66	-232.29	1663.37	-220.75	31.93	65.30
2025-01-09T04:49:54	2306.96	-232.06	1669.90	-221.82	31.93	63.89
2025-01-09T04:49:56	2301.26	-231.82	1676.41	-223.14	31.97	62.46
2025-01-09T04:49:58	2295.55	-231.59	1682.92	-224.54	32.04	61.21
2025-01-09T04:50:00	2289.83	-231.36	1689.42	-225.83	32.20	60.11
2025-01-09T04:50:02	2284.10	-231.12	1695.91	-227.01	32.44	59.14
2025-01-09T04:50:04	2278.36	-230.89	1702.40	-228.08	32.76	58.30
2025-01-09T04:50:06	2272.62	-230.65	1708.88	-229.04	33.17	57.60
2025-01-09T04:50:08	2266.86	-230.42	1715.36	-230.01	33.35	56.91
2025-01-09T04:50:10	2261.10	-230.18	1721.83	-231.17	33.03	56.04
2025-01-09T04:50:12	2255.33	-229.94	1728.29	-232.40	32.64	55.08
2025-01-09T04:50:14	2249.55	-229.70	1734.75	-233.70	32.17	54.02
2025-01-09T04:50:16	2243.76	-229.46	1741.20	-235.18	31.49	52.59
2025-01-09T04:50:18	2237.96	-229.22	1747.64	-236.75	30.74	50.94
2025-01-09T04:50:20	2232.16	-228.98	1754.07	-238.31	30.09	49.34
2025-01-09T04:50:22	2226.34	-228.73	1760.50	-239.84	29.53	47.77
2025-01-09T04:50:24	2220.52	-228.49	1766.93	-241.36	29.05	46.25
2025-01-09T04:50:26	2214.69	-228.24	1773.34	-242.94	28.91	44.95
2025-01-09T04:50:28	2208.85	-228.00	1779.75	-244.57	29.00	43.75
2025-01-09T04:50:30	2203.00	-227.75	1786.15	-246.17	29.10	42.48
2025-01-09T04:50:32	2197.15	-227.51	1792.55	-247.76	29.21	41.14
2025-01-09T04:50:34	2191.28	-227.26	1798.94	-249.32	29.34	39.74
2025-01-09T04:50:36	2185.41	-227.01	1805.32	-250.76	29.37	38.43
2025-01-09T04:50:38	2179.53	-226.76	1811.69	-252.11	29.31	37.17
2025-01-09T04:50:40	2173.63	-226.51	1818.06	-253.40	29.18	35.89
2025-01-09T04:50:42	2167.74	-226.25	1824.42	-254.62	28.98	34.61
2025-01-09T04:50:44	2161.83	-226.00	1830.78	-255.82	28.89	33.50
2025-01-09T04:50:46	2155.92	-225.75	1837.12	-257.08	28.86	32.49
2025-01-09T04:50:48	2149.99	-225.50	1843.46	-258.37	28.78	31.43
2025-01-09T04:50:50	2144.06	-225.24	1849.80	-259.70	28.65	30.32
2025-01-09T04:50:52	2138.12	-224.98	1856.12	-261.08	28.46	29.17
2025-01-09T04:50:54	2132.17	-224.72	1862.44	-262.51	28.25	27.96
2025-01-09T04:50:56	2126.22	-224.47	1868.75	-264.15	28.30	26.39
2025-01-09T04:50:58	2120.25	-224.21	1875.05	-265.78	28.33	24.75
2025-01-09T04:51:00	2114.28	-223.95	1881.35	-267.41	28.35	23.03
2025-01-09T04:51:02	2108.30	-223.69	1887.64	-269.09	28.51	21.26
2025-01-09T04:51:04	2102.31	-223.43	1893.92	-270.81	28.82	19.52
2025-01-09T04:51:06	2096.31	-223.16	1900.20	-272.51	29.16	17.80
2025-01-09T04:51:08	2090.31	-222.90	1906.46	-274.19	29.53	16.10
2025-01-09T04:51:10	2084.29	-222.64	1912.73	-275.86	29.91	14.43
2025-01-09T04:51:12	2078.27	-222.37	1918.98	-277.51	30.32	12.79
2025-01-09T04:51:14	2072.25	-222.11	1925.22	-279.16	30.72	11.24
2025-01-09T04:51:16	2066.21	-221.84	1931.46	-280.83	31.10	9.76
2025-01-09T04:51:18	2060.16	-221.57	1937.69	-282.54	31.48	8.26
2025-01-09T04:51:20	2054.11	-221.30	1943.91	-284.03	31.80	6.76
2025-01-09T04:51:22	2048.05	-221.03	1950.13	-285.17	31.99	5.27
2025-01-09T04:51:24	2041.98	-220.76	1956.34	-286.32	32.16	3.75
2025-01-09T04:51:26	2035.90	-220.49	1962.54	-287.47	32.30	2.21
2025-01-09T04:51:28	2029.82	-220.22	1968.73	-288.62	32.42	0.66
2025-01-09T04:51:30	2023.73	-219.95	1974.92	-289.77	32.52	-0.91
2025-01-09T04:51:32	2017.62	-219.67	1981.10	-290.90	32.59	-2.51
2025-01-09T04:51:34	2011.52	-219.40	1987.27	-291.84	32.79	-4.30
2025-01-09T04:51:36	2005.40	-219.12	1993.43	-292.81	33.09	-6.07
2025-01-09T04:51:38	1999.28	-218.85	1999.58	-293.78	33.49	-7.81
2025-01-09T04:51:40	1993.15	-218.57	2005.73	-294.53	33.82	-9.46
2025-01-09T04:51:42	1987.01	-218.29	2011.87	-295.24	34.11	-11.18
2025-01-09T04:51:44	1980.86	-218.01	2018.00	-295.90	34.36	-12.96
2025-01-09T04:51:46	1974.71	-217.73	2024.12	-296.51	34.58	-14.79
2025-01-09T04:51:48	1968.54	-217.45	2030.24	-297.08	34.76	-16.68
2025-01-09T04:51:50	1962.37	-217.17	2036.35	-297.60	34.90	-18.63
2025-01-09T04:51:52	1956.20	-216.89	2042.45	-298.44	34.82	-20.57
2025-01-09T04:51:54	1950.01	-216.61	2048.54	-299.41	34.65	-22.49
2025-01-09T04:51:56	1943.82	-216.32	2054.62	-300.41	34.44	-24.41
2025-01-09T04:51:58	1937.62	-216.04	2060.70	-301.60	34.51	-26.17
2025-01-09T04:52:00	1931.41	-215.75	2066.77	-302.75	34.65	-27.89
2025-01-09T04:52:02	1925.20	-215.46	2072.83	-303.79	34.82	-29.61
2025-01-09T04:52:04	1918.98	-215.18	2078.88	-304.74	35.00	-31.34
2025-01-09T04:52:06	1912.75	-214.89	2084.93	-305.58	35.19	-33.06
2025-01-09T04:52:08	1906.51	-214.60	2090.96	-306.32	35.39	-34.80
2025-01-09T04:52:10	1900.27	-214.31	2096.99	-307.03	35.74	-36.71
2025-01-09T04:52:12	1894.01	-214.02	2103.01	-307.78	36.15	-38.75
2025-01-09T04:52:14	1887.75	-213.73	2109.02	-308.53	36.50	-40.75
2025-01-09T04:52:16	1881.49	-213.43	2115.03	-309.25	36.75	-42.71
2025-01-09T04:52:18	1875.22	-213.14	2121.03	-309.88	36.87	-44.63
2025-01-09T04:52:20	1868.94	-212.85	2127.01	-310.46	36.97	-46.58
2025-01-09T04:52:22	1862.65	-212.55	2132.99	-311.01	37.03	-48.57
2025-01-09T04:52:24	1856.35	-212.26	2138.96	-311.53	37.07	-50.60
2025-01-09T04:52:26	1850.05	-211.96	2144.93	-312.01	37.08	-52.66
2025-01-09T04:52:28	1843.74	-211.66	2150.88	-312.44	37.07	-54.76
2025-01-09T04:52:30	1837.42	-211.36	2156.83	-312.82	37.03	-56.84
2025-01-09T04:52:32	1831.10	-211.06	2162.77	-313.17	36.98	-58.91
2025-01-09T04:52:34	1824.77	-210.76	2168.70	-313.48	36.90	-60.96
2025-01-09T04:52:36	1818.43	-210.46	2174.62	-313.98	36.82	-62.94
2025-01-09T04:52:38	1812.09	-210.16	2180.53	-314.48	36.74	-64.91
2025-01-09T04:52:40	1805.74	-209.86	2186.44	-314.92	36.69	-66.88
2025-01-09T04:52:42	1799.38	-209.56	2192.33	-315.28	36.65	-68.84
2025-01-09T04:52:44	1793.01	-209.25	2198.22	-315.57	36.64	-70.81
2025-01-09T04:52:46	1786.64	-208.95	2204.10	-315.94	36.64	-72.84
2025-01-09T04:52:48	1780.26	-208.64	2209.97	-316.46	36.65	-74.94
2025-01-09T04:52:50	1773.88	-208.33	2215.83	-316.96	36.68	-77.01
2025-01-09T04:52:52	1767.48	-208.03	2221.69	-317.43	36.71	-79.07
2025-01-09T04:52:54	1761.09	-207.72	2227.53	-317.89	36.75	-81.10
2025-01-09T04:52:56	1754.68	-207.41	2233.37	-318.31	36.71	-82.98
2025-01-09T04:52:58	1748.27	-207.10	2239.20	-318.68	36.65	-84.87
2025-01-09T04:53:00	1741.85	-206.79	2245.02	-319.01	36.58	-86.76
2025-01-09T04:53:02	1735.42	-206.48	2250.83	-319.31	36.49	-88.65
2025-01-09T04:53:04	1728.99	-206.17	2256.64	-319.48	36.40	-90.68
2025-01-09T04:53:06	1722.55	-205.85	2262.43	-319.56	36.29	-92.84
2025-01-09T04:53:08	1716.11	-205.54	2268.22	-319.63	36.18	-95.01
2025-01-09T04:53:10	1709.65	-205.23	2273.99	-319.69	36.05	-97.18
2025-01-09T04:53:12	1703.19	-204.91	2279.76	-319.75	35.92	-99.37
2025-01-09T04:53:14	1696.73	-204.59	2285.52	-319.79	35.78	-101.52
2025-01-09T04:53:16	1690.26	-204.28	2291.27	-319.76	35.70	-103.51
2025-01-09T04:53:18	1683.78	-203.96	2297.02	-319.69	35.63	-105.46
2025-01-09T04:53:20	1677.30	-203.64	2302.75	-319.59	35.55	-107.37
2025-01-09T04:53:22	1670.80	-203.32	2308.48	-319.40	35.52	-109.31
2025-01-09T04:53:24	1664.31	-203.00	2314.19	-319.16	35.49	-111.26
2025-01-09T04:53:26	1657.80	-202.68	2319.90	-318.88	35.43	-113.20
2025-01-09T04:53:28	1651.29	-202.36	2325.60	-318.57	35.34	-115.12
2025-01-09T04:53:30	1644.78	-202.04	2331.29	-318.21	35.23	-117.03
2025-01-09T04:53:32	1638.26	-201.71	2336.97	-317.82	35.08	-118.91
2025-01-09T04:53:34	1631.73	-201.39	2342.65	-317.41	34.90	-120.77
2025-01-09T04:53:36	1625.19	-201.07	2348.31	-317.11	34.72	-122.57
2025-01-09T04:53:38	1618.65	-200.74	2353.97	-316.81	34.53	-124.34
2025-01-09T04:53:40	1612.11	-200.41	2359.61	-316.55	34.39	-126.22
2025-01-09T04:53:42	1605.56	-200.08	2365.25	-316.27	34.24	-128.08
2025-01-09T04:53:44	1599.00	-199.76	2370.88	-315.95	34.10	-129.90
2025-01-09T04:53:46	1592.43	-199.43	2376.50	-315.60	33.95	-131.69
2025-01-09T04:53:48	1585.86	-199.10	2382.11	-315.21	33.80	-133.45
2025-01-09T04:53:50	1579.29	-198.77	2387.71	-314.79	33.65	-135.16
2025-01-09T04:53:52	1572.70	-198.44	2393.30	-314.33	33.49	-136.84
2025-01-09T04:53:54	1566.12	-198.11	2398.89	-313.83	33.34	-138.48
2025-01-09T04:53:56	1559.52	-197.77	2404.46	-313.44	33.26	-140.07
2025-01-09T04:53:58	1552.92	-197.44	2410.03	-313.04	33.19	-141.76
2025-01-09T04:54:00	1546.32	-197.11	2415.59	-312.63	33.12	-143.42
2025-01-09T04:54:02	1539.71	-196.77	2421.13	-312.20	33.05	-145.07
2025-01-09T04:54:04	1533.09	-196.44	2426.68	-311.76	32.97	-146.70
2025-01-09T04:54:06	1526.47	-196.10	2432.20	-311.30	32.89	-148.30
2025-01-09T04:54:08	1519.84	-195.77	2437.73	-310.83	32.80	-149.89
2025-01-09T04:54:10	1513.21	-195.43	2443.24	-310.35	32.71	-151.47
2025-01-09T04:54:12	1506.56	-195.09	2448.74	-309.85	32.62	-153.02
2025-01-09T04:54:14	1499.92	-194.75	2454.24	-309.31	32.54	-154.63
2025-01-09T04:54:16	1493.27	-194.41	2459.72	-308.78	32.52	-156.25
2025-01-09T04:54:18	1486.61	-194.07	2465.20	-308.23	32.50	-157.81
2025-01-09T04:54:20	1479.95	-193.73	2470.67	-307.64	32.48	-159.35
2025-01-09T04:54:22	1473.28	-193.39	2476.12	-307.02	32.45	-160.85
2025-01-09T04:54:24	1466.61	-193.04	2481.57	-306.36	32.42	-162.32
2025-01-09T04:54:26	1459.93	-192.70	2487.01	-305.66	32.37	-163.75
2025-01-09T04:54:28	1453.25	-192.36	2492.45	-304.93	32.32	-165.15
2025-01-09T04:54:30	1446.56	-192.01	2497.87	-304.16	32.26	-166.51
2025-01-09T04:54:32	1439.87	-191.67	2503.28	-303.38	32.21	-167.98
2025-01-09T04:54:34	1433.17	-191.32	2508.68	-302.59	32.16	-169.43
2025-01-09T04:54:36	1426.47	-190.97	2514.08	-301.82	32.11	-170.86
2025-01-09T04:54:38	1419.76	-190.62	2519.46	-301.16	32.13	-172.28
2025-01-09T04:54:40	1413.04	-190.28	2524.84	-300.47	32.15	-173.68
2025-01-09T04:54:42	1406.33	-189.93	2530.21	-299.75	32.18	-175.04
2025-01-09T04:54:44	1399.60	-189.58	2535.57	-299.00	32.23	-176.39
2025-01-09T04:54:46	1392.87	-189.23	2540.92	-298.22	32.27	-177.70
2025-01-09T04:54:48	1386.14	-188.88	2546.25	-297.38	32.34	-179.04
2025-01-09T04:54:50	1379.40	-188.52	2551.59	-296.47	32.44	-180.42
2025-01-09T04:54:52	1372.65	-188.17	2556.91	-295.55	32.53	-181.78
2025-01-09T04:54:54	1365.90	-187.82	2562.22	-294.63	32.61	-183.12
2025-01-09T04:54:56	1359.15	-187.47	2567.52	-293.70	32.70	-184.44
2025-01-09T04:54:58	1352.39	-187.11	2572.82	-292.81	32.76	-185.73
2025-01-09T04:55:00	1345.63	-186.76	2578.10	-291.98	32.79	-187.00
2025-01-09T04:55:02	1338.86	-186.40	2583.38	-291.14	32.81	-188.24
2025-01-09T04:55:04	1332.08	-186.04	2588.64	-290.29	32.80	-189.46
2025-01-09T04:55:06	1325.31	-185.68	2593.90	-289.34	32.75	-190.74
2025-01-09T04:55:08	1318.52	-185.33	2599.15	-288.38	32.69	-191.99
2025-01-09T04:55:10	1311.74	-184.97	2604.39	-287.40	32.61	-193.21
2025-01-09T04:55:12	1304.94	-184.61	2609.62	-286.41	32.52	-194.41
2025-01-09T04:55:14	1298.15	-184.25	2614.84	-285.41	32.42	-195.59
2025-01-09T04:55:16	1291.35	-183.89	2620.05	-284.40	32.31	-196.73
2025-01-09T04:55:18	1284.54	-183.53	2625.25	-283.38	32.19	-197.86
2025-01-09T04:55:20	1277.73	-183.17	2630.45	-282.40	32.08	-198.95
2025-01-09T04:55:22	1270.92	-182.80	2635.63	-281.41	32.03	-200.06
2025-01-09T04:55:24	1264.10	-182.44	2640.80	-280.37	32.00	-201.18
2025-01-09T04:55:26	1257.27	-182.08	2645.97	-279.32	31.97	-202.28
2025-01-09T04:55:28	1250.44	-181.71	2651.13	-278.26	31.95	-203.36
2025-01-09T04:55:30	1243.61	-181.35	2656.27	-277.19	31.92	-204.41
2025-01-09T04:55:32	1236.77	-180.98	2661.41	-276.11	31.90	-205.45
2025-01-09T04:55:34	1229.93	-180.61	2666.54	-275.02	31.87	-206.46
2025-01-09T04:55:36	1223.09	-180.25	2671.66	-273.93	31.85	-207.45
2025-01-09T04:55:38	1216.24	-179.88	2676.77	-272.81	31.83	-208.44
2025-01-09T04:55:40	1209.39	-179.51	2681.87	-271.64	31.82	-209.46
2025-01-09T04:55:42	1202.53	-179.14	2686.96	-270.51	31.82	-210.45
2025-01-09T04:55:44	1195.67	-178.77	2692.04	-269.44	31.82	-211.42
2025-01-09T04:55:46	1188.80	-178.40	2697.11	-268.35	31.82	-212.36
2025-01-09T04:55:48	1181.93	-178.03	2702.18	-267.25	31.81	-213.27
2025-01-09T04:55:50	1175.06	-177.66	2707.23	-266.14	31.80	-214.15
2025-01-09T04:55:52	1168.18	-177.29	2712.28	-265.02	31.79	-215.00
2025-01-09T04:55:54	1161.29	-176.91	2717.32	-263.88	31.77	-215.82
2025-01-09T04:55:56	1154.41	-176.54	2722.34	-262.61	31.77	-216.63
2025-01-09T04:55:58	1147.52	-176.16	2727.36	-261.32	31.76	-217.42
2025-01-09T04:56:00	1140.62	-175.79	2732.37	-260.03	31.76	-218.18
2025-01-09T04:56:02	1133.73	-175.41	2737.37	-258.72	31.76	-218.91
2025-01-09T04:56:04	1126.83	-175.04	2742.36	-257.42	31.76	-219.62
2025-01-09T04:56:06	1119.92	-174.66	2747.34	-256.23	31.75	-220.35
2025-01-09T04:56:08	1113.01	-174.28	2752.31	-255.03	31.74	-221.07
2025-01-09T04:56:10	1106.10	-173.91	2757.27	-253.84	31.72	-221.78
2025-01-09T04:56:12	1099.18	-173.53	2762.22	-252.61	31.67	-222.49
2025-01-09T04:56:14	1092.26	-173.15	2767.17	-251.37	31.59	-223.20
2025-01-09T04:56:16	1085.34	-172.77	2772.10	-250.13	31.50	-223.88
2025-01-09T04:56:18	1078.41	-172.39	2777.03	-248.89	31.41	-224.53
2025-01-09T04:56:20	1071.48	-172.01	2781.94	-247.66	31.30	-225.16
2025-01-09T04:56:22	1064.55	-171.63	2786.85	-246.42	31.19	-225.75
2025-01-09T04:56:24	1057.61	-171.25	2791.75	-245.18	31.07	-226.31
2025-01-09T04:56:26	1050.66	-170.86	2796.64	-243.95	30.94	-226.85
2025-01-09T04:56:28	1043.72	-170.48	2801.52	-242.74	30.81	-227.42
2025-01-09T04:56:30	1036.77	-170.09	2806.39	-241.51	30.70	-228.05
2025-01-09T04:56:32	1029.82	-169.71	2811.25	-240.27	30.59	-228.65
2025-01-09T04:56:34	1022.87	-169.33	2816.10	-239.02	30.50	-229.22
2025-01-09T04:56:36	1015.91	-168.94	2820.95	-237.77	30.41	-229.78
2025-01-09T04:56:38	1008.94	-168.56	2825.78	-236.51	30.32	-230.30
2025-01-09T04:56:40	1001.98	-168.17	2830.60	-235.25	30.24	-230.81
2025-01-09T04:56:42	995.01	-167.78	2835.42	-233.98	30.17	-231.29
2025-01-09T04:56:44	988.04	-167.40	2840.22	-232.71	30.11	-231.74
2025-01-09T04:56:46	981.06	-167.01	2845.02	-231.42	30.10	-232.18
2025-01-09T04:56:48	974.09	-166.62	2849.81	-230.14	30.08	-232.60
2025-01-09T04:56:50	967.10	-166.23	2854.59	-228.85	30.08	-232.99
2025-01-09T04:56:52	960.12	-165.84	2859.36	-227.64	30.09	-233.38
2025-01-09T04:56:54	953.13	-165.45	2864.12	-226.46	30.10	-233.75
2025-01-09T04:56:56	946.14	-165.06	2868.87	-225.28	30.12	-234.09
2025-01-09T04:56:58	939.15	-164.67	2873.61	-224.09	30.14	-234.40
2025-01-09T04:57:00	932.15	-164.28	2878.34	-222.90	30.16	-234.68
2025-01-09T04:57:02	925.15	-163.88	2883.06	-221.58	30.19	-234.90
2025-01-09T04:57:04	918.15	-163.49	2887.78	-220.25	30.21	-235.11
2025-01-09T04:57:06	911.15	-163.09	2892.49	-218.93	30.22	-235.31
2025-01-09T04:57:08	904.14	-162.70	2897.18	-217.61	30.23	-235.50
2025-01-09T04:57:10	897.13	-162.31	2901.87	-216.30	30.23	-235.69
2025-01-09T04:57:12	890.11	-161.91	2906.55	-214.99	30.22	-235.87
2025-01-09T04:57:14	883.10	-161.52	2911.22	-213.69	30.21	-236.05
2025-01-09T04:57:16	876.08	-161.12	2915.88	-212.45	30.19	-236.27
2025-01-09T04:57:18	869.06	-160.72	2920.53	-211.23	30.11	-236.56
2025-01-09T04:57:20	862.03	-160.33	2925.17	-210.01	30.01	-236.82
2025-01-09T04:57:22	855.01	-159.93	2929.80	-208.78	29.90	-237.05
2025-01-09T04:57:24	847.98	-159.53	2934.42	-207.55	29.78	-237.25
2025-01-09T04:57:26	840.94	-159.13	2939.04	-206.30	29.66	-237.42
2025-01-09T04:57:28	833.91	-158.73	2943.65	-205.05	29.52	-237.56
2025-01-09T04:57:30	826.87	-158.33	2948.24	-203.79	29.37	-237.67
2025-01-09T04:57:32	819.83	-157.93	2952.83	-202.53	29.21	-237.75
2025-01-09T04:57:34	812.79	-157.53	2957.41	-201.20	29.05	-237.77
2025-01-09T04:57:36	805.74	-157.13	2961.98	-199.84	28.89	-237.77
2025-01-09T04:57:38	798.69	-156.73	2966.54	-198.50	28.74	-237.77
2025-01-09T04:57:40	791.65	-156.33	2971.09	-197.18	28.59	-237.76
2025-01-09T04:57:42	784.59	-155.92	2975.63	-195.95	28.46	-237.82
2025-01-09T04:57:44	777.54	-155.52	2980.17	-194.73	28.34	-237.86
2025-01-09T04:57:46	770.48	-155.12	2984.69	-193.52	28.22	-237.88
2025-01-09T04:57:48	763.42	-154.71	2989.21	-192.32	28.10	-237.89
2025-01-09T04:57:50	756.36	-154.31	2993.71	-191.08	27.99	-237.85
2025-01-09T04:57:52	749.30	-153.90	2998.21	-189.80	27.88	-237.79
2025-01-09T04:57:54	742.23	-153.50	3002.70	-188.53	27.77	-237.70
2025-01-09T04:57:56	735.16	-153.09	3007.18	-187.26	27.67	-237.60
2025-01-09T04:57:58	728.09	-152.68	3011.65	-186.00	27.56	-237.48
2025-01-09T04:58:00	721.02	-152.28	3016.12	-184.75	27.46	-237.35
2025-01-09T04:58:02	713.94	-151.87	3020.57	-183.50	27.36	-237.20
2025-01-09T04:58:04	706.87	-151.46	3025.01	-182.26	27.26	-237.03
2025-01-09T04:58:06	699.79	-151.05	3029.45	-181.02	27.18	-236.85
2025-01-09T04:58:08	692.71	-150.64	3033.88	-179.79	27.14	-236.70
2025-01-09T04:58:10	685.63	-150.23	3038.30	-178.57	27.10	-236.54
2025-01-09T04:58:12	678.54	-149.83	3042.70	-177.37	27.06	-236.38
2025-01-09T04:58:14	671.45	-149.41	3047.11	-176.18	27.03	-236.20
2025-01-09T04:58:16	664.37	-149.00	3051.50	-175.00	27.01	-236.02
2025-01-09T04:58:18	657.27	-148.59	3055.88	-173.84	26.99	-235.83
2025-01-09T04:58:20	650.18	-148.18	3060.25	-172.69	26.97	-235.64
2025-01-09T04:58:22	643.09	-147.77	3064.62	-171.53	26.96	-235.43
2025-01-09T04:58:24	635.99	-147.36	3068.98	-170.35	26.94	-235.22
2025-01-09T04:58:26	628.89	-146.94	3073.32	-169.18	26.92	-235.00
2025-01-09T04:58:28	621.79	-146.53	3077.66	-168.02	26.90	-234.76
2025-01-09T04:58:30	614.69	-146.12	3081.99	-166.87	26.88	-234.51
2025-01-09T04:58:32	607.59	-145.70	3086.31	-165.73	26.84	-234.26
2025-01-09T04:58:34	600.48	-145.29	3090.63	-164.61	26.81	-234.03
2025-01-09T04:58:36	593.37	-144.87	3094.93	-163.48	26.76	-233.77
2025-01-09T04:58:38	586.27	-144.46	3099.23	-162.32	26.71	-233.46
2025-01-09T04:58:40	579.16	-144.04	3103.51	-161.09	26.63	-233.07
2025-01-09T04:58:42	572.05	-143.63	3107.79	-159.87	26.56	-232.69
2025-01-09T04:58:44	564.93	-143.21	3112.06	-158.68	26.49	-232.31
2025-01-09T04:58:46	557.82	-142.79	3116.32	-157.51	26.41	-231.94
2025-01-09T04:58:48	550.70	-142.37	3120.57	-156.36	26.34	-231.58
2025-01-09T04:58:50	543.58	-141.95	3124.82	-155.23	26.26	-231.22
2025-01-09T04:58:52	536.46	-141.54	3129.05	-154.12	26.19	-230.87
2025-01-09T04:58:54	529.34	-141.12	3133.28	-153.02	26.11	-230.51
2025-01-09T04:58:56	522.22	-140.70	3137.50	-151.89	26.03	-230.08
2025-01-09T04:58:58	515.09	-140.28	3141.70	-150.78	25.95	-229.64
2025-01-09T04:59:00	507.97	-139.86	3145.91	-149.69	25.88	-229.22
2025-01-09T04:59:02	500.84	-139.44	3150.10	-148.62	25.81	-228.80
2025-01-09T04:59:04	493.71	-139.02	3154.28	-147.56	25.74	-228.36
2025-01-09T04:59:06	486.58	-138.60	3158.46	-146.50	25.67	-227.91
2025-01-09T04:59:08	479.46	-138.18	3162.62	-145.46	25.60	-227.45
2025-01-09T04:59:10	472.32	-137.76	3166.78	-144.40	25.52	-226.95
2025-01-09T04:59:12	465.19	-137.33	3170.93	-143.31	25.43	-226.39
2025-01-09T04:59:14	458.06	-136.91	3175.07	-142.23	25.34	-225.82
2025-01-09T04:59:16	450.92	-136.48	3179.21	-141.15	25.24	-225.26
2025-01-09T04:59:18	443.78	-136.06	3183.33	-140.09	25.15	-224.69
2025-01-09T04:59:20	436.65	-135.64	3187.45	-139.03	25.05	-224.13
2025-01-09T04:59:22	429.51	-135.22	3191.55	-137.97	24.95	-223.56
2025-01-09T04:59:24	422.37	-134.79	3195.65	-136.93	24.85	-222.99
2025-01-09T04:59:26	415.22	-134.36	3199.74	-135.90	24.76	-222.41
2025-01-09T04:59:28	408.08	-133.94	3203.82	-134.94	24.74	-221.87
2025-01-09T04:59:30	400.94	-133.51	3207.90	-133.99	24.72	-221.32
2025-01-09T04:59:32	393.79	-133.09	3211.96	-133.05	24.69	-220.77
2025-01-09T04:59:34	386.65	-132.66	3216.02	-132.12	24.66	-220.21
2025-01-09T04:59:36	379.50	-132.23	3220.07	-131.20	24.62	-219.64
2025-01-09T04:59:38	372.35	-131.81	3224.11	-130.29	24.58	-219.06
2025-01-09T04:59:40	365.21	-131.38	3228.14	-129.39	24.54	-218.48
2025-01-09T04:59:42	358.06	-130.95	3232.17	-128.49	24.48	-217.87
2025-01-09T04:59:44	350.91	-130.52	3236.18	-127.57	24.40	-217.22
2025-01-09T04:59:46	343.75	-130.10	3240.19	-126.66	24.31	-216.56
2025-01-09T04:59:48	336.60	-129.67	3244.19	-125.77	24.21	-215.90
2025-01-09T04:59:50	329.45	-129.24	3248.18	-124.89	24.11	-215.23
2025-01-09T04:59:52	322.30	-128.81	3252.16	-124.01	24.01	-214.55
2025-01-09T04:59:54	315.14	-128.38	3256.14	-123.15	23.90	-213.87
2025-01-09T04:59:56	307.99	-127.95	3260.11	-122.30	23.78	-213.27
2025-01-09T04:59:58	300.83	-127.52	3264.06	-121.46	23.67	-212.65
2025-01-09T05:00:00	293.67	-127.08	3268.01	-120.61	23.54	-211.97
2025-01-09T05:00:02	286.51	-126.65	3271.96	-119.76	23.42	-211.28
2025-01-09T05:00:04	279.36	-126.22	3275.89	-118.93	23.31	-210.59
2025-01-09T05:00:06	272.20	-125.79	3279.82	-118.11	23.19	-209.90
2025-01-09T05:00:08	265.04	-125.36	3283.73	-117.30	23.08	-209.21
2025-01-09T05:00:10	257.88	-124.93	3287.64	-116.49	22.97	-208.52
2025-01-09T05:00:12	250.71	-124.49	3291.55	-115.70	22.86	-207.82
2025-01-09T05:00:14	243.56	-124.06	3295.44	-114.92	22.77	-207.10
2025-01-09T05:00:16	236.39	-123.63	3299.32	-114.14	22.69	-206.32
2025-01-09T05:00:18	229.23	-123.19	3303.20	-113.37	22.62	-205.52
2025-01-09T05:00:20	222.07	-122.76	3307.07	-112.61	22.55	-204.72
2025-01-09T05:00:22	214.90	-122.32	3310.93	-111.87	22.49	-203.92
2025-01-09T05:00:24	207.74	-121.89	3314.79	-111.13	22.42	-203.13
2025-01-09T05:00:26	200.57	-121.45	3318.63	-110.41	22.35	-202.41
2025-01-09T05:00:28	193.41	-121.02	3322.47	-109.70	22.27	-201.68
2025-01-09T05:00:30	186.24	-120.58	3326.30	-108.99	22.18	-200.93
2025-01-09T05:00:32	179.07	-120.15	3330.12	-108.24	22.06	-200.14
2025-01-09T05:00:34	171.91	-119.71	3333.94	-107.51	21.93	-199.34
2025-01-09T05:00:36	164.74	-119.27	3337.74	-106.79	21.81	-198.55
2025-01-09T05:00:38	157.58	-118.84	3341.54	-106.08	21.70	-197.75
2025-01-09T05:00:40	150.41	-118.40	3345.33	-105.38	21.58	-196.96
2025-01-09T05:00:42	143.24	-117.96	3349.11	-104.68	21.47	-196.16
2025-01-09T05:00:44	136.07	-117.52	3352.89	-104.00	21.36	-195.36
2025-01-09T05:00:46	128.90	-117.09	3356.65	-103.35	21.28	-194.55
2025-01-09T05:00:48	121.73	-116.65	3360.41	-102.74	21.26	-193.71
2025-01-09T05:00:50	114.56	-116.21	3364.16	-102.15	21.25	-192.88
2025-01-09T05:00:52	107.39	-115.77	3367.91	-101.56	21.25	-192.06
2025-01-09T05:00:54	100.22	-115.33	3371.64	-100.98	21.25	-191.25
2025-01-09T05:00:56	93.05	-114.89	3375.37	-100.41	21.24	-190.48
2025-01-09T05:00:58	85.88	-114.45	3379.09	-99.84	21.22	-189.71
2025-01-09T05:01:00	78.71	-114.01	3382.80	-99.26	21.20	-188.94
2025-01-09T05:01:02	71.54	-113.57	3386.51	-98.69	21.12	-188.13
2025-01-09T05:01:04	64.37	-113.13	3390.21	-98.12	20.96	-187.26
2025-01-09T05:01:06	57.20	-112.69	3393.90	-97.58	20.80	-186.38
2025-01-09T05:01:08	50.03	-112.25	3397.58	-97.05	20.65	-185.51
2025-01-09T05:01:10	42.86	-111.81	3401.25	-96.54	20.49	-184.63
2025-01-09T05:01:12	35.69	-111.36	3404.92	-96.04	20.34	-183.75
2025-01-09T05:01:14	28.51	-110.92	3408.58	-95.55	20.19	-182.86
2025-01-09T05:01:16	21.34	-110.48	3412.23	-95.08	20.04	-181.98
2025-01-09T05:01:18	14.17	-110.04	3415.87	-94.62	19.94	-181.11
2025-01-09T05:01:20	7.00	-109.60	3419.51	-94.17	19.96	-180.28
2025-01-09T05:01:22	-0.17	-109.15	3423.14	-93.72	20.00	-179.45
2025-01-09T05:01:24	-7.34	-108.71	3426.76	-93.28	20.05	-178.62
2025-01-09T05:01:26	-14.52	-108.26	3430.37	-92.83	20.11	-177.87
2025-01-09T05:01:28	-21.69	-107.82	3433.98	-92.38	20.16	-177.17
2025-01-09T05:01:30	-28.86	-107.38	3437.58	-91.93	20.18	-176.47
2025-01-09T05:01:32	-36.03	-106.93	3441.17	-91.50	20.19	-175.77
2025-01-09T05:01:34	-43.20	-106.49	3444.76	-91.06	20.14	-175.03
2025-01-09T05:01:36	-50.37	-106.04	3448.33	-90.65	20.04	-174.20
2025-01-09T05:01:38	-57.54	-105.60	3451.90	-90.24	19.95	-173.37
2025-01-09T05:01:40	-64.72	-105.15	3455.46	-89.85	19.85	-172.55
2025-01-09T05:01:42	-71.89	-104.71	3459.02	-89.48	19.77	-171.74
2025-01-09T05:01:44	-79.06	-104.26	3462.56	-89.12	19.68	-170.92
2025-01-09T05:01:46	-86.23	-103.81	3466.11	-88.77	19.60	-170.12
2025-01-09T05:01:48	-93.40	-103.37	3469.64	-88.43	19.53	-169.31
2025-01-09T05:01:50	-100.57	-102.92	3473.16	-88.13	19.47	-168.48
2025-01-09T05:01:52	-107.74	-102.48	3476.68	-87.87	19.46	-167.60
2025-01-09T05:01:54	-114.91	-102.03	3480.19	-87.61	19.45	-166.71
2025-01-09T05:01:56	-122.08	-101.58	3483.70	-87.35	19.45	-165.82
2025-01-09T05:01:58	-129.25	-101.13	3487.19	-87.07	19.48	-164.92
2025-01-09T05:02:00	-136.42	-100.69	3490.68	-86.74	19.53	-164.04
2025-01-09T05:02:02	-143.59	-100.24	3494.16	-86.41	19.57	-163.14
2025-01-09T05:02:04	-150.76	-99.79	3497.64	-86.07	19.62	-162.25
2025-01-09T05:02:06	-157.92	-99.34	3501.10	-85.68	19.63	-161.29
2025-01-09T05:02:08	-165.09	-98.89	3504.57	-85.25	19.57	-160.26
2025-01-09T05:02:10	-172.26	-98.44	3508.02	-84.87	19.49	-159.25
2025-01-09T05:02:12	-179.43	-98.00	3511.47	-84.54	19.41	-158.26
2025-01-09T05:02:14	-186.59	-97.55	3514.90	-84.25	19.31	-157.29
2025-01-09T05:02:16	-193.76	-97.10	3518.34	-84.01	19.20	-156.34
2025-01-09T05:02:18	-200.92	-96.65	3521.76	-83.80	19.08	-155.40
2025-01-09T05:02:20	-208.09	-96.20	3525.18	-83.64	18.95	-154.47
2025-01-09T05:02:22	-215.25	-95.75	3528.59	-83.51	18.87	-153.57
2025-01-09T05:02:24	-222.42	-95.30	3531.99	-83.37	18.87	-152.68
2025-01-09T05:02:26	-229.58	-94.85	3535.39	-83.20	18.89	-151.78
2025-01-09T05:02:28	-236.75	-94.40	3538.78	-83.02	18.92	-150.86
2025-01-09T05:02:30	-243.91	-93.94	3542.16	-82.83	18.96	-149.93
2025-01-09T05:02:32	-251.07	-93.50	3545.54	-82.48	18.93	-149.00
2025-01-09T05:02:34	-258.24	-93.04	3548.90	-82.10	18.86	-148.05
2025-01-09T05:02:36	-265.40	-92.59	3552.27	-81.72	18.78	-147.06
2025-01-09T05:02:38	-272.56	-92.14	3555.62	-81.21	18.71	-145.87
2025-01-09T05:02:40	-279.72	-91.69	3558.97	-80.55	18.69	-144.45
2025-01-09T05:02:42	-286.88	-91.24	3562.31	-79.88	18.69	-143.01
2025-01-09T05:02:44	-294.04	-90.79	3565.65	-79.21	18.69	-141.54
2025-01-09T05:02:46	-301.20	-90.33	3568.97	-78.54	18.71	-140.04
2025-01-09T05:02:48	-308.36	-89.88	3572.29	-77.86	18.73	-138.52
2025-01-09T05:02:50	-315.52	-89.43	3575.61	-77.19	18.76	-136.97
2025-01-09T05:02:52	-322.67	-88.97	3578.91	-76.51	18.79	-135.39
2025-01-09T05:02:54	-329.83	-88.52	3582.22	-75.89	18.56	-133.78
2025-01-09T05:02:56	-336.99	-88.07	3585.51	-75.36	17.98	-132.11
2025-01-09T05:02:58	-344.14	-87.61	3588.79	-74.85	17.34	-130.39
2025-01-09T05:03:00	-351.30	-87.16	3592.07	-74.38	16.64	-128.60
2025-01-09T05:03:02	-358.45	-86.71	3595.34	-73.95	15.89	-126.75
2025-01-09T05:03:04	-365.61	-86.25	3598.61	-73.54	15.08	-124.85
2025-01-09T05:03:06	-372.76	-85.80	3601.87	-73.13	14.41	-122.99
2025-01-09T05:03:08	-379.91	-85.34	3605.12	-72.66	13.93	-121.11
2025-01-09T05:03:10	-387.06	-84.89	3608.37	-71.68	13.68	-118.98
2025-01-09T05:03:12	-394.21	-84.43	3611.61	-70.17	13.61	-116.58
2025-01-09T05:03:14	-401.36	-83.98	3614.84	-68.60	13.55	-114.12
2025-01-09T05:03:16	-408.51	-83.52	3618.07	-66.96	13.48	-111.60
2025-01-09T05:03:18	-415.66	-83.07	3621.29	-65.26	13.40	-109.03
2025-01-09T05:03:20	-422.81	-82.61	3624.50	-63.48	13.32	-106.39
2025-01-09T05:03:22	-429.95	-82.16	3627.71	-61.64	13.22	-103.68
2025-01-09T05:03:24	-437.10	-81.70	3630.91	-59.72	13.12	-100.91
2025-01-09T05:03:26	-444.25	-81.24	3634.10	-57.61	13.13	-97.56
2025-01-09T05:03:28	-451.39	-80.79	3637.29	-55.33	13.27	-93.63
2025-01-09T05:03:30	-458.54	-80.33	3640.47	-53.01	13.36	-89.72
2025-01-09T05:03:32	-465.68	-79.88	3643.65	-50.66	13.42	-85.83
2025-01-09T05:03:34	-472.82	-79.42	3646.81	-48.28	13.45	-81.96
2025-01-09T05:03:36	-479.96	-78.96	3649.97	-45.86	13.45	-78.10
2025-01-09T05:03:38	-487.10	-78.51	3653.13	-43.42	13.42	-74.25
2025-01-09T05:03:40	-494.24	-78.05	3656.28	-40.94	13.37	-70.40
2025-01-09T05:03:42	-501.38	-77.59	3659.42	-38.40	13.22	-66.72
2025-01-09T05:03:44	-508.52	-77.14	3662.55	-35.91	13.02	-63.26
2025-01-09T05:03:46	-515.66	-76.68	3665.69	-33.44	12.85	-59.85
2025-01-09T05:03:48	-522.79	-76.22	3668.81	-30.97	12.71	-56.50
2025-01-09T05:03:50	-529.93	-75.76	3671.92	-28.51	12.60	-53.20
2025-01-09T05:03:52	-537.06	-75.30	3675.03	-26.06	12.54	-49.95
2025-01-09T05:03:54	-544.20	-74.85	3678.14	-23.62	12.50	-46.73
2025-01-09T05:03:56	-551.33	-74.39	3681.23	-21.19	12.50	-43.56
2025-01-09T05:03:58	-558.46	-73.93	3684.32	-19.08	12.62	-40.67
2025-01-09T05:04:00	-565.59	-73.47	3687.41	-17.40	12.89	-38.14
2025-01-09T05:04:02	-572.72	-73.01	3690.49	-15.77	13.25	-35.66
2025-01-09T05:04:04	-579.85	-72.55	3693.56	-14.18	13.69	-33.24
2025-01-09T05:04:06	-586.98	-72.09	3696.63	-12.65	14.22	-30.88
2025-01-09T05:04:08	-594.10	-71.64	3699.69	-11.17	14.83	-28.58
2025-01-09T05:04:10	-601.23	-71.17	3702.74	-9.72	15.52	-26.33
2025-01-09T05:04:12	-608.35	-70.72	3705.79	-8.33	16.30	-24.14
2025-01-09T05:04:14	-615.48	-70.26	3708.83	-7.06	16.94	-22.21
2025-01-09T05:04:16	-622.60	-69.80	3711.86	-5.95	17.30	-20.63
2025-01-09T05:04:18	-629.72	-69.34	3714.90	-4.93	17.60	-19.09
2025-01-09T05:04:20	-636.84	-68.88	3717.92	-4.08	17.77	-17.64
2025-01-09T05:04:22	-643.96	-68.42	3720.93	-3.25	17.94	-16.22
2025-01-09T05:04:24	-651.08	-67.96	3723.95	-2.43	18.13	-14.84
2025-01-09T05:04:26	-658.20	-67.50	3726.95	-1.63	18.33	-13.49
2025-01-09T05:04:28	-665.31	-67.04	3729.95	-0.84	18.53	-12.18
2025-01-09T05:04:30	-672.43	-66.58	3732.94	-0.09	18.76	-11.01
2025-01-09T05:04:32	-679.54	-66.11	3735.93	0.60	19.02	-10.04
2025-01-09T05:04:34	-686.66	-65.65	3738.91	1.26	19.26	-9.12
2025-01-09T05:04:36	-693.77	-65.19	3741.88	1.88	19.49	-8.24
2025-01-09T05:04:38	-700.88	-64.73	3744.85	2.47	19.70	-7.41
2025-01-09T05:04:40	-707.99	-64.27	3747.81	3.03	19.90	-6.63
2025-01-09T05:04:42	-715.10	-63.81	3750.77	3.55	20.09	-5.89
2025-01-09T05:04:44	-722.21	-63.35	3753.72	4.04	20.25	-5.19
2025-01-09T05:04:46	-729.31	-62.89	3756.67	4.36	20.43	-4.57
2025-01-09T05:04:48	-736.42	-62.42	3759.60	4.42	20.67	-4.04
2025-01-09T05:04:50	-743.52	-61.96	3762.54	4.46	20.92	-3.55
2025-01-09T05:04:52	-750.62	-61.50	3765.46	4.48	21.17	-3.11
2025-01-09T05:04:54	-757.72	-61.04	3768.38	4.50	21.43	-2.72
2025-01-09T05:04:56	-764.83	-60.58	3771.30	4.51	21.70	-2.38
2025-01-09T05:04:58	-771.93	-60.12	3774.21	4.65	22.04	-1.97
2025-01-09T05:05:00	-779.02	-59.65	3777.12	4.82	22.40	-1.52
2025-01-09T05:05:02	-786.12	-59.19	3780.01	4.99	22.72	-1.05
2025-01-09T05:05:04	-793.22	-58.73	3782.91	5.12	22.92	-0.57
2025-01-09T05:05:06	-800.31	-58.27	3785.79	5.22	23.07	-0.12
2025-01-09T05:05:08	-807.40	-57.80	3788.67	5.31	23.18	0.30
2025-01-09T05:05:10	-814.50	-57.34	3791.55	5.37	23.25	0.68
2025-01-09T05:05:12	-821.59	-56.88	3794.42	5.40	23.27	1.03
2025-01-09T05:05:14	-828.68	-56.41	3797.28	5.42	23.25	1.35
2025-01-09T05:05:16	-835.77	-55.95	3800.14	5.42	23.19	1.64
2025-01-09T05:05:18	-842.85	-55.49	3802.99	5.40	23.13	1.89
2025-01-09T05:05:20	-849.94	-55.02	3805.84	5.36	23.21	2.10
2025-01-09T05:05:22	-857.02	-54.56	3808.68	5.33	23.32	2.31
2025-01-09T05:05:24	-864.11	-54.10	3811.51	5.31	23.46	2.53
2025-01-09T05:05:26	-871.19	-53.63	3814.34	5.29	23.63	2.74
2025-01-09T05:05:28	-878.27	-53.17	3817.17	5.28	23.82	2.96
2025-01-09T05:05:30	-885.35	-52.71	3819.98	5.27	24.04	3.18
2025-01-09T05:05:32	-892.43	-52.24	3822.80	5.28	24.28	3.40
2025-01-09T05:05:34	-899.50	-51.78	3825.60	5.29	24.58	3.61
2025-01-09T05:05:36	-906.58	-51.31	3828.41	5.33	25.06	3.72
2025-01-09T05:05:38	-913.65	-50.85	3831.20	5.36	25.52	3.84
2025-01-09T05:05:40	-920.73	-50.39	3833.99	5.37	25.93	3.95
2025-01-09T05:05:42	-927.80	-49.92	3836.78	5.36	26.29	4.07
2025-01-09T05:05:44	-934.87	-49.46	3839.56	5.33	26.61	4.20
2025-01-09T05:05:46	-941.94	-48.99	3842.33	5.28	26.87	4.32
2025-01-09T05:05:48	-949.01	-48.53	3845.10	5.22	27.09	4.45
2025-01-09T05:05:50	-956.07	-48.06	3847.86	5.14	27.23	4.59
2025-01-09T05:05:52	-963.14	-47.60	3850.62	4.95	26.98	4.81
2025-01-09T05:05:54	-970.20	-47.13	3853.37	4.74	26.73	5.00
2025-01-09T05:05:56	-977.26	-46.67	3856.12	4.51	26.49	5.18
2025-01-09T05:05:58	-984.32	-46.20	3858.86	4.26	26.24	5.32
2025-01-09T05:06:00	-991.38	-45.74	3861.60	3.98	26.00	5.45
2025-01-09T05:06:02	-998.44	-45.27	3864.33	3.69	25.77	5.55
2025-01-09T05:06:04	-1005.50	-44.81	3867.05	3.38	25.54	5.63
2025-01-09T05:06:06	-1012.55	-44.34	3869.77	3.06	25.32	5.69
2025-01-09T05:06:08	-1019.61	-43.88	3872.49	2.72	24.99	5.60
2025-01-09T05:06:10	-1026.66	-43.41	3875.20	2.39	24.65	5.51
2025-01-09T05:06:12	-1033.71	-42.95	3877.90	2.06	24.32	5.44
2025-01-09T05:06:14	-1040.76	-42.48	3880.60	1.74	23.98	5.39
2025-01-09T05:06:16	-1047.81	-42.01	3883.29	1.43	23.64	5.35
2025-01-09T05:06:18	-1054.86	-41.55	3885.98	1.12	23.31	5.32
2025-01-09T05:06:20	-1061.90	-41.08	3888.67	0.88	22.97	5.27
2025-01-09T05:06:22	-1068.94	-40.62	3891.34	0.65	22.65	5.24
2025-01-09T05:06:24	-1075.99	-40.15	3894.02	0.55	22.56	5.16
2025-01-09T05:06:26	-1083.03	-39.68	3896.68	0.47	22.54	5.07
2025-01-09T05:06:28	-1090.07	-39.22	3899.35	0.38	22.54	5.00
2025-01-09T05:06:30	-1097.11	-38.75	3902.00	0.29	22.57	4.93
2025-01-09T05:06:32	-1104.14	-38.29	3904.65	0.21	22.63	4.86
2025-01-09T05:06:34	-1111.18	-37.82	3907.30	0.11	22.70	4.80
2025-01-09T05:06:36	-1118.21	-37.35	3909.94	0.02	22.81	4.74
2025-01-09T05:06:38	-1125.25	-36.89	3912.58	-0.08	22.93	4.69
2025-01-09T05:06:40	-1132.28	-36.42	3915.21	-0.24	23.01	4.57
2025-01-09T05:06:42	-1139.31	-35.95	3917.84	-0.44	23.06	4.41
2025-01-09T05:06:44	-1146.33	-35.48	3920.46	-0.67	23.09	4.25
2025-01-09T05:06:46	-1153.36	-35.02	3923.07	-0.91	23.11	4.10
2025-01-09T05:06:48	-1160.39	-34.55	3925.68	-1.17	23.12	3.95
2025-01-09T05:06:50	-1167.41	-34.09	3928.29	-1.45	23.11	3.80
2025-01-09T05:06:52	-1174.43	-33.62	3930.89	-1.75	23.09	3.65
2025-01-09T05:06:54	-1181.45	-33.15	3933.49	-2.06	23.06	3.51
2025-01-09T05:06:56	-1188.47	-32.68	3936.08	-2.20	23.03	3.60
2025-01-09T05:06:58	-1195.49	-32.22	3938.67	-2.17	23.01	3.86
2025-01-09T05:07:00	-1202.51	-31.75	3941.25	-2.10	23.01	4.13
2025-01-09T05:07:02	-1209.52	-31.28	3943.82	-1.97	22.99	4.42
2025-01-09T05:07:04	-1216.53	-30.82	3946.39	-1.76	22.95	4.69
2025-01-09T05:07:06	-1223.54	-30.35	3948.96	-1.57	22.91	4.94
2025-01-09T05:07:08	-1230.55	-29.88	3951.52	-1.39	22.87	5.16
2025-01-09T05:07:10	-1237.56	-29.41	3954.08	-1.22	22.84	5.36
2025-01-09T05:07:12	-1244.57	-28.95	3956.63	-1.20	22.84	5.41
2025-01-09T05:07:14	-1251.57	-28.48	3959.18	-1.37	22.88	5.30
2025-01-09T05:07:16	-1258.58	-28.01	3961.72	-1.52	22.92	5.20
2025-01-09T05:07:18	-1265.58	-27.54	3964.25	-1.66	22.97	5.11
2025-01-09T05:07:20	-1272.58	-27.07	3966.78	-1.80	23.02	5.02
2025-01-09T05:07:22	-1279.58	-26.61	3969.31	-1.92	23.08	4.93
2025-01-09T05:07:24	-1286.58	-26.14	3971.83	-2.04	23.14	4.85
2025-01-09T05:07:26	-1293.57	-25.67	3974.35	-2.15	23.20	4.77
2025-01-09T05:07:28	-1300.57	-25.21	3976.87	-2.27	23.20	4.70
2025-01-09T05:07:30	-1307.56	-24.74	3979.37	-2.47	23.01	4.62
2025-01-09T05:07:32	-1314.55	-24.27	3981.88	-2.66	22.82	4.55
2025-01-09T05:07:34	-1321.54	-23.80	3984.37	-2.86	22.63	4.47
2025-01-09T05:07:36	-1328.53	-23.33	3986.87	-3.05	22.45	4.38
2025-01-09T05:07:38	-1335.52	-22.86	3989.36	-3.25	22.26	4.29
2025-01-09T05:07:40	-1342.50	-22.39	3991.84	-3.44	22.08	4.19
2025-01-09T05:07:42	-1349.49	-21.93	3994.32	-3.64	21.89	4.09
2025-01-09T05:07:44	-1356.47	-21.46	3996.80	-3.82	21.71	3.98
2025-01-09T05:07:46	-1363.45	-20.99	3999.26	-3.78	21.51	3.99
2025-01-09T05:07:48	-1370.43	-20.52	4001.73	-3.71	21.30	3.99
2025-01-09T05:07:50	-1377.40	-20.05	4004.19	-3.64	21.10	3.99
2025-01-09T05:07:52	-1384.38	-19.59	4006.65	-3.55	20.91	3.99
2025-01-09T05:07:54	-1391.35	-19.12	4009.10	-3.46	20.72	3.99
2025-01-09T05:07:56	-1398.32	-18.65	4011.55	-3.35	20.54	3.98
2025-01-09T05:07:58	-1405.30	-18.18	4013.99	-3.24	20.36	3.97
2025-01-09T05:08:00	-1412.26	-17.71	4016.43	-3.11	20.18	3.95
2025-01-09T05:08:02	-1419.23	-17.24	4018.86	-3.11	20.35	4.08
2025-01-09T05:08:04	-1426.20	-16.77	4021.29	-3.13	20.56	4.22
2025-01-09T05:08:06	-1433.16	-16.30	4023.71	-3.14	20.77	4.36
2025-01-09T05:08:08	-1440.12	-15.84	4026.13	-3.15	20.98	4.49
2025-01-09T05:08:10	-1447.09	-15.37	4028.54	-3.16	21.19	4.61
2025-01-09T05:08:12	-1454.04	-14.90	4030.96	-3.16	21.40	4.74
2025-01-09T05:08:14	-1461.00	-14.43	4033.36	-3.16	21.62	4.85
2025-01-09T05:08:16	-1467.96	-13.96	4035.76	-3.16	21.84	4.96
2025-01-09T05:08:18	-1474.91	-13.49	4038.16	-3.08	21.95	4.89
2025-01-09T05:08:20	-1481.87	-13.02	4040.55	-2.96	22.01	4.74
2025-01-09T05:08:22	-1488.82	-12.55	4042.94	-2.83	22.08	4.58
2025-01-09T05:08:24	-1495.77	-12.09	4045.32	-2.70	22.16	4.42
2025-01-09T05:08:26	-1502.72	-11.62	4047.70	-2.58	22.25	4.26
2025-01-09T05:08:28	-1509.66	-11.15	4050.08	-2.44	22.34	4.10
2025-01-09T05:08:30	-1516.60	-10.68	4052.44	-2.31	22.45	3.93
2025-01-09T05:08:32	-1523.55	-10.21	4054.81	-2.18	22.56	3.76
2025-01-09T05:08:34	-1530.49	-9.74	4057.17	-2.19	22.57	3.62
2025-01-09T05:08:36	-1537.43	-9.27	4059.53	-2.43	22.49	3.63
2025-01-09T05:08:38	-1544.37	-8.80	4061.88	-2.66	22.39	3.64
2025-01-09T05:08:40	-1551.30	-8.33	4064.23	-2.88	22.28	3.65
2025-01-09T05:08:42	-1558.24	-7.86	4066.57	-3.08	22.15	3.65
2025-01-09T05:08:44	-1565.17	-7.39	4068.91	-3.27	22.01	3.65
2025-01-09T05:08:46	-1572.10	-6.92	4071.25	-3.45	21.86	3.65
2025-01-09T05:08:48	-1579.03	-6.45	4073.58	-3.61	21.69	3.64
2025-01-09T05:08:50	-1585.96	-5.99	4075.91	-3.71	21.52	3.63
2025-01-09T05:08:52	-1592.89	-5.52	4078.23	-3.59	21.42	3.66
2025-01-09T05:08:54	-1599.81	-5.05	4080.55	-3.46	21.33	3.69
2025-01-09T05:08:56	-1606.74	-4.58	4082.86	-3.33	21.26	3.74
2025-01-09T05:08:58	-1613.65	-4.11	4085.17	-3.19	21.21	3.79
2025-01-09T05:09:00	-1620.57	-3.64	4087.47	-3.06	21.17	3.85
2025-01-09T05:09:02	-1627.49	-3.17	4089.77	-2.92	21.15	3.91
2025-01-09T05:09:04	-1634.41	-2.70	4092.07	-2.78	21.14	3.99
2025-01-09T05:09:06	-1641.32	-2.23	4094.36	-2.66	21.14	4.06
2025-01-09T05:09:08	-1648.24	-1.76	4096.65	-2.71	21.26	4.02
2025-01-09T05:09:10	-1655.15	-1.29	4098.94	-2.80	21.39	3.99
2025-01-09T05:09:12	-1662.06	-0.82	4101.22	-2.92	21.54	3.98
2025-01-09T05:09:14	-1668.96	-0.35	4103.49	-3.07	21.70	3.97
2025-01-09T05:09:16	-1675.87	0.12	4105.76	-3.24	21.86	3.97
2025-01-09T05:09:18	-1682.78	0.59	4108.03	-3.44	22.04	3.99
2025-01-09T05:09:20	-1689.68	1.06	4110.29	-3.67	22.23	4.02
2025-01-09T05:09:22	-1696.58	1.53	4112.55	-3.93	22.42	4.06
2025-01-09T05:09:24	-1703.48	2.00	4114.81	-4.01	22.46	4.06
2025-01-09T05:09:26	-1710.38	2.47	4117.06	-3.95	22.30	4.02
2025-01-09T05:09:28	-1717.27	2.94	4119.31	-3.91	22.15	3.97
2025-01-09T05:09:30	-1724.16	3.40	4121.55	-3.88	21.99	3.93
2025-01-09T05:09:32	-1731.06	3.87	4123.79	-3.86	21.84	3.89
2025-01-09T05:09:34	-1737.95	4.34	4126.02	-3.86	21.68	3.85
2025-01-09T05:09:36	-1744.84	4.81	4128.25	-3.88	21.51	3.81
2025-01-09T05:09:38	-1751.72	5.29	4130.48	-3.90	21.34	3.77
2025-01-09T05:09:40	-1758.61	5.75	4132.70	-3.98	21.18	3.72
2025-01-09T05:09:42	-1765.50	6.22	4134.92	-4.14	21.03	3.66
2025-01-09T05:09:44	-1772.38	6.69	4137.13	-4.30	20.88	3.60
2025-01-09T05:09:46	-1779.26	7.16	4139.35	-4.46	20.75	3.55
2025-01-09T05:09:48	-1786.14	7.63	4141.55	-4.63	20.62	3.50
2025-01-09T05:09:50	-1793.01	8.10	4143.75	-4.80	20.51	3.46
2025-01-09T05:09:52	-1799.89	8.57	4145.95	-4.97	20.40	3.43
2025-01-09T05:09:54	-1806.76	9.04	4148.15	-5.14	20.30	3.40
2025-01-09T05:09:56	-1813.63	9.51	4150.34	-5.31	20.20	3.38
2025-01-09T05:09:58	-1820.51	9.98	4152.52	-5.37	20.01	3.28
2025-01-09T05:10:00	-1827.37	10.45	4154.71	-5.42	19.82	3.18
2025-01-09T05:10:02	-1834.24	10.92	4156.89	-5.46	19.61	3.07
2025-01-09T05:10:04	-1841.10	11.39	4159.06	-5.50	19.40	2.96
2025-01-09T05:10:06	-1847.97	11.86	4161.23	-5.55	19.19	2.85
2025-01-09T05:10:08	-1854.83	12.33	4163.40	-5.58	18.97	2.73
2025-01-09T05:10:10	-1861.69	12.80	4165.56	-5.62	18.74	2.61
2025-01-09T05:10:12	-1868.55	13.27	4167.72	-5.66	18.51	2.48
2025-01-09T05:10:14	-1875.41	13.74	4169.88	-5.76	18.43	2.40
2025-01-09T05:10:16	-1882.26	14.21	4172.03	-5.87	18.42	2.35
2025-01-09T05:10:18	-1889.11	14.68	4174.18	-5.99	18.46	2.26
2025-01-09T05:10:20	-1895.96	15.15	4176.32	-6.07	18.50	2.18
2025-01-09T05:10:22	-1902.81	15.62	4178.46	-6.14	18.54	2.09
2025-01-09T05:10:24	-1909.66	16.09	4180.60	-6.19	18.59	2.00
2025-01-09T05:10:26	-1916.51	16.56	4182.73	-6.22	18.64	1.91
2025-01-09T05:10:28	-1923.35	17.03	4184.86	-6.23	18.68	1.81
2025-01-09T05:10:30	-1930.19	17.50	4186.98	-6.23	18.75	1.79
2025-01-09T05:10:32	-1937.04	17.97	4189.11	-6.25	18.82	1.91
2025-01-09T05:10:34	-1943.87	18.44	4191.22	-6.27	18.87	2.02
2025-01-09T05:10:36	-1950.71	18.91	4193.34	-6.29	18.91	2.12
2025-01-09T05:10:38	-1957.55	19.38	4195.45	-6.32	18.94	2.21
2025-01-09T05:10:40	-1964.38	19.85	4197.55	-6.34	18.96	2.30
2025-01-09T05:10:42	-1971.21	20.32	4199.65	-6.36	18.97	2.37
2025-01-09T05:10:44	-1978.04	20.79	4201.76	-6.38	18.96	2.45
2025-01-09T05:10:46	-1984.87	21.26	4203.85	-6.40	18.95	2.51
2025-01-09T05:10:48	-1991.70	21.73	4205.94	-6.51	19.06	2.46
2025-01-09T05:10:50	-1998.52	22.20	4208.03	-6.62	19.19	2.41
2025-01-09T05:10:52	-2005.35	22.67	4210.11	-6.74	19.32	2.36
2025-01-09T05:10:54	-2012.17	23.14	4212.19	-6.87	19.45	2.32
2025-01-09T05:10:56	-2018.99	23.61	4214.27	-7.00	19.59	2.28
2025-01-09T05:10:58	-2025.81	24.08	4216.34	-7.14	19.73	2.24
2025-01-09T05:11:00	-2032.62	24.55	4218.41	-7.28	19.88	2.21
2025-01-09T05:11:02	-2039.44	25.02	4220.48	-7.44	20.03	2.17
2025-01-09T05:11:04	-2046.25	25.49	4222.54	-7.59	20.02	2.08
2025-01-09T05:11:06	-2053.06	25.96	4224.60	-7.75	19.89	1.96
2025-01-09T05:11:08	-2059.87	26.43	4226.66	-7.92	19.75	1.84
2025-01-09T05:11:10	-2066.68	26.90	4228.71	-8.10	19.60	1.72
2025-01-09T05:11:12	-2073.49	27.37	4230.76	-8.29	19.46	1.61
2025-01-09T05:11:14	-2080.29	27.84	4232.80	-8.48	19.31	1.51
2025-01-09T05:11:16	-2087.09	28.31	4234.84	-8.67	19.17	1.43
2025-01-09T05:11:18	-2093.89	28.78	4236.88	-8.85	19.02	1.37
2025-01-09T05:11:20	-2100.69	29.25	4238.91	-8.99	18.82	1.34
2025-01-09T05:11:22	-2107.49	29.72	4240.94	-9.00	18.46	1.41
2025-01-09T05:11:24	-2114.28	30.19	4242.97	-9.02	18.10	1.48
2025-01-09T05:11:26	-2121.08	30.66	4244.99	-9.04	17.75	1.54
2025-01-09T05:11:28	-2127.87	31.13	4247.01	-9.07	17.40	1.61
2025-01-09T05:11:30	-2134.66	31.60	4249.03	-9.09	17.07	1.67
2025-01-09T05:11:32	-2141.45	32.07	4251.04	-9.13	16.73	1.73
2025-01-09T05:11:34	-2148.23	32.53	4253.05	-9.17	16.41	1.79
2025-01-09T05:11:36	-2155.02	33.01	4255.06	-9.21	16.09	1.85
2025-01-09T05:11:38	-2161.80	33.47	4257.06	-9.30	16.08	1.91
2025-01-09T05:11:40	-2168.58	33.95	4259.06	-9.40	16.15	1.98
2025-01-09T05:11:42	-2175.36	34.41	4261.05	-9.48	16.22	2.05
2025-01-09T05:11:44	-2182.14	34.88	4263.05	-9.56	16.27	2.13
2025-01-09T05:11:46	-2188.92	35.35	4265.03	-9.62	16.31	2.20
2025-01-09T05:11:48	-2195.69	35.82	4267.02	-9.67	16.34	2.29
2025-01-09T05:11:50	-2202.47	36.29	4269.00	-9.70	16.37	2.38
2025-01-09T05:11:52	-2209.24	36.76	4270.98	-9.73	16.38	2.47
2025-01-09T05:11:54	-2216.01	37.23	4272.96	-9.72	16.39	2.55
2025-01-09T05:11:56	-2222.77	37.70	4274.93	-9.63	16.40	2.62
2025-01-09T05:11:58	-2229.54	38.17	4276.90	-9.54	16.41	2.69
2025-01-09T05:12:00	-2236.30	38.64	4278.86	-9.45	16.41	2.75
2025-01-09T05:12:02	-2243.07	39.11	4280.82	-9.35	16.42	2.81
2025-01-09T05:12:04	-2249.82	39.58	4282.78	-9.26	16.42	2.87
2025-01-09T05:12:06	-2256.58	40.05	4284.74	-9.16	16.43	2.93
2025-01-09T05:12:08	-2263.34	40.52	4286.69	-9.05	16.45	3.00
2025-01-09T05:12:10	-2270.10	40.99	4288.64	-8.93	16.53	3.08
2025-01-09T05:12:12	-2276.85	41.46	4290.58	-8.81	16.51	3.25
2025-01-09T05:12:14	-2283.60	41.93	4292.52	-8.70	16.46	3.42
2025-01-09T05:12:16	-2290.35	42.40	4294.46	-8.59	16.39	3.59
2025-01-09T05:12:18	-2297.10	42.87	4296.40	-8.49	16.29	3.76
2025-01-09T05:12:20	-2303.85	43.34	4298.33	-8.40	16.17	3.92
2025-01-09T05:12:22	-2310.59	43.81	4300.26	-8.31	16.02	4.08
2025-01-09T05:12:24	-2317.33	44.27	4302.18	-8.23	15.84	4.24
2025-01-09T05:12:26	-2324.07	44.74	4304.10	-8.16	15.65	4.39
2025-01-09T05:12:28	-2330.81	45.21	4306.02	-8.13	15.41	4.53
2025-01-09T05:12:30	-2337.55	45.68	4307.94	-8.18	15.15	4.66
2025-01-09T05:12:32	-2344.29	46.15	4309.85	-8.23	14.90	4.78
2025-01-09T05:12:34	-2351.02	46.62	4311.76	-8.27	14.65	4.90
2025-01-09T05:12:36	-2357.75	47.09	4313.67	-8.31	14.40	5.01
2025-01-09T05:12:38	-2364.48	47.56	4315.57	-8.35	14.16	5.12
2025-01-09T05:12:40	-2371.21	48.03	4317.47	-8.39	13.92	5.22
2025-01-09T05:12:42	-2377.94	48.50	4319.37	-8.42	13.69	5.31
2025-01-09T05:12:44	-2384.67	48.97	4321.26	-8.45	13.46	5.40
2025-01-09T05:12:46	-2391.39	49.44	4323.15	-8.45	13.32	5.48
2025-01-09T05:12:48	-2398.11	49.91	4325.03	-8.45	13.19	5.56
2025-01-09T05:12:50	-2404.83	50.38	4326.92	-8.44	13.06	5.65
2025-01-09T05:12:52	-2411.55	50.84	4328.80	-8.44	12.94	5.76
2025-01-09T05:12:54	-2418.27	51.31	4330.68	-8.43	12.82	5.87
2025-01-09T05:12:56	-2424.98	51.78	4332.55	-8.42	12.71	5.99
2025-01-09T05:12:58	-2431.69	52.25	4334.42	-8.41	12.60	6.13
2025-01-09T05:13:00	-2438.41	52.72	4336.29	-8.40	12.49	6.27
2025-01-09T05:13:02	-2445.12	53.19	4338.15	-8.38	12.40	6.43
2025-01-09T05:13:04	-2451.82	53.66	4340.02	-8.37	12.34	6.62
2025-01-09T05:13:06	-2458.53	54.13	4341.88	-8.35	12.28	6.80
2025-01-09T05:13:08	-2465.23	54.60	4343.73	-8.33	12.25	7.00
2025-01-09T05:13:10	-2471.94	55.07	4345.58	-8.29	12.24	7.21
2025-01-09T05:13:12	-2478.64	55.53	4347.43	-8.25	12.24	7.41
2025-01-09T05:13:14	-2485.34	56.00	4349.28	-8.21	12.25	7.60
2025-01-09T05:13:16	-2492.03	56.47	4351.13	-8.17	12.27	7.77
2025-01-09T05:13:18	-2498.73	56.94	4352.96	-8.13	12.30	7.93
2025-01-09T05:13:20	-2505.42	57.41	4354.80	-8.06	12.32	7.98
2025-01-09T05:13:22	-2512.12	57.88	4356.64	-7.99	12.33	8.00
2025-01-09T05:13:24	-2518.81	58.35	4358.47	-7.92	12.34	8.01
2025-01-09T05:13:26	-2525.50	58.82	4360.29	-7.86	12.35	8.02
2025-01-09T05:13:28	-2532.18	59.28	4362.12	-7.80	12.35	8.01
2025-01-09T05:13:30	-2538.87	59.75	4363.94	-7.75	12.34	7.99
2025-01-09T05:13:32	-2545.55	60.22	4365.76	-7.71	12.33	7.97
2025-01-09T05:13:34	-2552.23	60.69	4367.58	-7.66	12.31	7.93
2025-01-09T05:13:36	-2558.91	61.16	4369.39	-7.60	12.25	7.88
2025-01-09T05:13:38	-2565.59	61.63	4371.20	-7.48	12.11	7.83
2025-01-09T05:13:40	-2572.27	62.10	4373.01	-7.38	11.97	7.78
2025-01-09T05:13:42	-2578.94	62.57	4374.82	-7.28	11.82	7.74
2025-01-09T05:13:44	-2585.62	63.03	4376.62	-7.20	11.66	7.70
2025-01-09T05:13:46	-2592.29	63.50	4378.42	-7.13	11.50	7.66
2025-01-09T05:13:48	-2598.96	63.97	4380.21	-7.07	11.33	7.64
2025-01-09T05:13:50	-2605.62	64.44	4382.01	-7.02	11.15	7.62
2025-01-09T05:13:52	-2612.29	64.91	4383.79	-6.98	10.97	7.60
2025-01-09T05:13:54	-2618.96	65.38	4385.58	-6.98	10.85	7.62
2025-01-09T05:13:56	-2625.62	65.85	4387.37	-6.99	10.74	7.64
2025-01-09T05:13:58	-2632.28	66.31	4389.15	-6.98	10.64	7.64
2025-01-09T05:14:00	-2638.94	66.78	4390.92	-6.97	10.55	7.64
2025-01-09T05:14:02	-2645.60	67.25	4392.70	-6.94	10.46	7.62
2025-01-09T05:14:04	-2652.25	67.72	4394.47	-6.91	10.37	7.59
2025-01-09T05:14:06	-2658.91	68.19	4396.24	-6.86	10.28	7.55
2025-01-09T05:14:08	-2665.56	68.65	4398.01	-6.80	10.20	7.49
2025-01-09T05:14:10	-2672.21	69.12	4399.77	-6.75	10.14	7.44
2025-01-09T05:14:12	-2678.86	69.59	4401.54	-6.86	10.21	7.54
2025-01-09T05:14:14	-2685.51	70.06	4403.29	-6.97	10.27	7.68
2025-01-09T05:14:16	-2692.15	70.53	4405.05	-7.08	10.30	7.80
2025-01-09T05:14:18	-2698.79	70.99	4406.80	-7.19	10.31	7.92
2025-01-09T05:14:20	-2705.44	71.46	4408.55	-7.29	10.30	8.04
2025-01-09T05:14:22	-2712.08	71.93	4410.30	-7.40	10.27	8.15
2025-01-09T05:14:24	-2718.72	72.40	4412.04	-7.50	10.21	8.25
2025-01-09T05:14:26	-2725.35	72.87	4413.78	-7.60	10.14	8.34
2025-01-09T05:14:28	-2731.99	73.33	4415.52	-7.71	9.93	8.48
2025-01-09T05:14:30	-2738.62	73.80	4417.26	-7.84	9.63	8.64
2025-01-09T05:14:32	-2745.25	74.27	4418.99	-7.96	9.34	8.80
2025-01-09T05:14:34	-2751.88	74.74	4420.72	-8.08	9.05	8.94
2025-01-09T05:14:36	-2758.51	75.21	4422.45	-8.20	8.77	9.08
2025-01-09T05:14:38	-2765.14	75.67	4424.17	-8.31	8.50	9.20
2025-01-09T05:14:40	-2771.76	76.14	4425.90	-8.42	8.24	9.32
2025-01-09T05:14:42	-2778.38	76.61	4427.62	-8.52	7.99	9.42
2025-01-09T05:14:44	-2785.00	77.08	4429.33	-8.63	7.75	9.51
2025-01-09T05:14:46	-2791.63	77.54	4431.05	-8.71	7.75	9.42
2025-01-09T05:14:48	-2798.24	78.01	4432.76	-8.78	7.78	9.31
2025-01-09T05:14:50	-2804.86	78.48	4434.47	-8.86	7.82	9.20
2025-01-09T05:14:52	-2811.47	78.95	4436.17	-8.94	7.88	9.08
2025-01-09T05:14:54	-2818.09	79.41	4437.88	-9.02	7.95	8.96
2025-01-09T05:14:56	-2824.70	79.88	4439.58	-9.10	8.04	8.84
2025-01-09T05:14:58	-2831.31	80.35	4441.27	-9.18	8.14	8.70
2025-01-09T05:15:00	-2837.92	80.82	4442.97	-9.25	8.25	8.56
2025-01-09T05:15:02	-2844.52	81.28	4444.66	-9.32	8.36	8.41
2025-01-09T05:15:04	-2851.13	81.75	4446.35	-9.36	8.48	8.24
2025-01-09T05:15:06	-2857.73	82.22	4448.04	-9.40	8.60	8.07
2025-01-09T05:15:08	-2864.33	82.69	4449.72	-9.45	8.72	7.90
2025-01-09T05:15:10	-2870.93	83.15	4451.40	-9.50	8.84	7.74
2025-01-09T05:15:12	-2877.52	83.62	4453.08	-9.55	8.97	7.58
2025-01-09T05:15:14	-2884.12	84.09	4454.76	-9.61	9.11	7.42
2025-01-09T05:15:16	-2890.71	84.56	4456.43	-9.67	9.25	7.27
2025-01-09T05:15:18	-2897.30	85.02	4458.10	-9.74	9.38	7.12
2025-01-09T05:15:20	-2903.90	85.49	4459.77	-9.76	9.49	7.06
2025-01-09T05:15:22	-2910.49	85.96	4461.44	-9.76	9.57	7.05
2025-01-09T05:15:24	-2917.07	86.42	4463.10	-9.76	9.65	7.05
2025-01-09T05:15:26	-2923.66	86.89	4464.76	-9.77	9.72	7.04
2025-01-09T05:15:28	-2930.24	87.36	4466.42	-9.78	9.78	7.04
2025-01-09T05:15:30	-2936.83	87.82	4468.08	-9.80	9.84	7.03
2025-01-09T05:15:32	-2943.40	88.29	4469.73	-9.83	9.88	7.03
2025-01-09T05:15:34	-2949.98	88.76	4471.38	-9.86	9.93	7.03
2025-01-09T05:15:36	-2956.56	89.22	4473.03	-9.90	9.96	7.03
2025-01-09T05:15:38	-2963.14	89.69	4474.67	-9.95	9.94	6.98
2025-01-09T05:15:40	-2969.71	90.16	4476.32	-10.01	9.91	6.93
2025-01-09T05:15:42	-2976.28	90.62	4477.96	-10.06	9.90	6.88
2025-01-09T05:15:44	-2982.85	91.09	4479.60	-10.11	9.89	6.83
2025-01-09T05:15:46	-2989.42	91.56	4481.23	-10.16	9.89	6.77
2025-01-09T05:15:48	-2995.99	92.02	4482.86	-10.20	9.90	6.72
2025-01-09T05:15:50	-3002.55	92.49	4484.49	-10.24	9.91	6.67
2025-01-09T05:15:52	-3009.12	92.96	4486.12	-10.27	9.93	6.61
2025-01-09T05:15:54	-3015.68	93.42	4487.75	-10.29	9.95	6.57
2025-01-09T05:15:56	-3022.24	93.89	4489.37	-10.31	9.92	6.58
2025-01-09T05:15:58	-3028.80	94.35	4490.99	-10.33	9.89	6.59
2025-01-09T05:16:00	-3035.36	94.82	4492.61	-10.33	9.85	6.61
2025-01-09T05:16:02	-3041.91	95.29	4494.22	-10.33	9.81	6.62
2025-01-09T05:16:04	-3048.46	95.76	4495.84	-10.33	9.77	6.64
2025-01-09T05:16:06	-3055.01	96.22	4497.44	-10.32	9.72	6.65
