Time	POS_X	POS_Y	POS_Z	B_X	B_Y	B_Z
2025-01-09T04:27:12	4483.66	-246.20	-3062.75	24.95	-1.37	-0.82
2025-01-09T04:27:14	4482.06	-246.29	-3056.18	25.01	-1.37	-0.79
2025-01-09T04:27:16	4480.45	-246.38	-3049.61	25.06	-1.38	-0.75
2025-01-09T04:27:18	4478.85	-246.48	-3043.03	25.12	-1.38	-0.71
2025-01-09T04:27:20	4477.24	-246.57	-3036.46	25.17	-1.39	-0.68
2025-01-09T04:27:22	4475.62	-246.66	-3029.88	25.23	-1.39	-0.64
2025-01-09T04:27:24	4474.01	-246.75	-3023.30	25.28	-1.39	-0.60
2025-01-09T04:27:26	4472.39	-246.84	-3016.72	25.34	-1.40	-0.56
2025-01-09T04:27:28	4470.77	-246.93	-3010.14	25.40	-1.40	-0.53
2025-01-09T04:27:30	4469.15	-247.02	-3003.55	25.45	-1.41	-0.49
2025-01-09T04:27:32	4467.52	-247.11	-2996.97	25.51	-1.41	-0.45
2025-01-09T04:27:34	4465.89	-247.20	-2990.38	25.56	-1.42	-0.41
2025-01-09T04:27:36	4464.26	-247.29	-2983.79	25.62	-1.42	-0.37
2025-01-09T04:27:38	4462.63	-247.38	-2977.20	25.67	-1.42	-0.33
2025-01-09T04:27:40	4460.99	-247.47	-2970.61	25.73	-1.43	-0.29
2025-01-09T04:27:42	4459.35	-247.56	-2964.01	25.79	-1.43	-0.25
2025-01-09T04:27:44	4457.71	-247.66	-2957.42	25.84	-1.44	-0.21
2025-01-09T04:27:46	4456.07	-247.74	-2950.82	25.90	-1.44	-0.17
2025-01-09T04:27:48	4454.42	-247.83	-2944.22	25.96	-1.44	-0.13
2025-01-09T04:27:50	4452.78	-247.92	-2937.62	26.01	-1.45	-0.09
2025-01-09T04:27:52	4451.12	-248.01	-2931.02	26.07	-1.45	-0.05
2025-01-09T04:27:54	4449.47	-248.10	-2924.41	26.12	-1.46	-0.01
2025-01-09T04:27:56	4447.82	-248.19	-2917.81	26.18	-1.46	0.03
2025-01-09T04:27:58	4446.16	-248.28	-2911.20	26.24	-1.47	0.08
2025-01-09T04:28:00	4444.49	-248.37	-2904.59	26.29	-1.47	0.12
2025-01-09T04:28:02	4442.83	-248.46	-2897.98	26.35	-1.47	0.16
2025-01-09T04:28:04	4441.16	-248.54	-2891.37	26.41	-1.48	0.21
2025-01-09T04:28:06	4439.49	-248.63	-2884.75	26.47	-1.48	0.25
2025-01-09T04:28:08	4437.82	-248.72	-2878.14	26.52	-1.49	0.29
2025-01-09T04:28:10	4436.15	-248.81	-2871.52	26.58	-1.49	0.34
2025-01-09T04:28:12	4434.47	-248.89	-2864.90	26.64	-1.50	0.38
2025-01-09T04:28:14	4432.79	-248.98	-2858.28	26.69	-1.50	0.42
2025-01-09T04:28:16	4431.11	-249.07	-2851.65	26.75	-1.50	0.47
2025-01-09T04:28:18	4429.42	-249.16	-2845.03	26.81	-1.51	0.51
2025-01-09T04:28:20	4427.73	-249.25	-2838.40	26.87	-1.51	0.56
2025-01-09T04:28:22	4426.05	-249.33	-2831.77	26.92	-1.52	0.61
2025-01-09T04:28:24	4424.35	-249.42	-2825.14	26.98	-1.52	0.65
2025-01-09T04:28:26	4422.66	-249.50	-2818.51	27.04	-1.53	0.70
2025-01-09T04:28:28	4420.96	-249.59	-2811.88	27.10	-1.53	0.74
2025-01-09T04:28:30	4419.25	-249.68	-2805.24	27.15	-1.53	0.79
2025-01-09T04:28:32	4417.55	-249.76	-2798.61	27.21	-1.54	0.84
2025-01-09T04:28:34	4415.85	-249.85	-2791.97	27.27	-1.54	0.88
2025-01-09T04:28:36	4414.14	-249.94	-2785.33	27.33	-1.55	0.93
2025-01-09T04:28:38	4412.42	-250.02	-2778.69	27.39	-1.55	0.98
2025-01-09T04:28:40	4410.71	-250.11	-2772.04	27.44	-1.56	1.03
2025-01-09T04:28:42	4408.99	-250.19	-2765.40	27.50	-1.56	1.08
2025-01-09T04:28:44	4407.27	-250.28	-2758.75	27.56	-1.57	1.13
2025-01-09T04:28:46	4405.55	-250.36	-2752.10	27.62	-1.57	1.18
2025-01-09T04:28:48	4403.82	-250.45	-2745.45	27.68	-1.57	1.23
2025-01-09T04:28:50	4402.09	-250.53	-2738.80	27.73	-1.58	1.28
2025-01-09T04:28:52	4400.36	-250.61	-2732.14	27.79	-1.58	1.33
2025-01-09T04:28:54	4398.63	-250.70	-2725.49	27.85	-1.59	1.38
2025-01-09T04:28:56	4396.89	-250.79	-2718.83	27.91	-1.59	1.43
2025-01-09T04:28:58	4395.15	-250.87	-2712.17	27.97	-1.60	1.48
2025-01-09T04:29:00	4393.41	-250.95	-2705.51	28.03	-1.60	1.53
2025-01-09T04:29:02	4391.66	-251.04	-2698.85	28.09	-1.61	1.58
2025-01-09T04:29:04	4389.91	-251.12	-2692.18	28.14	-1.61	1.63
2025-01-09T04:29:06	4388.16	-251.20	-2685.52	28.20	-1.61	1.69
2025-01-09T04:29:08	4386.41	-251.29	-2678.85	28.26	-1.62	1.74
2025-01-09T04:29:10	4384.65	-251.37	-2672.18	28.32	-1.62	1.79
2025-01-09T04:29:12	4382.89	-251.45	-2665.51	28.38	-1.63	1.85
2025-01-09T04:29:14	4381.13	-251.54	-2658.84	28.44	-1.63	1.90
2025-01-09T04:29:16	4379.37	-251.62	-2652.16	28.50	-1.64	1.95
2025-01-09T04:29:18	4377.60	-251.70	-2645.48	28.56	-1.64	2.01
2025-01-09T04:29:20	4375.83	-251.78	-2638.81	28.62	-1.65	2.06
2025-01-09T04:29:22	4374.05	-251.86	-2632.13	28.68	-1.65	2.12
2025-01-09T04:29:24	4372.28	-251.95	-2625.44	28.73	-1.66	2.17
2025-01-09T04:29:26	4370.50	-252.03	-2618.76	28.79	-1.66	2.23
2025-01-09T04:29:28	4368.72	-252.11	-2612.08	28.85	-1.67	2.29
2025-01-09T04:29:30	4366.93	-252.19	-2605.39	28.91	-1.67	2.34
2025-01-09T04:29:32	4365.14	-252.27	-2598.70	28.97	-1.67	2.40
2025-01-09T04:29:34	4363.35	-252.35	-2592.01	29.03	-1.68	2.46
2025-01-09T04:29:36	4361.56	-252.44	-2585.32	29.09	-1.68	2.52
2025-01-09T04:29:38	4359.76	-252.52	-2578.62	29.15	-1.69	2.57
2025-01-09T04:29:40	4357.96	-252.60	-2571.93	29.21	-1.69	2.63
2025-01-09T04:29:42	4356.15	-252.68	-2565.23	29.27	-1.70	2.69
2025-01-09T04:29:44	4354.35	-252.76	-2558.53	29.33	-1.70	2.75
2025-01-09T04:29:46	4352.54	-252.84	-2551.83	29.39	-1.71	2.81
2025-01-09T04:29:48	4350.73	-252.92	-2545.13	29.45	-1.71	2.87
2025-01-09T04:29:50	4348.91	-252.99	-2538.42	29.51	-1.72	2.93
2025-01-09T04:29:52	4347.10	-253.07	-2531.72	29.57	-1.72	2.99
2025-01-09T04:29:54	4345.27	-253.15	-2525.01	29.63	-1.73	3.05
2025-01-09T04:29:56	4343.45	-253.23	-2518.30	29.69	-1.73	3.11
2025-01-09T04:29:58	4341.62	-253.31	-2511.59	29.74	-1.74	3.18
2025-01-09T04:30:00	4339.79	-253.39	-2504.87	29.80	-1.74	3.24
2025-01-09T04:30:02	4337.96	-253.47	-2498.16	29.86	-1.74	3.30
2025-01-09T04:30:04	4336.12	-253.55	-2491.44	29.92	-1.75	3.36
2025-01-09T04:30:06	4334.29	-253.63	-2484.73	29.98	-1.75	3.43
2025-01-09T04:30:08	4332.44	-253.70	-2478.00	30.04	-1.76	3.49
2025-01-09T04:30:10	4330.60	-253.78	-2471.28	30.10	-1.76	3.56
2025-01-09T04:30:12	4328.75	-253.86	-2464.56	30.16	-1.77	3.62
2025-01-09T04:30:14	4326.90	-253.94	-2457.83	30.22	-1.77	3.68
2025-01-09T04:30:16	4325.04	-254.01	-2451.11	30.28	-1.78	3.75
2025-01-09T04:30:18	4323.19	-254.09	-2444.38	30.34	-1.78	3.82
2025-01-09T04:30:20	4321.33	-254.17	-2437.65	30.40	-1.79	3.88
2025-01-09T04:30:22	4319.46	-254.25	-2430.91	30.46	-1.79	3.95
2025-01-09T04:30:24	4317.60	-254.32	-2424.18	30.52	-1.80	4.02
2025-01-09T04:30:26	4315.73	-254.40	-2417.44	30.58	-1.80	4.08
2025-01-09T04:30:28	4313.85	-254.47	-2410.71	30.64	-1.81	4.15
2025-01-09T04:30:30	4311.98	-254.55	-2403.97	30.70	-1.81	4.22
2025-01-09T04:30:32	4310.10	-254.63	-2397.23	30.76	-1.82	4.29
2025-01-09T04:30:34	4308.22	-254.70	-2390.48	30.82	-1.82	4.36
2025-01-09T04:30:36	4306.33	-254.78	-2383.74	30.88	-1.83	4.43
2025-01-09T04:30:38	4304.44	-254.85	-2376.99	30.94	-1.83	4.50
2025-01-09T04:30:40	4302.55	-254.93	-2370.24	31.00	-1.84	4.57
2025-01-09T04:30:42	4300.65	-255.00	-2363.49	31.06	-1.84	4.64
2025-01-09T04:30:44	4298.76	-255.08	-2356.74	31.12	-1.85	4.71
2025-01-09T04:30:46	4296.85	-255.15	-2349.99	31.18	-1.85	4.78
2025-01-09T04:30:48	4294.95	-255.22	-2343.23	31.24	-1.86	4.85
2025-01-09T04:30:50	4293.04	-255.30	-2336.48	31.30	-1.86	4.93
2025-01-09T04:30:52	4291.13	-255.37	-2329.72	31.36	-1.87	5.00
2025-01-09T04:30:54	4289.22	-255.45	-2322.96	31.42	-1.87	5.07
2025-01-09T04:30:56	4287.30	-255.52	-2316.19	31.48	-1.88	5.15
2025-01-09T04:30:58	4285.38	-255.59	-2309.43	31.54	-1.88	5.22
2025-01-09T04:31:00	4283.45	-255.67	-2302.67	31.60	-1.89	5.29
2025-01-09T04:31:02	4281.52	-255.74	-2295.90	31.66	-1.89	5.37
2025-01-09T04:31:04	4279.59	-255.81	-2289.13	31.72	-1.90	5.44
2025-01-09T04:31:06	4277.66	-255.88	-2282.36	31.78	-1.90	5.52
2025-01-09T04:31:08	4275.72	-255.96	-2275.59	31.83	-1.91	5.60
2025-01-09T04:31:10	4273.78	-256.03	-2268.81	31.89	-1.91	5.67
2025-01-09T04:31:12	4271.84	-256.10	-2262.03	31.95	-1.92	5.75
2025-01-09T04:31:14	4269.89	-256.17	-2255.26	32.01	-1.92	5.83
2025-01-09T04:31:16	4267.94	-256.24	-2248.48	32.07	-1.93	5.91
2025-01-09T04:31:18	4265.99	-256.31	-2241.69	32.13	-1.93	5.99
2025-01-09T04:31:20	4264.03	-256.39	-2234.91	32.19	-1.94	6.07
2025-01-09T04:31:22	4262.07	-256.46	-2228.13	32.25	-1.94	6.15
2025-01-09T04:31:24	4260.10	-256.53	-2221.34	32.31	-1.95	6.23
2025-01-09T04:31:26	4258.14	-256.60	-2214.55	32.37	-1.95	6.31
2025-01-09T04:31:28	4256.17	-256.67	-2207.76	32.43	-1.96	6.39
2025-01-09T04:31:30	4254.19	-256.74	-2200.97	32.49	-1.96	6.47
2025-01-09T04:31:32	4252.21	-256.81	-2194.17	32.55	-1.97	6.55
2025-01-09T04:31:34	4250.23	-256.88	-2187.38	32.60	-1.97	6.63
2025-01-09T04:31:36	4248.25	-256.94	-2180.58	32.66	-1.98	6.72
2025-01-09T04:31:38	4246.26	-257.01	-2173.78	32.72	-1.98	6.80
2025-01-09T04:31:40	4244.27	-257.08	-2166.98	32.78	-1.99	6.89
2025-01-09T04:31:42	4242.27	-257.15	-2160.18	32.84	-1.99	6.97
2025-01-09T04:31:44	4240.28	-257.22	-2153.38	32.90	-2.00	7.06
2025-01-09T04:31:46	4238.28	-257.29	-2146.57	32.96	-2.00	7.14
2025-01-09T04:31:48	4236.27	-257.36	-2139.76	33.01	-2.01	7.23
2025-01-09T04:31:50	4234.26	-257.42	-2132.95	33.07	-2.01	7.31
2025-01-09T04:31:52	4232.25	-257.49	-2126.14	33.13	-2.02	7.40
2025-01-09T04:31:54	4230.23	-257.56	-2119.33	33.19	-2.02	7.49
2025-01-09T04:31:56	4228.22	-257.63	-2112.51	33.25	-2.03	7.58
2025-01-09T04:31:58	4226.19	-257.69	-2105.70	33.30	-2.03	7.67
2025-01-09T04:32:00	4224.17	-257.76	-2098.88	33.36	-2.04	7.75
2025-01-09T04:32:02	4222.14	-257.83	-2092.06	33.42	-2.04	7.84
2025-01-09T04:32:04	4220.10	-257.89	-2085.23	33.48	-2.05	7.93
2025-01-09T04:32:06	4218.07	-257.96	-2078.41	33.54	-2.05	8.03
2025-01-09T04:32:08	4216.03	-258.03	-2071.58	33.59	-2.06	8.12
2025-01-09T04:32:10	4213.98	-258.09	-2064.76	33.65	-2.06	8.21
2025-01-09T04:32:12	4211.94	-258.16	-2057.93	33.71	-2.07	8.30
2025-01-09T04:32:14	4209.89	-258.22	-2051.10	33.76	-2.07	8.39
2025-01-09T04:32:16	4207.83	-258.29	-2044.27	33.82	-2.08	8.49
2025-01-09T04:32:18	4205.77	-258.35	-2037.43	33.88	-2.08	8.58
2025-01-09T04:32:20	4203.71	-258.42	-2030.59	33.94	-2.09	8.68
2025-01-09T04:32:22	4201.65	-258.48	-2023.76	33.99	-2.09	8.77
2025-01-09T04:32:24	4199.58	-258.54	-2016.92	34.05	-2.10	8.87
2025-01-09T04:32:26	4197.50	-258.61	-2010.08	34.11	-2.10	8.96
2025-01-09T04:32:28	4195.43	-258.67	-2003.24	34.16	-2.11	9.06
2025-01-09T04:32:30	4193.35	-258.74	-1996.39	34.22	-2.11	9.16
2025-01-09T04:32:32	4191.26	-258.80	-1989.54	34.27	-2.12	9.25
2025-01-09T04:32:34	4189.18	-258.86	-1982.70	34.33	-2.12	9.35
2025-01-09T04:32:36	4187.08	-258.92	-1975.84	34.39	-2.13	9.45
2025-01-09T04:32:38	4184.99	-258.99	-1968.99	34.44	-2.13	9.55
2025-01-09T04:32:40	4182.89	-259.05	-1962.14	34.50	-2.14	9.65
2025-01-09T04:32:42	4180.79	-259.11	-1955.28	34.55	-2.14	9.75
2025-01-09T04:32:44	4178.68	-259.17	-1948.43	34.61	-2.15	9.85
2025-01-09T04:32:46	4176.57	-259.23	-1941.57	34.66	-2.15	9.95
2025-01-09T04:32:48	4174.46	-259.29	-1934.71	34.72	-2.16	10.06
2025-01-09T04:32:50	4172.34	-259.35	-1927.85	34.77	-2.16	10.16
2025-01-09T04:32:52	4170.22	-259.42	-1920.98	34.83	-2.17	10.26
2025-01-09T04:32:54	4168.10	-259.48	-1914.12	34.88	-2.17	10.37
2025-01-09T04:32:56	4165.97	-259.54	-1907.25	34.94	-2.18	10.47
2025-01-09T04:32:58	4163.84	-259.60	-1900.38	34.99	-2.18	10.58
2025-01-09T04:33:00	4161.70	-259.66	-1893.51	35.04	-2.19	10.68
2025-01-09T04:33:02	4159.56	-259.72	-1886.63	35.10	-2.19	10.79
2025-01-09T04:33:04	4157.42	-259.77	-1879.76	35.15	-2.20	10.89
2025-01-09T04:33:06	4155.27	-259.84	-1872.89	35.21	-2.20	11.00
2025-01-09T04:33:08	4153.12	-259.89	-1866.01	35.26	-2.21	11.11
2025-01-09T04:33:10	4150.96	-259.95	-1859.13	35.31	-2.21	11.22
2025-01-09T04:33:12	4148.81	-260.01	-1852.25	35.36	-2.22	11.33
2025-01-09T04:33:14	4146.64	-260.07	-1845.36	35.42	-2.22	11.44
2025-01-09T04:33:16	4144.47	-260.13	-1838.48	35.47	-2.23	11.55
2025-01-09T04:33:18	4142.30	-260.18	-1831.59	35.52	-2.23	11.66
2025-01-09T04:33:20	4140.13	-260.24	-1824.71	35.57	-2.24	11.77
2025-01-09T04:33:22	4137.95	-260.30	-1817.81	35.63	-2.24	11.88
2025-01-09T04:33:24	4135.77	-260.36	-1810.92	35.68	-2.25	12.00
2025-01-09T04:33:26	4133.58	-260.41	-1804.03	35.73	-2.25	12.11
2025-01-09T04:33:28	4131.39	-260.47	-1797.13	35.78	-2.26	12.23
2025-01-09T04:33:30	4129.19	-260.52	-1790.24	35.83	-2.26	12.34
2025-01-09T04:33:32	4127.00	-260.58	-1783.34	35.88	-2.27	12.46
2025-01-09T04:33:34	4124.80	-260.64	-1776.44	35.93	-2.27	12.57
2025-01-09T04:33:36	4122.59	-260.69	-1769.54	35.98	-2.28	12.69
2025-01-09T04:33:38	4120.38	-260.75	-1762.63	36.03	-2.28	12.81
2025-01-09T04:33:40	4118.16	-260.80	-1755.73	36.08	-2.28	12.93
2025-01-09T04:33:42	4115.95	-260.86	-1748.82	36.13	-2.29	13.04
2025-01-09T04:33:44	4113.72	-260.91	-1741.91	36.18	-2.29	13.16
2025-01-09T04:33:46	4111.50	-260.96	-1735.00	36.23	-2.30	13.28
2025-01-09T04:33:48	4109.27	-261.02	-1728.09	36.28	-2.30	13.40
2025-01-09T04:33:50	4107.03	-261.07	-1721.18	36.33	-2.31	13.53
2025-01-09T04:33:52	4104.79	-261.12	-1714.26	36.37	-2.31	13.65
2025-01-09T04:33:54	4102.55	-261.18	-1707.34	36.42	-2.32	13.77
2025-01-09T04:33:56	4100.30	-261.23	-1700.42	36.47	-2.32	13.89
2025-01-09T04:33:58	4098.05	-261.28	-1693.50	36.52	-2.33	14.02
2025-01-09T04:34:00	4095.80	-261.33	-1686.58	36.56	-2.33	14.14
2025-01-09T04:34:02	4093.54	-261.38	-1679.65	36.61	-2.34	14.27
2025-01-09T04:34:04	4091.27	-261.44	-1672.73	36.66	-2.34	14.39
2025-01-09T04:34:06	4089.01	-261.49	-1665.80	36.70	-2.35	14.52
2025-01-09T04:34:08	4086.73	-261.54	-1658.87	36.75	-2.35	14.65
2025-01-09T04:34:10	4084.46	-261.59	-1651.94	36.80	-2.36	14.78
2025-01-09T04:34:12	4082.18	-261.64	-1645.01	36.84	-2.36	14.91
2025-01-09T04:34:14	4079.89	-261.69	-1638.07	36.89	-2.37	15.04
2025-01-09T04:34:16	4077.61	-261.74	-1631.14	36.93	-2.37	15.17
2025-01-09T04:34:18	4075.31	-261.79	-1624.20	36.97	-2.38	15.30
2025-01-09T04:34:20	4073.02	-261.84	-1617.26	37.02	-2.38	15.43
2025-01-09T04:34:22	4070.72	-261.89	-1610.32	37.06	-2.38	15.56
2025-01-09T04:34:24	4068.41	-261.94	-1603.38	37.11	-2.39	15.69
2025-01-09T04:34:26	4066.10	-261.99	-1596.43	37.15	-2.39	15.83
2025-01-09T04:34:28	4063.79	-262.03	-1589.49	37.19	-2.40	15.96
2025-01-09T04:34:30	4061.47	-262.08	-1582.54	37.23	-2.40	16.10
2025-01-09T04:34:32	4059.14	-262.13	-1575.59	37.27	-2.41	16.23
2025-01-09T04:34:34	4056.82	-262.18	-1568.64	37.32	-2.41	16.37
2025-01-09T04:34:36	4054.49	-262.22	-1561.68	37.36	-2.42	16.51
2025-01-09T04:34:38	4052.15	-262.27	-1554.73	37.40	-2.42	16.64
2025-01-09T04:34:40	4049.81	-262.32	-1547.77	37.44	-2.43	16.78
2025-01-09T04:34:42	4047.47	-262.37	-1540.82	37.48	-2.43	16.92
2025-01-09T04:34:44	4045.12	-262.41	-1533.86	37.52	-2.43	17.06
2025-01-09T04:34:46	4042.77	-262.46	-1526.90	37.56	-2.44	17.20
2025-01-09T04:34:48	4040.41	-262.50	-1519.93	37.60	-2.44	17.34
2025-01-09T04:34:50	4038.05	-262.55	-1512.97	37.63	-2.45	17.49
2025-01-09T04:34:52	4035.68	-262.59	-1506.00	37.67	-2.45	17.63
2025-01-09T04:34:54	4033.31	-262.64	-1499.03	37.71	-2.46	17.77
2025-01-09T04:34:56	4030.93	-262.68	-1492.06	37.75	-2.46	17.92
2025-01-09T04:34:58	4028.55	-262.72	-1485.09	37.78	-2.46	18.06
2025-01-09T04:35:00	4026.17	-262.77	-1478.12	37.82	-2.47	18.21
2025-01-09T04:35:02	4023.78	-262.81	-1471.14	37.86	-2.47	18.36
2025-01-09T04:35:04	4021.39	-262.85	-1464.17	37.89	-2.48	18.50
2025-01-09T04:35:06	4018.99	-262.90	-1457.19	37.93	-2.48	18.65
2025-01-09T04:35:08	4016.59	-262.94	-1450.21	37.96	-2.49	18.80
2025-01-09T04:35:10	4014.18	-262.98	-1443.23	37.99	-2.49	18.95
2025-01-09T04:35:12	4011.77	-263.02	-1436.25	38.03	-2.49	19.10
2025-01-09T04:35:14	4009.36	-263.07	-1429.26	38.06	-2.50	19.25
2025-01-09T04:35:16	4006.94	-263.11	-1422.28	38.09	-2.50	19.41
2025-01-09T04:35:18	4004.51	-263.15	-1415.29	38.13	-2.51	19.56
2025-01-09T04:35:20	4002.08	-263.19	-1408.30	38.16	-2.51	19.71
2025-01-09T04:35:22	3999.65	-263.23	-1401.31	38.19	-2.51	19.87
2025-01-09T04:35:24	3997.21	-263.27	-1394.32	38.22	-2.52	20.02
2025-01-09T04:35:26	3994.77	-263.31	-1387.33	38.25	-2.52	20.18
2025-01-09T04:35:28	3992.32	-263.35	-1380.33	38.28	-2.53	20.34
2025-01-09T04:35:30	3989.87	-263.39	-1373.33	38.31	-2.53	20.49
2025-01-09T04:35:32	3987.41	-263.42	-1366.33	38.34	-2.53	20.65
2025-01-09T04:35:34	3984.95	-263.46	-1359.33	38.37	-2.54	20.81
2025-01-09T04:35:36	3982.49	-263.50	-1352.33	38.39	-2.54	20.97
2025-01-09T04:35:38	3980.01	-263.54	-1345.33	38.42	-2.54	21.13
2025-01-09T04:35:40	3977.54	-263.58	-1338.32	38.45	-2.55	21.30
2025-01-09T04:35:42	3975.06	-263.62	-1331.32	38.47	-2.55	21.46
2025-01-09T04:35:44	3972.57	-263.65	-1324.31	38.50	-2.55	21.62
2025-01-09T04:35:46	3970.08	-263.69	-1317.30	38.52	-2.56	21.79
2025-01-09T04:35:48	3967.59	-263.72	-1310.29	38.55	-2.56	21.95
2025-01-09T04:35:50	3965.09	-263.76	-1303.27	38.57	-2.57	22.12
2025-01-09T04:35:52	3962.58	-263.80	-1296.26	38.59	-2.57	22.28
2025-01-09T04:35:54	3960.07	-263.83	-1289.24	38.61	-2.57	22.45
2025-01-09T04:35:56	3957.56	-263.87	-1282.22	38.64	-2.58	22.62
2025-01-09T04:35:58	3955.04	-263.90	-1275.20	38.66	-2.58	22.79
2025-01-09T04:36:00	3952.52	-263.93	-1268.19	38.68	-2.58	22.96
2025-01-09T04:36:02	3949.99	-263.97	-1261.16	38.70	-2.59	23.13
2025-01-09T04:36:04	3947.46	-264.00	-1254.14	38.72	-2.59	23.30
2025-01-09T04:36:06	3944.92	-264.03	-1247.11	38.74	-2.59	23.47
2025-01-09T04:36:08	3942.38	-264.07	-1240.09	38.75	-2.60	23.65
2025-01-09T04:36:10	3939.83	-264.10	-1233.06	38.77	-2.60	23.82
2025-01-09T04:36:12	3937.28	-264.13	-1226.03	38.79	-2.60	23.99
2025-01-09T04:36:14	3934.72	-264.17	-1219.00	38.80	-2.61	24.17
2025-01-09T04:36:16	3932.16	-264.20	-1211.96	38.82	-2.61	24.35
2025-01-09T04:36:18	3929.59	-264.23	-1204.93	38.83	-2.61	24.53
2025-01-09T04:36:20	3927.02	-264.26	-1197.89	38.85	-2.61	24.70
2025-01-09T04:36:22	3924.44	-264.29	-1190.85	38.86	-2.62	24.88
2025-01-09T04:36:24	3921.86	-264.32	-1183.81	38.87	-2.62	25.06
2025-01-09T04:36:26	3919.27	-264.35	-1176.77	38.88	-2.62	25.24
2025-01-09T04:36:28	3916.68	-264.38	-1169.73	38.89	-2.63	25.43
2025-01-09T04:36:30	3914.08	-264.41	-1162.69	38.90	-2.63	25.61
2025-01-09T04:36:32	3911.48	-264.44	-1155.64	38.91	-2.63	25.79
2025-01-09T04:36:34	3908.87	-264.47	-1148.60	38.92	-2.63	25.98
2025-01-09T04:36:36	3906.26	-264.50	-1141.55	38.93	-2.64	26.16
2025-01-09T04:36:38	3903.64	-264.52	-1134.50	38.94	-2.64	26.35
2025-01-09T04:36:40	3901.02	-264.55	-1127.45	38.94	-2.64	26.54
2025-01-09T04:36:42	3898.39	-264.58	-1120.39	38.95	-2.64	26.72
2025-01-09T04:36:44	3895.76	-264.60	-1113.34	38.95	-2.65	26.91
2025-01-09T04:36:46	3893.12	-264.63	-1106.29	38.96	-2.65	27.10
2025-01-09T04:36:48	3890.48	-264.66	-1099.23	38.96	-2.65	27.29
2025-01-09T04:36:50	3887.83	-264.68	-1092.17	38.96	-2.65	27.48
2025-01-09T04:36:52	3885.17	-264.71	-1085.11	38.96	-2.65	27.68
2025-01-09T04:36:54	3882.52	-264.73	-1078.05	38.97	-2.66	27.87
2025-01-09T04:36:56	3879.85	-264.76	-1070.98	38.97	-2.66	28.07
2025-01-09T04:36:58	3877.18	-264.78	-1063.92	38.96	-2.66	28.26
2025-01-09T04:37:00	3874.51	-264.81	-1056.85	38.96	-2.66	28.46
2025-01-09T04:37:02	3871.83	-264.83	-1049.79	38.96	-2.66	28.65
2025-01-09T04:37:04	3869.14	-264.85	-1042.72	38.96	-2.67	28.85
2025-01-09T04:37:06	3866.45	-264.87	-1035.65	38.95	-2.67	29.05
2025-01-09T04:37:08	3863.76	-264.90	-1028.58	38.95	-2.67	29.25
2025-01-09T04:37:10	3861.06	-264.92	-1021.51	38.94	-2.67	29.45
2025-01-09T04:37:12	3858.35	-264.94	-1014.43	38.93	-2.67	29.65
2025-01-09T04:37:14	3855.64	-264.96	-1007.36	38.92	-2.67	29.86
2025-01-09T04:37:16	3852.92	-264.98	-1000.28	38.91	-2.68	30.06
2025-01-09T04:37:18	3850.20	-265.00	-993.20	38.90	-2.68	30.26
2025-01-09T04:37:20	3847.47	-265.02	-986.12	38.89	-2.68	30.47
2025-01-09T04:37:22	3844.74	-265.05	-979.04	38.88	-2.68	30.67
2025-01-09T04:37:24	3842.00	-265.06	-971.96	38.87	-2.68	30.88
2025-01-09T04:37:26	3839.26	-265.08	-964.87	38.85	-2.68	31.09
2025-01-09T04:37:28	3836.51	-265.10	-957.79	38.84	-2.68	31.30
2025-01-09T04:37:30	3833.76	-265.12	-950.70	38.82	-2.68	31.51
2025-01-09T04:37:32	3831.00	-265.14	-943.61	38.81	-2.69	31.72
2025-01-09T04:37:34	3828.23	-265.15	-936.52	38.79	-2.69	31.93
2025-01-09T04:37:36	3825.46	-265.17	-929.43	38.77	-2.69	32.14
2025-01-09T04:37:38	3822.68	-265.19	-922.34	38.75	-2.69	32.36
2025-01-09T04:37:40	3819.90	-265.21	-915.25	38.73	-2.69	32.57
2025-01-09T04:37:42	3817.12	-265.22	-908.15	38.70	-2.69	32.79
2025-01-09T04:37:44	3814.33	-265.24	-901.06	38.68	-2.69	33.01
2025-01-09T04:37:46	3811.52	-265.25	-893.96	38.66	-2.69	33.22
2025-01-09T04:37:48	3808.72	-265.27	-886.86	38.63	-2.69	33.44
2025-01-09T04:37:50	3805.91	-265.28	-879.76	38.60	-2.69	33.66
2025-01-09T04:37:52	3803.10	-265.30	-872.66	38.58	-2.69	33.88
2025-01-09T04:37:54	3800.28	-265.31	-865.56	38.55	-2.69	34.10
2025-01-09T04:37:56	3797.45	-265.32	-858.45	38.52	-2.69	34.33
2025-01-09T04:37:58	3794.62	-265.34	-851.35	38.48	-2.69	34.55
2025-01-09T04:38:00	3791.78	-265.35	-844.24	38.45	-2.69	34.77
2025-01-09T04:38:02	3788.94	-265.36	-837.14	38.42	-2.69	35.00
2025-01-09T04:38:04	3786.09	-265.37	-830.03	38.38	-2.69	35.22
2025-01-09T04:38:06	3783.23	-265.38	-822.92	38.35	-2.69	35.45
2025-01-09T04:38:08	3780.37	-265.39	-815.81	38.31	-2.69	35.68
2025-01-09T04:38:10	3777.51	-265.40	-808.69	38.27	-2.69	35.91
2025-01-09T04:38:12	3774.64	-265.41	-801.58	38.23	-2.69	36.14
2025-01-09T04:38:14	3771.76	-265.42	-794.46	38.19	-2.69	36.37
2025-01-09T04:38:16	3768.88	-265.43	-787.35	38.15	-2.69	36.60
2025-01-09T04:38:18	3765.99	-265.44	-780.23	38.10	-2.69	36.84
2025-01-09T04:38:20	3763.09	-265.45	-773.11	38.06	-2.68	37.07
2025-01-09T04:38:22	3760.19	-265.46	-765.99	38.01	-2.68	37.30
2025-01-09T04:38:24	3757.29	-265.46	-758.87	37.96	-2.68	37.54
2025-01-09T04:38:26	3754.37	-265.47	-751.75	37.91	-2.68	37.78
2025-01-09T04:38:28	3751.46	-265.48	-744.63	37.86	-2.68	38.02
2025-01-09T04:38:30	3748.53	-265.48	-737.50	37.81	-2.68	38.26
2025-01-09T04:38:32	3745.60	-265.49	-730.37	37.76	-2.68	38.50
2025-01-09T04:38:34	3742.67	-265.50	-723.25	37.70	-2.67	38.74
2025-01-09T04:38:36	3739.72	-265.50	-716.12	37.65	-2.67	38.98
2025-01-09T04:38:38	3736.78	-265.51	-708.99	37.59	-2.67	39.22
2025-01-09T04:38:40	3733.82	-265.51	-701.86	37.53	-2.67	39.46
2025-01-09T04:38:42	3730.86	-265.51	-694.73	37.47	-2.67	39.71
2025-01-09T04:38:44	3727.90	-265.52	-687.60	37.41	-2.66	39.96
2025-01-09T04:38:46	3724.93	-265.52	-680.46	37.34	-2.66	40.20
2025-01-09T04:38:48	3721.95	-265.52	-673.33	37.28	-2.66	40.45
2025-01-09T04:38:50	3718.97	-265.52	-666.20	37.21	-2.66	40.70
2025-01-09T04:38:52	3715.98	-265.53	-659.06	37.15	-2.65	40.95
2025-01-09T04:38:54	3712.98	-265.53	-651.92	37.08	-2.65	41.20
2025-01-09T04:38:56	3709.98	-265.53	-644.78	37.00	-2.65	41.45
2025-01-09T04:38:58	3706.97	-265.53	-637.64	36.93	-2.65	41.71
2025-01-09T04:39:00	3703.96	-265.53	-630.50	36.86	-2.64	41.96
2025-01-09T04:39:02	3700.94	-265.53	-623.36	36.78	-2.64	42.21
2025-01-09T04:39:04	3697.91	-265.53	-616.21	36.70	-2.64	42.47
2025-01-09T04:39:06	3694.88	-265.52	-609.07	36.63	-2.63	42.73
2025-01-09T04:39:08	3691.84	-265.52	-601.93	36.55	-2.63	42.98
2025-01-09T04:39:10	3688.80	-265.52	-594.78	36.46	-2.62	43.24
2025-01-09T04:39:12	3685.75	-265.52	-587.63	36.38	-2.62	43.50
2025-01-09T04:39:14	3682.69	-265.51	-580.49	36.29	-2.62	43.76
2025-01-09T04:39:16	3679.63	-265.51	-573.34	36.21	-2.61	44.03
2025-01-09T04:39:18	3676.56	-265.50	-566.18	36.12	-2.61	44.29
2025-01-09T04:39:20	3673.48	-265.50	-559.04	36.03	-2.60	44.55
2025-01-09T04:39:22	3670.40	-265.49	-551.88	35.93	-2.60	44.82
2025-01-09T04:39:24	3667.31	-265.49	-544.73	35.84	-2.59	45.08
2025-01-09T04:39:26	3664.22	-265.48	-537.58	35.74	-2.59	45.35
2025-01-09T04:39:28	3661.12	-265.48	-530.42	35.64	-2.58	45.62
2025-01-09T04:39:30	3658.01	-265.47	-523.27	35.54	-2.58	45.89
2025-01-09T04:39:32	3654.90	-265.46	-516.11	35.44	-2.57	46.16
2025-01-09T04:39:34	3651.78	-265.45	-508.95	35.34	-2.57	46.43
2025-01-09T04:39:36	3648.65	-265.45	-501.79	35.23	-2.56	46.70
2025-01-09T04:39:38	3645.52	-265.44	-494.63	35.13	-2.56	46.97
2025-01-09T04:39:40	3642.38	-265.43	-487.47	35.02	-2.55	47.25
2025-01-09T04:39:42	3639.24	-265.42	-480.31	34.91	-2.55	47.52
2025-01-09T04:39:44	3636.08	-265.41	-473.15	34.79	-2.54	47.80
2025-01-09T04:39:46	3632.93	-265.39	-465.99	34.68	-2.53	48.07
2025-01-09T04:39:48	3629.76	-265.38	-458.82	34.56	-2.53	48.35
2025-01-09T04:39:50	3626.59	-265.37	-451.66	34.44	-2.52	48.63
2025-01-09T04:39:52	3623.41	-265.36	-444.49	34.32	-2.51	48.91
2025-01-09T04:39:54	3620.23	-265.35	-437.33	34.20	-2.51	49.19
2025-01-09T04:39:56	3617.04	-265.33	-430.16	34.07	-2.50	49.47
2025-01-09T04:39:58	3613.84	-265.32	-423.00	33.94	-2.49	49.76
2025-01-09T04:40:00	3610.64	-265.31	-415.83	33.81	-2.48	50.04
2025-01-09T04:40:02	3607.43	-265.29	-408.66	33.68	-2.48	50.32
2025-01-09T04:40:04	3604.21	-265.27	-401.49	33.55	-2.47	50.61
2025-01-09T04:40:06	3600.99	-265.26	-394.32	33.41	-2.46	50.90
2025-01-09T04:40:08	3597.76	-265.24	-387.15	33.28	-2.45	51.18
2025-01-09T04:40:10	3594.52	-265.23	-379.97	33.14	-2.44	51.47
2025-01-09T04:40:12	3591.27	-265.21	-372.80	32.99	-2.44	51.76
2025-01-09T04:40:14	3588.02	-265.19	-365.63	32.85	-2.43	52.05
2025-01-09T04:40:16	3584.77	-265.17	-358.45	32.70	-2.42	52.34
2025-01-09T04:40:18	3581.51	-265.15	-351.28	32.55	-2.41	52.64
2025-01-09T04:40:20	3578.24	-265.14	-344.10	32.40	-2.40	52.93
2025-01-09T04:40:22	3574.96	-265.12	-336.93	32.25	-2.39	53.22
2025-01-09T04:40:24	3571.67	-265.09	-329.75	32.09	-2.38	53.52
2025-01-09T04:40:26	3568.39	-265.07	-322.57	31.93	-2.37	53.81
2025-01-09T04:40:28	3565.09	-265.05	-315.40	31.77	-2.36	54.11
2025-01-09T04:40:30	3561.78	-265.03	-308.22	31.61	-2.35	54.41
2025-01-09T04:40:32	3558.47	-265.01	-301.04	31.44	-2.34	54.71
2025-01-09T04:40:34	3555.15	-264.99	-293.86	31.27	-2.33	55.01
2025-01-09T04:40:36	3551.83	-264.96	-286.68	31.10	-2.32	55.31
2025-01-09T04:40:38	3548.50	-264.94	-279.50	30.93	-2.31	55.61
2025-01-09T04:40:40	3545.16	-264.92	-272.32	30.75	-2.30	55.91
2025-01-09T04:40:42	3541.81	-264.89	-265.14	30.58	-2.29	56.22
2025-01-09T04:40:44	3538.46	-264.86	-257.95	30.39	-2.28	56.52
2025-01-09T04:40:46	3535.10	-264.84	-250.77	30.21	-2.26	56.83
2025-01-09T04:40:48	3531.74	-264.81	-243.59	30.02	-2.25	57.13
2025-01-09T04:40:50	3528.36	-264.78	-236.40	29.84	-2.24	57.44
2025-01-09T04:40:52	3524.99	-264.76	-229.22	29.64	-2.23	57.75
2025-01-09T04:40:54	3521.60	-264.73	-222.04	29.45	-2.21	58.06
2025-01-09T04:40:56	3518.20	-264.70	-214.85	29.25	-2.20	58.37
2025-01-09T04:40:58	3514.80	-264.67	-207.66	29.05	-2.19	58.68
2025-01-09T04:41:00	3511.40	-264.64	-200.48	28.85	-2.17	58.99
2025-01-09T04:41:02	3507.98	-264.61	-193.29	28.65	-2.16	59.30
2025-01-09T04:41:04	3504.56	-264.58	-186.10	28.44	-2.15	59.61
2025-01-09T04:41:06	3501.13	-264.55	-178.92	28.23	-2.13	59.93
2025-01-09T04:41:08	3497.69	-264.52	-171.73	28.01	-2.12	60.24
2025-01-09T04:41:10	3494.25	-264.48	-164.54	27.80	-2.10	60.56
2025-01-09T04:41:12	3490.80	-264.45	-157.35	27.58	-2.09	60.87
2025-01-09T04:41:14	3487.34	-264.42	-150.16	27.36	-2.07	61.19
2025-01-09T04:41:16	3483.88	-264.39	-142.97	27.13	-2.06	61.51
2025-01-09T04:41:18	3480.41	-264.35	-135.79	26.90	-2.04	61.83
2025-01-09T04:41:20	3476.93	-264.32	-128.60	26.67	-2.03	62.15
2025-01-09T04:41:22	3473.44	-264.28	-121.41	26.44	-2.01	62.47
2025-01-09T04:41:24	3469.95	-264.24	-114.22	26.20	-2.00	62.79
2025-01-09T04:41:26	3466.45	-264.21	-107.03	25.96	-1.98	63.11
2025-01-09T04:41:28	3462.94	-264.17	-99.84	25.71	-1.96	63.43
2025-01-09T04:41:30	3459.42	-264.13	-92.65	25.47	-1.94	63.76
2025-01-09T04:41:32	3455.90	-264.09	-85.46	25.22	-1.93	64.08
2025-01-09T04:41:34	3452.37	-264.05	-78.26	24.96	-1.91	64.41
2025-01-09T04:41:36	3448.83	-264.01	-71.07	24.71	-1.89	64.73
2025-01-09T04:41:38	3445.29	-263.97	-63.88	24.45	-1.87	65.06
2025-01-09T04:41:40	3441.74	-263.93	-56.69	24.19	-1.85	65.39
2025-01-09T04:41:42	3438.18	-263.89	-49.50	23.92	-1.84	65.71
2025-01-09T04:41:44	3434.61	-263.85	-42.31	23.65	-1.82	66.04
2025-01-09T04:41:46	3431.04	-263.81	-35.11	23.38	-1.80	66.37
2025-01-09T04:41:48	3427.45	-263.76	-27.92	23.10	-1.78	66.70
2025-01-09T04:41:50	3423.86	-263.72	-20.73	22.82	-1.76	67.03
2025-01-09T04:41:52	3420.27	-263.68	-13.54	22.54	-1.74	67.36
2025-01-09T04:41:54	3416.67	-263.63	-6.35	22.25	-1.72	67.69
2025-01-09T04:41:56	3413.05	-263.59	0.84	21.96	-1.70	68.03
2025-01-09T04:41:58	3409.43	-263.54	8.04	21.66	-1.67	68.36
2025-01-09T04:42:00	3405.81	-263.49	15.23	21.37	-1.65	68.69
2025-01-09T04:42:02	3402.17	-263.44	22.42	21.07	-1.63	69.03
2025-01-09T04:42:04	3398.53	-263.40	29.61	20.76	-1.61	69.36
2025-01-09T04:42:06	3394.88	-263.35	36.80	20.45	-1.59	69.70
2025-01-09T04:42:08	3391.23	-263.30	44.00	20.14	-1.56	70.03
2025-01-09T04:42:10	3387.56	-263.25	51.19	19.82	-1.54	70.37
2025-01-09T04:42:12	3383.89	-263.20	58.38	19.50	-1.52	70.70
2025-01-09T04:42:14	3380.21	-263.15	65.57	19.18	-1.49	71.04
2025-01-09T04:42:16	3376.53	-263.10	72.76	18.85	-1.47	71.38
2025-01-09T04:42:18	3372.83	-263.05	79.95	18.52	-1.44	71.72
2025-01-09T04:42:20	3369.13	-262.99	87.14	18.19	-1.42	72.05
2025-01-09T04:42:22	3365.42	-262.94	94.34	17.85	-1.39	72.39
2025-01-09T04:42:24	3361.70	-262.89	101.53	17.50	-1.37	72.73
2025-01-09T04:42:26	3357.97	-262.83	108.72	17.16	-1.34	73.07
2025-01-09T04:42:28	3354.24	-262.78	115.90	16.80	-1.32	73.41
2025-01-09T04:42:30	3350.50	-262.72	123.10	16.45	-1.29	73.75
2025-01-09T04:42:32	3346.75	-262.67	130.29	16.09	-1.26	74.09
2025-01-09T04:42:34	3343.00	-262.61	137.47	15.73	-1.24	74.43
2025-01-09T04:42:36	3339.23	-262.55	144.67	15.36	-1.21	74.77
2025-01-09T04:42:38	3335.46	-262.49	151.85	14.99	-1.18	75.11
2025-01-09T04:42:40	3331.68	-262.43	159.04	14.61	-1.15	75.46
2025-01-09T04:42:42	3327.89	-262.37	166.23	14.23	-1.12	75.80
2025-01-09T04:42:44	3324.09	-262.31	173.42	13.84	-1.09	76.14
2025-01-09T04:42:46	3320.29	-262.25	180.60	13.45	-1.06	76.48
2025-01-09T04:42:48	3316.48	-262.19	187.79	13.06	-1.03	76.82
2025-01-09T04:42:50	3312.66	-262.13	194.98	12.66	-1.00	77.17
2025-01-09T04:42:52	3308.83	-262.07	202.16	12.26	-0.97	77.51
2025-01-09T04:42:54	3305.00	-262.00	209.35	11.85	-0.94	77.85
2025-01-09T04:42:56	3301.16	-261.94	216.53	11.44	-0.91	78.19
2025-01-09T04:42:58	3297.30	-261.88	223.71	11.02	-0.88	78.54
2025-01-09T04:43:00	3293.45	-261.81	230.90	10.60	-0.84	78.88
2025-01-09T04:43:02	3289.58	-261.75	238.08	10.18	-0.81	79.22
2025-01-09T04:43:04	3285.70	-261.68	245.26	9.75	-0.78	79.56
2025-01-09T04:43:06	3281.82	-261.61	252.44	9.31	-0.74	79.91
2025-01-09T04:43:08	3277.93	-261.54	259.63	8.87	-0.71	80.25
2025-01-09T04:43:10	3274.03	-261.48	266.81	8.43	-0.67	80.59
2025-01-09T04:43:12	3270.12	-261.41	273.99	7.98	-0.64	80.93
2025-01-09T04:43:14	3266.21	-261.34	281.17	7.53	-0.60	81.27
2025-01-09T04:43:16	3262.28	-261.27	288.34	7.07	-0.57	81.62
2025-01-09T04:43:18	3258.35	-261.19	295.52	6.60	-0.53	81.96
2025-01-09T04:43:20	3254.41	-261.12	302.70	6.13	-0.49	82.30
2025-01-09T04:43:22	3250.47	-261.05	309.88	5.66	-0.45	82.64
2025-01-09T04:43:24	3246.51	-260.98	317.05	5.18	-0.42	82.98
2025-01-09T04:43:26	3242.55	-260.90	324.23	4.70	-0.38	83.32
2025-01-09T04:43:28	3238.57	-260.83	331.40	4.21	-0.34	83.66
2025-01-09T04:43:30	3234.59	-260.76	338.57	3.71	-0.30	84.00
2025-01-09T04:43:32	3230.60	-260.68	345.75	3.21	-0.26	84.34
2025-01-09T04:43:34	3226.61	-260.60	352.92	2.71	-0.22	84.67
2025-01-09T04:43:36	3222.60	-260.53	360.09	2.20	-0.18	85.01
2025-01-09T04:43:38	3218.59	-260.45	367.26	1.68	-0.14	85.35
2025-01-09T04:43:40	3214.57	-260.37	374.43	1.16	-0.09	85.69
2025-01-09T04:43:42	3210.54	-260.29	381.59	0.64	-0.05	86.02
2025-01-09T04:43:44	3206.50	-260.21	388.76	0.10	-0.01	86.36
2025-01-09T04:43:46	3202.45	-260.13	395.93	-0.43	0.04	86.69
2025-01-09T04:43:48	3198.40	-260.05	403.09	-0.98	0.08	87.02
2025-01-09T04:43:50	3194.34	-259.97	410.25	-1.52	0.12	87.36
2025-01-09T04:43:52	3190.26	-259.89	417.42	-2.08	0.17	87.69
2025-01-09T04:43:54	3186.19	-259.80	424.58	-2.64	0.21	88.02
2025-01-09T04:43:56	3182.10	-259.72	431.74	-3.20	0.26	88.35
2025-01-09T04:43:58	3178.00	-259.64	438.90	-3.77	0.31	88.68
2025-01-09T04:44:00	3173.90	-259.55	446.06	-4.35	0.36	89.01
2025-01-09T04:44:02	3169.78	-259.46	453.21	-4.93	0.40	89.33
2025-01-09T04:44:04	3165.66	-259.38	460.37	-5.52	0.45	89.66
2025-01-09T04:44:06	3161.53	-259.29	467.52	-6.11	0.50	89.98
2025-01-09T04:44:08	3157.39	-259.20	474.68	-6.71	0.55	90.31
2025-01-09T04:44:10	3153.24	-259.11	481.83	-7.32	0.60	90.63
2025-01-09T04:44:12	3149.09	-259.02	488.98	-7.93	0.65	90.95
2025-01-09T04:44:14	3144.92	-258.93	496.13	-8.55	0.70	91.27
2025-01-09T04:44:16	3140.75	-258.84	503.28	-9.17	0.76	91.59
2025-01-09T04:44:18	3136.57	-258.75	510.42	-9.80	0.81	91.90
2025-01-09T04:44:20	3132.38	-258.66	517.57	-10.44	0.86	92.22
2025-01-09T04:44:22	3128.18	-258.56	524.71	-11.08	0.92	92.53
2025-01-09T04:44:24	3123.98	-258.47	531.85	-11.73	0.97	92.85
2025-01-09T04:44:26	3119.76	-258.38	538.99	-12.38	1.03	93.16
2025-01-09T04:44:28	3115.54	-258.28	546.13	-13.04	1.08	93.46
2025-01-09T04:44:30	3111.31	-258.19	553.27	-13.71	1.14	93.77
2025-01-09T04:44:32	3107.06	-258.09	560.41	-14.38	1.19	94.08
2025-01-09T04:44:34	3102.81	-257.99	567.54	-15.06	1.25	94.38
2025-01-09T04:44:36	3098.56	-257.89	574.68	-15.75	1.31	94.68
2025-01-09T04:44:38	3094.29	-257.80	581.81	-16.44	1.37	94.98
2025-01-09T04:44:40	3090.01	-257.70	588.94	-17.14	1.43	95.28
2025-01-09T04:44:42	3085.73	-257.60	596.07	-17.85	1.49	95.57
2025-01-09T04:44:44	3081.43	-257.50	603.19	-18.56	1.55	95.86
2025-01-09T04:44:46	3077.14	-257.39	610.32	-19.28	1.61	96.15
2025-01-09T04:44:48	3072.82	-257.29	617.44	-20.00	1.67	96.44
2025-01-09T04:44:50	3068.50	-257.19	624.56	-20.73	1.74	96.73
2025-01-09T04:44:52	3064.18	-257.08	631.68	-21.47	1.80	97.01
2025-01-09T04:44:54	3059.84	-256.98	638.80	-22.22	1.87	97.29
2025-01-09T04:44:56	3055.49	-256.87	645.92	-22.97	1.93	97.57
2025-01-09T04:44:58	3051.14	-256.77	653.03	-23.73	2.00	97.84
2025-01-09T04:45:00	3046.78	-256.66	660.14	-24.49	2.06	98.12
2025-01-09T04:45:02	3042.41	-256.55	667.25	-25.27	2.13	98.39
2025-01-09T04:45:04	3038.03	-256.44	674.36	-26.05	2.20	98.65
2025-01-09T04:45:06	3033.64	-256.33	681.47	-26.83	2.27	98.92
2025-01-09T04:45:08	3029.24	-256.22	688.57	-27.62	2.34	99.18
2025-01-09T04:45:10	3024.83	-256.11	695.68	-28.42	2.41	99.44
2025-01-09T04:45:12	3020.42	-256.00	702.78	-29.23	2.48	99.69
2025-01-09T04:45:14	3015.99	-255.89	709.87	-30.05	2.55	99.94
2025-01-09T04:45:16	3011.56	-255.78	716.97	-30.87	2.62	100.19
2025-01-09T04:45:18	3007.12	-255.66	724.07	-31.69	2.69	100.44
2025-01-09T04:45:20	3002.67	-255.55	731.16	-32.53	2.77	100.68
2025-01-09T04:45:22	2998.21	-255.43	738.25	-33.37	2.84	100.92
2025-01-09T04:45:24	2993.74	-255.32	745.33	-34.22	2.92	101.15
2025-01-09T04:45:26	2989.26	-255.20	752.42	-35.08	2.99	101.38
2025-01-09T04:45:28	2984.77	-255.08	759.50	-35.94	3.07	101.61
2025-01-09T04:45:30	2980.28	-254.97	766.58	-36.81	3.15	101.83
2025-01-09T04:45:32	2975.77	-254.85	773.66	-37.69	3.23	102.05
2025-01-09T04:45:34	2971.26	-254.73	780.74	-38.58	3.31	102.26
2025-01-09T04:45:36	2966.74	-254.61	787.82	-39.47	3.39	102.47
2025-01-09T04:45:38	2962.21	-254.48	794.89	-40.37	3.47	102.68
2025-01-09T04:45:40	2957.67	-254.36	801.96	-41.27	3.55	102.88
2025-01-09T04:45:42	2953.12	-254.24	809.02	-42.19	3.63	103.08
2025-01-09T04:45:44	2948.56	-254.11	816.09	-43.11	3.72	103.27
2025-01-09T04:45:46	2943.99	-253.99	823.15	-44.04	3.80	103.46
2025-01-09T04:45:48	2939.42	-253.86	830.21	-44.98	3.88	103.65
2025-01-09T04:45:50	2934.83	-253.74	837.27	-45.92	3.97	103.83
2025-01-09T04:45:52	2930.24	-253.61	844.32	-46.87	4.06	104.00
2025-01-09T04:45:54	2925.64	-253.48	851.37	-47.83	4.14	104.17
2025-01-09T04:45:56	2921.02	-253.35	858.42	-48.79	4.23	104.34
2025-01-09T04:45:58	2916.40	-253.23	865.47	-49.77	4.32	104.50
2025-01-09T04:46:00	2911.77	-253.10	872.51	-50.75	4.41	104.65
2025-01-09T04:46:02	2907.13	-252.97	879.55	-51.74	4.50	104.80
2025-01-09T04:46:04	2902.48	-252.83	886.59	-52.73	4.59	104.94
2025-01-09T04:46:06	2897.83	-252.70	893.63	-53.73	4.69	105.08
2025-01-09T04:46:08	2893.16	-252.57	900.66	-54.74	4.78	105.21
2025-01-09T04:46:10	2888.49	-252.44	907.69	-55.76	4.87	105.34
2025-01-09T04:46:12	2883.80	-252.30	914.72	-56.79	4.97	105.46
2025-01-09T04:46:14	2879.11	-252.16	921.74	-57.82	5.06	105.58
2025-01-09T04:46:16	2874.41	-252.03	928.76	-58.86	5.16	105.69
2025-01-09T04:46:18	2869.69	-251.89	935.78	-59.91	5.26	105.79
2025-01-09T04:46:20	2864.97	-251.75	942.80	-60.96	5.36	105.89
2025-01-09T04:46:22	2860.24	-251.61	949.81	-62.02	5.46	105.98
2025-01-09T04:46:24	2855.50	-251.47	956.82	-63.09	5.56	106.06
2025-01-09T04:46:26	2850.76	-251.33	963.82	-64.17	5.66	106.14
2025-01-09T04:46:28	2846.00	-251.19	970.83	-65.25	5.76	106.21
2025-01-09T04:46:30	2841.23	-251.05	977.83	-66.34	5.86	106.27
2025-01-09T04:46:32	2836.46	-250.91	984.83	-67.44	5.97	106.33
2025-01-09T04:46:34	2831.67	-250.76	991.82	-68.55	6.07	106.38
2025-01-09T04:46:36	2826.88	-250.62	998.81	-69.66	6.18	106.43
2025-01-09T04:46:38	2822.08	-250.47	1005.80	-70.78	6.28	106.46
2025-01-09T04:46:40	2817.26	-250.32	1012.78	-71.91	6.39	106.49
2025-01-09T04:46:42	2812.44	-250.18	1019.76	-73.04	6.50	106.51
2025-01-09T04:46:44	2807.61	-250.03	1026.74	-74.19	6.61	106.53
2025-01-09T04:46:46	2802.77	-249.88	1033.71	-75.34	6.72	106.53
2025-01-09T04:46:48	2797.92	-249.73	1040.68	-76.49	6.83	106.53
2025-01-09T04:46:50	2793.07	-249.58	1047.65	-77.66	6.94	106.52
2025-01-09T04:46:52	2788.20	-249.43	1054.61	-78.83	7.05	106.50
2025-01-09T04:46:54	2783.32	-249.28	1061.58	-80.00	7.17	106.48
2025-01-09T04:46:56	2778.44	-249.12	1068.53	-81.19	7.28	106.45
2025-01-09T04:46:58	2773.54	-248.97	1075.49	-82.38	7.39	106.40
2025-01-09T04:47:00	2768.64	-248.82	1082.44	-83.58	7.51	106.35
2025-01-09T04:47:02	2763.72	-248.66	1089.38	-84.78	7.63	106.29
2025-01-09T04:47:04	2758.80	-248.50	1096.32	-86.00	7.75	106.23
2025-01-09T04:47:06	2753.87	-248.35	1103.26	-87.22	7.87	106.15
2025-01-09T04:47:08	2748.93	-248.19	1110.20	-88.44	7.99	106.07
2025-01-09T04:47:10	2743.98	-248.03	1117.13	-89.68	8.11	105.97
2025-01-09T04:47:12	2739.02	-247.87	1124.06	-90.91	8.23	105.87
2025-01-09T04:47:14	2734.05	-247.71	1130.98	-92.16	8.35	105.76
2025-01-09T04:47:16	2729.08	-247.55	1137.90	-93.41	8.47	105.63
2025-01-09T04:47:18	2724.09	-247.39	1144.82	-94.67	8.60	105.50
2025-01-09T04:47:20	2719.09	-247.22	1151.73	-95.94	8.72	105.36
2025-01-09T04:47:22	2714.09	-247.06	1158.64	-97.21	8.85	105.21
2025-01-09T04:47:24	2709.08	-246.89	1165.55	-98.49	8.98	105.05
2025-01-09T04:47:26	2704.05	-246.73	1172.45	-99.77	9.10	104.88
2025-01-09T04:47:28	2699.02	-246.56	1179.34	-101.06	9.23	104.70
2025-01-09T04:47:30	2693.98	-246.40	1186.24	-102.36	9.36	104.51
2025-01-09T04:47:32	2688.93	-246.23	1193.13	-103.66	9.49	104.31
2025-01-09T04:47:34	2683.87	-246.06	1200.01	-104.97	9.62	104.10
2025-01-09T04:47:36	2678.80	-245.89	1206.89	-106.28	9.76	103.88
2025-01-09T04:47:38	2673.72	-245.72	1213.77	-107.60	9.89	103.65
2025-01-09T04:47:40	2668.63	-245.55	1220.64	-108.93	10.02	103.40
2025-01-09T04:47:42	2663.53	-245.37	1227.51	-110.26	10.16	103.15
2025-01-09T04:47:44	2658.43	-245.20	1234.37	-111.60	10.29	102.88
2025-01-09T04:47:46	2653.31	-245.03	1241.23	-112.94	10.43	102.61
2025-01-09T04:47:48	2648.19	-244.85	1248.08	-114.29	10.57	102.32
2025-01-09T04:47:50	2643.05	-244.68	1254.94	-115.64	10.71	102.02
2025-01-09T04:47:52	2637.91	-244.50	1261.78	-117.00	10.84	101.71
2025-01-09T04:47:54	2632.76	-244.32	1268.62	-118.36	10.98	101.39
2025-01-09T04:47:56	2627.59	-244.14	1275.46	-119.73	11.13	101.06
2025-01-09T04:47:58	2622.42	-243.96	1282.29	-121.11	11.27	100.72
2025-01-09T04:48:00	2617.24	-243.78	1289.12	-122.48	11.41	100.36
2025-01-09T04:48:02	2612.05	-243.60	1295.95	-123.87	11.55	99.99
2025-01-09T04:48:04	2606.86	-243.42	1302.77	-125.25	11.70	99.61
2025-01-09T04:48:06	2601.65	-243.24	1309.58	-126.65	11.84	99.22
2025-01-09T04:48:08	2596.43	-243.05	1316.39	-128.04	11.99	98.81
2025-01-09T04:48:10	2591.21	-242.87	1323.20	-129.44	12.13	98.40
2025-01-09T04:48:12	2585.97	-242.68	1330.00	-130.85	12.28	97.97
2025-01-09T04:48:14	2580.73	-242.50	1336.80	-132.25	12.43	97.52
2025-01-09T04:48:16	2575.47	-242.31	1343.59	-133.67	12.58	97.07
2025-01-09T04:48:18	2570.21	-242.12	1350.37	-135.08	12.73	96.60
2025-01-09T04:48:20	2564.94	-241.93	1357.15	-136.50	12.88	96.12
2025-01-09T04:48:22	2559.66	-241.74	1363.93	-137.92	13.03	95.63
2025-01-09T04:48:24	2554.37	-241.55	1370.70	-139.35	13.18	95.12
2025-01-09T04:48:26	2549.07	-241.36	1377.47	-140.78	13.33	94.60
2025-01-09T04:48:28	2543.76	-241.17	1384.23	-142.21	13.48	94.07
2025-01-09T04:48:30	2538.44	-240.97	1390.99	-143.65	13.64	93.52
2025-01-09T04:48:32	2533.12	-240.78	1397.74	-145.08	13.79	92.96
2025-01-09T04:48:34	2527.78	-240.59	1404.49	-146.52	13.95	92.39
2025-01-09T04:48:36	2522.44	-240.39	1411.23	-147.97	14.10	91.80
2025-01-09T04:48:38	2517.08	-240.19	1417.97	-149.41	14.26	91.20
2025-01-09T04:48:40	2511.72	-240.00	1424.70	-150.86	14.41	90.58
2025-01-09T04:48:42	2506.35	-239.80	1431.43	-152.31	14.57	89.96
2025-01-09T04:48:44	2500.97	-239.60	1438.15	-153.76	14.73	89.31
2025-01-09T04:48:46	2495.58	-239.40	1444.87	-155.21	14.89	88.66
2025-01-09T04:48:48	2490.18	-239.20	1451.58	-156.67	15.05	87.99
2025-01-09T04:48:50	2484.77	-238.99	1458.29	-158.12	15.21	87.30
2025-01-09T04:48:52	2479.35	-238.79	1464.99	-159.58	15.37	86.60
2025-01-09T04:48:54	2473.92	-238.59	1471.68	-161.04	15.53	85.89
2025-01-09T04:48:56	2468.49	-238.38	1478.37	-162.50	15.69	85.16
2025-01-09T04:48:58	2463.04	-238.18	1485.05	-163.95	15.85	84.42
2025-01-09T04:49:00	2457.59	-237.97	1491.73	-165.41	16.02	83.66
2025-01-09T04:49:02	2452.13	-237.76	1498.41	-166.87	16.18	82.89
2025-01-09T04:49:04	2446.66	-237.55	1505.07	-168.33	16.34	82.11
2025-01-09T04:49:06	2441.18	-237.34	1511.74	-169.79	16.51	81.31
2025-01-09T04:49:08	2435.69	-237.13	1518.39	-171.25	16.67	80.49
2025-01-09T04:49:10	2430.19	-236.92	1525.05	-172.71	16.84	79.66
2025-01-09T04:49:12	2424.68	-236.71	1531.69	-174.17	17.00	78.82
2025-01-09T04:49:14	2419.16	-236.50	1538.33	-175.63	17.17	77.96
2025-01-09T04:49:16	2413.64	-236.28	1544.97	-177.09	17.34	77.08
2025-01-09T04:49:18	2408.10	-236.07	1551.60	-178.54	17.50	76.19
2025-01-09T04:49:20	2402.56	-235.86	1558.22	-180.00	17.67	75.29
2025-01-09T04:49:22	2397.01	-235.64	1564.84	-181.45	17.84	74.37
2025-01-09T04:49:24	2391.44	-235.42	1571.45	-182.90	18.01	73.44
2025-01-09T04:49:26	2385.87	-235.20	1578.05	-184.35	18.17	72.49
2025-01-09T04:49:28	2380.30	-234.98	1584.65	-185.79	18.34	71.52
2025-01-09T04:49:30	2374.71	-234.76	1591.25	-187.24	18.51	70.54
2025-01-09T04:49:32	2369.11	-234.54	1597.83	-188.68	18.68	69.55
2025-01-09T04:49:34	2363.51	-234.32	1604.41	-190.12	18.85	68.54
2025-01-09T04:49:36	2357.89	-234.10	1610.99	-191.55	19.02	67.51
2025-01-09T04:49:38	2352.27	-233.87	1617.56	-192.99	19.19	66.47
2025-01-09T04:49:40	2346.63	-233.65	1624.12	-194.41	19.36	65.41
2025-01-09T04:49:42	2340.99	-233.43	1630.68	-195.84	19.53	64.34
2025-01-09T04:49:44	2335.34	-233.20	1637.23	-197.26	19.70	63.26
2025-01-09T04:49:46	2329.69	-232.97	1643.78	-198.68	19.87	62.15
2025-01-09T04:49:48	2324.02	-232.74	1650.32	-200.09	20.04	61.04
2025-01-09T04:49:50	2318.34	-232.51	1656.85	-201.50	20.21	59.91
2025-01-09T04:49:52	2312.66	-232.29	1663.37	-202.90	20.38	58.76
2025-01-09T04:49:54	2306.96	-232.06	1669.90	-204.30	20.55	57.60
2025-01-09T04:49:56	2301.26	-231.82	1676.41	-205.69	20.72	56.42
2025-01-09T04:49:58	2295.55	-231.59	1682.92	-207.08	20.89	55.23
2025-01-09T04:50:00	2289.83	-231.36	1689.42	-208.46	21.06	54.02
2025-01-09T04:50:02	2284.10	-231.12	1695.91	-209.84	21.23	52.80
2025-01-09T04:50:04	2278.36	-230.89	1702.40	-211.21	21.40	51.56
2025-01-09T04:50:06	2272.62	-230.65	1708.88	-212.57	21.57	50.31
2025-01-09T04:50:08	2266.86	-230.42	1715.36	-213.93	21.74	49.04
2025-01-09T04:50:10	2261.10	-230.18	1721.83	-215.28	21.92	47.75
2025-01-09T04:50:12	2255.33	-229.94	1728.29	-216.62	22.09	46.46
2025-01-09T04:50:14	2249.55	-229.70	1734.75	-217.96	22.26	45.14
2025-01-09T04:50:16	2243.76	-229.46	1741.20	-219.29	22.43	43.82
2025-01-09T04:50:18	2237.96	-229.22	1747.64	-220.61	22.60	42.48
2025-01-09T04:50:20	2232.16	-228.98	1754.07	-221.92	22.76	41.12
2025-01-09T04:50:22	2226.34	-228.73	1760.50	-223.23	22.93	39.75
2025-01-09T04:50:24	2220.52	-228.49	1766.93	-224.52	23.10	38.36
2025-01-09T04:50:26	2214.69	-228.24	1773.34	-225.81	23.27	36.96
2025-01-09T04:50:28	2208.85	-228.00	1779.75	-227.09	23.44	35.55
2025-01-09T04:50:30	2203.00	-227.75	1786.15	-228.36	23.61	34.12
2025-01-09T04:50:32	2197.15	-227.51	1792.55	-229.62	23.78	32.68
2025-01-09T04:50:34	2191.28	-227.26	1798.94	-230.87	23.94	31.22
2025-01-09T04:50:36	2185.41	-227.01	1805.32	-232.11	24.11	29.75
2025-01-09T04:50:38	2179.53	-226.76	1811.69	-233.34	24.28	28.26
2025-01-09T04:50:40	2173.63	-226.51	1818.06	-234.56	24.44	26.76
2025-01-09T04:50:42	2167.74	-226.25	1824.42	-235.77	24.61	25.25
2025-01-09T04:50:44	2161.83	-226.00	1830.78	-236.97	24.77	23.73
2025-01-09T04:50:46	2155.92	-225.75	1837.12	-238.16	24.94	22.19
2025-01-09T04:50:48	2149.99	-225.50	1843.46	-239.34	25.10	20.63
2025-01-09T04:50:50	2144.06	-225.24	1849.80	-240.51	25.27	19.07
2025-01-09T04:50:52	2138.12	-224.98	1856.12	-241.66	25.43	17.49
2025-01-09T04:50:54	2132.17	-224.72	1862.44	-242.81	25.59	15.90
2025-01-09T04:50:56	2126.22	-224.47	1868.75	-243.94	25.75	14.29
2025-01-09T04:50:58	2120.25	-224.21	1875.05	-245.06	25.91	12.67
2025-01-09T04:51:00	2114.28	-223.95	1881.35	-246.16	26.07	11.04
2025-01-09T04:51:02	2108.30	-223.69	1887.64	-247.26	26.23	9.40
2025-01-09T04:51:04	2102.31	-223.43	1893.92	-248.34	26.39	7.74
2025-01-09T04:51:06	2096.31	-223.16	1900.20	-249.41	26.55	6.08
2025-01-09T04:51:08	2090.31	-222.90	1906.46	-250.46	26.71	4.40
2025-01-09T04:51:10	2084.29	-222.64	1912.73	-251.50	26.86	2.71
2025-01-09T04:51:12	2078.27	-222.37	1918.98	-252.53	27.02	1.00
2025-01-09T04:51:14	2072.25	-222.11	1925.22	-253.54	27.18	-0.71
2025-01-09T04:51:16	2066.21	-221.84	1931.46	-254.54	27.33	-2.44
2025-01-09T04:51:18	2060.16	-221.57	1937.69	-255.53	27.48	-4.17
2025-01-09T04:51:20	2054.11	-221.30	1943.91	-256.50	27.63	-5.92
2025-01-09T04:51:22	2048.05	-221.03	1950.13	-257.45	27.79	-7.68
2025-01-09T04:51:24	2041.98	-220.76	1956.34	-258.40	27.94	-9.45
2025-01-09T04:51:26	2035.90	-220.49	1962.54	-259.32	28.08	-11.23
2025-01-09T04:51:28	2029.82	-220.22	1968.73	-260.23	28.23	-13.02
2025-01-09T04:51:30	2023.73	-219.95	1974.92	-261.13	28.38	-14.82
2025-01-09T04:51:32	2017.62	-219.67	1981.10	-262.01	28.53	-16.63
2025-01-09T04:51:34	2011.52	-219.40	1987.27	-262.87	28.67	-18.45
2025-01-09T04:51:36	2005.40	-219.12	1993.43	-263.72	28.82	-20.28
2025-01-09T04:51:38	1999.28	-218.85	1999.58	-264.55	28.96	-22.12
2025-01-09T04:51:40	1993.15	-218.57	2005.73	-265.37	29.10	-23.97
2025-01-09T04:51:42	1987.01	-218.29	2011.87	-266.16	29.24	-25.83
2025-01-09T04:51:44	1980.86	-218.01	2018.00	-266.95	29.38	-27.69
2025-01-09T04:51:46	1974.71	-217.73	2024.12	-267.71	29.52	-29.57
2025-01-09T04:51:48	1968.54	-217.45	2030.24	-268.46	29.65	-31.45
2025-01-09T04:51:50	1962.37	-217.17	2036.35	-269.19	29.79	-33.34
2025-01-09T04:51:52	1956.20	-216.89	2042.45	-269.90	29.92	-35.24
2025-01-09T04:51:54	1950.01	-216.61	2048.54	-270.60	30.06	-37.14
2025-01-09T04:51:56	1943.82	-216.32	2054.62	-271.28	30.19	-39.06
2025-01-09T04:51:58	1937.62	-216.04	2060.70	-271.94	30.32	-40.98
2025-01-09T04:52:00	1931.41	-215.75	2066.77	-272.58	30.45	-42.90
2025-01-09T04:52:02	1925.20	-215.46	2072.83	-273.20	30.58	-44.84
2025-01-09T04:52:04	1918.98	-215.18	2078.88	-273.81	30.70	-46.78
2025-01-09T04:52:06	1912.75	-214.89	2084.93	-274.40	30.83	-48.72
2025-01-09T04:52:08	1906.51	-214.60	2090.96	-274.97	30.95	-50.68
2025-01-09T04:52:10	1900.27	-214.31	2096.99	-275.52	31.07	-52.63
2025-01-09T04:52:12	1894.01	-214.02	2103.01	-276.05	31.19	-54.60
2025-01-09T04:52:14	1887.75	-213.73	2109.02	-276.56	31.31	-56.57
2025-01-09T04:52:16	1881.49	-213.43	2115.03	-277.06	31.43	-58.54
2025-01-09T04:52:18	1875.22	-213.14	2121.03	-277.53	31.54	-60.52
2025-01-09T04:52:20	1868.94	-212.85	2127.01	-277.99	31.66	-62.50
2025-01-09T04:52:22	1862.65	-212.55	2132.99	-278.43	31.77	-64.49
2025-01-09T04:52:24	1856.35	-212.26	2138.96	-278.84	31.88	-66.48
2025-01-09T04:52:26	1850.05	-211.96	2144.93	-279.24	31.99	-68.47
2025-01-09T04:52:28	1843.74	-211.66	2150.88	-279.62	32.10	-70.47
2025-01-09T04:52:30	1837.42	-211.36	2156.83	-279.98	32.21	-72.47
2025-01-09T04:52:32	1831.10	-211.06	2162.77	-280.32	32.31	-74.48
2025-01-09T04:52:34	1824.77	-210.76	2168.70	-280.64	32.41	-76.48
2025-01-09T04:52:36	1818.43	-210.46	2174.62	-280.93	32.51	-78.49
2025-01-09T04:52:38	1812.09	-210.16	2180.53	-281.21	32.61	-80.50
2025-01-09T04:52:40	1805.74	-209.86	2186.44	-281.47	32.71	-82.52
2025-01-09T04:52:42	1799.38	-209.56	2192.33	-281.71	32.81	-84.53
2025-01-09T04:52:44	1793.01	-209.25	2198.22	-281.93	32.90	-86.55
2025-01-09T04:52:46	1786.64	-208.95	2204.10	-282.13	32.99	-88.56
2025-01-09T04:52:48	1780.26	-208.64	2209.97	-282.31	33.09	-90.58
2025-01-09T04:52:50	1773.88	-208.33	2215.83	-282.46	33.17	-92.60
2025-01-09T04:52:52	1767.48	-208.03	2221.69	-282.60	33.26	-94.62
2025-01-09T04:52:54	1761.09	-207.72	2227.53	-282.72	33.35	-96.63
2025-01-09T04:52:56	1754.68	-207.41	2233.37	-282.82	33.43	-98.65
2025-01-09T04:52:58	1748.27	-207.10	2239.20	-282.89	33.51	-100.67
2025-01-09T04:53:00	1741.85	-206.79	2245.02	-282.95	33.59	-102.68
2025-01-09T04:53:02	1735.42	-206.48	2250.83	-282.98	33.67	-104.70
2025-01-09T04:53:04	1728.99	-206.17	2256.64	-283.00	33.75	-106.71
2025-01-09T04:53:06	1722.55	-205.85	2262.43	-282.99	33.82	-108.72
2025-01-09T04:53:08	1716.11	-205.54	2268.22	-282.97	33.89	-110.73
2025-01-09T04:53:10	1709.65	-205.23	2273.99	-282.92	33.96	-112.74
2025-01-09T04:53:12	1703.19	-204.91	2279.76	-282.85	34.03	-114.75
2025-01-09T04:53:14	1696.73	-204.59	2285.52	-282.76	34.10	-116.75
2025-01-09T04:53:16	1690.26	-204.28	2291.27	-282.66	34.16	-118.75
2025-01-09T04:53:18	1683.78	-203.96	2297.02	-282.53	34.22	-120.74
2025-01-09T04:53:20	1677.30	-203.64	2302.75	-282.38	34.28	-122.73
2025-01-09T04:53:22	1670.80	-203.32	2308.48	-282.21	34.34	-124.72
2025-01-09T04:53:24	1664.31	-203.00	2314.19	-282.02	34.40	-126.71
2025-01-09T04:53:26	1657.80	-202.68	2319.90	-281.81	34.45	-128.69
2025-01-09T04:53:28	1651.29	-202.36	2325.60	-281.58	34.51	-130.66
2025-01-09T04:53:30	1644.78	-202.04	2331.29	-281.33	34.56	-132.63
2025-01-09T04:53:32	1638.26	-201.71	2336.97	-281.06	34.61	-134.59
2025-01-09T04:53:34	1631.73	-201.39	2342.65	-280.76	34.65	-136.55
2025-01-09T04:53:36	1625.19	-201.07	2348.31	-280.45	34.70	-138.51
2025-01-09T04:53:38	1618.65	-200.74	2353.97	-280.12	34.74	-140.45
2025-01-09T04:53:40	1612.11	-200.41	2359.61	-279.77	34.78	-142.40
2025-01-09T04:53:42	1605.56	-200.08	2365.25	-279.40	34.82	-144.33
2025-01-09T04:53:44	1599.00	-199.76	2370.88	-279.01	34.86	-146.26
2025-01-09T04:53:46	1592.43	-199.43	2376.50	-278.59	34.89	-148.18
2025-01-09T04:53:48	1585.86	-199.10	2382.11	-278.16	34.92	-150.09
2025-01-09T04:53:50	1579.29	-198.77	2387.71	-277.71	34.95	-152.00
2025-01-09T04:53:52	1572.70	-198.44	2393.30	-277.24	34.98	-153.90
2025-01-09T04:53:54	1566.12	-198.11	2398.89	-276.75	35.01	-155.79
2025-01-09T04:53:56	1559.52	-197.77	2404.46	-276.24	35.03	-157.67
2025-01-09T04:53:58	1552.92	-197.44	2410.03	-275.71	35.06	-159.54
2025-01-09T04:54:00	1546.32	-197.11	2415.59	-275.17	35.08	-161.41
2025-01-09T04:54:02	1539.71	-196.77	2421.13	-274.60	35.09	-163.26
2025-01-09T04:54:04	1533.09	-196.44	2426.68	-274.01	35.11	-165.11
2025-01-09T04:54:06	1526.47	-196.10	2432.20	-273.41	35.12	-166.94
2025-01-09T04:54:08	1519.84	-195.77	2437.73	-272.79	35.14	-168.77
2025-01-09T04:54:10	1513.21	-195.43	2443.24	-272.14	35.15	-170.59
2025-01-09T04:54:12	1506.56	-195.09	2448.74	-271.48	35.16	-172.40
2025-01-09T04:54:14	1499.92	-194.75	2454.24	-270.81	35.16	-174.19
2025-01-09T04:54:16	1493.27	-194.41	2459.72	-270.11	35.17	-175.98
2025-01-09T04:54:18	1486.61	-194.07	2465.20	-269.39	35.17	-177.75
2025-01-09T04:54:20	1479.95	-193.73	2470.67	-268.66	35.17	-179.52
2025-01-09T04:54:22	1473.28	-193.39	2476.12	-267.91	35.17	-181.27
2025-01-09T04:54:24	1466.61	-193.04	2481.57	-267.14	35.16	-183.01
2025-01-09T04:54:26	1459.93	-192.70	2487.01	-266.35	35.16	-184.74
2025-01-09T04:54:28	1453.25	-192.36	2492.45	-265.55	35.15	-186.46
2025-01-09T04:54:30	1446.56	-192.01	2497.87	-264.73	35.14	-188.17
2025-01-09T04:54:32	1439.87	-191.67	2503.28	-263.89	35.13	-189.86
2025-01-09T04:54:34	1433.17	-191.32	2508.68	-263.04	35.11	-191.54
2025-01-09T04:54:36	1426.47	-190.97	2514.08	-262.17	35.10	-193.21
2025-01-09T04:54:38	1419.76	-190.62	2519.46	-261.28	35.08	-194.87
2025-01-09T04:54:40	1413.04	-190.28	2524.84	-260.38	35.06	-196.51
2025-01-09T04:54:42	1406.33	-189.93	2530.21	-259.45	35.04	-198.14
2025-01-09T04:54:44	1399.60	-189.58	2535.57	-258.52	35.02	-199.76
2025-01-09T04:54:46	1392.87	-189.23	2540.92	-257.56	34.99	-201.36
2025-01-09T04:54:48	1386.14	-188.88	2546.25	-256.60	34.96	-202.95
2025-01-09T04:54:50	1379.40	-188.52	2551.59	-255.61	34.93	-204.52
2025-01-09T04:54:52	1372.65	-188.17	2556.91	-254.61	34.90	-206.08
2025-01-09T04:54:54	1365.90	-187.82	2562.22	-253.60	34.87	-207.63
2025-01-09T04:54:56	1359.15	-187.47	2567.52	-252.57	34.84	-209.16
2025-01-09T04:54:58	1352.39	-187.11	2572.82	-251.52	34.80	-210.68
2025-01-09T04:55:00	1345.63	-186.76	2578.10	-250.47	34.76	-212.18
2025-01-09T04:55:02	1338.86	-186.40	2583.38	-249.39	34.72	-213.67
2025-01-09T04:55:04	1332.08	-186.04	2588.64	-248.30	34.68	-215.14
2025-01-09T04:55:06	1325.31	-185.68	2593.90	-247.20	34.63	-216.60
2025-01-09T04:55:08	1318.52	-185.33	2599.15	-246.09	34.59	-218.05
2025-01-09T04:55:10	1311.74	-184.97	2604.39	-244.96	34.54	-219.47
2025-01-09T04:55:12	1304.94	-184.61	2609.62	-243.82	34.49	-220.89
2025-01-09T04:55:14	1298.15	-184.25	2614.84	-242.66	34.44	-222.28
2025-01-09T04:55:16	1291.35	-183.89	2620.05	-241.49	34.39	-223.66
2025-01-09T04:55:18	1284.54	-183.53	2625.25	-240.31	34.33	-225.03
2025-01-09T04:55:20	1277.73	-183.17	2630.45	-239.12	34.28	-226.38
2025-01-09T04:55:22	1270.92	-182.80	2635.63	-237.91	34.22	-227.71
2025-01-09T04:55:24	1264.10	-182.44	2640.80	-236.69	34.16	-229.03
2025-01-09T04:55:26	1257.27	-182.08	2645.97	-235.46	34.10	-230.33
2025-01-09T04:55:28	1250.44	-181.71	2651.13	-234.22	34.04	-231.61
2025-01-09T04:55:30	1243.61	-181.35	2656.27	-232.96	33.97	-232.88
2025-01-09T04:55:32	1236.77	-180.98	2661.41	-231.70	33.90	-234.13
2025-01-09T04:55:34	1229.93	-180.61	2666.54	-230.42	33.84	-235.36
2025-01-09T04:55:36	1223.09	-180.25	2671.66	-229.13	33.77	-236.58
2025-01-09T04:55:38	1216.24	-179.88	2676.77	-227.84	33.70	-237.78
2025-01-09T04:55:40	1209.39	-179.51	2681.87	-226.53	33.62	-238.96
2025-01-09T04:55:42	1202.53	-179.14	2686.96	-225.21	33.55	-240.13
2025-01-09T04:55:44	1195.67	-178.77	2692.04	-223.88	33.47	-241.28
2025-01-09T04:55:46	1188.80	-178.40	2697.11	-222.54	33.40	-242.41
2025-01-09T04:55:48	1181.93	-178.03	2702.18	-221.19	33.32	-243.53
2025-01-09T04:55:50	1175.06	-177.66	2707.23	-219.84	33.24	-244.62
2025-01-09T04:55:52	1168.18	-177.29	2712.28	-218.47	33.16	-245.70
2025-01-09T04:55:54	1161.29	-176.91	2717.32	-217.09	33.07	-246.77
2025-01-09T04:55:56	1154.41	-176.54	2722.34	-215.71	32.99	-247.81
2025-01-09T04:55:58	1147.52	-176.16	2727.36	-214.32	32.90	-248.84
2025-01-09T04:56:00	1140.62	-175.79	2732.37	-212.92	32.81	-249.85
2025-01-09T04:56:02	1133.73	-175.41	2737.37	-211.51	32.72	-250.85
2025-01-09T04:56:04	1126.83	-175.04	2742.36	-210.09	32.63	-251.82
2025-01-09T04:56:06	1119.92	-174.66	2747.34	-208.66	32.54	-252.78
2025-01-09T04:56:08	1113.01	-174.28	2752.31	-207.23	32.45	-253.72
2025-01-09T04:56:10	1106.10	-173.91	2757.27	-205.79	32.36	-254.64
2025-01-09T04:56:12	1099.18	-173.53	2762.22	-204.35	32.26	-255.55
2025-01-09T04:56:14	1092.26	-173.15	2767.17	-202.89	32.16	-256.43
2025-01-09T04:56:16	1085.34	-172.77	2772.10	-201.43	32.07	-257.30
2025-01-09T04:56:18	1078.41	-172.39	2777.03	-199.97	31.97	-258.16
2025-01-09T04:56:20	1071.48	-172.01	2781.94	-198.50	31.87	-258.99
2025-01-09T04:56:22	1064.55	-171.63	2786.85	-197.02	31.76	-259.81
2025-01-09T04:56:24	1057.61	-171.25	2791.75	-195.54	31.66	-260.61
2025-01-09T04:56:26	1050.66	-170.86	2796.64	-194.05	31.56	-261.39
2025-01-09T04:56:28	1043.72	-170.48	2801.52	-192.55	31.45	-262.15
2025-01-09T04:56:30	1036.77	-170.09	2806.39	-191.05	31.34	-262.90
2025-01-09T04:56:32	1029.82	-169.71	2811.25	-189.55	31.24	-263.62
2025-01-09T04:56:34	1022.87	-169.33	2816.10	-188.04	31.13	-264.33
2025-01-09T04:56:36	1015.91	-168.94	2820.95	-186.53	31.02	-265.03
2025-01-09T04:56:38	1008.94	-168.56	2825.78	-185.01	30.91	-265.70
2025-01-09T04:56:40	1001.98	-168.17	2830.60	-183.49	30.80	-266.36
2025-01-09T04:56:42	995.01	-167.78	2835.42	-181.97	30.68	-267.00
2025-01-09T04:56:44	988.04	-167.40	2840.22	-180.44	30.57	-267.62
2025-01-09T04:56:46	981.06	-167.01	2845.02	-178.91	30.46	-268.23
2025-01-09T04:56:48	974.09	-166.62	2849.81	-177.37	30.34	-268.82
2025-01-09T04:56:50	967.10	-166.23	2854.59	-175.83	30.22	-269.39
2025-01-09T04:56:52	960.12	-165.84	2859.36	-174.29	30.11	-269.94
2025-01-09T04:56:54	953.13	-165.45	2864.12	-172.75	29.99	-270.47
2025-01-09T04:56:56	946.14	-165.06	2868.87	-171.21	29.87	-270.99
2025-01-09T04:56:58	939.15	-164.67	2873.61	-169.66	29.75	-271.49
2025-01-09T04:57:00	932.15	-164.28	2878.34	-168.11	29.63	-271.98
2025-01-09T04:57:02	925.15	-163.88	2883.06	-166.56	29.50	-272.44
2025-01-09T04:57:04	918.15	-163.49	2887.78	-165.01	29.38	-272.89
2025-01-09T04:57:06	911.15	-163.09	2892.49	-163.45	29.26	-273.33
2025-01-09T04:57:08	904.14	-162.70	2897.18	-161.90	29.13	-273.74
2025-01-09T04:57:10	897.13	-162.31	2901.87	-160.34	29.01	-274.14
2025-01-09T04:57:12	890.11	-161.91	2906.55	-158.79	28.88	-274.52
2025-01-09T04:57:14	883.10	-161.52	2911.22	-157.23	28.76	-274.89
2025-01-09T04:57:16	876.08	-161.12	2915.88	-155.67	28.63	-275.24
2025-01-09T04:57:18	869.06	-160.72	2920.53	-154.12	28.50	-275.57
2025-01-09T04:57:20	862.03	-160.33	2925.17	-152.56	28.37	-275.89
2025-01-09T04:57:22	855.01	-159.93	2929.80	-151.00	28.24	-276.18
2025-01-09T04:57:24	847.98	-159.53	2934.42	-149.44	28.11	-276.47
2025-01-09T04:57:26	840.94	-159.13	2939.04	-147.89	27.98	-276.73
2025-01-09T04:57:28	833.91	-158.73	2943.65	-146.33	27.85	-276.98
2025-01-09T04:57:30	826.87	-158.33	2948.24	-144.78	27.72	-277.22
2025-01-09T04:57:32	819.83	-157.93	2952.83	-143.22	27.59	-277.44
2025-01-09T04:57:34	812.79	-157.53	2957.41	-141.67	27.46	-277.64
2025-01-09T04:57:36	805.74	-157.13	2961.98	-140.12	27.32	-277.83
2025-01-09T04:57:38	798.69	-156.73	2966.54	-138.57	27.19	-278.00
2025-01-09T04:57:40	791.65	-156.33	2971.09	-137.02	27.06	-278.15
2025-01-09T04:57:42	784.59	-155.92	2975.63	-135.47	26.92	-278.29
2025-01-09T04:57:44	777.54	-155.52	2980.17	-133.93	26.79	-278.42
2025-01-09T04:57:46	770.48	-155.12	2984.69	-132.39	26.65	-278.53
2025-01-09T04:57:48	763.42	-154.71	2989.21	-130.85	26.52	-278.62
2025-01-09T04:57:50	756.36	-154.31	2993.71	-129.31	26.38	-278.70
2025-01-09T04:57:52	749.30	-153.90	2998.21	-127.77	26.24	-278.76
2025-01-09T04:57:54	742.23	-153.50	3002.70	-126.24	26.11	-278.81
2025-01-09T04:57:56	735.16	-153.09	3007.18	-124.71	25.97	-278.85
2025-01-09T04:57:58	728.09	-152.68	3011.65	-123.18	25.83	-278.87
2025-01-09T04:58:00	721.02	-152.28	3016.12	-121.66	25.69	-278.87
2025-01-09T04:58:02	713.94	-151.87	3020.57	-120.14	25.56	-278.86
2025-01-09T04:58:04	706.87	-151.46	3025.01	-118.63	25.42	-278.84
2025-01-09T04:58:06	699.79	-151.05	3029.45	-117.11	25.28	-278.80
2025-01-09T04:58:08	692.71	-150.64	3033.88	-115.60	25.14	-278.75
2025-01-09T04:58:10	685.63	-150.23	3038.30	-114.10	25.00	-278.68
2025-01-09T04:58:12	678.54	-149.83	3042.70	-112.60	24.86	-278.60
2025-01-09T04:58:14	671.45	-149.41	3047.11	-111.10	24.72	-278.51
2025-01-09T04:58:16	664.37	-149.00	3051.50	-109.61	24.58	-278.40
2025-01-09T04:58:18	657.27	-148.59	3055.88	-108.12	24.44	-278.28
2025-01-09T04:58:20	650.18	-148.18	3060.25	-106.64	24.30	-278.15
2025-01-09T04:58:22	643.09	-147.77	3064.62	-105.16	24.16	-278.00
2025-01-09T04:58:24	635.99	-147.36	3068.98	-103.68	24.02	-277.84
2025-01-09T04:58:26	628.89	-146.94	3073.32	-102.21	23.88	-277.67
2025-01-09T04:58:28	621.79	-146.53	3077.66	-100.75	23.74	-277.48
2025-01-09T04:58:30	614.69	-146.12	3081.99	-99.29	23.60	-277.29
2025-01-09T04:58:32	607.59	-145.70	3086.31	-97.83	23.46	-277.07
2025-01-09T04:58:34	600.48	-145.29	3090.63	-96.38	23.32	-276.85
2025-01-09T04:58:36	593.37	-144.87	3094.93	-94.94	23.18	-276.62
2025-01-09T04:58:38	586.27	-144.46	3099.23	-93.50	23.04	-276.37
2025-01-09T04:58:40	579.16	-144.04	3103.51	-92.07	22.90	-276.11
2025-01-09T04:58:42	572.05	-143.63	3107.79	-90.64	22.76	-275.84
2025-01-09T04:58:44	564.93	-143.21	3112.06	-89.22	22.62	-275.55
2025-01-09T04:58:46	557.82	-142.79	3116.32	-87.80	22.48	-275.26
2025-01-09T04:58:48	550.70	-142.37	3120.57	-86.39	22.34	-274.95
2025-01-09T04:58:50	543.58	-141.95	3124.82	-84.99	22.19	-274.63
2025-01-09T04:58:52	536.46	-141.54	3129.05	-83.59	22.05	-274.30
2025-01-09T04:58:54	529.34	-141.12	3133.28	-82.20	21.91	-273.96
2025-01-09T04:58:56	522.22	-140.70	3137.50	-80.82	21.77	-273.61
2025-01-09T04:58:58	515.09	-140.28	3141.70	-79.44	21.63	-273.25
2025-01-09T04:59:00	507.97	-139.86	3145.91	-78.07	21.49	-272.87
2025-01-09T04:59:02	500.84	-139.44	3150.10	-76.70	21.35	-272.49
2025-01-09T04:59:04	493.71	-139.02	3154.28	-75.34	21.21	-272.09
2025-01-09T04:59:06	486.58	-138.60	3158.46	-73.99	21.07	-271.69
2025-01-09T04:59:08	479.46	-138.18	3162.62	-72.64	20.94	-271.27
2025-01-09T04:59:10	472.32	-137.76	3166.78	-71.31	20.80	-270.85
2025-01-09T04:59:12	465.19	-137.33	3170.93	-69.97	20.66	-270.41
2025-01-09T04:59:14	458.06	-136.91	3175.07	-68.65	20.52	-269.97
2025-01-09T04:59:16	450.92	-136.48	3179.21	-67.33	20.38	-269.51
2025-01-09T04:59:18	443.78	-136.06	3183.33	-66.02	20.24	-269.05
2025-01-09T04:59:20	436.65	-135.64	3187.45	-64.72	20.10	-268.57
2025-01-09T04:59:22	429.51	-135.22	3191.55	-63.42	19.97	-268.09
2025-01-09T04:59:24	422.37	-134.79	3195.65	-62.13	19.83	-267.60
2025-01-09T04:59:26	415.22	-134.36	3199.74	-60.85	19.69	-267.10
2025-01-09T04:59:28	408.08	-133.94	3203.82	-59.57	19.55	-266.59
2025-01-09T04:59:30	400.94	-133.51	3207.90	-58.31	19.42	-266.07
2025-01-09T04:59:32	393.79	-133.09	3211.96	-57.05	19.28	-265.54
2025-01-09T04:59:34	386.65	-132.66	3216.02	-55.80	19.14	-265.01
2025-01-09T04:59:36	379.50	-132.23	3220.07	-54.55	19.01	-264.46
2025-01-09T04:59:38	372.35	-131.81	3224.11	-53.31	18.87	-263.91
2025-01-09T04:59:40	365.21	-131.38	3228.14	-52.08	18.74	-263.35
2025-01-09T04:59:42	358.06	-130.95	3232.17	-50.86	18.60	-262.78
2025-01-09T04:59:44	350.91	-130.52	3236.18	-49.65	18.47	-262.21
2025-01-09T04:59:46	343.75	-130.10	3240.19	-48.44	18.33	-261.62
2025-01-09T04:59:48	336.60	-129.67	3244.19	-47.24	18.20	-261.03
2025-01-09T04:59:50	329.45	-129.24	3248.18	-46.05	18.07	-260.43
2025-01-09T04:59:52	322.30	-128.81	3252.16	-44.87	17.93	-259.83
2025-01-09T04:59:54	315.14	-128.38	3256.14	-43.69	17.80	-259.21
2025-01-09T04:59:56	307.99	-127.95	3260.11	-42.53	17.67	-258.59
2025-01-09T04:59:58	300.83	-127.52	3264.06	-41.37	17.54	-257.97
2025-01-09T05:00:00	293.67	-127.08	3268.01	-40.22	17.40	-257.33
2025-01-09T05:00:02	286.51	-126.65	3271.96	-39.07	17.27	-256.69
2025-01-09T05:00:04	279.36	-126.22	3275.89	-37.94	17.14	-256.04
2025-01-09T05:00:06	272.20	-125.79	3279.82	-36.81	17.01	-255.39
2025-01-09T05:00:08	265.04	-125.36	3283.73	-35.69	16.88	-254.73
2025-01-09T05:00:10	257.88	-124.93	3287.64	-34.58	16.75	-254.06
2025-01-09T05:00:12	250.71	-124.49	3291.55	-33.48	16.62	-253.39
2025-01-09T05:00:14	243.56	-124.06	3295.44	-32.38	16.49	-252.71
2025-01-09T05:00:16	236.39	-123.63	3299.32	-31.30	16.37	-252.03
2025-01-09T05:00:18	229.23	-123.19	3303.20	-30.22	16.24	-251.34
2025-01-09T05:00:20	222.07	-122.76	3307.07	-29.15	16.11	-250.64
2025-01-09T05:00:22	214.90	-122.32	3310.93	-28.08	15.99	-249.94
2025-01-09T05:00:24	207.74	-121.89	3314.79	-27.03	15.86	-249.24
2025-01-09T05:00:26	200.57	-121.45	3318.63	-25.98	15.73	-248.52
2025-01-09T05:00:28	193.41	-121.02	3322.47	-24.94	15.61	-247.81
2025-01-09T05:00:30	186.24	-120.58	3326.30	-23.91	15.48	-247.09
2025-01-09T05:00:32	179.07	-120.15	3330.12	-22.89	15.36	-246.36
2025-01-09T05:00:34	171.91	-119.71	3333.94	-21.88	15.24	-245.63
2025-01-09T05:00:36	164.74	-119.27	3337.74	-20.87	15.11	-244.89
2025-01-09T05:00:38	157.58	-118.84	3341.54	-19.88	14.99	-244.15
2025-01-09T05:00:40	150.41	-118.40	3345.33	-18.89	14.87	-243.41
2025-01-09T05:00:42	143.24	-117.96	3349.11	-17.91	14.75	-242.66
2025-01-09T05:00:44	136.07	-117.52	3352.89	-16.93	14.62	-241.90
2025-01-09T05:00:46	128.90	-117.09	3356.65	-15.97	14.50	-241.15
2025-01-09T05:00:48	121.73	-116.65	3360.41	-15.01	14.38	-240.38
2025-01-09T05:00:50	114.56	-116.21	3364.16	-14.06	14.26	-239.62
2025-01-09T05:00:52	107.39	-115.77	3367.91	-13.12	14.15	-238.85
2025-01-09T05:00:54	100.22	-115.33	3371.64	-12.19	14.03	-238.08
2025-01-09T05:00:56	93.05	-114.89	3375.37	-11.27	13.91	-237.30
2025-01-09T05:00:58	85.88	-114.45	3379.09	-10.35	13.79	-236.52
2025-01-09T05:01:00	78.71	-114.01	3382.80	-9.44	13.67	-235.73
2025-01-09T05:01:02	71.54	-113.57	3386.51	-8.54	13.56	-234.95
2025-01-09T05:01:04	64.37	-113.13	3390.21	-7.65	13.44	-234.16
2025-01-09T05:01:06	57.20	-112.69	3393.90	-6.77	13.33	-233.36
2025-01-09T05:01:08	50.03	-112.25	3397.58	-5.89	13.21	-232.57
2025-01-09T05:01:10	42.86	-111.81	3401.25	-5.02	13.10	-231.77
2025-01-09T05:01:12	35.69	-111.36	3404.92	-4.16	12.99	-230.97
2025-01-09T05:01:14	28.51	-110.92	3408.58	-3.31	12.87	-230.16
2025-01-09T05:01:16	21.34	-110.48	3412.23	-2.46	12.76	-229.36
2025-01-09T05:01:18	14.17	-110.04	3415.87	-1.63	12.65	-228.55
2025-01-09T05:01:20	7.00	-109.60	3419.51	-0.80	12.54	-227.73
2025-01-09T05:01:22	-0.17	-109.15	3423.14	0.02	12.43	-226.92
2025-01-09T05:01:24	-7.34	-108.71	3426.76	0.83	12.32	-226.10
2025-01-09T05:01:26	-14.52	-108.26	3430.37	1.64	12.21	-225.28
2025-01-09T05:01:28	-21.69	-107.82	3433.98	2.43	12.10	-224.46
2025-01-09T05:01:30	-28.86	-107.38	3437.58	3.22	11.99	-223.64
2025-01-09T05:01:32	-36.03	-106.93	3441.17	4.00	11.88	-222.82
2025-01-09T05:01:34	-43.20	-106.49	3444.76	4.78	11.78	-221.99
2025-01-09T05:01:36	-50.37	-106.04	3448.33	5.54	11.67	-221.16
2025-01-09T05:01:38	-57.54	-105.60	3451.90	6.30	11.56	-220.33
2025-01-09T05:01:40	-64.72	-105.15	3455.46	7.05	11.46	-219.50
2025-01-09T05:01:42	-71.89	-104.71	3459.02	7.80	11.35	-218.67
2025-01-09T05:01:44	-79.06	-104.26	3462.56	8.53	11.25	-217.83
2025-01-09T05:01:46	-86.23	-103.81	3466.11	9.26	11.15	-217.00
2025-01-09T05:01:48	-93.40	-103.37	3469.64	9.98	11.04	-216.16
2025-01-09T05:01:50	-100.57	-102.92	3473.16	10.69	10.94	-215.32
2025-01-09T05:01:52	-107.74	-102.48	3476.68	11.40	10.84	-214.48
2025-01-09T05:01:54	-114.91	-102.03	3480.19	12.10	10.74	-213.64
2025-01-09T05:01:56	-122.08	-101.58	3483.70	12.79	10.64	-212.80
2025-01-09T05:01:58	-129.25	-101.13	3487.19	13.47	10.54	-211.96
2025-01-09T05:02:00	-136.42	-100.69	3490.68	14.14	10.44	-211.11
2025-01-09T05:02:02	-143.59	-100.24	3494.16	14.81	10.34	-210.27
2025-01-09T05:02:04	-150.76	-99.79	3497.64	15.47	10.24	-209.43
2025-01-09T05:02:06	-157.92	-99.34	3501.10	16.13	10.15	-208.58
2025-01-09T05:02:08	-165.09	-98.89	3504.57	16.77	10.05	-207.74
2025-01-09T05:02:10	-172.26	-98.44	3508.02	17.41	9.95	-206.89
2025-01-09T05:02:12	-179.43	-98.00	3511.47	18.05	9.86	-206.04
2025-01-09T05:02:14	-186.59	-97.55	3514.90	18.67	9.76	-205.20
2025-01-09T05:02:16	-193.76	-97.10	3518.34	19.29	9.67	-204.35
2025-01-09T05:02:18	-200.92	-96.65	3521.76	19.90	9.57	-203.51
2025-01-09T05:02:20	-208.09	-96.20	3525.18	20.51	9.48	-202.66
2025-01-09T05:02:22	-215.25	-95.75	3528.59	21.10	9.39	-201.81
2025-01-09T05:02:24	-222.42	-95.30	3531.99	21.69	9.30	-200.96
2025-01-09T05:02:26	-229.58	-94.85	3535.39	22.28	9.20	-200.12
2025-01-09T05:02:28	-236.75	-94.40	3538.78	22.85	9.11	-199.27
2025-01-09T05:02:30	-243.91	-93.94	3542.16	23.42	9.02	-198.42
2025-01-09T05:02:32	-251.07	-93.50	3545.54	23.99	8.93	-197.58
2025-01-09T05:02:34	-258.24	-93.04	3548.90	24.54	8.84	-196.73
2025-01-09T05:02:36	-265.40	-92.59	3552.27	25.09	8.75	-195.89
2025-01-09T05:02:38	-272.56	-92.14	3555.62	25.64	8.67	-195.04
2025-01-09T05:02:40	-279.72	-91.69	3558.97	26.17	8.58	-194.20
2025-01-09T05:02:42	-286.88	-91.24	3562.31	26.70	8.49	-193.35
2025-01-09T05:02:44	-294.04	-90.79	3565.65	27.23	8.41	-192.51
2025-01-09T05:02:46	-301.20	-90.33	3568.97	27.74	8.32	-191.67
2025-01-09T05:02:48	-308.36	-89.88	3572.29	28.25	8.24	-190.82
2025-01-09T05:02:50	-315.52	-89.43	3575.61	28.76	8.15	-189.98
2025-01-09T05:02:52	-322.67	-88.97	3578.91	29.26	8.07	-189.14
2025-01-09T05:02:54	-329.83	-88.52	3582.22	29.75	7.98	-188.30
2025-01-09T05:02:56	-336.99	-88.07	3585.51	30.23	7.90	-187.46
2025-01-09T05:02:58	-344.14	-87.61	3588.79	30.71	7.82	-186.63
2025-01-09T05:03:00	-351.30	-87.16	3592.07	31.19	7.74	-185.79
2025-01-09T05:03:02	-358.45	-86.71	3595.34	31.65	7.66	-184.95
2025-01-09T05:03:04	-365.61	-86.25	3598.61	32.11	7.58	-184.12
2025-01-09T05:03:06	-372.76	-85.80	3601.87	32.57	7.50	-183.28
2025-01-09T05:03:08	-379.91	-85.34	3605.12	33.02	7.42	-182.45
2025-01-09T05:03:10	-387.06	-84.89	3608.37	33.46	7.34	-181.62
2025-01-09T05:03:12	-394.21	-84.43	3611.61	33.90	7.26	-180.79
2025-01-09T05:03:14	-401.36	-83.98	3614.84	34.33	7.18	-179.96
2025-01-09T05:03:16	-408.51	-83.52	3618.07	34.75	7.11	-179.13
2025-01-09T05:03:18	-415.66	-83.07	3621.29	35.17	7.03	-178.31
2025-01-09T05:03:20	-422.81	-82.61	3624.50	35.58	6.95	-177.48
2025-01-09T05:03:22	-429.95	-82.16	3627.71	35.99	6.88	-176.66
2025-01-09T05:03:24	-437.10	-81.70	3630.91	36.39	6.80	-175.84
2025-01-09T05:03:26	-444.25	-81.24	3634.10	36.79	6.73	-175.02
2025-01-09T05:03:28	-451.39	-80.79	3637.29	37.18	6.65	-174.20
2025-01-09T05:03:30	-458.54	-80.33	3640.47	37.57	6.58	-173.38
2025-01-09T05:03:32	-465.68	-79.88	3643.65	37.95	6.51	-172.57
2025-01-09T05:03:34	-472.82	-79.42	3646.81	38.32	6.44	-171.75
2025-01-09T05:03:36	-479.96	-78.96	3649.97	38.69	6.36	-170.94
2025-01-09T05:03:38	-487.10	-78.51	3653.13	39.05	6.29	-170.13
2025-01-09T05:03:40	-494.24	-78.05	3656.28	39.41	6.22	-169.32
2025-01-09T05:03:42	-501.38	-77.59	3659.42	39.76	6.15	-168.52
2025-01-09T05:03:44	-508.52	-77.14	3662.55	40.11	6.08	-167.71
2025-01-09T05:03:46	-515.66	-76.68	3665.69	40.45	6.02	-166.91
2025-01-09T05:03:48	-522.79	-76.22	3668.81	40.79	5.95	-166.11
2025-01-09T05:03:50	-529.93	-75.76	3671.92	41.12	5.88	-165.31
2025-01-09T05:03:52	-537.06	-75.30	3675.03	41.45	5.81	-164.51
2025-01-09T05:03:54	-544.20	-74.85	3678.14	41.77	5.74	-163.72
2025-01-09T05:03:56	-551.33	-74.39	3681.23	42.09	5.68	-162.92
2025-01-09T05:03:58	-558.46	-73.93	3684.32	42.40	5.61	-162.13
2025-01-09T05:04:00	-565.59	-73.47	3687.41	42.71	5.55	-161.34
2025-01-09T05:04:02	-572.72	-73.01	3690.49	43.01	5.48	-160.56
2025-01-09T05:04:04	-579.85	-72.55	3693.56	43.30	5.42	-159.77
2025-01-09T05:04:06	-586.98	-72.09	3696.63	43.60	5.35	-158.99
2025-01-09T05:04:08	-594.10	-71.64	3699.69	43.88	5.29	-158.21
2025-01-09T05:04:10	-601.23	-71.17	3702.74	44.17	5.23	-157.43
2025-01-09T05:04:12	-608.35	-70.72	3705.79	44.45	5.17	-156.65
2025-01-09T05:04:14	-615.48	-70.26	3708.83	44.72	5.10	-155.88
2025-01-09T05:04:16	-622.60	-69.80	3711.86	44.99	5.04	-155.11
2025-01-09T05:04:18	-629.72	-69.34	3714.90	45.25	4.98	-154.34
2025-01-09T05:04:20	-636.84	-68.88	3717.92	45.51	4.92	-153.57
2025-01-09T05:04:22	-643.96	-68.42	3720.93	45.77	4.86	-152.80
2025-01-09T05:04:24	-651.08	-67.96	3723.95	46.02	4.80	-152.04
2025-01-09T05:04:26	-658.20	-67.50	3726.95	46.27	4.74	-151.28
2025-01-09T05:04:28	-665.31	-67.04	3729.95	46.51	4.69	-150.52
2025-01-09T05:04:30	-672.43	-66.58	3732.94	46.75	4.63	-149.77
2025-01-09T05:04:32	-679.54	-66.11	3735.93	46.98	4.57	-149.01
2025-01-09T05:04:34	-686.66	-65.65	3738.91	47.21	4.51	-148.26
2025-01-09T05:04:36	-693.77	-65.19	3741.88	47.43	4.46	-147.52
2025-01-09T05:04:38	-700.88	-64.73	3744.85	47.66	4.40	-146.77
2025-01-09T05:04:40	-707.99	-64.27	3747.81	47.87	4.35	-146.03
2025-01-09T05:04:42	-715.10	-63.81	3750.77	48.08	4.29	-145.28
2025-01-09T05:04:44	-722.21	-63.35	3753.72	48.29	4.24	-144.55
2025-01-09T05:04:46	-729.31	-62.89	3756.67	48.50	4.18	-143.81
2025-01-09T05:04:48	-736.42	-62.42	3759.60	48.70	4.13	-143.08
2025-01-09T05:04:50	-743.52	-61.96	3762.54	48.90	4.07	-142.35
2025-01-09T05:04:52	-750.62	-61.50	3765.46	49.09	4.02	-141.62
2025-01-09T05:04:54	-757.72	-61.04	3768.38	49.28	3.97	-140.89
2025-01-09T05:04:56	-764.83	-60.58	3771.30	49.46	3.92	-140.17
2025-01-09T05:04:58	-771.93	-60.12	3774.21	49.65	3.87	-139.45
2025-01-09T05:05:00	-779.02	-59.65	3777.12	49.82	3.82	-138.73
2025-01-09T05:05:02	-786.12	-59.19	3780.01	50.00	3.76	-138.01
2025-01-09T05:05:04	-793.22	-58.73	3782.91	50.17	3.71	-137.30
2025-01-09T05:05:06	-800.31	-58.27	3785.79	50.33	3.66	-136.59
2025-01-09T05:05:08	-807.40	-57.80	3788.67	50.50	3.62	-135.88
2025-01-09T05:05:10	-814.50	-57.34	3791.55	50.66	3.57	-135.18
2025-01-09T05:05:12	-821.59	-56.88	3794.42	50.81	3.52	-134.47
2025-01-09T05:05:14	-828.68	-56.41	3797.28	50.97	3.47	-133.77
2025-01-09T05:05:16	-835.77	-55.95	3800.14	51.11	3.42	-133.08
2025-01-09T05:05:18	-842.85	-55.49	3802.99	51.26	3.37	-132.38
2025-01-09T05:05:20	-849.94	-55.02	3805.84	51.40	3.33	-131.69
2025-01-09T05:05:22	-857.02	-54.56	3808.68	51.54	3.28	-131.00
2025-01-09T05:05:24	-864.11	-54.10	3811.51	51.68	3.24	-130.32
2025-01-09T05:05:26	-871.19	-53.63	3814.34	51.81	3.19	-129.63
2025-01-09T05:05:28	-878.27	-53.17	3817.17	51.94	3.14	-128.95
2025-01-09T05:05:30	-885.35	-52.71	3819.98	52.06	3.10	-128.27
2025-01-09T05:05:32	-892.43	-52.24	3822.80	52.19	3.06	-127.60
2025-01-09T05:05:34	-899.50	-51.78	3825.60	52.31	3.01	-126.92
2025-01-09T05:05:36	-906.58	-51.31	3828.41	52.42	2.97	-126.25
2025-01-09T05:05:38	-913.65	-50.85	3831.20	52.54	2.92	-125.59
2025-01-09T05:05:40	-920.73	-50.39	3833.99	52.65	2.88	-124.92
2025-01-09T05:05:42	-927.80	-49.92	3836.78	52.75	2.84	-124.26
2025-01-09T05:05:44	-934.87	-49.46	3839.56	52.86	2.80	-123.60
2025-01-09T05:05:46	-941.94	-48.99	3842.33	52.96	2.75	-122.94
2025-01-09T05:05:48	-949.01	-48.53	3845.10	53.06	2.71	-122.29
2025-01-09T05:05:50	-956.07	-48.06	3847.86	53.15	2.67	-121.64
2025-01-09T05:05:52	-963.14	-47.60	3850.62	53.25	2.63	-120.99
2025-01-09T05:05:54	-970.20	-47.13	3853.37	53.34	2.59	-120.34
2025-01-09T05:05:56	-977.26	-46.67	3856.12	53.42	2.55	-119.70
2025-01-09T05:05:58	-984.32	-46.20	3858.86	53.51	2.51	-119.06
2025-01-09T05:06:00	-991.38	-45.74	3861.60	53.59	2.47	-118.42
2025-01-09T05:06:02	-998.44	-45.27	3864.33	53.67	2.43	-117.79
2025-01-09T05:06:04	-1005.50	-44.81	3867.05	53.74	2.40	-117.16
2025-01-09T05:06:06	-1012.55	-44.34	3869.77	53.82	2.36	-116.53
2025-01-09T05:06:08	-1019.61	-43.88	3872.49	53.89	2.32	-115.90
2025-01-09T05:06:10	-1026.66	-43.41	3875.20	53.96	2.28	-115.28
2025-01-09T05:06:12	-1033.71	-42.95	3877.90	54.02	2.24	-114.66
2025-01-09T05:06:14	-1040.76	-42.48	3880.60	54.09	2.21	-114.04
2025-01-09T05:06:16	-1047.81	-42.01	3883.29	54.15	2.17	-113.42
2025-01-09T05:06:18	-1054.86	-41.55	3885.98	54.20	2.14	-112.81
2025-01-09T05:06:20	-1061.90	-41.08	3888.67	54.26	2.10	-112.20
2025-01-09T05:06:22	-1068.94	-40.62	3891.34	54.31	2.06	-111.59
2025-01-09T05:06:24	-1075.99	-40.15	3894.02	54.37	2.03	-110.99
2025-01-09T05:06:26	-1083.03	-39.68	3896.68	54.41	1.99	-110.39
2025-01-09T05:06:28	-1090.07	-39.22	3899.35	54.46	1.96	-109.79
2025-01-09T05:06:30	-1097.11	-38.75	3902.00	54.50	1.93	-109.19
2025-01-09T05:06:32	-1104.14	-38.29	3904.65	54.55	1.89	-108.60
2025-01-09T05:06:34	-1111.18	-37.82	3907.30	54.59	1.86	-108.01
2025-01-09T05:06:36	-1118.21	-37.35	3909.94	54.62	1.82	-107.42
2025-01-09T05:06:38	-1125.25	-36.89	3912.58	54.66	1.79	-106.83
2025-01-09T05:06:40	-1132.28	-36.42	3915.21	54.69	1.76	-106.25
2025-01-09T05:06:42	-1139.31	-35.95	3917.84	54.72	1.73	-105.67
2025-01-09T05:06:44	-1146.33	-35.48	3920.46	54.75	1.69	-105.09
2025-01-09T05:06:46	-1153.36	-35.02	3923.07	54.78	1.66	-104.52
2025-01-09T05:06:48	-1160.39	-34.55	3925.68	54.80	1.63	-103.95
2025-01-09T05:06:50	-1167.41	-34.09	3928.29	54.82	1.60	-103.38
2025-01-09T05:06:52	-1174.43	-33.62	3930.89	54.84	1.57	-102.81
2025-01-09T05:06:54	-1181.45	-33.15	3933.49	54.86	1.54	-102.25
2025-01-09T05:06:56	-1188.47	-32.68	3936.08	54.88	1.51	-101.68
2025-01-09T05:06:58	-1195.49	-32.22	3938.67	54.89	1.48	-101.13
2025-01-09T05:07:00	-1202.51	-31.75	3941.25	54.91	1.45	-100.57
2025-01-09T05:07:02	-1209.52	-31.28	3943.82	54.92	1.42	-100.02
2025-01-09T05:07:04	-1216.53	-30.82	3946.39	54.93	1.39	-99.47
2025-01-09T05:07:06	-1223.54	-30.35	3948.96	54.93	1.36	-98.92
2025-01-09T05:07:08	-1230.55	-29.88	3951.52	54.94	1.33	-98.37
2025-01-09T05:07:10	-1237.56	-29.41	3954.08	54.94	1.31	-97.83
2025-01-09T05:07:12	-1244.57	-28.95	3956.63	54.94	1.28	-97.29
2025-01-09T05:07:14	-1251.57	-28.48	3959.18	54.94	1.25	-96.75
2025-01-09T05:07:16	-1258.58	-28.01	3961.72	54.94	1.22	-96.22
2025-01-09T05:07:18	-1265.58	-27.54	3964.25	54.94	1.20	-95.69
2025-01-09T05:07:20	-1272.58	-27.07	3966.78	54.93	1.17	-95.16
2025-01-09T05:07:22	-1279.58	-26.61	3969.31	54.93	1.14	-94.63
2025-01-09T05:07:24	-1286.58	-26.14	3971.83	54.92	1.12	-94.11
2025-01-09T05:07:26	-1293.57	-25.67	3974.35	54.91	1.09	-93.59
2025-01-09T05:07:28	-1300.57	-25.21	3976.87	54.89	1.06	-93.07
2025-01-09T05:07:30	-1307.56	-24.74	3979.37	54.88	1.04	-92.55
2025-01-09T05:07:32	-1314.55	-24.27	3981.88	54.87	1.01	-92.04
2025-01-09T05:07:34	-1321.54	-23.80	3984.37	54.85	0.99	-91.52
2025-01-09T05:07:36	-1328.53	-23.33	3986.87	54.83	0.96	-91.02
2025-01-09T05:07:38	-1335.52	-22.86	3989.36	54.81	0.94	-90.51
2025-01-09T05:07:40	-1342.50	-22.39	3991.84	54.79	0.91	-90.01
2025-01-09T05:07:42	-1349.49	-21.93	3994.32	54.77	0.89	-89.51
2025-01-09T05:07:44	-1356.47	-21.46	3996.80	54.74	0.87	-89.01
2025-01-09T05:07:46	-1363.45	-20.99	3999.26	54.72	0.84	-88.51
2025-01-09T05:07:48	-1370.43	-20.52	4001.73	54.69	0.82	-88.02
2025-01-09T05:07:50	-1377.40	-20.05	4004.19	54.66	0.80	-87.53
2025-01-09T05:07:52	-1384.38	-19.59	4006.65	54.64	0.77	-87.04
2025-01-09T05:07:54	-1391.35	-19.12	4009.10	54.60	0.75	-86.55
2025-01-09T05:07:56	-1398.32	-18.65	4011.55	54.57	0.73	-86.07
2025-01-09T05:07:58	-1405.30	-18.18	4013.99	54.54	0.71	-85.59
2025-01-09T05:08:00	-1412.26	-17.71	4016.43	54.50	0.68	-85.11
2025-01-09T05:08:02	-1419.23	-17.24	4018.86	54.47	0.66	-84.63
2025-01-09T05:08:04	-1426.20	-16.77	4021.29	54.43	0.64	-84.16
2025-01-09T05:08:06	-1433.16	-16.30	4023.71	54.39	0.62	-83.69
2025-01-09T05:08:08	-1440.12	-15.84	4026.13	54.35	0.60	-83.22
2025-01-09T05:08:10	-1447.09	-15.37	4028.54	54.31	0.58	-82.75
2025-01-09T05:08:12	-1454.04	-14.90	4030.96	54.27	0.56	-82.29
2025-01-09T05:08:14	-1461.00	-14.43	4033.36	54.23	0.54	-81.83
2025-01-09T05:08:16	-1467.96	-13.96	4035.76	54.18	0.52	-81.37
2025-01-09T05:08:18	-1474.91	-13.49	4038.16	54.14	0.50	-80.91
2025-01-09T05:08:20	-1481.87	-13.02	4040.55	54.09	0.48	-80.46
2025-01-09T05:08:22	-1488.82	-12.55	4042.94	54.04	0.46	-80.01
2025-01-09T05:08:24	-1495.77	-12.09	4045.32	53.99	0.44	-79.56
2025-01-09T05:08:26	-1502.72	-11.62	4047.70	53.94	0.42	-79.11
2025-01-09T05:08:28	-1509.66	-11.15	4050.08	53.89	0.40	-78.66
2025-01-09T05:08:30	-1516.60	-10.68	4052.44	53.84	0.38	-78.22
2025-01-09T05:08:32	-1523.55	-10.21	4054.81	53.79	0.36	-77.78
2025-01-09T05:08:34	-1530.49	-9.74	4057.17	53.73	0.34	-77.34
2025-01-09T05:08:36	-1537.43	-9.27	4059.53	53.68	0.32	-76.91
2025-01-09T05:08:38	-1544.37	-8.80	4061.88	53.62	0.31	-76.48
2025-01-09T05:08:40	-1551.30	-8.33	4064.23	53.57	0.29	-76.04
2025-01-09T05:08:42	-1558.24	-7.86	4066.57	53.51	0.27	-75.62
2025-01-09T05:08:44	-1565.17	-7.39	4068.91	53.45	0.25	-75.19
2025-01-09T05:08:46	-1572.10	-6.92	4071.25	53.39	0.24	-74.77
2025-01-09T05:08:48	-1579.03	-6.45	4073.58	53.33	0.22	-74.34
2025-01-09T05:08:50	-1585.96	-5.99	4075.91	53.27	0.20	-73.92
2025-01-09T05:08:52	-1592.89	-5.52	4078.23	53.20	0.18	-73.51
2025-01-09T05:08:54	-1599.81	-5.05	4080.55	53.14	0.17	-73.09
2025-01-09T05:08:56	-1606.74	-4.58	4082.86	53.08	0.15	-72.68
2025-01-09T05:08:58	-1613.65	-4.11	4085.17	53.01	0.13	-72.27
2025-01-09T05:09:00	-1620.57	-3.64	4087.47	52.95	0.12	-71.86
2025-01-09T05:09:02	-1627.49	-3.17	4089.77	52.88	0.10	-71.46
2025-01-09T05:09:04	-1634.41	-2.70	4092.07	52.81	0.09	-71.05
2025-01-09T05:09:06	-1641.32	-2.23	4094.36	52.74	0.07	-70.65
2025-01-09T05:09:08	-1648.24	-1.76	4096.65	52.68	0.06	-70.25
2025-01-09T05:09:10	-1655.15	-1.29	4098.94	52.61	0.04	-69.85
2025-01-09T05:09:12	-1662.06	-0.82	4101.22	52.54	0.03	-69.46
2025-01-09T05:09:14	-1668.96	-0.35	4103.49	52.46	0.01	-69.06
2025-01-09T05:09:16	-1675.87	0.12	4105.76	52.39	-0.00	-68.67
2025-01-09T05:09:18	-1682.78	0.59	4108.03	52.32	-0.02	-68.28
2025-01-09T05:09:20	-1689.68	1.06	4110.29	52.25	-0.03	-67.90
2025-01-09T05:09:22	-1696.58	1.53	4112.55	52.17	-0.05	-67.51
2025-01-09T05:09:24	-1703.48	2.00	4114.81	52.10	-0.06	-67.13
2025-01-09T05:09:26	-1710.38	2.47	4117.06	52.02	-0.08	-66.75
2025-01-09T05:09:28	-1717.27	2.94	4119.31	51.95	-0.09	-66.37
2025-01-09T05:09:30	-1724.16	3.40	4121.55	51.87	-0.10	-66.00
2025-01-09T05:09:32	-1731.06	3.87	4123.79	51.79	-0.12	-65.62
2025-01-09T05:09:34	-1737.95	4.34	4126.02	51.72	-0.13	-65.25
2025-01-09T05:09:36	-1744.84	4.81	4128.25	51.64	-0.14	-64.88
2025-01-09T05:09:38	-1751.72	5.29	4130.48	51.56	-0.16	-64.51
2025-01-09T05:09:40	-1758.61	5.75	4132.70	51.48	-0.17	-64.15
2025-01-09T05:09:42	-1765.50	6.22	4134.92	51.40	-0.18	-63.78
2025-01-09T05:09:44	-1772.38	6.69	4137.13	51.32	-0.19	-63.42
2025-01-09T05:09:46	-1779.26	7.16	4139.35	51.24	-0.21	-63.06
2025-01-09T05:09:48	-1786.14	7.63	4141.55	51.16	-0.22	-62.70
2025-01-09T05:09:50	-1793.01	8.10	4143.75	51.07	-0.23	-62.35
2025-01-09T05:09:52	-1799.89	8.57	4145.95	50.99	-0.24	-61.99
2025-01-09T05:09:54	-1806.76	9.04	4148.15	50.91	-0.25	-61.64
2025-01-09T05:09:56	-1813.63	9.51	4150.34	50.83	-0.27	-61.29
2025-01-09T05:09:58	-1820.51	9.98	4152.52	50.74	-0.28	-60.94
2025-01-09T05:10:00	-1827.37	10.45	4154.71	50.66	-0.29	-60.59
2025-01-09T05:10:02	-1834.24	10.92	4156.89	50.57	-0.30	-60.25
2025-01-09T05:10:04	-1841.10	11.39	4159.06	50.49	-0.31	-59.91
2025-01-09T05:10:06	-1847.97	11.86	4161.23	50.40	-0.32	-59.57
2025-01-09T05:10:08	-1854.83	12.33	4163.40	50.31	-0.33	-59.23
2025-01-09T05:10:10	-1861.69	12.80	4165.56	50.23	-0.35	-58.89
2025-01-09T05:10:12	-1868.55	13.27	4167.72	50.14	-0.36	-58.56
2025-01-09T05:10:14	-1875.41	13.74	4169.88	50.05	-0.37	-58.22
2025-01-09T05:10:16	-1882.26	14.21	4172.03	49.96	-0.38	-57.89
2025-01-09T05:10:18	-1889.11	14.68	4174.18	49.88	-0.39	-57.56
2025-01-09T05:10:20	-1895.96	15.15	4176.32	49.79	-0.40	-57.24
2025-01-09T05:10:22	-1902.81	15.62	4178.46	49.70	-0.41	-56.91
2025-01-09T05:10:24	-1909.66	16.09	4180.60	49.61	-0.42	-56.59
2025-01-09T05:10:26	-1916.51	16.56	4182.73	49.52	-0.43	-56.26
2025-01-09T05:10:28	-1923.35	17.03	4184.86	49.43	-0.44	-55.94
2025-01-09T05:10:30	-1930.19	17.50	4186.98	49.34	-0.45	-55.63
2025-01-09T05:10:32	-1937.04	17.97	4189.11	49.25	-0.46	-55.31
2025-01-09T05:10:34	-1943.87	18.44	4191.22	49.15	-0.47	-54.99
2025-01-09T05:10:36	-1950.71	18.91	4193.34	49.06	-0.48	-54.68
2025-01-09T05:10:38	-1957.55	19.38	4195.45	48.97	-0.48	-54.37
2025-01-09T05:10:40	-1964.38	19.85	4197.55	48.88	-0.49	-54.06
2025-01-09T05:10:42	-1971.21	20.32	4199.65	48.79	-0.50	-53.75
2025-01-09T05:10:44	-1978.04	20.79	4201.76	48.69	-0.51	-53.45
2025-01-09T05:10:46	-1984.87	21.26	4203.85	48.60	-0.52	-53.14
2025-01-09T05:10:48	-1991.70	21.73	4205.94	48.51	-0.53	-52.84
2025-01-09T05:10:50	-1998.52	22.20	4208.03	48.41	-0.54	-52.54
2025-01-09T05:10:52	-2005.35	22.67	4210.11	48.32	-0.55	-52.24
2025-01-09T05:10:54	-2012.17	23.14	4212.19	48.23	-0.55	-51.94
2025-01-09T05:10:56	-2018.99	23.61	4214.27	48.13	-0.56	-51.65
2025-01-09T05:10:58	-2025.81	24.08	4216.34	48.04	-0.57	-51.35
2025-01-09T05:11:00	-2032.62	24.55	4218.41	47.94	-0.58	-51.06
2025-01-09T05:11:02	-2039.44	25.02	4220.48	47.85	-0.59	-50.77
2025-01-09T05:11:04	-2046.25	25.49	4222.54	47.75	-0.59	-50.48
2025-01-09T05:11:06	-2053.06	25.96	4224.60	47.66	-0.60	-50.19
2025-01-09T05:11:08	-2059.87	26.43	4226.66	47.56	-0.61	-49.91
2025-01-09T05:11:10	-2066.68	26.90	4228.71	47.46	-0.62	-49.62
2025-01-09T05:11:12	-2073.49	27.37	4230.76	47.37	-0.63	-49.34
2025-01-09T05:11:14	-2080.29	27.84	4232.80	47.27	-0.63	-49.06
2025-01-09T05:11:16	-2087.09	28.31	4234.84	47.18	-0.64	-48.78
2025-01-09T05:11:18	-2093.89	28.78	4236.88	47.08	-0.65	-48.50
2025-01-09T05:11:20	-2100.69	29.25	4238.91	46.98	-0.65	-48.23
2025-01-09T05:11:22	-2107.49	29.72	4240.94	46.88	-0.66	-47.95
2025-01-09T05:11:24	-2114.28	30.19	4242.97	46.79	-0.67	-47.68
2025-01-09T05:11:26	-2121.08	30.66	4244.99	46.69	-0.67	-47.41
2025-01-09T05:11:28	-2127.87	31.13	4247.01	46.59	-0.68	-47.14
2025-01-09T05:11:30	-2134.66	31.60	4249.03	46.50	-0.69	-46.87
2025-01-09T05:11:32	-2141.45	32.07	4251.04	46.40	-0.69	-46.60
2025-01-09T05:11:34	-2148.23	32.53	4253.05	46.30	-0.70	-46.33
2025-01-09T05:11:36	-2155.02	33.01	4255.06	46.20	-0.71	-46.07
2025-01-09T05:11:38	-2161.80	33.47	4257.06	46.10	-0.71	-45.81
2025-01-09T05:11:40	-2168.58	33.95	4259.06	46.01	-0.72	-45.55
2025-01-09T05:11:42	-2175.36	34.41	4261.05	45.91	-0.73	-45.29
2025-01-09T05:11:44	-2182.14	34.88	4263.05	45.81	-0.73	-45.03
2025-01-09T05:11:46	-2188.92	35.35	4265.03	45.71	-0.74	-44.77
2025-01-09T05:11:48	-2195.69	35.82	4267.02	45.61	-0.74	-44.52
2025-01-09T05:11:50	-2202.47	36.29	4269.00	45.51	-0.75	-44.26
2025-01-09T05:11:52	-2209.24	36.76	4270.98	45.41	-0.76	-44.01
2025-01-09T05:11:54	-2216.01	37.23	4272.96	45.32	-0.76	-43.76
2025-01-09T05:11:56	-2222.77	37.70	4274.93	45.22	-0.77	-43.51
2025-01-09T05:11:58	-2229.54	38.17	4276.90	45.12	-0.77	-43.26
2025-01-09T05:12:00	-2236.30	38.64	4278.86	45.02	-0.78	-43.02
2025-01-09T05:12:02	-2243.07	39.11	4280.82	44.92	-0.78	-42.77
2025-01-09T05:12:04	-2249.82	39.58	4282.78	44.82	-0.79	-42.53
2025-01-09T05:12:06	-2256.58	40.05	4284.74	44.72	-0.79	-42.29
2025-01-09T05:12:08	-2263.34	40.52	4286.69	44.62	-0.80	-42.05
2025-01-09T05:12:10	-2270.10	40.99	4288.64	44.52	-0.80	-41.81
2025-01-09T05:12:12	-2276.85	41.46	4290.58	44.42	-0.81	-41.57
2025-01-09T05:12:14	-2283.60	41.93	4292.52	44.32	-0.81	-41.33
2025-01-09T05:12:16	-2290.35	42.40	4294.46	44.22	-0.82	-41.10
2025-01-09T05:12:18	-2297.10	42.87	4296.40	44.12	-0.82	-40.86
2025-01-09T05:12:20	-2303.85	43.34	4298.33	44.03	-0.83	-40.63
2025-01-09T05:12:22	-2310.59	43.81	4300.26	43.93	-0.83	-40.40
2025-01-09T05:12:24	-2317.33	44.27	4302.18	43.83	-0.84	-40.17
2025-01-09T05:12:26	-2324.07	44.74	4304.10	43.73	-0.84	-39.94
2025-01-09T05:12:28	-2330.81	45.21	4306.02	43.63	-0.85	-39.71
2025-01-09T05:12:30	-2337.55	45.68	4307.94	43.53	-0.85	-39.49
2025-01-09T05:12:32	-2344.29	46.15	4309.85	43.43	-0.85	-39.26
2025-01-09T05:12:34	-2351.02	46.62	4311.76	43.33	-0.86	-39.04
2025-01-09T05:12:36	-2357.75	47.09	4313.67	43.23	-0.86	-38.82
2025-01-09T05:12:38	-2364.48	47.56	4315.57	43.13	-0.87	-38.59
2025-01-09T05:12:40	-2371.21	48.03	4317.47	43.03	-0.87	-38.38
2025-01-09T05:12:42	-2377.94	48.50	4319.37	42.93	-0.88	-38.16
2025-01-09T05:12:44	-2384.67	48.97	4321.26	42.83	-0.88	-37.94
2025-01-09T05:12:46	-2391.39	49.44	4323.15	42.73	-0.88	-37.72
2025-01-09T05:12:48	-2398.11	49.91	4325.03	42.63	-0.89	-37.51
2025-01-09T05:12:50	-2404.83	50.38	4326.92	42.53	-0.89	-37.30
2025-01-09T05:12:52	-2411.55	50.84	4328.80	42.43	-0.89	-37.08
2025-01-09T05:12:54	-2418.27	51.31	4330.68	42.33	-0.90	-36.87
2025-01-09T05:12:56	-2424.98	51.78	4332.55	42.24	-0.90	-36.66
2025-01-09T05:12:58	-2431.69	52.25	4334.42	42.14	-0.91	-36.45
2025-01-09T05:13:00	-2438.41	52.72	4336.29	42.04	-0.91	-36.25
2025-01-09T05:13:02	-2445.12	53.19	4338.15	41.94	-0.91	-36.04
2025-01-09T05:13:04	-2451.82	53.66	4340.02	41.84	-0.92	-35.84
2025-01-09T05:13:06	-2458.53	54.13	4341.88	41.74	-0.92	-35.63
2025-01-09T05:13:08	-2465.23	54.60	4343.73	41.64	-0.92	-35.43
2025-01-09T05:13:10	-2471.94	55.07	4345.58	41.54	-0.93	-35.23
2025-01-09T05:13:12	-2478.64	55.53	4347.43	41.44	-0.93	-35.03
2025-01-09T05:13:14	-2485.34	56.00	4349.28	41.34	-0.93	-34.83
2025-01-09T05:13:16	-2492.03	56.47	4351.13	41.25	-0.93	-34.63
2025-01-09T05:13:18	-2498.73	56.94	4352.96	41.15	-0.94	-34.43
2025-01-09T05:13:20	-2505.42	57.41	4354.80	41.05	-0.94	-34.24
2025-01-09T05:13:22	-2512.12	57.88	4356.64	40.95	-0.94	-34.04
2025-01-09T05:13:24	-2518.81	58.35	4358.47	40.85	-0.95	-33.85
2025-01-09T05:13:26	-2525.50	58.82	4360.29	40.75	-0.95	-33.66
2025-01-09T05:13:28	-2532.18	59.28	4362.12	40.66	-0.95	-33.46
2025-01-09T05:13:30	-2538.87	59.75	4363.94	40.56	-0.95	-33.27
2025-01-09T05:13:32	-2545.55	60.22	4365.76	40.46	-0.96	-33.09
2025-01-09T05:13:34	-2552.23	60.69	4367.58	40.36	-0.96	-32.90
2025-01-09T05:13:36	-2558.91	61.16	4369.39	40.26	-0.96	-32.71
2025-01-09T05:13:38	-2565.59	61.63	4371.20	40.17	-0.96	-32.52
2025-01-09T05:13:40	-2572.27	62.10	4373.01	40.07	-0.97	-32.34
2025-01-09T05:13:42	-2578.94	62.57	4374.82	39.97	-0.97	-32.16
2025-01-09T05:13:44	-2585.62	63.03	4376.62	39.87	-0.97	-31.97
2025-01-09T05:13:46	-2592.29	63.50	4378.42	39.78	-0.97	-31.79
2025-01-09T05:13:48	-2598.96	63.97	4380.21	39.68	-0.98	-31.61
2025-01-09T05:13:50	-2605.62	64.44	4382.01	39.58	-0.98	-31.43
2025-01-09T05:13:52	-2612.29	64.91	4383.79	39.48	-0.98	-31.25
2025-01-09T05:13:54	-2618.96	65.38	4385.58	39.39	-0.98	-31.08
2025-01-09T05:13:56	-2625.62	65.85	4387.37	39.29	-0.99	-30.90
2025-01-09T05:13:58	-2632.28	66.31	4389.15	39.19	-0.99	-30.72
2025-01-09T05:14:00	-2638.94	66.78	4390.92	39.10	-0.99	-30.55
2025-01-09T05:14:02	-2645.60	67.25	4392.70	39.00	-0.99	-30.38
2025-01-09T05:14:04	-2652.25	67.72	4394.47	38.91	-0.99	-30.20
2025-01-09T05:14:06	-2658.91	68.19	4396.24	38.81	-1.00	-30.03
2025-01-09T05:14:08	-2665.56	68.65	4398.01	38.71	-1.00	-29.86
2025-01-09T05:14:10	-2672.21	69.12	4399.77	38.62	-1.00	-29.69
2025-01-09T05:14:12	-2678.86	69.59	4401.54	38.52	-1.00	-29.52
2025-01-09T05:14:14	-2685.51	70.06	4403.29	38.43	-1.00	-29.36
2025-01-09T05:14:16	-2692.15	70.53	4405.05	38.33	-1.00	-29.19
2025-01-09T05:14:18	-2698.79	70.99	4406.80	38.23	-1.01	-29.02
2025-01-09T05:14:20	-2705.44	71.46	4408.55	38.14	-1.01	-28.86
2025-01-09T05:14:22	-2712.08	71.93	4410.30	38.04	-1.01	-28.69
2025-01-09T05:14:24	-2718.72	72.40	4412.04	37.95	-1.01	-28.53
2025-01-09T05:14:26	-2725.35	72.87	4413.78	37.85	-1.01	-28.37
2025-01-09T05:14:28	-2731.99	73.33	4415.52	37.76	-1.01	-28.21
2025-01-09T05:14:30	-2738.62	73.80	4417.26	37.66	-1.02	-28.05
2025-01-09T05:14:32	-2745.25	74.27	4418.99	37.57	-1.02	-27.89
2025-01-09T05:14:34	-2751.88	74.74	4420.72	37.48	-1.02	-27.73
2025-01-09T05:14:36	-2758.51	75.21	4422.45	37.38	-1.02	-27.57
2025-01-09T05:14:38	-2765.14	75.67	4424.17	37.29	-1.02	-27.42
2025-01-09T05:14:40	-2771.76	76.14	4425.90	37.19	-1.02	-27.26
2025-01-09T05:14:42	-2778.38	76.61	4427.62	37.10	-1.02	-27.11
2025-01-09T05:14:44	-2785.00	77.08	4429.33	37.01	-1.02	-26.95
2025-01-09T05:14:46	-2791.63	77.54	4431.05	36.91	-1.03	-26.80
2025-01-09T05:14:48	-2798.24	78.01	4432.76	36.82	-1.03	-26.65
2025-01-09T05:14:50	-2804.86	78.48	4434.47	36.73	-1.03	-26.50
2025-01-09T05:14:52	-2811.47	78.95	4436.17	36.63	-1.03	-26.35
2025-01-09T05:14:54	-2818.09	79.41	4437.88	36.54	-1.03	-26.20
2025-01-09T05:14:56	-2824.70	79.88	4439.58	36.45	-1.03	-26.05
2025-01-09T05:14:58	-2831.31	80.35	4441.27	36.36	-1.03	-25.90
2025-01-09T05:15:00	-2837.92	80.82	4442.97	36.26	-1.03	-25.75
2025-01-09T05:15:02	-2844.52	81.28	4444.66	36.17	-1.03	-25.61
2025-01-09T05:15:04	-2851.13	81.75	4446.35	36.08	-1.03	-25.46
2025-01-09T05:15:06	-2857.73	82.22	4448.04	35.99	-1.04	-25.32
2025-01-09T05:15:08	-2864.33	82.69	4449.72	35.90	-1.04	-25.18
2025-01-09T05:15:10	-2870.93	83.15	4451.40	35.81	-1.04	-25.03
2025-01-09T05:15:12	-2877.52	83.62	4453.08	35.71	-1.04	-24.89
2025-01-09T05:15:14	-2884.12	84.09	4454.76	35.62	-1.04	-24.75
2025-01-09T05:15:16	-2890.71	84.56	4456.43	35.53	-1.04	-24.61
2025-01-09T05:15:18	-2897.30	85.02	4458.10	35.44	-1.04	-24.47
2025-01-09T05:15:20	-2903.90	85.49	4459.77	35.35	-1.04	-24.33
2025-01-09T05:15:22	-2910.49	85.96	4461.44	35.26	-1.04	-24.19
2025-01-09T05:15:24	-2917.07	86.42	4463.10	35.17	-1.04	-24.06
2025-01-09T05:15:26	-2923.66	86.89	4464.76	35.08	-1.04	-23.92
2025-01-09T05:15:28	-2930.24	87.36	4466.42	34.99	-1.04	-23.79
2025-01-09T05:15:30	-2936.83	87.82	4468.08	34.90	-1.04	-23.65
2025-01-09T05:15:32	-2943.40	88.29	4469.73	34.81	-1.04	-23.52
2025-01-09T05:15:34	-2949.98	88.76	4471.38	34.72	-1.04	-23.38
2025-01-09T05:15:36	-2956.56	89.22	4473.03	34.63	-1.05	-23.25
2025-01-09T05:15:38	-2963.14	89.69	4474.67	34.54	-1.05	-23.12
2025-01-09T05:15:40	-2969.71	90.16	4476.32	34.45	-1.05	-22.99
2025-01-09T05:15:42	-2976.28	90.62	4477.96	34.36	-1.05	-22.86
2025-01-09T05:15:44	-2982.85	91.09	4479.60	34.28	-1.05	-22.73
2025-01-09T05:15:46	-2989.42	91.56	4481.23	34.19	-1.05	-22.60
2025-01-09T05:15:48	-2995.99	92.02	4482.86	34.10	-1.05	-22.47
2025-01-09T05:15:50	-3002.55	92.49	4484.49	34.01	-1.05	-22.34
2025-01-09T05:15:52	-3009.12	92.96	4486.12	33.92	-1.05	-22.22
2025-01-09T05:15:54	-3015.68	93.42	4487.75	33.84	-1.05	-22.09
2025-01-09T05:15:56	-3022.24	93.89	4489.37	33.75	-1.05	-21.97
2025-01-09T05:15:58	-3028.80	94.35	4490.99	33.66	-1.05	-21.84
2025-01-09T05:16:00	-3035.36	94.82	4492.61	33.57	-1.05	-21.72
2025-01-09T05:16:02	-3041.91	95.29	4494.22	33.49	-1.05	-21.60
2025-01-09T05:16:04	-3048.46	95.76	4495.84	33.40	-1.05	-21.47
2025-01-09T05:16:06	-3055.01	96.22	4497.44	33.31	-1.05	-21.35
